mach
2
job_rate
5
weight
[0 4 7 2 6 6 1 7 1 4 3]
proc_time
[[  0  94 125 148 104  98  52 129 137  70  58]
 [  0  57  92 127  63 116 146  72 123 134  50]]
setup_time
[[[0 2 2 0 0 0 2 3 0 3 2]
  [0 0 1 2 4 4 0 3 4 4 4]
  [0 3 0 0 0 2 0 3 1 3 3]
  [0 1 4 0 1 1 2 1 4 2 3]
  [0 1 0 4 0 3 3 2 1 3 1]
  [0 0 2 1 3 0 2 1 1 1 4]
  [0 3 1 2 1 0 0 1 1 2 1]
  [0 1 3 1 2 1 4 0 2 1 2]
  [0 4 0 4 4 1 0 3 0 3 2]
  [0 2 2 2 0 1 4 3 2 0 0]
  [0 1 4 0 0 2 0 4 4 2 0]]

 [[0 1 1 4 3 0 1 0 0 4 3]
  [0 0 2 1 1 4 2 1 3 1 1]
  [0 3 0 0 0 2 4 1 4 1 2]
  [0 3 1 0 0 4 0 0 2 1 1]
  [0 2 2 1 0 1 0 1 4 3 4]
  [0 1 2 4 2 0 2 0 4 1 0]
  [0 1 0 2 3 3 0 0 1 4 0]
  [0 2 3 4 1 0 2 0 0 0 3]
  [0 1 2 3 0 0 4 4 0 4 0]
  [0 0 4 0 3 2 1 2 3 0 3]
  [0 1 2 3 4 1 1 0 4 1 0]]]
release_time
[  0   3   0   1   5  15   0  14   5 170   0]
due_date
[  0   3 121  18  13  49   2  50  47 348   0]
unit_emission
[ 9 18]
emission_limit
9806.4
setup_severity
0.02
due_tight
0.9
due_range
1.0
release_tight
10
degree_constr
0.2
