param: 
proc_time: (1, 100)
setup_rate: 1.0
setup_time: (30, 60)
delivery_time: (170, 200)

mach
5
job_rate
10
fam
8
setup_rate
1.0
proc_time
[[  0  56  51  51  60  53  42  33  85  92  27  32  19  43  23  81  81  66
   23   4  82  21  18  64  22  72  76  95  28  76  34  10  15  28  75  57
   99   7  36  18  53  87  86  19  51  99  93  30  35   4  49]
 [  0  60  12  30  23  18  76  19  88  47  40  93  62   9 100  56  92  41
   43  82  60  27  40  14   7  77   1  20  81  86  32  88  64  27  94  14
   13  56  70  72  51   3  17  88  45  47   9  64  45  38  36]
 [  0  47  88  64  10  46  23  97   7  39  92   8  36  48  61  57  18  28
    7  22  70  82  92  78  92  13  74  49  17  85  88  33  54  43  95   4
   79  71   9  90  92  80  94   6  26  64  31  63  32  69  97]
 [  0 100  26  43  40  97  52  40  55  28  67  65  68  89   9  33  70  93
   65  46  31  27  63  72  90  26  99  67  79 100  44   5  95   5   9  88
   71   6  53  99  37  28  68  18  80  29  61  33  79  59  27]
 [  0  84  46  23  38  10  67  61  84  77  14  90  88  62  87  17  20   3
   13  39  53  62  53  68  16  58  73  89  79  78  37  85  71   2   6  88
   82  17   4  22  94  77  94  54  61  57  91  11  68  87  65]]
setup_time
[[[ 0 59 45 51 53 31 46 34 36]
  [ 0  0 30 30 48 54 42 39 44]
  [ 0 43  0 49 31 37 57 33 42]
  [ 0 45 40  0 32 34 53 38 56]
  [ 0 37 31 49  0 37 51 39 43]
  [ 0 38 50 50 54  0 51 43 55]
  [ 0 59 35 46 38 42  0 48 54]
  [ 0 51 52 55 42 37 36  0 58]
  [ 0 49 52 40 44 60 59 32  0]]

 [[ 0 33 53 55 51 38 30 60 33]
  [ 0  0 33 37 35 55 55 59 43]
  [ 0 38  0 43 41 31 56 40 55]
  [ 0 42 53  0 33 51 50 33 58]
  [ 0 42 58 39  0 54 38 52 34]
  [ 0 33 51 47 55  0 50 30 32]
  [ 0 34 57 47 41 50  0 32 55]
  [ 0 38 52 56 55 60 35  0 43]
  [ 0 32 48 60 41 37 53 48  0]]

 [[ 0 33 52 31 57 47 35 54 31]
  [ 0  0 32 44 36 46 49 51 60]
  [ 0 43  0 36 34 41 37 35 49]
  [ 0 37 55  0 40 46 30 35 33]
  [ 0 38 42 53  0 36 56 53 46]
  [ 0 43 49 59 30  0 30 57 35]
  [ 0 52 50 37 49 46  0 54 56]
  [ 0 30 54 56 45 41 44  0 57]
  [ 0 37 43 34 58 48 33 32  0]]

 [[ 0 47 40 56 41 41 56 36 45]
  [ 0  0 37 53 33 32 42 30 42]
  [ 0 44  0 51 48 48 59 31 57]
  [ 0 49 34  0 60 54 41 31 60]
  [ 0 47 56 60  0 45 57 50 51]
  [ 0 48 31 32 55  0 44 45 39]
  [ 0 49 33 40 60 57  0 41 34]
  [ 0 34 30 43 45 35 55  0 35]
  [ 0 57 58 44 34 50 54 53  0]]

 [[ 0 46 33 42 39 43 54 32 36]
  [ 0  0 45 57 34 31 52 34 31]
  [ 0 49  0 57 37 40 37 47 49]
  [ 0 51 50  0 56 39 39 41 32]
  [ 0 54 57 30  0 56 51 41 34]
  [ 0 50 39 46 45  0 31 60 39]
  [ 0 57 43 46 60 53  0 52 38]
  [ 0 41 51 30 48 44 32  0 45]
  [ 0 48 32 36 30 49 58 47  0]]]
delivery_time
[[  0 186 193 179 181 196 193 178 178 176 183 198 182 176 178 194 170 192
  197 187 184 195 173 198 189 174 178 170 185 194 187 183 171 188 197 176
  184 184 170 199 183 196 170 200 172 182 185 197 173 183 180]
 [  0 178 198 187 170 178 193 171 188 187 181 200 182 172 185 173 197 186
  182 180 200 190 183 178 174 191 177 189 195 174 182 185 200 196 194 197
  194 191 184 184 189 191 188 177 175 172 186 189 199 193 187]
 [  0 178 200 192 172 181 187 200 177 194 191 184 180 200 189 197 180 200
  192 186 198 187 172 191 185 173 184 184 189 174 191 184 189 195 198 180
  183 172 180 190 173 176 194 183 181 190 184 185 173 172 184]
 [  0 192 179 188 189 180 190 186 172 196 173 183 184 190 178 194 196 187
  186 187 178 187 177 194 184 189 196 199 192 184 179 173 190 192 177 189
  192 186 199 190 195 199 180 199 197 196 197 171 175 197 182]
 [  0 192 173 176 190 177 175 183 170 194 193 191 191 188 184 180 177 192
  170 182 183 182 183 187 197 197 179 170 180 190 183 192 181 193 182 173
  185 187 172 194 186 182 191 181 183 192 181 171 196 177 183]]
job2fam
[[1 0 0 0 0 0 0 0 0 0 0 0 0 0 0 0 0 0 0 0 0 0 0 0 0 0 0 0 0 0 0 0 0 0 0 0
  0 0 0 0 0 0 0 0 0 0 0 0 0 0 0]
 [0 1 0 0 1 0 1 0 0 0 0 0 0 1 0 0 0 0 1 0 0 0 0 0 0 0 0 0 0 0 0 0 0 0 1 0
  0 0 1 0 0 0 0 0 0 0 0 0 0 1 0]
 [0 0 0 0 0 0 0 0 0 0 0 0 0 0 0 1 1 0 0 0 0 1 1 0 0 0 1 0 0 0 0 1 0 0 0 0
  0 0 0 0 0 0 0 0 0 0 1 0 0 0 0]
 [0 0 0 1 0 0 0 0 0 0 0 0 0 0 0 0 0 0 0 0 0 0 0 1 0 0 0 0 0 0 0 0 1 0 0 0
  0 0 0 0 0 0 0 1 0 0 0 0 1 0 0]
 [0 0 1 0 0 0 0 0 1 0 0 0 0 0 0 0 0 0 0 0 1 0 0 0 0 0 0 1 0 0 0 0 0 0 0 0
  0 0 0 0 1 1 0 0 0 0 0 1 0 0 0]
 [0 0 0 0 0 0 0 0 0 0 0 1 0 0 0 0 0 0 0 0 0 0 0 0 0 0 0 0 0 0 0 0 0 1 0 0
  1 1 0 0 0 0 1 0 0 0 0 0 0 0 1]
 [0 0 0 0 0 1 0 0 0 0 0 0 0 0 0 0 0 1 0 0 0 0 0 0 0 0 0 0 1 1 1 0 0 0 0 0
  0 0 0 1 0 0 0 0 1 0 0 0 0 0 0]
 [0 0 0 0 0 0 0 0 0 0 0 0 1 0 1 0 0 0 0 1 0 0 0 0 1 0 0 0 0 0 0 0 0 0 0 0
  0 0 0 0 0 0 0 0 0 1 0 0 0 0 0]
 [0 0 0 0 0 0 0 1 0 1 1 0 0 0 0 0 0 0 0 0 0 0 0 0 0 1 0 0 0 0 0 0 0 0 0 1
  0 0 0 0 0 0 0 0 0 0 0 0 0 0 0]]
unit_cost
[23 28 22 24 23]
pre_factor
2.0
