mach
5
job_rate
8
weight
[ 0  4  8  6  6  4  1  3 10  9  8  3  2  7 10  2  6  5  2  8 10  2  6  2
  9  4  7  6  9  8  2  7  3  7  4  9  3 10  3  4  9]
proc_time
[[  0 101  68  85 147  98 142 127  80 126  77 115 124 100  99 104 136 111
  144  82  77 130  91 130  64 110  51  87  89 106 141  74  92 102 142  67
   88 123  68 141  83]
 [  0 131 134 122  73 150  81  87 113  99 134 111 142  74  88  87 138  83
  103 107  60  60  84 127  89 124 143  91  62 101 136  71 144  69 149 136
   78  79 150 116  84]
 [  0  95  69 108  56 128  59 128 145 150  76  77 128 133 141 132 126  52
  107  50 103 115  54  58  60 145  61 125  95 145 126  62 139  73 130 131
   86  54  62  60 119]
 [  0 127 134 122  97  79 105  79 109 131  99 150 136  80  51 118 100  79
  112  58 139 111 117  85 122  61  58 123  80 141  86  53  90  59 148 133
  140  81 127  78  90]
 [  0  71 131 116 139  78 144 105  75  84  74 139 120  56 121 136  53 146
   91 114 142  52 148  55 132 134 126 142 148  80  65 127  72 142  55 133
  146  53  52  90  61]]
setup_time
[[[0 3 0 2 4 1 3 4 2 4 5 1 3 3 4 3 5 4 0 0 3 3 2 5 4 1 1 4 4 2 0 3 3 5 1
   3 1 4 2 5 0]
  [0 0 2 3 3 2 2 0 1 5 4 2 2 3 1 0 2 4 4 0 0 0 3 4 3 5 1 3 0 2 0 0 4 2 0
   0 1 5 5 4 0]
  [0 0 0 5 0 0 0 4 1 4 3 1 0 0 0 3 3 2 3 3 0 4 0 3 4 4 5 0 4 5 3 3 2 5 4
   2 5 1 2 5 5]
  [0 2 1 0 4 5 0 1 0 3 1 3 2 2 5 3 4 0 3 0 4 3 1 2 2 2 2 4 5 2 5 5 3 2 2
   3 3 4 3 5 4]
  [0 4 0 4 0 5 0 0 4 2 3 5 0 0 5 1 0 4 2 1 0 3 1 0 5 5 5 0 2 2 4 3 2 5 0
   0 5 2 1 5 3]
  [0 0 0 5 5 0 2 3 5 3 4 1 3 4 4 2 3 2 1 5 3 0 4 4 1 2 5 5 5 1 3 0 4 0 2
   2 5 5 2 1 3]
  [0 2 1 5 3 0 0 1 2 2 4 2 0 4 1 5 1 5 2 1 3 0 4 1 4 2 2 5 1 4 5 4 1 1 5
   4 4 4 0 2 1]
  [0 2 5 1 3 3 5 0 2 5 4 3 1 4 0 1 3 5 0 1 5 0 4 0 1 5 3 0 5 2 3 5 4 1 4
   3 1 1 5 3 2]
  [0 0 1 3 4 3 1 0 0 3 4 3 2 1 2 2 3 0 1 1 1 1 1 5 2 3 1 3 2 3 2 5 1 2 4
   4 5 4 0 5 2]
  [0 2 1 4 1 2 2 4 3 0 5 3 1 1 2 4 5 5 2 2 0 0 0 5 1 2 1 3 3 3 2 4 5 2 5
   3 4 4 5 0 5]
  [0 1 1 1 5 4 5 4 4 4 0 5 0 1 4 5 1 3 5 2 2 4 0 1 0 0 3 2 5 0 1 3 0 0 3
   2 2 2 5 4 2]
  [0 0 2 3 3 3 2 5 3 4 4 0 4 2 2 0 5 4 5 5 1 4 3 0 3 0 0 4 2 1 3 5 5 4 0
   0 1 3 5 5 2]
  [0 2 4 5 0 2 0 1 3 1 5 0 0 3 5 1 1 5 1 2 3 2 2 4 5 2 2 4 5 1 5 4 1 2 2
   3 2 1 2 0 2]
  [0 5 2 0 5 1 1 2 5 0 3 5 2 0 5 5 1 3 1 0 4 5 5 0 4 4 0 2 1 2 3 4 1 3 2
   2 4 5 0 5 0]
  [0 2 5 5 5 2 5 0 5 1 3 3 3 4 0 0 5 1 4 2 1 0 0 2 5 2 3 5 2 1 2 2 3 4 0
   2 5 5 3 3 3]
  [0 3 0 5 5 5 3 2 0 5 0 4 5 3 4 0 0 2 1 5 3 2 3 1 0 3 1 5 2 0 2 1 5 3 1
   5 2 2 1 5 1]
  [0 0 2 2 0 0 1 4 2 4 3 1 1 5 2 3 0 0 1 2 5 1 3 3 0 0 3 2 3 4 4 1 0 5 0
   2 4 1 1 5 2]
  [0 3 5 3 4 3 5 0 1 0 0 2 3 1 3 3 3 0 5 1 3 0 1 1 5 1 2 2 1 4 4 1 4 1 1
   0 0 1 4 5 3]
  [0 4 5 0 1 0 5 3 1 2 3 0 0 2 4 1 1 1 0 3 2 5 5 5 2 3 5 4 1 2 1 4 1 0 3
   2 5 3 1 4 3]
  [0 1 2 2 1 1 3 0 1 4 2 2 2 3 5 2 2 3 2 0 3 0 0 2 1 3 3 1 0 1 3 4 4 5 0
   0 3 5 3 3 5]
  [0 0 1 5 4 5 3 3 0 2 2 4 2 5 5 0 4 4 3 4 0 3 3 5 4 2 5 5 2 0 3 5 0 4 1
   3 0 1 3 0 1]
  [0 0 3 5 3 0 2 5 1 5 4 4 2 1 1 5 0 2 1 1 1 0 4 3 1 2 1 0 2 5 5 0 1 1 4
   2 0 3 2 1 3]
  [0 3 0 0 2 4 0 5 5 4 4 1 5 3 1 2 0 0 4 4 5 0 0 5 0 2 2 0 2 0 2 2 1 4 5
   5 5 2 0 0 2]
  [0 5 3 0 0 0 0 2 3 2 5 2 5 0 5 1 4 1 3 1 0 2 3 0 4 1 0 1 1 1 0 0 0 3 2
   4 3 2 3 1 1]
  [0 3 0 0 1 0 2 5 2 3 0 4 1 0 2 4 4 5 4 3 1 5 3 5 0 5 2 3 0 2 0 4 4 4 3
   1 3 2 1 4 1]
  [0 4 3 1 0 2 5 4 5 1 4 0 2 5 5 5 0 3 3 3 1 1 0 1 0 0 0 1 4 0 4 5 4 4 2
   4 5 2 1 1 0]
  [0 0 5 3 5 5 2 2 5 0 0 4 3 1 4 4 0 2 2 1 3 0 0 1 1 1 0 1 1 5 3 3 1 4 0
   2 0 3 0 0 5]
  [0 2 4 4 4 4 2 5 4 4 0 5 1 5 5 1 4 5 0 0 5 5 1 4 1 5 1 0 5 4 5 1 1 5 2
   5 1 1 1 3 3]
  [0 2 0 0 3 4 2 5 3 4 2 0 2 0 5 2 3 1 2 3 3 2 2 2 4 1 3 1 0 3 2 3 3 1 1
   2 0 4 0 1 2]
  [0 3 3 5 1 3 3 1 2 0 2 3 0 3 5 2 3 2 3 1 1 1 2 0 3 1 2 3 4 0 3 4 1 2 0
   3 3 2 5 1 5]
  [0 3 1 1 4 2 4 4 0 3 0 0 5 0 5 1 1 5 4 0 3 0 4 2 2 0 1 4 5 2 0 3 0 2 1
   1 3 3 1 2 4]
  [0 2 2 4 5 2 1 0 5 0 2 2 0 5 5 3 3 0 3 2 4 3 3 1 3 1 2 3 1 5 5 0 5 3 4
   4 2 2 0 0 4]
  [0 4 4 3 3 2 2 3 1 5 0 4 2 1 3 3 5 1 0 5 5 4 2 4 0 0 5 4 1 0 2 1 0 5 5
   1 5 2 0 5 1]
  [0 5 0 4 1 3 5 2 5 4 4 1 0 1 2 2 5 0 1 2 5 4 1 0 0 0 2 1 0 5 5 1 0 0 3
   1 5 0 0 1 3]
  [0 5 5 1 3 4 4 3 4 2 4 4 3 2 1 1 2 4 5 1 3 4 3 4 3 4 4 3 5 2 2 3 2 0 0
   0 1 0 5 3 0]
  [0 3 2 5 2 2 1 1 2 4 4 3 1 1 3 1 2 1 2 4 2 5 3 0 1 1 4 2 1 0 3 5 1 3 3
   0 5 5 1 4 0]
  [0 5 3 0 3 0 5 5 5 4 4 4 5 2 5 1 1 3 5 5 3 5 1 2 3 2 5 4 4 5 0 5 3 5 0
   0 0 4 0 1 5]
  [0 2 4 5 1 1 3 4 0 5 1 0 2 3 0 4 2 5 2 3 3 0 3 1 5 5 4 2 1 4 2 4 5 2 1
   3 3 0 1 5 2]
  [0 0 5 1 5 0 1 5 1 4 2 1 4 2 1 5 2 1 1 3 3 5 3 4 2 2 2 2 5 0 5 5 2 5 0
   3 1 3 0 2 2]
  [0 4 5 5 3 0 5 5 1 2 5 4 1 5 5 5 5 0 0 4 5 3 1 3 4 0 5 3 3 0 0 4 5 5 0
   5 3 2 2 0 1]
  [0 5 4 3 2 2 3 3 0 3 5 1 5 1 0 2 0 5 0 1 0 3 5 0 4 0 0 1 4 2 1 1 2 5 5
   5 5 4 0 5 0]]

 [[0 0 0 5 2 4 3 5 5 2 4 1 1 2 1 1 5 2 4 0 5 1 1 4 4 0 3 2 0 4 2 4 3 0 5
   5 1 2 3 5 0]
  [0 0 2 0 1 3 0 5 0 4 5 2 5 0 3 5 3 0 3 4 1 1 4 5 2 1 2 1 0 0 4 4 4 0 2
   5 2 3 5 1 1]
  [0 4 0 0 3 3 0 5 0 1 5 3 5 4 0 5 0 2 2 2 3 1 5 5 4 2 4 2 0 2 1 0 1 0 3
   0 5 2 4 4 2]
  [0 0 4 0 5 2 1 0 3 3 5 1 3 1 1 0 2 5 1 1 1 0 2 1 1 2 1 1 4 3 0 1 4 5 0
   0 5 5 2 4 5]
  [0 4 4 1 0 0 0 5 3 4 1 5 4 4 3 4 0 4 0 2 1 0 3 2 1 4 2 4 4 2 5 4 3 2 4
   3 1 0 1 3 4]
  [0 3 0 4 5 0 2 4 2 0 4 3 0 0 3 2 0 2 4 4 2 3 0 0 3 4 1 0 2 4 0 5 3 3 2
   3 1 3 0 5 3]
  [0 2 3 5 1 4 0 3 4 0 4 4 2 2 3 2 5 5 5 3 5 2 3 3 3 1 4 4 3 5 2 5 0 4 4
   4 1 5 0 4 1]
  [0 3 4 5 2 0 2 0 5 4 1 0 2 5 0 5 5 4 0 2 0 4 0 5 4 2 3 1 3 3 4 0 3 2 1
   5 0 0 3 0 0]
  [0 0 5 5 2 3 5 5 0 0 0 1 0 1 5 1 3 5 1 1 0 2 1 0 3 5 2 4 2 2 3 0 0 4 0
   2 2 2 5 1 3]
  [0 1 1 4 1 1 0 1 4 0 1 0 3 2 1 2 2 3 0 5 5 5 0 2 0 2 5 4 4 4 1 1 5 4 5
   5 0 2 0 0 2]
  [0 2 1 2 4 0 1 3 5 4 0 1 5 5 1 5 3 5 4 4 1 0 5 2 1 1 1 4 1 2 4 1 5 3 5
   4 4 4 3 2 4]
  [0 5 4 5 3 5 2 1 2 3 2 0 3 3 3 0 0 4 2 3 5 5 3 4 1 2 1 5 0 4 5 0 4 4 1
   3 0 4 2 3 2]
  [0 0 4 2 5 2 4 5 3 0 4 3 0 1 0 2 2 4 0 0 0 3 1 2 5 1 1 1 1 5 1 4 0 0 4
   4 2 5 1 0 0]
  [0 5 0 1 3 1 1 5 3 3 2 2 1 0 1 4 0 0 3 2 4 2 0 3 4 2 5 5 3 4 2 4 1 2 0
   0 1 0 5 4 4]
  [0 2 4 5 2 3 0 1 3 4 0 2 2 0 0 2 0 1 5 2 0 2 2 0 1 1 0 2 0 0 1 5 1 5 3
   5 3 3 1 1 0]
  [0 0 3 4 0 4 2 5 2 1 3 4 3 1 1 0 5 4 5 0 5 3 4 2 2 2 3 2 0 0 2 4 3 4 2
   3 3 3 3 5 1]
  [0 3 1 3 1 3 0 4 4 4 0 2 1 1 2 0 0 5 5 4 1 2 1 3 5 4 1 1 4 3 4 0 5 0 4
   1 1 4 2 1 3]
  [0 2 2 0 3 3 0 2 1 4 3 0 5 0 3 0 4 0 4 5 5 4 3 0 1 0 1 4 3 0 2 0 3 5 0
   1 1 5 5 5 4]
  [0 1 5 0 0 3 1 0 0 0 5 3 2 3 5 3 1 4 0 3 3 0 4 0 0 1 0 4 2 3 4 2 3 3 4
   4 5 4 3 0 2]
  [0 0 2 0 2 3 0 2 4 3 5 0 4 5 1 1 3 1 4 0 4 4 1 0 2 4 0 5 0 3 2 5 2 4 1
   5 0 0 3 1 5]
  [0 2 5 5 4 5 0 0 1 5 2 5 4 3 2 2 0 0 1 2 0 0 2 2 3 1 5 4 3 0 0 4 2 0 3
   3 5 1 0 5 4]
  [0 4 2 1 0 1 5 4 4 1 5 5 1 5 5 0 3 2 5 0 5 0 0 1 3 1 2 4 5 5 5 0 4 3 5
   1 2 1 2 4 3]
  [0 2 2 3 1 4 1 4 0 0 1 2 0 4 5 0 3 5 0 3 2 2 0 2 2 3 0 0 4 2 2 5 4 5 0
   4 5 1 1 0 4]
  [0 5 0 2 5 0 3 2 1 0 3 1 0 4 3 3 2 5 2 1 5 0 2 0 4 2 3 2 3 0 2 5 5 3 4
   0 1 0 5 3 0]
  [0 3 0 3 1 1 0 4 1 0 2 5 0 5 1 3 4 2 0 4 5 5 3 0 0 4 4 5 2 4 0 1 0 3 0
   2 3 4 0 1 5]
  [0 3 0 0 4 5 5 5 4 2 2 1 1 2 5 0 2 0 2 4 3 1 2 4 0 0 5 1 2 2 0 5 0 5 3
   5 1 3 4 0 4]
  [0 4 2 3 4 1 5 5 3 3 2 0 1 1 0 0 4 0 3 0 4 0 5 2 4 5 0 2 2 2 4 5 5 0 0
   0 2 3 0 5 4]
  [0 5 2 4 0 0 3 2 0 2 2 5 4 2 1 2 0 0 0 4 0 5 0 1 1 5 0 0 0 3 4 5 5 3 1
   3 5 0 1 5 1]
  [0 2 0 1 5 4 1 5 1 1 5 4 4 2 1 1 3 2 1 2 3 4 1 1 1 5 5 5 0 3 3 0 5 0 2
   4 4 4 0 3 2]
  [0 2 0 2 3 4 1 3 1 2 0 0 1 5 3 1 0 5 4 2 0 1 5 3 4 1 4 0 2 0 1 4 3 2 3
   1 5 0 0 1 5]
  [0 2 2 4 0 0 5 0 2 2 2 0 2 0 5 0 3 1 1 5 5 0 5 5 0 1 2 4 0 2 0 4 5 4 3
   4 0 0 0 2 0]
  [0 5 3 5 1 2 2 0 5 5 4 5 5 1 3 2 4 0 5 2 4 1 5 3 5 1 5 5 5 0 5 0 0 1 5
   2 5 4 2 5 5]
  [0 2 3 0 0 1 1 2 3 0 3 3 0 0 0 1 4 2 4 0 5 4 3 3 0 5 2 3 0 4 0 4 0 4 3
   5 0 0 4 4 1]
  [0 2 1 3 5 4 5 0 4 3 1 1 4 0 1 0 3 2 4 3 2 4 2 4 1 1 1 0 0 5 5 5 2 0 2
   1 4 2 5 2 0]
  [0 2 4 2 4 5 2 4 5 2 2 2 0 4 3 5 5 1 4 0 1 3 5 1 1 2 3 1 2 2 2 4 1 2 0
   1 0 0 0 0 0]
  [0 3 3 3 4 2 3 0 0 5 2 3 3 4 1 5 0 0 3 2 5 1 4 5 4 2 4 3 4 4 2 3 1 4 5
   0 3 0 3 2 2]
  [0 1 4 4 1 3 2 0 0 2 3 4 5 3 4 1 0 4 4 0 0 4 5 0 5 2 1 4 1 1 5 2 4 1 4
   1 0 2 0 5 2]
  [0 1 5 3 2 1 1 1 1 4 0 3 0 0 3 4 0 4 0 0 5 4 3 3 0 1 2 2 1 0 0 4 1 4 4
   3 4 0 5 5 1]
  [0 3 4 1 0 5 0 2 0 3 5 1 2 5 1 5 3 0 5 4 3 1 0 1 2 2 4 4 2 0 2 2 0 1 0
   5 5 2 0 3 2]
  [0 0 3 5 2 4 1 5 5 2 4 2 1 0 0 2 3 3 1 4 1 0 0 4 2 2 1 4 3 1 1 0 1 0 1
   1 5 4 2 0 0]
  [0 3 4 0 3 3 2 2 4 5 5 0 2 4 2 1 1 2 1 5 2 4 5 2 5 3 2 2 2 4 5 1 1 0 1
   0 2 4 1 3 0]]

 [[0 3 5 4 1 4 1 0 3 5 0 2 5 4 3 3 5 2 1 4 4 0 1 0 2 4 0 4 0 4 3 4 2 2 4
   5 4 5 3 1 4]
  [0 0 4 2 2 4 3 4 0 1 0 1 5 5 5 4 1 3 5 5 2 3 0 1 0 0 3 2 4 5 4 3 2 1 5
   2 1 0 3 1 5]
  [0 5 0 5 5 2 4 3 3 0 3 3 2 4 0 4 5 3 2 5 0 0 4 4 5 3 3 2 0 4 5 0 4 2 5
   2 0 2 0 1 1]
  [0 0 2 0 2 3 2 2 2 0 4 3 5 4 5 2 0 4 4 3 5 3 3 2 3 3 2 5 1 4 5 0 0 0 5
   5 1 2 3 5 4]
  [0 5 1 4 0 3 2 5 1 1 5 5 0 4 0 4 2 2 2 4 3 3 3 3 5 0 5 4 2 2 0 2 0 0 5
   1 5 1 3 4 3]
  [0 3 5 5 0 0 4 0 1 4 1 5 0 5 1 3 0 4 0 0 2 0 2 0 0 4 5 0 4 4 3 0 1 4 1
   5 4 0 1 1 2]
  [0 4 4 1 4 1 0 3 4 1 4 0 0 2 2 0 0 5 5 3 2 0 1 4 3 3 5 1 5 1 4 1 3 2 1
   4 4 4 4 1 3]
  [0 3 0 1 4 1 3 0 4 5 3 4 2 2 1 2 3 0 4 1 0 4 1 2 4 5 5 0 5 0 1 2 2 2 5
   1 2 2 5 2 3]
  [0 3 2 4 4 4 0 2 0 5 4 0 4 5 3 5 5 2 0 2 0 0 3 5 5 4 1 4 4 2 4 5 2 1 0
   1 2 5 1 3 0]
  [0 5 3 3 4 1 2 2 3 0 2 5 1 0 4 4 0 2 0 5 1 2 5 4 0 0 3 3 3 3 0 5 4 3 3
   2 2 4 0 0 5]
  [0 2 5 2 5 2 0 5 0 3 0 3 5 1 5 4 0 4 1 2 4 5 3 4 0 0 3 4 5 0 3 3 2 1 5
   2 2 0 2 2 4]
  [0 5 2 5 3 4 1 1 4 5 1 0 5 3 0 0 0 3 3 3 0 1 0 5 2 5 2 4 1 3 3 4 2 4 0
   0 5 2 4 2 1]
  [0 0 2 5 1 0 1 0 2 2 4 5 0 2 0 0 2 5 1 1 3 1 3 0 1 1 1 3 5 4 5 4 2 2 1
   4 1 1 4 0 5]
  [0 4 4 0 3 0 3 1 4 5 1 4 1 0 0 4 3 4 3 3 1 2 3 4 0 4 3 0 1 3 1 4 0 4 0
   5 0 5 5 0 1]
  [0 4 0 4 4 4 1 2 5 4 5 4 0 5 0 1 3 2 1 2 5 3 3 5 5 5 1 4 0 1 2 2 2 1 3
   0 5 0 1 5 4]
  [0 4 0 0 5 5 2 2 4 1 0 4 0 1 5 0 1 2 3 2 5 3 2 2 4 5 0 4 3 4 5 4 5 0 2
   2 3 1 3 0 3]
  [0 3 5 2 5 0 0 4 2 4 4 3 0 0 0 1 0 5 5 1 4 0 5 4 5 0 2 5 0 4 5 0 1 1 3
   1 5 2 0 2 1]
  [0 5 0 4 3 0 4 1 0 5 4 1 0 2 4 4 2 0 3 2 5 4 2 0 2 3 0 0 0 0 5 2 3 1 2
   4 3 4 4 1 5]
  [0 2 0 3 1 2 3 5 3 5 3 3 5 1 3 4 4 5 0 0 5 1 5 0 2 4 0 0 1 3 4 4 4 1 1
   0 0 0 0 2 3]
  [0 1 2 3 3 2 3 1 2 1 3 4 2 1 2 2 4 0 3 0 1 2 5 3 2 4 3 1 0 2 1 1 0 0 0
   5 0 1 3 5 5]
  [0 2 5 1 1 2 4 3 4 1 3 5 1 3 4 3 0 1 1 5 0 5 3 4 0 1 5 5 2 3 2 4 2 2 1
   1 2 2 5 1 5]
  [0 4 5 0 3 0 4 5 5 4 4 5 5 2 5 4 3 0 0 5 1 0 4 5 4 1 5 5 4 2 4 2 3 2 0
   4 4 1 5 4 5]
  [0 1 1 4 0 2 3 4 4 3 2 1 1 2 3 1 4 2 2 2 2 1 0 0 2 2 0 3 1 3 5 4 1 4 0
   4 1 1 5 5 2]
  [0 4 3 1 1 5 4 3 1 1 0 3 0 3 1 5 2 5 0 2 5 5 2 0 4 5 3 0 3 4 0 2 0 4 2
   2 0 5 4 3 4]
  [0 0 2 0 4 5 1 4 4 4 0 2 3 1 2 2 1 3 4 4 2 1 4 0 0 2 1 5 2 0 2 1 3 3 4
   3 2 1 3 0 3]
  [0 0 1 2 4 3 0 5 3 2 3 4 5 5 0 0 1 0 5 1 4 3 0 0 3 0 2 2 0 5 4 5 3 3 3
   2 5 2 2 0 5]
  [0 1 0 4 2 0 1 2 5 1 5 2 2 3 3 5 4 5 2 4 1 1 1 2 4 4 0 0 0 0 2 4 3 3 5
   3 5 5 0 0 1]
  [0 1 0 1 5 1 4 2 3 1 5 3 3 4 4 5 3 3 5 4 1 2 1 2 0 3 4 0 2 5 3 0 3 2 2
   4 5 2 4 0 4]
  [0 0 2 3 4 5 3 2 2 0 0 0 1 5 1 5 0 4 3 5 0 4 1 2 0 5 0 5 0 3 4 0 5 1 2
   3 3 1 0 3 5]
  [0 5 4 4 0 4 3 2 0 5 4 3 0 3 4 1 0 2 1 5 3 5 5 2 0 4 5 4 2 0 2 3 1 4 1
   2 2 5 2 5 1]
  [0 1 0 5 2 3 2 3 0 4 0 3 3 0 3 0 5 5 3 5 0 1 2 1 3 4 1 4 0 5 0 3 5 2 5
   1 1 0 3 3 4]
  [0 0 3 1 2 3 1 3 3 3 2 0 2 3 3 2 2 1 5 4 1 5 2 2 3 1 1 0 0 5 3 0 5 5 2
   0 5 0 2 0 2]
  [0 0 0 5 1 1 0 3 1 0 3 0 3 4 0 2 2 0 2 1 2 4 0 5 4 0 3 3 1 1 1 2 0 0 1
   1 3 5 4 2 1]
  [0 0 2 3 4 0 5 3 3 5 4 0 3 0 0 5 3 3 0 3 0 0 2 2 1 4 0 5 2 1 0 1 5 0 5
   4 5 3 3 0 5]
  [0 2 4 0 4 5 0 3 4 1 5 2 2 1 0 3 4 0 1 5 0 5 3 1 1 5 5 2 3 4 3 2 3 4 0
   3 4 3 3 0 3]
  [0 0 1 1 5 1 5 3 3 3 1 1 5 1 3 3 0 5 2 1 2 5 3 3 5 2 5 0 0 4 1 5 5 2 0
   0 0 3 3 0 3]
  [0 2 5 2 0 2 2 4 0 5 0 5 5 4 5 3 1 0 1 0 5 2 1 3 0 2 2 3 0 0 5 2 0 2 0
   1 0 5 0 1 2]
  [0 1 0 1 2 1 2 0 3 3 0 4 1 3 4 1 3 1 2 3 0 5 5 3 0 2 1 1 3 4 3 2 5 2 2
   0 4 0 3 1 1]
  [0 5 3 0 1 1 5 3 0 4 0 2 1 4 5 0 1 3 4 2 4 2 4 0 2 0 4 2 1 5 3 0 1 3 3
   1 5 3 0 2 4]
  [0 5 3 5 5 4 2 4 0 3 2 1 4 3 5 5 4 2 1 0 3 1 0 4 2 4 5 3 1 0 4 0 2 3 3
   3 5 3 5 0 2]
  [0 2 5 0 1 3 5 2 3 0 2 4 4 4 1 2 3 5 2 1 1 3 0 0 3 5 4 3 2 5 2 4 0 4 2
   3 4 1 5 4 0]]

 [[0 5 1 2 3 4 3 5 0 3 2 0 1 1 0 5 1 4 5 3 1 3 0 2 2 5 5 5 5 3 3 3 3 4 2
   1 4 5 5 0 0]
  [0 0 5 5 2 3 4 5 2 3 1 2 3 3 4 1 1 0 4 3 2 5 3 0 1 0 4 2 0 5 0 1 3 4 5
   4 1 1 4 0 3]
  [0 1 0 4 1 2 2 4 5 1 0 3 2 2 0 3 5 1 1 2 5 4 0 4 5 1 0 3 1 2 5 5 1 0 5
   5 0 1 1 2 2]
  [0 3 2 0 4 5 2 5 1 5 0 1 5 3 3 2 4 4 0 5 3 3 3 2 4 3 4 0 2 3 4 0 2 1 5
   2 4 3 4 1 3]
  [0 0 0 5 0 4 2 4 2 0 1 1 4 5 4 2 3 0 3 1 3 4 0 5 0 4 3 3 4 4 0 1 5 2 1
   2 1 5 0 2 1]
  [0 4 0 5 4 0 2 4 4 4 2 0 0 3 5 2 3 3 5 2 3 2 3 5 4 5 5 3 2 5 3 1 2 0 1
   0 2 4 2 4 3]
  [0 1 0 5 1 4 0 2 0 3 2 4 3 2 4 5 3 0 0 3 4 5 2 3 3 0 0 4 4 4 3 2 3 0 1
   3 0 4 4 2 1]
  [0 1 5 1 4 1 1 0 3 0 5 3 1 0 0 1 4 2 4 1 2 3 4 3 0 4 0 2 3 1 2 2 4 3 1
   2 2 2 3 4 5]
  [0 4 1 0 4 3 3 0 0 4 1 3 3 5 4 3 2 2 0 5 5 2 1 0 1 1 3 4 4 2 1 2 0 5 1
   3 3 3 2 2 0]
  [0 4 0 1 2 0 0 5 5 0 4 2 1 2 5 4 2 1 3 1 0 2 5 2 4 4 4 5 2 0 5 4 0 1 2
   5 3 4 3 0 1]
  [0 5 5 4 1 0 2 1 5 4 0 0 0 0 3 3 2 3 5 0 4 3 1 1 2 2 0 2 0 1 0 2 4 0 3
   0 1 1 5 5 5]
  [0 5 3 1 1 0 3 0 2 0 4 0 5 2 1 0 2 0 2 0 5 3 3 5 2 4 4 3 1 5 4 4 1 0 1
   5 0 1 0 1 0]
  [0 5 5 1 2 3 4 2 5 3 3 4 0 0 0 2 3 5 3 0 4 1 1 2 2 0 5 1 5 4 1 4 4 3 2
   4 4 3 4 1 4]
  [0 0 1 2 0 1 2 0 3 5 0 3 4 0 4 1 4 0 3 4 0 0 5 4 3 4 1 5 1 3 4 1 1 5 1
   2 2 5 1 1 3]
  [0 5 2 3 1 1 4 5 4 2 0 4 5 1 0 4 4 5 5 0 5 5 3 2 2 4 3 4 5 5 1 0 2 0 4
   0 4 4 3 0 0]
  [0 4 3 0 4 4 5 3 0 1 4 2 0 0 4 0 5 3 5 0 3 3 5 3 5 3 1 0 1 4 2 4 3 3 4
   5 1 1 5 5 2]
  [0 5 1 2 2 3 3 5 4 5 5 5 1 3 3 1 0 4 1 4 4 0 0 4 1 0 3 2 1 1 2 2 5 0 3
   3 1 4 5 1 5]
  [0 4 5 4 0 0 1 2 0 2 2 5 2 3 2 1 3 0 0 2 0 5 2 3 5 1 5 0 2 1 0 5 2 5 0
   4 2 3 1 0 4]
  [0 3 3 5 5 1 4 1 2 4 1 0 2 4 2 3 4 1 0 1 4 3 5 2 5 1 5 4 1 2 2 4 1 4 4
   0 0 0 3 1 5]
  [0 1 0 4 0 1 5 2 4 0 5 0 5 5 2 5 2 5 5 0 4 5 1 0 0 3 2 3 2 3 5 2 0 0 3
   2 1 5 4 4 1]
  [0 4 1 2 4 0 3 0 4 1 1 3 1 0 5 2 3 0 1 2 0 4 4 2 3 4 3 0 2 1 3 1 0 4 2
   5 4 1 3 2 3]
  [0 1 1 0 3 1 4 5 1 3 5 5 1 5 2 0 4 3 3 2 3 0 3 4 4 4 1 0 2 0 3 0 1 0 1
   4 4 5 0 0 3]
  [0 4 3 4 0 2 5 2 3 1 1 3 0 0 0 3 2 1 3 0 1 2 0 1 4 2 1 4 0 5 2 4 3 0 0
   2 3 1 2 3 5]
  [0 1 0 3 2 5 4 2 1 2 0 2 5 5 4 4 2 3 4 3 2 0 4 0 0 2 4 2 3 1 4 1 2 5 5
   4 5 2 5 1 2]
  [0 1 2 2 4 4 1 1 5 0 2 3 1 4 2 3 4 3 1 5 0 0 2 0 0 0 5 4 4 3 0 4 2 1 0
   0 0 2 5 1 0]
  [0 0 2 5 2 2 3 4 5 0 2 5 0 4 2 4 4 4 0 0 0 3 5 3 3 0 3 5 4 2 0 3 3 2 2
   2 4 4 4 1 2]
  [0 1 5 5 2 5 3 5 0 3 3 4 5 1 4 0 5 3 1 4 3 3 0 0 0 2 0 5 5 0 4 5 1 3 1
   4 1 1 2 2 5]
  [0 2 0 0 5 5 1 1 4 2 0 1 3 2 3 4 5 2 2 1 5 4 5 2 0 5 0 0 0 0 4 1 2 3 0
   4 4 1 3 1 0]
  [0 0 5 4 1 3 2 1 5 3 3 5 2 0 5 4 2 5 5 3 1 4 4 0 0 5 2 1 0 1 1 3 1 3 5
   3 3 3 3 2 4]
  [0 1 2 1 2 1 4 1 0 1 4 4 0 0 3 1 3 4 4 1 4 5 2 2 4 5 4 1 2 0 2 0 2 0 1
   1 5 0 4 3 0]
  [0 1 5 4 2 0 5 1 4 0 2 2 2 4 3 5 4 3 3 3 1 2 0 1 2 1 0 5 2 2 0 5 3 5 5
   5 2 4 3 5 2]
  [0 0 0 3 0 0 5 2 4 4 3 4 4 3 2 2 0 4 3 4 5 4 1 3 5 3 3 3 4 5 0 0 1 5 1
   4 5 4 0 2 3]
  [0 4 4 2 5 0 3 5 1 5 4 2 1 1 1 2 4 2 3 3 1 5 5 4 5 3 4 0 5 3 3 2 0 3 4
   4 4 5 0 0 1]
  [0 1 0 4 3 5 0 0 3 3 4 0 0 1 2 4 4 1 1 3 0 3 2 4 4 3 4 1 1 1 5 1 2 0 4
   2 0 4 2 2 4]
  [0 1 5 5 4 1 3 1 5 2 0 1 3 0 2 5 3 0 2 4 0 0 2 3 0 4 5 5 2 4 3 5 0 0 0
   1 4 3 1 2 3]
  [0 5 0 2 2 1 3 5 3 2 0 3 1 0 2 1 5 3 4 0 2 3 3 4 2 4 4 4 4 1 1 2 1 2 4
   0 3 4 0 0 2]
  [0 1 5 5 2 5 3 0 0 1 1 4 2 5 2 2 0 1 4 2 3 3 2 3 4 4 2 4 5 1 5 1 0 3 2
   2 0 0 3 3 5]
  [0 5 4 4 1 3 2 3 1 1 2 4 5 3 1 5 4 5 5 3 5 4 3 0 4 1 1 0 5 0 2 3 2 0 2
   0 4 0 0 4 2]
  [0 3 5 0 1 5 5 5 5 1 2 0 2 2 5 2 3 2 0 4 5 3 4 3 0 5 0 2 4 4 0 5 3 4 1
   1 5 3 0 5 2]
  [0 2 3 2 4 3 5 0 5 1 2 5 3 3 0 0 1 5 2 5 2 0 4 5 4 3 1 2 3 5 0 1 4 3 2
   1 3 3 0 0 0]
  [0 2 4 1 0 3 2 5 0 1 0 3 0 1 1 3 5 1 1 3 0 0 2 3 0 1 1 1 2 2 5 3 5 0 0
   2 2 2 5 1 0]]

 [[0 1 4 5 5 3 5 0 5 4 4 4 2 5 3 5 5 3 1 2 4 3 0 2 0 3 2 0 4 1 0 0 2 1 5
   2 4 3 2 1 2]
  [0 0 0 0 0 4 4 1 5 4 0 1 4 5 2 4 3 5 1 2 3 3 5 0 3 2 1 0 5 5 0 1 0 5 2
   1 5 5 5 1 0]
  [0 4 0 5 0 0 0 1 4 2 3 5 0 2 1 4 2 0 4 0 3 1 2 3 3 3 5 1 2 2 4 3 5 0 0
   0 5 3 2 2 4]
  [0 5 3 0 3 2 0 5 3 1 1 3 0 1 1 5 3 2 3 2 5 1 3 5 4 3 1 5 0 5 5 5 0 2 2
   3 3 2 3 1 1]
  [0 3 1 1 0 3 5 3 3 1 0 5 5 0 0 4 3 3 4 0 5 2 5 2 4 4 0 5 5 4 4 4 1 2 2
   3 2 4 2 0 0]
  [0 0 1 1 1 0 3 4 4 1 3 4 1 4 4 3 3 5 3 5 3 0 3 4 1 3 0 3 0 4 5 0 2 1 3
   4 0 3 2 2 0]
  [0 5 0 0 0 5 0 5 5 1 0 3 4 1 1 1 1 0 0 3 4 5 3 1 5 4 2 2 0 3 5 5 5 0 5
   5 0 1 3 1 5]
  [0 3 5 5 0 0 5 0 2 5 4 3 5 4 2 3 1 1 3 5 4 1 4 5 1 0 0 0 4 1 5 3 5 2 0
   3 3 0 5 5 4]
  [0 1 0 2 2 4 3 1 0 5 4 5 1 4 1 3 3 2 4 0 3 2 1 1 5 5 0 3 1 1 5 4 3 3 1
   5 4 4 3 5 3]
  [0 3 1 1 5 2 0 1 1 0 1 5 1 2 3 5 2 2 3 1 4 3 3 4 3 1 2 0 3 0 3 0 5 0 4
   1 1 1 3 3 2]
  [0 1 0 2 0 4 3 3 2 4 0 1 3 1 4 5 4 1 3 3 2 5 1 3 0 2 3 2 0 3 2 3 4 4 5
   1 0 3 3 5 2]
  [0 1 4 5 2 3 5 1 5 4 5 0 3 5 2 0 4 5 3 4 3 3 5 0 4 3 1 3 1 4 0 3 1 4 0
   1 1 5 5 0 3]
  [0 1 4 5 4 2 3 3 2 2 4 2 0 4 5 3 3 4 4 1 2 3 5 5 3 4 4 0 2 3 3 3 0 1 5
   4 2 4 0 4 1]
  [0 2 5 3 1 2 4 1 4 4 4 4 5 0 4 2 3 5 3 4 2 2 1 2 5 1 3 3 5 4 2 3 1 0 4
   2 5 2 1 1 4]
  [0 1 3 2 5 1 1 2 5 5 1 3 3 2 0 4 5 4 4 5 3 3 0 2 2 3 1 3 1 4 3 3 5 2 3
   4 3 3 2 3 2]
  [0 5 4 3 2 1 3 5 2 4 4 0 2 0 0 0 2 1 2 3 2 5 3 2 0 3 0 2 4 5 1 2 3 0 1
   5 3 2 2 2 0]
  [0 1 1 1 0 2 1 2 1 5 4 1 3 0 1 1 0 4 2 3 3 0 2 1 3 2 0 5 0 5 0 2 0 2 3
   4 0 0 2 4 5]
  [0 0 3 2 3 5 1 5 4 0 4 2 3 3 0 0 0 0 1 3 0 3 5 1 1 2 5 4 3 5 2 0 2 0 5
   1 2 3 1 4 5]
  [0 0 0 2 4 1 4 3 5 3 0 5 5 4 1 0 2 5 0 0 2 2 1 2 1 4 2 3 4 2 4 4 1 1 3
   1 5 3 1 4 4]
  [0 1 0 2 2 1 5 0 4 4 5 0 3 4 0 3 2 1 5 0 4 5 4 5 1 0 2 0 4 0 4 0 1 0 3
   3 1 3 5 1 5]
  [0 4 1 1 0 2 3 5 3 5 1 2 3 4 2 3 5 3 0 5 0 2 2 2 2 0 3 5 2 3 1 1 2 3 4
   1 1 1 5 3 5]
  [0 0 1 2 4 4 1 1 3 4 5 2 5 3 1 4 4 1 4 2 3 0 1 4 3 3 0 3 2 4 5 3 1 4 5
   0 4 2 0 5 4]
  [0 0 5 5 0 4 1 3 2 4 1 3 3 2 3 3 5 0 0 1 3 1 0 1 5 5 2 4 5 0 0 0 5 5 1
   3 1 4 2 3 5]
  [0 5 0 5 5 5 4 3 4 5 0 0 1 4 0 4 1 3 5 1 5 5 1 0 5 1 1 2 4 4 0 4 0 5 1
   4 5 2 2 3 0]
  [0 0 1 1 0 4 0 3 5 4 0 1 3 0 0 4 4 1 2 2 3 0 2 1 0 2 5 0 0 4 2 4 3 1 1
   4 1 4 4 2 5]
  [0 0 2 3 2 3 2 5 0 2 0 2 5 5 3 1 3 1 0 2 4 5 0 1 3 0 3 1 2 5 2 5 1 4 5
   0 2 0 3 4 2]
  [0 5 5 1 4 1 2 0 3 4 0 4 2 3 5 3 4 4 0 2 1 4 2 3 1 3 0 5 3 0 5 5 1 0 1
   1 2 0 0 3 2]
  [0 1 1 0 5 5 4 3 5 3 5 5 3 2 0 4 0 5 1 0 4 5 3 0 2 3 0 0 2 0 1 2 1 1 1
   1 3 2 0 4 0]
  [0 3 0 3 5 4 1 2 3 4 4 4 0 5 4 2 0 2 0 5 0 1 2 1 4 0 1 3 0 0 2 3 4 3 0
   2 2 0 1 1 1]
  [0 4 0 2 4 4 4 5 0 1 3 2 2 2 0 0 2 4 4 0 5 5 1 5 2 0 2 0 3 0 4 5 3 1 0
   4 0 0 3 0 5]
  [0 2 5 5 1 1 3 3 4 4 3 1 2 4 3 3 4 3 5 1 0 3 5 1 0 0 0 4 0 5 0 3 1 3 2
   1 1 0 1 1 0]
  [0 0 5 4 0 4 1 2 2 5 5 4 5 2 4 2 4 0 2 3 2 0 3 2 5 4 2 5 1 3 5 0 1 0 4
   5 5 1 0 2 0]
  [0 4 3 5 3 5 2 2 3 4 3 0 0 1 1 1 3 0 2 1 0 5 3 3 4 1 2 4 2 0 0 3 0 1 1
   1 0 0 4 0 0]
  [0 2 3 1 5 3 0 2 5 5 0 5 4 3 1 1 0 2 3 1 1 1 1 2 0 3 3 3 5 2 0 2 3 0 3
   4 5 0 4 4 4]
  [0 4 3 3 2 4 3 0 2 5 1 1 1 0 1 0 0 2 3 4 1 0 3 3 5 0 1 3 2 4 3 1 5 2 0
   4 1 3 5 5 0]
  [0 3 1 3 2 4 3 1 1 1 5 2 3 5 5 0 0 1 0 2 4 3 1 2 0 2 2 4 0 3 3 0 2 1 2
   0 2 0 4 1 0]
  [0 0 1 1 4 3 0 1 0 2 5 3 2 0 3 4 0 4 4 0 5 2 0 5 3 4 4 1 2 3 2 1 3 3 5
   3 0 2 3 0 2]
  [0 3 4 0 4 1 3 4 2 5 3 1 0 2 4 2 1 5 0 1 3 5 0 2 5 0 4 3 2 5 1 3 1 3 3
   2 3 0 4 3 3]
  [0 5 5 4 2 5 4 4 0 1 1 5 2 1 4 5 5 3 1 2 2 2 4 3 2 4 2 1 2 0 0 0 0 1 2
   3 2 1 0 3 2]
  [0 0 3 4 3 3 4 4 1 5 2 3 3 0 0 3 1 2 2 5 1 4 1 2 1 4 4 2 0 0 0 0 5 5 1
   5 0 1 3 0 5]
  [0 2 0 5 2 0 3 1 5 5 1 5 1 2 0 4 0 3 0 2 4 0 3 5 2 3 0 2 3 5 5 5 4 1 5
   4 4 0 0 4 0]]]
release_time
[  0  58  61  23  34 176  54  11  38  50  16  70  37   8  49  33  45  32
   7  12   3  18  34  30  24  29  16 279  30  20   0   8  51   7  20   2
   0  15   1   9  17]
due_date
[  0 261  61  55  77 265  58  18 190  83  56  75  64  80  69  53  63  39
  82  12  48  79  44  52  26  53  46 453  80  43   2  21  73  38  23  28
  41  61  40  18  64]
unit_emission
[ 2 16 14  5 11]
emission_limit
12013.6
setup_severity
0.02
due_tight
0.9
due_range
1.0
release_tight
10
degree_constr
0.2
