param: 
proc_time: (1, 100)
setup_rate: 0.5
setup_time: (15, 30)
delivery_time: (1, 100)

mach
5
job_rate
8
fam
3
setup_rate
0.5
proc_time
[[  0  74  90  39  82  39  83  43  82  38  67   8  44  42  58   6  63  52
   27  91  28   7  40  77  58  75  68  16  28  14  54  68  83  98  91  62
   22  97   3  52  63]
 [  0  92  23   7  46   2  74  15  40  32  42  89  80  95  11  95  18  75
  100 100  85  41   5  57  99  25  10 100  97  52  43  22   2  72  35  11
   69  56  13  36  70]
 [  0  67  55  38  81  56  22  49  48  72  92  49  46  29   5  49  49  47
   65  15  37   7  65  92  74  80  17  98  88  62  53  84  88  60  55  59
   71  38  41  29  74]
 [  0  77  50  19  88  68   9  44  80   3  31  62  91  94  16  66  84  91
   48  34  85  65  25  94  91  48  26  64  91  24   6  54  59  82  21  72
   70   3  60  40  11]
 [  0  47  61  99   1  90  88   6  51   5  49  70  88  46  19   5  60  71
   74  14  31  34   7  51  50  10  69   5 100  60  69  33  51  91  55  53
    6   9  79  99  61]]
setup_time
[[[ 0 19 27 20]
  [ 0  0 30 18]
  [ 0 24  0 16]
  [ 0 25 21  0]]

 [[ 0 22 18 27]
  [ 0  0 22 29]
  [ 0 17  0 17]
  [ 0 30 24  0]]

 [[ 0 18 27 17]
  [ 0  0 20 25]
  [ 0 25  0 26]
  [ 0 19 19  0]]

 [[ 0 23 29 21]
  [ 0  0 15 26]
  [ 0 19  0 26]
  [ 0 16 16  0]]

 [[ 0 18 22 18]
  [ 0  0 24 29]
  [ 0 24  0 21]
  [ 0 24 17  0]]]
delivery_time
[[  0  54  13  76  13  11   7  18  33  51  55  30   3  69  30  30  27  68
    9 100  68  53  92  42  70  69  82  93  76  25  37   7  59  32  55  99
   22  39  60  61  28]
 [  0  43  83 100  32  92  73  35   8  54  40  15  26  94  15  94  81  65
   74  94  74  29  81  33  69   8  63  70  56  45  53  98  15  49  61  60
   32  37  64  95  49]
 [  0  77  80  39  27  55  63  19  68  30  88  91  36 100  18  91  82  70
   67   9  83  36  20  51  40  52  93  86  10  61  68  71  54 100  75  91
   65  72 100  28  26]
 [  0  92  73  58   3  61  10  26  37   8  36  64  31  46  44   3  10 100
   92  86   1  52   8  46   2  91  27  39   1  11   9  44  78  74  13  68
   20  58  13   5  92]
 [  0  54  89  23  82  99   5  81  74  11  19  74  22  89  57  80  39  69
   22  30  54  40  15  57  65  42 100  46  82   6  57  60  50  66  93  95
   74  76  42   8  34]]
job2fam
[[1 0 0 0 0 0 0 0 0 0 0 0 0 0 0 0 0 0 0 0 0 0 0 0 0 0 0 0 0 0 0 0 0 0 0 0
  0 0 0 0 0]
 [0 0 0 1 1 0 0 1 1 1 0 1 1 1 0 0 0 0 0 0 1 1 0 1 0 0 1 0 0 1 1 1 0 0 0 0
  1 1 0 1 0]
 [0 0 0 0 0 0 1 0 0 0 0 0 0 0 0 0 0 0 1 0 0 0 1 0 0 1 0 1 0 0 0 0 1 1 0 1
  0 0 0 0 1]
 [0 1 1 0 0 1 0 0 0 0 1 0 0 0 1 1 1 1 0 1 0 0 0 0 1 0 0 0 1 0 0 0 0 0 1 0
  0 0 1 0 0]]
unit_cost
[12 10 14 11 13]
pre_factor
2.0
