param: 
proc_time: (1, 100)
setup_rate: 1.0
setup_time: (30, 60)
delivery_time: (1, 100)

mach
2
job_rate
10
fam
8
setup_rate
1.0
proc_time
[[  0  33  44  71   8  73   2  17  52  45  37  42  44  81  38  99  94   6
   68  51  35]
 [  0  57  73   6  13  59  86  92  30 100   2  58  36  72  45   9  65  77
   50  79  32]]
setup_time
[[[ 0 40 58 60 43 51 44 43 45]
  [ 0  0 44 60 48 56 38 34 34]
  [ 0 57  0 54 53 57 33 49 47]
  [ 0 32 33  0 36 55 37 53 45]
  [ 0 44 36 55  0 51 51 51 41]
  [ 0 53 43 44 44  0 45 34 31]
  [ 0 57 54 38 51 56  0 38 33]
  [ 0 40 30 47 58 30 37  0 45]
  [ 0 57 51 47 51 38 41 48  0]]

 [[ 0 56 34 56 31 36 56 39 44]
  [ 0  0 57 34 44 49 57 49 44]
  [ 0 53  0 58 55 43 55 55 39]
  [ 0 50 43  0 45 42 56 38 36]
  [ 0 39 53 51  0 51 52 36 45]
  [ 0 56 53 58 46  0 36 40 37]
  [ 0 57 48 60 49 41  0 37 36]
  [ 0 54 38 56 42 36 37  0 46]
  [ 0 45 51 31 59 37 46 42  0]]]
delivery_time
[[ 0  4 79 32 82 78 65 61 20 74 10 88 34 61 92 27 40 65 33 68 71]
 [ 0 16  5 98 23 43 89 57 51 13 24 11 52 17 37 13 62 91 84 97 96]]
job2fam
[[1 0 0 0 0 0 0 0 0 0 0 0 0 0 0 0 0 0 0 0 0]
 [0 0 0 0 0 0 1 1 1 0 0 0 0 0 0 0 0 0 0 0 0]
 [0 0 1 0 0 0 0 0 0 0 0 0 0 1 1 1 0 0 0 0 0]
 [0 0 0 0 1 0 0 0 0 0 0 1 0 0 0 0 1 0 0 0 0]
 [0 1 0 0 0 0 0 0 0 0 0 0 0 0 0 0 0 0 0 0 0]
 [0 0 0 1 0 0 0 0 0 0 0 0 0 0 0 0 0 0 0 0 0]
 [0 0 0 0 0 0 0 0 0 1 0 0 1 0 0 0 0 1 0 1 0]
 [0 0 0 0 0 1 0 0 0 0 0 0 0 0 0 0 0 0 0 0 1]
 [0 0 0 0 0 0 0 0 0 0 1 0 0 0 0 0 0 0 1 0 0]]
unit_cost
[15 18]
pre_factor
0.5
