mach
5
job_rate
8
weight
[ 0  8  5  6  8  9  4  4  2  5  7  4  8  3  6  9  1  1  4  7  5  9  2  3
 10  2  8 10  6  3  2  3  4  9  9  6  8  9  4 10  4]
proc_time
[[  0 134  64 113  84 134  54 137 121 114 108  58  93  94 128 101 129 125
   73 145  98  80 109  94 110 115 108 118 126  83  55 109  57 112 139 112
   70 145 126  70 124]
 [  0 135 115 111  74 136 124  83 132 149 142 110 122 142 123  89  79 121
  142  60 127 115 149 127 124  80  78 132 148 113  63  78  66  60 136 142
  119  93  53  81  77]
 [  0 137  98  67  51 148 122 144  69  57 141  95 147  87 145 105  66 142
  101  95 140 120 138 133  91 123  83 133 141 107  86  74  93 121 109  70
   50 101 127 104 109]
 [  0  81 111  96 146  84  82 108  79 119  70  88  52  55 122  82  81  73
  130 102  89  80  81  77 125 103 121  82  71 127 142  56 120  92 145 111
  150  59 112  52 111]
 [  0  78  67  72  84  86  58 149 145  86  86  79 117  60 132 105 142  90
  107 102 119 127 142  58  63 107 148 148 124  74 145 128  96 107  58 110
   92  76  86 134 107]]
setup_time
[[[0 0 3 1 2 2 3 3 5 4 5 0 5 5 3 2 1 0 1 4 0 0 1 3 0 1 0 4 1 1 4 0 5 4 0
   1 3 3 5 2 1]
  [0 0 1 4 1 2 5 4 4 0 0 1 4 2 3 0 0 5 4 4 5 0 4 3 2 2 2 2 4 4 5 0 2 3 4
   0 3 1 3 3 1]
  [0 3 0 4 0 1 2 4 5 1 3 2 5 1 4 2 1 0 4 0 5 2 3 5 4 0 4 5 3 2 5 2 4 0 1
   4 2 3 2 0 3]
  [0 4 3 0 2 4 1 3 1 4 5 2 5 2 2 0 0 4 1 1 3 4 2 5 2 0 4 4 0 1 2 0 4 3 5
   0 1 3 5 3 1]
  [0 3 2 5 0 3 3 5 1 5 3 4 4 4 2 3 3 4 3 5 5 1 4 0 3 3 5 3 1 2 0 5 0 4 1
   4 1 3 1 5 3]
  [0 5 2 2 2 0 2 1 3 1 5 3 0 2 3 1 2 0 4 4 3 2 3 5 0 2 3 5 0 2 4 0 5 0 0
   5 4 3 1 5 0]
  [0 1 3 0 0 3 0 2 4 3 1 2 2 3 0 3 4 5 5 3 2 3 1 5 3 4 2 3 5 2 2 0 2 5 5
   3 5 4 5 4 2]
  [0 3 3 3 3 5 2 0 0 0 5 3 3 2 3 4 2 1 0 2 2 4 1 3 2 4 3 1 5 5 4 1 1 5 0
   4 1 0 0 0 2]
  [0 3 5 1 0 0 1 4 0 2 2 2 4 4 3 5 2 1 4 4 0 3 3 5 3 4 4 2 1 5 3 0 3 4 4
   5 0 4 5 5 4]
  [0 4 2 1 4 1 0 2 5 0 0 2 0 5 5 1 3 1 5 2 5 4 4 5 2 3 2 3 3 5 1 3 5 5 5
   3 1 2 1 2 0]
  [0 3 0 2 4 2 2 4 2 3 0 1 3 4 4 2 4 4 0 2 4 4 2 4 5 1 1 2 1 3 5 5 1 2 3
   5 0 0 0 0 3]
  [0 2 4 1 3 0 3 4 3 5 4 0 5 5 3 3 5 3 3 1 3 1 5 3 0 5 0 1 4 4 0 5 5 3 1
   5 2 4 1 0 5]
  [0 4 1 5 3 1 0 4 3 5 2 3 0 3 3 5 3 5 1 4 2 4 4 0 4 1 5 2 2 3 2 3 0 5 3
   1 2 0 3 2 2]
  [0 5 3 1 3 4 0 0 1 4 5 5 2 0 5 2 4 0 2 1 5 0 3 1 4 0 3 4 4 0 5 4 0 3 4
   0 3 1 3 2 3]
  [0 3 0 4 2 1 3 3 0 0 3 5 4 0 0 3 1 5 4 4 0 0 5 3 3 5 4 1 4 3 1 0 0 2 3
   4 0 0 4 0 2]
  [0 0 5 5 4 0 5 3 1 3 0 4 1 1 3 0 4 1 3 2 3 1 1 4 2 3 0 5 0 5 2 5 2 0 4
   0 4 4 2 4 2]
  [0 1 3 4 0 5 0 0 5 1 5 0 5 2 2 1 0 2 0 4 4 2 0 1 2 4 1 0 5 1 4 0 3 0 4
   2 5 1 3 3 3]
  [0 3 3 2 1 1 5 1 0 2 0 3 5 0 5 4 4 0 3 2 1 4 1 4 4 1 3 0 4 3 2 0 5 4 3
   5 3 5 2 4 2]
  [0 4 3 4 0 2 5 4 0 3 1 2 5 2 3 4 1 2 0 0 5 0 4 3 4 1 5 0 3 0 4 4 4 0 1
   5 1 4 1 1 2]
  [0 3 1 1 1 0 3 4 4 5 4 1 4 3 4 0 3 4 3 0 1 2 1 5 2 1 4 4 4 4 2 1 0 5 1
   2 0 4 4 3 0]
  [0 5 2 1 3 3 3 2 2 1 1 3 5 0 0 1 4 0 4 5 0 5 0 5 0 0 3 1 4 4 3 1 0 1 0
   5 2 4 2 3 1]
  [0 3 5 5 4 0 3 5 5 4 0 3 1 2 3 4 1 4 4 1 1 0 5 2 2 0 2 5 5 2 5 5 0 0 5
   1 5 0 0 0 3]
  [0 4 0 1 5 1 1 1 2 4 3 2 1 1 4 1 5 0 1 2 1 0 0 1 2 3 1 0 5 0 4 2 3 5 1
   0 1 0 3 0 1]
  [0 1 5 3 3 4 3 4 2 1 4 0 1 1 4 2 1 3 5 1 4 4 0 0 1 5 0 3 0 2 0 4 1 5 5
   3 4 2 5 4 3]
  [0 2 3 4 4 3 0 0 5 5 1 1 1 4 1 3 1 0 5 3 0 5 5 1 0 4 1 3 0 3 0 4 1 3 1
   4 4 5 4 3 4]
  [0 2 0 3 4 5 4 3 3 2 2 3 4 2 0 2 0 1 0 1 3 0 1 2 0 0 0 1 2 0 3 0 0 1 1
   3 4 2 1 5 4]
  [0 2 1 3 3 2 2 1 3 3 3 2 4 3 5 0 3 4 3 1 5 2 0 5 3 2 0 4 1 0 2 3 3 0 4
   5 3 4 3 5 0]
  [0 0 5 1 2 4 3 3 5 3 1 3 2 2 5 5 3 1 3 0 1 3 2 3 5 5 0 0 1 4 5 1 3 2 0
   4 1 5 0 1 2]
  [0 4 4 2 5 2 4 3 1 0 5 0 3 5 3 2 0 1 5 4 2 0 1 4 2 4 2 4 0 3 4 4 3 5 0
   3 4 2 4 1 4]
  [0 0 0 2 3 5 5 0 4 5 0 0 4 3 4 2 0 3 4 1 0 1 4 1 4 1 5 4 4 0 0 4 0 0 0
   4 4 3 5 4 3]
  [0 1 0 4 0 4 4 4 5 3 2 2 1 0 1 3 0 5 4 5 4 0 5 1 4 1 0 4 3 4 0 2 5 0 2
   5 1 3 4 2 4]
  [0 1 3 3 4 5 3 3 0 1 4 0 3 5 3 3 4 5 4 4 4 4 4 0 2 5 2 1 5 5 1 0 0 2 0
   4 1 0 1 5 4]
  [0 4 4 5 2 5 4 5 5 3 2 3 3 2 3 5 0 4 0 1 1 2 3 0 2 1 3 1 1 2 3 1 0 2 5
   1 0 2 1 3 1]
  [0 0 2 0 5 3 2 5 1 5 0 5 5 0 1 1 1 0 5 4 1 5 5 0 1 3 2 0 2 0 3 4 1 0 3
   0 3 0 3 0 4]
  [0 5 5 3 3 0 0 0 4 2 3 0 2 2 0 0 2 5 0 3 3 2 0 1 2 1 5 3 5 4 3 4 1 1 0
   0 1 1 1 0 4]
  [0 5 2 2 1 1 2 5 1 5 0 5 2 3 5 4 0 5 2 4 3 5 4 5 0 2 2 3 1 1 1 0 4 2 4
   0 0 0 3 3 3]
  [0 2 2 4 4 2 2 3 0 2 3 4 5 0 5 0 3 2 4 0 1 1 0 4 5 5 0 4 4 5 5 4 4 0 4
   2 0 3 3 4 3]
  [0 4 2 0 3 3 4 0 3 4 5 3 0 4 0 4 4 4 3 5 4 1 5 5 1 4 0 0 5 5 1 4 0 4 1
   0 0 0 1 1 0]
  [0 5 0 2 1 4 3 5 1 3 4 5 3 5 0 3 0 3 0 4 4 3 5 0 4 5 2 0 3 4 4 1 4 0 3
   2 2 4 0 3 3]
  [0 5 0 0 5 4 2 1 1 2 2 5 0 1 5 2 1 5 1 3 3 0 2 5 1 2 4 5 3 0 5 1 5 4 0
   2 5 1 0 0 2]
  [0 5 0 1 2 1 0 5 5 1 1 2 5 3 4 3 3 1 2 5 3 5 4 2 2 2 3 4 2 5 5 0 1 2 4
   2 2 5 3 0 0]]

 [[0 1 3 5 2 5 3 5 3 3 5 0 2 0 2 1 0 5 2 4 2 3 5 2 0 1 0 2 1 2 2 0 4 3 2
   2 5 4 4 3 1]
  [0 0 3 5 1 1 2 1 5 5 4 2 3 4 3 2 0 2 5 1 2 5 4 4 4 2 5 2 2 0 0 2 3 0 4
   4 1 3 2 2 2]
  [0 0 0 4 2 4 5 3 3 5 3 5 3 0 0 5 1 4 1 3 5 3 4 2 5 5 4 4 4 3 1 5 2 4 2
   3 1 5 5 1 0]
  [0 3 3 0 0 3 0 1 4 3 4 2 4 4 4 5 1 3 1 5 0 2 0 2 1 4 0 3 0 4 3 3 1 3 5
   1 3 0 2 1 2]
  [0 4 5 3 0 2 2 0 4 1 2 1 3 0 2 2 1 1 5 2 1 5 3 1 4 0 2 2 5 4 2 3 2 0 3
   2 2 3 1 4 3]
  [0 1 5 2 3 0 2 5 2 5 0 0 0 2 3 0 1 4 4 3 2 3 3 4 4 0 1 2 3 4 2 3 1 2 1
   1 5 1 4 4 4]
  [0 0 1 5 4 5 0 2 4 2 4 1 0 3 4 0 4 2 5 5 1 5 3 2 4 0 2 0 5 4 2 3 2 0 0
   0 5 5 1 1 5]
  [0 2 1 4 3 4 3 0 4 0 4 0 4 2 2 2 2 5 2 2 3 2 0 3 0 0 3 3 5 5 2 2 1 4 5
   3 5 0 4 3 2]
  [0 1 3 1 3 5 2 1 0 2 5 1 0 4 1 3 0 2 0 0 5 0 5 3 0 4 1 5 5 1 2 4 4 5 5
   0 0 5 1 0 2]
  [0 0 2 0 0 2 0 0 4 0 1 1 5 0 4 4 1 0 0 3 3 0 5 0 0 4 2 0 3 3 3 1 2 1 5
   2 5 0 1 1 3]
  [0 1 4 5 3 1 1 3 3 1 0 3 4 2 1 3 0 1 3 0 3 3 1 5 5 5 0 2 3 0 5 5 0 2 4
   1 5 1 0 1 1]
  [0 2 5 0 1 1 0 5 0 5 1 0 4 2 0 2 2 0 4 5 4 2 1 4 0 1 2 1 1 0 0 0 2 5 3
   2 0 0 5 4 2]
  [0 1 3 1 3 2 2 1 1 5 2 5 0 1 0 5 3 4 1 2 1 2 0 0 5 4 5 4 4 2 5 1 5 0 1
   2 3 3 2 4 3]
  [0 0 3 0 3 1 4 2 0 3 5 4 3 0 5 3 5 2 1 2 0 2 2 5 5 2 0 4 1 5 2 3 2 5 2
   4 2 5 1 4 5]
  [0 0 4 3 3 0 1 2 3 4 2 0 2 5 0 1 5 5 2 1 4 2 0 0 3 1 3 0 1 4 1 1 2 5 0
   3 3 1 0 1 5]
  [0 1 0 2 0 5 2 0 5 5 4 4 5 1 0 0 5 1 5 5 3 4 3 2 5 0 0 2 5 1 4 1 1 4 5
   5 4 0 4 4 3]
  [0 2 3 2 0 2 0 4 5 5 4 0 5 1 5 5 0 1 5 3 2 5 1 4 2 5 5 3 4 5 2 1 5 3 2
   2 0 3 2 3 4]
  [0 3 5 3 3 0 0 1 0 4 5 0 4 5 1 5 3 0 5 2 2 1 2 1 4 3 3 5 3 3 3 1 1 2 1
   3 2 1 5 3 0]
  [0 2 4 0 0 0 5 1 4 4 2 1 2 2 5 5 3 3 0 4 1 4 5 0 5 1 4 5 2 2 0 1 1 3 3
   4 2 3 3 2 3]
  [0 1 3 5 5 0 5 5 3 4 3 4 5 2 5 5 5 5 3 0 4 3 2 1 2 0 1 4 3 3 5 1 0 3 2
   5 4 0 4 0 4]
  [0 2 0 4 0 4 3 2 1 2 4 5 0 4 5 0 4 0 3 3 0 4 0 1 3 0 3 5 5 0 4 3 1 1 5
   3 4 0 0 0 0]
  [0 2 5 5 4 2 4 2 4 3 5 3 0 3 1 3 2 3 5 1 1 0 3 4 1 0 1 5 5 1 0 3 5 2 5
   5 0 5 2 2 0]
  [0 0 0 3 0 0 3 4 5 3 4 3 4 2 0 4 1 0 5 0 1 4 0 0 1 5 2 5 2 1 1 2 4 0 3
   5 1 4 1 1 5]
  [0 3 0 3 0 2 2 1 2 5 3 5 2 3 1 5 3 3 3 2 5 1 4 0 2 1 5 4 3 1 4 3 0 5 1
   2 5 0 1 3 0]
  [0 5 3 2 5 1 4 1 0 2 4 1 4 2 5 2 4 2 1 2 5 3 4 5 0 4 5 4 0 5 4 3 1 2 2
   3 3 5 1 1 3]
  [0 2 1 1 1 1 1 1 5 0 1 0 4 5 4 2 2 4 0 0 2 1 4 1 0 0 2 5 2 5 3 5 4 5 1
   1 0 3 2 2 4]
  [0 5 3 5 1 4 0 0 1 3 3 3 2 3 2 2 3 2 0 1 3 1 1 5 3 2 0 5 5 4 4 5 0 5 0
   5 5 1 1 2 2]
  [0 1 1 0 0 1 1 4 2 3 2 4 0 4 3 1 5 2 5 4 1 4 0 4 4 1 2 0 4 2 2 5 5 4 2
   1 4 5 1 0 1]
  [0 2 2 4 5 0 2 4 3 2 3 3 5 4 5 3 4 2 0 2 1 0 3 4 0 1 2 4 0 0 3 0 4 4 5
   1 2 3 5 1 0]
  [0 3 1 2 2 3 5 3 2 5 4 3 1 0 1 3 4 2 5 1 5 4 1 1 0 1 3 4 5 0 5 4 5 4 0
   0 5 1 0 1 0]
  [0 2 5 0 5 4 2 4 4 2 1 5 5 3 1 0 4 1 2 0 4 1 1 1 5 4 4 5 4 5 0 0 3 3 4
   5 1 5 1 0 4]
  [0 0 3 2 3 0 3 3 3 2 3 4 4 2 3 5 0 5 5 0 2 5 0 0 5 0 1 5 3 3 1 0 4 0 3
   5 2 0 4 1 3]
  [0 2 4 0 3 0 5 1 3 0 4 0 4 3 3 2 4 3 2 1 3 0 4 3 4 3 4 2 2 5 5 0 0 2 3
   3 2 0 3 0 1]
  [0 5 1 4 4 2 1 2 1 0 1 2 1 0 5 5 4 1 0 3 5 4 1 1 1 5 2 3 0 0 3 4 4 0 3
   1 1 1 0 1 5]
  [0 1 5 5 2 1 0 4 5 2 2 2 0 4 4 0 1 0 1 0 4 5 0 1 4 0 0 0 3 4 3 0 4 1 0
   0 5 5 0 5 1]
  [0 1 3 4 0 4 3 3 3 0 0 5 2 0 1 1 3 5 1 3 3 0 2 4 1 3 4 5 2 1 2 2 2 2 5
   0 5 1 1 2 2]
  [0 1 3 2 1 5 2 1 1 2 2 2 1 1 5 4 3 0 1 4 1 2 0 4 4 1 5 5 1 1 5 4 0 5 1
   3 0 4 4 1 5]
  [0 4 2 1 0 3 1 5 4 3 2 0 2 3 2 2 5 5 1 2 0 5 0 5 2 2 0 0 2 1 4 2 5 5 1
   4 2 0 0 4 3]
  [0 1 1 5 3 5 2 5 5 3 1 2 2 4 0 5 4 1 3 1 0 5 2 1 5 5 2 1 0 5 2 3 3 5 4
   5 3 3 0 4 0]
  [0 3 0 1 5 2 0 5 5 1 2 0 1 4 4 4 1 5 5 3 3 4 2 2 3 4 4 0 5 2 5 0 5 2 0
   5 5 3 3 0 3]
  [0 1 1 5 4 1 3 1 4 0 0 1 0 0 2 3 1 3 2 0 3 3 0 4 1 3 1 1 5 3 1 0 5 0 2
   0 0 4 2 3 0]]

 [[0 4 2 3 4 4 2 0 4 2 1 1 1 2 4 2 2 4 4 2 4 2 2 5 1 2 3 0 0 0 3 2 1 5 4
   2 2 4 2 5 5]
  [0 0 4 0 5 4 1 2 1 3 0 5 0 2 3 0 5 3 2 3 2 5 0 5 0 2 5 0 5 5 5 2 5 1 0
   2 5 0 0 0 3]
  [0 1 0 3 4 1 3 4 3 0 2 5 0 0 4 2 4 3 4 0 3 0 0 2 1 0 1 0 4 4 5 3 0 5 3
   4 2 4 0 1 5]
  [0 5 4 0 0 5 1 0 0 1 0 0 0 0 1 1 1 5 2 2 2 5 1 0 4 2 1 5 4 4 1 3 0 0 3
   4 1 1 0 0 0]
  [0 5 3 4 0 0 1 2 4 2 2 2 2 2 4 1 5 2 3 0 1 4 4 1 3 5 4 2 3 3 1 2 4 2 0
   0 3 3 2 4 5]
  [0 0 1 1 1 0 3 1 5 0 2 5 4 4 2 1 0 5 3 1 3 5 0 4 5 2 0 4 3 4 5 0 3 1 0
   3 4 0 0 0 3]
  [0 5 2 2 4 4 0 5 4 4 3 3 2 2 2 5 4 0 4 1 3 5 4 2 0 2 4 5 5 1 5 5 5 2 2
   5 3 4 3 3 3]
  [0 0 3 5 4 2 4 0 5 3 0 2 0 1 3 0 2 3 2 4 1 4 0 3 0 0 0 4 0 1 2 2 3 4 4
   3 0 1 3 5 4]
  [0 2 2 0 1 4 1 0 0 5 5 5 0 1 5 3 2 4 5 5 2 3 1 2 1 2 3 5 2 0 0 4 2 1 5
   1 0 5 1 1 2]
  [0 5 5 2 2 0 4 3 3 0 1 0 5 4 5 0 2 2 5 3 4 4 1 3 1 4 2 5 4 0 5 1 3 4 2
   5 5 5 2 3 1]
  [0 4 0 3 5 3 0 3 1 0 0 1 2 1 0 4 1 2 5 1 0 3 5 0 1 4 1 5 2 3 0 0 2 3 3
   0 4 3 5 5 3]
  [0 4 2 4 3 5 4 2 4 5 3 0 4 0 2 2 5 1 5 4 0 1 0 1 4 3 5 4 4 2 1 0 4 3 2
   3 5 4 4 3 5]
  [0 1 2 3 1 2 0 0 2 1 2 0 0 0 3 1 5 5 3 3 4 2 2 0 3 4 0 2 5 4 2 5 3 0 2
   1 2 2 0 4 5]
  [0 4 4 1 3 3 2 1 3 5 1 5 5 0 0 1 1 0 0 3 3 0 3 0 3 3 0 1 1 2 1 0 2 5 5
   0 3 0 5 3 2]
  [0 0 0 1 2 2 3 4 2 2 2 2 5 1 0 0 4 5 1 0 2 4 4 4 1 5 5 1 0 0 1 1 4 2 2
   0 2 1 0 4 2]
  [0 1 4 0 1 2 2 0 2 1 3 5 5 2 3 0 4 4 1 3 3 5 5 1 2 1 1 2 1 1 1 2 2 0 4
   3 0 4 0 1 3]
  [0 4 3 0 0 1 2 0 5 5 0 5 2 2 4 4 0 1 2 4 4 5 5 3 1 2 5 4 4 1 0 4 3 2 2
   3 0 5 2 4 5]
  [0 0 5 5 1 1 0 2 5 0 2 4 2 1 3 1 1 0 1 3 0 3 1 3 3 3 3 3 5 1 5 0 3 3 3
   2 4 1 4 2 3]
  [0 3 5 3 2 1 1 0 0 2 0 2 5 0 5 4 1 0 0 2 0 0 3 5 0 2 1 0 0 2 4 1 2 4 1
   5 0 5 1 2 1]
  [0 4 1 3 0 5 5 4 1 1 4 5 3 2 0 0 4 2 5 0 1 0 0 2 5 2 4 4 5 5 2 1 3 1 4
   3 5 5 0 5 0]
  [0 3 4 5 1 0 5 1 0 4 0 1 3 3 0 5 1 1 1 5 0 3 5 5 3 2 5 2 2 4 3 1 5 0 5
   2 3 1 5 3 0]
  [0 1 2 1 1 1 1 2 2 4 0 0 2 3 2 1 0 1 3 3 5 0 1 2 5 0 1 5 4 3 0 0 0 4 4
   3 1 5 5 0 3]
  [0 4 5 0 3 3 3 0 3 0 1 5 1 5 4 0 5 0 5 3 2 5 0 0 3 4 3 3 3 4 3 4 3 2 2
   1 2 0 0 3 0]
  [0 2 2 5 4 4 1 0 1 3 5 1 3 3 5 5 4 5 4 4 3 4 4 0 5 0 0 2 4 1 4 2 4 1 0
   5 4 4 5 2 3]
  [0 5 4 0 3 2 5 3 4 1 5 1 3 1 2 3 0 1 4 0 3 1 2 0 0 4 2 0 0 0 0 4 4 0 3
   4 3 3 1 4 0]
  [0 5 4 1 5 0 1 5 1 3 3 1 3 0 3 2 0 4 4 1 5 1 3 5 0 0 4 0 5 5 5 5 4 1 4
   4 4 0 1 2 2]
  [0 1 1 5 2 4 3 4 0 3 0 1 3 0 2 0 4 5 4 1 3 5 5 0 3 3 0 4 5 2 0 0 3 1 4
   4 4 5 2 1 1]
  [0 3 5 5 0 2 1 1 5 3 3 1 3 0 3 1 4 2 0 5 4 2 4 5 5 5 2 0 0 4 1 3 5 2 2
   2 4 1 5 2 3]
  [0 4 5 1 1 5 3 4 2 4 5 4 5 4 2 3 2 2 2 4 5 1 0 3 2 1 3 3 0 5 4 2 2 5 1
   0 5 1 3 2 4]
  [0 3 2 1 2 1 1 0 5 3 4 2 2 2 5 0 5 0 2 0 4 3 4 1 1 0 5 5 2 0 1 5 1 2 1
   3 4 2 1 5 5]
  [0 1 3 5 1 4 5 3 1 5 1 4 3 3 5 5 4 1 1 4 1 4 2 4 1 5 2 1 5 0 0 5 1 4 4
   3 0 0 4 3 2]
  [0 3 4 0 2 5 0 4 1 5 0 5 5 1 4 4 3 5 1 1 1 0 1 5 0 3 4 5 3 1 5 0 2 3 0
   5 5 0 1 4 2]
  [0 4 0 4 3 5 3 5 3 2 4 3 0 5 2 0 2 5 0 1 4 1 1 2 4 3 5 5 2 1 5 1 0 2 2
   1 5 2 1 1 5]
  [0 4 2 1 1 2 3 4 1 5 1 3 5 2 0 2 0 2 3 3 5 0 4 4 0 1 1 1 5 2 4 4 0 0 5
   0 1 1 4 0 3]
  [0 2 0 2 4 1 4 2 5 1 0 5 4 5 1 4 1 1 4 1 5 4 5 3 3 4 1 5 5 5 4 3 0 2 0
   5 2 0 1 4 2]
  [0 1 1 2 0 0 4 2 3 1 2 1 2 4 0 4 4 3 2 2 3 4 5 5 0 2 3 3 1 5 1 3 1 0 0
   0 2 0 2 4 1]
  [0 3 0 2 1 3 2 2 0 3 2 3 0 3 1 3 1 2 4 1 4 2 4 4 3 1 5 0 4 2 0 3 3 3 4
   4 0 1 5 0 4]
  [0 5 1 1 1 2 3 0 2 4 4 0 0 4 4 1 4 1 4 3 3 3 3 3 4 3 1 4 2 1 0 4 4 5 4
   0 3 0 4 0 0]
  [0 4 0 5 0 1 3 0 5 2 0 4 4 0 3 3 0 3 2 5 3 1 0 2 3 1 5 5 1 4 0 1 5 2 5
   0 1 0 0 3 3]
  [0 1 3 2 4 1 2 1 3 5 0 3 2 5 0 4 5 0 1 0 0 4 4 1 3 3 2 3 4 1 5 5 3 5 0
   5 3 0 3 0 5]
  [0 3 4 0 4 5 0 1 1 1 2 3 4 5 5 3 0 1 0 0 5 0 3 5 1 4 5 1 3 5 5 3 3 2 5
   4 5 0 4 4 0]]

 [[0 5 2 0 5 4 2 0 3 5 0 2 5 0 2 4 4 3 1 2 3 4 1 0 4 3 5 1 1 4 4 1 4 3 1
   2 1 2 0 2 0]
  [0 0 3 5 0 0 5 0 2 1 1 3 3 3 3 3 2 4 0 4 3 1 4 5 2 0 3 5 4 1 3 5 5 5 3
   4 1 1 0 1 3]
  [0 0 0 1 5 3 3 2 0 3 1 0 5 2 0 0 5 2 2 4 0 2 4 4 5 0 1 0 5 3 0 3 1 4 0
   4 2 3 4 1 4]
  [0 1 1 0 4 0 5 3 2 2 2 4 2 0 0 2 0 4 1 0 3 4 3 2 4 3 1 2 1 4 3 0 1 4 0
   4 3 1 0 2 2]
  [0 0 5 0 0 0 3 2 3 4 1 1 1 0 4 4 5 1 2 2 0 0 1 4 4 2 2 4 3 4 4 5 2 5 1
   4 4 0 3 1 4]
  [0 2 2 5 1 0 3 5 0 5 5 3 1 5 5 4 4 1 0 3 5 2 2 3 3 2 0 1 0 2 4 0 1 3 5
   1 2 4 3 3 5]
  [0 3 5 4 4 4 0 4 5 4 4 4 0 3 2 3 1 5 1 4 3 2 1 2 3 1 5 4 0 0 0 5 1 2 1
   1 2 5 5 4 3]
  [0 1 1 1 3 3 0 0 4 4 1 4 3 5 3 0 1 1 5 0 4 4 4 5 5 4 1 0 3 5 5 4 2 3 2
   0 1 2 5 1 5]
  [0 3 0 4 4 0 1 3 0 5 4 1 1 3 0 0 4 2 0 2 5 0 3 2 3 0 2 0 5 0 4 4 3 5 2
   1 0 4 2 4 5]
  [0 0 1 1 1 2 3 4 1 0 1 4 0 5 3 2 1 2 0 3 1 4 5 3 3 1 2 1 4 3 1 1 0 0 5
   1 1 1 2 5 3]
  [0 3 0 4 2 5 3 5 2 5 0 4 3 0 1 3 0 3 2 2 3 2 5 3 4 3 4 0 5 5 1 2 1 0 1
   1 3 1 1 0 5]
  [0 3 4 2 2 0 5 4 0 0 5 0 3 0 5 4 1 3 5 5 1 3 0 2 1 0 0 4 4 2 2 5 1 3 1
   4 4 2 5 0 0]
  [0 3 2 1 2 5 3 4 3 5 0 4 0 2 5 0 1 5 2 1 3 3 5 2 4 5 5 3 5 5 0 4 4 3 0
   5 3 4 3 3 3]
  [0 2 3 0 1 2 1 5 4 4 1 4 2 0 5 0 1 5 5 4 2 4 5 2 5 0 1 0 2 5 5 3 1 5 5
   1 1 2 0 5 2]
  [0 1 2 3 5 0 4 1 5 2 0 2 5 0 0 3 5 2 2 5 4 2 2 3 5 1 5 5 1 4 1 1 5 4 1
   4 4 1 2 4 2]
  [0 5 5 0 1 0 4 5 4 1 5 0 1 5 3 0 5 5 0 2 2 1 2 5 0 1 2 1 2 2 5 3 5 0 2
   0 5 3 0 2 3]
  [0 5 3 4 4 0 0 0 2 0 3 3 1 2 3 2 0 4 5 5 2 5 1 4 0 5 2 3 0 0 5 4 5 2 4
   2 2 5 4 0 2]
  [0 3 3 3 4 2 0 5 0 2 1 3 1 5 2 5 0 0 3 4 2 2 4 5 1 2 5 3 3 3 2 0 3 0 3
   4 4 3 0 5 2]
  [0 5 4 5 0 3 1 5 0 3 4 5 5 2 0 0 5 2 0 4 0 4 5 4 2 5 3 3 2 1 3 5 4 3 0
   3 0 5 3 0 3]
  [0 4 5 4 2 1 1 4 0 4 3 3 0 1 1 2 1 3 1 0 2 5 0 3 3 4 0 2 4 3 2 0 0 5 4
   5 3 5 2 4 3]
  [0 2 2 1 3 5 5 2 5 5 1 2 0 3 0 2 0 2 3 1 0 3 0 3 5 3 1 4 2 0 3 5 4 1 5
   0 5 0 0 2 1]
  [0 5 1 5 4 3 2 1 5 3 0 3 1 2 3 1 3 1 0 0 3 0 0 3 0 0 0 2 0 5 1 1 1 1 3
   3 0 3 0 0 5]
  [0 1 3 2 1 4 2 5 5 1 4 3 4 5 4 5 3 0 5 1 3 1 0 1 3 0 0 1 5 5 4 3 4 0 1
   1 4 3 3 1 0]
  [0 5 0 3 3 0 0 1 3 2 5 4 4 2 3 1 3 3 3 5 1 3 2 0 4 5 4 1 2 4 1 5 2 3 1
   1 0 4 3 1 3]
  [0 1 5 2 2 1 4 4 4 4 2 3 2 0 5 0 5 1 2 3 2 2 5 3 0 4 2 1 0 0 5 3 3 2 5
   0 4 3 5 4 0]
  [0 1 5 1 2 5 3 5 2 1 3 2 4 3 2 4 4 3 5 2 3 1 5 3 2 0 2 2 2 4 1 0 2 3 5
   3 1 3 2 2 1]
  [0 2 4 0 4 3 4 0 3 1 0 4 1 3 0 3 3 4 2 0 1 5 1 1 5 1 0 0 3 2 0 1 2 4 5
   5 0 3 0 4 0]
  [0 2 1 1 0 2 0 4 3 1 5 4 2 5 5 5 4 0 2 2 5 4 3 4 0 0 0 0 4 2 5 2 5 1 0
   4 3 5 2 3 4]
  [0 0 0 0 4 0 5 5 3 2 1 1 0 5 0 1 2 1 4 2 3 4 3 3 1 2 4 1 0 2 4 4 2 1 2
   1 5 3 5 4 0]
  [0 0 2 1 4 5 1 2 5 4 1 3 2 4 0 2 4 5 3 3 5 4 1 1 1 5 5 1 0 0 4 1 3 1 0
   3 4 0 5 0 4]
  [0 3 3 5 1 0 1 5 2 0 0 2 3 2 4 3 2 0 1 2 0 3 4 0 5 1 4 2 1 2 0 1 1 3 1
   0 5 1 5 0 0]
  [0 5 3 1 4 3 5 2 1 1 0 1 1 5 3 1 4 2 0 1 1 1 5 2 5 1 2 5 3 4 1 0 0 0 0
   5 3 4 3 1 5]
  [0 2 4 2 5 5 2 2 0 3 2 5 4 3 3 2 0 5 4 4 1 5 4 5 1 4 0 2 0 5 4 5 0 2 5
   2 3 0 4 2 1]
  [0 2 1 3 0 0 0 3 5 2 2 3 4 1 3 3 3 0 1 1 3 2 4 4 2 3 3 2 1 1 4 5 2 0 2
   5 0 5 3 5 1]
  [0 2 2 4 5 1 1 2 5 1 3 2 2 1 2 0 5 3 4 4 1 3 2 2 4 5 1 0 3 1 0 4 0 5 0
   4 3 3 3 1 2]
  [0 3 3 4 5 0 5 1 0 5 0 2 4 0 1 3 5 5 2 3 0 3 0 2 0 2 0 0 2 2 3 1 4 4 5
   0 2 3 2 0 0]
  [0 1 3 3 0 3 5 5 2 4 3 2 4 3 5 0 1 1 5 4 2 1 2 3 4 2 4 2 3 5 4 3 4 3 1
   0 0 0 3 5 0]
  [0 1 1 1 0 4 3 0 2 0 5 1 5 2 4 4 2 1 0 4 1 5 4 0 4 1 4 0 4 5 5 3 0 5 2
   0 1 0 0 1 1]
  [0 2 3 4 0 2 1 2 5 0 5 4 4 4 1 1 2 2 2 5 4 4 5 5 1 3 5 0 5 2 4 0 4 2 5
   2 1 3 0 2 1]
  [0 4 2 3 5 3 2 1 1 4 5 5 4 4 3 1 1 3 5 3 4 0 2 5 4 5 5 4 4 2 2 5 3 1 5
   4 1 3 3 0 1]
  [0 5 0 5 3 0 2 5 2 0 1 1 2 0 3 2 2 2 4 2 1 3 3 4 0 0 5 5 4 3 5 1 2 4 5
   4 3 3 4 1 0]]

 [[0 5 0 5 0 4 5 2 0 5 1 4 4 2 0 4 5 1 2 0 2 2 1 2 4 0 4 2 5 5 5 1 3 2 3
   4 0 1 0 0 3]
  [0 0 0 4 5 1 2 3 3 0 3 0 2 2 5 3 0 2 0 1 2 4 2 5 4 0 2 0 1 4 4 4 0 2 0
   4 3 1 4 4 3]
  [0 0 0 2 4 4 3 0 1 1 0 4 2 3 4 1 1 2 5 0 0 0 1 5 1 5 3 3 5 2 4 2 4 2 2
   0 1 0 0 2 2]
  [0 3 3 0 5 0 5 0 5 0 2 1 1 5 1 5 3 1 1 3 2 2 3 1 1 0 0 4 0 1 4 2 3 3 4
   3 0 5 4 1 1]
  [0 3 3 4 0 0 3 1 2 5 2 2 5 5 1 3 5 3 5 2 5 2 2 3 4 2 4 1 3 2 0 1 3 5 4
   5 1 3 0 4 5]
  [0 2 2 4 5 0 2 4 1 5 4 1 4 5 4 1 3 1 3 5 4 0 3 0 4 3 5 1 5 0 5 2 0 0 3
   5 5 0 3 1 2]
  [0 2 5 2 2 1 0 0 0 0 4 2 4 5 1 5 1 4 4 3 3 2 2 3 5 0 1 5 4 3 5 1 4 1 1
   3 4 0 2 5 4]
  [0 2 4 5 4 5 5 0 2 0 2 4 3 3 1 2 4 0 1 1 3 3 4 0 4 5 0 0 2 3 5 1 1 4 2
   2 3 1 4 5 0]
  [0 4 5 4 2 3 0 2 0 4 3 3 0 5 3 2 1 3 5 0 2 4 2 0 3 3 2 2 0 2 0 2 1 4 1
   0 2 1 5 3 3]
  [0 0 2 4 0 1 4 5 2 0 3 5 3 2 1 4 4 4 5 1 3 3 0 3 1 0 4 4 0 5 4 5 1 3 5
   3 5 2 3 5 1]
  [0 3 4 4 5 1 2 3 0 2 0 0 4 5 5 4 2 4 3 2 3 1 4 0 2 2 0 0 5 2 5 5 3 4 4
   4 3 4 5 5 5]
  [0 5 2 5 1 2 1 2 5 1 4 0 4 5 5 3 0 1 1 1 2 5 2 5 0 4 0 3 1 1 1 5 5 0 0
   2 4 5 4 0 3]
  [0 2 3 1 2 2 3 3 1 4 1 0 0 4 4 0 5 5 3 2 1 2 4 3 3 2 5 0 2 4 3 1 4 3 4
   3 3 4 4 3 1]
  [0 1 3 3 0 3 4 3 4 4 1 1 4 0 4 3 1 4 5 5 5 2 0 0 4 4 0 4 0 4 2 4 2 5 4
   2 0 2 0 5 4]
  [0 0 1 0 2 4 2 2 0 3 1 3 4 3 0 1 2 0 3 4 2 5 0 5 2 3 5 2 3 0 5 5 1 2 2
   1 3 5 3 0 4]
  [0 2 3 0 2 2 2 4 5 4 3 4 0 2 4 0 2 0 0 2 4 3 3 4 0 4 0 4 0 5 1 0 0 1 3
   2 1 3 1 5 1]
  [0 5 4 4 5 2 5 1 1 5 5 1 1 3 5 1 0 4 1 4 2 3 4 4 5 0 2 0 5 2 4 0 1 1 3
   3 4 1 3 2 1]
  [0 1 5 2 1 5 4 4 0 4 3 5 0 1 1 3 1 0 4 0 1 1 4 5 5 0 5 4 5 3 0 2 1 1 5
   5 3 4 2 0 3]
  [0 2 1 3 1 1 2 0 1 3 2 0 0 3 2 2 1 4 0 2 2 1 2 1 3 2 5 0 4 5 0 4 5 5 5
   2 3 4 5 1 1]
  [0 2 2 1 2 1 4 5 1 0 4 1 3 4 5 2 3 0 2 0 3 2 0 4 5 0 1 1 0 1 4 5 0 4 4
   0 3 2 4 3 2]
  [0 1 0 1 3 5 1 3 2 5 2 5 4 5 3 1 0 0 2 5 0 4 2 2 4 2 1 1 0 5 3 2 0 5 4
   5 5 2 3 1 4]
  [0 5 3 4 5 0 1 5 0 3 2 3 2 1 4 0 0 0 3 5 1 0 2 1 5 4 3 1 2 5 3 5 1 3 3
   1 3 3 3 4 1]
  [0 3 2 5 3 3 3 1 2 3 3 0 2 3 4 0 3 5 3 3 3 3 0 5 5 2 1 2 4 0 4 1 1 1 4
   5 5 0 3 0 5]
  [0 0 2 5 2 1 1 0 0 4 1 5 3 1 2 4 4 4 3 2 2 5 0 0 0 3 3 1 0 2 5 3 3 4 5
   1 1 1 2 4 5]
  [0 2 3 0 3 0 5 1 2 2 5 4 2 0 5 2 3 3 3 1 2 2 2 2 0 2 3 1 1 2 0 0 3 0 1
   5 2 1 2 3 0]
  [0 2 3 3 5 1 1 2 1 1 5 5 0 0 0 2 3 5 2 2 2 1 5 5 0 0 3 1 2 5 0 2 0 5 3
   5 3 3 1 0 0]
  [0 1 5 5 0 1 5 5 4 0 3 5 4 5 2 1 5 1 4 4 1 2 4 5 2 1 0 5 5 4 2 0 2 4 4
   5 2 4 3 5 0]
  [0 3 0 5 0 4 2 3 2 0 0 3 0 4 4 5 0 2 1 1 4 5 0 5 1 3 1 0 2 0 1 2 0 4 3
   4 4 1 2 1 5]
  [0 4 4 5 5 2 0 4 2 0 4 3 3 3 5 0 0 1 3 1 0 2 5 0 2 3 3 5 0 5 0 5 4 1 4
   1 4 5 1 5 5]
  [0 5 5 1 3 2 2 5 1 2 2 2 0 1 5 4 1 4 1 2 3 2 4 4 4 4 2 0 3 0 4 5 2 3 3
   2 1 1 5 4 0]
  [0 1 2 3 0 0 5 0 1 3 3 4 4 3 1 2 5 0 3 5 4 2 2 0 2 1 4 0 4 5 0 3 4 3 2
   3 4 4 1 2 4]
  [0 4 5 3 4 2 1 5 4 4 1 4 4 1 3 0 2 2 5 1 3 2 2 1 3 5 0 4 3 3 3 0 0 2 1
   5 0 4 2 0 2]
  [0 4 1 5 3 2 5 4 1 2 1 4 2 1 1 1 5 2 4 2 4 0 4 2 3 2 1 3 4 3 1 1 0 4 1
   5 3 3 4 4 2]
  [0 2 2 4 3 2 2 0 2 4 2 2 0 4 3 3 4 5 3 3 1 2 4 5 0 2 5 3 4 1 0 0 5 0 5
   3 4 4 1 4 2]
  [0 3 0 3 0 3 1 1 1 5 2 5 1 5 5 5 5 3 3 3 5 5 5 4 2 4 3 2 4 3 4 3 1 2 0
   3 3 4 0 5 5]
  [0 5 2 1 3 1 0 4 4 2 2 5 5 4 1 1 2 2 1 0 3 4 2 3 4 1 2 5 3 1 2 1 5 2 3
   0 2 2 0 4 3]
  [0 1 0 1 1 0 3 1 1 3 0 5 3 3 3 4 3 1 2 5 2 2 5 3 5 1 1 0 0 5 5 2 0 3 5
   5 0 5 4 2 3]
  [0 2 0 5 5 4 4 5 5 0 4 0 2 2 0 4 5 4 2 0 0 4 2 2 3 2 3 3 2 1 1 3 0 0 1
   1 0 0 3 1 0]
  [0 2 1 0 5 1 1 0 0 5 1 0 4 2 5 1 2 1 0 5 3 5 0 2 5 4 4 4 2 2 5 0 5 4 5
   2 1 4 0 3 5]
  [0 4 4 2 1 5 1 4 2 1 4 4 3 3 0 0 4 1 0 1 3 2 4 3 4 2 3 5 2 2 1 5 3 2 3
   1 4 5 3 0 2]
  [0 1 3 3 1 4 1 0 0 5 2 5 2 5 1 3 3 3 5 0 3 2 2 3 1 2 5 5 1 5 5 4 4 3 3
   4 4 3 5 1 0]]]
release_time
[  0  51  55  51  40 120  46  24  16  10   4  54  27  48   0  56  48  29
  51  56  59   4  48  71  43 195  36 224  48   6  61  70  14  38 149  10
  12  57  25  58  32]
due_date
[  0  63  67  66  66 219  72  63  81  83  69  71  79  64  63  81  74  66
  93  80  76  67  81  83  67 213  64 232  64  63  63  73  71  69 252  71
  66  78  77  74  70]
unit_emission
[11  5  6 20  7]
emission_limit
21385.4
setup_severity
0.02
due_tight
0.9
due_range
0.25
release_tight
1
degree_constr
0.2
