param: 
proc_time: (1, 100)
setup_rate: 1.0
setup_time: (30, 60)
delivery_time: (1, 100)

mach
5
job_rate
5
fam
8
setup_rate
1.0
proc_time
[[  0  53  78  14  15  48  31  15  18  96  41  92   7  66  65  95  93  21
   59   1  82  73  96  98  22  55]
 [  0  31  33  86  26  28  42  27  96  48  86  25  61  38  79   3  44  39
   10  18   3   2  62  66  10  60]
 [  0  34  73  14  53  84  43  91  70  37  60  71  48  38  45  57  17  45
   24  36  42  28   3  96  22  14]
 [  0  78  37   3   2  75  26  74  12 100  39   2  92  32  67  74  26  95
   34  48  30  40  26  20  36   5]
 [  0  23  50  53  98  48  16  20  45  49  83  58  83  34  19  81   6   5
   59  81 100  65  49  97  58  94]]
setup_time
[[[ 0 47 49 48 53 36 34 56 48]
  [ 0  0 42 49 55 53 32 41 44]
  [ 0 55  0 52 53 36 45 36 57]
  [ 0 52 41  0 59 49 59 46 56]
  [ 0 44 57 30  0 39 33 38 44]
  [ 0 46 44 38 42  0 36 57 30]
  [ 0 42 43 60 57 34  0 43 49]
  [ 0 56 35 59 51 53 48  0 54]
  [ 0 50 40 41 55 49 43 59  0]]

 [[ 0 54 48 47 59 47 48 55 42]
  [ 0  0 34 41 32 30 48 44 42]
  [ 0 54  0 60 44 40 35 31 40]
  [ 0 53 44  0 37 35 35 30 45]
  [ 0 44 31 38  0 44 33 33 54]
  [ 0 36 56 40 53  0 33 35 39]
  [ 0 42 39 44 41 52  0 37 30]
  [ 0 31 55 44 58 36 60  0 57]
  [ 0 41 38 45 35 50 40 42  0]]

 [[ 0 35 39 41 47 46 52 56 38]
  [ 0  0 60 33 43 56 54 48 48]
  [ 0 57  0 46 58 40 43 46 34]
  [ 0 50 32  0 57 55 53 57 59]
  [ 0 44 58 36  0 53 49 51 52]
  [ 0 55 45 40 35  0 48 55 58]
  [ 0 52 56 37 31 51  0 51 47]
  [ 0 44 31 33 59 56 45  0 48]
  [ 0 45 43 30 58 45 43 32  0]]

 [[ 0 39 53 32 36 30 48 48 40]
  [ 0  0 49 50 49 49 54 42 53]
  [ 0 30  0 44 46 39 34 60 35]
  [ 0 52 51  0 35 37 35 40 37]
  [ 0 57 32 36  0 49 35 53 49]
  [ 0 48 30 55 32  0 32 51 34]
  [ 0 51 33 51 33 33  0 37 48]
  [ 0 37 53 31 31 31 56  0 31]
  [ 0 50 53 57 42 38 48 34  0]]

 [[ 0 37 48 43 48 38 47 35 53]
  [ 0  0 52 34 47 53 39 50 41]
  [ 0 39  0 43 34 55 38 53 54]
  [ 0 40 30  0 56 31 40 33 30]
  [ 0 50 50 60  0 34 34 50 34]
  [ 0 35 38 39 42  0 54 43 36]
  [ 0 41 43 53 33 40  0 53 30]
  [ 0 59 33 37 32 33 44  0 45]
  [ 0 34 39 43 56 40 57 32  0]]]
delivery_time
[[  0  70  52  40  11  82  50  62  70  71  82  13  96  16  39  42  50  51
   67  58  92  74  32  23  54  34]
 [  0  20  20  51  17  41  25  66  39  65  21  59  96   2  30  17  63  67
   32  25  89  92  61   9  70  65]
 [  0  47  31  11  46  74  68  12  76  82  65  11  71  77  70  34 100   2
   35  94  94   3  27  17   2  59]
 [  0   1  56 100  19  36  17   1  90  71  22  89  84  79  57  88   2  74
   22  69  25  62  47  23  34  25]
 [  0  14  41  91  96  69  37  29  27  53   7  64  94  60  62  60  96  16
   77  68   3  32  32  34  54  93]]
job2fam
[[1 0 0 0 0 0 0 0 0 0 0 0 0 0 0 0 0 0 0 0 0 0 0 0 0 0]
 [0 0 0 0 0 0 0 0 0 0 1 0 0 0 1 0 0 0 0 0 0 0 0 0 0 0]
 [0 0 0 0 0 0 0 0 0 0 0 1 0 0 0 0 0 0 1 0 0 0 0 0 1 0]
 [0 0 0 0 0 1 0 0 0 0 0 0 1 0 0 0 1 0 0 0 0 0 0 1 0 0]
 [0 1 1 0 0 0 0 1 1 0 0 0 0 0 0 1 0 0 0 0 1 0 0 0 0 0]
 [0 0 0 0 0 0 1 0 0 0 0 0 0 0 0 0 0 1 0 0 0 0 1 0 0 0]
 [0 0 0 0 1 0 0 0 0 0 0 0 0 0 0 0 0 0 0 1 0 1 0 0 0 0]
 [0 0 0 1 0 0 0 0 0 1 0 0 0 0 0 0 0 0 0 0 0 0 0 0 0 1]
 [0 0 0 0 0 0 0 0 0 0 0 0 0 1 0 0 0 0 0 0 0 0 0 0 0 0]]
unit_cost
[5 8 9 5 8]
pre_factor
2.0
