mach
5
job_rate
8
weight
[ 0  7  8  5  4  9 10  7  6  5  1  6  3  1  4  6  2  6  8  9  1  9  1  2
  8 10 10  6  5  2  1  5  8  7  8  1 10  3  4  2  6]
proc_time
[[  0 137 121  73  64  85 117 115 124  94 124 122 130 140  79 128  50 105
   88  74 128  66 106 137 146 108 113 148 117  78 148 126  83 109 146  62
  142 105  68 139 106]
 [  0  52 134 112  71  77 106 111  69 133  84 146 113 109 137  94  96 138
   83 104  56 123 145 109 106 113 139 122 103 126  51 133 111  76  77 146
  143  99 134  62  64]
 [  0  51 121  87 139 103 121 127  53  52  74  73 148  81 110 122 145  54
  104  96  75 150  64 104  56  82 140 109  62 133  53 103 102  63 131  56
  141 129  91  93 122]
 [  0  63 111 119 127 114 118  74 132 150  84  55 102 140 123  50  74 135
  135 122  92  72 120 102  66  96 118  90 119 121  60  57 107  97 137 113
   54  59 132  66 124]
 [  0 103  65  91 104 124  84  98  99 107  92 150  75 118 138  91 148  96
   95  89 132 121 115 122 123  65 147 102  56 125  70  81 129  53  91  55
  109 101  72  76 146]]
setup_time
[[[  0 411 124   1 134 361 277 381 276 291 218 104 132 303  62 334 390
    31  80 295  53 128  69  42 307  78 134 197 333 227 185 407 181 233
    58 409 378 121 328 108 208]
  [  0   0 125  24 271 127  38 268 386 295 263 152 294 142  48 108 212
   395 402  50 221  55 280 134 238 309 230 388  45  45 234 339 340 400
   177 265 237 129 112 230  45]
  [  0 372   0 238 101 110 107 241  25  27  32 221 368 124 193 323 396
    48 133 130  20  11 283 303  11 151 245 406 183 405 184 356  23 235
    12 371 293 368 133 160 402]
  [  0 396 163   0 138 282  36 155 220 280 124  95 336 229 246 111  54
   251 108 191   4 335 306 110 126 311 335 114  94 380 312 252 153 303
   240 317 334 231 129 170  79]
  [  0 261 330 393   0 266 244 363 190 246  38 391 375 154 357  29 217
   260 196  76 297 114 376 139 378 238  66 408 281 252 263 263  36 112
   396  13 168 244 102  97   4]
  [  0 305 173 315 143   0  78  50 245 364 121 176  52 267  20  24  85
   169 289 161 156 272 367 331 243 219 359  77  82 114 237 208 241 106
   239 357 294 272 152 305 195]
  [  0 244 270 137 123 225   0 336 290  57 226 396 184 161 166  66 143
   214 101 216 176 147 271 284 152 138  72  23 345  22  96 394  44 412
    74 357 288 225 404  93 365]
  [  0 177 380  53 386 243 170   0  16 263  77 190 143 328 135  39  73
   281 405 172 247  86 286 371 161 303 212 314 297  89 356 238 371 225
   384 343 339 151 183 342 373]
  [  0 335 237 388 325  94  12 244   0 353  53 201 398 212 157 267  13
   113 108  76 238 260 137 397 111 126 152 238 367 368 186 364 152 141
   366 180  73  73 231 411 240]
  [  0 338 241  86 225 238  71  45  29   0 165 255   5 342  75 151 190
   400 386 334 190 345  60 268 351 217  84 364 325 279 411  90 134 380
   172  55 383 169 398 217 242]
  [  0   9 408 122 361 125 287  28 154 109   0  83 286 115 195 342 141
   352 297  59  40 408 341   4 199 242 188 182 384 281 215 214 154 277
    58 389 395 118  99  12 137]
  [  0 374 289 366 228  18 378 210 164  66 398   0 320   3  23 285  68
   156 285 297 199  93 285 318  13 407 189 243 378 132 229 392 380 111
   389 363 277 304 235 142  81]
  [  0 163   7  99  75 331 286  75  17 315 390 257   0 152 296 313 315
   138 154  94  64 168   9 334  62  93  74 104 369  68 311 113 393 302
   231 356 318 259 344 177 274]
  [  0 247 325  55 401 318 406 317   1 394  16 167 280   0   8   3 148
    59 307 281  25 405 234 129 389 317 401 184 373 339 321  67 219  21
    78 412 275 374 289 320 342]
  [  0 239 366 109  49 397 212 130 161 137 395 347 153 174   0 283 377
   337  39 257 151  55  59 386  74 172  20 386  49 119 149   2  22 389
   218  13 218 361 306  25  37]
  [  0  15 200 227 347  70 288 379 167 326 351 147  75 347 332   0 366
   328 253 144 196 378   3  19 263 336 293 250 177 356  87 251  66 291
   382  20 248 175 113 169 205]
  [  0 120 411 257 274 375  95 347 350  46 162 339  57 348 167 364   0
    83 372 222 242 309 128 271 317 118 394 365   6 390   6  57 349 285
   402 206  29 101   8 400  40]
  [  0 136 200 302 149  55 178 164 353 403 353  81 386 136 141 367 372
     0 144 276 327 168 372  23 356 183   5 272 186 254  44 262 294 180
   334 353 143 242 359 294 257]
  [  0 222 207  84 378 316 370 222 286 141 171 396 173 282 263 401 339
   120   0 170 404 209 308 133 387 329 224 111  19 328 345 228 249 300
   157 190 282 269  91 156 407]
  [  0 282 279 162 154 291 319  40 222  96 145 373 351 199  17 184  36
   327 347   0 164 167 374 396 135 143 386 406  68 263 176 163 145  47
    84  84 254 189 159  83 343]
  [  0 369 111 354  67 389  49  44 384 168 203 250  91 139 196 220 340
   268 325 405   0  22 249 150  54 348 236  95 302  22  90 364  15  38
   142 381 331 393 270 229  26]
  [  0 147 287  50 259  39 228 398 305  31  43 405 155 267 307 155 143
   222 285 265 237   0 119 325 236 186  30 260 273 258 268  52 168 220
   111 263 128 334 220 101   9]
  [  0 238 314  20 284 191 380 187  65 387 253 238 170  48 217  77 392
   132 374 216 192  19   0 405 155   2 345 374  43 115 176 392  90  33
   151 207 153 270  86 169  53]
  [  0 226  43 299 250 282 118 322  53  46 327 265  16 186 222 221 213
   214  85  29 361 113  18   0  76  73 124 280 290 290 167 165  99 132
    82  30 335 224 112 212 325]
  [  0  37 110 396  95 154 207 134 340 356  36 181 203 291 170 346  72
   178  76  45  53 390 395 154   0 304  83 237 169 153 174 231  33  27
   249   4 140 136 133 255 301]
  [  0 396 126 247 249   1  37 262 337 271 363  80  90 224 249 165 410
   279  55 193 141  59 364 142 412   0  32 356 369 375  27 190 103 350
   392  72 237 133 290 336  21]
  [  0 403 329 340 310 179 116 261  48 232 355 156 133  16 393 294  86
   164  39  89 369 201 153  27 298 324   0   8  21 326 256  85 263 111
    90  85 158 137 232 314 150]
  [  0 173 219 341  58 162 316  34  31 310 297 301  30 296  55  58 363
    63 381 305 151 403  62 115 406 300  59   0 314 341  61 228 282 142
   409 218  60 205 404 346 400]
  [  0 219 202 378 243  97  22 109  51 183 224  83 291 312 362 209 170
   293  12 270 379 217 367  70 387  89 162 157   0 353 286  77  11 267
    60 347  28 226 289 325  94]
  [  0 298  66 141  38 235   1 366 277  42 309 186 412 364 154 350 245
   247  47 232 211 354  37 267 198 197 200 239  18   0 211 167 338  84
   334  32   0  67 125  82  67]
  [  0 244  90 361 313 279  66 342  40 393 314   0  74 100  31 141 262
    80 274 299 256 353 309 248 208 210 178 379  60 218   0 322 122 408
   144  19 276 380   2 120 295]
  [  0 331 211 194 154 203  80 324 218 214  28  38  30 203 304 338 234
    46 192 382 243 171 258 385 365 311 410 185 130 359 140   0 402 260
   288 253 111  81 158 269 167]
  [  0 178  35 353 404 253 165  48 307 129 195 304 257 120 283 132 315
   255 249   5 210 115 308  91 353  90 337  45 348  53  98 257   0 404
   304 289  59 250 294 307 240]
  [  0 302 396 318  71 384  86 181 177 198 100 240  94 138 106 180 383
    51 345 348  19 363 253 194 402 338  18  30 270  72 321 112 210   0
    77 151 200  42 391 313  97]
  [  0 244 176 389 125 224  74 215 135  82 258  93 407  60 185  34 353
   390 355 363 327   2 234  70 302 111 330 378 126 205 230 233 166 138
     0 133 340 407 340 207 319]
  [  0 242 156 386 180 359 378 129 143 388 275  30 113  83 179 219 354
     0 254 318 282 373 311 393 259 347 232 197   2 176 140 173 108 218
   325   0 220 291 140 146 327]
  [  0 138 354 217  93  45 242 140 408 113 301 289 399 386  51 108 146
   222 346 133  87 277  56 112 368  10 225 225 260  22 318 305 381 153
   185  39   0 254 295 397 278]
  [  0 319 304 227 328 399  80 283  81 119 206 358  32 243   9 314 196
   346 344 375  78 246 306  34 153 236 284 343 203 331  44 202  82 268
    32 349 352   0  50 411 228]
  [  0 310 158  68 391 237 233  83 120 354 254  18 282 363 240  51  99
   412 235 258  96 107 390  14 116 288   1   5 256 343  25 238 169 283
   228 358 293 289   0 280 273]
  [  0 137  87  10 272 123 158  57 199 368 403  24  13  55 392 286 148
    82 232 393 179 144 301  35   6 139   1 157 209 370 230  14   7 232
   133 176 176 186 269   0 393]
  [  0  37 172 253 305 226   2 253 238 178 265 343 179 224 204 181 297
   183  18   8 252  33 320 196 272 151 225 153  26  85  15  83  10  91
    66 293 192 134  29 385   0]]

 [[  0  95   9 142 290 390  27  45 163 342  48  89  55  61  53 199 405
    41  12 225 291 285 233  31 188 365 304 123 265 370 308   3 329  41
   198 394 357 245 161   6 237]
  [  0   0 367  34 267 372 307  64 330  85 100  84 187 159 217 306  46
   302 309 222 374 286  71 252 154 356 403   1 135 228  10 401 112 351
   311 101 367  33  78 227 247]
  [  0 210   0 112 194 214 270 340  62 385 219 313  85 194 387 327  40
   400  71 236 146 380 123  15 209 283  12  93  70 318  84   1 323  50
   209  98 145  18  28  75 402]
  [  0 162 365   0 314 329 254 284 399 327 327 224 185  45  33 185 399
   239 314 292 142 291 346 317  33 411 335 167 128  53 179 386 321 406
   235  65 150 150 245 183  15]
  [  0 231 139 355   0 360 230  92 260 370 185 140 118 394 251  66 203
   226 393 236 197 303 149 366 264 197 382 110 318 375  30 209 232 326
   109 203 327 393 302 156 129]
  [  0 156 153 290 334   0  41 126 142 264 146  48  35 389 301 159 123
   255 361 154 306 277 322  66 380 311 297  91 263 310  15 374   6 280
   194  47 290 345 110 210 157]
  [  0 130 350  76 145 145   0 269 203 347  63 102 246 127  72  84 247
   183 105 351 253 246  61 257 253 411 118 248  46 112 298 180  21  47
   124 326 376  42 176 144 295]
  [  0 179   1 356 176 212 331   0 202  58   7 388 196  69 389   5 113
   266 350 305  59 203 148 363 339 192  91 212 176  18 240  69 127 263
   382 259 124 176 115 403 381]
  [  0 219 109  21  51 180 307 318   0 261 104 332 404 193  27 401  55
    85 395  36 349 144   1  78 219 408  13 352 188 140 297 354 280 209
   292  89 402 117  74 396 352]
  [  0 250  80 293 313 269 129 160 207   0 120 400 146 346 198 112 324
    50  24 395 315 206 347  36 131 331 273 152 331 235 108 147 303 135
   331 214 206  62 319 216 110]
  [  0 117  34 403 239 277 194 310  84 178   0 397 169 362 406 136 402
   106 282 338 232 307 187 222 409 251 342 108   3 270  49 377 188 107
    27 363 135 244 192 214 289]
  [  0 370 217 278 323 354  93  57 231 185  80   0 367 265 122 177 348
    80  52 352 268 133 269 247 263  10  49 388 272 301 253 367 269  60
   218 323 312 235 280 256 185]
  [  0 308  86 305 203 388  86 170 246  76  97  80   0 231  52  62 211
   381 360 314 247 180  86 222 133 198  17 268 334 149 204  96 332 128
    27 384 110 172 363 295 137]
  [  0  32 139   4 278 132 298 250 233 100  24 223 221   0 391  83  30
   379 293  27  76  34 108 410 127 209 148 130 388  34  71 162  22 179
   327 176  27 330 266   8 338]
  [  0 220 133  66 265 257 374 159 323 144 315 162 226  87   0 355  94
   119  31  80 310 208 277 206 303 320 280 199  60 122 220 226  41 285
   365 236  71 197  78  22  59]
  [  0 319  48 252 209 343 321 373 260 288 356 108 298 225 358   0 270
   369  70   4 405 207 395 235  24  48 258 101 294 145  68 190 348 317
   407  99 129 125 410 255 289]
  [  0 369 198 272 293   0 306 218  51  78 257 384 293 401 353 360   0
   375 377 267  82 186 304 302 313 314 159  23  22  15 189  15 390  68
    97  74   6 327  47 293 213]
  [  0 390 126 241 346 330  79  14 387 262  55 293  97  81 329 195 393
     0 339 133 180 407 342 252 402 304 352 307  50 383 165 349 154 355
   156  57  55 273  21 258 112]
  [  0 293  50 202  14  73 134 182  82 356 394  65 266 155  43 349   0
   263   0 230  68 115 407 336  68 197 105 229 104 276 177 212 213 378
   175 254 318 212 153  64 377]
  [  0 371 408 158   9 198 334 282 103 108  63  96 157 135 108 259 383
   105 370   0 332 185 288 407  85 385 338  98  53 253 298  63 374 245
   307 162  96 110 171 375 230]
  [  0 301   1  16  26 194 169 339 175 232 344 211 124  76 173 188 375
   351   8  57   0 250 268  31 290 273 353 266 296 134  28   8 119 200
   407 325 225 290 335  17 361]
  [  0  97 275 250 403  10 265 239  15 318 322   8 226 385 166 129 246
   293 208 243  41   0  35 317 124  24  29 262 313  51 237 381  54 318
   397 241  93   1 153 163 279]
  [  0  85 371 328  71 245 252 196 254 194  61 309 393  69 360 164 342
    56 347 332 316 326   0 322 247 374  54 382 189 392 389 375 184  91
   323 321 106 311 180 167 368]
  [  0  25 161  23  66  40  49 263 329 176 107 311 131 242 334 275  38
   224 126  60 356 194  37   0 275 248 247 258 332 121  77 109 350 111
   234 207 380 393 111 362  55]
  [  0 269  15 303  32 203  98  83 137 253 146   2 387 230 403 203 304
   222 106 233 407 133 403 279   0 178  20 394  19 240  99 369  56  66
    49 373 366 294  17 318 402]
  [  0 331  47 184 202 368 329 207 212  79  85 398 261 194 233 244 264
   265 183 290 313 325 242 303 360   0 260 178 185 226 287 263 259 181
   380 344  16 333  66 203 396]
  [  0 273  32 288 353 263 219 188 122 378 226  50  23 276  93 325 204
   247 378 354 310  79  74 409 374 299   0 321 276 280  80 213 329  37
   189 107 345 132  44 349 113]
  [  0 107 316 323 223 379 150 209 312 200 123  74 174  94  30 189 226
   352 226 369  96 366 309 174 222 231 240   0 343 128 167 259 207  18
   145  22 341 161 294 145 306]
  [  0  28 298 282 411 408 321 284 311 160  52 185 226 157 202 312 209
   306 142  16 292 297 360 354 357 294 402 250   0 219 349 362 146 231
   286 273 132 162 149  36 200]
  [  0 344 264 271 111 335 383 178 387 334  77 354  15 315 133 274 412
    93  38 384 108  67 310 116 255  43  24 277 227   0  79 248  32  45
     6 208 186 200 344  16 411]
  [  0 398 211 285 204 258  22 285  73 333  12  26 126 345 109 380  79
    82 170  84 288 331 371  29 367 167 247 153  61  37   0 381 111 264
   128 156 190 189 376 300 133]
  [  0 368 189 130 392 180 279 390 281 168  36 171 130 163 201  84 378
   151  99 248  66 131 394 114 394 365 386 305   6 246 130   0  62 131
   123 351  53 188 307 260  30]
  [  0 258  70   4  96 107 346 227 340 156  46 158 253 122 227 242 171
    74  91 181 207  62 275 161 148 349 383 271 272  65 102 205   0  72
   381  78 357 124 189  39 317]
  [  0 334  86 294 259 174 172  94 177 195 341 271 253 275  57 156 140
   306 251  62 251 364 111 269  86 183 136 327 269 173 114 285 267   0
    94 402  39 123 404 215 105]
  [  0 276 111 197 190 169 179 358 276 184 192 324 288  16 103 300 314
   200 411 376  60  43  12 304 161 307  51 366 170 147 272 267 411   3
     0 395  68 219 384 306  44]
  [  0  65 286 225  52   8 147 124 295  82  42 248 178 302 325  58 243
    37 205 272 410  70 106 243 395 388  70   2 369  71 376 172 340 328
   257   0 262 212 322 290 265]
  [  0  75 369 209  54   4  24 110 133 337 104 126 383 201 297 170 320
   253  32 115  44 321 242 411 323 331 258 349 164 113 259 260 380 294
   252  90   0 130 390 108 258]
  [  0  92 393 409 326 207 289 185 218 403  77 309 201 154 195 399 341
   204 166 246 276 400 165   5 273 315  63 272  70 234  33 105 219  16
   362 238 301   0  50 118  63]
  [  0 331  32  62 266 322 305 401  91 235 301 315  47 122 363 313 176
   182 201 180 282  86  42 382 391 326 219  62 349 387 410   3 153 194
   231 403 361  98   0   7 360]
  [  0 116  95  71  74 377 240 106 173 271 156 152  72 279 197 170   0
    34 360 104 315  98 377 329  81  45 303  74 183 151 372 204 248 369
   320  53 411 133 344   0 153]
  [  0 137 406   9 355 390 290 228 162 322 200 250 153 409 411 107 371
   324 345 272 376 352  36 102 148 120 120 374 196 336 116  43  71 223
    90 385  59 306 334 205   0]]

 [[  0 409 322 229 377 203 253 122  41 105 395 104 240 386 200 398 316
    50 207 293 220 252  69 264 119 330 172 210 101  75 306 409 198 102
   351 382  47 237  66  32 179]
  [  0   0 159 273 319 219  97 361 315 339 403  15 372  68 379  73 177
    73 339 394  68 164  78 115 384 303 299 299 102 124 203 311  96  22
   351 251 336 362  65 287 195]
  [  0 266   0  72 172 158 378 200 180 391 244 178 400 217 194 112 344
   304 310  29  46 327 215 346 299 291  67 342 344 309  86 332 355 115
   364 333 192 331 313 157 142]
  [  0  40  78   0 381 193 219 256 141 275 367 230 393 152 148 216  64
     7  44  55 197  17  78 357 215 410 195 191 104 283 345 299 238 404
    57 159 117   0 305 403  42]
  [  0 140 205 411   0 350  47 127  15 184 343 285  35 202  14 408 218
   246 382 131 218 136 412 231  50 334 164  83 350  46 222 151 245  46
    99  47  13  67 412 230 135]
  [  0 100  25 402 261   0 361  90 150 398  32  95  58 149 382 314 179
   134 138 298 351 363 309 274 410 169 120 257 395 316 139 200 129  31
   412 158 178 338 190 201 216]
  [  0 306  43 177 144 294   0 154  88 190  27 197 202  15 154 356 301
   140  60 196 113 108 173  95 345 133  72  67 252 262 233 253 280 181
   367 274 318  40 374 320 394]
  [  0 344  51 338 412  46  85   0 234 370 116   6 133  17  99 145 366
    19 183  66 105 146 340 142   7 395 221 347 147 207 218 247  21  67
   279  15 359 279  14 229 307]
  [  0 355 247 399   2 174 327  42   0  95  59 207 255 137 244 149 248
   118  30 218 394 233 382 312 291  76 321 223 125  28  64 261 383  10
    36 384 269  71 300 149 221]
  [  0 321  67 329 244 240 168  28 107   0  26 315  76 236 192 387 159
   290  45  91 122 127  64 194  14 294 167 195  73 406 163  91 236  19
   167 347 100   4  33  68  91]
  [  0   1 233 288 197 205 206  50 219  24   0 379 150 259  81 205 185
   171  70 187  33   4 245  49 118 163 264 146 204  11 215  78 263  36
   157 137 380 335  93  99 119]
  [  0   9  72 347 405 182 217 378 239 397 359   0 183 223 325 179  66
    88 109 230 305  89 115  85 284 174 231 375 365 347 108 191 371 271
   386 109  45 230  44 376 305]
  [  0 253 380 233 177 310 395  49  96  46 261 199   0 239 191 245 250
    23 291  61  52 240 252 388  63 258 115  54 176 210 210 230   0 172
   405 408 219  71  67 306 158]
  [  0  55 285 321 233 116 150 270 155 178  27 375  20   0 332 131 285
   115  52 133 393 206 337 146 309  12  92  27 347 257 129 277 338 214
   171  22 410 163 232  63 300]
  [  0  89 241  80 143  10  86 143  65  71  27 201 184 300   0 366  81
   151 247 163 368  24 382 229 282 263 343 198  14  16  92 366 185 314
   153  38 211 251 113 323  14]
  [  0 169 386 385 380 242 166 245 214 343 302 258  68 347  36   0 317
   259 378 249 202 320 127 376 268  16 225 347 292 218  33  79  43 405
   312  69  36 153 333 407 120]
  [  0 133 172   0 394 202 383 173   4   6 195 276 322  11  66 300   0
   344 383 302 259  39 307  59 405 169 215 246 148 313  71 408 395 347
    82 279 104  28 329 331 337]
  [  0 272  78 190 235 240 211  43 102 233 292  64 184 112 377 347 260
     0 304 288 181 279  55 118 110 187  83 321 221  13 386 275 369   0
   375 154 167 279 155 119  96]
  [  0 398   1 238 258 239 279 323 196 346  10 231  65  83 116  97 266
   197   0 364 100 162  22 103 308  37 176 133  73 177 346  54  33 278
   202 119 259  77  19 236 206]
  [  0 407 404  91 317 327  65 131 265 335  49 330 114 253 118 246 155
   232 377   0 214 304 206 104 303 176 190 308 130 131 260 210 374  59
    41   3 108 179 203 229 204]
  [  0 266 234 361 242 356  87 317  57 220  37 329  30  53 106 128 277
     6 157 404   0 179 367 275 360 107 283 299 199  80 297 216  92 121
    33  49 270 285 179 366 199]
  [  0 397 193 169 170 231  31  11 161  46 293 265 253 333 313 343 313
    25  17  91 400   0 259 311 355 113 227  37 198 277 254 188 374   0
   260 243  12  70 118 319 410]
  [  0 324  42 238 251 220 144 145  33 183 125  30 348 214 370 408 404
   349 113 265 199 307   0 178 174 364 180  40  37 334 219  62 245 366
    49 170  14  69 300 330 296]
  [  0 197 127  99  82 181 266  88  36 224 331 146 293  75 197 336  43
   249 123 329  20 208 324   0 205 410 144 376 315  46 232  79  10 286
   190 238 263 349  35 284  12]
  [  0 269 379 163 227 363 163 279 195 274 125 213 357  41  23  89 199
     6 118 180  75 100 344 100   0 351 185  70 141 103 102  40 143  38
    93  15 228 311 233 284 236]
  [  0  28 216  91  13 111 244 272  44 279  91  82 106 402  62 222 157
   176 211  78 208 370 371 381  84   0 398 357 225  98 169  20  49 163
    76 358  17 277 331  32 262]
  [  0 258 186 148 191 160 281 199 254 199 345 245 274  52 181 292 383
   337  65 396 323  90 130  18 139 347   0 409  26  59 306 395  75 161
   296 163 256 362 292 292 180]
  [  0  37 264  38 356 205 346 313 115 163  91 259  91 260 295  65 407
   373 213 283 299  20 306 148 389 173 336   0 186 271 148 349 314 337
   251  65 111 391 390  62 388]
  [  0 130 157 377 264 356  15 147 402 127 113 229 368  16  85 251  85
     7 129  25 308 126 336 159 216  14  24 370   0 331 173 111 375 118
   178 282 142 399 229 277 137]
  [  0 383 319 396  36 181 145  17 274  48 204 219 262 317 213 399 327
   251 376 206  77 140 315 283 358 245  35 155 112   0 270   5 230 323
   310 411 211  33 366 134 104]
  [  0 262 227   0  70  76 135 331 207 229  23 390   6 261 288 269 373
   392  20 266 192  64 179 170 206  25 248 352 246 311   0 348 175 290
   363 319  79  43  43 253  28]
  [  0 339  56 411 213 296 205  82 384 199 329 202 242 184 391  97 201
     0 352 176 386  99 370  97 375  43 107 318  96 362 233   0 408 193
   204 372  17 214 309 257 261]
  [  0  51 296  33 160 228 246 175 374 208  45 159 145 114 289 237 212
   208 409 227 237 150 252 384  29 404 316 187 375 326 304  81   0 207
   172 350 357  24 384 134 299]
  [  0 204  73 147  23  87 190 324 215 366 375 389 170 339 194  79 336
   155 380  48 121 191 266  46 279 114 209 381 111 260 104 342 367   0
   304 137 126 185 122 203 195]
  [  0 127  46  86 178 339 277 265 182 103 211 403 340 211   4 229 259
    85 169 381 298  18 411 191 215 181 292  77 254  95 365  39 281 202
     0 251  44 251 253  78  16]
  [  0 238 261 312 332 331   6 104  98 329 195 113 231 387 119 232 330
   374 153 287  12  19 144  85  92 313 348 371 147  65  59 154  34 178
   399   0 151 240 363 277  41]
  [  0 177 278 212 403  83 374 360 259  28 360  17 307 201 111 104  41
    14 149 130 155 286 117 266  52  42   1  24 225 340  95 240 284 287
   317  92   0 315 113  43 248]
  [  0 166 396   8 152 207 349 171 215 142 137 148 175 170   0 162  49
     2 147 370 267 179 404  36  84 265 130 359  10 166 129  96 306 216
   233 210 160   0 356  57 129]
  [  0 188  58 205 340 261  73 116   5 181  18 410  80 291 285 317 381
    38 100 277 403  90 316 361 194 235 137  45 328 397 274 137 223 118
   120 324  48 112   0  24 168]
  [  0 199 243  92 155 147 151 211 118 211 273 315 179 278  84 292  76
   229 217  60   9 271   2 192 358 202 108 236 119 145  90 100   8 388
    22 247 336 369  62   0 305]
  [  0 338 220   3 388 311 193  51 295 265 249  44  32 392  97 141 194
    21 306 396 189 363 187  34 126 229 337 331 186 265 112 226 315 235
   132 147 249 271  75  37   0]]

 [[  0 309  23 130 213  26 306 390 229 162 281 225 222  59 244 334 375
   274 309 229 237 210 143 371 294 121 221 218 354 110  12 392  71 156
    59 299 412 217 290 139   5]
  [  0   0 305  11 359 209 106 173 270 190 215 159 121  41 158 102 357
   101  56 366 365 340 357 401 370  71 374   1 118 307 245 323  47 313
   386 211  97 233 363 214  34]
  [  0 206   0 324 396 143 114 273 202 232 315 226  69 220 399 406 193
    24 348  72 330 126 395  25 408 370 398 369 119 294 130 218 370 222
   210 192 160 302 408 255 292]
  [  0 227 340   0 268 111 188 401 360 344 380  82 320 264 196 135 278
   287 393 226  11 227 315 168 104  51 406  63  24 160 282 182 257  32
   203 232 368 341 302 302 333]
  [  0 337 239 403   0 312 287 171  64 178 110  61 226 224 126 119 224
   335 149 307 175 369 277 292 349   7  94  39  84 270 411 122  95 298
   323 279 399  66 158 104 148]
  [  0 177 220 389 382   0 357 104  59  91 369  18 104 267 315 178 101
   402 298 331 182 183 323 116 338  88 338 149 100 368 214 333 160 374
   178 318 109 364  66 304 256]
  [  0   7  68 178 392 359   0 144  43 279   6  99 115 346 271 250 359
   226 363 411 130 209 274  25 243  67 178   5  63 404  90 345 384 261
   154 357   9 119  55  97 132]
  [  0  35 281 100 242 184 158   0  63 328 357 232 215 125   2 182 192
    36 177 351  66  91 254  28 353 220 324 393  24 288 388 216  20  90
    70 305  53 410 350 141 366]
  [  0 137 137 340  48 132 144 367   0  37 123 208 236  49 135 271  44
   215 362 355 291 322  20 280 354 185 178 262 338 394 402  47 286  53
   221 143 250  59 195 293  29]
  [  0 139 406 221 102 158  90  91 100   0 103 303 266 246  65 407 314
   296  53   8 273  95 385 247 275 103 281 224  67 144 322 170 200 161
     6 378 320 231 298 317 328]
  [  0 401  66 181 328 363  35 348 329 268   0 243 293  62  62 164 256
   152 165 338 152 404  37 365 303  31 289  54 101   8 364 128 274  56
   297 392 236 391 410 132 228]
  [  0 248 220 138 228  26  63  56 369 148 329   0 244 353 109 403 110
    67 124  51 354 102 240 395 129 256 212 215 286 245 343 268 106 364
    74  67 175 217 167  31  42]
  [  0 408 386 287 157  67 204  10  76  45 100 191   0 154 241 275 410
   321 227 375 204 354 269  67 404 330 160   2  55 260 128 395 117 406
   364 299 207 154 110  44 246]
  [  0 365 203  70 229 299  17 333 268 323  94  90 208   0 105 203  24
    72 142 160 262 353  62 188 335 307 207 190 116  24 272 409 363  44
   362 157 270 336 115 216 200]
  [  0 131 131 236 303 403 181 212  74  82   0 101 211 109   0  56 322
   276 265 383  93 339 359  79 145 188 368 301  16 348 139 222  91 131
   124 263 407 113 124  28 195]
  [  0 249 400 377 197 310 298 306 376  33 243 260 166 165 271   0  69
   223 272 227 160  73 188  90 230 311 358 334 274 332 104 287 114 224
   197  52 344 358 208 385  53]
  [  0 130 172  68  41 399 313 156 217 232 401  71 144 175 183 349   0
   274 127 331 368 256 115 251 370 338 341 127 153   9  10 288 372 285
    84 255 341 131 133 123  80]
  [  0 228 116 313  27 284 224 287 365 336 405 397 155 297 320 263 290
     0 149 163 144 266  12 374 101 273 296 300 356 284 148 302 116 195
   266 397 197 181  81 269 259]
  [  0 109 392 290 397 359 139 268 275 185 197 139 405 278 258  38 204
   106   0  63 392 281 178 206 140  65  14 292  13 289 332 222 176 273
   113 349 117 281  51 364 361]
  [  0  21  22 235 206 202  47 389  19 237 372 125  99 278 104 405 235
   207 286   0 203  74  21  45 408 173 269 245 156 326 398 400 315 106
   103 213 154 233 395 407 144]
  [  0 176 118  73 231 124 118 132 121 121 367   6 228  14 397 377 197
   401 296  32   0 256  58 248 176   2  35  30 226 162 299 198  96 126
   205 195 207 203 113   1 348]
  [  0 152  74 387  49 320 330 282 213 250 368  70  22 319  12 104 317
   205 128 217  45   0  33 246 373 326 205 131 132 267 137 364 300 164
   292 138 283 205 312 353 345]
  [  0 145  23  52 370 252 373  44 299 146 113 269 368  54 232 168 361
   294 249 391 121 307   0 299 272  98 153  94 116 270 307 252 267 340
   315  81  46 246 168 402 230]
  [  0   7 265 299   4  96 140 249 358 231 361 365  69 268 263   7 127
   211  49 334  58 403  50   0 313 144 267 312 387 303  32 173  94 228
   224 134  43 320  61 188 229]
  [  0 239  90 135  36 152 165 321  45 127 361  56 397 168 206 317 328
   369 143  28 287 376 138 235   0 105  74   4 273 141 208  65 275 334
   402  11 165  64 275 397  51]
  [  0 353 227 261 106  57 294 315 288 159 241 294 159 182 314 185 295
   292  65 336 304  83 400 403  97   0 103  77 108 348 363 345 217 170
   274 184 145 296 121  21  93]
  [  0 180  48 328 374 283 276 157 391 242 233 275 364 245 208 269 375
   100 224 150  18 312 249 376  78 315   0  79 371 137 174 124 137 337
   326 340  20 124 235 187  94]
  [  0 289  97  36 240 111 156 364 251 339 305  74   6  28 211 228 213
   289  50 324 276 359  91 338  78 127  44   0 103 267 148  37 203   7
   251 195  64 247 164 240  31]
  [  0 140 310 338 243   0 239 387   5 258 320  55  63  96 159 269 305
   331 359 205 372 144 331 152 410 299 199 172   0 251  68 246 120 300
   214 182 181 227  82 181 129]
  [  0 375 241 409 255  98 112 376 128   0 334 111 312 281 211 301 110
   312 390  17 287 411 100  55  15  23  51 251  53   0 317 386 182 250
   321 273 227 138 288 296 385]
  [  0  15  23 167 139 294  25 193 289 367 252 140 112 239 142 369 345
   349 235  88  96 261  12 156 364   6 148 186 145 341   0 321 105 343
   349 317 334 235 388 196  86]
  [  0  20 232 389  77 326 329 130 205 305 136  85 138 243 341 398 293
   396 177 364 370 388  48 315 228 270 218 384 208  50  64   0 125 192
   267 140 306 333 365 139 332]
  [  0  73 188 268 363 409 252  34 223  96 275 349 147 376 162  78 148
   271 410 393  24 241 267 259 113 241 308 371 326 371 281 300   0 141
    55  80 241  82 387 146 312]
  [  0 117 181 181  28  13 376 329 156 206  17 267 148  98  34 352 407
   162  88 261 340 164  82 264 355 333 207 378 275 364 183  61  40   0
    51 162 187  13 369 224 335]
  [  0 318  54 404 130 266 353 401  59 409 311 291  22 340 345 361  41
   168 192 374  88  18  43  34  60 378 163 221 349 345 334 322 254 219
     0  90 355  65   6 117 369]
  [  0 195 366 142  19 403 123  38 389 344 121 272 135 161 207 341 116
   298 103 217   1 340 179 385 197 367 306 123 333 313 357 103 350 404
   363   0 209 339 361  38  82]
  [  0 211 141 231 332 250 184  39 232  59 279 384 235 166 384  90 103
   360 173 192 114 289  58 389  66 237 259 299 216 264 404 245 238 263
   270 409   0 117 143 258 248]
  [  0 223 407 144  40 164 126  36 151 190  96 219 249 240  12 352 193
   405  71  15 118 209 380 183 193 174 201 195 321  19 411  75  19  56
   303  50 403   0 235  51 221]
  [  0 123  78 205   4 384 389 313 259 257  84 271  27  41 324 200 233
   229 385 238 341  49  10 222 209 165 238 316 368 389 293  66 126  62
   308 224 366 215   0 225 304]
  [  0  79 399  15 202 171 122 256 161 218 326 193 103  58 334 182 125
     8 120 274   8 189 329 183  57  79 166 365 346 356 411 194 283 117
    15 190 393 337  38   0  77]
  [  0 257 253 349 242   7 242 274  40 187  19 292  23 264 149 136 373
   302  66 356 359 109 144 173 402   0 314  55 282 318 250 404 394 214
   178 301  19  89 347 275   0]]

 [[  0 387  59 162 249 314 411 156 214 156 194 345  77 166 127 398  27
    31 305  72 266 230 123 176 312  57 151 245  77 306 186 146  91  54
   114  98  65 144 240 136 123]
  [  0   0 147 198 380 128  78 196  85 393 339  70  48 227  79  54 318
   387 335 358 399 163  97 194 126 200 338   9 380  17 168 230 390 199
   110 166 287 287 256 187 365]
  [  0 412   0 375 195 134 125 311 264  26 317 402 116 156 352   8 140
   291 159  92  89 147 201 276 330  39  70 387 262 199 280  57 262 411
   219 303  63  17 287 198 245]
  [  0 288 396   0 325 172 392 128  25 168 177 299 248   6  61  11 154
   256 348 252 273 239 179 152 202 228  63 186 216  33 202  86  35 228
   230  74 122 245 223 131  19]
  [  0 339 130 280   0  52 410 391 311  73  47 226 257  87  45  69 232
   188 112  61 387  65 105 275 221  49 277 268   5 161 290  75  56 255
   402 410  54 111 359 221 347]
  [  0 397 257 399 205   0 398 327 209  10 378 411 351 163  84   4 408
   211 367 303 321 130 270 148  12 376 407 163 384 176 325  67 323  34
   118 378 206 245 359 337 152]
  [  0 307 202 319 283 396   0 286 388 387 290  57 168 154 248  78 278
    55 207 259 234 110 348  66 250 286 316 164 399 198 346 148 289  54
    25 235 187 205 241  52 188]
  [  0 109 140  64 220 106   9   0 350 101 261 105 348 219 337 289 376
    60 271 218 208 250 395 274 287 273 244 297 405  55  52 264 130 339
   224   3 349 344 372 251 221]
  [  0  94 392 337 180 270 159  73   0 319 167 311  67 188 206  30 379
   281  77 140 345 169 125 224 124 196  53  80 184 119  34 398 149 299
   226  28  60 392 319 264 168]
  [  0  95 365 290   8 315 175 308 287   0 238  24  15  37  75 114 241
   366 258 160 231 286 194 390 150 304 115  65  20  81  98 291 175 380
   180 199  60  59 312 233 157]
  [  0   7 363  92  21 352 239 281 332 218   0 353  63 135 218  10 153
   157 287 219 367 297  90  34 262 308  98 392 402 111 273 150  83 375
    50 293  93 115 246 233 105]
  [  0 137 276 236 222 367 196 290 407 147 116   0  70 122 336 385  60
    79 265 119 410  28 185 125 175 341 290  60 383 370  50 197 192 292
    13  18 179 179   0 298 223]
  [  0 208 285 376  99  31 218 373 324 235 146   4   0  43 179  48 165
   163  51 341  22 106  48 334 236 232 104 375 192   5 337  42 240  96
   167  37 365 142 173 198 355]
  [  0 279 198 238 108 112 412  76 387 193 283  92 374   0 183 125 226
   178 378  78 154  37 388 378  83 167 193 403 343  15  26 283 167  44
   227 224 263 146 307 186 318]
  [  0 141 192 103 290   8 130 412 264  67 124 389   0 289   0 331 373
   338 186 411 180 403  88 184 269 229 250 128  20 134  55 293 402 349
   363 323 341  62 339 277  62]
  [  0 201  98 388  93  56 141 296 353 261 271 121 242   3 170   0 143
   135 199  16  81 405   5 237 408 399 281 317  82 169 392  57  99  84
   206 209 328 389 221  19 411]
  [  0  86 205 393 295 107 146 236 289  21 250 214 254 365 115 258   0
    60 102 277 124  29 333  80 162 282 114 408 257 284 148 337 400 146
   257   2 118 187 168 219 241]
  [  0 136 213 154  50  63  12  48 378 146 354 400 172 282 158 373  83
     0  72  19 245 191 302 337 272  52 310 111 208 377 259 355 396  78
   236 238 225 200  32 205 309]
  [  0 316 121 380  38 360  22 139  33  36 340 165 260 250 135 269 248
   201   0 353 153   4 140 270 239 339 234  29 117 313  85 141  58  14
   289 393  21 304  29 366 215]
  [  0  53 103 169  83 209 138 337 353 199 296  90 126   2 281 268 263
   349 305   0  69 269 161  54 341 204  77 391 304 227 346 130 406 302
   284  36 106 178  99 328 266]
  [  0 320 323 380 168 387 151 163 180 163 141  25 157 373  13  92 126
    86 162  24   0  38 353 131 314 101 247 174 371  56  49 243 315 233
   293 290  20 146  17 200 210]
  [  0 210 179   5 227  93  14 316  46 156 183  94  85 325 304 378  33
   177  89 389 120   0 166 345  94 321 155  76 275 330 380 384 141  51
   110 229 190 235 150 235  14]
  [  0 324  63 411  70 187  43 411 333 168  90 372 395 389   8 357 199
    67 307 383  56 202   0 264  45 201  51 280  79 289 255  55 303 349
    38 268 287 137 115 217 291]
  [  0 286 174 366  35 411 211  53  28 348 228 265 230 399 249 375  27
   287 228  72 327 328  26   0 358 237 245  74 177  56 102  87 380  92
   271  80 348  89  17 354 346]
  [  0  87 374 124  57 175 285  82 104 366  18 146  60  62  89   4  29
   176 198 333 305 273  79 345   0 173  86 363 107 347  79   6 404 143
   205 351 118 356 375 246 170]
  [  0 315  14 168 406  76 305 200 240 154  56 121 318 292 130 168 263
   151 231 291  33 132 267 326 142   0 284  19  67  42 317  78 395  18
   387  23 178 258 278 180 240]
  [  0 231 252  91 330 207 276 365 370 312 411  41 410 151  68  97 178
   182 400 381 384 288 132 297 387   1   0 135 343 271  10 279 292 161
   174 137  52 158 255  35 137]
  [  0 335  71 288 352  62 219 129 140  50 176 314 224  42 103 226 137
    79 100 209  68  79  17  29  91 174 263   0 127 384  94  32 160  52
   121  58 216  19 305 205 364]
  [  0 260 219 288 318 239 371 214 176 368  86 366 266 302 241 225 149
   374 107 265 304 184 290  52 390 248 248 182   0 347 318 349 405 127
    67 239 351 111 267 100 182]
  [  0  68 157  81  94 349 180   0 404 376  31 183 274 378  78 342   3
   246 105  37   2 147 304 216  34 298  78 163  99   0  88 265 141 196
   253 211 248 347 184 389  56]
  [  0 166 369 293  61  59 302  22 341 157  40 268 356 148 411 164  48
   101 362 145 137 376 204   5 299 132  91   4 401 274   0 321 297 293
   238  34 218 249 359 151  83]
  [  0 327 202  40 346 365 169 282  91 268 242 376 262   9 317 183 173
   382  30 359 300 137 271  94 181 215  92 209  20 361 175   0 274 250
   159  14 104 318 169 235 365]
  [  0  94 310 197 293 398 193 261 350 301  94 355  70  45 170  74 147
   370 251  23 184 284 282 192 280 152 191 387 383 147 315   3   0 211
   157 137 246 237 197 104 166]
  [  0 246 154 342  79 160 228 294 177 409 371   1 238 336  94  63 257
    13 209 383  68 317 302 269 403 181 300 190 128 338 230 147 302   0
   305 191 378 248 256  21 233]
  [  0  81 227 270 354  74  37 304 218  90  25 317 382  31 254 299 104
   408 141 121  12 240  63 154 259 133  93 275 399 217  44 128 122   8
     0  72 109 142 386 337 331]
  [  0 407 329 133  87 231 384 141 137 169 324 190 134 268 164 297 112
   279 170  17 362 172  54  12  88 350 287  43 193 246 361  72 236 234
   317   0 103 102   7 380 299]
  [  0 278 336 191 296 388 144 381  27  63 309  46 283 185 134 384 400
   268 145 129 309 204  13 308   4 349 107 254 361 116 263  15 157  86
   140 116   0 182  56 368 280]
  [  0 339 160 103 360 112 204 287 103 213 331 306 188 146 330 107 294
   366 241 131 217  13 117 326 292 133 327 329 152 356 344 393  71 367
   192  63 328   0 295  73 351]
  [  0 337 192 372 140 286  73 238 286 236 258 213 124 192 308 308 177
    18  82 176  30 346 402  19 141 116 341 358  56 141 269 244  21 318
   272 276 365 277   0 174 118]
  [  0 340 276 214 302 156 208  37 271 187   9  84 135  25 154 294 280
   163 382 197  45 149 117 285 341 276  58 138 226 201 376 243 194 102
   332  74 275 384 355   0 298]
  [  0  54 265   8 388 158  97 160  61 372 182  47  88 138 212 175 284
    33  61 229 401   8 397 288 248 181 106 233 275  88  12 243  11 407
   278 295   9 116 160 182   0]]]
release_time
[  0 873 694 132 474 347 101 331  66 665 642 707 466 361  62 259 439 462
 365 830 507 325 685 394 731 630 118 267 350 586 217 701 606 761 797 143
 539 362 552 568 731]
due_date
[  0 931 957 917 965 971 928 876 934 761 843 759 955 891 931 778 967 769
 905 976 817 909 844 960 802 675 690 924 736 803 933 827 921 788 943 786
 934 971 810 982 929]
unit_emission
[1 6 2 1 2]
emission_limit
3904.2
setup_severity
2.0
due_tight
0.3
due_range
0.25
release_tight
10
degree_constr
0.2
