mach
5
job_rate
8
weight
[ 0  9  2 10  5  1  6  8  5  9 10  5  7  4  9  1  9  7 10  7  7  9  6  6
  7  9  1  8  9  4  1  4  8  9  1 10 10  7  4  7 10]
proc_time
[[  0  75  85 106 121  64 106  96 104 109  94  81 137 104  61  50  86 113
  149  91 137 105 135  69  95  85  58  71  59  82  56  91 111 133  86 118
   87  94  96  99 125]
 [  0 141  67  59  50 107 140  66  96 111  62 105  67 126 131  89 106 116
  149 133  68  77  96  56 116 119  55  78 106 115  60 136 128  87  59  65
   89 131 109  58 108]
 [  0  86 148 134  97 126  99  52 127 133  63  89 136  92  93 140  99  75
  128 149  68 143  86 102  99  85 128  86  52 101 100  62  94 141  56 115
   67 100 127 129  52]
 [  0 128 131 111 120 132  69 106  57 123 137  91 126  98 108  93 139  81
  148  52  50  68 132  71  69  97 122  88  50 123  88  98  92  93  87  93
  105 132 110 149  68]
 [  0 119 131 120 135 104  67 111 142  76  84 135 135  75  65  94 140 143
  120  63 128 138  83  82 141  78  71  93  89 118 136  50  88 133  97  94
  149 116 135  96  95]]
setup_time
[[[0 0 4 2 3 4 1 1 4 4 0 4 0 5 2 5 1 4 5 5 1 4 0 1 3 1 2 0 1 2 3 0 3 4 2
   5 1 1 0 3 0]
  [0 0 0 0 2 3 3 4 2 2 4 0 2 5 3 3 4 1 2 2 5 3 5 2 5 2 5 1 2 1 0 1 1 3 1
   2 5 5 3 2 5]
  [0 5 0 2 2 4 4 4 0 5 4 5 5 0 5 0 0 5 2 3 2 1 5 3 2 0 3 3 3 3 3 4 3 1 3
   5 1 0 4 0 0]
  [0 1 1 0 5 3 0 4 2 3 4 5 3 1 2 4 1 5 0 3 4 3 0 2 5 2 5 0 1 5 3 0 5 3 1
   5 3 0 1 2 2]
  [0 0 5 3 0 5 4 2 5 2 2 0 0 5 5 0 0 4 0 5 0 1 0 3 0 5 1 5 3 1 2 5 5 1 0
   1 4 1 3 5 5]
  [0 2 3 1 0 0 4 2 5 2 0 2 3 1 4 0 5 0 3 2 2 0 1 3 4 0 0 3 4 2 3 4 4 1 0
   4 4 5 0 1 4]
  [0 1 5 2 5 3 0 5 1 2 1 1 1 1 4 4 4 5 2 4 0 3 4 3 2 5 1 5 1 3 1 5 2 4 1
   5 1 5 0 5 3]
  [0 0 0 4 5 3 0 0 0 3 3 2 2 2 5 1 5 2 4 4 3 5 0 3 2 5 3 0 1 1 2 3 1 4 3
   4 2 3 5 2 0]
  [0 4 5 4 2 5 1 1 0 0 5 2 5 3 1 4 3 0 5 4 5 2 0 3 4 5 4 4 0 4 3 0 5 2 5
   1 0 3 3 5 0]
  [0 5 5 3 0 2 3 1 0 0 0 4 2 5 3 1 0 3 3 1 4 4 2 2 3 4 1 5 4 2 1 5 5 0 3
   2 0 4 3 4 2]
  [0 3 4 1 4 1 3 0 0 0 0 5 1 3 4 0 2 3 5 1 0 0 1 2 4 3 2 1 3 0 4 2 0 0 1
   2 2 5 1 1 5]
  [0 3 0 5 5 3 0 5 1 2 4 0 3 2 0 0 5 2 2 2 4 3 0 4 1 0 1 2 2 5 4 1 2 5 0
   2 3 4 2 3 5]
  [0 3 1 5 1 4 4 5 1 2 5 0 0 4 1 3 4 5 4 4 3 1 0 4 0 2 0 1 1 4 5 1 5 0 0
   2 1 4 4 3 3]
  [0 4 2 0 3 3 1 5 3 0 3 1 5 0 1 4 5 4 2 1 2 2 3 0 1 2 0 2 1 4 2 0 0 3 2
   2 5 0 2 5 1]
  [0 0 3 5 3 4 0 0 3 1 2 0 3 2 0 0 4 2 3 3 1 2 5 1 5 5 4 2 2 5 0 2 0 4 3
   2 0 5 0 4 3]
  [0 3 2 5 4 3 5 3 3 0 0 1 5 5 3 0 4 4 1 2 4 2 2 1 5 3 4 4 0 4 3 4 4 5 4
   2 5 1 4 5 3]
  [0 4 0 5 2 3 4 3 0 5 0 0 2 2 2 1 0 2 1 4 1 5 4 1 1 1 5 2 5 2 3 4 1 2 3
   2 5 3 4 1 1]
  [0 1 4 4 3 2 1 4 2 4 3 3 4 3 5 4 4 0 3 1 1 3 2 2 3 3 2 1 3 5 0 5 5 5 1
   3 0 1 3 5 0]
  [0 1 2 1 4 4 2 0 4 2 2 2 5 5 3 2 2 4 0 0 5 0 2 3 2 1 4 4 4 4 0 0 0 2 1
   2 0 5 5 1 4]
  [0 2 1 4 0 5 1 5 3 5 3 2 2 3 0 0 5 4 5 0 1 2 4 3 0 4 1 2 2 5 3 5 4 5 1
   3 3 2 2 3 1]
  [0 4 5 1 5 3 4 4 2 5 0 3 3 3 1 0 3 0 0 2 0 3 0 1 2 5 3 2 2 4 4 2 0 4 4
   1 3 4 0 0 0]
  [0 5 2 0 1 2 5 3 5 0 5 5 0 1 0 5 2 5 1 0 2 0 0 3 5 5 5 3 2 3 5 3 1 5 1
   3 5 1 4 2 1]
  [0 3 3 5 1 4 2 2 1 2 2 5 0 5 4 0 4 3 1 5 2 0 0 0 3 0 5 5 4 5 3 3 2 1 4
   1 5 0 0 3 1]
  [0 5 0 2 4 1 5 4 3 2 0 3 1 1 1 2 3 0 3 5 4 2 3 0 3 0 1 2 0 5 1 2 0 3 2
   0 1 1 5 5 1]
  [0 4 0 4 2 5 3 4 0 5 4 3 4 0 4 5 2 3 1 3 1 1 0 1 0 2 1 1 2 0 3 1 3 2 1
   0 1 1 1 0 3]
  [0 2 2 0 3 2 3 0 1 1 4 1 2 4 4 3 5 1 0 0 2 4 3 3 4 0 4 4 5 1 3 5 2 2 2
   0 0 2 3 5 4]
  [0 0 2 1 5 4 0 1 5 2 2 1 3 0 4 0 5 0 3 2 4 1 5 1 1 2 0 0 5 3 5 0 4 4 3
   3 2 0 2 4 3]
  [0 2 3 2 2 3 1 2 2 3 4 5 4 5 4 1 1 4 1 2 5 1 5 1 0 5 1 0 4 3 4 4 0 0 2
   0 0 4 4 1 3]
  [0 1 1 4 3 3 1 3 0 2 4 4 1 4 4 2 2 0 2 0 1 1 1 4 3 3 1 4 0 5 4 5 2 2 4
   2 4 0 1 5 5]
  [0 2 5 3 3 1 0 3 5 3 5 2 3 1 0 1 4 5 0 4 2 3 1 3 2 3 0 2 5 0 5 4 3 0 3
   2 0 4 1 2 4]
  [0 0 1 3 3 4 5 4 4 1 4 2 1 3 4 3 1 3 1 3 0 1 5 1 3 1 0 1 4 5 0 5 1 0 5
   3 4 1 2 2 5]
  [0 1 2 2 4 0 4 3 1 0 3 2 5 1 1 4 1 0 5 4 0 2 3 4 0 3 1 1 0 3 3 0 4 4 5
   2 2 5 1 3 4]
  [0 0 4 5 1 5 4 4 3 0 4 4 1 5 3 3 0 1 2 2 3 1 0 3 3 5 2 1 0 2 4 1 0 4 1
   4 2 0 0 3 4]
  [0 0 0 2 0 4 3 2 5 5 0 2 3 0 3 3 1 5 5 5 2 5 3 3 5 5 4 3 0 2 0 0 3 0 4
   3 0 3 2 2 2]
  [0 2 3 5 3 4 0 2 5 1 5 1 1 0 4 3 4 1 3 2 1 3 3 4 2 4 5 3 5 0 0 2 2 1 0
   5 0 5 1 0 3]
  [0 0 1 4 2 3 3 1 2 4 0 0 1 0 4 5 0 5 0 5 3 5 1 4 1 3 5 5 2 1 1 4 1 5 0
   0 2 3 5 3 3]
  [0 5 5 3 1 4 4 2 2 5 2 3 2 2 1 4 4 5 0 0 5 0 2 3 5 0 0 5 2 5 1 2 2 0 2
   4 0 3 5 2 1]
  [0 3 4 1 4 1 5 4 4 1 2 0 3 4 5 3 5 1 2 5 0 5 5 2 2 5 4 5 4 1 5 3 1 1 3
   0 1 0 4 3 2]
  [0 1 5 4 5 2 3 3 3 4 0 0 1 4 5 5 3 1 5 5 4 0 0 1 2 3 1 3 4 3 4 1 4 3 2
   3 0 1 0 4 5]
  [0 4 5 1 2 2 5 2 1 5 0 2 3 2 4 0 3 4 1 1 2 0 1 5 5 0 3 4 3 1 2 4 1 2 2
   0 0 2 3 0 1]
  [0 5 5 0 5 2 2 0 1 0 1 3 5 2 0 3 1 4 4 2 3 1 5 0 1 1 4 0 1 0 2 2 5 2 1
   5 4 0 5 0 0]]

 [[0 5 2 1 1 5 4 0 4 4 3 1 0 5 5 4 4 2 2 2 4 2 5 0 0 5 4 1 0 3 0 5 5 5 5
   1 2 1 0 4 0]
  [0 0 2 1 1 3 0 3 0 3 3 2 5 3 2 4 0 3 4 0 4 5 0 2 4 4 0 4 4 2 0 2 1 5 0
   4 1 5 2 4 2]
  [0 1 0 0 2 0 3 3 3 5 4 2 5 4 4 1 5 2 1 0 3 5 2 2 0 0 1 5 0 5 5 4 5 4 4
   5 4 1 3 1 3]
  [0 1 4 0 1 1 2 2 3 0 1 5 3 2 5 2 2 5 0 2 0 1 1 4 1 5 5 0 2 1 2 1 4 0 3
   3 1 2 1 5 4]
  [0 3 3 1 0 1 3 3 5 1 2 4 3 0 0 2 2 2 2 0 3 3 5 5 5 1 0 5 1 2 4 1 0 0 5
   1 1 5 2 1 0]
  [0 2 1 2 2 0 0 1 2 1 4 2 0 0 4 2 3 1 1 4 1 5 4 1 4 2 5 2 2 4 0 0 4 0 5
   5 1 2 4 1 3]
  [0 4 5 0 4 5 0 4 3 4 2 2 3 1 2 1 3 3 2 4 0 2 1 3 0 5 2 3 3 1 1 3 2 4 1
   5 1 2 2 1 0]
  [0 0 1 2 0 3 0 0 4 5 2 3 4 1 4 1 0 3 0 1 4 3 1 3 5 2 4 5 0 2 4 5 5 2 1
   3 2 1 3 2 2]
  [0 2 1 3 0 0 4 5 0 0 5 3 1 0 0 0 5 3 4 3 4 0 1 4 1 4 5 1 0 2 5 0 1 3 5
   4 0 1 4 5 0]
  [0 4 1 2 3 4 0 3 4 0 2 3 5 5 1 1 3 0 5 4 2 2 0 2 1 1 0 2 2 3 4 5 2 2 4
   2 0 5 2 5 0]
  [0 2 0 1 1 2 4 1 4 4 0 5 5 1 4 5 5 5 1 3 1 0 0 1 1 1 3 5 3 1 1 2 2 4 2
   5 4 4 3 4 5]
  [0 3 5 2 5 2 2 4 4 4 3 0 1 1 2 4 4 2 2 4 1 5 1 1 5 1 0 3 2 1 2 5 1 5 5
   1 0 3 2 2 5]
  [0 1 2 2 3 5 4 2 1 1 0 3 0 2 4 4 0 3 3 2 2 0 0 4 0 1 0 0 5 2 4 3 3 1 1
   4 4 0 1 0 3]
  [0 1 0 2 4 2 3 5 5 4 1 5 5 0 5 3 4 3 1 5 2 2 0 2 2 3 0 5 3 0 1 2 0 5 0
   0 3 0 1 1 5]
  [0 2 1 3 2 0 5 3 5 3 5 1 0 4 0 0 2 2 5 3 4 4 1 4 1 2 3 0 1 2 1 4 2 4 5
   1 1 1 2 0 1]
  [0 1 0 2 1 0 4 3 3 5 2 0 0 1 5 0 0 3 2 0 2 0 1 5 2 1 1 3 2 1 4 0 5 3 0
   4 3 3 1 2 5]
  [0 5 0 4 5 4 0 4 4 5 5 4 0 3 4 0 0 3 5 4 4 3 1 4 2 4 2 0 0 4 0 2 3 3 3
   3 1 3 5 4 5]
  [0 2 1 4 4 0 1 3 2 1 3 5 5 2 5 2 2 0 1 0 5 3 5 0 0 0 1 0 2 0 1 4 1 5 2
   4 3 2 0 4 4]
  [0 0 0 2 5 0 2 1 3 2 2 2 1 4 5 2 2 4 0 3 2 4 1 2 4 4 1 4 4 0 3 3 5 5 3
   5 3 3 1 3 1]
  [0 2 1 5 5 2 4 5 1 1 2 2 5 2 1 5 4 0 4 0 5 3 4 0 2 5 0 2 3 1 4 4 2 3 4
   2 3 1 5 1 1]
  [0 4 2 4 2 1 2 5 1 4 3 0 1 5 2 4 3 5 2 5 0 0 1 5 0 0 0 1 5 1 2 3 3 1 3
   5 5 4 3 5 2]
  [0 1 4 5 5 3 4 5 4 3 5 1 3 0 2 5 3 1 1 0 2 0 5 4 0 4 5 4 4 4 1 0 2 3 3
   1 1 2 0 4 2]
  [0 2 0 1 3 3 5 0 1 1 1 0 4 1 0 0 2 2 4 5 3 0 0 5 0 0 3 1 0 0 2 1 5 0 2
   5 1 0 2 3 3]
  [0 0 1 4 3 0 5 2 3 0 1 2 1 1 2 2 1 2 5 1 1 0 4 0 5 0 1 1 4 5 0 3 5 4 0
   0 2 1 1 1 3]
  [0 2 3 3 2 5 2 0 0 2 3 4 0 2 0 4 3 0 5 2 1 2 0 5 0 0 0 5 1 4 1 4 5 0 3
   4 5 2 3 0 2]
  [0 0 4 4 2 3 0 2 5 1 1 3 1 2 5 4 2 5 1 4 3 1 0 5 4 0 1 0 5 5 5 1 3 0 0
   4 4 5 5 5 4]
  [0 1 3 2 1 3 1 4 5 1 1 4 4 0 0 4 2 3 0 2 3 2 4 5 2 3 0 3 4 0 5 4 4 5 1
   3 3 1 2 5 3]
  [0 1 1 2 1 0 0 4 5 3 0 2 2 0 3 1 2 3 5 3 4 2 0 5 4 1 3 0 2 2 5 5 4 4 0
   4 3 1 1 0 3]
  [0 5 3 2 4 2 3 0 5 3 4 3 5 0 2 4 5 3 0 1 2 1 5 1 4 5 3 1 0 1 4 3 0 0 3
   2 4 5 5 1 1]
  [0 4 3 2 5 4 5 1 5 0 0 0 5 4 2 5 5 1 1 5 0 3 4 4 1 4 4 2 0 0 1 2 4 1 1
   1 5 4 2 4 5]
  [0 1 3 5 1 1 0 5 5 2 1 5 2 0 1 0 3 2 0 0 5 2 1 0 0 2 4 2 2 0 0 4 1 0 5
   5 2 1 0 4 0]
  [0 3 3 0 2 1 5 0 2 5 4 1 0 2 2 2 0 5 4 5 5 2 5 1 4 4 1 4 3 0 0 0 5 2 2
   0 2 1 2 4 2]
  [0 4 5 0 1 4 5 2 1 3 2 2 0 5 2 4 2 5 5 0 3 3 2 2 3 0 2 0 3 1 4 0 0 3 1
   2 5 2 1 2 2]
  [0 4 4 0 3 1 4 5 4 2 3 4 5 1 1 3 0 2 0 3 4 2 4 3 4 5 2 1 2 0 1 2 5 0 5
   1 0 2 5 4 1]
  [0 2 1 0 3 4 3 4 1 0 3 1 0 1 0 4 5 1 4 1 3 2 3 0 1 2 5 5 1 1 0 4 1 0 0
   1 0 5 3 2 3]
  [0 1 4 0 0 3 1 0 4 0 1 4 0 0 0 2 0 4 5 1 2 3 3 4 2 0 2 5 3 0 4 2 1 1 5
   0 4 4 1 4 5]
  [0 5 1 5 3 0 4 3 3 5 2 2 2 5 5 0 5 4 2 4 5 4 3 3 1 2 4 5 5 4 2 5 1 3 0
   2 0 4 1 1 5]
  [0 5 1 5 5 0 5 2 3 1 4 0 4 5 2 1 5 0 1 2 2 4 0 0 5 0 4 5 1 3 1 0 2 0 2
   2 4 0 5 3 4]
  [0 3 0 1 3 0 1 3 2 1 2 3 3 2 3 3 0 3 4 3 0 5 4 1 2 5 1 1 4 2 5 3 1 3 4
   4 1 5 0 4 4]
  [0 5 4 3 3 4 1 3 2 5 2 0 2 5 0 1 3 5 4 2 0 3 3 1 5 3 2 4 1 2 1 5 0 4 3
   2 2 4 5 0 3]
  [0 5 4 5 2 5 1 3 4 1 0 0 4 4 1 3 3 1 4 2 1 0 5 3 0 1 3 3 1 2 4 5 1 5 1
   2 2 1 1 0 0]]

 [[0 2 1 2 3 3 1 5 3 0 1 4 2 2 3 0 1 3 1 1 1 3 0 4 1 5 4 5 2 1 2 3 4 5 4
   0 0 0 5 1 0]
  [0 0 2 5 4 4 5 0 4 5 0 3 0 3 3 5 0 1 4 0 1 5 2 0 4 1 0 5 4 0 4 0 1 2 4
   3 2 3 0 5 0]
  [0 2 0 0 2 2 2 0 3 4 3 0 2 5 3 2 0 4 5 4 0 2 4 5 5 2 1 0 4 1 4 2 5 5 0
   1 4 0 2 1 2]
  [0 4 2 0 5 1 1 4 3 4 4 1 5 0 5 1 2 4 3 1 1 5 0 3 0 0 0 0 5 5 1 2 5 4 1
   3 2 0 1 0 1]
  [0 4 0 4 0 0 5 0 2 0 2 5 4 3 0 2 5 1 3 2 0 3 2 5 2 5 4 3 0 2 0 5 3 5 5
   2 2 4 0 0 0]
  [0 5 4 1 5 0 1 4 4 1 5 1 5 3 2 4 4 5 0 5 5 4 4 3 4 2 0 4 2 3 0 0 2 1 5
   2 1 1 2 4 1]
  [0 2 3 2 5 1 0 0 1 2 1 3 3 2 0 1 3 4 5 1 1 3 1 1 1 3 3 2 0 5 2 3 0 1 0
   1 3 2 5 3 5]
  [0 3 2 2 0 1 3 0 0 4 2 0 0 0 3 4 4 1 5 4 2 1 4 5 0 5 3 5 0 5 0 0 4 5 0
   0 3 1 4 4 3]
  [0 0 1 4 5 2 1 4 0 5 5 1 1 0 0 3 5 1 3 3 0 5 5 1 3 0 1 3 2 2 5 5 5 0 3
   3 1 1 0 5 0]
  [0 5 0 5 2 0 0 1 3 0 2 3 3 0 1 4 1 4 2 4 2 1 4 2 2 5 4 5 5 2 1 5 5 5 3
   2 1 0 5 5 2]
  [0 4 1 2 3 2 0 4 3 4 0 0 0 2 3 0 5 5 0 0 4 0 0 5 5 1 1 1 0 0 1 4 3 4 4
   1 1 5 2 1 5]
  [0 2 3 4 5 1 1 3 0 2 4 0 1 2 4 4 2 1 5 0 3 2 3 5 4 3 4 1 3 3 4 1 1 4 5
   1 4 0 2 2 0]
  [0 1 3 2 5 5 2 4 3 4 2 5 0 4 5 4 5 2 3 2 1 0 5 4 1 0 5 4 4 4 4 0 4 5 3
   5 5 1 4 3 4]
  [0 5 1 0 2 1 2 5 1 0 4 4 0 0 1 3 5 2 4 1 4 2 3 0 3 3 4 2 4 1 0 5 5 4 5
   5 2 3 5 0 5]
  [0 0 5 2 4 1 2 2 4 0 0 4 5 5 0 0 4 3 5 0 4 0 2 3 3 0 5 0 4 2 4 1 1 0 5
   0 2 0 5 4 1]
  [0 3 0 4 2 2 0 1 0 5 3 5 1 1 0 0 1 3 0 0 1 0 5 5 0 0 4 5 3 0 3 1 0 4 5
   3 3 1 5 4 2]
  [0 3 0 5 5 3 0 4 5 2 4 4 1 0 5 3 0 3 1 2 4 3 4 0 0 1 2 5 5 3 4 5 2 5 4
   1 1 0 4 5 1]
  [0 5 2 5 3 5 1 0 0 5 3 1 3 0 1 0 5 0 2 1 3 1 1 2 3 2 4 5 3 2 4 2 4 4 1
   3 1 5 5 0 3]
  [0 4 1 3 4 0 3 1 0 1 3 3 1 3 1 4 3 0 0 3 1 2 4 2 5 3 2 3 5 1 1 0 2 5 3
   2 0 4 4 5 4]
  [0 4 4 3 5 0 4 3 1 2 3 5 3 5 4 2 5 5 4 0 4 4 0 2 2 1 3 3 3 3 4 5 1 3 2
   3 5 0 5 0 0]
  [0 3 5 0 3 2 4 3 0 2 3 2 5 5 0 4 4 2 1 5 0 3 1 0 2 5 1 0 2 4 4 5 2 3 0
   4 5 0 0 4 5]
  [0 2 4 2 5 5 1 2 2 4 2 5 2 1 3 5 0 4 5 3 4 0 1 2 2 0 3 2 5 5 4 5 0 3 0
   0 1 1 5 4 3]
  [0 3 1 0 5 0 4 3 1 3 2 4 4 3 1 0 1 0 2 2 2 2 0 2 0 0 1 0 5 0 5 2 3 3 4
   5 4 1 5 1 4]
  [0 5 2 2 3 1 3 4 4 2 0 3 1 3 2 4 1 3 2 4 5 2 0 0 4 2 4 1 3 5 4 2 5 0 4
   0 5 0 4 1 5]
  [0 4 4 4 1 4 4 1 1 3 2 1 4 4 3 0 1 0 1 4 2 4 3 4 0 2 1 5 5 2 5 3 0 2 2
   5 2 0 3 0 5]
  [0 3 0 2 1 0 1 4 1 0 0 3 5 3 2 5 1 2 0 2 5 1 2 4 5 0 3 5 4 4 3 0 2 3 5
   2 5 5 5 1 1]
  [0 2 2 5 5 3 0 2 3 4 3 1 4 2 0 1 0 4 4 5 3 0 1 3 0 1 0 3 0 2 4 3 1 1 0
   1 5 1 1 0 0]
  [0 0 0 5 4 0 4 0 2 2 1 0 4 0 0 0 5 1 3 0 1 4 2 2 4 4 3 0 5 0 5 0 2 5 5
   1 5 5 4 0 1]
  [0 0 1 1 0 2 4 1 1 3 0 3 1 3 4 3 0 4 2 1 2 1 4 1 0 3 2 1 0 3 3 3 0 0 5
   2 1 4 0 4 4]
  [0 5 0 5 5 5 1 0 3 4 3 1 5 3 3 0 0 5 3 4 5 5 5 5 2 1 0 1 5 0 2 2 4 3 5
   2 1 3 3 1 1]
  [0 0 0 4 0 2 1 1 5 1 5 0 2 1 5 5 2 5 4 4 1 2 1 0 4 5 0 4 0 5 0 0 0 5 3
   4 2 3 2 2 3]
  [0 1 5 3 3 3 2 1 3 3 4 5 5 4 2 0 0 1 0 3 0 2 0 5 4 0 2 3 1 2 3 0 1 5 0
   0 0 3 4 4 4]
  [0 0 3 3 0 2 0 0 2 2 1 2 4 2 4 2 0 1 2 5 3 5 2 4 1 1 1 0 5 4 0 4 0 4 3
   1 5 1 5 2 1]
  [0 5 3 3 1 1 0 5 0 5 3 3 4 4 1 3 5 4 5 4 2 1 3 5 0 3 1 0 5 4 1 2 3 0 2
   0 0 4 3 2 5]
  [0 5 0 4 1 0 4 1 3 1 4 2 5 4 3 4 0 2 1 1 5 3 4 4 5 5 3 0 4 1 2 3 0 4 0
   4 2 5 1 0 2]
  [0 2 4 0 3 1 4 3 1 5 5 3 5 1 2 5 5 2 0 3 0 2 1 1 2 2 4 2 3 2 4 4 5 5 0
   0 3 3 0 2 3]
  [0 3 2 2 5 4 0 0 4 2 1 0 0 5 4 4 0 4 0 5 3 4 0 1 1 0 3 5 1 2 0 1 5 1 0
   0 0 1 0 3 0]
  [0 0 1 1 1 3 2 2 4 4 3 4 2 1 2 0 3 0 4 1 2 4 2 0 2 1 1 4 2 0 0 0 4 3 3
   0 1 0 1 4 4]
  [0 1 1 0 4 0 2 4 5 4 3 5 2 0 3 1 3 0 1 4 4 3 1 1 0 2 0 2 3 1 1 2 3 0 3
   4 0 3 0 4 5]
  [0 5 2 3 1 4 0 4 4 1 5 0 1 0 4 5 1 4 2 0 1 3 2 5 4 3 5 0 5 0 5 0 1 1 1
   0 2 1 3 0 2]
  [0 1 1 1 3 5 4 1 1 5 5 2 1 5 2 5 3 1 2 1 4 5 5 5 0 2 3 0 4 5 1 0 0 2 3
   0 2 3 1 4 0]]

 [[0 0 5 3 2 4 3 0 5 3 5 3 3 4 3 5 3 4 0 1 4 4 5 5 2 0 4 0 2 2 2 0 3 5 2
   1 2 4 1 5 2]
  [0 0 2 4 2 1 0 2 4 5 2 0 1 0 1 4 3 0 3 0 2 5 4 0 5 3 1 0 1 3 1 1 5 2 3
   4 0 3 0 4 2]
  [0 3 0 1 3 4 3 5 5 1 4 2 5 5 1 5 3 2 5 3 2 1 5 3 4 3 2 0 1 2 0 5 2 0 4
   3 5 1 2 1 1]
  [0 1 2 0 5 2 1 2 3 4 1 1 1 1 2 0 5 1 5 4 5 0 2 1 5 2 0 3 0 5 1 2 3 2 3
   1 1 0 1 5 2]
  [0 3 3 1 0 2 3 3 3 3 2 1 1 3 4 0 1 1 2 5 4 2 3 0 3 1 4 5 5 4 4 2 4 5 5
   5 5 3 2 4 1]
  [0 2 5 1 3 0 1 1 5 3 0 2 1 0 4 1 5 3 1 0 1 2 2 2 2 4 2 4 1 5 4 2 1 0 5
   4 2 1 5 0 1]
  [0 1 5 0 0 1 0 3 5 1 2 0 4 0 2 2 1 5 2 3 0 1 0 0 4 4 3 4 2 0 1 4 5 3 4
   1 3 3 4 1 1]
  [0 1 3 1 1 5 0 0 4 5 1 4 3 1 3 2 0 3 3 5 5 2 0 4 2 4 4 1 5 5 4 0 2 5 2
   2 3 5 2 2 0]
  [0 1 0 0 5 0 3 5 0 5 0 0 1 5 2 1 2 0 5 5 0 4 5 2 1 1 0 0 4 2 3 5 2 1 2
   3 5 4 0 1 0]
  [0 1 0 1 5 2 1 0 5 0 3 4 3 0 0 1 2 0 0 3 0 1 3 0 1 3 4 2 2 5 3 2 3 3 1
   3 5 3 0 5 1]
  [0 0 3 1 5 5 5 4 1 1 0 4 3 0 4 2 2 2 4 4 1 3 1 0 5 3 0 3 5 3 3 1 5 2 2
   3 2 2 5 5 0]
  [0 1 5 5 0 4 0 3 0 4 3 0 2 2 0 3 3 0 4 0 0 2 5 4 4 4 0 4 2 2 4 5 5 0 4
   0 3 3 3 5 2]
  [0 3 5 1 5 4 5 3 3 0 4 5 0 4 4 0 3 2 3 4 2 2 1 3 3 3 0 2 1 2 0 5 5 0 3
   4 4 3 5 5 5]
  [0 1 4 5 5 3 3 0 2 0 3 3 0 0 3 5 1 1 1 2 3 1 0 2 1 0 4 0 0 0 3 4 1 5 2
   1 5 0 2 3 3]
  [0 3 4 1 2 0 1 2 4 3 5 5 5 1 0 5 5 1 1 0 5 3 3 1 4 5 3 4 1 4 3 4 1 0 0
   0 3 3 0 5 5]
  [0 1 5 0 0 5 3 5 2 4 3 2 1 4 5 0 4 1 3 2 3 3 4 5 4 1 0 1 3 2 2 5 3 5 3
   3 3 4 4 5 2]
  [0 4 5 0 1 3 1 0 5 5 4 2 1 3 1 0 0 0 3 0 4 0 1 0 0 4 0 3 1 1 3 3 5 4 1
   2 3 4 1 2 2]
  [0 4 0 5 0 2 2 1 0 3 3 5 5 0 4 3 5 0 0 1 3 3 5 1 3 1 4 2 3 2 1 5 2 3 1
   3 5 3 1 2 4]
  [0 4 1 0 1 2 0 4 2 5 0 5 4 2 4 4 2 3 0 5 4 1 4 2 1 3 3 4 3 5 5 3 0 0 5
   5 3 2 1 3 4]
  [0 1 1 3 3 0 0 0 4 4 5 4 5 0 5 3 5 5 5 0 2 3 1 0 4 0 2 4 1 4 0 0 5 4 2
   4 4 4 1 5 4]
  [0 3 1 1 5 2 3 0 0 4 5 1 0 0 5 4 3 0 4 1 0 0 1 5 1 3 0 4 2 5 3 4 4 4 0
   1 5 2 2 1 5]
  [0 5 2 4 0 2 1 3 4 0 4 3 5 5 4 1 0 5 2 3 2 0 2 4 3 3 2 3 1 3 2 0 5 1 0
   4 3 0 2 5 4]
  [0 1 5 2 1 2 4 0 4 1 0 1 0 1 1 3 5 0 4 2 2 2 0 3 5 2 0 4 4 3 0 1 0 1 0
   4 3 5 0 2 4]
  [0 4 5 0 4 4 1 1 5 5 0 5 4 1 1 3 2 3 0 0 1 5 4 0 0 4 5 0 4 3 3 2 3 2 5
   1 1 1 2 3 2]
  [0 2 2 4 4 3 4 0 0 3 2 1 3 0 3 1 3 3 2 0 5 4 1 4 0 0 3 5 5 2 4 5 1 1 4
   1 0 4 1 0 5]
  [0 5 1 1 4 5 1 5 3 4 0 4 3 0 4 2 4 1 3 5 2 1 0 5 5 0 0 2 4 0 0 5 5 5 1
   3 1 5 4 4 4]
  [0 5 1 4 0 5 5 1 1 3 1 0 0 3 4 5 5 2 5 0 3 1 3 1 1 4 0 5 3 5 3 4 0 1 4
   3 0 4 4 2 4]
  [0 5 1 3 4 4 0 1 0 5 2 1 4 4 1 1 5 5 2 5 1 1 3 3 1 2 5 0 0 2 2 5 3 5 0
   1 1 4 1 1 0]
  [0 1 0 1 5 4 0 0 1 4 4 0 1 5 1 0 4 0 0 5 1 1 1 2 3 2 2 2 0 0 4 1 2 1 3
   2 2 3 3 2 2]
  [0 3 0 5 2 5 1 4 3 3 2 2 0 1 4 2 3 5 2 3 2 1 3 4 5 2 1 5 4 0 5 1 4 5 3
   5 5 1 5 4 2]
  [0 4 5 2 3 3 3 3 1 0 1 3 0 3 4 2 0 0 5 4 1 3 5 3 2 0 5 1 1 5 0 3 4 4 1
   2 4 4 2 5 0]
  [0 0 4 4 2 0 1 0 2 0 1 1 1 4 2 1 1 1 4 5 3 1 2 2 1 2 5 0 2 0 5 0 5 5 1
   4 2 2 4 0 5]
  [0 1 0 4 2 5 0 0 2 2 2 5 0 4 4 5 0 2 3 3 5 2 1 5 2 2 1 2 3 4 3 0 0 2 0
   3 2 1 2 0 2]
  [0 2 3 3 4 2 5 1 4 5 5 5 3 2 0 0 1 2 2 5 3 2 3 3 1 4 4 4 0 4 1 3 3 0 0
   5 0 0 5 3 4]
  [0 4 5 3 4 4 5 1 2 4 3 3 2 2 2 1 5 5 3 2 1 0 5 1 1 4 5 5 5 3 0 3 2 2 0
   3 0 2 4 0 0]
  [0 0 4 4 1 4 4 4 0 2 3 5 3 1 5 0 2 0 3 0 3 0 3 4 3 1 1 0 0 0 1 0 5 2 4
   0 0 3 5 1 0]
  [0 4 0 4 1 1 3 5 2 2 3 5 5 5 2 0 2 0 1 3 3 1 1 0 5 3 2 3 3 5 0 2 0 5 0
   4 0 2 3 2 4]
  [0 3 1 5 3 0 4 4 5 3 3 4 0 3 1 4 1 1 1 2 1 0 5 5 2 3 2 1 5 1 4 5 1 1 1
   0 4 0 1 2 2]
  [0 3 1 3 2 4 5 4 0 2 0 3 1 1 1 4 3 2 0 1 3 0 0 5 2 5 3 2 1 4 3 1 5 2 3
   1 3 1 0 2 2]
  [0 1 0 5 0 4 4 2 2 2 3 1 5 3 0 2 5 2 3 4 4 3 4 0 0 2 3 4 1 1 3 5 0 0 0
   4 4 4 3 0 0]
  [0 4 0 1 4 2 4 3 4 3 5 2 2 3 0 2 0 3 3 4 2 2 5 0 2 3 3 1 0 5 0 0 5 2 2
   1 2 5 3 1 0]]

 [[0 5 5 3 4 2 2 4 2 5 4 2 0 0 4 3 3 2 5 4 5 1 5 5 2 2 1 0 1 0 2 3 4 2 1
   1 5 1 0 5 0]
  [0 0 5 4 1 2 3 4 4 1 3 2 2 4 3 0 3 4 4 4 2 5 2 1 0 0 1 5 5 3 5 4 2 0 3
   0 2 3 0 3 1]
  [0 5 0 3 1 3 1 0 0 1 3 2 2 4 0 0 0 2 4 3 1 4 0 1 2 2 4 3 5 5 5 5 2 4 2
   3 4 3 5 3 4]
  [0 1 3 0 5 1 2 5 5 1 5 3 1 0 3 1 4 2 3 4 2 1 5 1 0 4 2 3 5 2 2 1 3 3 4
   3 0 5 3 5 2]
  [0 2 5 0 0 2 4 3 4 2 2 5 0 1 2 5 5 5 5 5 1 2 2 3 2 1 3 2 2 4 4 3 3 3 4
   2 3 3 1 0 1]
  [0 0 5 5 5 0 4 5 4 3 3 5 2 3 0 4 4 5 4 4 2 1 1 1 1 3 1 2 1 2 3 4 1 5 1
   2 3 4 5 1 5]
  [0 0 4 1 3 4 0 1 4 1 4 4 4 4 4 3 5 3 1 3 1 0 2 5 5 5 3 5 0 5 1 1 3 3 0
   1 0 2 5 1 5]
  [0 4 0 3 0 4 0 0 0 2 0 1 0 1 2 4 4 3 4 1 4 0 1 2 4 3 1 5 2 4 1 3 4 3 3
   3 4 1 0 3 3]
  [0 4 3 4 3 4 3 2 0 0 2 0 1 3 4 1 3 5 1 4 3 0 2 4 4 5 5 3 4 4 2 2 0 0 1
   3 5 1 3 0 4]
  [0 0 4 3 1 3 0 4 2 0 0 4 0 3 4 4 5 1 5 4 1 1 2 3 4 2 4 3 2 5 2 5 3 2 5
   4 3 4 4 3 5]
  [0 5 4 2 5 0 5 5 3 2 0 1 0 5 1 5 2 3 5 0 4 2 0 4 3 2 1 0 0 5 0 1 4 2 5
   4 0 4 2 4 2]
  [0 5 1 2 4 4 2 3 0 4 3 0 3 4 0 4 4 5 4 1 3 4 1 3 5 3 5 5 4 1 2 0 0 5 1
   3 0 2 0 5 2]
  [0 3 0 2 0 1 0 1 5 0 5 1 0 0 3 3 3 0 0 2 0 3 3 1 1 3 4 3 2 1 0 4 0 3 0
   1 1 2 4 3 2]
  [0 2 1 5 5 5 2 3 5 0 5 4 3 0 0 2 1 1 1 0 5 5 2 1 2 2 5 0 4 0 2 5 2 4 5
   2 5 5 5 5 3]
  [0 1 1 2 1 5 4 1 0 2 4 1 1 5 0 3 5 1 3 1 3 3 1 3 4 1 1 4 2 2 5 1 3 3 0
   5 0 3 3 3 4]
  [0 3 1 3 3 1 5 0 1 3 3 2 5 2 2 0 1 0 3 5 1 2 1 0 5 2 4 4 2 4 4 1 2 2 1
   4 5 2 5 1 0]
  [0 1 4 1 5 3 5 5 3 2 0 1 1 0 5 0 0 3 3 2 2 4 4 0 1 1 3 1 2 0 3 2 0 0 3
   2 2 3 4 4 2]
  [0 1 0 5 5 2 2 3 4 2 3 4 3 3 2 5 0 0 3 1 1 3 0 5 0 4 2 1 1 2 1 1 4 2 1
   3 4 1 4 4 3]
  [0 4 1 1 5 5 4 4 3 3 1 3 5 4 5 4 3 1 0 0 2 2 1 3 0 4 1 2 5 4 2 1 2 0 4
   3 4 2 3 4 4]
  [0 1 0 0 3 2 3 4 3 4 5 3 3 1 5 5 2 1 1 0 1 1 2 1 1 0 2 5 3 0 0 0 4 4 5
   5 3 3 5 1 2]
  [0 1 4 3 3 1 2 0 1 2 2 1 0 0 0 4 4 0 4 4 0 3 3 3 5 1 2 0 5 4 2 4 2 1 1
   0 1 4 2 2 2]
  [0 5 2 1 4 1 2 4 2 4 1 1 4 4 1 3 4 5 3 3 5 0 0 2 4 4 3 1 5 3 5 4 3 5 5
   3 0 3 2 5 4]
  [0 1 2 3 1 4 2 0 0 1 0 3 5 0 0 5 4 2 3 0 2 5 0 3 3 1 0 1 1 2 2 1 0 1 0
   3 4 0 2 1 4]
  [0 0 1 0 3 4 1 4 1 5 4 4 1 0 1 5 3 0 4 4 1 1 4 0 0 0 4 5 3 3 2 3 3 5 3
   4 3 5 2 2 3]
  [0 5 5 1 3 3 4 0 5 2 0 1 5 3 1 1 5 5 5 0 2 0 4 3 0 0 1 1 1 5 3 2 2 3 2
   4 5 3 3 3 4]
  [0 5 4 2 1 3 4 1 1 5 0 1 2 1 4 1 4 4 4 0 3 1 2 2 5 0 3 3 2 1 4 4 4 0 2
   5 2 3 5 3 2]
  [0 2 2 0 5 5 3 3 1 1 3 0 2 2 5 3 5 1 3 3 2 0 5 3 0 3 0 5 0 5 4 0 0 3 0
   1 5 2 2 0 2]
  [0 1 3 3 4 2 1 4 1 2 4 1 2 2 4 1 1 5 0 4 4 2 4 2 1 3 1 0 1 2 0 5 0 1 4
   4 1 1 2 1 3]
  [0 3 4 3 2 4 2 0 5 3 4 5 4 3 0 0 0 0 0 2 5 5 4 2 0 0 4 5 0 2 3 5 1 1 3
   0 2 1 0 4 0]
  [0 4 0 0 0 0 3 3 1 2 1 2 1 1 1 3 5 5 1 0 4 2 1 5 4 3 0 2 0 0 3 4 0 0 2
   2 2 2 4 4 2]
  [0 2 5 2 1 1 3 3 5 4 0 0 3 1 3 2 0 5 3 2 5 4 3 4 4 5 0 5 0 2 0 5 3 5 5
   1 3 2 5 5 3]
  [0 4 5 2 1 3 1 5 0 3 5 3 2 5 1 1 4 4 4 0 1 0 1 1 0 2 5 4 4 0 1 0 3 5 2
   4 0 5 0 4 2]
  [0 2 4 0 0 2 5 3 3 5 4 3 2 5 3 0 2 0 0 3 4 0 4 4 3 3 0 3 2 0 5 4 0 4 1
   2 4 1 5 2 3]
  [0 4 0 4 4 2 0 5 1 0 3 0 4 3 4 5 2 2 3 3 3 2 0 3 5 1 5 4 3 0 3 5 3 0 0
   1 5 5 1 5 5]
  [0 5 5 1 3 1 3 1 3 5 1 0 3 3 0 3 4 4 0 2 4 2 1 0 1 4 0 1 4 4 3 5 2 5 0
   3 1 1 3 2 2]
  [0 2 1 2 0 0 0 4 4 5 0 0 0 4 0 1 1 5 4 2 4 0 4 5 0 5 4 2 5 3 1 1 4 3 3
   0 2 1 2 3 3]
  [0 2 5 3 0 5 1 1 1 1 0 3 4 1 2 0 4 4 4 2 1 5 0 2 4 1 4 3 1 3 5 0 3 4 4
   4 0 2 3 0 5]
  [0 4 1 4 1 2 0 5 5 5 4 2 3 1 2 2 4 5 2 5 2 1 2 3 4 0 2 3 0 4 1 1 3 5 2
   0 2 0 3 2 3]
  [0 4 5 3 3 0 1 5 4 2 0 1 4 4 4 1 5 4 5 1 2 5 1 1 5 2 1 5 0 1 1 5 1 0 2
   2 3 2 0 4 3]
  [0 1 1 5 0 1 0 3 5 2 0 4 3 4 5 2 5 0 4 0 0 0 3 3 3 1 5 5 2 0 1 1 4 2 4
   1 3 1 3 0 2]
  [0 0 5 5 3 2 5 3 3 5 5 3 4 1 1 4 0 1 4 2 5 5 3 4 4 4 3 3 5 5 4 0 0 0 2
   4 4 0 1 5 0]]]
release_time
[  0  34  11  51  19  10  37   0  35  43  28   4  74  48   4  33  47  46
  54  41  55  69 105  47   1   7  59  23  57 184  60  53   3  18   3  17
  60  81  44  48  18]
due_date
[  0  77  80  74  79  66  67  70  64  64  75  70  78  73  65  61  65  64
  66  79  67  71 180  78  73  73  75  65  67 197  65  65  61  61  79  64
  71  96  72  67  62]
unit_emission
[ 8  8 17 10 15]
emission_limit
28696.0
setup_severity
0.02
due_tight
0.9
due_range
0.25
release_tight
10
degree_constr
0.8
