mach
5
job_rate
8
weight
[ 0  3  5  6  6 10  7  8  7  5  5  7  5  5  6 10  7 10  2  8  5  1  4  1
  7  3  7  3  6  5  4  5  5  1  7  5  4  5  6  9  8]
proc_time
[[  0 113 145 110 140 148  95 105  88 123 147  81  96 104 140  97  63 137
   80 138  84 147  92 100  90 119 140  63  84 102 107  56 146  89 111 137
  107  68 122  91 109]
 [  0  71 141  87 106 114 114 105 104 142  76  98 124  62  78 123 115  92
   84  95  62  64  53  91 132  57 132 142 118 112 106 117  64 115 112  59
   51  83 126  84 145]
 [  0  53 130 125  92 110  62  95  82 107  98 120  81  55  86 100  94  64
   74  67 102  91 127  77 110  58  57 102 119  65 116  50 124 100  74  65
   83  78 131  79 143]
 [  0 114 125 111 100 101 145 135 107  61  92  89 105  52 128 145  79  58
   62  82  85 133  64 117 125  93  92  56 110  98 113  83 149 133 125 139
   59 148 109 125  74]
 [  0 112  94  79 101 149 106  99  68  68  77  74  80 112  60 121  50  97
  121  76 115 100  71 110  65  88 125 137 118  99  88  67  72 120  98  85
  108  92 144  66 117]]
setup_time
[[[0 0 2 0 2 3 0 0 3 1 1 3 1 1 3 2 2 3 3 1 2 1 3 3 2 1 2 1 0 0 3 3 4 2 4
   1 3 2 2 3 3]
  [0 0 1 1 3 0 1 2 2 3 0 0 4 2 3 4 2 0 1 0 1 0 2 2 0 4 2 0 1 1 0 3 2 3 0
   4 0 4 1 3 4]
  [0 2 0 2 2 1 3 4 4 3 4 0 0 0 0 4 0 4 3 2 2 0 0 4 1 0 4 2 2 2 0 1 4 4 2
   2 4 2 0 4 4]
  [0 2 2 0 4 3 0 0 1 2 4 3 3 0 4 1 3 4 0 3 0 3 3 4 4 1 2 1 1 2 0 2 4 0 1
   2 2 1 4 0 4]
  [0 4 3 0 0 4 1 2 0 3 4 3 4 0 3 0 0 3 1 0 0 4 3 3 0 4 4 1 2 1 4 0 3 1 2
   4 1 4 3 4 3]
  [0 0 0 4 1 0 4 0 0 2 0 0 1 3 2 0 2 1 3 0 0 3 3 3 1 4 1 1 0 3 1 3 4 2 4
   1 2 4 0 2 2]
  [0 2 4 4 0 1 0 1 4 2 2 3 1 1 4 4 1 2 2 2 3 2 4 2 2 3 3 0 2 4 3 3 3 2 3
   0 4 3 4 0 0]
  [0 0 0 4 1 2 3 0 0 2 2 0 1 3 1 2 0 1 2 3 1 2 1 0 4 1 2 3 0 4 0 3 2 1 2
   1 3 1 3 0 2]
  [0 2 3 4 4 3 4 2 0 1 2 2 1 3 1 3 4 0 0 2 0 2 2 0 3 2 0 3 1 4 4 0 0 4 2
   1 4 0 3 0 1]
  [0 3 2 4 3 1 0 2 3 0 0 4 2 4 2 4 1 1 3 1 1 4 4 0 4 3 1 3 1 2 0 0 1 2 0
   1 2 3 1 0 2]
  [0 4 0 3 4 3 3 3 1 1 0 4 4 3 1 2 1 4 4 2 1 1 1 2 3 1 4 4 1 2 4 2 2 1 4
   4 3 0 2 0 0]
  [0 1 2 2 4 1 0 1 1 1 1 0 3 3 4 1 2 0 1 4 0 4 1 3 3 3 2 3 0 3 1 0 0 0 3
   4 1 4 3 0 4]
  [0 4 0 3 4 4 3 2 4 4 1 0 0 0 1 2 1 1 0 4 0 1 2 3 4 2 4 0 4 4 0 0 4 3 0
   4 3 2 2 1 2]
  [0 0 0 3 2 1 0 3 4 4 4 3 2 0 2 0 3 2 1 3 4 2 1 3 2 2 4 2 4 3 3 0 4 2 2
   1 4 2 1 1 3]
  [0 4 1 2 1 0 2 1 2 0 4 0 3 3 0 2 2 3 3 1 4 1 0 0 4 4 3 1 4 1 4 0 2 1 4
   3 2 2 3 4 3]
  [0 3 2 4 2 0 4 0 3 1 3 3 2 3 2 0 1 0 0 0 4 4 3 0 3 2 3 0 2 1 1 1 4 1 3
   0 4 1 2 4 0]
  [0 3 2 1 3 1 3 3 4 0 2 0 2 2 0 3 0 0 4 3 1 1 3 1 4 2 1 1 2 2 1 1 2 4 4
   3 3 3 3 0 1]
  [0 4 1 4 3 1 3 2 1 0 2 1 2 0 0 3 1 0 3 4 0 4 3 2 4 2 4 1 0 4 0 3 0 3 0
   1 0 2 0 3 4]
  [0 0 1 1 4 3 1 0 3 2 4 0 3 0 3 3 3 2 0 4 1 1 4 3 2 0 3 2 4 0 4 0 0 2 1
   2 0 1 2 2 1]
  [0 2 4 0 1 1 1 0 1 1 2 2 0 2 4 3 0 2 2 0 3 2 2 2 0 0 0 2 1 2 4 1 3 0 4
   4 4 0 2 0 0]
  [0 3 1 4 1 2 4 3 3 4 3 1 0 3 2 4 4 2 1 3 0 3 1 2 4 0 4 0 1 3 1 4 1 1 2
   0 3 1 0 4 1]
  [0 1 3 2 1 0 0 2 1 1 0 3 4 3 4 0 2 3 3 2 1 0 4 4 4 2 4 0 4 4 1 4 0 4 0
   4 3 0 2 4 3]
  [0 3 4 3 4 0 4 2 3 4 0 0 4 0 1 3 3 1 3 4 2 4 0 2 0 2 1 4 0 2 4 2 3 3 1
   2 4 4 2 1 3]
  [0 4 0 2 4 3 4 1 4 2 3 0 2 3 2 3 1 4 1 3 1 2 2 0 3 1 3 1 4 3 4 2 0 1 1
   4 3 3 4 1 1]
  [0 0 0 3 0 0 1 4 3 4 3 3 4 1 2 4 3 4 1 0 3 2 3 3 0 2 1 2 4 3 3 1 4 1 2
   4 4 1 0 3 2]
  [0 4 0 1 1 0 2 2 4 4 2 3 1 3 3 2 1 2 4 4 0 4 3 3 3 0 4 2 0 4 4 0 1 3 2
   1 0 4 0 0 0]
  [0 4 4 0 0 4 3 1 4 4 1 2 0 0 2 4 4 3 4 0 3 4 2 2 3 2 0 4 2 0 1 1 0 4 4
   3 2 3 0 3 2]
  [0 2 3 2 3 3 0 0 2 3 3 0 4 3 4 2 2 3 3 1 1 0 4 1 3 3 1 0 2 2 4 1 3 3 2
   0 3 3 1 3 4]
  [0 1 4 2 3 0 4 3 3 4 0 0 0 1 1 3 1 0 0 2 1 3 4 0 0 2 1 3 0 0 0 2 4 1 4
   2 2 1 1 4 2]
  [0 4 1 3 0 2 3 4 3 4 2 1 3 2 2 3 4 2 4 3 1 4 1 0 0 0 0 0 4 0 4 3 2 3 1
   4 2 1 2 0 4]
  [0 4 3 4 3 0 1 4 1 1 3 0 0 0 3 1 2 1 4 3 0 4 3 1 4 0 1 3 3 2 0 1 1 1 4
   0 0 3 2 2 3]
  [0 2 3 1 4 1 3 3 1 4 4 3 2 0 1 2 3 1 1 1 3 4 3 1 1 3 2 4 2 0 4 0 3 1 3
   4 4 3 4 3 4]
  [0 2 3 4 2 1 3 4 2 1 2 4 2 1 1 2 1 3 4 1 2 3 2 3 4 4 1 2 0 2 1 4 0 2 2
   4 1 4 1 2 1]
  [0 3 4 0 3 0 4 3 1 2 3 0 2 1 0 0 3 1 0 2 2 1 2 1 3 2 4 0 4 3 4 2 1 0 1
   0 2 1 4 1 4]
  [0 0 4 4 1 4 0 4 2 2 3 1 0 4 4 1 1 3 4 4 4 0 3 1 3 3 1 0 4 2 4 1 2 3 0
   2 0 0 0 2 1]
  [0 4 1 1 2 1 2 4 0 1 1 2 2 4 4 0 3 0 2 0 2 3 2 2 3 1 1 3 0 1 4 2 3 3 2
   0 0 3 0 1 4]
  [0 4 2 1 1 2 4 4 1 0 0 0 1 0 0 0 1 2 3 3 0 4 1 4 4 3 2 0 1 4 3 1 1 1 3
   2 0 0 2 2 0]
  [0 4 3 3 1 1 1 4 2 4 1 1 4 4 3 0 1 4 4 1 4 4 1 4 1 1 3 1 1 3 4 0 0 4 3
   4 0 0 3 4 2]
  [0 4 0 0 2 0 0 1 2 3 0 4 0 1 0 4 2 0 0 3 4 3 1 0 2 3 0 0 0 3 1 2 1 3 3
   1 0 1 0 2 2]
  [0 0 2 1 2 4 4 3 0 1 1 2 3 4 0 2 3 4 2 3 0 4 0 0 0 0 1 3 3 2 1 2 0 3 2
   0 0 4 2 0 3]
  [0 3 1 4 1 2 0 1 3 3 1 2 2 1 1 3 4 3 3 2 0 1 4 3 2 1 0 3 3 3 2 2 2 0 1
   1 3 3 0 0 0]]

 [[0 3 0 3 1 1 4 1 1 3 3 0 0 2 2 2 1 1 4 4 1 2 4 0 3 1 0 4 1 2 0 0 2 2 4
   3 4 4 4 0 0]
  [0 0 1 1 3 0 0 1 2 4 4 3 2 3 2 2 2 1 3 1 4 4 0 0 3 4 1 2 0 4 3 4 3 3 1
   1 0 0 1 2 1]
  [0 4 0 2 2 0 3 2 3 0 1 2 4 1 0 3 2 3 0 4 3 2 0 0 4 3 4 3 4 0 0 0 2 3 1
   1 1 1 3 0 4]
  [0 1 2 0 0 3 1 3 0 1 4 3 2 1 1 4 2 4 2 2 2 4 1 0 0 0 0 1 2 3 0 2 4 2 3
   2 0 0 1 0 3]
  [0 2 0 2 0 4 0 2 3 0 0 2 0 2 4 1 2 1 3 4 1 2 4 3 4 3 2 1 4 0 4 1 3 0 2
   2 1 4 1 3 4]
  [0 4 1 2 1 0 0 0 0 1 2 2 2 4 0 3 0 4 4 4 2 1 3 1 3 4 4 3 3 2 4 4 4 3 4
   0 4 1 4 3 4]
  [0 3 0 4 0 2 0 4 3 0 3 2 1 3 0 0 4 3 0 3 2 3 1 0 1 2 3 1 4 2 2 4 1 1 3
   0 4 3 4 3 3]
  [0 3 1 3 3 1 2 0 0 1 3 2 2 1 2 3 3 2 3 2 1 2 4 2 1 4 3 3 4 1 2 3 1 3 1
   2 3 1 3 3 0]
  [0 3 4 0 3 1 2 3 0 3 3 3 1 2 0 3 0 3 4 3 0 2 0 3 2 1 1 3 3 0 4 3 1 3 3
   4 1 2 1 4 2]
  [0 4 1 1 2 1 1 2 0 0 2 1 1 4 0 2 1 0 2 3 2 1 3 1 2 4 0 2 1 1 4 0 0 4 3
   2 4 0 3 4 2]
  [0 1 1 1 2 1 0 2 3 1 0 4 1 3 0 3 2 1 2 0 3 1 1 3 0 0 0 3 1 1 3 1 4 3 2
   2 0 1 4 1 4]
  [0 0 4 1 2 1 0 2 3 2 3 0 3 3 3 2 4 1 3 3 2 0 0 0 4 3 0 3 3 2 2 0 0 3 1
   4 1 1 1 2 3]
  [0 1 1 1 0 4 1 2 4 3 4 1 0 2 2 4 4 2 3 4 1 3 1 1 4 4 3 2 1 3 3 2 1 0 4
   0 1 0 1 0 1]
  [0 4 2 3 1 1 3 0 2 4 4 4 4 0 0 2 3 2 3 4 3 4 3 4 3 4 1 3 2 2 2 0 0 1 0
   0 2 0 1 3 2]
  [0 4 3 4 3 1 4 4 4 3 3 0 3 0 0 1 0 3 2 3 2 4 3 2 2 1 4 1 4 2 0 4 0 4 1
   2 0 2 0 0 4]
  [0 3 1 3 4 2 1 0 0 2 4 4 3 4 0 0 1 3 4 0 0 3 3 3 1 4 0 3 4 2 3 4 4 1 1
   3 0 4 2 2 2]
  [0 4 4 4 3 1 4 3 4 2 2 3 3 3 0 4 0 4 1 0 4 4 0 3 0 4 1 4 0 4 4 1 4 0 0
   4 2 3 2 2 3]
  [0 2 3 2 1 3 0 3 1 3 3 4 3 2 2 2 3 0 3 1 3 4 1 2 4 2 1 4 4 0 4 1 1 3 4
   0 3 2 4 3 0]
  [0 2 3 3 1 0 0 0 1 0 3 0 1 2 1 4 2 4 0 0 4 3 1 2 4 2 0 3 1 1 3 1 0 0 2
   3 1 4 4 3 0]
  [0 3 2 4 4 3 2 0 1 2 0 1 2 3 1 3 4 4 0 0 0 3 3 1 0 1 4 3 4 1 0 3 0 4 1
   3 0 4 1 3 2]
  [0 3 4 2 2 0 1 3 2 0 3 4 4 0 0 4 0 4 1 1 0 4 4 0 3 1 4 3 2 1 0 0 3 2 4
   4 4 0 1 3 1]
  [0 3 1 4 2 3 1 0 3 3 1 1 1 2 0 1 2 3 3 4 0 0 2 1 0 3 0 4 1 4 3 1 0 1 0
   4 3 2 4 3 1]
  [0 3 1 0 1 3 1 0 2 1 0 1 1 2 0 2 4 2 4 2 2 0 0 3 4 1 0 2 1 4 0 3 4 4 1
   0 4 1 1 3 0]
  [0 4 0 4 3 0 4 4 3 3 0 4 0 0 0 4 4 1 3 0 1 4 4 0 3 1 3 0 0 1 1 3 3 4 0
   3 1 3 2 2 3]
  [0 3 4 0 1 1 1 3 4 1 2 3 0 1 2 2 4 4 1 4 4 2 4 1 0 2 2 2 3 2 2 4 3 0 4
   1 0 0 0 0 2]
  [0 0 2 0 1 2 2 3 0 4 4 0 0 2 0 3 2 4 0 4 4 2 1 4 4 0 3 1 2 3 1 3 0 0 0
   0 3 4 3 4 4]
  [0 4 0 1 4 1 0 4 0 4 4 4 1 2 1 4 0 0 1 3 3 0 1 4 2 3 0 4 1 3 4 0 2 1 4
   2 2 4 1 4 1]
  [0 3 4 3 0 3 0 4 2 1 2 4 1 2 2 2 4 3 4 2 1 1 1 3 4 3 1 0 4 1 3 4 0 0 1
   0 0 0 4 2 1]
  [0 3 3 0 0 1 0 4 3 3 3 0 3 4 3 0 3 1 2 2 0 4 4 0 2 0 1 0 0 0 1 3 1 2 0
   4 0 4 2 1 1]
  [0 4 3 1 2 0 3 2 3 0 4 3 2 1 4 2 0 0 3 2 3 0 3 0 4 1 2 0 1 0 4 0 3 2 0
   2 1 0 2 1 3]
  [0 4 2 2 3 2 0 4 0 2 1 2 2 3 3 3 0 0 2 1 4 2 2 3 3 3 4 2 4 3 0 2 0 2 4
   1 3 2 4 0 0]
  [0 2 1 2 2 0 3 1 1 4 1 1 3 1 1 2 2 2 3 2 4 4 0 0 3 4 1 4 0 4 4 0 1 0 1
   0 1 2 1 0 3]
  [0 1 0 4 1 2 1 2 3 3 1 0 2 3 0 3 4 1 2 1 0 2 4 3 1 3 1 3 2 0 1 1 0 3 4
   4 4 0 1 0 1]
  [0 0 2 3 0 4 4 4 2 4 0 2 3 1 2 0 1 0 1 2 0 2 2 2 3 0 0 2 2 1 3 0 1 0 2
   1 1 4 2 2 3]
  [0 3 2 2 2 4 1 2 1 2 1 2 0 4 1 0 0 1 4 0 0 2 4 3 4 4 1 3 0 1 3 0 1 1 0
   4 2 1 4 2 1]
  [0 0 2 2 4 4 2 2 0 4 1 3 4 4 4 3 3 3 4 3 1 4 2 1 3 4 1 2 3 2 1 2 3 3 4
   0 3 3 0 4 4]
  [0 2 3 3 3 1 0 0 2 0 0 3 1 2 1 0 3 1 4 2 2 0 1 1 2 0 0 0 3 4 1 1 1 0 4
   1 0 3 1 2 3]
  [0 2 3 1 4 3 1 1 2 0 0 2 2 2 0 4 4 2 3 2 1 2 0 1 0 0 0 0 0 3 3 3 4 0 1
   2 0 0 3 2 4]
  [0 0 0 3 2 1 4 1 2 4 1 0 2 3 1 0 0 2 0 2 4 2 3 0 0 4 1 3 3 4 0 0 3 1 1
   0 1 0 0 3 1]
  [0 3 0 3 3 4 3 0 3 2 2 4 3 2 4 3 0 3 1 1 1 3 3 0 1 1 3 1 1 0 0 4 1 4 2
   0 1 0 2 0 4]
  [0 1 1 1 0 4 1 3 0 1 4 2 0 3 1 0 4 0 3 3 2 3 2 1 2 1 3 0 4 3 2 1 0 4 4
   1 2 1 2 1 0]]

 [[0 1 4 3 4 3 2 3 4 2 3 0 2 1 1 0 2 0 4 0 0 3 1 0 3 4 4 1 2 2 1 1 4 2 2
   0 0 2 0 3 1]
  [0 0 2 1 0 0 4 1 0 1 1 0 4 1 0 1 4 2 3 0 0 4 2 0 0 1 4 0 1 0 2 1 0 2 1
   1 2 4 3 4 0]
  [0 0 0 3 2 4 2 2 1 3 4 0 1 2 1 3 2 4 4 1 1 3 4 1 3 1 0 4 1 3 2 4 0 3 0
   0 4 0 4 0 1]
  [0 2 3 0 0 0 4 4 2 1 4 2 1 4 3 2 3 2 2 4 2 2 0 3 1 0 2 1 2 4 4 2 0 1 3
   0 0 2 3 0 0]
  [0 1 1 0 0 3 0 0 0 3 3 3 4 2 0 3 3 3 2 3 0 0 0 4 3 1 1 4 1 3 1 4 2 4 2
   0 0 1 1 3 0]
  [0 0 3 2 1 0 2 1 0 0 1 2 1 2 2 0 3 2 0 0 2 2 0 3 2 1 4 1 0 2 2 3 2 0 2
   3 4 0 3 3 0]
  [0 3 4 1 3 1 0 1 0 3 1 2 3 1 0 3 1 1 3 1 0 0 3 2 2 0 2 4 1 4 0 1 4 3 4
   0 0 2 3 2 3]
  [0 0 0 4 1 3 1 0 2 3 2 0 4 2 4 4 4 0 4 0 1 3 0 2 2 0 0 0 3 3 2 4 3 4 3
   1 0 0 1 0 1]
  [0 1 1 1 0 1 1 4 0 3 2 4 0 2 4 1 4 2 2 0 1 4 0 3 2 0 0 0 0 0 2 2 3 0 1
   4 2 1 0 3 2]
  [0 2 1 0 1 0 3 4 2 0 0 3 4 3 3 1 1 1 2 1 3 2 0 1 3 4 1 2 1 0 1 3 1 1 3
   0 2 4 4 2 1]
  [0 2 0 4 3 0 1 4 3 0 0 2 2 4 0 1 1 1 4 3 0 4 4 0 1 4 0 1 2 0 1 3 1 0 3
   4 3 4 2 3 4]
  [0 1 0 0 3 3 1 4 4 0 3 0 0 4 0 4 4 2 1 4 2 0 4 2 0 3 3 3 3 4 3 3 0 3 3
   4 3 3 3 1 2]
  [0 1 4 2 2 0 3 4 0 0 2 0 0 0 1 1 2 3 3 1 2 4 0 4 2 0 2 4 2 0 0 1 4 2 2
   0 0 3 3 2 4]
  [0 3 2 1 2 4 2 4 0 1 3 1 0 0 1 1 2 3 4 4 0 2 4 3 3 0 2 2 0 2 3 0 1 1 0
   0 4 2 3 4 4]
  [0 0 0 2 4 4 1 4 3 1 0 2 1 1 0 2 1 4 2 4 3 2 1 0 2 2 2 4 4 3 3 0 3 0 2
   3 1 3 3 0 3]
  [0 1 1 0 0 4 0 2 0 3 2 4 4 2 2 0 4 3 3 3 4 3 2 0 2 0 0 4 4 1 1 2 1 2 4
   1 1 1 4 0 2]
  [0 0 4 1 4 3 4 2 1 4 0 0 2 4 0 3 0 1 1 2 0 2 0 4 0 3 0 1 1 1 2 4 3 1 4
   4 4 1 1 3 0]
  [0 3 4 3 1 3 1 0 4 2 1 2 2 1 2 4 0 0 0 0 1 2 4 4 1 0 3 0 2 4 4 3 0 0 2
   2 4 2 0 2 0]
  [0 2 0 3 0 0 0 3 1 3 0 0 3 2 4 0 1 0 0 2 2 4 0 0 3 1 4 3 0 4 1 4 3 2 2
   4 2 2 0 4 0]
  [0 1 0 3 0 3 3 3 1 4 3 0 2 1 0 2 1 1 1 0 4 3 0 2 2 1 2 3 1 4 0 1 1 4 4
   4 2 2 0 3 4]
  [0 0 3 3 0 3 2 3 3 2 0 2 3 4 4 4 4 0 2 3 0 1 3 1 2 1 4 4 2 3 3 1 4 1 4
   2 4 0 1 0 1]
  [0 2 3 0 4 2 1 4 2 3 1 3 4 4 3 1 2 2 1 0 1 0 4 3 3 2 2 1 0 1 3 3 0 4 2
   0 1 2 4 2 3]
  [0 3 0 3 4 4 3 0 2 4 0 1 1 4 1 2 3 1 0 4 0 3 0 2 2 3 2 1 0 1 1 0 3 2 4
   1 4 4 3 2 1]
  [0 4 3 2 0 3 3 0 1 3 0 0 1 0 3 3 3 3 0 0 0 3 0 0 4 3 0 0 1 0 4 2 0 1 4
   1 1 2 0 3 1]
  [0 0 3 2 1 0 4 4 0 2 2 4 1 1 3 3 2 4 2 0 1 3 2 1 0 4 4 3 1 3 1 0 0 2 1
   1 3 2 1 4 1]
  [0 3 4 1 2 4 0 0 3 2 0 2 0 4 4 4 3 2 0 1 3 2 1 4 4 0 3 4 1 2 2 0 0 4 4
   3 3 0 2 2 0]
  [0 3 1 1 1 4 1 3 2 3 1 2 1 0 1 4 0 4 2 4 1 0 2 3 0 2 0 0 0 2 4 1 1 3 3
   3 4 4 0 0 2]
  [0 2 2 2 2 3 2 3 3 3 3 1 0 0 0 3 2 4 0 4 1 3 1 3 1 0 0 0 1 4 1 1 1 0 2
   4 3 3 3 3 3]
  [0 3 2 2 0 0 3 4 0 0 4 3 2 3 4 2 3 2 0 4 2 1 3 4 4 2 4 2 0 4 1 0 3 1 3
   2 4 0 0 0 1]
  [0 4 4 0 0 4 1 1 0 2 3 4 0 4 2 2 0 3 4 1 0 2 0 0 4 0 2 2 3 0 0 2 3 2 1
   3 1 2 2 3 3]
  [0 0 2 3 3 0 0 0 0 1 4 1 3 3 2 4 3 4 4 4 0 2 0 4 2 1 2 4 4 3 0 2 1 4 3
   2 4 4 0 4 1]
  [0 4 0 4 1 2 4 0 0 0 4 2 2 1 0 0 1 3 3 2 2 2 4 3 4 0 3 3 0 2 0 0 4 3 4
   1 3 3 3 0 4]
  [0 3 1 2 4 1 2 1 4 3 1 4 2 0 4 0 4 2 4 1 1 4 0 0 2 2 4 2 1 2 0 1 0 2 2
   0 1 0 0 4 0]
  [0 0 1 2 3 0 2 0 4 3 0 1 1 4 4 3 4 2 2 3 3 1 3 1 1 2 1 4 4 2 3 4 0 0 4
   0 1 2 1 3 0]
  [0 2 0 1 3 2 1 0 1 2 4 2 2 2 3 3 0 4 3 3 4 2 2 2 4 3 0 3 0 4 2 0 1 4 0
   3 0 2 0 2 2]
  [0 2 2 2 4 4 3 1 1 1 4 3 2 1 2 2 3 0 1 4 1 2 0 2 2 1 2 2 4 2 2 3 0 1 0
   0 4 3 0 2 0]
  [0 1 0 1 3 1 1 2 2 2 1 2 4 0 3 3 0 0 0 4 3 3 4 1 4 2 4 1 4 3 4 1 1 4 2
   4 0 4 4 1 3]
  [0 3 4 0 0 0 4 0 4 0 4 0 1 2 0 0 2 4 3 4 2 0 0 1 3 1 1 0 0 0 0 2 3 0 1
   2 2 0 0 0 4]
  [0 4 1 4 2 4 1 0 0 4 0 4 4 1 3 1 0 3 3 3 4 3 1 2 4 2 0 1 3 0 0 3 0 3 2
   0 1 1 0 1 3]
  [0 3 2 0 3 1 3 2 1 4 3 3 4 2 4 4 1 3 0 4 2 0 4 1 0 1 0 1 0 3 3 3 0 2 4
   0 2 0 3 0 1]
  [0 3 3 1 4 1 1 3 4 4 0 4 4 0 0 1 0 4 3 3 4 1 1 3 1 2 3 1 1 2 3 2 3 2 3
   0 0 4 0 1 0]]

 [[0 3 3 4 3 1 4 0 0 1 0 4 4 4 2 3 1 4 1 0 4 0 2 1 0 3 0 3 0 3 2 0 0 4 3
   2 0 0 0 0 0]
  [0 0 1 2 3 3 2 1 0 2 1 1 4 3 3 3 4 3 4 3 4 4 1 4 0 3 3 1 4 1 3 3 1 2 4
   3 1 1 1 1 2]
  [0 1 0 1 1 4 4 1 3 4 0 1 1 2 1 2 2 3 0 3 4 3 4 0 1 3 2 4 1 1 2 1 3 3 0
   3 2 4 4 1 1]
  [0 4 4 0 2 0 3 2 4 1 3 0 1 2 4 4 3 2 2 0 0 0 3 1 2 3 1 1 3 1 1 0 0 0 0
   4 4 0 4 3 3]
  [0 0 3 0 0 0 0 0 2 1 2 4 3 2 2 1 3 3 3 2 0 1 3 0 3 4 0 1 2 4 4 1 0 2 4
   2 3 0 4 2 3]
  [0 3 4 4 2 0 4 3 0 3 0 1 0 1 0 3 2 3 1 1 2 0 2 1 0 1 4 0 1 4 2 4 1 1 3
   3 0 1 2 1 0]
  [0 3 3 0 1 4 0 1 1 4 2 3 0 0 1 4 2 4 0 4 0 1 1 4 1 0 0 4 3 3 4 0 2 1 2
   3 3 1 0 0 3]
  [0 2 0 1 1 4 1 0 2 4 1 1 0 0 4 3 0 3 0 0 2 0 3 1 4 4 0 3 3 0 4 1 3 1 4
   1 2 2 1 3 4]
  [0 0 2 1 0 2 3 0 0 1 0 3 3 4 4 3 1 1 1 3 2 3 3 1 3 0 3 4 4 1 2 2 1 2 0
   0 1 3 4 0 2]
  [0 1 1 1 4 4 0 1 4 0 3 4 4 4 0 0 3 2 3 4 1 4 0 4 2 0 1 1 2 2 2 3 4 0 0
   1 1 0 0 1 1]
  [0 3 1 2 1 4 1 1 2 1 0 2 1 1 1 1 3 4 0 2 4 3 4 1 2 3 3 2 0 3 2 3 4 3 4
   3 1 0 3 2 2]
  [0 4 4 4 0 1 3 2 1 3 4 0 3 3 3 4 2 3 1 4 1 0 4 4 0 2 3 4 2 0 4 0 1 1 3
   0 2 0 1 0 4]
  [0 1 3 4 3 2 2 4 4 0 3 1 0 3 2 3 3 3 3 0 1 4 0 0 0 2 1 0 0 1 4 3 2 4 1
   4 3 0 2 1 4]
  [0 4 1 3 0 1 2 3 4 0 1 3 3 0 2 4 0 2 0 0 4 3 0 4 2 4 2 3 4 4 1 0 1 2 0
   4 0 0 0 2 4]
  [0 2 0 1 4 3 1 2 1 0 4 0 1 3 0 1 1 0 1 1 2 2 0 0 4 3 1 3 4 2 0 4 4 0 4
   4 1 3 3 0 3]
  [0 4 4 2 4 1 1 3 4 3 4 3 2 3 3 0 2 4 2 1 2 1 4 0 1 3 0 3 3 3 4 0 2 3 3
   4 3 3 4 0 0]
  [0 2 4 0 0 0 0 2 3 1 3 0 1 4 2 4 0 1 0 4 1 2 2 3 1 4 0 0 3 0 3 2 4 0 2
   4 1 4 2 0 1]
  [0 1 2 4 4 0 3 4 3 4 4 2 1 0 1 1 2 0 0 2 0 0 0 1 4 0 2 3 0 4 4 2 0 1 3
   0 2 1 4 3 4]
  [0 2 3 2 0 2 0 2 1 3 2 2 0 1 2 2 1 4 0 4 0 3 0 2 2 1 4 3 4 3 0 2 3 1 4
   2 4 1 0 2 4]
  [0 3 0 4 2 2 4 1 2 0 0 3 2 0 3 3 4 2 1 0 0 1 0 3 2 2 4 3 3 2 2 4 3 0 3
   2 4 1 1 4 1]
  [0 2 2 0 4 0 3 4 4 4 1 4 1 3 1 2 4 3 2 2 0 4 3 4 0 3 3 2 4 2 1 0 2 1 1
   0 0 1 0 1 4]
  [0 2 0 3 0 4 3 2 1 4 3 4 0 2 4 3 4 0 2 4 3 0 1 0 4 1 1 0 1 0 1 2 4 4 3
   2 2 1 2 1 3]
  [0 3 1 1 0 2 3 1 0 1 3 0 2 3 2 1 3 0 2 2 4 4 0 4 0 2 4 1 2 3 4 3 4 3 4
   4 0 0 3 3 4]
  [0 1 1 2 2 4 2 1 3 3 3 0 0 3 1 3 1 4 2 1 3 3 3 0 0 0 2 0 2 3 2 1 4 4 0
   1 2 1 0 3 4]
  [0 4 2 1 2 2 0 1 3 2 2 1 3 2 1 1 0 2 1 2 3 4 1 1 0 1 0 0 1 0 3 0 2 2 1
   1 3 3 1 3 1]
  [0 0 0 3 0 0 2 1 4 0 0 3 4 1 3 1 3 0 0 4 1 1 1 4 3 0 0 2 4 2 3 4 1 1 2
   2 4 4 0 2 1]
  [0 1 0 2 1 2 0 1 3 2 4 2 3 3 1 0 0 1 1 0 3 3 3 0 4 2 0 1 3 4 3 0 2 4 3
   1 1 1 2 2 1]
  [0 1 2 4 4 0 2 0 1 1 2 0 4 1 0 0 1 0 3 2 2 2 2 1 2 3 3 0 3 1 4 3 3 3 3
   2 0 3 0 0 4]
  [0 2 3 2 2 4 4 2 4 3 3 2 2 3 3 1 4 2 2 1 0 0 3 2 1 3 0 2 0 2 3 3 1 1 3
   0 0 4 3 0 2]
  [0 1 2 4 4 3 3 3 1 3 2 3 0 1 1 1 4 0 3 3 0 4 0 2 0 4 4 0 3 0 4 3 2 0 3
   1 2 0 2 1 4]
  [0 4 3 1 2 4 1 4 4 2 3 4 2 1 0 0 1 4 3 2 3 1 3 4 2 4 1 1 2 0 0 0 0 3 0
   0 2 3 1 0 0]
  [0 1 1 4 0 0 4 2 1 3 1 0 4 4 3 3 2 2 1 4 1 3 0 1 1 4 0 4 4 1 3 0 2 4 2
   3 2 3 1 3 0]
  [0 3 0 1 1 4 4 2 2 0 1 2 3 3 0 4 0 2 4 3 1 0 3 2 1 1 0 4 3 2 4 4 0 4 3
   1 0 1 0 1 3]
  [0 3 0 2 2 2 4 0 0 0 1 2 4 3 4 3 0 2 2 3 0 3 2 3 1 1 1 4 0 2 4 4 0 0 0
   4 1 0 0 1 0]
  [0 4 3 1 3 2 0 3 4 3 4 1 2 2 4 1 0 4 0 2 1 0 3 0 3 2 0 4 3 1 1 3 1 3 0
   1 1 2 1 4 1]
  [0 4 0 0 1 2 2 1 0 3 0 0 2 0 1 4 3 4 0 1 1 4 1 1 2 4 0 0 3 1 2 2 0 4 3
   0 4 2 4 1 0]
  [0 0 0 0 4 0 4 4 3 1 1 3 0 1 3 1 0 2 1 4 3 0 1 2 0 2 2 4 1 1 2 1 1 2 4
   0 0 1 2 4 0]
  [0 1 4 4 2 2 1 1 3 2 2 1 3 0 4 4 3 1 4 2 2 2 2 3 4 0 1 1 1 0 0 1 2 2 4
   0 0 0 1 2 0]
  [0 1 0 0 3 1 1 0 2 2 4 0 1 0 2 1 1 3 0 1 4 1 3 4 0 0 1 1 0 3 2 2 0 4 0
   4 4 3 0 0 3]
  [0 3 2 0 3 2 4 0 0 3 1 1 3 1 3 4 3 3 4 4 1 3 3 1 1 3 1 3 1 2 1 2 3 0 4
   0 3 2 1 0 2]
  [0 0 4 0 0 1 1 2 4 2 4 3 0 1 1 3 2 1 3 2 4 4 4 3 4 4 2 3 4 4 0 1 4 1 3
   3 4 0 4 1 0]]

 [[0 1 2 1 2 4 0 2 0 0 0 0 3 1 0 4 2 2 3 1 4 3 1 2 2 1 1 1 3 1 1 1 4 3 1
   3 4 1 4 2 4]
  [0 0 4 3 4 3 2 4 4 2 2 1 2 4 2 2 2 4 1 2 3 0 2 1 3 2 3 1 4 0 3 4 4 0 0
   0 3 2 4 0 4]
  [0 2 0 1 2 3 0 3 1 1 4 1 0 3 3 3 3 2 2 0 3 1 2 1 3 1 4 0 4 0 2 2 0 2 1
   2 0 0 3 1 1]
  [0 2 2 0 1 0 2 3 4 3 2 4 4 1 2 3 3 0 0 4 0 3 1 0 1 2 1 0 1 2 1 0 2 0 1
   4 0 3 3 3 0]
  [0 0 3 4 0 2 1 4 2 3 1 1 2 4 4 4 2 1 0 4 0 2 3 2 1 0 1 0 4 1 4 1 4 3 4
   1 2 2 0 2 4]
  [0 4 4 0 3 0 4 2 4 2 3 2 4 3 0 4 2 4 2 2 0 4 4 4 3 3 1 3 0 2 1 0 3 0 0
   2 1 2 2 3 2]
  [0 4 2 1 0 2 0 1 1 4 4 0 1 3 2 2 3 2 3 2 4 4 0 3 1 0 4 1 1 1 0 2 1 3 1
   0 2 1 2 3 4]
  [0 4 3 4 0 4 1 0 4 1 4 4 1 2 2 1 1 4 4 1 2 4 1 2 1 4 1 3 0 2 1 1 4 1 3
   2 0 3 0 1 3]
  [0 4 3 1 2 0 2 2 0 0 1 0 1 1 3 2 0 2 4 4 1 0 1 0 2 4 2 1 3 2 3 3 4 3 2
   1 2 0 1 0 0]
  [0 4 3 2 4 1 3 3 2 0 1 2 4 0 2 0 1 2 4 0 1 2 0 0 0 4 0 0 4 3 0 0 2 2 0
   0 0 2 1 1 1]
  [0 0 4 4 3 2 1 2 0 3 0 3 3 3 4 4 1 4 3 1 4 1 1 4 1 0 0 1 2 0 1 3 3 0 1
   4 2 2 4 1 0]
  [0 1 1 1 0 0 3 1 0 1 2 0 4 3 3 0 1 2 2 4 2 3 3 4 1 4 1 0 1 2 0 1 4 1 3
   2 3 3 2 1 4]
  [0 3 0 1 4 1 4 1 2 0 4 4 0 2 4 1 3 1 4 3 4 2 2 0 1 4 3 3 3 0 0 1 0 2 0
   0 2 1 2 4 4]
  [0 2 4 1 2 0 0 2 4 3 2 3 1 0 3 1 3 1 4 1 2 3 1 0 3 3 0 2 4 3 2 3 4 0 1
   0 4 3 1 4 1]
  [0 2 2 0 0 1 3 3 2 0 2 2 1 2 0 0 3 3 1 4 3 1 4 3 4 0 2 2 0 4 2 0 4 1 3
   2 1 0 2 2 3]
  [0 3 0 3 0 0 2 3 2 2 0 2 0 2 1 0 3 0 2 3 4 1 0 2 3 4 3 4 2 3 2 4 4 2 0
   1 0 3 3 4 0]
  [0 3 2 3 4 3 0 1 1 0 3 0 1 2 0 0 0 3 4 1 4 4 1 1 3 0 4 1 2 0 2 3 4 4 3
   2 1 3 2 3 4]
  [0 0 1 2 3 0 4 4 3 0 4 4 4 2 0 0 2 0 2 2 3 1 3 1 0 3 0 1 0 2 4 0 1 4 1
   1 2 2 2 2 4]
  [0 3 1 4 4 4 1 0 2 4 4 3 0 2 1 0 0 0 0 1 2 3 4 3 3 3 2 4 0 4 0 3 3 4 2
   2 3 1 1 1 4]
  [0 2 2 0 4 2 1 0 4 0 4 0 4 3 4 0 3 2 3 0 2 3 0 4 1 1 0 0 4 4 2 0 0 3 2
   4 0 3 1 0 3]
  [0 0 0 4 0 4 0 2 3 0 1 4 0 2 1 3 0 2 1 0 0 1 2 0 2 0 0 2 1 3 4 0 3 0 2
   2 2 0 4 1 2]
  [0 0 1 1 4 3 0 1 3 4 2 4 0 0 2 4 0 2 1 0 3 0 2 0 1 4 1 4 1 0 1 1 0 0 4
   2 0 4 2 4 2]
  [0 2 4 3 3 2 0 4 3 4 0 1 1 2 3 2 3 1 2 4 2 2 0 4 0 1 0 0 0 3 2 0 4 4 3
   1 3 4 4 0 4]
  [0 3 3 3 1 1 0 1 1 0 2 2 4 4 3 1 3 1 1 1 0 2 0 0 0 1 2 1 4 4 4 2 1 0 0
   2 2 3 2 2 4]
  [0 1 4 0 1 0 4 3 2 3 3 1 3 1 1 4 0 4 0 1 1 4 3 1 0 3 3 3 1 2 4 3 4 3 3
   0 1 4 2 3 2]
  [0 0 4 1 3 0 4 2 2 0 2 2 2 2 0 3 3 4 2 1 0 3 3 2 4 0 2 1 1 4 0 3 2 4 3
   4 4 1 3 2 0]
  [0 4 3 4 3 1 1 2 4 0 4 1 1 4 3 3 2 2 2 2 3 1 4 0 4 2 0 2 1 4 0 3 3 4 1
   3 1 2 2 4 3]
  [0 3 1 0 1 0 2 2 2 2 3 3 1 4 4 3 2 0 3 1 4 1 4 4 0 2 1 0 2 4 2 2 1 3 4
   2 3 0 1 1 4]
  [0 2 0 0 4 4 0 1 0 4 4 1 1 2 4 4 1 0 2 4 2 4 0 0 0 4 1 0 0 4 3 1 2 0 4
   3 2 2 4 2 1]
  [0 1 1 1 0 4 3 1 0 0 3 1 2 4 4 4 3 3 1 1 1 3 3 2 0 0 0 3 2 0 3 0 0 1 3
   0 4 2 3 2 4]
  [0 2 0 0 0 2 2 2 1 0 0 1 4 1 2 2 3 2 4 3 4 1 4 1 3 4 3 1 0 2 0 1 4 0 1
   0 2 0 0 2 3]
  [0 4 3 4 4 0 1 0 4 4 1 0 4 3 4 1 3 1 3 1 2 0 1 0 1 4 3 3 1 4 4 0 1 0 3
   3 2 1 3 2 3]
  [0 4 3 2 3 2 1 3 1 0 3 0 4 4 3 3 4 0 1 3 2 3 0 3 0 1 2 2 1 1 4 0 0 4 0
   0 4 4 4 0 1]
  [0 0 1 2 3 3 2 4 1 4 2 1 4 1 4 2 3 4 4 0 0 0 0 4 3 1 0 1 0 4 0 2 3 0 2
   2 2 1 0 4 0]
  [0 2 3 1 0 2 0 0 3 4 4 1 1 4 0 3 4 2 4 0 3 2 3 2 2 0 4 3 4 0 2 3 3 3 0
   4 1 1 2 4 4]
  [0 0 2 4 3 4 0 2 2 1 2 1 1 4 3 0 3 0 0 3 4 3 3 3 4 3 2 4 4 3 2 1 2 1 4
   0 3 4 1 4 0]
  [0 1 0 4 3 3 2 2 1 0 1 4 0 2 3 4 2 3 3 1 2 1 1 0 3 1 4 2 4 0 2 1 3 4 0
   0 0 4 2 0 3]
  [0 4 4 1 4 4 2 1 1 0 1 0 3 4 1 1 2 4 0 3 2 0 0 4 3 3 3 3 1 0 0 3 3 4 3
   0 4 0 0 4 4]
  [0 2 0 0 4 1 4 1 2 4 1 1 4 2 4 0 4 0 0 0 2 3 2 2 1 0 2 3 2 2 1 1 1 0 3
   1 4 3 0 4 3]
  [0 2 3 2 2 4 2 3 0 0 2 0 0 2 3 2 4 0 4 4 1 4 3 0 4 0 4 0 1 3 2 3 1 4 0
   0 1 1 3 0 2]
  [0 3 2 1 0 0 4 1 1 0 0 4 3 1 2 0 1 4 4 0 1 4 0 3 0 0 2 0 1 3 2 1 0 3 4
   4 3 1 2 2 0]]]
release_time
[  0   8  21 283  13  52  27  68  18  25  12  34  31 401  51  22   3   6
   5  40   2  33  10   1  18  13   2  79  26  15   3   1  22   2 623  54
  23   2   1   6 458]
due_date
[  0  57  75 313  39  74  47  69  58  30  20  63  36 421  55  32   9  32
  11  79  28  39  11  16  41  54   9  79  69  15  33  13  37  18 672  71
  52  13   7  18 464]
unit_emission
[ 3  9  8  8 12]
emission_limit
21945.2
setup_severity
0.02
due_tight
0.9
due_range
1.0
release_tight
1
degree_constr
0.8
