mach
5
job_rate
8
weight
[ 0  1 10  4  1  1  4  5  2  3  9  5 10  1  2  7  3  9  6  5  4  7  2  7
  1  8  9  9  9  7  7  1 10  1  9  6  8  2  9 10  7]
proc_time
[[  0  73 126 114  50  73 117  52  80 143  55  98  84 101 128  89 108 129
  111 133  67  76 145 130  86  67 117  65  99  67 110  59 136 133 123 136
   60 121 103 118  59]
 [  0 101 150  68 144 128  84  81  71 130 115 122 118  61  54 101 147  75
  134  75 121 106  93  99  55  95  73  61 140  97  51  57  52  87 117 142
   79 105  71 109 112]
 [  0 130 101 123  82  91  98 106  88 108 117 123 145  58 139 129  79  99
  114 141  90 114  62  78 116  69  97 122  88  84 109  51 142  61  72 110
  118 105  83 135 126]
 [  0  51 109 122  61 139  66 132 100 133 109  96  57  91  65 112 103  55
   68 112  83 113 122 112 125  89  94  61  59  97  72 101  87  76 122 125
   81 121 140  56 117]
 [  0 115 129 116 130  80 100 126  95  88 122  60  64  56 132 125  76  64
  145  64 138  55  56 141  88 123  75 148  87  80  52 147  54 115  82  75
  147 114 150  57 145]]
setup_time
[[[0 2 2 3 0 2 1 1 4 1 3 4 2 0 4 3 2 1 1 4 3 1 4 4 0 2 4 2 1 4 2 0 0 1 1
   2 2 0 2 3 2]
  [0 0 4 2 1 4 4 1 2 3 1 4 4 4 4 2 3 0 3 3 2 1 4 3 4 0 0 1 0 4 3 4 2 3 2
   1 2 0 1 0 1]
  [0 3 0 3 2 1 0 3 4 0 0 4 2 0 0 3 4 3 3 3 2 2 3 4 3 1 4 2 1 2 0 4 1 1 1
   1 2 4 0 2 3]
  [0 3 0 0 3 0 4 0 4 3 2 0 0 0 2 3 2 2 3 2 4 2 0 4 2 4 3 4 1 2 1 4 4 3 0
   3 1 1 4 0 1]
  [0 0 3 0 0 3 2 4 3 3 1 0 4 1 3 0 0 4 1 1 2 1 1 0 0 4 1 1 4 4 2 2 1 3 3
   0 3 2 3 3 1]
  [0 4 1 4 3 0 1 0 0 0 4 3 2 4 1 2 3 4 4 1 1 2 4 1 1 3 1 2 4 3 2 2 2 3 2
   1 3 1 2 2 2]
  [0 1 4 2 2 2 0 4 3 0 0 4 0 3 1 2 3 0 1 1 1 2 4 2 1 0 2 0 0 1 3 4 2 3 0
   0 0 0 2 2 1]
  [0 1 4 2 2 1 2 0 3 0 4 1 3 0 3 3 4 0 0 4 4 0 0 3 3 4 0 0 2 4 0 0 3 1 0
   3 3 4 3 0 2]
  [0 3 1 2 4 3 3 0 0 4 2 1 3 1 2 1 3 2 1 3 4 2 0 1 2 0 0 3 4 0 4 2 2 3 2
   3 1 4 4 4 4]
  [0 1 4 3 4 3 1 0 4 0 0 1 4 0 4 2 1 4 2 2 1 3 1 2 3 1 0 0 1 4 2 0 4 3 0
   4 0 1 1 4 0]
  [0 4 3 4 4 2 0 4 3 1 0 4 3 0 0 2 3 4 1 3 4 3 2 1 1 3 0 1 2 1 2 4 1 2 2
   0 0 1 0 4 4]
  [0 3 2 1 2 0 2 1 3 1 2 0 2 3 1 2 0 3 1 4 3 0 2 1 4 0 4 4 2 3 2 1 3 2 3
   2 2 0 0 4 4]
  [0 4 2 3 2 2 2 3 4 2 4 3 0 1 4 3 0 4 2 4 1 2 0 0 4 3 0 3 4 1 0 2 3 4 4
   3 1 1 2 2 3]
  [0 2 0 1 3 4 4 1 2 0 1 0 0 0 2 1 0 2 2 4 0 1 1 1 3 1 4 4 3 4 3 0 3 3 4
   2 2 3 3 1 0]
  [0 4 4 3 3 3 1 4 0 4 0 2 1 3 0 4 2 2 1 2 0 1 4 2 4 3 0 0 3 0 4 2 2 3 1
   4 3 4 0 3 3]
  [0 1 1 4 4 0 3 0 3 1 0 0 3 3 2 0 0 4 0 1 4 2 1 2 0 4 0 4 3 4 2 1 4 1 3
   2 3 3 4 2 3]
  [0 1 1 3 0 1 0 0 4 3 4 4 3 2 4 1 0 0 2 4 2 0 0 2 1 3 2 1 4 1 3 3 1 4 2
   1 2 4 1 4 1]
  [0 4 0 2 2 1 1 1 3 2 2 3 2 2 2 2 2 0 2 3 4 0 0 4 3 4 0 3 1 1 0 2 0 4 3
   4 3 0 2 3 0]
  [0 2 0 1 3 0 3 1 3 3 3 2 3 4 2 0 3 2 0 3 4 1 3 3 1 1 2 2 4 1 1 1 4 3 3
   4 3 4 1 0 3]
  [0 1 3 0 2 1 3 3 1 2 0 1 4 4 1 4 1 3 4 0 0 1 3 4 3 3 4 0 3 2 1 1 0 0 2
   2 4 4 2 2 1]
  [0 1 1 2 0 2 2 1 0 0 2 3 2 0 1 2 2 4 2 2 0 4 1 3 2 1 3 1 0 1 4 0 0 2 1
   3 3 4 2 0 1]
  [0 4 1 3 1 3 2 1 2 4 1 1 4 0 3 3 2 1 0 2 0 0 1 1 3 1 1 2 0 1 0 1 2 3 0
   1 4 4 2 3 3]
  [0 1 1 2 4 0 0 3 1 2 4 0 0 0 4 3 1 0 3 3 0 0 0 4 3 2 2 3 3 0 3 2 1 3 3
   1 1 0 2 0 1]
  [0 1 3 0 2 4 4 4 1 3 1 4 4 3 3 0 2 2 3 3 4 4 1 0 3 3 3 2 2 0 2 2 2 3 2
   4 0 4 3 3 2]
  [0 2 3 2 2 2 0 4 1 3 0 2 1 0 3 4 0 1 4 0 0 3 1 1 0 2 2 4 0 4 3 4 4 2 4
   4 0 2 0 4 2]
  [0 0 0 4 1 1 0 0 1 2 2 1 2 0 2 1 4 1 1 3 2 1 2 0 2 0 1 2 1 0 2 4 4 1 3
   0 1 1 0 3 1]
  [0 0 2 4 3 4 3 3 1 3 1 1 0 2 0 4 1 2 4 1 4 4 0 2 1 0 0 4 1 3 1 4 3 1 3
   4 0 4 3 4 1]
  [0 1 4 3 3 4 2 4 0 1 3 3 3 1 1 2 4 0 0 2 3 3 2 4 1 1 1 0 2 2 0 4 3 1 2
   1 3 2 2 4 4]
  [0 3 0 3 1 4 0 4 4 1 0 0 1 1 3 4 1 2 1 0 0 1 4 0 2 2 4 2 0 2 4 1 4 4 1
   2 3 0 0 3 2]
  [0 0 3 2 3 0 2 1 1 4 0 3 3 4 2 4 4 1 0 0 2 0 4 4 4 2 1 0 1 0 4 1 3 4 0
   4 1 0 0 2 3]
  [0 2 2 1 2 3 0 4 2 2 2 0 4 2 4 3 0 0 4 1 0 2 3 2 4 4 3 1 2 4 0 2 0 3 3
   2 2 0 3 3 0]
  [0 2 3 4 0 2 4 3 3 1 1 2 0 0 1 4 0 0 1 3 3 1 1 2 4 2 0 3 4 4 4 0 0 3 4
   2 0 2 0 1 2]
  [0 0 1 1 1 2 2 4 4 4 1 1 1 1 4 2 2 0 0 4 0 2 0 2 1 2 4 3 1 2 4 4 0 4 3
   0 2 2 4 2 2]
  [0 1 4 0 3 3 3 3 0 0 2 3 0 4 3 3 2 2 0 2 0 2 0 3 3 4 0 1 2 4 2 1 2 0 2
   0 3 1 3 0 0]
  [0 2 1 2 1 1 4 0 2 3 4 1 3 4 0 4 4 2 0 2 3 0 1 2 4 3 4 4 0 4 2 4 1 2 0
   2 0 4 1 4 0]
  [0 1 1 0 4 0 1 4 1 3 2 3 2 2 1 2 4 4 2 4 2 1 2 4 1 1 4 3 2 3 4 0 3 4 4
   0 3 0 4 2 0]
  [0 1 3 1 4 0 4 1 3 2 1 3 3 2 1 3 2 3 4 0 2 1 2 4 1 2 4 1 0 3 2 4 4 0 0
   0 0 1 0 2 4]
  [0 0 4 1 0 1 4 3 4 1 2 0 4 2 4 2 1 4 0 4 3 4 3 0 3 0 3 2 4 3 2 0 1 1 3
   0 0 0 0 3 3]
  [0 0 4 2 2 3 0 2 2 4 4 0 3 2 2 1 3 3 4 3 4 0 4 1 2 0 0 2 3 4 4 2 4 1 0
   1 4 4 0 1 2]
  [0 4 1 2 3 4 0 2 3 2 3 1 4 4 3 0 4 1 4 0 2 2 0 1 0 2 1 3 4 2 1 1 0 1 2
   4 1 2 0 0 4]
  [0 1 1 0 3 3 3 2 4 4 1 2 2 3 0 4 1 0 0 0 1 2 4 3 0 1 1 2 3 3 0 0 1 4 2
   0 4 4 3 2 0]]

 [[0 3 4 3 3 4 0 2 4 0 4 4 1 1 2 3 1 0 1 2 2 0 0 2 4 3 4 1 3 4 1 2 0 0 2
   0 3 3 2 0 0]
  [0 0 2 4 2 1 0 1 2 4 3 4 3 1 2 3 2 4 4 4 2 1 2 4 0 2 3 3 2 4 3 1 4 1 1
   0 4 4 4 3 0]
  [0 4 0 3 0 4 0 4 2 1 3 4 0 1 2 2 2 3 0 0 4 1 1 3 3 2 1 0 2 3 3 2 0 3 3
   4 2 0 1 1 0]
  [0 0 2 0 1 0 2 3 4 1 4 1 1 1 1 2 2 3 2 4 3 1 2 4 3 3 2 2 4 0 0 3 0 3 3
   2 1 1 1 0 3]
  [0 0 4 3 0 0 4 1 0 3 0 1 1 4 2 1 4 4 4 2 3 4 3 0 3 1 0 2 1 4 2 1 1 3 4
   1 0 2 2 0 3]
  [0 3 4 0 2 0 4 1 1 2 4 2 4 0 0 0 1 2 2 0 1 0 1 2 2 1 4 1 4 3 2 2 3 2 0
   1 2 2 0 2 1]
  [0 2 2 3 2 1 0 3 4 3 3 1 2 3 3 3 1 0 4 4 3 3 2 1 1 3 3 1 0 2 1 3 3 4 0
   3 1 4 3 3 2]
  [0 4 2 2 1 3 1 0 3 2 1 2 3 2 1 1 0 2 3 1 2 0 4 4 2 3 0 2 0 4 1 2 0 4 1
   3 2 0 1 0 3]
  [0 3 0 3 1 0 0 2 0 3 2 0 3 0 4 4 4 3 2 0 0 4 1 4 3 0 4 3 4 3 0 1 4 1 3
   2 2 3 1 1 2]
  [0 4 4 2 1 3 1 2 3 0 2 4 0 0 2 0 1 1 0 3 4 3 3 1 4 0 4 2 3 2 4 0 3 2 3
   0 4 1 3 1 3]
  [0 2 0 4 4 1 0 0 3 4 0 0 0 0 4 3 0 3 4 3 4 0 2 2 4 3 1 3 0 3 0 1 2 1 3
   1 1 3 3 4 0]
  [0 4 1 4 3 3 0 0 4 1 4 0 3 4 0 1 3 1 4 1 4 0 2 4 1 2 3 4 2 3 3 1 1 1 4
   4 3 4 4 0 1]
  [0 3 4 0 3 3 2 3 1 1 0 3 0 3 4 4 2 2 4 1 0 1 0 1 1 2 1 3 3 3 0 4 1 1 1
   0 0 4 0 1 0]
  [0 4 0 3 4 1 4 0 2 1 0 3 2 0 0 1 2 2 4 3 1 2 0 1 4 3 3 0 1 2 2 1 3 1 4
   0 3 3 2 3 3]
  [0 1 0 2 2 4 1 2 2 1 1 3 2 4 0 2 3 2 4 1 2 1 0 1 1 3 3 2 1 3 4 4 4 2 2
   1 4 2 3 2 3]
  [0 4 0 1 2 2 1 2 3 0 1 2 0 4 4 0 2 0 0 0 4 3 3 0 3 3 0 3 4 1 2 2 0 3 2
   1 0 4 0 1 3]
  [0 0 1 3 3 1 0 4 0 1 1 2 4 1 4 1 0 3 1 2 3 4 0 4 0 2 3 4 2 4 2 0 3 0 0
   0 4 4 2 2 0]
  [0 0 0 2 2 1 2 3 3 3 3 4 0 1 3 0 2 0 4 3 4 3 1 3 0 4 3 2 3 2 2 0 2 2 3
   3 2 1 2 4 0]
  [0 3 3 3 0 1 3 4 4 0 3 3 0 4 4 3 3 1 0 3 0 0 0 2 3 1 3 4 0 1 2 1 2 4 0
   0 1 0 3 0 2]
  [0 3 1 4 3 2 3 2 1 4 0 0 0 1 0 1 0 0 0 0 4 3 1 0 1 4 1 2 3 3 2 1 3 0 4
   3 3 0 1 4 2]
  [0 2 1 4 1 3 3 2 0 3 3 0 3 1 0 4 3 0 4 2 0 4 0 4 0 4 1 2 1 3 4 1 3 1 1
   3 0 4 4 1 4]
  [0 2 1 1 1 1 2 2 2 1 2 0 4 2 0 1 0 1 2 3 3 0 0 4 2 0 2 0 4 1 4 0 3 1 3
   2 1 3 3 4 0]
  [0 3 1 1 4 0 0 0 3 0 0 0 3 0 1 0 1 1 1 4 0 4 0 3 4 0 0 2 4 1 0 1 3 2 4
   4 4 3 3 0 4]
  [0 2 2 3 4 1 3 1 2 3 0 2 4 0 2 1 4 0 4 4 1 3 2 0 0 3 2 0 4 4 0 1 0 0 2
   2 4 0 3 3 2]
  [0 2 4 1 2 4 0 3 2 3 1 0 4 3 3 0 4 2 1 0 2 1 2 0 0 2 4 2 2 1 3 3 1 2 3
   4 1 0 4 0 4]
  [0 2 0 2 1 4 4 2 0 4 1 2 2 0 3 1 3 0 4 0 0 1 4 1 4 0 4 2 2 1 2 2 2 4 2
   3 4 3 4 4 0]
  [0 1 3 1 2 4 1 4 0 0 3 2 4 2 2 4 2 1 0 2 2 2 3 1 3 3 0 1 0 0 2 2 4 3 1
   4 0 3 2 2 1]
  [0 1 3 0 1 2 2 2 2 4 3 3 3 2 4 2 0 3 4 4 1 1 2 0 1 2 2 0 1 2 2 1 1 4 2
   4 1 4 4 4 3]
  [0 0 0 4 1 3 2 4 3 1 1 4 0 1 4 4 3 1 2 1 1 4 0 0 3 0 1 0 0 1 1 0 0 3 2
   3 0 3 1 4 3]
  [0 2 4 2 3 2 4 4 0 4 3 1 2 4 1 1 2 0 2 1 4 1 2 4 2 3 1 2 2 0 3 3 0 4 4
   0 1 0 0 1 3]
  [0 1 4 0 0 4 3 3 1 2 1 1 3 2 1 4 0 3 0 4 0 0 4 0 0 1 4 1 4 0 0 4 0 1 1
   4 0 1 0 1 3]
  [0 2 3 2 3 2 1 0 0 4 1 0 4 1 2 0 3 1 4 3 3 0 4 2 0 0 0 3 1 1 0 0 0 2 1
   4 1 4 2 2 0]
  [0 3 1 3 3 3 4 1 0 0 4 2 4 4 3 0 2 2 2 1 0 4 0 3 4 0 2 0 1 3 2 3 0 4 1
   1 2 3 3 0 3]
  [0 1 4 4 4 1 2 4 2 3 2 4 2 1 3 2 0 2 2 2 1 4 0 0 3 0 0 3 1 3 4 4 4 0 2
   3 1 4 2 1 3]
  [0 4 2 2 3 2 0 3 0 3 3 3 2 2 1 0 1 4 1 1 1 1 0 2 2 0 4 0 0 2 1 4 4 0 0
   1 4 1 2 1 1]
  [0 3 1 2 0 0 1 0 3 0 4 1 4 4 0 0 2 0 3 2 2 0 4 0 4 1 2 4 2 1 3 2 2 1 3
   0 4 1 1 4 1]
  [0 1 0 4 4 2 0 1 2 4 2 2 3 3 4 2 1 2 4 4 0 1 3 1 1 3 2 4 4 1 4 4 1 4 0
   2 0 1 3 2 3]
  [0 3 4 3 2 0 2 1 0 1 4 1 4 1 4 0 3 4 1 4 1 0 3 2 0 1 2 2 4 4 3 1 1 1 0
   0 0 0 1 0 4]
  [0 1 4 1 0 4 2 0 2 1 0 4 0 2 2 3 2 1 0 2 2 4 4 2 3 1 4 2 3 4 2 2 1 3 4
   2 3 1 0 1 3]
  [0 0 1 4 3 0 4 2 2 4 3 3 3 0 3 1 0 1 4 3 2 1 3 4 1 1 3 2 2 2 2 1 3 3 3
   3 1 2 1 0 2]
  [0 0 4 4 4 0 3 0 4 0 1 4 3 4 0 2 2 1 3 0 4 1 3 0 0 3 0 1 2 1 4 2 2 0 4
   2 4 0 0 2 0]]

 [[0 4 4 1 2 0 1 1 4 0 3 3 0 4 3 3 3 4 1 1 0 2 2 2 4 4 2 1 2 3 4 4 4 3 3
   1 3 2 2 1 3]
  [0 0 0 1 1 3 0 3 3 1 0 1 2 4 2 0 4 4 4 3 4 2 0 1 1 2 4 2 3 0 3 4 4 3 4
   0 0 4 0 1 1]
  [0 4 0 4 3 4 4 2 3 1 2 0 3 0 4 1 4 4 1 4 1 0 2 1 4 2 3 2 4 4 1 0 4 1 2
   2 4 2 3 3 0]
  [0 2 0 0 2 1 4 0 3 3 4 1 1 3 1 2 4 1 4 2 0 1 3 1 4 3 4 4 1 0 4 3 1 0 1
   1 4 2 3 3 2]
  [0 1 3 4 0 3 3 3 1 1 0 2 1 4 3 0 4 2 0 1 2 1 4 1 3 2 4 4 3 1 2 1 3 4 4
   1 1 2 2 0 3]
  [0 4 3 0 0 0 3 1 0 3 4 4 3 2 4 3 1 3 2 3 1 2 1 2 2 3 0 4 2 3 3 2 2 2 4
   1 4 0 3 1 4]
  [0 4 4 3 0 0 0 1 1 4 4 2 2 1 4 2 0 2 0 2 4 3 1 2 0 1 4 2 1 2 3 1 2 1 2
   4 1 3 1 0 4]
  [0 4 2 1 4 3 0 0 2 3 4 3 0 3 4 0 2 4 4 0 3 1 0 2 4 3 0 4 0 3 1 4 0 4 2
   0 4 1 1 0 0]
  [0 4 0 0 1 2 0 4 0 4 4 1 1 0 3 2 4 4 0 3 1 4 1 4 0 1 3 1 2 1 4 1 4 2 0
   3 2 1 1 4 4]
  [0 0 4 3 1 4 3 0 4 0 3 2 1 4 1 4 3 0 0 3 0 3 1 3 0 0 1 3 4 3 2 0 3 2 1
   1 4 3 1 0 3]
  [0 4 1 2 4 0 4 2 4 2 0 1 4 3 2 2 3 3 4 0 0 1 0 3 0 4 3 0 4 0 0 3 0 4 2
   2 4 0 2 0 0]
  [0 0 3 3 4 3 0 4 1 3 2 0 4 0 3 4 4 2 1 2 0 2 1 2 3 2 0 3 1 0 0 4 4 1 1
   2 3 0 0 0 0]
  [0 0 2 2 1 0 0 4 2 0 1 4 0 1 1 4 2 1 2 0 4 1 0 4 2 2 4 1 1 2 2 3 0 3 4
   1 2 4 1 2 2]
  [0 2 3 1 1 0 2 1 4 4 1 0 3 0 0 3 0 1 4 2 3 3 3 2 2 0 3 1 2 2 2 4 4 3 0
   1 4 1 1 0 4]
  [0 3 2 2 3 4 3 0 0 2 4 1 3 1 0 1 2 0 0 0 4 0 0 4 2 2 2 4 4 2 3 4 2 1 2
   0 1 3 4 2 0]
  [0 0 0 3 2 0 0 0 0 4 2 1 3 1 1 0 0 0 4 2 2 3 4 2 2 0 1 4 3 1 3 3 4 2 0
   4 0 2 1 3 0]
  [0 3 1 4 0 2 0 2 4 3 2 3 0 0 4 0 0 0 4 4 1 3 4 2 4 4 1 2 2 0 3 3 2 3 4
   3 4 2 4 2 0]
  [0 4 4 2 0 0 4 0 3 2 3 4 3 3 2 1 2 0 0 3 0 4 3 2 4 2 1 0 3 3 0 4 1 0 3
   2 2 4 3 4 3]
  [0 3 2 1 0 4 4 4 0 2 3 2 0 1 1 3 0 0 0 1 0 0 0 3 4 4 4 1 0 3 1 4 4 0 4
   2 4 4 3 2 0]
  [0 4 1 3 2 2 2 4 4 4 1 3 3 1 1 4 3 2 1 0 0 3 3 2 0 0 2 0 1 2 1 0 4 1 3
   4 4 1 2 4 3]
  [0 2 4 3 2 0 0 2 1 4 1 2 0 1 3 0 1 3 2 4 0 0 1 4 3 2 0 2 2 4 3 3 2 2 1
   1 3 2 0 1 2]
  [0 1 3 4 4 3 3 3 2 3 3 3 0 4 4 3 0 2 4 1 1 0 3 4 1 2 0 2 0 2 4 3 2 3 3
   1 1 3 0 0 1]
  [0 1 3 1 1 1 0 4 2 1 3 4 4 1 4 2 2 2 4 3 2 2 0 2 4 2 3 2 3 4 1 3 4 3 3
   2 4 0 3 4 3]
  [0 1 2 3 1 4 4 4 4 0 2 3 0 2 1 2 3 1 1 0 2 4 4 0 3 3 3 0 3 3 0 0 0 3 1
   2 2 0 1 4 3]
  [0 0 4 2 4 2 2 3 0 1 4 4 3 0 1 1 0 2 3 3 1 0 0 2 0 1 4 0 1 4 4 1 3 3 4
   2 1 1 0 1 3]
  [0 4 4 1 4 3 0 2 0 2 2 2 2 2 0 2 4 0 0 4 1 2 2 1 1 0 2 0 4 2 3 0 1 0 2
   0 0 1 1 1 1]
  [0 3 0 1 3 1 0 2 2 0 0 2 3 0 4 2 0 2 4 0 0 2 1 2 1 1 0 3 4 2 3 0 1 4 1
   2 2 2 0 1 4]
  [0 2 3 1 2 2 4 3 3 4 1 2 4 4 4 3 1 2 4 0 1 0 2 0 4 4 4 0 4 0 2 4 4 3 4
   2 0 0 0 0 0]
  [0 3 3 1 1 2 3 1 1 1 4 2 3 2 0 1 3 0 1 1 2 1 0 3 2 2 0 1 0 4 4 4 4 4 0
   3 3 0 1 2 0]
  [0 4 2 0 3 2 4 2 3 3 4 4 4 0 1 2 4 4 4 2 2 3 2 2 2 0 2 1 1 0 4 0 0 2 2
   2 0 3 3 3 3]
  [0 4 2 3 1 1 4 4 0 3 2 3 2 1 0 2 4 3 4 3 3 3 3 3 2 3 0 1 1 3 0 3 4 2 3
   2 3 0 0 3 1]
  [0 1 4 0 3 3 0 3 2 1 1 0 3 0 3 3 4 0 0 3 2 1 0 2 3 4 1 2 0 2 2 0 2 3 2
   3 4 0 0 1 2]
  [0 4 4 0 0 2 0 4 4 4 0 3 0 4 2 4 4 1 1 3 3 4 1 1 3 3 0 0 2 1 2 4 0 4 3
   0 1 1 0 4 3]
  [0 1 4 3 4 1 4 1 2 0 3 2 3 2 0 1 0 4 2 0 0 2 1 4 0 4 4 4 3 0 1 0 0 0 1
   2 3 3 0 3 1]
  [0 2 2 2 2 1 1 3 1 4 2 0 3 2 0 2 3 3 0 2 2 1 4 3 1 4 1 1 4 3 0 2 0 3 0
   4 3 0 3 1 3]
  [0 3 3 1 4 2 0 4 2 3 2 0 2 4 2 3 2 4 4 4 4 4 1 3 3 1 1 3 4 1 4 0 2 1 2
   0 2 0 4 3 2]
  [0 4 0 2 3 4 4 4 3 4 1 2 0 0 2 4 0 3 3 4 0 3 1 1 0 1 4 4 3 3 4 1 0 0 3
   2 0 1 2 3 2]
  [0 4 0 4 0 1 2 0 0 4 3 1 1 1 3 0 3 2 0 0 1 2 3 1 1 4 0 0 1 3 4 1 4 4 3
   4 1 0 2 1 1]
  [0 0 4 4 4 4 1 1 2 1 3 3 0 0 1 3 2 2 2 1 2 4 4 3 3 3 2 4 3 3 0 3 1 2 0
   1 4 1 0 3 0]
  [0 1 1 1 0 1 2 4 4 0 3 1 3 3 1 2 0 3 4 2 4 2 4 2 2 2 1 4 0 2 0 3 1 1 3
   2 4 3 3 0 0]
  [0 4 1 3 2 3 3 2 1 0 4 0 2 1 2 4 3 0 3 2 1 0 4 0 0 0 4 3 0 4 1 4 3 3 3
   2 4 1 0 2 0]]

 [[0 1 2 0 1 4 3 0 3 2 0 2 0 0 0 1 3 2 2 4 3 2 2 2 2 0 2 3 2 1 0 2 3 4 3
   0 4 3 1 3 2]
  [0 0 3 4 2 2 4 1 4 4 1 1 1 1 2 3 3 3 0 3 0 4 1 3 1 0 0 1 1 1 2 1 3 2 3
   0 0 1 3 2 4]
  [0 2 0 0 0 4 4 2 1 3 2 2 3 1 1 0 2 2 0 4 0 3 3 3 2 2 0 3 2 0 0 2 2 3 4
   2 1 4 3 3 4]
  [0 3 3 0 2 4 4 3 1 4 4 0 3 0 0 0 0 4 3 0 0 4 2 0 1 3 4 3 2 1 0 0 1 2 3
   1 1 3 2 3 4]
  [0 2 0 3 0 1 2 0 3 0 4 4 1 0 4 1 1 2 3 3 2 0 4 1 2 4 2 1 2 3 0 1 3 1 0
   2 2 3 2 2 2]
  [0 2 1 4 0 0 4 4 1 4 4 4 2 2 4 2 3 3 4 4 4 3 1 4 0 0 0 3 4 3 4 4 3 1 4
   1 3 1 1 1 1]
  [0 1 0 4 0 3 0 0 4 0 2 4 1 0 2 0 4 4 0 0 4 3 1 3 3 0 3 3 2 1 3 3 4 4 3
   1 2 0 2 0 2]
  [0 2 0 0 0 3 3 0 4 4 0 2 2 0 4 4 0 4 4 4 1 2 1 4 0 4 2 4 3 1 3 1 1 3 3
   4 0 1 1 0 3]
  [0 1 3 2 1 4 3 0 0 4 0 2 0 1 2 0 0 0 2 4 4 4 3 4 2 0 4 3 2 1 2 0 2 2 0
   2 2 2 4 1 0]
  [0 0 4 0 2 0 1 4 0 0 1 2 2 3 3 3 0 4 3 1 4 4 1 1 1 2 1 0 0 4 0 0 1 3 4
   4 3 2 2 2 0]
  [0 0 1 3 3 4 2 1 4 4 0 3 1 1 4 1 3 3 1 4 2 2 0 1 4 2 4 4 4 4 3 1 1 1 4
   4 2 0 3 0 3]
  [0 2 0 0 1 4 3 2 2 1 3 0 2 2 4 4 1 1 2 1 4 4 4 0 2 3 1 0 4 4 0 3 0 2 1
   0 3 0 1 4 4]
  [0 4 1 1 4 2 0 2 4 1 1 2 0 1 0 3 3 3 3 1 1 1 2 0 3 1 2 4 3 4 2 3 2 4 3
   4 1 4 3 3 2]
  [0 1 4 1 0 0 4 3 2 4 0 3 4 0 4 4 1 0 0 3 4 1 2 2 3 1 4 1 4 2 2 2 1 4 4
   2 3 2 3 1 4]
  [0 0 0 3 1 0 3 3 2 1 4 0 1 4 0 1 0 3 3 4 4 3 2 3 0 4 4 4 3 0 0 0 1 0 0
   2 1 3 0 3 3]
  [0 0 3 3 3 1 3 0 0 0 3 2 4 2 0 0 0 0 4 0 0 3 4 3 4 1 1 0 0 0 4 4 1 2 0
   2 0 3 3 1 0]
  [0 4 2 4 1 3 0 3 0 4 1 3 3 4 3 3 0 0 4 4 0 2 1 4 0 1 0 1 0 0 1 2 0 3 3
   0 0 0 4 4 0]
  [0 0 2 3 3 4 0 1 4 0 4 4 3 1 0 4 2 0 0 3 2 1 2 2 4 4 1 1 2 2 1 1 0 3 0
   1 0 1 0 3 0]
  [0 1 1 3 3 1 3 0 0 2 2 4 3 4 3 2 0 0 0 1 4 4 2 2 2 4 3 0 3 0 2 1 1 3 0
   3 4 4 3 4 2]
  [0 2 0 2 4 1 3 2 3 2 1 4 1 4 1 3 2 4 0 0 2 1 2 3 0 4 2 2 2 1 0 0 4 0 2
   2 0 4 0 4 2]
  [0 2 3 2 3 1 2 4 0 4 1 2 4 0 4 2 3 1 0 4 0 3 3 0 0 4 2 4 0 2 0 3 3 4 3
   2 1 3 2 0 0]
  [0 2 2 3 3 1 3 4 0 1 3 0 2 3 3 2 1 4 0 1 3 0 4 2 0 2 2 2 0 4 1 3 3 3 2
   1 3 4 3 2 2]
  [0 2 4 4 2 1 0 4 0 4 1 1 3 0 2 1 0 4 1 1 0 2 0 4 0 4 4 0 2 4 4 3 1 3 4
   0 1 2 1 3 2]
  [0 2 0 3 2 4 2 4 2 4 1 4 3 3 1 0 4 3 0 0 2 0 0 0 0 3 0 1 3 1 3 2 3 2 0
   1 4 1 0 3 1]
  [0 4 1 0 3 4 3 3 3 3 3 3 4 0 3 2 0 4 4 1 0 4 2 2 0 1 1 0 1 3 4 4 3 3 0
   1 1 1 2 0 4]
  [0 3 0 1 1 2 4 1 0 4 0 2 2 2 0 1 1 2 0 2 2 2 0 2 4 0 4 3 4 0 2 3 1 0 4
   2 0 3 0 0 1]
  [0 0 4 2 4 3 2 3 4 3 4 4 2 0 1 3 4 3 4 2 1 3 4 2 4 3 0 0 1 0 3 4 2 0 4
   4 0 1 4 4 0]
  [0 1 2 2 3 2 1 1 1 0 1 1 4 4 0 0 2 0 3 0 3 0 1 3 0 1 2 0 3 3 3 2 0 0 3
   4 2 3 3 1 0]
  [0 0 1 2 0 3 3 3 2 4 1 4 2 3 1 4 0 0 3 4 1 3 1 1 0 4 2 4 0 3 2 0 3 1 2
   1 0 4 1 1 3]
  [0 2 4 3 1 3 1 3 0 1 0 2 2 0 4 2 2 4 1 1 1 2 2 0 3 0 0 3 2 0 3 1 0 1 2
   4 0 4 4 1 4]
  [0 2 2 0 0 3 4 0 1 3 4 3 0 3 0 3 4 4 0 2 2 4 4 3 3 3 4 1 3 3 0 0 0 2 4
   2 3 2 2 2 4]
  [0 0 2 3 4 1 2 3 3 0 2 0 1 3 1 3 3 4 1 3 3 0 0 0 4 4 3 1 3 2 1 0 1 3 1
   4 0 1 4 0 4]
  [0 2 3 0 0 3 0 1 4 4 4 0 2 4 2 0 2 2 2 2 1 4 4 1 0 3 2 1 0 3 2 4 0 2 2
   1 2 2 0 3 2]
  [0 0 2 4 0 3 4 1 3 0 3 3 4 3 2 1 0 2 2 4 0 1 3 1 4 4 3 2 0 1 1 1 4 0 2
   1 2 1 1 4 1]
  [0 1 1 4 1 1 1 3 1 0 0 3 1 3 3 3 2 2 4 4 2 0 4 3 0 3 4 3 1 2 2 2 2 4 0
   3 1 0 0 1 4]
  [0 0 3 1 3 2 3 2 1 1 2 3 0 2 3 2 4 3 4 0 3 4 3 1 4 1 2 3 2 0 1 4 2 0 0
   0 4 4 1 0 0]
  [0 3 3 4 2 4 4 2 1 4 2 1 0 0 0 1 0 3 4 1 0 0 0 3 2 4 3 1 2 0 4 4 3 4 0
   2 0 2 3 0 2]
  [0 3 0 0 3 4 0 2 1 4 2 0 1 0 4 3 2 1 2 2 2 2 2 3 0 4 1 4 1 0 0 0 0 1 3
   2 1 0 1 1 1]
  [0 4 4 2 4 4 3 2 1 3 3 2 1 0 2 1 1 0 3 2 1 0 0 2 2 3 4 4 1 2 1 0 3 4 2
   1 4 3 0 2 2]
  [0 4 0 3 0 3 3 0 0 1 0 0 1 2 2 1 2 1 1 0 4 0 3 3 3 3 4 4 3 1 0 4 2 2 3
   3 0 1 1 0 2]
  [0 4 4 2 1 4 2 3 0 3 1 3 1 4 2 2 0 2 1 1 3 0 3 0 4 2 3 3 3 2 1 1 2 3 0
   3 4 3 3 1 0]]

 [[0 3 2 3 4 0 1 0 4 2 4 4 0 1 0 2 1 2 2 3 3 2 0 0 1 0 1 1 1 4 3 3 4 3 2
   3 3 0 2 0 4]
  [0 0 4 2 2 4 4 1 3 0 0 3 3 4 2 0 2 3 2 1 4 3 1 0 2 1 3 4 0 2 1 2 4 0 4
   2 3 1 0 2 0]
  [0 0 0 1 3 4 2 2 2 2 3 2 2 2 0 2 1 1 1 0 0 4 4 4 2 4 4 4 3 2 1 1 1 3 4
   4 1 1 1 2 1]
  [0 0 3 0 4 2 2 2 1 0 0 2 1 2 4 1 1 4 2 3 0 3 1 0 0 3 2 1 3 4 4 2 3 3 2
   0 0 3 4 3 0]
  [0 2 3 3 0 3 1 1 0 2 1 4 3 2 3 1 1 4 2 3 0 4 3 4 0 3 3 3 2 2 3 0 0 0 2
   3 4 1 1 4 0]
  [0 2 2 4 3 0 3 4 3 4 0 0 3 1 1 4 0 0 2 1 1 0 3 3 3 1 2 0 2 0 2 2 3 1 4
   3 1 0 0 4 1]
  [0 3 2 4 0 4 0 4 0 2 1 2 3 2 4 4 2 0 0 1 4 3 4 0 4 0 3 0 1 4 4 2 0 4 2
   0 3 4 2 0 1]
  [0 4 0 0 2 4 3 0 1 4 3 0 1 2 0 2 3 1 4 2 1 2 3 0 4 2 1 3 0 1 3 4 3 4 2
   3 0 4 4 3 3]
  [0 4 2 4 2 2 1 0 0 4 3 2 1 1 1 4 0 0 2 0 2 0 0 1 2 4 4 0 3 0 1 2 3 0 4
   2 3 2 3 3 0]
  [0 1 0 0 4 2 3 2 0 0 1 0 2 4 1 0 3 2 4 4 3 0 0 3 1 3 4 0 1 0 2 4 4 0 4
   2 1 0 3 1 3]
  [0 2 2 4 1 1 3 2 2 3 0 3 1 0 4 1 4 4 0 4 0 0 1 2 1 3 3 3 3 1 0 1 2 3 2
   2 0 3 0 1 1]
  [0 1 0 0 3 2 0 0 0 4 3 0 3 0 0 1 2 3 1 2 3 1 4 2 0 0 0 4 2 0 2 3 2 2 1
   3 0 3 0 0 4]
  [0 0 4 1 0 0 2 1 1 3 4 1 0 1 2 0 0 4 2 3 0 2 3 3 1 3 4 0 0 2 3 1 2 2 1
   1 2 2 2 2 4]
  [0 3 4 4 3 1 1 1 1 4 1 1 3 0 3 0 4 0 0 0 4 2 0 2 4 3 2 1 3 3 1 0 2 3 1
   0 0 2 2 2 1]
  [0 3 4 0 3 1 2 1 1 3 0 4 1 3 0 0 2 0 4 0 1 1 4 0 3 1 0 2 1 4 2 1 3 1 3
   0 3 3 3 1 4]
  [0 3 1 2 0 3 3 3 4 2 4 4 0 2 4 0 0 3 0 0 1 4 0 1 3 1 2 3 0 0 2 4 1 0 3
   3 1 3 4 1 3]
  [0 4 2 3 4 4 2 3 1 4 3 4 2 3 2 4 0 2 4 1 3 1 2 0 3 4 0 3 4 2 4 2 0 3 3
   1 2 2 1 4 4]
  [0 4 3 2 3 2 1 3 2 0 4 2 3 0 4 0 1 0 3 0 0 2 0 3 0 0 0 2 4 1 4 3 0 3 0
   3 2 1 2 0 3]
  [0 2 4 4 3 4 2 3 1 1 2 0 1 4 3 1 4 4 0 1 0 0 3 1 1 1 4 2 0 0 0 3 2 4 4
   4 1 0 0 1 0]
  [0 0 1 0 1 2 1 4 3 0 2 3 2 4 3 4 2 4 2 0 0 4 3 0 3 1 2 3 3 0 2 0 3 2 3
   2 3 3 0 0 4]
  [0 3 1 2 0 4 1 1 2 4 1 4 0 3 1 0 1 4 4 1 0 1 1 0 2 0 1 0 2 3 1 1 0 0 4
   2 4 3 1 2 0]
  [0 3 4 4 1 0 4 4 0 2 1 1 2 3 1 1 4 2 2 4 3 0 1 4 4 0 1 0 3 3 3 3 0 4 3
   3 1 4 2 4 2]
  [0 0 0 3 2 1 4 2 2 4 3 1 1 0 0 0 1 3 3 1 0 3 0 3 1 3 3 2 1 1 1 2 0 3 3
   3 0 2 3 2 4]
  [0 2 1 3 2 1 1 0 0 3 3 2 3 2 1 4 3 0 2 4 2 0 3 0 1 0 3 3 0 0 1 1 3 3 4
   4 4 3 1 2 2]
  [0 4 1 4 0 2 1 2 3 1 3 3 0 0 3 4 2 4 2 3 0 1 3 2 0 0 3 0 4 3 2 4 1 3 0
   2 3 1 4 1 0]
  [0 3 4 1 1 4 4 2 1 4 1 0 4 3 4 1 3 2 2 3 4 4 4 3 2 0 4 0 3 3 2 4 0 0 2
   0 1 2 4 3 2]
  [0 2 4 4 4 2 2 1 1 3 1 1 3 3 2 4 4 2 0 0 4 3 2 3 1 4 0 1 0 2 0 3 1 3 1
   0 1 1 0 3 3]
  [0 4 4 0 4 0 3 0 1 1 4 3 0 3 0 1 2 3 3 3 3 0 2 4 1 3 4 0 1 0 2 4 0 0 1
   0 1 3 3 3 2]
  [0 0 0 3 0 2 0 1 2 4 3 1 1 4 0 3 0 2 3 3 2 0 0 4 4 0 3 1 0 0 4 3 1 0 4
   3 3 4 0 4 2]
  [0 2 1 1 4 1 2 0 4 4 4 0 2 1 4 3 2 0 1 1 2 1 2 1 2 1 3 1 3 0 3 2 0 2 1
   3 1 2 2 2 3]
  [0 1 2 3 0 2 1 2 0 4 1 4 2 4 2 4 4 1 1 0 4 3 3 2 4 0 0 3 1 1 0 1 0 2 3
   0 3 4 3 2 4]
  [0 0 0 1 3 3 4 2 4 1 3 2 3 3 4 3 0 1 1 4 1 1 0 3 3 1 3 3 0 2 0 0 0 1 1
   1 3 4 0 3 2]
  [0 1 4 1 4 3 4 1 0 1 1 3 0 3 1 2 0 2 2 2 3 2 2 0 1 3 3 4 0 2 4 0 0 3 2
   3 1 2 0 0 2]
  [0 4 0 2 4 4 4 2 4 2 0 1 0 2 0 4 2 1 1 2 1 2 1 2 0 2 4 4 2 3 3 4 1 0 0
   1 2 3 1 4 2]
  [0 1 4 0 4 3 1 0 4 4 2 2 4 1 0 1 4 0 3 4 3 3 3 1 4 1 4 0 1 1 1 4 2 0 0
   0 4 4 2 4 1]
  [0 1 3 1 4 1 4 3 2 2 4 0 3 3 1 2 1 3 4 4 1 1 3 4 0 3 3 1 3 4 1 3 2 1 2
   0 4 3 3 4 2]
  [0 4 0 4 2 0 2 2 3 4 2 0 1 2 4 0 4 4 4 3 0 2 3 2 2 3 4 3 1 1 0 4 0 2 3
   4 0 1 3 4 3]
  [0 3 1 2 4 1 4 2 2 1 1 0 2 3 0 2 4 1 0 2 4 0 1 3 2 1 4 1 4 1 2 2 1 3 4
   3 2 0 1 4 3]
  [0 3 2 1 0 2 1 2 1 2 2 4 4 3 2 0 2 3 2 1 1 4 4 0 0 1 4 3 1 1 0 4 3 1 3
   3 2 2 0 0 4]
  [0 2 2 4 2 4 4 2 0 0 0 0 2 1 4 1 2 0 4 1 4 1 1 4 4 3 2 0 2 3 2 2 0 2 4
   1 4 3 4 0 3]
  [0 2 4 2 1 1 4 3 4 0 0 4 3 0 4 1 3 0 4 1 4 1 0 1 2 4 2 1 1 4 0 3 3 1 3
   1 4 2 2 3 0]]]
release_time
[  0  49  24   9  56  18  27 107  49  22  44 100  52  63 183  34  55  98
  64  11   1   4   6  11  63   4  57  36  22  30  44  38  54  11  63  59
  56  64  60 143   7]
due_date
[  0  66  79  64  60  62  64 167  72  68  78 159  72  63 186  70  69 154
  75  66  74  62  73  74  66  67  64  68  69  78  75  74  66  60  75  67
  64  71  76 208  76]
unit_emission
[19  5 19 19 14]
emission_limit
33953.8
setup_severity
0.02
due_tight
0.9
due_range
0.25
release_tight
1
degree_constr
0.8
