mach
5
job_rate
8
weight
[ 0  6  3  3  3  9  9  5  4  7  1 10  2  2  6  5  9  5  5  1  9  1  3  3
  4  1  4  3  2  7  3  3  3  7 10  2  5 10 10  7  9]
proc_time
[[  0 109  68  99  68 149 108 137 137  99 115 120 117 116 121 108 124  51
  150 117 121 133  56 100 124  91  52 149  81  82  53  54  95  76  52 127
  149 125  99 103  70]
 [  0 109  86 108  85  69 133 107  72 150 106  91 131 117 135 124 125  61
  132  62 105 129 112  52 148 101 102 124  93  62 147  95  75  53  53  53
  108 141  75 134  75]
 [  0 107  63  72 137 121 147 103  64 143 117 126  69  86  90 112 138 140
  106 103 141  92  95 143 135 150 123 146  95 114 130  56  93  98 100  59
   99 103 118  56  62]
 [  0 110 119  72  85  78 143 100 132 109  80  67 111 143 122 125  57  85
  118 138 143 146 114  72 102  95 106  95  84 136  62 138 139 114 113 131
  136 121  96 113 121]
 [  0 107 127 100  90  80  99 149 147  85  60 114  73 117  52  94 117 102
   52  85 104 148 115 104 126 143 150  70 127  88 113 101 113  76  72  50
  115  82 138 140 149]]
setup_time
[[[0 3 0 2 5 3 4 4 4 2 1 3 4 1 1 5 3 1 5 2 1 3 3 1 3 3 2 4 0 2 0 2 0 4 4
   1 2 0 3 0 3]
  [0 0 3 3 3 3 2 5 2 4 0 5 1 4 1 3 4 4 5 4 1 0 5 5 4 2 1 1 5 3 5 2 0 0 0
   3 1 5 2 2 0]
  [0 5 0 2 4 3 0 0 1 2 2 2 5 5 1 3 0 4 0 1 0 5 3 1 0 0 0 5 5 1 5 0 4 0 4
   2 0 3 3 3 0]
  [0 2 1 0 4 1 1 4 2 5 5 0 0 0 3 5 3 1 5 3 0 5 5 5 4 4 2 2 4 0 4 3 4 4 0
   1 0 1 5 5 0]
  [0 3 0 4 0 2 3 0 4 1 3 1 5 3 4 4 3 2 0 3 4 4 1 2 4 3 4 5 3 3 5 4 3 0 1
   1 4 4 2 0 1]
  [0 0 4 0 3 0 0 5 5 3 4 4 4 5 2 5 4 5 2 3 4 3 0 3 5 2 5 2 1 1 3 3 1 0 3
   2 5 3 4 5 4]
  [0 1 1 1 3 4 0 0 2 1 4 3 3 3 5 5 2 1 1 5 0 2 4 4 1 2 4 5 0 2 5 4 2 3 5
   4 1 5 0 1 3]
  [0 0 0 1 4 0 3 0 2 4 0 2 3 2 2 4 3 2 4 5 4 3 2 4 3 5 0 2 2 5 3 0 3 4 5
   2 1 3 5 3 1]
  [0 3 0 2 2 1 5 5 0 2 4 3 4 3 4 0 2 3 0 0 1 0 1 4 5 5 4 0 3 1 2 1 4 3 2
   5 0 1 2 3 4]
  [0 1 1 1 1 1 2 3 4 0 5 4 1 2 1 3 2 1 3 3 0 3 4 4 1 2 5 1 1 3 0 3 3 2 2
   2 3 1 3 3 4]
  [0 1 2 5 2 5 1 4 1 2 0 4 2 3 1 4 4 4 5 1 3 2 3 3 1 2 2 1 1 0 2 4 2 1 0
   4 3 1 3 3 4]
  [0 1 2 5 4 3 3 1 4 1 4 0 3 0 1 3 4 3 4 1 4 0 5 0 3 1 0 1 5 2 5 0 3 1 2
   4 5 5 2 3 0]
  [0 0 5 5 2 0 0 5 2 4 1 0 0 3 4 2 4 2 2 0 3 1 0 5 0 0 0 2 5 3 2 5 4 2 1
   3 2 2 5 0 2]
  [0 1 4 2 5 2 0 0 4 3 4 4 3 0 3 5 3 3 2 5 1 3 3 1 4 3 3 4 2 2 1 3 2 1 0
   4 0 1 4 4 4]
  [0 3 5 4 1 4 0 4 1 3 3 4 3 1 0 0 4 4 3 1 2 3 3 5 4 3 1 1 1 0 0 5 2 1 3
   5 5 5 4 3 2]
  [0 0 5 5 2 0 2 5 1 0 0 5 4 2 1 0 1 0 4 4 1 1 1 3 1 3 1 2 4 3 2 1 3 3 3
   5 0 4 5 1 1]
  [0 3 2 4 3 3 3 5 2 3 5 4 3 1 5 2 0 3 0 2 5 5 0 5 3 3 3 5 3 0 4 2 2 4 1
   0 5 2 4 4 4]
  [0 1 1 5 4 5 1 2 4 3 3 0 2 1 2 3 1 0 4 4 4 5 1 0 2 0 4 3 3 2 4 4 4 4 0
   5 1 1 3 2 5]
  [0 3 3 3 3 2 3 3 5 0 1 2 5 5 4 5 2 0 0 3 1 1 3 2 2 0 0 5 4 5 2 3 0 1 1
   3 2 4 0 4 0]
  [0 2 1 2 3 0 1 0 3 1 3 0 2 3 0 2 0 1 1 0 3 1 0 2 4 4 3 2 1 1 0 0 1 5 5
   5 0 0 2 5 4]
  [0 2 4 4 0 2 1 1 4 5 0 5 5 1 0 5 5 2 5 3 0 4 3 4 1 3 4 0 1 5 4 4 3 1 2
   5 5 5 5 2 5]
  [0 4 3 1 2 5 1 2 1 5 3 3 0 2 0 0 0 3 1 0 1 0 3 2 0 5 4 1 0 4 3 1 3 0 4
   3 2 4 3 4 3]
  [0 4 1 3 3 3 0 1 1 1 5 1 2 2 1 4 5 0 3 1 4 1 0 1 4 5 3 5 0 5 1 2 3 5 5
   1 1 5 3 5 1]
  [0 4 2 4 3 1 2 3 5 3 1 4 0 1 3 3 5 3 5 1 5 0 3 0 0 0 0 0 5 1 4 0 2 0 0
   4 0 0 2 0 0]
  [0 1 5 4 3 5 0 4 4 4 5 1 1 3 5 5 3 2 1 1 4 0 3 3 0 5 3 2 5 4 0 0 1 2 0
   2 3 5 0 5 0]
  [0 5 2 2 4 4 2 0 4 2 2 5 5 3 1 2 1 5 1 4 4 3 2 1 0 0 3 3 1 3 4 1 5 3 3
   3 4 4 0 1 4]
  [0 3 0 5 0 2 0 1 1 0 1 4 5 4 1 3 3 5 5 5 3 2 4 0 4 0 0 2 3 0 0 2 2 4 4
   5 1 5 3 1 1]
  [0 2 4 3 1 5 0 5 1 4 0 2 5 5 2 5 4 5 2 5 4 0 0 5 2 5 0 0 4 0 3 3 5 2 3
   2 1 2 3 2 0]
  [0 2 3 5 5 4 0 5 5 3 1 3 0 5 4 4 3 5 5 3 5 0 0 3 2 5 3 5 0 1 5 0 1 4 0
   2 4 2 1 3 4]
  [0 4 1 1 2 3 1 2 0 3 5 5 2 4 0 3 4 2 5 1 5 4 2 5 0 5 0 4 4 0 5 4 4 1 4
   2 2 4 5 1 2]
  [0 1 5 2 0 2 4 1 0 3 0 1 4 4 4 0 2 5 3 1 5 3 4 4 0 5 1 5 3 0 0 5 3 0 1
   5 1 2 5 2 4]
  [0 5 2 1 0 3 4 5 1 2 4 0 3 0 1 1 1 3 2 1 2 3 4 3 1 4 2 2 3 1 3 0 2 0 5
   3 2 0 2 0 0]
  [0 5 2 0 2 0 1 4 3 4 2 0 2 2 1 5 4 4 2 0 5 1 0 5 5 0 1 5 5 1 5 5 0 4 2
   2 3 5 3 5 3]
  [0 0 5 3 3 5 2 1 0 4 0 0 4 5 5 2 1 2 1 2 0 0 1 0 1 0 3 4 2 5 0 3 0 0 0
   1 4 4 0 4 4]
  [0 2 0 1 2 2 5 0 3 5 1 1 0 1 2 2 3 4 2 5 5 1 3 4 0 0 5 0 5 5 4 0 5 1 0
   4 4 1 3 5 2]
  [0 1 0 0 0 4 3 5 4 2 4 1 5 0 5 2 1 0 3 5 5 5 5 1 1 1 1 1 4 2 2 5 1 4 4
   0 4 4 0 4 2]
  [0 0 2 4 5 0 1 2 1 0 2 4 1 2 4 5 1 1 2 3 0 1 0 0 2 5 4 3 4 1 0 3 0 3 0
   0 0 2 1 2 4]
  [0 0 2 2 4 3 1 5 0 1 0 1 5 2 5 2 1 3 2 0 4 5 2 1 2 3 2 5 5 0 0 3 0 5 3
   1 3 0 3 5 2]
  [0 1 3 4 2 3 1 0 0 5 0 0 0 0 2 0 2 5 4 2 1 0 2 4 0 3 2 4 4 5 2 1 1 3 3
   2 2 4 0 5 2]
  [0 4 5 2 5 1 5 5 1 3 0 0 4 1 4 1 5 0 4 2 5 0 5 2 0 1 5 3 0 2 1 1 3 3 1
   2 0 0 4 0 1]
  [0 1 5 5 3 2 5 5 5 1 4 5 5 5 3 5 1 5 0 5 2 4 4 2 0 0 4 1 4 4 4 0 0 4 1
   4 4 0 5 5 0]]

 [[0 3 2 1 4 1 3 4 4 0 0 0 3 4 1 1 4 2 3 5 5 3 5 3 1 1 0 1 2 4 3 3 5 1 0
   5 5 1 5 3 5]
  [0 0 4 3 0 0 2 5 0 3 3 1 2 3 5 1 2 0 3 2 3 3 3 0 1 5 2 3 4 5 4 1 3 5 2
   1 0 2 3 3 0]
  [0 4 0 5 5 4 4 1 3 2 1 0 4 5 0 2 0 5 4 3 0 1 0 2 3 1 3 0 5 3 3 1 1 2 2
   2 4 0 1 1 2]
  [0 0 3 0 3 4 2 1 1 5 3 5 3 5 5 4 2 5 3 0 2 5 4 0 2 3 0 0 2 3 5 2 2 1 4
   5 4 4 0 3 0]
  [0 1 2 5 0 5 0 4 3 2 2 3 2 2 0 4 3 2 3 4 2 0 3 5 0 5 0 5 4 5 5 2 5 4 4
   5 4 3 5 2 5]
  [0 5 5 3 1 0 4 3 3 1 1 4 2 3 4 4 0 0 5 2 1 1 1 3 3 5 2 5 0 3 5 3 4 4 4
   5 3 3 4 0 3]
  [0 5 0 2 4 0 0 2 4 4 0 2 4 0 5 0 4 3 1 1 3 4 4 0 2 0 3 4 5 1 1 4 1 4 3
   3 1 0 2 3 4]
  [0 0 2 1 1 0 1 0 0 1 2 0 0 2 4 0 3 5 2 0 2 5 5 1 4 2 2 1 0 5 5 3 5 4 2
   1 3 2 0 4 4]
  [0 5 2 0 5 1 2 5 0 4 4 4 5 3 5 5 2 2 2 2 3 0 1 4 1 4 4 2 0 0 0 2 5 3 5
   0 5 5 5 5 3]
  [0 0 4 4 1 3 5 4 3 0 2 2 3 0 4 0 5 5 0 2 2 1 5 0 4 5 0 2 4 5 3 1 4 4 2
   0 1 3 0 4 4]
  [0 5 5 5 2 0 1 5 5 4 0 0 4 5 2 1 3 0 4 2 0 3 1 5 3 0 4 5 1 2 1 5 4 5 3
   4 1 2 3 0 4]
  [0 0 4 4 2 4 4 3 5 1 1 0 5 4 0 5 3 3 5 1 3 2 0 1 2 1 2 3 0 2 3 0 3 3 3
   0 1 4 2 0 4]
  [0 5 4 2 5 0 3 4 5 2 3 4 0 0 0 2 3 5 5 1 0 1 5 5 4 2 3 1 5 2 5 5 1 4 4
   5 4 5 2 2 5]
  [0 0 5 4 5 4 0 1 3 5 3 1 1 0 3 5 4 3 3 0 3 2 3 0 3 1 1 4 2 0 3 0 1 3 1
   3 1 2 4 4 0]
  [0 2 1 2 3 2 2 1 0 5 5 1 0 1 0 0 1 4 3 1 2 0 4 1 4 2 1 2 0 5 3 4 5 4 5
   1 1 5 4 2 0]
  [0 5 4 2 1 1 2 4 0 4 4 1 2 2 0 0 5 4 3 5 5 5 5 5 2 2 3 2 2 1 5 2 2 2 0
   5 2 0 3 4 3]
  [0 1 3 5 4 5 1 2 3 4 2 2 2 4 1 5 0 3 0 0 2 3 4 5 0 5 5 3 1 4 4 1 2 3 4
   4 5 4 5 5 2]
  [0 1 2 2 5 1 2 3 2 1 2 1 5 0 1 0 1 0 2 1 1 3 5 0 4 4 5 1 1 4 4 1 5 5 5
   0 0 0 3 5 3]
  [0 3 3 5 4 5 1 0 0 2 0 3 5 1 4 3 4 3 0 4 5 1 3 2 5 3 4 2 0 3 3 4 2 2 2
   2 4 2 2 0 1]
  [0 5 1 2 0 1 4 4 1 2 2 1 5 4 2 3 2 0 4 0 4 5 2 0 5 2 4 5 0 0 1 5 2 2 0
   5 4 1 0 0 5]
  [0 5 2 2 5 1 3 4 4 1 3 3 1 4 0 5 1 3 4 0 0 1 4 5 1 3 3 3 0 2 5 2 2 1 0
   2 5 4 3 5 1]
  [0 5 2 5 3 3 3 1 2 3 3 0 1 4 4 5 0 1 2 0 5 0 0 1 1 2 5 0 4 4 0 4 0 5 2
   5 4 0 0 3 4]
  [0 5 0 0 2 1 3 1 3 1 2 0 3 2 5 5 0 3 3 4 2 2 0 4 4 2 3 1 2 2 4 1 2 3 2
   0 0 3 0 3 3]
  [0 4 2 4 2 2 1 5 3 3 2 0 0 5 3 0 3 1 5 3 3 1 1 0 0 2 2 4 0 3 0 2 4 1 0
   1 4 4 2 4 3]
  [0 4 1 3 4 3 5 3 2 3 2 1 0 3 4 1 4 1 2 1 2 1 5 4 0 0 4 2 1 2 4 2 1 0 4
   3 2 1 3 1 5]
  [0 4 3 0 5 0 5 4 1 4 3 4 5 5 1 1 5 5 1 3 0 5 4 1 4 0 3 3 3 4 1 5 5 5 0
   3 4 5 4 2 2]
  [0 4 1 4 4 3 0 3 2 3 1 2 5 5 3 0 2 4 3 2 1 2 4 2 1 3 0 4 2 2 1 3 3 4 0
   5 3 0 0 2 3]
  [0 5 2 0 0 4 0 3 0 5 3 3 0 1 4 4 2 0 1 3 2 1 0 2 0 1 4 0 5 0 4 5 0 3 0
   0 4 0 1 1 3]
  [0 3 4 0 0 5 0 1 1 4 3 0 2 4 1 0 3 1 0 4 2 2 0 1 1 2 5 0 0 4 2 0 1 1 3
   2 5 1 0 3 1]
  [0 2 1 5 4 3 2 2 2 5 0 2 2 2 3 3 2 4 5 1 3 1 2 1 5 0 5 4 2 0 4 1 4 0 3
   3 1 5 3 3 5]
  [0 4 0 5 1 4 3 1 5 5 0 1 0 1 4 4 4 5 3 4 1 3 4 3 2 0 5 4 5 3 0 1 0 0 5
   4 2 4 0 1 4]
  [0 2 3 2 0 2 4 0 0 0 4 5 5 1 4 1 4 3 5 1 0 4 5 3 2 5 0 1 2 4 3 0 0 4 1
   0 5 5 5 1 5]
  [0 5 4 1 3 3 1 5 5 4 4 5 3 1 0 2 0 5 5 0 5 1 0 0 5 4 4 1 0 3 3 3 0 2 3
   3 4 4 5 1 0]
  [0 4 4 5 5 1 4 3 2 4 2 1 0 1 3 2 0 2 5 2 1 3 5 2 3 2 1 3 4 0 3 4 2 0 0
   4 3 4 4 5 0]
  [0 5 0 4 1 1 0 5 1 3 2 0 5 0 2 0 2 2 5 5 0 1 1 3 5 5 0 0 2 5 2 5 3 2 0
   4 1 1 4 1 5]
  [0 1 0 3 3 3 1 3 2 2 1 0 1 5 2 4 5 5 2 2 3 1 0 0 3 5 5 4 2 3 0 1 4 5 4
   0 3 2 3 2 2]
  [0 5 2 5 5 0 2 3 4 1 3 0 1 2 3 2 3 0 4 0 1 1 3 1 0 5 1 1 3 1 5 1 5 4 4
   4 0 5 2 0 5]
  [0 5 5 5 4 3 2 3 2 3 1 5 3 1 3 2 0 0 1 1 2 0 3 1 2 2 3 1 5 0 2 5 4 4 5
   3 5 0 1 3 3]
  [0 5 1 2 4 3 4 5 2 5 2 2 5 1 1 1 0 0 3 5 3 5 3 1 3 0 1 4 0 3 1 2 3 4 0
   0 1 2 0 1 2]
  [0 2 3 1 1 1 3 2 4 5 3 0 5 5 2 1 1 3 0 1 3 5 0 3 0 2 0 5 3 2 4 1 3 1 0
   0 5 2 4 0 5]
  [0 0 2 3 0 0 0 5 4 1 3 5 4 5 4 0 3 0 2 2 3 2 4 4 5 4 3 5 2 0 0 0 0 0 2
   4 5 1 5 1 0]]

 [[0 2 1 0 1 1 3 1 2 0 1 3 1 0 1 4 4 0 3 4 1 4 1 2 0 2 2 5 4 3 0 2 4 4 4
   5 1 2 0 3 4]
  [0 0 1 1 1 1 1 2 3 2 0 5 5 5 2 4 2 0 0 1 1 4 3 2 1 5 4 3 1 5 0 2 4 5 3
   3 2 1 3 4 3]
  [0 1 0 3 0 3 5 3 3 4 3 3 2 0 5 4 1 1 4 0 5 5 1 3 4 1 0 1 0 2 2 3 4 3 5
   2 5 3 2 2 1]
  [0 3 2 0 3 3 3 4 2 4 0 5 5 2 2 2 0 1 3 4 1 0 2 2 5 5 1 2 1 0 3 1 2 0 3
   1 0 0 2 0 4]
  [0 2 2 5 0 3 0 0 3 5 2 2 2 2 1 0 5 0 1 2 1 5 3 2 0 4 1 5 2 5 2 4 1 0 3
   0 3 1 1 5 2]
  [0 0 4 2 2 0 5 4 1 3 1 1 1 5 0 5 3 1 4 4 0 5 5 2 1 5 3 4 3 2 3 1 1 0 3
   3 1 5 0 2 5]
  [0 0 2 3 2 5 0 2 3 5 0 3 4 1 3 2 3 4 1 5 5 0 5 5 5 3 1 1 4 2 5 4 5 1 4
   4 0 3 5 0 3]
  [0 0 3 3 4 0 2 0 4 4 3 1 0 0 3 2 0 2 0 2 1 5 2 2 1 3 3 2 1 3 2 2 3 1 1
   5 3 2 5 3 3]
  [0 3 2 1 2 2 1 0 0 0 0 2 5 3 0 0 5 2 5 5 2 0 5 4 4 4 5 2 2 5 4 0 4 5 5
   4 3 5 4 1 4]
  [0 5 2 4 0 4 1 3 2 0 5 2 1 4 2 5 1 1 1 4 0 1 0 3 1 4 2 1 2 2 0 4 0 2 3
   0 1 3 3 3 1]
  [0 1 3 4 0 4 5 2 4 0 0 1 2 5 0 4 0 4 3 0 5 5 2 3 5 0 2 5 2 1 4 0 2 2 0
   3 4 0 0 1 5]
  [0 3 2 2 4 0 2 3 3 1 3 0 0 0 0 4 5 1 4 1 0 1 0 1 1 1 3 2 1 5 0 3 1 2 5
   2 0 3 0 5 5]
  [0 5 0 3 5 5 1 3 0 0 2 5 0 1 2 0 2 3 4 3 4 0 3 4 0 2 2 5 2 3 0 1 5 3 0
   4 4 4 5 1 4]
  [0 5 5 5 2 0 1 0 3 4 2 2 0 0 4 5 1 2 2 0 3 5 4 5 4 1 3 3 4 3 5 3 4 1 3
   3 4 1 3 1 0]
  [0 1 1 3 5 4 4 2 3 0 3 1 0 5 0 2 3 2 3 3 3 2 3 1 4 5 5 0 4 0 5 2 0 4 2
   0 4 5 2 1 0]
  [0 1 1 0 3 0 1 2 5 1 0 4 4 2 1 0 1 4 5 4 5 0 5 0 0 5 2 1 0 0 4 3 5 4 5
   2 2 5 5 3 2]
  [0 4 1 3 0 4 1 1 0 3 3 0 2 3 0 1 0 5 0 0 0 1 2 5 3 3 5 4 1 1 3 2 0 1 3
   2 5 5 0 2 2]
  [0 4 3 0 5 0 3 2 1 5 5 4 5 4 1 2 2 0 0 4 0 0 2 3 1 1 4 2 3 5 2 2 5 0 3
   4 5 3 5 2 3]
  [0 4 2 5 1 0 5 4 0 0 1 1 1 1 4 5 4 0 0 3 1 4 4 2 4 0 5 3 5 3 1 0 0 4 0
   3 5 1 2 4 0]
  [0 5 3 0 4 0 4 5 3 3 4 3 1 0 2 5 4 1 0 0 5 4 1 1 1 1 1 1 4 4 3 4 4 0 0
   4 0 0 5 4 3]
  [0 4 5 1 0 2 0 4 1 3 3 2 2 4 1 3 1 2 3 0 0 5 2 0 1 1 4 4 4 0 3 5 2 1 5
   3 3 4 0 0 4]
  [0 0 2 2 4 1 4 3 2 0 2 0 2 3 1 1 4 0 4 4 4 0 5 1 2 4 0 0 2 1 3 3 3 2 3
   0 1 1 2 3 3]
  [0 4 1 3 5 3 3 3 5 5 3 2 1 1 2 3 3 4 1 3 4 3 0 5 1 2 1 4 4 0 2 2 0 0 3
   0 1 0 2 0 5]
  [0 5 5 5 4 0 5 2 0 0 3 4 2 2 0 0 4 2 1 3 0 3 4 0 4 3 2 5 0 2 3 3 0 4 2
   4 1 3 3 1 3]
  [0 2 1 5 1 4 2 1 0 3 1 5 5 0 0 1 2 0 1 2 5 5 4 2 0 0 0 0 4 3 3 2 1 2 4
   4 2 2 4 3 2]
  [0 4 1 0 2 3 5 1 2 3 0 5 3 5 0 5 1 3 1 5 5 3 3 3 1 0 5 0 4 5 0 1 3 3 4
   3 4 0 3 3 0]
  [0 2 3 4 3 4 3 5 1 0 3 4 3 3 2 4 5 4 0 1 2 5 2 4 4 4 0 5 0 2 0 0 0 0 2
   5 0 4 1 0 1]
  [0 2 4 1 4 0 0 1 3 5 0 2 0 0 4 5 2 5 4 3 4 1 4 0 0 0 5 0 5 3 2 1 0 5 0
   2 5 2 1 1 2]
  [0 5 2 0 2 1 3 1 0 2 5 1 3 0 0 5 0 1 0 2 3 2 1 0 5 1 5 2 0 2 2 2 3 0 3
   0 0 2 5 5 0]
  [0 3 4 0 4 3 2 1 5 2 5 3 5 2 2 0 5 1 4 4 4 1 5 4 5 1 2 2 5 0 5 0 2 5 1
   1 3 0 5 5 3]
  [0 2 3 4 2 5 2 1 5 3 0 5 4 0 4 1 2 3 2 2 1 5 1 1 5 3 1 5 0 1 0 2 3 0 2
   3 2 1 4 4 5]
  [0 1 4 1 5 5 4 2 1 2 3 0 3 1 2 3 5 3 5 0 4 1 1 2 1 2 1 2 3 4 0 0 0 4 4
   5 3 4 0 5 2]
  [0 5 2 4 4 3 5 4 4 3 2 2 1 0 1 2 3 2 0 3 1 2 1 1 0 1 3 2 1 2 2 2 0 4 1
   0 5 3 2 3 2]
  [0 4 4 3 1 2 1 0 2 4 4 2 2 0 2 1 0 1 1 0 1 1 2 3 1 4 3 2 4 3 2 0 1 0 1
   2 2 5 2 4 4]
  [0 0 1 2 0 5 4 0 5 5 3 5 3 3 3 1 2 5 0 2 4 3 3 0 4 3 1 2 5 5 5 3 1 3 0
   3 3 3 0 3 0]
  [0 1 5 1 4 5 1 1 3 4 1 0 5 5 1 5 4 4 3 3 2 0 4 2 1 5 2 1 4 1 0 0 3 3 2
   0 2 4 4 4 1]
  [0 2 4 2 4 1 3 5 4 0 4 0 5 5 5 1 2 2 1 0 5 1 0 5 3 4 3 3 4 5 3 3 5 2 5
   2 0 2 4 3 3]
  [0 4 3 1 3 1 1 2 2 0 0 4 1 2 1 4 5 1 2 5 4 4 3 3 2 1 2 1 0 5 4 4 3 4 3
   1 3 0 2 2 1]
  [0 0 5 1 2 5 3 5 1 5 1 0 0 3 5 5 0 3 1 3 4 5 5 2 0 3 4 0 0 0 2 2 5 5 3
   4 3 5 0 3 5]
  [0 0 5 5 3 2 5 2 0 2 2 5 3 1 3 0 5 3 4 3 2 2 2 0 4 5 0 4 5 5 3 5 1 4 5
   2 4 0 2 0 1]
  [0 4 1 0 2 3 3 1 3 5 4 0 4 0 0 4 3 4 5 0 4 4 3 3 2 1 3 1 0 2 2 3 1 4 0
   4 3 5 5 5 0]]

 [[0 4 0 3 2 1 3 1 4 5 1 4 1 3 5 2 4 3 4 4 5 1 1 0 3 1 5 5 2 4 2 0 5 5 5
   0 0 0 3 1 3]
  [0 0 1 5 2 0 5 2 2 1 5 1 5 4 0 0 4 4 4 2 3 2 0 3 4 2 0 3 3 5 2 0 1 0 1
   3 2 0 3 4 5]
  [0 5 0 0 1 2 2 1 3 3 0 0 1 1 0 0 4 0 4 5 2 0 4 0 2 3 1 1 0 0 4 3 2 4 4
   3 0 2 4 1 3]
  [0 5 5 0 4 5 4 3 3 3 1 2 2 2 5 4 3 0 5 0 2 2 0 0 3 5 0 3 3 5 4 5 5 2 2
   5 4 3 0 0 4]
  [0 5 2 3 0 0 1 0 0 3 5 5 0 0 3 5 1 3 2 5 3 0 1 5 5 4 0 5 2 0 1 4 2 3 4
   3 5 4 0 3 2]
  [0 5 4 4 2 0 4 1 5 4 2 3 1 5 0 2 2 1 2 4 3 1 5 3 3 1 0 2 1 3 4 2 2 3 4
   5 1 3 2 3 4]
  [0 4 3 5 3 0 0 1 3 3 3 5 5 3 1 1 4 1 4 2 5 2 4 3 0 4 3 1 4 0 5 1 0 2 4
   1 2 0 4 1 3]
  [0 0 4 4 3 5 3 0 3 2 3 5 0 0 5 5 1 1 2 1 4 1 4 5 5 2 0 1 4 5 1 1 2 2 0
   3 4 1 4 1 4]
  [0 0 5 2 3 1 5 5 0 0 3 4 1 2 1 2 2 1 0 0 5 3 1 0 0 4 5 2 4 4 5 4 4 5 1
   0 4 0 0 5 5]
  [0 5 2 3 3 2 4 5 4 0 1 1 5 3 1 1 1 2 3 3 1 1 4 3 2 5 4 0 4 2 4 0 4 3 0
   5 4 3 2 0 4]
  [0 5 1 3 1 3 2 5 5 3 0 2 4 3 2 2 3 5 0 1 3 0 5 4 5 0 2 0 3 0 2 2 5 5 2
   4 0 3 3 0 1]
  [0 3 3 5 0 0 4 1 3 5 5 0 4 0 3 1 0 5 0 0 3 1 5 5 3 1 2 4 4 5 0 5 0 3 1
   3 5 3 2 2 2]
  [0 5 4 5 0 5 3 3 3 1 1 1 0 2 3 0 3 1 2 5 2 4 2 3 1 1 5 5 2 0 4 2 3 4 0
   3 3 2 2 0 5]
  [0 3 4 0 2 0 0 5 5 5 0 3 2 0 0 5 4 5 3 5 4 5 4 4 2 1 3 4 0 0 5 5 1 1 4
   3 1 2 1 5 0]
  [0 5 0 0 3 5 0 0 2 0 0 4 0 0 0 0 5 5 5 1 1 4 5 1 3 5 0 4 3 0 3 5 5 4 5
   0 4 5 1 0 3]
  [0 5 1 3 3 5 5 5 3 5 2 3 3 3 5 0 4 5 4 0 0 3 4 3 1 0 0 4 0 0 3 2 5 4 5
   0 2 1 4 3 4]
  [0 3 0 3 5 3 5 4 0 1 0 2 0 5 5 2 0 2 4 4 4 0 5 4 0 0 4 1 3 0 2 0 1 1 0
   1 2 4 4 2 3]
  [0 3 5 4 0 0 3 3 1 3 0 3 0 3 0 5 2 0 1 2 4 4 4 1 2 1 0 3 2 2 4 5 3 1 5
   2 3 4 5 5 1]
  [0 0 4 4 3 0 4 1 5 0 3 4 5 1 5 4 0 4 0 0 0 2 4 5 5 1 2 1 1 5 4 0 5 4 1
   3 2 0 4 4 4]
  [0 5 4 2 1 2 2 0 5 0 3 1 5 1 1 5 0 0 2 0 5 3 3 3 0 4 5 1 4 0 0 0 5 2 3
   1 5 5 3 1 4]
  [0 1 5 5 2 1 2 5 3 0 3 1 3 2 5 1 0 2 5 5 0 1 0 0 4 0 5 3 5 2 0 5 0 2 1
   3 1 0 2 2 5]
  [0 3 5 2 3 2 0 2 1 1 5 3 0 2 2 1 0 3 0 1 4 0 1 4 4 3 5 0 4 4 5 2 2 5 3
   1 3 3 2 4 0]
  [0 5 4 5 4 1 1 0 5 0 4 5 4 0 5 0 2 2 5 0 4 4 0 4 0 0 1 4 3 3 0 2 0 4 5
   3 3 0 1 0 1]
  [0 2 5 1 2 1 0 3 0 1 1 1 2 1 3 4 2 2 5 2 4 0 0 0 4 2 4 0 0 4 4 4 0 1 1
   2 2 2 0 3 2]
  [0 5 2 0 4 4 3 3 5 5 0 0 0 3 1 4 5 3 3 0 2 4 0 3 0 0 5 5 0 3 3 0 0 5 2
   4 0 2 3 0 0]
  [0 5 2 0 3 5 2 0 1 3 1 0 5 4 3 1 4 5 5 2 3 5 3 4 1 0 2 4 5 4 0 1 4 3 4
   1 3 5 5 2 0]
  [0 2 4 5 1 5 4 2 2 1 0 3 5 5 5 4 2 3 5 3 3 2 1 3 1 3 0 3 0 1 4 2 5 5 5
   5 0 3 5 4 1]
  [0 1 1 3 1 1 5 1 0 5 4 0 1 3 0 0 5 2 4 0 4 3 0 3 5 0 4 0 1 1 5 5 5 1 1
   3 4 3 5 2 1]
  [0 5 1 2 3 4 5 2 2 3 3 0 5 5 0 3 1 3 0 3 4 3 1 2 1 0 2 0 0 2 3 3 0 0 2
   2 4 1 1 5 3]
  [0 2 2 4 0 5 5 0 5 1 4 5 1 4 0 0 5 3 3 5 1 1 0 4 2 2 3 5 0 0 0 4 4 2 5
   3 3 0 4 5 5]
  [0 0 5 5 3 1 2 3 1 0 4 2 1 5 3 2 3 4 0 5 2 5 3 3 1 5 1 3 3 1 0 1 2 5 2
   4 4 1 3 1 3]
  [0 2 2 4 2 1 2 2 0 0 1 0 3 0 4 2 0 2 5 4 3 0 5 0 1 2 2 2 4 0 4 0 1 1 5
   4 5 5 5 3 2]
  [0 4 0 1 0 3 4 5 3 3 0 0 5 2 0 1 3 2 0 2 5 0 4 3 0 4 3 3 3 1 1 1 0 3 3
   3 1 1 0 2 1]
  [0 3 2 0 0 0 2 3 2 3 2 5 5 4 5 2 1 0 2 2 4 1 4 3 2 0 1 5 4 4 2 2 4 0 3
   1 3 5 0 5 4]
  [0 4 2 5 2 2 2 5 5 4 0 2 1 0 3 2 3 3 4 2 1 0 5 3 5 4 3 2 1 1 2 0 3 3 0
   4 0 4 2 3 5]
  [0 0 2 2 4 1 4 5 5 3 0 4 1 0 4 2 1 3 5 5 1 1 4 3 1 2 5 0 1 2 4 1 4 3 2
   0 2 5 5 0 5]
  [0 4 5 4 5 4 1 1 4 1 1 5 2 1 4 4 5 2 0 4 4 0 5 4 1 4 3 3 0 3 0 1 3 4 1
   3 0 1 3 2 3]
  [0 3 5 2 3 4 4 3 2 1 3 5 4 2 4 4 1 3 5 0 0 0 3 4 2 0 2 0 5 3 5 0 4 0 5
   1 4 0 3 0 3]
  [0 2 2 2 0 4 0 4 3 5 3 2 3 3 0 2 5 3 5 0 5 4 0 1 1 1 0 4 2 2 2 3 0 3 3
   2 1 2 0 3 0]
  [0 2 1 0 3 1 2 0 4 2 5 3 4 4 2 4 1 4 3 3 0 4 3 3 5 3 2 2 5 4 3 4 2 0 4
   2 0 4 0 0 1]
  [0 5 1 2 1 3 1 0 4 4 0 5 0 4 2 2 3 0 0 4 4 5 2 2 1 4 0 2 4 5 1 1 5 0 0
   5 1 0 5 5 0]]

 [[0 1 2 0 2 3 2 1 2 5 1 5 4 0 3 3 4 5 1 5 3 1 5 3 4 2 3 2 1 4 5 1 2 1 5
   3 1 1 1 5 1]
  [0 0 1 0 1 1 3 0 4 4 0 1 2 5 4 4 4 0 2 4 4 3 0 5 1 1 3 1 0 3 4 0 3 5 5
   2 0 2 3 1 5]
  [0 4 0 3 3 5 2 2 5 3 3 4 5 5 2 2 4 5 0 3 2 1 2 1 1 1 2 0 2 5 5 1 0 3 4
   1 5 4 2 2 4]
  [0 3 5 0 1 5 2 1 0 5 0 3 5 0 0 3 3 1 4 0 2 1 2 2 0 2 1 0 2 5 3 3 2 1 2
   3 5 3 4 1 2]
  [0 4 0 2 0 2 2 5 3 4 1 1 1 3 0 1 4 2 5 5 1 3 3 5 2 4 0 3 4 3 2 3 5 3 0
   3 5 5 4 2 4]
  [0 2 1 4 1 0 4 5 1 2 1 0 5 0 5 5 5 4 1 4 1 1 1 0 4 2 1 2 1 3 1 2 1 2 4
   4 5 4 1 0 2]
  [0 1 3 0 3 4 0 1 1 3 4 2 5 2 3 4 5 1 1 4 4 2 1 4 1 4 5 1 4 3 5 5 4 4 5
   0 3 3 5 4 5]
  [0 5 0 5 1 2 4 0 2 0 2 2 5 5 3 4 0 5 1 3 5 1 3 5 2 2 3 0 0 5 1 0 4 4 2
   1 4 1 5 5 3]
  [0 0 2 1 5 1 2 0 0 5 5 2 1 3 1 1 4 0 0 2 0 4 5 3 1 1 0 3 5 5 0 2 1 0 4
   5 0 5 4 0 0]
  [0 4 4 2 2 0 4 2 4 0 4 0 4 3 3 1 4 1 1 4 4 5 3 0 4 4 2 5 2 4 5 3 2 3 0
   5 4 2 5 3 0]
  [0 0 1 2 3 0 0 0 4 5 0 4 5 3 1 2 3 0 4 0 2 2 0 0 1 2 3 5 1 1 0 2 1 0 0
   1 1 2 4 1 3]
  [0 5 0 2 5 5 2 3 4 0 1 0 4 2 2 3 2 1 3 5 2 2 2 2 0 2 0 3 4 2 2 1 1 0 2
   5 0 2 1 1 2]
  [0 3 5 5 2 1 5 0 2 1 1 5 0 1 5 3 3 2 3 0 5 3 4 1 5 5 3 5 4 5 5 5 0 5 3
   5 0 3 5 5 0]
  [0 2 1 3 3 0 5 0 1 2 3 2 3 0 1 3 1 4 4 5 2 2 4 0 4 3 4 3 2 0 2 3 0 4 5
   4 1 2 4 1 2]
  [0 0 5 0 0 3 1 5 1 2 0 1 2 0 0 0 3 4 2 5 2 2 4 0 1 0 0 3 1 1 4 0 3 5 0
   0 0 3 5 1 1]
  [0 0 1 1 5 3 4 2 5 2 5 0 3 3 3 0 0 4 3 4 1 3 0 3 5 3 2 3 1 0 0 5 5 5 0
   1 5 2 3 1 2]
  [0 2 4 4 4 2 2 1 0 3 3 4 1 5 3 0 0 0 2 5 2 2 4 1 1 4 0 3 4 5 2 5 2 3 3
   1 5 1 4 3 4]
  [0 5 4 5 2 5 3 1 0 3 5 3 2 2 5 1 0 0 1 1 3 4 1 5 3 3 4 5 2 1 0 5 1 1 5
   1 0 3 0 4 1]
  [0 0 4 0 0 2 5 5 5 3 3 2 2 5 5 1 2 0 0 5 4 4 3 4 3 4 2 2 1 2 5 4 4 3 2
   2 4 5 3 1 1]
  [0 2 2 4 2 5 3 5 2 1 4 4 0 0 5 3 2 2 1 0 5 2 3 0 4 0 4 3 3 2 1 4 1 0 2
   4 5 1 0 3 4]
  [0 4 0 4 0 5 3 4 0 4 4 2 5 5 1 0 1 5 4 4 0 2 3 3 1 5 5 0 5 2 1 3 5 1 0
   5 1 3 4 3 1]
  [0 5 2 1 0 2 1 2 5 0 3 5 2 2 5 0 5 4 3 3 2 0 1 4 3 5 1 5 2 4 0 1 0 2 4
   0 4 3 1 5 5]
  [0 3 2 0 3 0 4 4 3 4 0 2 0 3 0 0 3 3 2 4 3 1 0 1 1 1 3 2 3 0 3 3 4 4 3
   5 3 1 2 2 2]
  [0 0 2 5 2 2 3 1 3 3 3 3 5 0 3 0 4 0 5 4 1 0 3 0 2 5 5 5 5 0 5 1 5 1 4
   1 3 5 5 2 4]
  [0 3 1 1 3 2 0 2 3 4 1 2 1 4 1 1 0 5 4 4 5 3 3 5 0 0 0 1 5 2 0 5 0 5 5
   2 4 3 5 4 1]
  [0 3 0 5 5 0 2 4 4 2 2 5 3 4 3 5 5 1 1 0 5 2 2 3 1 0 5 0 5 4 3 0 2 1 0
   5 4 3 2 3 3]
  [0 3 2 2 0 2 5 3 5 2 2 4 1 4 1 1 0 4 5 4 1 4 4 3 3 4 0 4 3 5 5 4 2 0 4
   0 2 0 3 4 3]
  [0 4 1 3 5 3 3 1 0 0 5 5 0 3 3 1 0 3 4 3 2 1 4 4 5 4 4 0 4 1 5 3 5 5 2
   0 2 2 2 0 4]
  [0 2 5 5 2 5 4 0 3 5 0 4 5 3 4 4 4 3 2 2 1 3 2 3 4 0 2 5 0 2 0 0 0 2 0
   3 4 5 1 2 4]
  [0 2 4 0 0 0 2 4 4 5 0 2 1 3 0 3 5 4 3 2 3 2 3 0 0 0 1 0 3 0 1 5 2 2 2
   3 2 3 0 3 2]
  [0 4 0 2 3 2 2 5 2 0 1 2 3 0 2 2 2 5 4 5 2 3 1 4 5 0 1 4 4 0 0 4 3 1 2
   1 3 3 3 5 4]
  [0 3 2 0 2 5 4 2 3 5 5 3 1 4 0 0 3 5 0 5 3 2 5 1 3 5 1 5 1 2 4 0 4 3 1
   3 5 4 0 0 3]
  [0 2 3 0 4 2 1 4 0 3 4 2 3 3 3 0 5 4 1 1 3 2 1 4 2 5 4 0 1 5 0 5 0 4 3
   0 0 4 1 1 4]
  [0 4 2 3 2 1 1 5 5 1 2 0 5 4 0 3 2 4 4 0 0 4 5 2 2 4 5 4 0 5 1 3 5 0 2
   1 3 5 3 4 0]
  [0 0 2 4 0 4 2 0 4 2 4 0 0 4 5 0 3 0 3 0 0 4 2 0 1 5 3 0 2 1 4 0 3 1 0
   4 4 5 3 4 5]
  [0 5 4 4 0 1 4 1 0 4 2 2 4 4 3 0 2 1 2 3 3 4 5 0 1 0 2 3 3 2 2 5 3 2 2
   0 4 3 3 2 3]
  [0 5 3 5 4 4 5 5 5 5 1 0 4 1 1 1 4 4 4 2 4 1 3 1 0 0 0 4 1 2 5 4 0 0 0
   5 0 2 0 2 4]
  [0 2 2 3 5 3 2 0 5 1 0 0 0 5 4 0 4 2 4 3 5 2 0 3 0 1 1 1 1 4 1 2 3 0 3
   0 0 0 4 1 4]
  [0 4 4 3 1 5 4 1 4 0 5 0 1 0 4 0 5 3 5 4 0 5 5 4 3 1 3 0 0 4 0 1 0 4 5
   4 3 5 0 2 0]
  [0 4 1 0 4 4 1 3 5 3 2 5 3 2 2 1 0 0 5 4 0 0 3 3 0 4 0 5 3 0 4 2 3 0 4
   4 0 2 2 0 0]
  [0 4 3 1 2 1 5 4 3 5 1 0 1 5 2 1 3 5 1 2 4 5 1 4 0 0 5 5 2 4 3 3 2 5 3
   0 5 0 3 0 0]]]
release_time
[  0  47  52  92  38  17  55   9  12  52  76  41  42  79  34  31  75  75
  16  31  42  53  35  72  16  63  21  78 132  47  31  25  15  47  69  19
  44  26  55  67   6]
due_date
[  0  75  67 207  70  81  79  76  78  66  80  80  69 108  67  71  81  81
  70  83  72  68  69  75  80  80  67  84 218  75  69  76  68  71  70  81
  78  70  73  76  74]
unit_emission
[ 7  5  8 15 12]
emission_limit
22564.0
setup_severity
0.02
due_tight
0.9
due_range
0.25
release_tight
10
degree_constr
0.5
