mach
5
job_rate
8
weight
[ 0  4 10  7  1 10 10  6  1  2  8  7  7  3  6  1  7  8  5  2  6  1  2 10
  5  9  3  6  1  2  6  2  8  9  3  8  8 10  9  8  1]
proc_time
[[  0 141  91  84  85  58  65 118 126 132 129  87 144  67  79 114 136 105
   66  97  69  58  52  99  65 130  79 119 111  82  80 119 116  78 104 118
   84 100 148  95 146]
 [  0  80 144 142 138 111 114  62 127 102  55  91  95  89 127 127 120  87
   74  74  93  51 142  92 143 112  51  90  56 116 146 125  60 104 133 139
  143  68 135  89  97]
 [  0 146  89 110 113 115  69  54  50 105  60 102  51  91  90 136 112 135
  111 107 132  92  87  83 113 116  52  96  57  83  57 147 120  89 134 129
   56 145 117 105 120]
 [  0 116  51  90  56 103 130 117 123  79  71  96  74 102 148 150 133 150
   63  68  89 125 148 111  89 142 107 130 131  60  87 112  83 132 136 114
   59  76 149 105 130]
 [  0 122  54  89 139  55 138 122 116  75 126  97  69 100 113  66 116 135
   53  68 113  94  70 119 104 113 116  66 119 133  58 129  99 129 146  78
   55  62 135  61 115]]
setup_time
[[[  0 267 360 405  94 173 239 399 207 251  80 341 390 208 141  28 198
   290  40  77  39 221 318  37 110 128 244  31  67 355 194 226 168 394
   235 119 247 377 311  25  92]
  [  0   0   2  36 281 146   1 354 184 123 321 372 152  70 256  51 356
   228 275 202 144 274 224   8 141 192 188 324  69 142 227 168 278 319
   128 345 393 149 302 221 158]
  [  0 308   0 347 268 259  88 318 145 204 349 373 276 347  16 131 390
   228 150 171 111 238 305 166 335  89 303  34 272 294 131 250 160  84
    54 141  93  63  11  90 310]
  [  0 188 132   0 358 326 166  47 362 402 131   9 214 360 217 115 378
   110 318 320 229  91  91 382 132  15  26 129  60  46 209 187 387  35
   300 364 246 167  20  67 377]
  [  0  58 120  65   0 112  75 396 204 210 230 199 304 233  29 189 364
   367 228 115 280 400 256 231 155 331  49 111 369  77 301  14 221 167
   264   0 113  67 129 299  28]
  [  0   8 351 185 337   0  93 106 180 372 170 366 140  11 173 200  89
   171 279 280 142 325 377 142 308  87 376  83 324 195 150 222   0 141
   311  59 263 406 277  22 176]
  [  0 376 252 395 374 110   0  56  20  50 343 345  84 378 204  86 285
    26 109 224  48 121 327 303 190 113  51   0 291 195  10 249 349 203
   172 314 365 332 244 226 107]
  [  0 207  98 326  19 315 394   0 362 387 213  48  68 127 378 170 282
   154 384 169 169 261  83 324   2 183 254 105 149  68 144 202 379   5
   306 373   0 218 117 398 279]
  [  0 281 201 295  50 297 268  45   0 172 310 331 136 159 124 300  86
   282 363 385 142 217 304 215 175  97 312 246 249 268 125 246 226  27
   308 311 392 171 189  70  29]
  [  0 224 194  85 115 123 187 283  35   0 293  86 135 238 316  19 397
   114  62 309 356  37  29 329 234 179 397 235 362 189  77 403 372 363
   233  35 384 257  78  93 266]
  [  0 129  22 354 385 337  80 128 210 138   0  21 201 353  30  30 331
   275 158 263  65  94 114 194 231 326 320 239 228 133 231 100 132 302
    28  34  69 141 253 405 349]
  [  0  78  83 273 364 288  29 250 394 115 330   0 115 242  55 360 160
   155  35 278 318 178   7 123  59 105 272 242  54 402   4 156 319 141
   165 268 106 348 382 145 171]
  [  0   9 286 287 182 347  87 393 264 384 308 365   0  25   2  39 341
    21 260 275 187 246 281 356 376 103 304  54 248 257 219 164 335 177
    74 347 319  27 103 345 185]
  [  0 123 100 125 301  17 176  13 233 211 377 314 266   0 124  60 404
     2 266 255 313 358  68  39 116 159 171 211 342  20 390 300  88 380
   262 303  55  95  71  96 238]
  [  0  13   0 370 372 119 185 226  59  99  88 254 259  41   0 334  24
    83   6  14 284 115 193   3 403 374 182 362  39 116  54 368   0   3
   209 296 325 102 393 224 329]
  [  0 262  64 158 355  10 163  47 359 304 167 350 369 289 178   0  48
   272  27 279 239 127 255 214 386 316 321 182 176 112 209 388 104 137
   151 129  14 369 333 108 235]
  [  0  73 258 199 298   6 334  54 154  89   5 126 199 294 338  95   0
   272 145 159 351 323 402 305  91 405 380 228 184 386 322  12 147 333
   236 323 204 160  80 241 322]
  [  0 269  48 145 136  35 165  17 244 129 214  76 151 255 132 123 241
     0 161 372 238  45 129 174 123  38 249 161 322 251 198 282  61 244
   336 109 344  98 367 228 198]
  [  0 214 118 215 172 110 174 304 256 202  86 196 392 315 222   6 129
   284   0 289 308 112 123 127 183 327 292  99 388 347 293 181 352 263
   231  95 262  71 312 263 310]
  [  0 149  80 402 212 113  78 366 243 371  34 160  22 334 316  68 306
   393 368   0 290  96 324 349  19 154 145 369 101  95 358  60 163  73
   159 260 219 267 362  78 195]
  [  0  18  69 360  10 265 244  56  80 282 127 326 312  55  60  30   3
   171 327 296   0  87 399 366  63 401 191 282 297  92 334  55  49 235
    63   9 158 228 359 100 355]
  [  0  51 274 205 373 384  85 376   0 158 291 288 244 290 334 148 174
   243  70 290   8   0 157 192 311 125 374 264  75  63 264 230 375 341
   147 259 404 143 269  69 117]
  [  0 247 325 115 311   7 194  52 151 303 138 283 153  13  51 310 358
   331 287 173 255  89   0 250   8  37 386 133  95 123 402 326 155  89
    54 266   9 377 115  99 213]
  [  0 354 120 372 307 354  41  13 334 141 193  84 180  87 265 282 285
   183  39 236  47 210 320   0 363 227 216  32 277 160   1  92 157  62
   222 191 336 321  60 398  82]
  [  0 166  37 108 171 250   6 169 189  11 387 405 179  36 121 188 180
    63 225  79 387   2 159 205   0 188 401 261 400 330 105  71 330  73
   326  14  96  84 164 358  54]
  [  0 349 143 384  63 402 360 384 326 236 333  91 148  34 105  30 194
    49 145  33 401 398 169 362 393   0 354 124 337 402  95 248  28 243
    32 138 256  13 218 172 379]
  [  0 329  96  87 107  75 220 188 133  72 178 181 269 405 256 266 267
   211 289 278 400 197 397  64  29 380   0 378  52 356 383 121  66 357
   139  48 317 370 263 314 224]
  [  0 245 156 161 188 235 238 333 165  12 125 211 228 389 310 368 150
   287 165 264 387 219   5 275 355   2 250   0 211   1 218  92 299 247
   356  98 320 352 346 160  46]
  [  0  32 378 207 171 167 308 344 284 272 264 185 223  93 239 306 226
   227 401 232 271 318 101 170 316  56 221 208   0  43 355 325 152 194
   138 240 384 125  57 226  84]
  [  0 173  30 179 285 167 345 250 140 156 314 180 392  85 372 250 272
   122 134 325 345  31  49 337 321  28  63 392 185   0 354  70  97 322
   202 272 398 251 146  90 363]
  [  0  47  83 371 199 260  81 143 348 320 278 182 251 351 338 218 399
   196 287 184 296 135 296 171 298  57 297  77   1 368   0 176 152 199
   195 301 169 188 118 396 280]
  [  0 284 260 367 314   4 303 398  98 171 357 260 282 181 162 183 175
   329 220 402  32  25  78   0 207 103 370   1 158 180  12   0 196 311
   323 145 195 273 377 232   9]
  [  0 370 289  80 152  74 329  85 285 400  33 378 252 273   7 116 133
   175 276 320 241 152 232 151  27 113 288  39 249 273 277  95   0 152
   262 222 225 398  77 182 212]
  [  0  71   9 300 273 159 188 377 184   5 170 381  49 149 266 289 104
     3 270 235 291 277 264  86  15 185  37 125  49 245 323 197 392   0
   178  40 261 400 308 379 357]
  [  0 174  69  45 170  51 104 218 374 229 200 118 324 273 192  59 243
   203 177 365 175  86  15 356 177  62 338 183   3 195 180 310 263 397
     0 241 400 259 369 386 177]
  [  0 228   9 236 401  24 330  87 404 323 201  83 133 291 279  83 217
    78 347 395 255 299  16  49  60 382 164 254 105 388 376 172 114 144
   374   0  34  43 310  67 123]
  [  0 319 121 269 145 177 151  31 366  31 163  62 364 281 367  98 181
   202  49 319 388   3 303 303 359 104 138 337 398 341 244 209 183  70
   227  44   0 210 183  81  86]
  [  0 129 260 367 317 150  58  26 358 206  28 134  23  16 129 357 152
    37 194  41  77 393 140  92  40 320 267 146 372  65 125 266 118 232
   105 294  33   0  87 166 345]
  [  0 226  17 242 349 122 103 115 350 353 316 381 328  15 271  61 100
   314 240  64 238 130 308 270  90 279 336 199 338  30 161  96 293  40
   245 355 364 241   0  20 178]
  [  0 129  58 323 300  57 240 375   1 222  36 268  93 404  28  30 314
   148 123 337 201 273  45  30  80 125 149 181 160  23 372  22  67 207
   119 255 160  62  44   0  63]
  [  0 320 285 373 237 305 253  56 267 197 344  55 362 316  96 210 333
   299 240 320 117 264 178 209 288 258 125 272 162 308 363 298 389 148
    32   2 275  75 114 201   0]]

 [[  0 281 197  71 286 317  39  99 347 166 121 392  21 272  26 106 291
   345  76 360 190 381 144 245 263 304 108  44 116   1  11 371 300 353
   351  41 231  42 336 309 226]
  [  0   0 404 107 155   4  78 175 225 181 276 335 325 247 227 286 314
     5  74 196   9  87 119 152 341 176 230  78 343  37 391  27  69 313
   278 242 148  75 134 112 288]
  [  0 177   0 103 343 200 380 125 183  17 320 391  34 379 289 102 400
   117  99  29 151 275 213 281 356 404 289 172 332 179 317  29 404 255
    70 170   2 390  12  91 125]
  [  0 180 397   0 223 165  91 310 129 239 247 189 335  49 261 361 382
   317 112 213 143 386  32 153 140 327 367 277 405 202 168 342  79 167
   296 306  72 256 356 252 271]
  [  0 265  14 156   0 372 302  72 264 200  44 348 177 385 331 284 209
   109  56 231 269 154 156 380 373 224  55 381 141  69  78 284 360 329
   110 249 391 194 283 207 402]
  [  0 336  31   3 342   0  25 398 139 296 131 261  94 208  49 406 170
    42 279 121 274 245 171 131 302 245 286 377 238 315 355 289 165  37
   103   5  26 177  64 353 316]
  [  0  83 220 267  61  80   0 194  94 293  19 291 207 349 237 360 145
    52 208 345 188 393 289 192 352  55 302   9 238 227 375 214 183 287
    37 155 254  44  64 329 160]
  [  0 183  72 147 164  93  29   0  81  95  54  75 339 396 269 275 108
   321 378 161 292 375 383 127 355  83 309 100  25 122 116 399 138  75
    71 181  21 108 197  19 302]
  [  0 340 225 268 318 127 252 402   0 343 338  21 382 256 207 196 397
   281 314 324  86 129 263 240  57  20  99  71  13  66 111 340 204 247
   392 197  36 371 169  51  33]
  [  0  66 283 145 129 171 113  51  88   0 218 311 136 245  82  47 106
    75 300 219  95  40  24 347 273 110 403 394 111 351 123 368 242  77
     9 271  73 357 265 290 383]
  [  0 142  83  48 254 259 285  79   7 279   0 277 400 211 300 323 136
    94  78  78 127  42 161 263 263  85   3 160 103  35 226  68  49 345
   208  88 242 170 219 199 396]
  [  0 321 181 272 241  15 235 145  17 339  86   0 274 305 202 294 125
   259 369  75 108 326 193 345 303 396 366  11  53 163  57 280  38   1
    48  29 218  86 257   6   3]
  [  0 268 218 348 286  82 171  97 192 339  43 158   0 323 262 273  34
   122 284 286 243 335 277  19 237  73 202 208 313 368 260 143 146   2
   186  31 219 332 147 141 368]
  [  0 188 120 140  98 377 266 306 301 146  53 257 164   0  71 105   1
   342 192 121 269 313 373 117 142  93 390 379 188  57  24  20 110  79
   260  16  96 216 189   2  94]
  [  0 163  58 322  43 115 145 389 141 167 283 265 348 129   0 162 173
    12 243 116 220  95  91 308 314 313 258 187  44 217 168 403  23   4
   121 166 371 332 204 306 336]
  [  0 397  22 321 367 301 239 198 402 366  54 243 236  50 369   0  79
    80  47 320 141 285 321 191 372  80 204 322 302 201 228 205 152 189
   137 244 123 127 339 394  31]
  [  0 200 297 153 320 371 275 292 390 173 306 343  76  61  78 200   0
    68  86 290   5 335 183 230 347 309 250 149 259 348 301 206 373 347
   241  96 108 151  30  20 165]
  [  0 298  22 329  11 396 146 233 126  51  92 190  74 343  55 325 117
     0 131  74 365 302 225  56 104 207  83 264 123 216 280 284  56 305
   359 368 390 273 131  56 246]
  [  0 145 101 177 297 344  29  76  76 376 317 369 220  22  64 384 402
   257   0  48   1 247  65 146 241 249 169   1 346 150   2  49 318 258
    12 172  69 400 235  77  47]
  [  0 164  71  81 238 391 212  52 104 192 142 169 119  38 119 229 389
   229 233   0  64 133  67 221 346  67 335  97 317 400  62 399  69 230
   128 242 106   6 185 244 308]
  [  0  97 187 368 249 392 169 147  33 357 171 170 195 128  14 155 346
    51 211 135   0 237 370 121  49 190  30 173 369 113 138 114 286 399
   106 207 283 221 325 237 116]
  [  0 243 212 147 274 283 143 283 199  18 109 130 290 358 292 194  15
   382 313 212 251   0  73 190 151 201 335 199  89 121 217  48 202 246
   374  75 354 354  18  39 330]
  [  0 247 142 116 333 402 251 187 249  19 324 220 139 361 377 263 303
   188 259  56  55 121   0 381   2 159 339  51 343 293 161  59 157 216
   199 317 242 368 102  57  80]
  [  0 125 368 301 345  86 308 404 275 277  46  62 388 373  89 259 215
    90 243  19 254 338 383   0 181 300 284  76 378 190 379 402 104 224
   237 340 103 321  43  25 104]
  [  0 273 193 260 380  29 387 119  53 218 355 110 180  76 134 181 237
   149 363  58  55 306 197 181   0   9 369 378 324  65 297 161 185 237
   178 101 143 270  68  56  62]
  [  0  63  48 152 351   0 146 405 400 129 369 369 356 395 126  31 400
   347 169  74 166 266 338 359 177   0 142 396 125 391  18  68 271 281
   328 186 332 294 194 241 362]
  [  0  43 161 377 256 233 200 102 346  98  99 218 226 235 395 230 154
    27 301 201 325 343 370  41 296 192   0  48 190 284 122  58 363 254
   344   0  16 190 138 341 343]
  [  0 280 165 303 370 395   7 235 116 274 206 180  94 365 364 393 112
    71 173  45 185 211 267 245 382 174 128   0 308 359 338  45 225 361
   379 292 364 390  94  59 306]
  [  0 164  79   6 123 145 131 123 308  84 368 260 108 326  62 311  26
   324 226  80  45 124 141 160 270 244 294   4   0 319 330  18 305 274
   289 321 225 182 340 137 192]
  [  0 151  50  40  14  69 378 327 269 300 164 167 375   2 326  21 330
     9 122  75  51 176 305 191 280  74  88 108  23   0 200 156 287 336
   380 282 260 269 332 354 310]
  [  0  16 321 158 184 241 141  97 353 186 203 329 195  13   4 247 211
   252  17 165 231 219  86 394 198 405  43 289  81 341   0 109 285 194
   376 246 243 103  92 121 329]
  [  0 259 274  81  33 237 117 126 273 268 244 225  81  18 391 194 289
   127 108 108   4 141  61  87  87 291  22 270  65 263 202   0 353 367
    75 335  72 235 293 164  76]
  [  0 228 189 115  87  88 122 188 400 178 335 390 155 329 390 287 224
   390 296  29 359 284 116  62  78 390 105 200 130 122  70  50   0 112
   364 107   6 153 236  72 358]
  [  0  43 242 353  65 330  30  24 114 140  11  56 308 137 103 406 390
   112 281 400 265 389  59 230 382 109 124 218 372 146  32 108 380   0
   197 189 107 143 325 334   8]
  [  0 400 128 102  78 287 210  61  44  62 338 212 395 179 158 134  70
   101 195 257 118 159  24  17  59  43 197 342 245 121  44 201  71 153
     0 305 406 286 323 382 113]
  [  0 143 111 287 366 128 226 242 350 138 348 332 213 398 220  20 238
    10 266 127 139 157 248 250  73 363 267  42 228 118 233 271  49  36
   210   0  72 180 182 109   8]
  [  0 366  26 270  30 122 139  84 353 208  36 154 371  57 101 200  47
   398  98 391 334 138  59  81 126 179 348  38 173 181 308 334 386  31
   177 287   0 305 152 280 227]
  [  0  54  97  18 273 382 202  14 401 108 311 290 256 261 317 211 186
    72 388  28 297  90 291 302 399 148 369 362 341  70  11 177 343  35
   405 185 247   0 323 316 395]
  [  0  95 395 292 306  85 190  76 271 222 368 284 107 184 161 171 228
    91 230 297 230 138  89 153 334  82 366  16 167  13 293 396 360 256
   337 259 139  26   0 365 364]
  [  0 212 382 134  72 264  26 286 270 168 259 338 125 346 347  77 360
   273  55 380 117 341 145 289 378 195 241 240  57 156 326 166 387 313
    52 179 346 398 230   0 382]
  [  0 159  66   9 307 333 162 242 375 396  49 230  16 373 261 391  34
   222  64  20 180 311  60 384 206  43  20 252 151  32 302 276  12 367
   233  35 301  83 364 165   0]]

 [[  0 276 224 348 202   9 130 256  38 282 333 279 314  59  82  30 250
   229 266 403 167 355 314 133 135 253 138 342  95 158 359  50 220  41
   227 264  19 374 303 299  25]
  [  0   0  61 187 272 337 342 337   9 142 152  46 199 300  43 214 128
   161  89  70 201  47 388 106 223 116 300 198   0   9 198  30 115  70
    19 167 400 255 179 306 310]
  [  0 317   0 311  73 372 335 138 392 151 107 392 169 189 142 119  86
    70 178 360  23 329 133 307  53 311 241 307 366 399 161 116 348 205
   269 159  99 167 271 200 350]
  [  0  55 134   0 180 387  47 230  90 194  25 291  29  38 354 142 177
   274  44 272 309 132 346 288 363  95 310 336 127 179  15 380 258 274
   372 197 339 143 361 228 374]
  [  0 144  21 197   0 260 208 337 169 276  42  98 243 315 161  80 237
   386 272 108  63 391 404 187 376 237 218  47 324 352 361 204 320 195
   199 360 187 403 156 389 361]
  [  0  66 117 293  82   0 289 277  13 371 275  67 207 216 219 210 403
   134 200 255  67 185 323  12 364 160 322 279  85 211 221 247 348 198
    74  96 247 111 397 148 211]
  [  0 334 167 182 112  50   0 242 113 192 129  45  93 338 354  23 202
   228 182 170 301 167 274 120  17 131 358 136 216  91  75 371  43 227
    41 331 199 260 195  63 238]
  [  0 120 322 237  35 126 119   0  58 221 292 132 258  50  86 379  27
    45  76 370 272   5 401  68 221 371 212 276 207  95 230 155 174 344
   337  88 191  77 172 288  22]
  [  0 296 342 260 320 397  79 106   0 379 284 324  20 336 306 250 392
    19 313 224 154  11 201 150 107 155 379 172 330  23 223 236 335 134
   389  54 146 132 155  11 188]
  [  0 262 237  34  44 401 405  91 166   0 220   1 373 279 213 291 198
    19 155 277 132  56 402 327 146 234 320 354 321 361 321 111 291 128
   329 206  47  80 361  19 186]
  [  0 150 191 124 138 138  41 198 292 104   0  67 315 239 110 239   8
   217 362 355 380 398  15  41 235 182 147 237 402 403 129  84 306 188
   149 182 281 227 193  43  12]
  [  0 234 360 180 203  31  90 259 219 361 380   0 196 192 247 280   3
    97 144  84 232 362 232 320 249 289 154 141  66 204 141 250 345 180
   330  41 338 152 246 136  33]
  [  0 255   7  98 111 372  55  40 323 126 331 349   0 228   2 142 184
    23 281 349 113  14 317 248  91 189  27  31 311 340 131  73 190 295
   349 327 243 401 352 233 127]
  [  0 191 200 336 126 344 108  37  88  71  58  19 358   0 291 189  71
   337 163 196  36  46  50 406 331 187 318 339 319 312 143 278 307 108
    59  72  99 200 259  45 245]
  [  0 141  25 237   0 282 402 365   2  81 259 352 264 145   0 321 217
   174 324  92 196 314 390  16 193 264 317 328 186  82 353 242 225  50
   274 158 239 264 245  37 361]
  [  0 230 175 112 381   2 325  18 314 260 141 298 243  68 399   0  21
    34 315 383 299 145 275 145 280 391 360 171 216 206  74  90 223 402
    60  96  95 236  77  85 141]
  [  0 265 130 255 217 400 355 181 244  48 241   2 355 247  17 322   0
   174  39 192  40 328 278 110  14  24 131 157  15 152 230 405 108  61
   212 399 267 224  23  85 391]
  [  0 101 265  95 271  97 247 221 251 336  21  11 231 190 197  79 188
     0  53 361 106  68 192 205 320 401 164 231 272  50  58 219 314 300
   291 303  97 156 264 380 144]
  [  0 394 351 374 345  24 205 169 403 252  60  83  49  55 127 271 369
   232   0  51 234 158 402 218 168 211 317 341 354 240 303 233 323  38
    76 212  26 111 391 400 223]
  [  0 279 342 315 392 246 316 233  62  47 141 187 181  66 390  36 144
    44 299   0  35 102 128 130  46 112 143 103 181  56 224  97 211 361
   128 146  88 254  39 357 179]
  [  0  31  80 259 196   9 306 282 252 338 377  11  22 167 278 177  97
   404 402 201   0 406 276 403  23  28 218 224  64 295 364 298 260  38
   121 304 216 136 195 278 322]
  [  0 300  22 177   3 261 377  13 154 278 395 243 132 329 241 258 288
   398  80 228 351   0 349 375 348  52 346  71 260 199  50 299  48 122
   288   4 257  36 131 177 181]
  [  0 397 145 337 289 204 406 394  20 103 328  82  65  90 364 345 165
     9 376  84 344 180   0 241  64 375 339 195 102 251 358 163 226  50
   181 369 107 239 395 237  48]
  [  0 384 221  78  79 340 123 106  72 390 118  96  52 356 318 380 140
   303 142 245  29 293 320   0  90  57 109 293   2 185 163 362  94 338
   169 371 163 220  79 349 212]
  [  0 126 251 350 251 223 102 375 225 299 363 342 304 209  29 163 354
   135 376 147 155 338  48   0   0 227 223 203 392 255 279 121  60 151
   218  40 238  64 285 175  46]
  [  0  63 124 318   4 406 201 356 343 343  40 361  85 366 152 366 217
   326 400 378 253 232 330 336 209   0 373  84 299 325 154  37 118 124
   123 277 325 176 123  70  32]
  [  0 270 133 378 230 100  71 135  10 269 202 262 174  40 166 131 405
   135 138  54 152  20 252 110   4 152   0  82  80 235 293 290 159 231
    67 288 144 403 127 139   2]
  [  0 194  35  64 111 124 336  97  56 253 273 116 214 191 336 190 107
   162 194 388 336  40 301 190  86 301  64   0 205 296 274 132  34 314
   399 213  28  84  41  77   7]
  [  0 399 208  53 349 351 366  44 154 331 222 368 122 346 267 190 398
    85 245 199 188 405 232 136 383 173 215 244   0 111 395   3 102 259
   352 108 137 136 211 348 300]
  [  0 117 381 400 126 145 288 402 315 162 301 192 373 109  41 305 399
   353  85  22 310  16 344 328 301 182 222 289 183   0 335 383  40 325
   155 268 215 273 168  70 365]
  [  0 403 382 113  30 154 302  71 122 267 402  46 186 337 333 115 406
    55 103 103 355 279 201 325  15  13  87  62 362 147   0 376 133  26
   304   9 338 107 271  51 190]
  [  0 326  40 396 353 332 249 272 116 354 339 211 192   5 362 293 120
    64 259 211  66  44   6 166 380  69 287  16 167  35  77   0 235  31
   237  37 350 157 358 288 140]
  [  0 317 128 118  30  92 168 141 303 261 361 228 256 166 240 376 348
   158 221 404 348 165 160 209 156  47 373 322  58 236 176  14   0  16
     6 345  25 167   8  26 104]
  [  0 302  35  62 356 289 188 301 151 191 325  39 165 367 372 120 349
   293 137 378 202 270 157 262  83  26 232 344  46 352  51  84 188   0
    91 126 160 126 211 326 353]
  [  0 136  93 197  86 299 344 305 241 237 319 305 115 126 163 134  43
     7 372 280 298 148 157 346  99 162  81 256 250 144 274 307  52 214
     0 307 175  97 269 111  18]
  [  0 192 336 361 388 171 355 251 360  89 183 393 201 280   5 227 186
   350 342  45  64 399 313 202 386 136 272  14 376 142  24 255  19 315
   331   0 175   3  66 328 116]
  [  0 129 144 215 228  61 355 382  40   4 273 169 256  91 231 364 334
    74  34 202  18  41 125  48 395 281  37 238 213 294 317  99 269  31
   321 376   0  63 139 208 220]
  [  0  79 403 210 124 341 373 347 302 391  13 217 169  13 262   9  13
   376 237  82  90 137  73 393 321 297 145  34 165 224 263 127 325  59
   163 338 268   0 379 237 384]
  [  0  74 307 203 346 317 374   2 230 135 333 392 373 223  43 381  38
    14 248 232 280  56  19 121 187 402 263 207 165 309 124 177 312 192
   303  60 309 176   0  15 237]
  [  0 263  94 318  83 264 329 212 161  22  22 285 301  96  44 318  19
    49 104  37 299 202 142 247 245  63   6 204 322 380  71 264 117 370
   384 288 332 185 242   0 270]
  [  0  63  49 202  28 213  84 359 286 129 210 347 252 198  76 116 216
   376 114 347 128 242 299 343 127  26 344 349 274 148 216 340 335 213
   185 215 226  47 131 209   0]]

 [[  0 281 341 108 115 235  64 342 167 191 355  80 373   6  92  66 194
   166 141 211 283 268  62  26 277  93  58  43 117 270 112 297 340 118
   340 203  86 296 185 173  70]
  [  0   0  63 288 246   7 323 203  30  61 120 110   5  58 398 144  72
   377  70 128 154 313 307 291 348 113 297 125 372   6 380 193  15 122
   197 331  26 189  77  63  79]
  [  0 129   0 350 181 327 316 279 209 381 269 244 100 168   0 253  17
   389 356 133  37 113 209 402  24  50 100 172 106  67 356 260 236 377
   186 260 133 248 188 335 362]
  [  0 189 402   0 151 405 165 198 183 313 375 395 170 109 189 151 389
   305 398 365  75 111 111 247  94 379  60 252 367 130 209 101 202 104
     8 107  56 277 234  32 364]
  [  0  64 126 250   0 147 185  35 174 121 197  94  63 114 375  87  25
    20 238 313 260  16 329 261 375 337  10  67 194 141 376   5   0 215
   336 341 333 131 125  17  50]
  [  0 256 194  94  15   0 406 124 313 356  56  94  32 305 278  24 142
   275 190 353  10 323 263 123 341  55 248 243 201  11  95 268 356 150
   395 179 130 155  99 205  66]
  [  0   3 295 122 318 217   0 349 371 365 301 182 286 333   8 346 297
   276 152  13  26 308 208 379 280  66 257 195 116 227 118 103 355 340
    58 257 167 397  13 154  58]
  [  0 285 325 248 195 145 135   0  99 174  14  98 143  71 307 316  70
   143 113 332 344 116 371  94 388 168 351  41 213 298 263 283 124 298
   295  50  63  28   4 184 124]
  [  0 136   8 249  16  32 133  81   0 221  53 115 259 374 359 217 380
    80 256  83 155 301  30 245 115  57  28 210  57  73 182 222 368 397
     0 279 297 231 377  96  98]
  [  0 298 398 405 155 393 405 267 284   0 264 377 258  83 265  16 112
   237 386 263 172  21 300 307 107  39  38  41 165 188 345 230  99 367
   361 228 195 376 227 331 145]
  [  0  86 124 295 183 102 349 334 121 161   0 406 246 272  88 215 343
    64 406 250   7 363  33  57 317   6 175 229  46 238 313 361 315 148
   250 220  30 201  44  41 312]
  [  0 212 272 247  10 157 344 363 201 357 339   0  26 249 170 289 400
   361 244 368 211 192 230 251 179 198 104 248 388 227 275 272 359 313
   203 264 387 177 253 378 189]
  [  0 294 356 338 368 242 321 335 371 254 348 255   0 218 224  58 404
   380 330 400 151 287 255 126 381  93  81 296 406 236  56 152 174 387
    39 120 200 246 343  97 174]
  [  0 280 225   0 326 318 281 125 291 349 139 341 228   0  28 387 227
   120 286 295 213 358 358 344 241 230 166 328 245 178 137 220 208  92
   207 242 238 282 232 164 215]
  [  0 292 343 308 329 149 121 292 202 394 247  55 277  63   0 163 101
   319  50 173 128 365 240   7 337 269 312 195  69 344  87  38 298 356
   313 156 193   8 395 181 238]
  [  0 155 188 214 344 105 312 288  49  38 100 395  82 377  62   0 338
   189 291 101 200 109  10 363 282 353 370 260  82 215 234 233 326  96
   281 159  76  24 378  97 159]
  [  0 379 228 222 305  76 232 382 121 293 221   9 193 267 291  46   0
   219 383   5  34 193 358 322  96 236  43 215 364 265 290  79 203 113
   342 350 155  53  45 214 126]
  [  0 306 318 276  12 187 370 216 314  27  89  75 283 115 287 389 184
     0 336  56 222 134  19 129  98 353 227 391 128 271 304  31 397 229
   402 108 207 358  39  50  87]
  [  0 191 352 223 302 355 130  61 101 224 275 229 253 191 179 282 244
    78   0 249 396 249  52 135 318 158  99 298 210  56 257 293  34  43
   231 403 362 228 201 109 239]
  [  0  16 350  31 184  37 378 290 206  71 402 101 163 265  15 188 355
   169 131   0   3 223 190 122 106 138 293  94 247 119   8 124  79 189
   161 244 163 217 251 212 207]
  [  0 229 353 234 277 113 144  78  86  68 389 319  49 362 221  75 309
   187 274 182   0  52 237 349 304 164  19 389 247 287  55  77  14 100
   194 226 345 189 354 239 378]
  [  0  76  87  62 247 341 201  81  87 280 170 282  32  26 396 194 136
   381 191 285 126   0  55 115 203  28 163 384 300 135 144 108 323 386
   330  74  54  40 294   8 243]
  [  0 326 187 316 348 201 181  15 322 402  15 228 400 104 321 106 130
    85  98 264 340 304   0 173 136  31 299 353 154 112 254 191 310 234
   267 232 206 209  99  84 155]
  [  0 341 393   4 151 220 362 165 164  28 237 395 274 381 194 201 300
   163 111 274 115 157 153   0 222 357  74 365 191 287  76 323 206  32
   158 338 159 207 107  12 276]
  [  0  29 221 305 198 300 156  84 140 182  68 361 331 165 131 225 267
    53 374 370 144 352 310 340   0 273 315 389 132 145 344  59 397 365
   249  36 149 256  55 382 404]
  [  0 212 389 185  48 168  80 223 350 168 382 356  97  57   9  12 386
    66 106 174 157 327 387  22  51   0 326 124  29   2  48 369 172 258
   311 226  67  40 273 109 340]
  [  0 295 238 375 333 365 256 363  81 226 364 379  77 100 311  87  43
   367 250  55   5 350  24   7  11 246   0 345 292 335 279 369 360 116
   280 181 107  99  73  25  44]
  [  0  85  67 171 206 243 385  56 342 189 175 157 329 283 276 343 126
   200 382 120 339 283 304 366 372 143 159   0 109 187 368 288 228 212
   125 232  14  13  22  52 166]
  [  0 306 297 356  51 117 307  94 239 317 283 165 372 280 298  39 219
   291 178 260 144 356  35 325 362  18 326 164   0  87 156 142  47 346
    77 287 395 393 284 109 393]
  [  0  38 255 278  60 162 199  77 379 338 397  98  63 328  87 191 255
     3  81 184  94 372  61 153 113  20  18 233 278   0  48 108 218 163
   376 113  86 339 323 169  32]
  [  0  24 340 109 344 192  96 313 403 384 368 126  50  80 313 206 326
   403 280 393  86  15 206  24  56 362 402   8  41 276   0 194 162  12
   314 261  64 137  68 300 147]
  [  0 220 128 203 330 312 323 106 163 322 278  62 176 338 282 391 153
   223 110 234 195 160 313 398 341 375 298 404 329  97 370   0  26 323
   305 316  94 266 113 295 345]
  [  0 178 364   8  79 329 254 284 375 102 280 329 329 256 378 277 166
   403 401  78 331 325 140 207 249  83 133 227 392  78  25 215   0 390
   370 223 350 393 271 101 124]
  [  0 221  62 348 235   5  63  81 238 174  96 215 192  37 260 389 252
   141 156 198 291  93   5  75 252  43 359 231 354 172 376 204 394   0
    91 178 344  90 124  11  19]
  [  0 203 129 147 403 189 173  68 293  20 118 159 147 272 252 241 376
     7 225 291 306 165 222 392 210  81  59 271 226  25 399  88 142 337
     0  65 104  45 324 364 119]
  [  0 173  59 396  18 321 356  56 304 269 185 348 312 242 233 350 375
    60 257 386  46 102   9 162 406 306 403  22 345 121 295 147 213 289
   332   0 215 246 361 116 355]
  [  0 248 312 184 360 366 257 228 401 179 283 200 399  38 164 132 302
    24 362 366 201 165 180 134  40  53 189 344 352 386 337  39  21 308
     0  97   0 216 313 376   5]
  [  0 298 294 406 229 401 308 406 282 103 305 202 374 380 357  80 366
   364 195 334 378 354 210 324 198  21 144 326  84  91 256  18 387 388
   205 113 366   0 398  89 349]
  [  0 392  94   9 257 252 356 400 224 388  92 182 382 389 376 260 195
   235  79 130 105 356 273 187 194  22 342 140  64 194  99 109 356  44
   162 178  27 123   0 308 381]
  [  0  42 300 328 354 211 197 288  34 298 292 181 296 232 387 126  41
    43 173 334 281 366 382 241 227 238 182 165 260 187 151 379 191 322
   225 344 173  26  34   0 353]
  [  0 399 186 244  21 255 111 259 400 319 314 232 391  96 189 120 158
    53 357 198  46 120  35 314 338 265 156  86 301 345 393  93 311 223
    76 346 118 327 251  44   0]]

 [[  0 182 304 334 245  56 281 219 230 361   8 315 139 318 248 254 355
    40 207 325 276 375 150 242 303  19 311  74  89 125  47  78  92   8
    58 265 348 380  21  82  67]
  [  0   0 303 171 143 196 118 315 192 134 360 361 194 392 363 105 191
   192 381 162 146 190 279 152 238  76  69  28 112  92 286 361 106 289
   294 307  30 212 175 143  28]
  [  0 333   0  97 261  70   8 223 378  84  38  81 285 251  13  38 388
   200 161 207 137 385 242 242 217  80 225   5 248  73 116 130 280 350
   202  82 258 363 384 115  53]
  [  0 282 311   0 278 222 207 270 264  67  37  12 290 315 271 320 238
   227  15 290 317 227  13 378  13 348 137 349 399  35 208 269 168 208
   109  50 189 258 270  50  31]
  [  0 270 121  84   0  64 158 217  12 145 104 360  78 210 398  89 154
   152  32 147 231 118  11 206 176  64 287 230 363 262 245  37 158  76
   150 362 131 265  69  96 331]
  [  0 305 247 246 236   0 391 367 280 323  58 123 129 336 281 396 375
   280 238 387 283 257 169  26 336  42 305 376 168 154 339 112 358 152
   280 271 119 256 235 260 327]
  [  0 342 229 116 153 187   0 278 121 391 378  51 161 339  35 216 362
   335 123 390 245  89 210 158 276 356  30 311  43 325 403 151 279 342
   160 346 357 363 298 145 332]
  [  0 158 107 219 350 283  80   0  91 271  17 284 343  31   5 327  43
   118  85 182   1 289 133 148 311 269 265 138 216 127 385 189 147 117
   272 361 253  74  29 187 101]
  [  0 367 402 331 303 113 137  16   0 208  42 245 237 182 336 240  24
   281 105 304 378  61 242 184 272 403 311 128 305  85 291  52  92 351
   178  75  45 191 174 301  63]
  [  0 163 222 341 345 347 227 391 329   0  12  73 234 148 339 202 266
    34  98  28  12 107 240 320  58 366  77  78   4  14 350 138  57 346
   397 133 171 367  32 361 176]
  [  0  69 156 257 252 160 265 101  62 116   0 105 221 313 134 351 179
   141 196 274 163 109 361 254 290  43 391  95  43 208 379 285 274   7
   315 182 168 338 339 120 370]
  [  0 142 287 172  48  74 397 123 351 320 330   0 222 277 146  94 251
    90 215 308  37 373 192 377 202 188 168 115  91 118 244  69  74 152
   405 364 245 315 189 207  90]
  [  0  91   8   6  83 128  16 124  84 152 107 236   0 286 170 177 182
   267  73 111 151 229 103 146 284 234  24  95  38 345   2 189 175  58
   328 382 336 316 106 251 141]
  [  0  11 238  30 106  46 363 168 116 235   1 396 355   0 135 176 208
   404 280 234  35  89 322 191 318 387 304 142 331  91  40  23 221 388
    90   9 119 370  56 197 184]
  [  0 340   5   1 108  16  45 343  11 267 205  39 364 173   0 143  86
   193   7 300 167 191  55 264 179 142  99  88 270 149  19 248 406 106
   200 361  47 214 227 390 372]
  [  0 351 124  48 179 219 162 339 155 195 258 336 356  25 286   0 271
   306 230 384 250 346  43 164 271  30 139 115 318 292   8 184 105  78
   220 254  15  48 110 216 305]
  [  0 173 230  61 227 199 271 288  46 103 132 238 215 226 314  57   0
   327 110 118  24 256  69 222  42 147 349 127  38  89   2 168 329   1
   187  65 223  38 260 231 326]
  [  0  84 248  48 168 185 260 144 155  90 333 208 338  68  45 374  48
     0  45  33 315  71 112  55 379 391  38 153 349 145 316 224  66 380
   225  67 186 224 268 239 210]
  [  0 118 402  74 345 347 370 291 220 151  98 152 397 396  47 371 335
   213   0  75 200  89 281 263 207 199  53 309  13 384 346 133 110 215
   205 137  78 262  12  38 251]
  [  0 158 181  22  91  95  71 210 258 313 374  74  47 252 160 278  47
   150 247   0 169 386 114 387 372 399 207 359 266 154 182 184 259  98
   210 180 346  19 272 240 201]
  [  0 248 228  98  53  71 362  64 184  49   3 336  43  62 193 119 210
    71 376 402   0 235 232 383  22 373 261 243 156  45  58 387 228  24
   116 309 309 360 253 392 356]
  [  0 336   9 303 376  53   6 396 246 345  77 144 381 311 217 122 263
   314  15 386 201   0 228 196  27 372 342  82 329 405  28 397 151  71
   140 400 288   9 200  42 344]
  [  0 333 240 313 212 146 104 368  63 358 398 364  64  25 312 279  86
   354 335 406 229 397   0  95 357 139 315 125 174 271 197  74 365 232
    16 341 248 265 179 397 104]
  [  0 399 148  82 128 101 365 316  36 157 130 359  28  63 238 138 243
   291 258  39 376  10 402   0 363 100 141  80  96 266 285 387 211 163
   181  92 105 204 150 239 297]
  [  0  96  75  63 169 145 100 363 211 274 102  75 223 247  42 402 404
   261 239 355 295  67 184 354   0 212 359  54 367 376 314 169 363  41
   308  28 141  96  11 267 213]
  [  0 152 354 105  45 176 256 355 239 352  62 401  90 322 115  75 375
   172 168 115  14   4 114  65 102   0 392 229 401 306 273 366 290  80
   378  94 214  75 381  57 280]
  [  0  46 148 107 221 179 325  68 302 128 265 190 351 118 226 370 362
   269 131 216 382 214 153 340  54 296   0 177 153 246 296 269 258   0
   380   2 172 318 405 199 164]
  [  0 385 398 265 286 387  45 179 200  44 184 247  93 343 385 124 114
   276 300  68 255 154 398 150 262 378  79   0 144 377  98 333 114 164
    28 160 365 283 384 258  21]
  [  0  41 213 224 112 173 357 266 118 219  42 175 117 383 159 136 217
   386  89 325 342 380  23 272 167 182 120 118   0 294 155 276 260 151
   245 126 166 288  51 369 334]
  [  0 263 253 247 113 193  21 221 394 131  88 183 250 123 342 274   7
   100  68  77 230  64 291  37  97 122 299  70 303   0 248 123 132  36
   341 104 354 269  32 388  70]
  [  0 197 288  71 346 280 168 127 143 337 150  71 279 245  18 161 390
    13 209 156  84 125  24 239 196  57  48 349   2 388   0 322 293 315
   342  98 110 281 155  33  20]
  [  0 289 178  97 310  66 384 198 258 404 159 232 162 290 150   4 333
    35 215 394  94 226  27 242 387 355 170 282  42 264  11   0  80  27
    52 403 295 142 330 326 111]
  [  0  77 350 306  34 251 217  98 341 372 100 185 217   0 220 202 196
   171 200  98 192 315 160 291 121 348 171 245 235 402 158 335   0 292
   250 131 258  70 366 160 100]
  [  0 249 254  22  47  50 107 264 151  89 172 357 396 186 398 367 121
   348 191  87 183 256 184 259 380 253 150 253 256 273 327 176 320   0
     5 325 367 319 155 185 255]
  [  0  81  55 316 264   3 281 344  26 283 305  49 200 349 330 259 164
   110 214 339 255 105 320  97  26 107 299 263 112   6  14  74  44 136
     0 283 224  48 263 118 338]
  [  0  61 327 168 344 212 177 359 358 277 219   0 168 193  53  52   1
   336 283 258 201  19 348  50  28  28 315  64 113 291 147  95  10 101
   235   0 294 199  71 120 385]
  [  0 381 286 123 152 308 300 119 240 211 352 250 226 282 227  43 244
    92  39 401 386 138 198 162 172 235 252 220   3 269 115 342 206 199
    66 322   0 357 244 113  90]
  [  0 315  21 154  89 359  58  59 234  95 275 335 284  27  35 349 111
   270 352 401 388 249 340 373 187  67 145 268  78  38 258 125  37  51
    60  60   6   0 274 292 231]
  [  0  36 393 147 307 211 268  75  52 388 327  31 161 155  36 398 333
   328  72 311 182 340 289 393  90  81 314  24 405 138 253 183 273 110
   351 332 220 184   0 180 113]
  [  0  72 284  94  47  60 307 111 143 274 306 296 339 308   2 132 102
   170  63  90  94 209 100  97 260 207 168 167 127  39 139 195 252 345
    71 178 247 106   9   0   4]
  [  0 333 129 131 263  83  77 361 330  16 123 170  98  62 139 190 367
   156 101 169 203 321 325 333  20 106  46  33 335 237 214  91 354 370
   273 110  32  52 138 318   0]]]
release_time
[  0 879 851 659 720 885 859 922 909 894 898 853 900 896 779 734 830 639
 645 835 673 861 646 888 810 844 618 780 861 859 755 785 882 920 846 667
 875 935 921 857 845]
due_date
[  0 920 881 744 750 960 923 931 928 916 954 932 919 902 877 754 909 757
 716 908 709 912 681 923 898 945 669 799 879 880 824 895 954 930 953 744
 924 942 969 887 964]
unit_emission
[11  2 14  1  3]
emission_limit
15992.800000000001
setup_severity
2.0
due_tight
0.3
due_range
0.25
release_tight
1
degree_constr
0.8
