mach
5
job_rate
8
weight
[ 0  7  2 10  5  9  3  4  4  9  2  4  2  7  2 10  8  7  9  3  9  1  1  2
  8  2  6  3  8  8  8 10  7  9  4  4  8  9  5  5  3]
proc_time
[[  0 123 146  88 124 114 148 110  73 109  57 147 131 106  99 137  55 108
   67 140 131  61 121 102  51 130 101 127 133  50 109  70 129  71 130 141
  106 114 131 142 138]
 [  0 132 149  86  94 108  51 136 103  56 128 140  96 126 133 131  75  69
  144  88  81  96 110 112  55  68 103  65  66  84 135 114 118 118 144  93
  140 113  75 148  75]
 [  0 131 144 119 131 119 113 108  88 146  54  81 148  60 114  53 115 131
   50 117  84 133  59 140  57  57  67  50 133 118  81  60 115 102  62 137
  135  62  53 117  83]
 [  0  75  90 112  60 127  57  98 100 145  56  53  52 118 109 136  63 109
   81 119  92 107 143  84  86 116  78  98  60 115 106  87  67  72 133  98
   88  71  75  60 101]
 [  0 142 134  92  93  65  58  86  79  70 109  70  58  74 143 134  51  62
   81 113 145 116 141 109  60  75 139 118  63  69 100 101 148 147  89  88
  148 146 107  68 145]]
setup_time
[[[0 0 1 0 3 3 5 1 4 4 2 0 5 2 3 4 0 4 4 3 1 2 3 1 0 3 4 2 4 2 4 3 4 4 2
   3 2 0 4 4 1]
  [0 0 5 2 5 4 4 2 5 5 1 4 0 3 2 3 3 4 1 3 4 2 5 0 1 0 2 5 5 4 4 4 5 4 2
   5 5 0 2 0 2]
  [0 4 0 1 3 3 0 5 1 2 2 5 0 1 3 3 3 1 5 4 4 3 4 4 2 4 3 1 1 1 5 4 5 0 4
   2 1 3 5 0 4]
  [0 4 0 0 5 5 4 2 1 5 4 2 5 0 3 4 3 1 3 4 2 3 3 5 2 2 4 0 5 4 0 2 4 2 4
   1 1 5 4 0 5]
  [0 1 4 0 0 2 3 3 2 5 1 4 1 3 3 5 1 3 2 4 0 3 0 4 1 1 5 3 4 2 0 5 2 5 3
   2 3 4 3 4 2]
  [0 3 5 0 0 0 4 1 5 2 1 4 0 2 2 5 2 2 0 5 0 3 2 5 1 3 1 0 5 2 0 1 5 0 2
   1 1 0 5 3 0]
  [0 0 4 4 1 0 0 0 2 5 3 4 4 5 2 3 1 2 2 1 4 3 5 2 2 3 4 2 5 2 5 4 4 0 2
   0 1 3 2 3 2]
  [0 1 1 3 2 5 1 0 1 3 5 1 1 5 3 1 5 1 2 5 2 0 4 0 3 0 2 0 3 5 0 1 2 3 3
   3 5 3 1 2 1]
  [0 4 2 1 0 2 3 1 0 4 3 3 0 0 0 2 1 0 1 2 2 4 3 5 4 1 0 0 4 2 0 3 1 4 0
   4 0 3 0 1 3]
  [0 4 3 4 4 2 0 3 1 0 2 3 1 4 2 0 4 3 3 3 1 2 1 5 2 4 5 1 1 4 3 2 5 0 2
   4 0 4 5 1 5]
  [0 5 0 2 2 2 0 4 4 5 0 5 3 3 1 4 3 3 2 2 2 5 1 5 5 5 1 3 5 3 2 3 3 0 1
   1 2 3 1 1 3]
  [0 5 4 0 5 1 2 4 0 5 5 0 0 3 5 4 5 5 5 3 1 4 2 4 2 5 3 5 1 3 3 3 4 3 0
   4 1 2 3 1 5]
  [0 1 4 4 4 2 0 2 5 5 2 2 0 5 5 5 3 1 5 4 1 2 3 2 0 5 0 5 4 5 0 1 1 5 4
   0 4 5 0 5 4]
  [0 3 1 1 0 4 1 0 1 4 0 4 5 0 2 2 0 4 5 4 0 0 5 2 3 2 5 4 5 3 4 3 2 3 1
   1 2 4 3 4 0]
  [0 4 3 2 4 4 1 2 2 5 3 3 3 5 0 1 2 0 2 3 4 0 0 4 3 1 0 5 5 2 4 1 3 3 4
   3 5 0 1 3 2]
  [0 5 5 4 2 1 2 5 4 1 0 4 4 3 3 0 1 3 2 0 5 3 0 4 2 4 0 0 2 5 0 2 3 3 0
   3 5 5 5 1 2]
  [0 0 0 3 1 3 2 5 2 4 5 1 5 4 4 2 0 5 5 3 0 3 3 2 2 4 2 5 0 3 4 2 4 2 5
   2 2 3 3 4 1]
  [0 1 5 0 5 3 4 5 4 3 2 2 4 2 0 4 3 0 3 3 2 2 4 3 3 5 3 3 5 1 4 4 2 1 4
   4 2 2 1 0 2]
  [0 0 2 2 2 4 1 3 4 2 2 2 0 1 5 0 4 2 0 4 0 4 5 1 0 0 2 5 0 3 0 0 1 4 1
   5 2 5 3 3 1]
  [0 0 4 5 2 1 1 1 3 0 3 0 5 1 2 3 2 5 1 0 5 4 2 4 3 3 5 4 1 3 3 5 4 4 3
   2 2 4 0 4 1]
  [0 2 2 0 1 5 3 2 2 3 1 3 1 5 1 2 2 1 2 4 0 0 2 0 4 1 3 1 5 4 4 1 3 1 4
   5 3 1 5 2 3]
  [0 0 5 2 0 1 1 1 4 1 5 0 3 0 3 0 5 2 1 3 2 0 3 3 1 5 1 5 1 1 1 1 1 0 0
   5 2 2 0 0 2]
  [0 5 4 1 2 1 4 5 3 2 3 3 1 0 1 3 2 0 3 4 3 4 0 0 3 0 4 3 5 4 3 3 2 1 0
   4 0 4 0 3 5]
  [0 1 3 1 5 5 4 3 0 1 1 5 3 4 5 3 2 5 1 3 0 3 5 0 1 3 0 4 4 2 0 5 1 0 2
   0 0 5 3 1 4]
  [0 1 0 4 3 2 4 0 5 4 3 5 4 5 0 5 4 1 4 4 4 4 4 0 0 5 3 5 3 1 5 5 2 4 2
   3 2 5 1 4 4]
  [0 3 5 3 5 2 5 2 4 0 2 4 5 3 5 3 1 2 4 0 0 1 2 5 0 0 5 2 2 1 3 2 2 5 1
   5 2 5 3 1 0]
  [0 5 0 0 5 2 1 4 3 2 0 4 4 5 4 2 0 3 5 4 0 5 2 3 1 3 0 2 5 1 4 0 5 2 4
   5 3 0 4 2 0]
  [0 3 4 3 1 2 2 1 4 2 5 3 2 4 4 0 0 2 1 1 4 3 1 0 4 3 0 0 4 2 2 1 4 0 3
   1 4 1 5 2 1]
  [0 5 3 4 2 3 4 5 1 3 5 5 4 1 3 2 4 0 1 4 0 4 1 2 5 3 3 2 0 3 4 0 4 0 2
   5 0 0 4 0 3]
  [0 1 0 2 5 3 4 0 0 4 3 1 5 2 4 2 1 0 3 0 5 2 2 1 4 2 0 5 0 0 2 2 4 1 4
   3 3 5 0 5 2]
  [0 0 3 5 0 1 1 5 2 4 2 5 4 1 0 2 2 5 0 2 3 3 5 4 1 1 1 2 1 4 0 3 3 4 3
   1 2 1 5 3 3]
  [0 2 0 4 1 4 0 3 0 2 5 4 0 4 5 1 1 1 2 3 4 1 5 2 5 4 2 1 0 5 2 0 5 1 3
   4 4 0 4 2 4]
  [0 2 1 4 1 0 0 1 5 2 5 2 1 0 3 0 0 2 3 4 2 1 5 1 2 5 0 4 5 5 1 0 0 2 3
   4 0 3 3 2 3]
  [0 1 2 4 1 4 4 3 3 1 5 2 5 1 5 4 3 5 5 0 4 3 5 5 4 3 0 1 4 2 1 5 5 0 3
   3 2 4 2 3 2]
  [0 2 3 3 5 4 5 2 0 2 2 2 1 4 4 1 4 4 5 1 3 3 5 2 4 3 0 1 3 0 1 3 4 0 0
   3 2 2 2 4 4]
  [0 0 4 2 1 1 1 0 5 3 4 4 3 4 3 0 1 0 1 3 2 5 1 2 0 4 0 1 0 4 5 5 4 5 4
   0 5 2 3 2 2]
  [0 4 1 0 2 5 3 3 4 4 0 0 2 2 4 3 0 3 2 3 5 1 5 3 5 3 5 4 4 1 0 5 1 3 2
   0 0 3 4 3 0]
  [0 3 0 5 2 4 5 3 1 0 1 1 2 0 5 3 5 1 3 4 5 5 4 5 2 2 4 0 5 4 5 2 3 2 3
   2 5 0 5 2 2]
  [0 0 4 5 0 0 3 4 5 5 5 3 2 2 1 5 0 3 2 5 5 5 1 2 3 3 2 5 2 5 4 1 5 5 4
   5 0 4 0 4 3]
  [0 3 4 2 3 2 5 1 4 1 3 5 1 2 5 4 2 5 3 5 3 0 0 0 5 3 5 0 1 5 2 4 1 1 1
   3 0 4 5 0 4]
  [0 2 4 2 1 3 5 1 0 1 1 5 1 5 5 1 0 2 1 2 1 5 4 5 5 0 0 3 2 0 2 3 3 4 5
   0 2 2 4 3 0]]

 [[0 3 2 3 2 2 1 4 3 0 4 1 4 0 1 2 3 1 0 0 5 0 4 4 4 2 1 4 0 0 0 4 4 1 3
   3 4 3 4 4 0]
  [0 0 4 3 1 0 0 2 1 1 2 4 2 1 2 4 5 5 3 4 1 3 0 2 3 0 3 3 3 4 2 4 0 3 3
   5 2 2 4 0 1]
  [0 4 0 3 0 4 4 0 2 5 3 2 5 4 5 3 3 2 2 3 4 4 2 1 3 2 2 4 2 4 1 4 3 1 5
   5 5 3 5 0 5]
  [0 4 3 0 1 4 0 2 3 2 4 3 2 5 4 1 4 0 1 4 4 4 0 0 0 2 3 4 4 3 4 4 3 3 0
   1 1 1 5 2 5]
  [0 1 4 0 0 3 4 5 4 2 0 5 1 2 0 0 0 2 4 0 2 1 4 1 0 0 1 0 4 3 5 2 0 4 4
   1 0 1 0 1 5]
  [0 3 1 3 0 0 3 5 5 2 2 3 2 0 0 3 5 2 0 5 5 2 0 3 5 5 2 3 2 0 5 1 2 3 5
   2 0 1 3 1 5]
  [0 4 0 4 0 5 0 3 0 2 2 4 1 2 5 2 1 3 5 4 1 5 2 5 3 2 3 2 2 5 4 5 4 3 4
   4 4 0 1 1 0]
  [0 3 0 0 5 3 5 0 3 1 3 5 3 5 3 4 4 3 0 2 0 5 4 5 0 4 4 5 5 2 5 1 2 1 2
   4 4 4 2 1 5]
  [0 4 4 1 3 3 4 5 0 0 1 3 4 0 2 0 0 1 4 0 2 4 1 4 0 1 5 4 3 4 3 4 0 0 0
   1 0 5 5 1 2]
  [0 5 0 2 4 2 3 1 0 0 2 3 0 2 0 2 4 5 5 5 1 2 1 5 5 0 1 5 5 3 3 0 1 2 3
   0 4 2 3 4 3]
  [0 0 3 0 0 1 2 5 4 5 0 1 4 5 4 3 1 2 2 3 3 2 0 2 5 1 0 5 1 3 0 0 0 1 2
   1 0 4 1 5 5]
  [0 5 3 3 0 3 4 3 0 2 2 0 5 4 1 2 2 3 4 3 4 5 1 1 5 2 2 2 2 3 0 0 0 4 3
   2 4 1 5 0 0]
  [0 5 0 2 0 1 5 0 0 0 3 4 0 4 2 5 2 2 4 3 0 3 0 3 3 5 2 5 0 2 3 5 4 3 2
   3 2 4 4 5 4]
  [0 1 0 0 2 2 2 5 5 5 1 4 4 0 2 0 2 1 3 3 1 1 1 1 1 1 2 4 2 1 4 4 2 0 3
   2 4 3 4 4 2]
  [0 3 1 5 2 3 5 4 0 0 1 0 0 3 0 1 5 1 2 2 4 1 4 0 1 0 5 5 1 5 3 0 0 5 3
   0 1 5 4 2 0]
  [0 4 2 3 5 4 3 4 5 4 4 5 3 2 4 0 5 2 2 2 1 5 2 1 3 4 4 3 0 4 2 1 1 2 4
   2 4 0 2 4 4]
  [0 0 2 3 4 0 3 4 2 4 5 4 1 3 2 0 0 2 4 0 5 4 3 3 1 0 1 0 0 5 2 4 2 5 5
   3 1 3 4 0 2]
  [0 2 0 4 2 0 3 2 4 3 3 4 2 1 4 1 4 0 3 4 3 4 1 4 4 0 1 5 2 5 5 1 2 0 5
   1 5 4 2 2 4]
  [0 3 4 1 0 0 0 4 5 5 5 0 4 2 3 5 4 0 0 4 5 0 4 5 0 3 5 3 4 5 5 2 4 2 3
   1 4 4 3 5 4]
  [0 0 2 0 2 2 3 1 3 1 0 0 3 5 2 2 2 5 3 0 5 2 4 4 5 3 2 4 5 2 3 1 1 5 0
   5 5 3 4 4 4]
  [0 4 5 0 0 5 5 3 1 2 4 3 1 4 4 0 0 1 3 3 0 3 0 4 3 2 2 3 1 4 1 1 4 0 0
   4 3 3 2 5 0]
  [0 0 1 5 4 0 4 1 2 5 5 3 5 2 1 3 5 4 1 5 4 0 5 1 3 3 3 1 0 0 2 1 4 1 5
   5 4 0 2 5 4]
  [0 4 4 4 0 2 3 2 2 4 0 4 0 0 3 0 4 0 1 0 2 0 0 5 1 5 1 4 3 3 2 0 2 2 5
   2 4 1 1 3 2]
  [0 1 5 2 0 0 4 0 4 4 4 4 2 0 1 5 3 0 3 3 4 5 2 0 0 4 3 5 1 3 2 3 3 3 2
   4 0 0 4 4 4]
  [0 1 0 0 3 3 2 3 2 1 5 1 2 4 4 1 0 4 4 2 2 4 3 3 0 1 0 3 1 0 4 5 4 2 2
   2 0 4 4 4 3]
  [0 1 0 2 5 1 4 2 1 5 3 5 3 5 0 0 3 2 0 3 1 4 3 1 3 0 1 2 2 5 1 3 3 2 0
   4 5 0 2 5 5]
  [0 2 5 1 4 1 0 5 0 3 5 5 2 0 0 2 3 3 1 4 3 3 5 3 4 5 0 3 4 3 2 1 1 3 0
   0 4 3 3 1 2]
  [0 1 4 4 5 3 0 2 5 4 3 5 3 2 3 2 0 0 3 5 3 1 3 0 0 1 3 0 4 1 5 1 4 3 0
   1 3 0 0 3 4]
  [0 5 4 3 5 0 5 0 5 3 2 5 2 3 1 2 5 5 3 5 5 0 1 5 1 4 4 5 0 1 0 5 1 5 5
   0 5 2 3 0 3]
  [0 0 4 4 4 4 0 3 1 0 1 5 3 0 0 5 4 3 2 5 1 1 2 1 5 4 5 3 5 0 1 2 4 3 4
   5 2 5 5 4 1]
  [0 4 1 1 1 3 4 2 2 4 1 3 1 2 1 1 2 3 1 3 1 2 4 1 0 5 0 3 5 4 0 3 4 2 4
   4 0 4 5 3 2]
  [0 3 5 5 3 0 2 5 5 5 3 5 0 0 0 0 0 4 4 5 0 3 1 2 5 4 3 5 2 5 0 0 4 2 0
   2 4 5 3 2 4]
  [0 2 5 5 5 3 4 0 5 4 0 5 2 1 3 3 3 2 0 1 3 0 3 0 2 5 5 0 5 0 4 2 0 4 5
   1 4 3 2 2 2]
  [0 5 4 2 2 5 0 4 3 3 0 3 5 0 2 2 0 0 0 1 1 1 5 0 0 0 5 0 4 4 1 3 5 0 2
   5 1 4 0 0 0]
  [0 5 5 0 1 5 5 2 0 0 2 2 4 4 3 1 1 0 3 0 0 5 0 5 2 4 2 1 5 1 2 5 3 2 0
   0 4 0 3 2 2]
  [0 2 1 3 5 5 1 5 5 5 3 0 2 3 2 1 3 1 2 1 5 4 0 1 2 5 0 5 3 4 5 2 4 5 4
   0 0 3 0 3 4]
  [0 4 2 0 3 5 5 5 3 5 1 2 5 3 0 5 0 3 1 0 3 5 2 1 0 3 5 2 1 4 4 4 2 4 5
   5 0 4 5 3 0]
  [0 0 2 3 1 3 4 4 4 4 4 0 2 2 1 0 5 4 1 2 3 4 1 2 4 3 0 4 2 0 5 1 1 1 3
   2 0 0 5 2 5]
  [0 1 4 0 5 1 0 0 3 4 4 5 1 1 0 0 3 3 4 0 3 3 2 5 4 2 0 0 1 2 5 5 4 4 2
   2 1 0 0 5 0]
  [0 4 3 3 5 1 2 3 3 0 0 0 5 1 4 2 5 5 1 0 3 4 4 3 4 0 0 2 1 4 0 5 1 5 0
   0 1 5 4 0 1]
  [0 5 5 3 4 4 1 1 1 1 0 5 4 4 0 2 0 3 1 1 3 0 3 2 4 4 1 5 0 4 5 5 3 0 0
   1 2 4 3 5 0]]

 [[0 3 2 0 2 0 1 2 1 5 3 3 5 4 3 2 1 0 5 5 1 2 5 1 2 5 5 4 1 0 4 4 0 1 2
   3 5 4 3 4 2]
  [0 0 3 1 4 3 3 0 1 2 4 2 2 1 2 2 2 3 2 2 4 3 4 2 4 0 3 4 0 2 4 3 5 2 3
   5 2 2 1 3 3]
  [0 2 0 4 1 4 1 4 0 1 2 3 4 0 2 5 4 3 4 1 0 4 3 5 3 2 1 3 4 4 2 3 0 5 2
   0 3 2 1 2 1]
  [0 1 3 0 5 1 1 2 3 2 2 2 2 0 2 3 5 5 2 1 3 2 5 5 1 4 2 2 2 1 1 3 3 0 2
   3 1 1 4 5 4]
  [0 2 3 5 0 4 1 2 3 5 5 5 4 1 3 2 1 4 4 0 4 4 0 4 0 2 4 1 5 4 5 0 3 5 5
   4 2 0 0 1 5]
  [0 3 0 1 0 0 3 4 1 2 4 1 0 4 3 5 1 2 2 3 1 5 5 2 2 1 0 1 3 5 3 3 4 2 2
   2 4 1 5 4 2]
  [0 3 2 5 3 0 0 3 4 3 2 1 5 4 3 2 2 5 2 0 0 2 1 3 1 1 4 2 2 1 0 3 1 3 5
   0 3 4 3 4 5]
  [0 4 0 4 4 2 5 0 4 2 2 0 4 5 2 1 2 2 1 1 1 1 0 2 0 1 4 5 2 4 0 0 1 4 0
   1 3 1 3 2 5]
  [0 3 1 1 5 1 3 3 0 0 2 4 0 2 3 2 3 5 2 0 0 5 1 2 5 5 5 1 3 1 1 2 0 1 5
   4 4 4 0 5 4]
  [0 3 0 1 5 3 4 1 1 0 0 4 3 1 0 3 2 2 3 1 1 0 5 0 3 5 5 2 0 1 0 3 0 2 3
   2 5 5 4 1 5]
  [0 3 0 4 4 4 3 4 3 5 0 0 1 2 2 1 3 2 2 5 1 4 2 5 5 4 5 5 4 2 3 0 4 4 4
   2 1 0 0 0 4]
  [0 1 4 3 0 5 2 5 0 2 3 0 5 3 5 0 1 4 1 5 1 3 4 2 0 5 2 1 3 1 3 1 3 2 3
   3 2 0 4 5 3]
  [0 2 3 0 2 4 3 5 2 4 2 5 0 4 4 3 2 0 5 1 3 4 1 1 3 4 3 5 0 4 5 4 3 0 3
   1 3 2 4 0 1]
  [0 2 3 4 5 5 1 4 0 0 4 3 0 0 1 3 1 4 3 4 4 2 3 2 0 1 4 2 5 2 1 4 2 0 1
   1 0 5 4 1 1]
  [0 5 4 4 2 2 1 1 2 2 1 2 5 5 0 1 2 5 1 4 2 2 0 4 0 2 4 5 2 1 0 3 4 2 2
   3 1 5 1 4 1]
  [0 5 2 5 1 2 4 2 1 5 5 1 4 4 1 0 0 0 3 0 3 1 5 4 0 3 2 1 4 0 5 5 2 3 0
   1 1 2 4 3 2]
  [0 3 4 0 0 2 2 0 2 3 4 5 0 3 5 5 0 5 0 0 4 3 0 4 2 2 3 2 4 0 0 0 2 2 5
   4 1 0 2 2 3]
  [0 2 2 2 3 2 2 5 0 5 5 4 4 1 2 1 1 0 4 1 2 3 0 0 4 4 4 3 5 5 4 5 0 4 2
   2 1 4 4 3 0]
  [0 5 1 3 0 0 1 0 5 4 1 3 1 4 0 1 4 4 0 5 2 3 4 1 1 4 1 5 3 2 3 3 2 0 5
   5 4 0 3 3 1]
  [0 3 5 1 1 5 2 5 3 4 0 0 0 1 5 4 1 3 4 0 2 5 0 2 4 0 5 4 1 5 5 1 4 4 2
   4 3 4 1 4 5]
  [0 2 3 1 3 5 3 4 3 0 5 1 4 5 0 1 4 3 5 4 0 0 4 3 5 1 2 4 0 0 3 1 2 3 5
   3 2 1 5 1 4]
  [0 1 3 4 0 2 1 0 0 1 5 5 4 1 1 5 4 1 0 2 2 0 5 3 2 5 1 5 0 5 0 0 2 5 5
   2 5 0 2 3 2]
  [0 2 5 2 4 1 5 4 0 2 1 2 4 1 3 5 3 3 2 0 5 5 0 5 5 0 0 4 3 4 2 0 5 1 3
   0 0 2 3 5 4]
  [0 4 5 5 0 3 1 5 1 2 0 5 1 0 1 3 4 4 1 0 5 4 5 0 5 0 0 5 0 1 3 5 0 4 2
   0 1 4 3 3 4]
  [0 5 4 1 5 2 1 0 4 1 3 2 5 1 5 2 1 1 5 0 3 2 2 4 0 5 5 1 4 2 3 5 0 2 1
   2 5 0 5 2 3]
  [0 3 4 2 3 4 3 4 4 1 1 1 3 3 2 4 3 1 4 5 4 4 5 1 2 0 5 4 1 3 5 5 4 1 1
   1 0 4 2 5 4]
  [0 3 0 1 5 4 0 2 3 4 0 1 5 4 1 4 5 3 0 2 2 2 4 5 0 1 0 3 0 0 4 5 5 5 4
   5 0 1 5 1 2]
  [0 1 1 2 5 2 1 5 0 5 3 3 2 0 0 3 5 0 4 3 1 5 3 0 3 5 1 0 1 5 1 1 0 2 0
   5 2 0 0 4 0]
  [0 1 5 4 4 5 2 2 0 5 4 3 5 4 2 5 3 3 2 0 0 4 0 4 4 5 1 3 0 2 5 2 1 1 1
   5 3 3 4 4 4]
  [0 0 5 4 1 3 3 3 0 0 1 1 0 4 3 4 2 2 1 1 5 1 1 1 1 1 0 2 1 0 4 4 0 2 5
   5 1 4 0 0 2]
  [0 4 0 0 0 5 1 3 0 5 4 2 4 4 5 1 1 0 5 5 0 4 3 2 5 1 4 2 1 3 0 0 3 4 0
   0 4 4 3 3 0]
  [0 0 3 2 5 2 3 1 0 1 5 5 0 1 2 0 0 2 4 0 1 2 1 1 5 2 4 5 2 1 3 0 4 1 3
   4 5 0 5 2 5]
  [0 5 5 4 3 0 0 2 4 0 5 1 0 5 4 0 0 1 5 2 0 5 2 2 3 0 3 4 2 0 3 5 0 4 3
   1 0 5 1 2 3]
  [0 4 4 1 1 2 2 5 3 5 3 2 4 2 5 4 3 4 0 0 2 2 3 5 1 4 5 3 4 4 1 0 1 0 4
   3 4 2 0 4 1]
  [0 1 4 0 2 2 1 2 5 5 0 4 1 0 0 5 4 0 2 2 0 0 3 0 4 0 5 5 5 5 3 5 1 1 0
   5 0 4 0 2 4]
  [0 2 4 4 3 5 4 1 0 0 4 0 3 1 2 4 1 4 5 2 2 3 3 5 1 3 4 3 2 2 5 0 2 4 4
   0 0 2 1 0 3]
  [0 2 5 5 2 4 1 5 4 1 2 1 4 5 2 4 1 2 2 1 3 1 4 1 3 5 4 4 3 2 2 1 2 2 2
   2 0 4 5 4 0]
  [0 5 2 1 3 4 3 0 3 5 2 2 4 0 4 1 2 2 2 3 0 2 4 1 1 5 0 4 0 2 5 0 4 0 1
   0 5 0 4 0 4]
  [0 1 5 0 5 3 4 5 5 1 0 4 4 3 4 3 4 2 5 2 4 3 3 1 1 4 0 1 5 4 4 5 1 1 5
   1 0 2 0 3 1]
  [0 5 5 1 2 0 3 1 1 2 0 1 5 2 1 1 5 2 0 0 0 3 1 4 3 0 1 4 3 3 2 5 4 3 1
   2 1 3 1 0 3]
  [0 5 1 5 3 1 4 3 3 2 5 2 3 5 2 1 5 1 3 0 4 5 3 2 2 4 5 5 5 3 5 3 3 1 3
   3 4 4 1 3 0]]

 [[0 1 0 4 5 0 4 1 0 3 1 4 4 5 3 2 1 2 4 1 2 2 0 5 5 4 3 2 1 5 1 3 4 2 5
   2 4 2 5 0 5]
  [0 0 2 1 1 2 1 1 2 0 1 3 0 5 5 2 1 0 1 2 3 3 5 4 0 1 1 3 1 3 5 1 5 0 5
   0 3 5 4 3 0]
  [0 3 0 4 3 5 2 5 0 3 2 1 1 5 1 2 2 1 2 1 2 4 3 0 1 4 4 0 1 4 3 3 3 3 2
   4 4 0 0 2 3]
  [0 2 2 0 1 0 2 1 1 2 4 3 2 4 4 0 5 1 3 4 3 4 1 1 5 0 3 2 1 3 2 0 5 1 1
   3 2 3 3 1 0]
  [0 1 2 4 0 0 3 4 4 3 0 4 5 3 4 4 3 5 3 0 5 0 3 0 2 2 1 0 4 1 2 1 4 0 5
   1 3 1 1 5 4]
  [0 3 4 2 3 0 0 2 3 1 3 4 5 2 4 1 1 5 2 3 3 5 2 2 1 5 4 5 3 3 3 5 5 2 1
   3 4 3 5 1 4]
  [0 5 0 4 2 3 0 3 2 5 1 0 0 2 3 0 1 5 0 3 3 0 4 1 4 4 2 3 1 1 5 4 0 2 4
   2 0 1 2 4 5]
  [0 0 1 4 1 4 0 0 4 5 2 2 2 3 1 0 4 3 4 2 4 4 4 5 1 5 5 1 0 3 2 4 4 4 4
   1 2 2 4 3 2]
  [0 4 2 1 1 4 2 2 0 5 4 4 0 4 4 1 3 0 5 3 4 4 4 1 2 5 2 2 0 3 2 3 0 3 2
   2 3 3 1 2 1]
  [0 5 2 0 0 2 3 3 4 0 2 0 0 0 3 4 3 5 1 2 2 4 4 0 3 2 3 0 1 4 5 5 1 4 4
   0 3 0 2 4 3]
  [0 2 4 1 3 1 3 4 0 1 0 0 5 1 5 4 5 0 2 5 3 1 5 3 5 4 0 2 3 1 1 4 2 3 5
   3 1 1 5 0 5]
  [0 5 0 5 0 2 0 5 5 1 0 0 5 2 0 2 3 4 5 5 0 4 5 0 2 2 0 5 5 0 1 1 0 1 1
   3 4 0 1 2 4]
  [0 4 0 3 1 4 0 4 4 5 3 0 0 0 4 3 1 5 5 1 1 1 0 3 1 5 5 2 2 0 4 4 3 1 2
   2 2 3 3 2 1]
  [0 3 5 1 2 2 5 0 0 1 1 1 3 0 0 5 1 5 2 1 1 1 2 0 3 2 5 5 1 3 3 3 4 4 1
   0 4 0 4 1 2]
  [0 3 5 1 1 3 2 2 3 3 1 5 1 5 0 1 5 2 5 0 1 5 3 2 0 3 2 1 3 5 5 4 5 1 2
   3 2 4 5 2 0]
  [0 1 0 0 5 1 5 4 1 2 2 1 3 5 3 0 3 4 3 5 0 3 1 5 1 1 3 5 3 1 1 1 4 2 3
   0 0 1 0 2 1]
  [0 2 4 2 3 5 4 5 1 1 5 4 3 5 0 3 0 3 5 2 1 2 4 3 1 0 1 4 1 4 4 0 5 5 2
   5 5 2 4 0 0]
  [0 0 3 3 5 3 4 0 5 5 3 1 5 2 3 2 3 0 4 5 0 1 2 3 3 3 1 1 2 4 3 2 3 2 4
   5 0 1 4 5 0]
  [0 0 1 1 0 2 5 5 2 2 1 3 4 0 0 4 4 2 0 2 0 5 2 3 0 2 5 0 4 2 3 4 4 4 0
   1 0 1 4 0 3]
  [0 5 0 1 4 0 2 2 4 1 3 4 3 1 3 3 5 3 3 0 1 0 0 4 3 4 5 0 4 0 5 4 0 4 5
   4 4 0 2 2 1]
  [0 5 3 3 2 4 2 0 1 4 1 4 0 3 0 1 0 4 0 4 0 2 2 2 5 4 1 5 0 2 3 2 1 3 1
   4 5 2 1 5 3]
  [0 2 5 3 4 4 0 5 0 5 0 1 0 3 0 1 0 3 3 3 4 0 2 2 5 4 5 2 4 0 2 1 1 2 5
   4 0 5 0 0 3]
  [0 4 3 2 1 0 2 2 0 0 3 3 5 0 5 4 4 2 4 4 2 5 0 3 4 3 0 5 1 3 4 0 5 4 3
   3 5 1 1 0 1]
  [0 5 1 5 4 0 0 4 2 1 5 1 3 0 4 0 5 3 4 4 0 4 5 0 4 4 0 0 0 3 2 3 3 2 4
   2 1 1 1 5 3]
  [0 5 5 2 5 2 1 2 4 3 3 0 3 5 3 0 0 5 5 0 5 0 2 2 0 1 1 4 4 2 4 1 3 4 2
   0 1 5 3 4 3]
  [0 1 1 5 1 0 4 3 2 0 5 0 3 5 0 2 5 1 1 0 1 1 3 2 4 0 1 3 3 2 1 3 1 0 3
   5 0 2 1 5 4]
  [0 3 5 4 3 5 3 2 2 4 4 4 0 3 4 1 1 1 4 3 1 0 5 0 4 2 0 2 5 3 2 2 3 1 1
   3 5 5 0 1 2]
  [0 2 0 5 3 4 1 3 1 2 2 1 1 3 0 4 4 0 4 3 3 2 1 1 1 1 4 0 3 5 0 4 4 5 2
   1 2 0 3 5 4]
  [0 5 2 1 3 5 2 0 3 1 4 3 1 1 2 3 1 1 0 3 5 4 1 0 3 3 4 0 0 0 4 5 5 2 0
   5 4 2 1 0 2]
  [0 1 2 5 3 1 0 4 3 0 0 4 5 1 2 2 4 2 0 4 1 5 0 0 0 1 3 2 2 0 2 0 4 3 5
   5 0 5 3 5 3]
  [0 4 3 5 0 3 3 2 3 3 0 4 1 3 5 1 2 5 3 0 2 3 0 3 5 1 5 4 4 1 0 0 5 4 5
   5 2 2 0 2 0]
  [0 0 4 2 4 4 5 0 0 4 3 5 3 3 4 5 3 2 3 0 0 5 0 5 2 1 5 0 4 5 4 0 3 0 5
   4 3 1 1 5 0]
  [0 5 0 4 2 1 1 4 4 4 1 4 3 2 1 4 0 4 1 4 3 3 5 2 3 5 5 3 1 5 1 5 0 4 4
   2 1 2 1 1 1]
  [0 0 3 4 2 2 1 2 3 1 0 0 1 0 4 3 4 0 0 5 4 5 4 0 1 1 3 5 0 4 3 5 1 0 4
   4 5 3 5 3 5]
  [0 0 1 1 4 2 1 2 5 2 4 2 4 2 0 1 2 2 2 3 4 5 5 2 0 1 2 4 2 5 0 4 3 0 0
   0 2 0 5 0 4]
  [0 3 3 5 4 4 1 3 3 0 5 2 0 4 3 0 3 4 2 2 2 0 2 0 1 1 2 2 1 4 3 0 0 5 3
   0 0 3 1 2 2]
  [0 3 2 1 4 3 4 2 5 4 0 5 0 2 4 3 4 5 1 4 2 5 3 0 1 5 4 3 5 4 0 3 2 4 0
   0 0 5 3 4 3]
  [0 0 2 3 1 0 5 4 0 2 3 4 4 1 1 2 1 4 3 3 5 1 2 4 3 1 1 5 5 2 3 1 5 2 4
   2 2 0 4 1 0]
  [0 1 0 0 4 2 5 2 1 1 1 1 0 5 4 4 2 3 2 4 2 1 3 2 2 3 4 1 4 3 2 1 3 3 0
   5 1 1 0 0 1]
  [0 5 0 0 5 5 4 3 1 3 2 2 1 2 0 1 3 2 5 1 1 0 0 4 1 1 1 1 4 2 2 0 3 0 5
   4 1 0 0 0 2]
  [0 5 4 0 1 0 0 0 4 4 1 5 4 5 5 1 3 4 4 1 2 0 3 0 4 5 3 3 5 5 3 3 1 1 4
   5 5 2 4 0 0]]

 [[0 0 3 5 1 3 1 5 0 2 3 5 1 4 2 2 0 3 1 3 4 1 2 1 5 2 0 5 4 4 3 0 2 2 4
   3 2 3 1 3 2]
  [0 0 4 5 0 1 0 3 1 4 4 3 5 3 2 2 0 0 1 1 5 2 2 5 2 2 0 4 2 4 4 1 0 4 3
   3 1 4 1 2 0]
  [0 5 0 0 5 5 1 2 5 1 1 0 2 2 1 4 4 0 4 3 4 1 1 1 5 4 2 3 3 3 1 0 0 5 5
   4 0 4 4 3 5]
  [0 1 0 0 2 1 0 0 3 2 1 4 3 1 3 2 2 2 1 0 5 0 3 5 0 1 2 1 0 5 0 5 4 1 5
   2 3 5 2 3 2]
  [0 5 5 3 0 3 1 2 5 1 4 0 2 4 0 3 3 1 1 5 0 1 5 4 5 5 1 2 2 3 4 3 2 3 5
   5 1 3 3 2 1]
  [0 4 2 1 4 0 3 2 1 5 2 4 2 4 2 0 3 1 4 0 5 1 1 5 2 4 4 2 2 1 4 2 0 1 1
   1 4 1 5 2 0]
  [0 0 0 1 4 0 0 5 0 5 4 1 1 0 0 2 3 0 1 2 0 2 2 3 3 0 2 3 2 3 2 3 2 0 5
   4 3 3 4 0 5]
  [0 5 1 5 1 0 5 0 0 4 2 0 1 5 4 3 4 1 5 0 0 4 4 3 3 5 5 1 4 0 4 5 5 1 2
   5 5 0 3 0 5]
  [0 1 3 4 0 0 4 4 0 2 3 3 2 5 3 0 5 4 4 4 4 2 4 3 4 2 3 1 3 5 4 3 0 2 4
   5 3 2 0 3 1]
  [0 5 1 1 0 4 5 5 3 0 5 3 1 4 1 0 4 2 0 4 5 5 3 3 5 2 4 0 2 1 4 2 0 1 2
   0 0 0 3 0 0]
  [0 0 0 4 5 5 2 0 3 1 0 1 3 5 1 2 4 1 0 0 0 4 1 0 5 3 4 4 0 3 3 3 2 3 1
   2 5 4 1 0 3]
  [0 1 4 1 2 2 5 4 0 2 0 0 3 1 4 4 2 0 0 1 4 2 1 3 1 1 2 4 3 2 4 5 0 0 4
   1 1 2 5 3 0]
  [0 1 3 4 4 3 4 2 4 2 0 2 0 1 1 0 3 4 1 3 0 5 2 2 1 1 3 1 1 5 1 5 3 0 1
   4 2 4 0 3 3]
  [0 2 5 0 0 5 2 4 0 0 3 1 4 0 0 4 2 5 5 5 4 4 1 2 3 5 4 4 1 3 4 1 4 4 5
   1 4 2 4 3 4]
  [0 4 3 5 3 4 0 4 1 2 2 1 2 1 0 2 5 1 3 5 2 0 1 4 1 2 1 0 5 4 4 0 5 4 4
   4 3 2 5 1 2]
  [0 3 4 3 1 4 5 5 0 3 2 1 3 3 0 0 3 2 3 0 3 1 2 2 5 3 1 1 1 1 0 2 4 1 5
   2 2 1 5 2 2]
  [0 2 4 1 2 1 5 5 4 2 3 2 1 5 0 4 0 4 5 2 3 5 4 0 3 0 2 0 3 4 0 5 4 3 4
   3 0 4 1 1 1]
  [0 3 2 1 5 4 0 3 0 2 4 4 5 2 1 4 1 0 5 3 1 2 2 1 1 2 2 0 1 0 4 1 4 1 4
   3 1 3 3 1 2]
  [0 0 1 1 5 0 4 3 2 3 0 2 2 0 5 5 0 0 0 3 2 3 4 1 2 4 5 5 5 4 4 2 0 5 4
   0 1 1 5 3 3]
  [0 2 3 5 2 2 4 1 0 5 1 5 4 2 5 3 2 3 4 0 4 5 5 1 2 2 5 3 5 0 5 2 1 4 4
   2 5 4 1 2 1]
  [0 1 1 2 5 3 0 1 1 0 4 4 4 3 3 0 1 4 0 2 0 4 4 2 1 3 5 5 1 5 3 4 3 1 2
   3 2 1 0 3 4]
  [0 2 4 4 3 3 2 1 0 4 2 2 3 5 5 4 1 4 2 1 1 0 3 5 5 4 0 5 5 0 5 1 3 2 4
   3 0 0 5 3 5]
  [0 3 5 2 1 3 0 5 3 4 3 4 2 2 5 2 1 3 1 0 3 0 0 4 3 4 5 5 2 4 1 4 4 4 0
   1 2 1 1 2 0]
  [0 2 1 4 4 0 2 2 1 2 2 4 2 4 1 5 1 1 2 1 3 4 4 0 2 2 2 1 1 4 2 1 5 4 0
   2 5 3 2 2 1]
  [0 4 1 2 4 1 3 3 1 3 0 2 0 5 3 2 1 4 0 4 5 0 3 5 0 4 0 1 1 2 3 2 1 5 2
   4 1 3 2 2 1]
  [0 3 3 0 3 1 3 2 4 1 0 0 5 0 3 4 1 5 4 5 2 4 4 3 2 0 1 5 3 0 1 4 4 4 4
   5 3 1 3 4 2]
  [0 2 1 2 0 2 4 0 0 0 4 4 4 1 0 3 0 3 2 5 1 3 1 4 5 1 0 4 4 0 0 0 0 2 4
   1 4 4 4 0 3]
  [0 2 3 5 0 2 5 5 3 3 1 0 1 5 4 3 2 4 4 0 2 3 0 2 5 0 5 0 3 4 3 3 0 3 4
   5 3 5 4 1 1]
  [0 0 0 5 3 3 1 0 1 3 0 5 3 0 1 2 2 3 5 2 0 4 5 5 5 1 1 1 0 0 4 5 1 4 0
   2 1 4 2 1 5]
  [0 4 2 4 5 1 0 1 1 4 4 2 4 0 0 1 2 2 1 1 1 1 2 5 0 4 3 5 2 0 2 3 4 1 4
   4 2 4 1 1 1]
  [0 1 4 3 0 0 4 2 4 3 0 2 2 1 4 5 4 0 2 3 2 5 3 4 4 0 3 3 4 2 0 2 5 1 1
   2 3 0 5 0 1]
  [0 3 5 1 0 1 3 4 0 0 2 0 0 0 4 0 5 3 1 2 2 1 2 2 1 3 0 2 3 0 2 0 2 0 4
   5 2 2 5 2 2]
  [0 5 0 1 0 1 4 4 1 3 3 4 1 3 4 5 1 2 1 5 4 1 0 5 2 3 4 0 4 1 2 2 0 1 0
   2 1 0 0 3 4]
  [0 3 1 2 5 5 5 0 4 1 5 2 5 5 0 5 4 5 0 3 4 1 4 1 1 0 4 2 0 0 5 1 0 0 2
   2 3 0 2 0 3]
  [0 4 5 3 4 4 2 5 1 0 2 0 2 2 3 0 2 0 3 4 4 1 5 1 5 5 4 4 0 1 5 1 2 1 0
   5 1 1 1 3 4]
  [0 1 0 5 0 1 1 2 3 3 2 4 3 1 2 0 1 4 1 1 4 1 5 1 4 3 0 5 3 0 1 1 0 1 3
   0 2 5 2 5 3]
  [0 3 4 1 0 5 2 1 2 5 4 1 2 4 5 5 2 0 1 1 3 0 1 5 2 3 0 1 1 1 3 0 0 5 3
   5 0 0 5 5 0]
  [0 0 1 5 5 5 2 3 3 1 1 5 3 4 0 2 5 3 2 5 3 0 4 2 2 5 5 1 1 2 3 5 4 4 2
   5 0 0 0 5 1]
  [0 1 5 3 5 5 3 1 4 3 3 5 2 4 1 1 1 3 2 3 4 2 4 3 0 0 4 0 2 4 4 1 5 1 2
   3 0 5 0 5 3]
  [0 5 3 1 0 1 0 1 5 2 2 4 0 3 2 1 2 1 4 1 5 4 0 4 1 5 1 2 1 5 3 5 3 3 4
   0 5 3 3 0 3]
  [0 0 1 2 2 1 5 3 3 3 2 1 5 0 2 5 0 0 0 4 3 1 1 0 0 0 0 3 0 5 0 0 5 1 1
   0 2 2 2 3 0]]]
release_time
[  0 639  60 104 306 511 187  84 623 330 261 316 572 124 452  13  36 308
 588  66 331 463 101  12 350  71 369 198 473 412  75 185 130 408 131 390
 437 257 538 435 153]
due_date
[  0 767 122 248 800 740 292 776 647 711 561 750 815 251 798  97 167 735
 755 109 743 728 162 421 574  72 656 201 716 666 292 658 773 622 591 696
 583 684 806 501 611]
unit_emission
[ 1  4  3  3 18]
emission_limit
6068.0
setup_severity
0.02
due_tight
0.3
due_range
1.0
release_tight
10
degree_constr
0.2
