param: 
proc_time: (1, 100)
setup_rate: 0.5
setup_time: (15, 30)
delivery_time: (1, 100)

mach
5
job_rate
10
fam
5
setup_rate
0.5
proc_time
[[  0  63  91  95  87   8   6  17  22  56  31  15  66  31  54  88  66  94
   68  41  84  61  87  24  58  60  41  38  78  91  84  32  72 100  57  80
   81  84  47  76  54  68  97  79  88  50  68  11  82  15  17]
 [  0   4  43   6  31  74  99  37  31  20  10   9  38  15  97  43  41  54
   20  34  79  41 100  67  45  52  20  88  64   8  10  95  92  39  74  98
    1  64  91  34  89   3  13   8  69  54  96  93   4  94  52]
 [  0  78  49  74  72   3  35  58  85  12  97  35   4  58   5  17  71  20
    2  23  98  92  61   2  69  91  18  17  67  22  13  85  57  69  20  86
   10  68  12  64  41  10  33  71  29  59  48  72  91  46  18]
 [  0  33  47  51  16  70  85  10   8  45  92   7  69   6  85  10  94  87
    8  55  40  82  24  76  20  39  79  16  29  54  59  57  83  36  41  48
   95  46  92  67  60  10   5  25  53  23  88  89  11  78  40]
 [  0  49  56  82  37  35  68  27  16  89  97  54  29  82  18   2  91  59
   88  43  97  55  84  27  24  95  14  25   7  39  80  66  13  66  83  57
   49  83  87  39   9   1   7   6   1  45  13  53   3  24  32]]
setup_time
[[[ 0 21 23 27 15 21]
  [ 0  0 26 18 21 16]
  [ 0 15  0 16 29 26]
  [ 0 24 19  0 20 18]
  [ 0 19 21 28  0 27]
  [ 0 16 19 30 25  0]]

 [[ 0 27 26 26 17 20]
  [ 0  0 21 23 25 28]
  [ 0 21  0 30 22 19]
  [ 0 26 29  0 16 19]
  [ 0 21 26 22  0 28]
  [ 0 22 17 23 27  0]]

 [[ 0 17 28 22 24 22]
  [ 0  0 28 17 22 17]
  [ 0 21  0 17 30 26]
  [ 0 21 26  0 15 26]
  [ 0 28 15 24  0 29]
  [ 0 23 29 30 25  0]]

 [[ 0 15 19 23 22 30]
  [ 0  0 19 22 19 23]
  [ 0 25  0 24 25 25]
  [ 0 26 25  0 24 21]
  [ 0 15 16 27  0 30]
  [ 0 24 22 20 25  0]]

 [[ 0 27 15 29 15 17]
  [ 0  0 16 25 20 16]
  [ 0 16  0 20 26 28]
  [ 0 26 29  0 16 23]
  [ 0 29 25 22  0 23]
  [ 0 30 29 24 16  0]]]
delivery_time
[[  0  77  95  11  53  64  42  81  91  37  37  70  14  92  38  48  95  44
   62   2  64  92  80  54  47  34  92  62  12  16  66  98  19  90  18  82
   42  52  73   3  35  52  45  81  57  57  63  82  97  19  17]
 [  0  89  80  84  25  66  31 100   8  65  56  15  26  27  43  39  64  36
   99  94   6  52  18  82  98  79  47  79  38  27  42  51  74  68  84  73
   33  30  56  71  31  49  30  25  17  98  53  58  93  43  17]
 [  0  77   5  36  22   8  16  19  54  77  23  91  62  26  18  46  69  37
   52  29  61  50  79  84  72  60   6  17  21   5  17  55  85  54  70  38
   23  83  52  85  28  92  31   6  18  97  92  47  50  31  27]
 [  0  27  10  15  39  56  18  46  26  17  90   8  55   9  80   8  22  83
   73  69  47  31  10  91  58  68  82  95   1  70  95  59  90  68  58  46
   63  32  76  41  13  46  22  39  97  56  68  17  18  32  26]
 [  0  90  27  30  87  88  27   7  45  40  83  29  44  40  36  42  73  66
   56  39  43   5  65  79  88  63  75  45  69  21  94  30  35  45  94  71
   22  54  60  19  50  91  53  16  52  87  91  59  50  11  96]]
job2fam
[[1 0 0 0 0 0 0 0 0 0 0 0 0 0 0 0 0 0 0 0 0 0 0 0 0 0 0 0 0 0 0 0 0 0 0 0
  0 0 0 0 0 0 0 0 0 0 0 0 0 0 0]
 [0 0 0 1 0 0 0 0 0 0 1 0 0 0 0 1 0 0 0 0 0 0 0 1 0 0 1 0 1 0 0 0 0 0 0 0
  0 0 0 0 0 0 1 0 0 0 0 1 0 0 0]
 [0 0 0 0 0 0 0 1 0 1 0 0 0 0 0 0 1 0 0 1 1 0 0 0 1 1 0 1 0 0 0 0 0 1 0 0
  0 1 1 0 0 1 0 1 0 0 0 0 0 1 0]
 [0 0 1 0 0 1 0 0 0 0 0 0 1 1 0 0 0 0 0 0 0 0 0 0 0 0 0 0 0 0 1 0 0 0 1 0
  0 0 0 0 0 0 0 0 1 0 1 0 1 0 0]
 [0 0 0 0 0 0 1 0 0 0 0 0 0 0 0 0 0 0 0 0 0 1 1 0 0 0 0 0 0 0 0 1 0 0 0 0
  1 0 0 1 1 0 0 0 0 0 0 0 0 0 0]
 [0 1 0 0 1 0 0 0 1 0 0 1 0 0 1 0 0 1 1 0 0 0 0 0 0 0 0 0 0 1 0 0 1 0 0 1
  0 0 0 0 0 0 0 0 0 1 0 0 0 0 1]]
unit_cost
[14 14 16 13 14]
pre_factor
2.0
