param: 
proc_time: (1, 100)
setup_rate: 0.5
setup_time: (15, 30)
delivery_time: (1, 100)

mach
5
job_rate
8
fam
8
setup_rate
0.5
proc_time
[[  0  88  97  34  47  73  61  57  54  38  80   7  53  17 100  86  93  77
   74  94  31  13  42  59  33  61  56  44 100  55  42  72   5  20  76  57
   10  96  86  50  26]
 [  0  14  50  31  74  72  25  60  89  97  54  64  61  45  96  49  98  75
   74  60  55  62   4  86  28  23  85  58  40  68  13  29  65  29  21   5
   87  60  35  72  19]
 [  0  73  55  69   7  76  28  60  65  76  15  29  19  52 100  62  24  35
   58  57  34  85  20   5   8  28  48  23   6  94  71  26  85  31   6  90
   19  20  40  66  14]
 [  0  70  67  79  69  41  23  61  63  88  19  33  91  62  26  94  94  80
   63  25  57  19  93  13  55  39  83  79  76  43  67  73  23  85  91  96
   54  68  96  48  63]
 [  0  78  75  82  43  83  76  75  93  99  85  96  25  18  86  89  50  35
    9  47  71  72  81  70  22  22   9  91  13  71  34  83  40  10  51  83
    8  23   9  11  28]]
setup_time
[[[ 0 27 19 26 17 17 19 20 26]
  [ 0  0 25 23 19 22 25 17 25]
  [ 0 23  0 24 29 24 17 30 30]
  [ 0 26 20  0 19 23 15 18 21]
  [ 0 30 16 30  0 19 16 22 24]
  [ 0 16 30 24 30  0 25 29 16]
  [ 0 23 28 18 21 30  0 17 23]
  [ 0 25 22 16 18 25 24  0 15]
  [ 0 17 21 25 25 16 30 30  0]]

 [[ 0 20 24 23 15 23 26 15 19]
  [ 0  0 22 27 26 21 22 16 22]
  [ 0 28  0 30 28 21 26 28 25]
  [ 0 20 26  0 26 18 18 23 25]
  [ 0 20 27 27  0 20 21 27 30]
  [ 0 16 28 17 23  0 28 17 24]
  [ 0 15 15 24 17 18  0 18 21]
  [ 0 16 20 30 23 16 17  0 30]
  [ 0 15 27 15 23 15 24 29  0]]

 [[ 0 27 28 19 20 30 16 17 26]
  [ 0  0 20 26 18 19 15 30 26]
  [ 0 19  0 27 18 28 15 17 28]
  [ 0 26 19  0 28 26 30 20 26]
  [ 0 29 20 17  0 27 19 29 27]
  [ 0 24 22 15 24  0 22 16 21]
  [ 0 17 21 17 16 25  0 24 18]
  [ 0 23 17 29 23 18 18  0 19]
  [ 0 24 24 22 26 20 26 16  0]]

 [[ 0 22 16 16 16 19 29 19 27]
  [ 0  0 23 18 30 21 23 24 15]
  [ 0 24  0 15 30 30 21 22 25]
  [ 0 21 26  0 18 26 27 20 27]
  [ 0 27 20 25  0 28 27 20 25]
  [ 0 18 27 28 23  0 26 27 29]
  [ 0 19 26 28 16 26  0 29 22]
  [ 0 28 15 26 26 24 27  0 18]
  [ 0 30 25 23 28 19 23 21  0]]

 [[ 0 17 15 27 22 15 15 16 20]
  [ 0  0 22 20 24 22 25 25 28]
  [ 0 30  0 28 28 21 15 25 15]
  [ 0 19 20  0 22 20 16 23 16]
  [ 0 28 17 22  0 18 18 29 25]
  [ 0 29 19 20 15  0 28 23 22]
  [ 0 19 25 30 29 17  0 26 27]
  [ 0 15 19 25 19 22 19  0 21]
  [ 0 27 24 23 21 18 22 25  0]]]
delivery_time
[[  0  96  37  39  97  81  43  73  96  54  68  45  70  13  35  87  56  60
   75  33  33  28  44  88  83  32  40  57  81  44  68  27  40  11  36  17
   44  17  77  53  58]
 [  0  63  14  19  78  53  78  13  26  16  97  16  68  58  16  31  61  46
    9  91  59  47  82  29  99  71  26 100  51  23  56  89  28  25  23  84
   32  83  86  98  36]
 [  0  81  96  17  37   9  15  96  98  50  23  24  56   9  99  19  55  83
   67  97  10  48  21  19  71  56  92  61  43  30  66  58  87  53  63  96
   76  16  81  98   8]
 [  0  93  18  56  10  78  93  45  26  29   3  90  60  65  47  34  93  61
   35  31  51  89   2   4  13  89  59  73   4  98  45  45  18  49   1  77
    8  67  29  72  37]
 [  0  25  36  84  35  73  71  61   4  23  92  74  10  97  82  37   6  33
   29  19  74  51  77  34  98  61  15  59  29  71  73  63  49  99  36  94
   56   5   7  36  98]]
job2fam
[[1 0 0 0 0 0 0 0 0 0 0 0 0 0 0 0 0 0 0 0 0 0 0 0 0 0 0 0 0 0 0 0 0 0 0 0
  0 0 0 0 0]
 [0 0 0 0 0 0 0 1 0 0 1 0 0 0 0 0 0 0 0 0 0 0 1 1 0 0 0 0 0 0 0 0 0 0 0 0
  0 0 0 0 0]
 [0 0 0 0 0 1 1 0 0 0 0 1 0 0 1 1 0 0 0 0 0 0 0 0 0 0 0 0 0 0 0 0 0 0 0 0
  0 0 0 1 0]
 [0 0 0 0 0 0 0 0 0 0 0 0 0 0 0 0 1 1 0 1 1 0 0 0 0 1 0 0 1 0 0 1 0 0 0 0
  0 0 1 0 0]
 [0 0 1 0 0 0 0 0 0 0 0 0 1 1 0 0 0 0 0 0 0 0 0 0 0 0 0 0 0 0 0 0 0 1 0 0
  0 0 0 0 0]
 [0 0 0 0 1 0 0 0 0 0 0 0 0 0 0 0 0 0 0 0 0 0 0 0 0 0 0 0 0 1 1 0 0 0 0 0
  0 1 0 0 0]
 [0 1 0 0 0 0 0 0 0 1 0 0 0 0 0 0 0 0 0 0 0 0 0 0 1 0 1 1 0 0 0 0 0 0 1 1
  0 0 0 0 0]
 [0 0 0 1 0 0 0 0 0 0 0 0 0 0 0 0 0 0 1 0 0 0 0 0 0 0 0 0 0 0 0 0 0 0 0 0
  1 0 0 0 0]
 [0 0 0 0 0 0 0 0 1 0 0 0 0 0 0 0 0 0 0 0 0 1 0 0 0 0 0 0 0 0 0 0 1 0 0 0
  0 0 0 0 1]]
unit_cost
[10 11 14  9 13]
pre_factor
2.0
