param: 
proc_time: (1, 100)
setup_rate: 2.0
setup_time: (60, 120)
delivery_time: (170, 200)

mach
5
job_rate
8
fam
3
setup_rate
2.0
proc_time
[[  0  38  52  60  40  83  49  28  97  25  70  80  65  47  11  84  76  48
   57   7  66  80  48  28  15  77  18  15   8  52  39  28  62  33  97 100
   31  80  53  30  18]
 [  0  24  39  23  65  49  10  89  99  11  97  25  72  95  24  26  82  85
   42  29  27  22  83  27  33  86  59  60   1  32  47   8   7  48  78  94
   39  64  31   4  51]
 [  0  48   7  70   5  75  13  75  22  88  85  40  10   1  80  25  20  71
   82  12  50  19  10  14  70  75  74  33  48   3  90  53   4  21  63  64
   92  27  52   2  36]
 [  0  17  62   5  48  12   3  40  73  66  15  95  27  81  40   7  49   9
   56  14  96   5  72  79  63   8  86  43  98  30  21  62  63  88  46  56
   16  73  41  19  85]
 [  0  24  16  32  14  77  87  20  27   8  58   2  37   5  65   6  43  70
   23  11  42 100  65  20  17  29  20  34  17  94  90  85  67  84   9  74
   31  72   1  65  79]]
setup_time
[[[  0  95 104 102]
  [  0   0 104  63]
  [  0  82   0 112]
  [  0 110  60   0]]

 [[  0  97  66 103]
  [  0   0 108 103]
  [  0  63   0 117]
  [  0  81 100   0]]

 [[  0  95 104 108]
  [  0   0  62  86]
  [  0  70   0 106]
  [  0  81 105   0]]

 [[  0  66  94  72]
  [  0   0  77  64]
  [  0  90   0  62]
  [  0  92  81   0]]

 [[  0  78  97  75]
  [  0   0  97  67]
  [  0  71   0  68]
  [  0 106  82   0]]]
delivery_time
[[  0 175 174 188 173 189 185 196 184 182 179 192 176 177 181 183 181 171
  191 178 185 173 181 182 178 177 199 173 186 183 171 189 180 189 171 189
  187 200 198 193 181]
 [  0 200 178 197 199 193 189 182 185 192 179 183 193 186 196 173 200 183
  177 185 183 191 174 175 191 173 183 177 173 190 197 196 187 184 170 185
  181 193 195 191 192]
 [  0 192 171 172 196 173 170 189 178 195 172 192 175 179 184 187 184 180
  189 173 198 191 187 190 194 198 172 172 190 200 197 189 196 189 173 171
  189 184 186 200 192]
 [  0 187 176 173 173 196 191 194 192 190 177 173 192 190 195 180 197 196
  199 182 178 177 198 186 190 182 195 174 170 172 191 186 200 193 180 173
  184 180 175 180 177]
 [  0 173 188 200 178 171 196 190 175 199 173 183 188 179 193 171 185 191
  199 173 192 177 200 200 186 172 187 193 183 190 198 200 189 171 179 191
  178 180 173 192 172]]
job2fam
[[1 0 0 0 0 0 0 0 0 0 0 0 0 0 0 0 0 0 0 0 0 0 0 0 0 0 0 0 0 0 0 0 0 0 0 0
  0 0 0 0 0]
 [0 1 1 0 0 0 0 0 1 0 0 0 0 1 0 0 0 1 0 0 0 1 0 0 0 0 0 0 0 0 1 0 1 1 1 0
  1 1 0 0 0]
 [0 0 0 1 0 1 0 0 0 1 1 0 0 0 1 1 1 0 0 0 1 0 1 0 0 0 0 0 1 1 0 0 0 0 0 1
  0 0 1 0 1]
 [0 0 0 0 1 0 1 1 0 0 0 1 1 0 0 0 0 0 1 1 0 0 0 1 1 1 1 1 0 0 0 1 0 0 0 0
  0 0 0 1 0]]
unit_cost
[24 17 22 21 24]
pre_factor
2.0
