param: 
proc_time: (1, 100)
setup_rate: 1.0
setup_time: (30, 60)
delivery_time: (100, 200)

mach
8
job_rate
5
fam
3
setup_rate
1.0
proc_time
[[  0  16  84  91  36  47  42  58  63  42  23  89  54  77  98   1  58  15
   88  84  26  51  82  10  56  85  57  80  76  69  19  35   6  60  44   1
   66  68   9  44  36]
 [  0  28  29  66   1  80  35  52  74   8  45  59  86  49  64  29  81  55
   16  63   7  19  36  74  44  65  33  18   7  91  41  46  28  85  52  35
   98   1  33  52  40]
 [  0  90  13  65  49  40  76  24  32  34  13   5  68  56  16  60  81  67
   31  25  13  41  60  94  63   4  45   9  65  31  71  81  44  29  76  83
   77  23  68  11  96]
 [  0  71  78  31  85  55  67  32  74   1  68  76  47  97  76  21  78  73
   75  24  65  59  14  13  46  75  80  35  73  40  13  91  86  24  90  35
   26  93  51  56  47]
 [  0  24  41  51  61  70  91   4  87  13  73  54  36  27  27  44  47  75
   75  21  47  98  23  12  39  26  61  52  11  59 100  11  69  45  45  12
   98  45  53  22  75]
 [  0  36  16  90  35  22  41  82  33  36  56  57  86  68  45  27  13   8
   12  93  88  76  72  23  28  32  74  82  24  84  47  96  30   2  97  25
   19   8   2  97  33]
 [  0   4  74  97  18  60  74  77  65  53  59  37  54   2  91  91  32  92
   20  87  51  30  67  53  81  73  93  82  78  27  97   7  28  27  48  50
   84  60  20  95  94]
 [  0   1  26  56  81  71  61  72  74  89  71  37  32  74  83  13  47  93
   12  48  98  83  68  70  98  77   6  47  98  14  65  74  17  12  34  95
   34  36  48  62  91]]
setup_time
[[[ 0 52 55 59]
  [ 0  0 30 38]
  [ 0 56  0 30]
  [ 0 30 56  0]]

 [[ 0 48 41 30]
  [ 0  0 59 38]
  [ 0 38  0 54]
  [ 0 53 49  0]]

 [[ 0 41 55 49]
  [ 0  0 32 55]
  [ 0 49  0 55]
  [ 0 45 47  0]]

 [[ 0 39 48 42]
  [ 0  0 52 54]
  [ 0 40  0 55]
  [ 0 56 44  0]]

 [[ 0 50 48 57]
  [ 0  0 46 56]
  [ 0 32  0 46]
  [ 0 51 60  0]]

 [[ 0 39 47 48]
  [ 0  0 30 44]
  [ 0 32  0 59]
  [ 0 53 50  0]]

 [[ 0 32 54 32]
  [ 0  0 58 34]
  [ 0 51  0 37]
  [ 0 43 56  0]]

 [[ 0 50 33 54]
  [ 0  0 42 45]
  [ 0 39  0 54]
  [ 0 33 59  0]]]
delivery_time
[[  0 133 174 193 109 123 171 145 129 169 135 185 182 176 189 145 185 170
  118 188 157 122 101 129 124 187 171 126 188 165 186 125 133 144 158 109
  113 134 200 144 121]
 [  0 143 186 168 148 179 175 134 138 109 177 165 159 120 189 148 147 151
  115 161 160 116 128 141 151 119 179 193 163 200 165 155 165 142 156 196
  111 103 152 139 156]
 [  0 178 160 172 107 190 102 154 153 173 187 122 159 180 178 184 169 191
  134 111 130 153 147 126 156 173 186 154 137 143 184 137 173 173 179 173
  102 162 176 127 173]
 [  0 138 184 121 187 199 157 193 143 167 198 125 199 160 173 151 160 182
  147 113 146 126 174 194 106 147 160 180 108 159 182 143 168 197 170 110
  135 142 175 155 148]
 [  0 195 159 135 132 197 174 100 106 198 120 181 106 154 182 184 116 159
  108 160 143 141 149 120 197 198 190 187 104 180 140 169 192 175 105 184
  129 135 139 121 108]
 [  0 139 125 188 175 137 177 183 165 129 110 174 159 126 150 116 163 189
  107 194 112 133 117 155 117 158 133 147 199 167 171 118 119 170 166 157
  117 169 110 114 101]
 [  0 185 119 110 142 123 143 185 156 165 123 101 132 163 163 179 144 165
  110 197 137 188 110 176 175 114 172 154 142 157 156 192 197 165 124 129
  122 195 126 117 121]
 [  0 163 178 107 182 163 170 103 115 123 196 160 180 181 141 176 100 136
  103 184 166 194 130 116 174 132 180 153 168 195 161 200 200 101 115 113
  168 196 159 133 127]]
job2fam
[[1 0 0 0 0 0 0 0 0 0 0 0 0 0 0 0 0 0 0 0 0 0 0 0 0 0 0 0 0 0 0 0 0 0 0 0
  0 0 0 0 0]
 [0 1 0 1 0 0 0 0 0 1 0 1 0 0 0 0 0 0 0 0 1 0 0 1 1 0 1 0 0 0 0 0 0 0 0 0
  0 1 0 0 0]
 [0 0 1 0 0 0 1 1 0 0 0 0 1 0 0 0 1 1 0 0 0 1 0 0 0 1 0 0 1 1 1 1 0 1 1 0
  0 0 1 0 0]
 [0 0 0 0 1 1 0 0 1 0 1 0 0 1 1 1 0 0 1 1 0 0 1 0 0 0 0 1 0 0 0 0 1 0 0 1
  1 0 0 1 1]]
unit_cost
[12 11 11 14 15 12 15 15]
pre_factor
2.0
