param: 
proc_time: (1, 100)
setup_rate: 2.0
setup_time: (60, 120)
delivery_time: (1, 100)

mach
5
job_rate
10
fam
3
setup_rate
2.0
proc_time
[[  0  37  38  21  95  70   1  54  26  93  62   1  65  64  11  49  13  71
   19  59  16   5  86  70  90  18  39  31  44  59  91  10  69  19  92  43
   19  37  22  34  23  53  67  61  30  98  14  48  70  35   8]
 [  0  70  13  63  53   9  15  99  98  67  58  11  71  81  34  56  78   8
   93  55   3  35  36  53  24  44  24  35  35  66 100  64  54  10  37  31
   16  87  98  59  41  54  72  59   7  73  21  62  85  16  51]
 [  0  65  29  37  59  93  67  95  45  90  36  62  77  91  40  54  57  63
   41  91  45   5  72  39  40  39  30  29  49  56  80  73  65  45  43  20
   84  70   6  70  77  31  47  80  62  83  34  47   6  41  89]
 [  0 100   3  34  65  43  44  74  30  17   7 100  99  87  19  31  55  50
   31  54  45  39  20   3  19  93  62  82  55  61  75  97  90  92  93  17
   43  42  66  85  48  54  42  22  29   4  79  50  55  44  53]
 [  0  81  95  50  54  77  87  67  12  99  54  58  44  12   2  59  98  32
   90  42  53  45  17  83  16  38  29   2   8  19  52  29  95  57  48  97
    9  62  20  68  71  49  59  51  18  21  16   8  86  62  28]]
setup_time
[[[  0 101  64  61]
  [  0   0 105  60]
  [  0 101   0  82]
  [  0 102  66   0]]

 [[  0 103 109  65]
  [  0   0 103  82]
  [  0  77   0 103]
  [  0  65  94   0]]

 [[  0 108  96 113]
  [  0   0 103  88]
  [  0 118   0  68]
  [  0  73 113   0]]

 [[  0 115  92  77]
  [  0   0  92  70]
  [  0  69   0 105]
  [  0  93 110   0]]

 [[  0  75  99 116]
  [  0   0  67  98]
  [  0 116   0  71]
  [  0  99 115   0]]]
delivery_time
[[  0  80   3  14  44  29  11  24  66  82  97  57  39  90  38  49  71  44
    1  59  83  29  78  96  50  79  93  13  53  90  66  66 100  97  96  48
   74  72  63  20  49   3  86  97 100   8  45  96  60  25  99]
 [  0  72  65  84  35  44  93  91   2   9  10  64  90   1  26  46  99  26
   19  67  66  80  75  84   2  23  17   4  57  13  47  71  59  97  31  76
   31  57  39  16  65  40  40  93  87  20   9   5  25  43  63]
 [  0  22  99  68   5  41  90   3  36  15   8  88  20  68  23  57  36   1
   96  41   3  91  22  64  69  63  89  92  80  45  45  28  80  16  93  91
   16  22  52  20  79  22  37  75  59  50  95  74  55   8  16]
 [  0  12  32  97  97   6  24  88   9  89  11  34  61  67  49  58  51  78
   80  99  39  36  72  65  64  91  35  11   5  64  18   8  32  87  59  24
   40  32  19  67  36  29  40  66  14  70  32  89  68  51  80]
 [  0  33  93  52  17  91  33  44  97  47  57  56   1  68  69  33  50  15
   48  80  89  76  36   7  55  81  76  18  93  15  60  12  45  17  92   5
   14  91  82  37  60  45  64  89  29  20  89   7  65  59  90]]
job2fam
[[1 0 0 0 0 0 0 0 0 0 0 0 0 0 0 0 0 0 0 0 0 0 0 0 0 0 0 0 0 0 0 0 0 0 0 0
  0 0 0 0 0 0 0 0 0 0 0 0 0 0 0]
 [0 0 0 1 0 0 0 1 0 0 0 0 1 1 0 1 1 0 0 1 0 0 0 0 1 1 1 0 0 0 1 0 0 1 1 1
  0 1 1 0 0 1 1 0 0 1 1 0 0 1 1]
 [0 1 1 0 1 1 0 0 1 0 1 1 0 0 0 0 0 1 0 0 0 1 1 1 0 0 0 1 0 0 0 0 0 0 0 0
  1 0 0 0 1 0 0 1 0 0 0 0 0 0 0]
 [0 0 0 0 0 0 1 0 0 1 0 0 0 0 1 0 0 0 1 0 1 0 0 0 0 0 0 0 1 1 0 1 1 0 0 0
  0 0 0 1 0 0 0 0 1 0 0 1 1 0 0]]
unit_cost
[12 18 17 18 11]
pre_factor
2.0
