param: 
proc_time: (1, 100)
setup_rate: 2.0
setup_time: (60, 120)
delivery_time: (1, 100)

mach
8
job_rate
5
fam
3
setup_rate
2.0
proc_time
[[  0  31  37  37  65  47   8  50  46   2  45  89  57  31  38  71  92  83
   47   7  19  33  33  75  15  50  17  35  67  58  11  88  12  12  12  24
   16  14  14  61  77]
 [  0  64  85  50  47   6  13  56  77  30  83  20  39  63  75  32   5  94
   26  52  60  24  39  77  86  77  67  97  54  55   4  86  62  76  27  13
   28  45  91  93  53]
 [  0  84  42  16  25  85  32  50  50  93  83  26   3  26  91  97  84  17
   42  34  25  30  91   2  59  76  71  80  73  97  90  77  66  50  75  96
   30  73  91  74  63]
 [  0  48   5  56  95  41  71  65  14  64  42  95  26  63  69  60  95  42
   18   4  50  44  22  52  19  23  99   6  35  72  26   9  82  98  48  69
   83  71  58  77  31]
 [  0  13  64  18  91  87  24   2  72  82  96  76   1  20  74   6  12  57
   45  73  55  34  64  76   5  14  51  66  68  40  29  56  18  32  87  99
   53   6  13 100  88]
 [  0  59  24  11  28  14  74  59  12  83  64   7  47  60  50  26  47  28
   89  27  20  93  21  73  88  39  55  13  33  20   6   5  68  57  79  72
   37  14  15  12  23]
 [  0   4  67   2 100  94  20  43  51   3  89  66  31  29  50  82  92  54
   20   9  47  54  65  19  25  32  56   9  79  55  77  88  74  74  74  57
   24  31  95  66  69]
 [  0  26  36  91  65  79  30  97  71  31  47 100  70   8  12  89  42  20
   65   5  16  50  93  51  89  70  47  29  91  54   3  66  93  63  51  44
    3  30  63  62  39]]
setup_time
[[[  0  64 120  75]
  [  0   0  67  72]
  [  0  69   0  70]
  [  0  86  81   0]]

 [[  0  85  69  65]
  [  0   0 102  74]
  [  0  69   0 116]
  [  0 100  83   0]]

 [[  0  77 115  92]
  [  0   0 113  66]
  [  0  77   0  61]
  [  0  70  88   0]]

 [[  0 106  73  62]
  [  0   0  70 106]
  [  0  63   0  76]
  [  0  95  90   0]]

 [[  0  62 116  76]
  [  0   0 107 107]
  [  0  82   0  93]
  [  0 110 113   0]]

 [[  0 103  84 116]
  [  0   0 106 119]
  [  0 117   0  88]
  [  0  60 117   0]]

 [[  0  90  63  61]
  [  0   0  98  86]
  [  0 104   0  86]
  [  0  76 102   0]]

 [[  0  85 101  63]
  [  0   0  62 102]
  [  0  98   0  68]
  [  0  81  73   0]]]
delivery_time
[[  0   2  36  57  85  73  82  39  35  98  91  44  49  12  94  79  99  33
   47  13  68  64  82  27  14  72  71  74  28  23  42  98  74  50  75  75
   51  23   7  60   8]
 [  0  92  82  18  69  87  31  41  42  47  68   4  65  30  75  79  69   7
   96   6  16  49   6  99  25  73  35  55  60  58  97  75  57  62  22  31
   26  81  11  48  98]
 [  0  86   2  65  97  79  77  50  72  58  66  46  33  85  52  82  34  22
   36  24  46  64  89  17   7   7  66  53  55  42  51  35  50  91   2  92
    7  12  41  89  89]
 [  0   1  83  88  89  18  70  42  13  85  29  31  81  29  94  91  94  50
   50  52  89  75  79  72  87  50  33  42  36  67  15   9  59  70  10  82
    4  29  69  52  38]
 [  0  98  83  16  32  57  51  45 100  77   9  62  69  65  38  39  39  70
   82  83  37  44   2  62  97  76  82  57  38  66  69  55  86  43  49  39
   96  35  18  16  21]
 [  0  48  92  49  93  71   1  45  40  62  33  25  53  20  67 100  28  48
   33  43  29  24  73  61   2  55  88  72  60  23  38   2  84  70  53  16
   99  33  19  45  48]
 [  0  80   8  58  44   5  96  82  22  20  53  78  16  95  30  69  54  92
   53  48  42  64  31  74  63   9  40  97  43  44  52  88  71  34  17  46
   46  80  46  43  22]
 [  0  34  20  65  39   7   5  42  37  63  54  65  40  39  76  63 100  20
   70  46   3  86  62  69  34  40  94  48  31  43  40  16  76  96  41  18
   16  82  52  89  36]]
job2fam
[[1 0 0 0 0 0 0 0 0 0 0 0 0 0 0 0 0 0 0 0 0 0 0 0 0 0 0 0 0 0 0 0 0 0 0 0
  0 0 0 0 0]
 [0 1 0 0 1 1 0 1 0 1 1 0 0 1 1 0 0 0 0 1 1 0 1 1 1 1 0 0 0 0 1 1 0 1 0 0
  0 0 1 0 1]
 [0 0 1 0 0 0 1 0 1 0 0 0 1 0 0 1 1 0 1 0 0 1 0 0 0 0 1 1 0 1 0 0 1 0 0 0
  0 1 0 1 0]
 [0 0 0 1 0 0 0 0 0 0 0 1 0 0 0 0 0 1 0 0 0 0 0 0 0 0 0 0 1 0 0 0 0 0 1 1
  1 0 0 0 0]]
unit_cost
[6 7 7 7 5 7 8 6]
pre_factor
2.0
