mach
5
job_rate
8
weight
[ 0  1  5 10  6  5  3  6 10  9  2  4  5  1  5  6  1  8 10  8 10  5  6  6
 10  2  5  7  6  9  8  4  8  6 10  3  4  3  7  8  5]
proc_time
[[  0 135 128 119  85  80  62  69 140  89 120  51  81  94 127 133 132  91
   80  50  76  56  56 115 123 105 128  59 104  69  56  70 137 137  83  75
   81  65 140  79 123]
 [  0  73 139 115 147 143  97 135 102  88  92  71 116  73  93 110 149 109
   55 126  58 135 131 104 121  62  56 121 114  77  92 131  59  69 145 123
   73 103  96  53  85]
 [  0 107 127  69 125  75  60 143  74 117  71  64 149 107  68  73  82  85
   76 134 130  75 126  53  97  67  59  61  61  76  85  65  63  68  65  54
  146 150  68 120 108]
 [  0 132 110 145 123  90  70  56 124  80 108  57 134 136  91  95  74  57
   59  66  85  83  70  76 122  62 127  75  51  99 115 126  80  59 143  71
   59  98 122  94 141]
 [  0  93  89 121 100 120 117 121  88 121 106 105 135 121 135 139  75  77
  134 121 104  52  64  58 127 144 136  73 121 108 147 144  75 144 149  75
  140 107  78 104  77]]
setup_time
[[[  0  62 236  35  69 209 284 268 135 179 258  40 368 316  31 350 291
   175 132 150 134  26 243 176 360 262 207 294 276 143 144 144 147  43
    91 355 374  11 308 349  29]
  [  0   0  21  45 373 189 353 358 130 215 308 212  40  98 383  79 168
   191 276 330 102 134 181 164 150 319 125 342 216 210 207 352 285 371
   224 315 275 208  30 203 303]
  [  0  63   0 199  64 200 189 363  17 323 352 143 144 104 149 126  60
   149 176 125 196 139 333 160 170 278 211 360 184  99 169  76 325 224
   242  81  39  77 260 368 304]
  [  0 132 262   0   7 387 340  80  24 218 132 227 176  53 246 226 236
   293 314 319 207 334 125 173 157 362  38 349  35 166 343  98 136 211
   392 332 105  70 268  98  46]
  [  0 337 213 185   0 182  39 254 199 143 179   7 235 205 135 181  64
   167 141 290 260  68  73 276  40 343  11 302 248  16  31 390 354  24
   348 344 340 197 237 200  78]
  [  0  59 193 204 107   0 219 273 200 141 173  17 212 150  27 120 101
    26 103  70 134 297 311 357  72  34   1 351 225 109 219 111 379 311
   379 182 313 137 308  53 114]
  [  0 343  36  68 339 242   0 351 366 356 368 172 127  54 382 110 265
   143 252  29 304  60 370 320 337 284 216 214 102 357 270 259 136 155
   283 282 298 119 200 279 343]
  [  0  30 159 272 141 350 314   0 270 218 219 206 199 382 302 125 169
    22 170 224 276 238 342 298  16  40 127  24 115 195 306 103 255 219
   226 105 111 287 224  14 197]
  [  0 105 223  73 256 355  28 168   0 171 199 109 130 375  63 121 355
   228  54 373 111 368 389  53 266 317  93 128 226 386 338 274 199 320
   309  91  22 242  82 136 213]
  [  0   4 166 372 258 347 256 224  67   0  90 314 137 392 305 281 335
   267 338 215 261 330 128 276 341 263 295 335 314 338  15 378 139 122
   271 175  79 340  74  80  73]
  [  0 106 111 310 122 389 209  45 216 267   0 190 216 106  65 283  32
   150  82 240 110 280  64 330 288 369 143  70   4  36 341 191   0 379
   227 301 103 204  66  17 175]
  [  0 175   2 251   9 257 127 282 224 146 278   0  18 228 176 245 117
   125 216 110 368 193 278  76  47  94 293  31 164 216  16 292 296   8
   190 247 208 132 184 149  39]
  [  0 247  97 255 222 159 173  20 325 195 177 100   0 388 202 368  31
   305 253 135 226 310   8   0 248 148 101 325 390 314  27 225 236 123
   356 269 224 349 112  47 353]
  [  0 370  72 319 168  60 294 359  99 294 209 302 383   0 206  48 284
   173 324 123 230 108 333 386  49 364 173 158 116 291   7 318 240 114
   385 232 381 327 322 167 366]
  [  0 317 316 244 279 253  97 178  35 109 190 289 176 342   0  68 363
   348  54 257  88  88 361 126  73 188 107 197 130 317 184 198 377 119
   280  25 235 355 162  80 307]
  [  0 262 155 197 275 296 124 216 316  88  85  62 159 256 381   0 239
   170 383 265 192  78   7   8   5 180 254 392 119 225  21 391 244 218
    80   2 147  42 382 144 196]
  [  0 150 277 190 172 302 160 242 184 188 294 187 301 342 191  28   0
    87 178 156 353 299 250  33 246 357 156 184 170  15  69 293 322 275
   198  59 328  14 264 232 378]
  [  0   1 242 278  85 128 298 262 211 362  96   9 294 145 130  58  20
     0 119 185 291  92 150 180 139   3   0  82 341 379  40 208 134 362
   127 127 176  39 199 103 106]
  [  0 369 333 277  14 222 267 326 250 386 238 386 189  71 132 147 246
   233   0 254 154 374 262 102 357 386  80 336 174 344 139 363 196 352
    17  38 214 236 361  85 282]
  [  0 277 348 278 242 120  88  61 327   1  27  83 109 149 120 236 311
    89   1   0 231  39  81  85 109 173  31 285  35  34  38 255  15  87
   116 312 157 257 245 109 264]
  [  0 176 373 381 239 355 202 147  70 257 257 197 187 353 280 170 198
   230 333  61   0  89 134 321 161 172 131  25 250 164  89 207 234  65
   254 372 172 127 349  10 160]
  [  0   8 218 110  61 290  16 153 270 380  99 116 336 317  86 219 339
   101 303 285 319   0 299 219 239 135 144 380 301 368 277 345 381 145
   367  35 107 149 377 346 212]
  [  0  40  98 281 321 390  58 136 170 218 250  55 316 133 270 366 254
   311 335 120 264  29   0 334 164 138  97 371 190 256 354 309 240 195
    67 302  27 187 381 158 156]
  [  0 246 392 368 219 132 240  50 316 186  53 147  87 280 206  41 212
    70 318 340  54 141  87   0 272 149 239  68  16 290 156  61 177 151
   258 368 355 127 211 295  97]
  [  0 125  92 266  48  71 217 366  78 227  70 159 190 369 164  32 245
   273 155  96 175 278  48 319   0  55 364 248  82 128 143 265  56 342
   279  11 150 304  63  71 145]
  [  0 277 155 344 325  58 291 271 257 285 373 224  78 140 338  32 235
   205  31 322 197  30 139 253 103   0 364 286 319 314 318 164  16   6
    47   4  75 183  99  92 382]
  [  0 343 370 248 285 292 113 118 158 271 192  46 133 143  24 120 195
    97 128 350 108  75 186 340 164 250   0 273  77 342 109  68 238 345
    28   7 191 371 127  27 370]
  [  0 384  87 327 384 209 179 116  33 121 226  27 134 355  88 185 121
   184  44 385 365 126 271  77  41 157 345   0 260   4 213  22  46  70
   377 311 375 143 108  90 275]
  [  0 336 251 209 121 215 146 369 387 160 245  95 133 273 213 119 261
   102 282 290 267 296 323 195 114  76  61 325   0   0 381 335  56 323
   357 172 181 387 142  14 284]
  [  0 220  76  68 333 240  22 329  71  18 377 149 293 273 375 215 121
    55 212 100  61  13 125 155  52 110 342  68   3   0  80 202  79  62
    48  25 241 223 254 180 103]
  [  0  18 307 342  26  64 161 192 154  19 266 228   0 157  63 173 198
   216 247 160 348 349 315 129 274 127 241 265 208  77   0 100 247  89
   338 273 226 349 156  25 298]
  [  0 149  35 236 319  61  69 295 283 331 110 282 209 299 386 309 304
   210  22 264  32 345 328 307  23 139 258 248 278  11 243   0 390 346
   388 104 190  28  46 258  37]
  [  0  33 310 375  25  69 171 242 263 327 264 384 312 192  73 391 362
    10 165 292 102 237 175 161  38 119  68  67 121 158 196 252   0 190
   338 208 267 386  75 145  31]
  [  0 247 152  75 149 132 149 370 181 311  55 320 197  69 176 262   7
   330  27 390 380 268  93  85 233 246 183 255 150 368 321  16 122   0
   161 224 238  24 141 101 311]
  [  0 218 168 142  89  84 140  22 387   6 355  58 147 257  47 192 386
   369 290 319 262   6 255 308 332 388 276 363 346 125  86  22 136  93
     0 209 214 278 316 323 114]
  [  0 129  83 198 386 308 311 222 242 152 123 183 344 172 140  16 352
   345 176 353 269 102  49  18 144 388  53 194 100 274 154 361 339  19
   304   0 377 161   0 206  90]
  [  0   9 209 147  68 378  70 258  86 233 313 126 298  72  93 145 256
   231 107 369  40 173 111   4 203  10 307 210 380 369 223 388 320 187
    90 241   0 186 136 183 164]
  [  0 247 123  39 129 120  46 220 159  70 353  95 251 162  14 368 385
   374 385 306 106 103 271 147 344   2 351 317 167 273 179 140 308 277
   279  76  34   0 377 332  85]
  [  0 292 209 328  88 256 130 183  90 300 359  37 189  22 101  32 347
    16 258  64 320 223  59 153  78 142 224 260  94 269 314  51  17 199
   262 372 343 112   0  39 240]
  [  0 211  54 196 104 264 136 241  80  98  39 362 152 293 190 249 224
   346 322 234 356 272 349  19 370 186 306 294 182 208  32  98  47 179
   207  62  71 331 100   0 139]
  [  0 121 388 278 328 126  86 297 357 279 337 164 352 242 365  14 274
   220 303  15 225  88 318 345  15   8 387 344 284  42  33  67 218  40
   361 153 203 326 252 379   0]]

 [[  0 322 381 275  57  51 271 101 103  85 132 316 358 174 157 155 143
    11 331 145  77 342  79   0 277 254 163 298 378 281 320 208 207 340
    88 225 189 283  30 354 365]
  [  0   0 119 276 216   5 379  35 170  93 221  59 343 250 198 245 122
    18 312  65 179 120 360 189 233 392 307 390 262 181 363 286 108  26
   358 319 184  27  67 285  65]
  [  0 274   0  96  43  36 277  58  10 209 341 355  88 229  97 250 113
   287 146   7 101  17 136  54 227  81 278  24 221 323 316 189 374  14
   127  23  15 107 356 115 124]
  [  0  31 264   0 295 343 123 313 284 381  80  57 302 364 279 321  87
   291 118 339  13 232 377 230 237  51 388 361 137 181 337 203 247 150
    17 318 244   5 153  98 340]
  [  0  61 115  13   0 376 268 376 161  63 137 280  11 200  56 232 213
    29  34 323 192 170  94   4 309 296   0 215 288  18  42 227 148 298
    65 325  70 311  33 222 335]
  [  0  63 111 253 265   0 372  69  87 236  14  87 315 390 148 157 103
   193 303  62  40 357 148 244 379 168 224 114  95 235 281 271 147 381
   136 182 311 183 321 186 261]
  [  0  34 149 215 159 155   0 107  18 368 270 240 168 284 110  91 372
   300 240  89 301 217 172 188 193  92 147 222 372  80  88 189 206 250
     6  35 148 139 331  32  92]
  [  0 249 274 147 231 169 164   0 137 311 322 332  95  28 288 222  15
   376 254 194  67 120  31 164  83  27 387 322 368 201 318 358 294 218
    32 142 155 187 243 361 264]
  [  0 225  96  68   4 190 195 347   0 209 233   9  31 346 242 159 338
   238 354  48 270 311 335 155 338 144  22 252 168 133 296  64  86  98
    88 146 226 286  59 205  72]
  [  0 209 367 183 114 261 195  88  17   0 118 382 206  92 247 305 363
   161 236 326  75 289 227 121 139  32 191 118 271  22 269 384  70 103
   372 167 152 253  63 349 141]
  [  0 153 329  87  87 106 245 192  56 304   0 321  46 131 220  81 174
   177 178 203 295 211 189  34  34 232 121  33 113 166 294 144 284 126
   156 354 239 237 362 348 161]
  [  0 186 244  69 357  28 374 211 366 378 125   0 206 375 348 176  85
   388 190 354 134  12 241  83 384  87 200 270 289  93 316 389 136 180
    39  65  41 376 116 101   0]
  [  0 383 251  96 293 363 106  27 314 175 329 374   0  20  60 203 134
   129  65  45   5 272 264 236 346  19 349 320 379 209 357 184 165 122
   289 379 263 388 212 122 239]
  [  0 287 346 121 248 308 163 137 197 281  16  82  42   0  33  74 346
   389 310  86 173 370 194 110 241 273 202 345 346  89 233  83 351  57
   261   5 305  76 376  93 135]
  [  0 346  22 272 195 266 222 298 143 192 262 293 357 307   0  14 353
   392   5  74 152 241 216 138 388 296 259 351 141 127  73  79  20 101
    27 365  27 196 351  96 310]
  [  0 147 263 217 364  28 353 336 250 127 267 327 332 162 122   0 141
   323 196  52 366 198 123 141  41 202  38   4  16 115 369  60 301 243
    26 349 160 291  66 115 158]
  [  0 337 178  60 162 115 199 319  93 262 211 281  61   5 136  89   0
   330 155 105 349  48  98 364   2 358 203  38 198 390  53 303  17 281
   200 171 223  92 310 356 297]
  [  0 155 207 146  53 357 154  79  58  81  94  62 269  76   2 160 135
     0 143 391 125 321 306 371 342  13 333 239 146 391 309 310  78 303
   150 101 340 129 152 139 167]
  [  0 103 367 360 262 376 348 195  19 139  80  19 101 320 335 288 251
   188   0 172 240 180  89 204 124 362 281  48 200 172 101 247 246 260
    22 293 279 181  33  60 118]
  [  0  74 139 142 356 314 104 300 266 386 250 318 122 166 343  47 328
   202 194   0 108 349 345 149 137 283   6 167 219  70  76 179 264   6
    21 102 369  68 177 188 237]
  [  0 376  91  50 195  27 142 110 175  38 122 341 145 314 331 330 117
   160 357 231   0 203  28 130 263 188 377 130  18 383  62 212 102  47
   185  63 282 211 266 149 353]
  [  0  38   4 194 183  61  27 316 149 188 329 162 109 311  14 259  11
   135  14  29  34   0 385  98 369 328 371 229 279 207 244  16 207 347
   295 284  32 346 110 138 134]
  [  0  49 127 368  23 185 376 298 286 249 331 119 252 378 192 365 152
   301 355 174 145 367   0 359  10 103 188 286 292 268  76  76 209  71
   170  84  49 212  76 212 130]
  [  0  49 112 142 365  66  71 153 235  37 390 191 186  92 251 283  69
   383 293 255 321  29  16   0   2 132 130 346 242 288  18 348 376 234
    15 141  70 328  71  26 100]
  [  0 177 167 123 375 196  40 283 105 266 358 392 163 362   5  79  62
    99 175 272 364  81 364 114   0 333 381 182 378  74 376 234 164 222
    49   8 214 239   3   0 162]
  [  0 356 269  75 309   7 185 219 212 198  98 116  78 327 156  81 171
   113  65  39 361 286 235 179  16   0 270 185 263 224  31 371 321   0
    31 129 293 132 354 163 273]
  [  0 235 353 266 234 109  56 315  17  32  40 197 142 385 351 333 191
    67 275  39 302 135 356  81  40  57   0 312 234  40 198 323 244 325
   131 117  58 373 139 128 275]
  [  0 247 357 110 386 274 154 349 103 271  19 350  23  59 281  26 139
   200 245 259 185 379 270 160 271 112 320   0  84 248 373 157   9 366
    60 204 186 266 299 166  76]
  [  0 351 301 187 136 267 152 114 304 197 124  10 149 216 234  98 305
   140 195 238 332 375  72  53 360  50 372 187   0 336 362  70  10 161
   118 186 326 102 118 281   3]
  [  0 376 252  98 367 356 362 279  66 149  41 132 153 354 220 203 341
   284  70 177  39 247 336 109 321 390 255 377 291   0 347  37  96 226
   217 226  83 263 251  63  98]
  [  0 285 235 277  80  67 167 294 209 284 205 379 318 112 101 373 185
   160 282 307 204 267 245  56  96 311 126 312  16 121   0 252  53 283
   123  84 100 366 103 322  34]
  [  0 336 285   8 300  63 196 271 134 160  67 305 293  65  22 253 242
    64 380 269 388 387 253 170 358 285 227 210 125 262 235   0 133 373
   108 271 103 306 179  37 268]
  [  0  96 315 163 346 365 343 149 347  73 347   9 168 378 301 198 266
   264 185  63  30 103 196 114 285 294 244 349  13  91 360 329   0  50
   113 203 130 143 251  37 306]
  [  0 231  50 150  65 192 222  85 127 359 218 224  76  90 271 352  38
   357 157  88  96   4 248 197 318 169 341  77 140 278  25 270 280   0
   290 363 278  23  94 279 103]
  [  0 260 320 140  37 333   5 192  48  34 317 164 269 332  66  23 111
   275  61 192  61  40 167  40 384 206 273 115 182 265 215 338 160  69
     0 319 217 211 321  63 341]
  [  0  92 292 378 145  77 226 225  47 136 215 185 147 149 235 346 240
     6 213 301 200 124 161 259 316 297 368 368  77  73  30  24 228 175
   201   0  27 338 153 310 230]
  [  0  14 202 144 148  27 246  61 264  37 241 208 372 237 158 380 371
    69 259 133 383 181   9   4  80 282 267  20 151  84 109 114  19 372
    32 340   0 249  38 273 329]
  [  0 377 228 199 277  69 178 122 106 303 298 275  50 297 193  82 293
   128 354 267  98 146   1  33 255 305 248 142  52 385  89 373 162 369
   345 183 253   0 121  83 262]
  [  0  58 284 337  27 385  91 311 154 233 255 154 385 186 361 332 137
   280 111 356 289 267 373 213 368 361 218 176 233 176 163 208 157 296
   240   0 152 200   0 337 256]
  [  0 339 355 303 350 138 191 363 293 326 368 270  12 282  68 130 151
   378 118 157 264 251 279  70  44 260  72 181 306  41   7 213 211 172
   302 344 153 190 360   0  67]
  [  0 110  99  71 305 363 364 141 333 213 234 171 255 123 386 325  88
   202 198 277 214  84 247  65 347 133 179  28  15 128 386 290 136 290
   154 163 314 378 389 215   0]]

 [[  0 201 106 392 124 189 262 361 160 108  96  75 381 210 219 249 226
    71 232 228 242  84 123 270 308  35 307  76  17 221 121  29 270 204
   105 165 101 248 114  93 183]
  [  0   0  24  65 367 212 392 236 347 351   1  74 221 147 212 290 287
   106 277  70 253 122 298 220   4 130  71  35  24 213 350  86 150 340
   116 315  33  48 245  43 162]
  [  0  70   0  13 141 330 127 215 164 189  52  18 270  84 190 146  85
   212 230 149 139 266   0 200  56 145 337 174 280 338 322 132 272 205
   103  28 137 367 283 310 282]
  [  0  41 239   0 261  61 264 286 279 108  43 146 269 231 161 353 129
    86 194 240 321 235 361 379  33 245 174 174  73 309 154 151 367 310
    12 313 323 351 196 384 161]
  [  0 239 222 190   0 324 290 289  10 289  28 102 350 365 253 390 147
   197 153 233 337 242 196 140 130  12 181 240 273 120  81 370   5  81
    38 377 143  74  46 181 209]
  [  0 108  29 268 227   0  99  80  83  32   9 116 233 227 118 134 199
   387 325  27 386 147 249 270 349 331 284 318 196  13 306 240 369 347
   259 270 216 383  72 185 353]
  [  0  53 261 287 359 314   0 343 363 143  56 169 195  38 219 163 338
   387 277 374  33 351  28  55  65 294 274 150   9 168  99 190 225 110
   122 342 145 363  49  15 341]
  [  0 228  84 327 141  50 136   0 222 148 197 158 364 343  81 287 263
   312 186  14 282 167 205  55 155 261 360  10 289 372 284  70 298 209
   229 122 328 375 290 337 190]
  [  0 258 355 248 242 119 262  23   0  39 297 350  40 266 149 139 104
   376   2 340 237 105 349 207   0  48  93 343 132 296  30 175  83  36
   286 282 345  25 200 275 182]
  [  0 389 146  94 257 170 274 157 157   0  65 310 145  98 237  48  26
   241  67 288 355 387 159 243 141 389 253 155 296  17 369 157  71 272
   330 115  90 255 188 289 304]
  [  0 370 271 286 305 227  96 251 202 286   0 214 155 376 370 191 136
   325 222 137 135  82 129 133  22  53 122 160 163 203  30 360 359 236
   300 248  16  98 366 359  43]
  [  0 314  24 234 374 213 174 170 213  96  90   0 270 203 358 216 268
   284 341 253  60  55  94 121 298 301 165 276  30 225  89 147 390 129
   148 234 382 348 160 380 347]
  [  0 243  10 207 247 265 115  10 389 157  78 299   0 186 128 114 197
   200  31 343 185 150  34 165 252 352   1 307   0 207 281  57 310  55
   148 264 331 350 332 310 259]
  [  0 365 138  14 367 184  48 366  45 220 254 387 228   0 240 155 384
   366  84 391 173 121 345 380 329  52 187 390 295 131  24 215 330  52
   171 197 286  64 101   7 332]
  [  0 246  70   9 141  75  91 111 147 112 211 271  98 355   0 328 230
   191   5 128 330 183  95  29 380 372  82 217 181 333 289 217 172 377
   219 274 101 383   6  22 356]
  [  0 327 112 224 389 174 269 265 335 322 390  87 236 265 385   0 122
    29  46 346 186 227  67 278 248 233 241  66 207 286 246 197 138 150
   371  83   7 357 150 368 372]
  [  0 384 270 275   6  87  13  51  96  11  30  19 129 317  80  92   0
   337 233 249 257 248 243 261 374  55 333 210 305 205 112  61 106 385
    34 134 232   8 331  90 185]
  [  0 208 375 312 155 346  90 284  93  28 193 359 189 116 309  54 105
     0  45  75  22  28 354 279  30 281 125 226  13 170 115 180 105 357
   295 162  36  40 327 158 390]
  [  0  41 209  74 225 102 303 138 366  85 307 322 141 129 124 296 172
   129   0  85 267 137 364 113 247   4 366 161 285 376 353 190 277  95
   248 390 340   1 110 268 253]
  [  0 153  43 214 204  76 376  30 142  96 174 296  62  83 384 271 164
   182 176   0 323 277 280  52  11  26   6 104  90 147 183 261  68  39
   231 117 115 111 142 136  59]
  [  0   6 333 232 260 344 152 194 262 291 287 156 101 265 106 361 341
   286 147 301   0 255  28 367 170 162 321 313 243  91 211 302 151 260
    60 246 281 360 364 374 329]
  [  0 377 198 175 363 199 122  32 127  52 304  77 172 332  24 306 326
   186 174  49  44   0 280 390 334 211 156 197 321 240 128  87 307 308
   113 320 391 196  94 219 355]
  [  0  50 208 146 320 276 138 108 355 264  64 270 305 260 386 245 247
    57 265 216 331 235   0 362 387  45 292 391  50  97 311 258  73 116
   350 363 307  14 160 257 183]
  [  0  73  51 285  48 229 225 320 254 239  53 155  34 261 266 190 379
   168 248   6 382  18 321   0 195 379 345 390 258 332 334 177 165  31
    69  52 380 258 156 291   4]
  [  0 232 338 231  23 373  87 207 360 125  41 306 135 159  68 379 232
   249 180 325 170 300 343 238   0  38  14 112 266 304 383 211  40  12
    16 304 346 326 357 156 293]
  [  0 345 295 173 281 232 272 263 275 238 391 123 212 233  53 180   4
    22  37  73  66  41 370 294  42   0 158 146  16 357 161 283  55 344
   122 317  42 235 387 318 360]
  [  0 375 316 307 237 262 114 173  38  91   6 111 260 266 374  41 348
   192  50 127 367 209 316  18 261 153   0 296 266 339 271 111 337  38
   284 297 151 295 243 247  68]
  [  0 306 305 110  21  19 126 165   7 212 286  65 137 144 247  32  41
   233 324 255 203  39 156 392 294 337  95   0 209 152  24  80 121 350
   179 185 167 179 283  55 277]
  [  0 197 313 225  81  57 233 201 284  21  47  84  95 300  24 164  25
   175 173 230 130 242 190 304  35 341 132 188   0 226 381 165 330  54
   322 167  27  13 372 267 378]
  [  0  14 109   0 132  61 118  66  76 202 361  27 374 268 391 267  60
   256 215 318  69 330 171 290  30 108 156   9  44   0 276 352  27 121
   140 295 384 144 283  84  89]
  [  0 364 178 184 202 273 374 246   5 251 197 368 352 283 132 129  20
   265 193 158 284 132 291 213   3 353 392 182 200 171   0  77 255 334
    90  45 145 126  20  94 223]
  [  0  64   8  53 278 161 388 252 353  92 213  74 165 282 184  58 335
   184 141  37 167 161  93  55 363 181 293 165 352  49   2   0 358 169
   248  32 365 232 114 322 276]
  [  0 293  66 328 331 118 390 216  86 197 127 293 321  41 229  72   7
   340  84 262 276  99 381  29 185  39 156  72  36  21 211 241   0  19
   203 308 177 338  72  87 202]
  [  0  31 353  48 223 279 115 355 181 239 328 258 224 390 289 293 353
   241 134 311 337  65  34 159  41 111  85  22  42  78 367 115 217   0
   223 318 146 307 233 198 275]
  [  0 357 282 259 370 342 322 300 128  16 106   6  65  13 193 367 238
   362 157 150 133 345 164 211 261  67 375  80 303 206 250 172 186 129
     0 102 283 176 359 303  58]
  [  0 355  54 137 339  10  41  95 312  98 216 327 292 136 105 322 383
   336 289 224  84 108 351 264 111 370 179  40 169  44  68  22 133 348
   338   0   7 388 369 324 210]
  [  0 249  16 351 228  87 224 251 303 346  20  85 212 201 210 117  68
    45   8 313 246 213 208 104 100 168 390  33  20 373  31 233  24 135
   323 152   0  66 257 150 126]
  [  0 155 288  74 339  62  24 354 338 236 251 127 203  30 112 145 100
   364  56 304 184 145  41 380 183 191 195 352 110 294 260  56  44 368
   316  46  33   0  71 319 173]
  [  0 325 206 387  97 127 265 206  84  25 342 284 163 292 368  40 193
   311 190 201  24 377 357 315 118 188   3 279  24 124 253 145 390 361
   121 331  83 226   0  46  25]
  [  0  14 274 292 276 327 156 392 240  37 268 102 184 205 367 175  30
   164  39 299 212  99 298 114 210  96  68 245  66  80  36  97 391 241
   203  60  53  64  83   0 269]
  [  0 154  18   9  32 278 148 149 366  10 236 305  34 233 375   9 384
    94  10 144 146 308 379 263 192  71 260  79 119  73 150 348 322 347
   378 342 266 253 208 313   0]]

 [[  0 311   3 328 367 177  37 335 322  83 182  64  55  88 362  89   2
   335  39 283 230 266 195 252 183 213 348 253 355  81 315 177 192  13
    99 334 323 120 130 335 239]
  [  0   0 305 128 341 314 192 128 276 203 279 165 102 371 192 223  81
   299 302 203 133  97 110 105 216 156  94 185 113 270 382 311  89  82
   266 262 276  13 217  89 272]
  [  0  43   0 114 343  86 170   4  59 362 129  69 159  11 101 133  13
   212 196  39 200 340 179  77 345  64 123 235 225 209 130 331 365  91
    12 291  61 248 298  19 268]
  [  0 122 306   0  71 158 292 196 329 330 241 334 161 115  68 165 156
   166 377 171  96  96 373  70 379 174 217 134 249  21  98 155 285 382
   338 128  94   7 283 183 379]
  [  0 329 162 115   0 297 280 358 200 273 240 358   3 340  96  60 243
   384 340 178  89 281 137 267 366 208 105 352 215  63 149 133 208 217
   301 239 240 340 289  74 372]
  [  0 274   3 260 115   0  62  35   6 270 192  77 204 225 129 140 235
   268 308 181 296 218 236 216 334 260 320 365 215  40  29   3 169 122
   155  19 299 364 115 302   3]
  [  0 156 222  33 268 161   0 250  74  57 159 359  26 157 285 334 312
    50 293 223 327 236  88 100 202 149 148  56 184  20 135 139 121 264
   123 340 298  71 146 160 359]
  [  0 169 179 342 175 321 292   0 286  55 110 165 323 131 310 325 227
   385 330 356 224 120  64  24 324 129 198 270  49 105 126 130 380  13
    56 349  35  23 272 107  14]
  [  0 325 230 163 351  56 380 163   0   7 359  82  47 229 284  38 353
    80  17 145  96 180 334  34 233 380  47 303  51 146 314 383 139 239
   119 247 229 219 280  35 391]
  [  0 203  61  70  94 355  12 220 312   0 326  80 360 158  41 152  86
   327 140 344 219 276 271 105  49 119  38 278 379 313 363 265 107 280
    39 248 140 361  12  44 259]
  [  0 293 227  20 244 381 260 182 382 160   0 390  31 372 138 353  94
    20  23  14 257 146  54 250 246 175 126 201 238 311 382 220  58 311
   109 123 155 179 382 315 216]
  [  0 175 266 152 363  82 238  70 159 195 195   0 269 378 120 314 349
   171  88 291 313 392 282   5 193 340 293  70 264  96 151  88  66 172
   167 190  64 141  18  26  59]
  [  0 182 317 147 170  22  83   2 222  77 287 328   0  92 219 300  11
   126  17 238  36 283 340 363   1 176 145 290 166  83 268 132 316 259
   317 297 292 195  60  52 247]
  [  0 188 286 383 231 170  63 245 353  89 201 325 108   0 307 104 335
    39 215 157 236  95 244  80  36 237 297 360 277  62  61 255 203 212
   161 152 273 273 128 347   7]
  [  0 171 103  45 170 256 325  45 168 142   9 203 375 103   0  55  40
    57 264 315 275  86  99 379  33 285  78 250 269 234 255   9   2  40
    75 365 236 360   1 372 161]
  [  0 134 389 279 246 258 192 245 144 105 184 200 290  19 162   0   9
    28 133 265 301 375 388  93 158 346 289   9 143 382 125 329 286  55
   346 257 317 368 137  56   0]
  [  0 166 157 163 136  60  82  44 341 207 172  35  31 346 150 350   0
    14 192 124 250  84 361 375 268 191 185  57 384 148 156  94  93 289
   140 200 213  42 264 327 194]
  [  0   9 336 289 217 150  96 238  26 205 337 205 267 198 205 220 106
     0  23 295 336  89 283 391  11 154  54 282 112 111  39  33  72  46
   101 345 314 357 247 180 296]
  [  0 321 266 114  33 171  88 108 362  25 267 320 339 359 193  67 198
   132   0 299  12 193 272 335 360  43  82 110   1 378 328  64  80 343
   173 285 227  60 241  38 141]
  [  0 129 347 270 272   9 290 177  94 184  43 232  49 327 325 388 283
   183  38   0 222 361 329  73 363 304   1 320 389 295  56 234 123  47
   384 346 278 333 144 251 307]
  [  0 320 373 257  71  95  36   8 218  27 332  24 151 243 266 324 182
   279 122 171   0 218  72  91 310 303 366 164 122 342 259 118 152 158
   166  39 117 381 217 115 120]
  [  0 194 199  36 197 151 137 336 385 347 146 217 298 317  65 166  62
   279 373 207 142   0 348 335  10 328 249  46 237 159 384  92 138 262
   192   9 170  67  99 185 210]
  [  0 207 116 306 226 342  54 349  72 391 118 143 367 242 170 233 148
   219 168 124 225 218   0 196 305 349 263 167 201 328  32 384 266 228
   385 138  18 171  98  83 360]
  [  0 378 388 130   5   4 108 323 146 182 157  40   9 271 264 363  66
   353 303  73  31 205  38   0 160 356 161 214 305  99 362  56 166  43
    27 243 305  82 262  13 299]
  [  0 255  64 123  37 147 380 247  73 207 333 115 369  77  35 222 314
   122  74 291  22 257 300 107   0 266 284 333 312   4  85 387  43 207
   160 346 296 175 130 208 259]
  [  0 125  67 135  72 182 341 315 285  64  99 299 314 381 285   9  12
   340 231  95 277 275  11 286 304   0 326 387 128 237 387 132 183 210
   351  58 366 356  13  58 301]
  [  0 351 224 225 357  29 315  80 138 264 312 307  82 251  22 148 378
    52 181 197  44 281 378  74 196 253   0 241  48 248 267  57 385   5
   128 102 230  32 347 268  91]
  [  0 201   2 245  70  24  49  39 149 289 261 200 138 106 342 392 362
   175 161 290 279 209  61   5  84  69  28   0 303 345 207 212 160 190
    20 196 282 372   1 167  90]
  [  0 211 376 220 223 238 218  22  31 365 184  95 307 385 353 208 165
   302 136 341  32 153  64   5 151 130 324 279   0 334   6 368 382 298
   153 159  46 151 112 249 138]
  [  0 375 147  51 292 173 369 181 155  52 184 149 194 372 301 202  78
   171 285  18  91 281  69 125 324  63 136 347 148   0  70  56  60 308
   240 226 252 352  73 232 163]
  [  0 202  48 374  83 335 318 173 308 198 159 386 259 216 353 371  75
   182  20  11 237 290 226 365 284 195 142 377 311  23   0 388  96 105
    60 181   9 381  41  78 330]
  [  0   9 164 169 312 334 361 180 259 290   9 237 104 166  59  74 230
   126 309 190 139  65 174 353  94 307 124  68  82 164 287   0 115  14
    39 391  74  95 317 150 364]
  [  0  59 368  32 158  24  85  20  34 298  74  52 144 389  55 141 194
   372 204 373  52 180 364   0 181 164   9 292 363 258 105  25   0 280
   287  38  22 196 315 361 381]
  [  0 252 271 341 361 133 245   0 160 198 297 205 317 282 184 311 239
   120 385 276 115 191 308 111   2 336  14 132  16  40 187  31 186   0
   235 250 355 269 120 260 197]
  [  0  23 304 275 375 344  85 381  49  95 361 346 113 377  25 253  65
   376 259 127 282 116 231 388  15  44 364  90 133 355   1  51 111  47
     0 198 182  55 369  83 105]
  [  0 291 204 302 273 208 289 363 164 172 150 100 340 274 243 110 383
    43  19 391 233 192  49 323 303 144 323 322 381 365 153 309 328 212
   173   0 202 138 101 268 284]
  [  0 285 234 283 143 196 172 307 153 224 336  37  34 368  78  25 392
   166 263 216 274  50 309   0 346 247  41  73 151 216 265 188  95 180
   228 329   0 281 265  14 279]
  [  0 262 330 111  31 362 115  79  65 110 272 309 228 304  39 257 102
   141 249  21 374  66 169 304  80  55 177 344 118 389 132 295  52  20
    37 204   8   0 284 117 368]
  [  0 242 130   7 182 372 344 372 154 122 385 300  85 199 190  99 248
   142 259  79 193 206 360 367  55 376   1 269 136 114  85 366 136 235
   268 145 204  81   0 348  96]
  [  0 173 323 272 185 328 218  38 100 102 208 146 223 385 249 351 129
   331 122 108 303  79 331   2 158 295 185 191  91 392 369 366  83 197
   179  33  63 310 175   0  90]
  [  0 247 379 381 283  94 122 174 321  37  19 198 267  69 274 379 285
   187 144 135 195  68 166 136 224 181  12 306 215 222 192  16 190 124
   181 290 178 332  17 352   0]]

 [[  0 180 225 254 229  86 390 353 391  27 139 307 127 305 191  58 183
    33  62  30 368  11  46  47 251  37 349 382   5 263   0 196  68 295
   239 106 279 218 295 193 287]
  [  0   0 346  46 256  31 249 116 135 232 279 385 235 344 296 214 126
   171 156 343 195 305 381  56 361 231 107 283  85 225 289 114 214 125
   250  57  42 357  67 164 145]
  [  0 186   0 289  73 363 157 267 111  35 386  40  71 166 392 136  54
    12 132  39 151  88 179 334 358  96 147 283 129 314 378 206 295  31
   118 325  82 273 378  79 256]
  [  0 229  38   0 357 208 191 153 150 354 322 138 329 341 267 158 179
   111 240 231 277 321 183  42 304 192  43 221 151  56 250 128 143  40
   257 255 353  67  73 129 372]
  [  0 268 310 110   0 236  10 141 217 350  56 242 153 151  85 258 161
   221 208 342 250 355  53  49  48  40 140 137  69 306  80 374 283 168
   235 259 301  17 286  84  29]
  [  0 115 352  18 118   0  36  18 188 148  16  25 126 226  95 388 360
   159  44 303 131  75 100  40  84 261  92 147 335 103 187  94  11 210
   342 381 155 245 191 145 277]
  [  0 261 362 262 159 139   0 335 365 144 234 337 215 314  61 370 174
   219 277 191 109 136 336 123  19  85 373 283  74 182 132 238 190 229
   368 175  22 265  16 202 287]
  [  0 355 308 215 260 346 268   0 218 242   8  30  88  88 248  77 184
   289 260  10 209 207 213 132  71 121  72 351 202 384 150  39 292 284
    48  21  19 262 216 208 134]
  [  0 105 381  18 279  68 103  58   0  84 145 152 208 355 113  22 178
    77 347 121 268 199 281 274  41 341 333 150  41 204 159 377  47 340
   351 333 389 242 378 170 305]
  [  0   2 227 344  18 284 310  18  21   0 301 183 363 251  40 389  95
   327 140  46 166  30  14  53 127 108  86 191 344 225 386 171 367 208
   285   9 318 322  58 327 217]
  [  0 250 237 210  94 230  41 185 111 135   0   1  95 297 389  87 285
   384 258 118 178  23 131  87 266  77 364 157 188  93 261 218 185 244
   143 285 301 181 314  17 363]
  [  0 203 146 334 114   8  89 245 333 373 332   0 206  77 153 154 131
   204 332 351 246 276 361 281 139  75 125 196 264  80  11 253  43 156
   360 256 355  90 149 322 348]
  [  0 200 316 369 252 360 175 392 120 104 268 289   0 282 290 313 247
   309 350 241  47 273 274 264 149  63 316 126 261 390  57 241  61  54
   171 178 298 315 155 358 210]
  [  0 378 204 337 344  53 279 294 217 273 320 228  17   0 209  95 264
   150 338 360 280 258 311 340 202 370 311 109 213  18 377 332 300 351
   373 145 353 178 148 169 153]
  [  0 127 344 302 284 330 270 314 247 257 230 347 274 369   0 253  32
    82 257 225 229 334 318 246 227 211 210 174 215 258  41 108  52 304
    91 289  95 261 362 201  61]
  [  0 384 211   5 150 386 198 288 382  66   7  40 286 224 361   0 377
   201 357 308 117  50 107  39 158  82 179 304  37  84 220 298 181  59
   189  33  20 250 294 272 225]
  [  0 231 112 336 322  90  62  71   5  98 293   9 218 209  97 249   0
   148 368 158  18 109  73 309 229 360 303 191 166 164  64 226  39 111
   215 226 387  56 378 193 173]
  [  0  72 113  61 206  75 321 213  50 129  35 297 314  33  44  86 207
     0 157 384 237  28 157 257   2 239 151 171 304 357 279  94  23 281
   333 385 132 283 261 355 159]
  [  0 251 144  74 391 206 175  85 294 256 379 297 148  59 119 370 379
    72   0 197 229 282  44 340 273 231 386 115 115  66 103  36  12 107
   276 159 252  58  47 174  45]
  [  0 116 240 374 297 201  93  26 210 278  92 134 291  17 249 180 261
   348  24   0 222 212 317   6 221  47 379 295 318 291 385 134 340  12
    67  64 368 377 340 321 157]
  [  0 103  70 281  29 319  18 305  69 125  52 300 257 358 182 223  91
     1 222 247   0  31 270  34 211 357 238 361   1 149  31 340 310 366
   115  88 211 132 127 223 216]
  [  0 291 152 316 320 182 103 134 342 260 279 273 271 156   7 165   9
   188 239 318 336   0 334 192  33  63 391  33 149 198 338  51   8 197
   355 388  55  45 312 254 223]
  [  0 173  89 188 270  19  27 135 161 282 346 128 286 118  65 321 326
   366  50 383 271 317   0 237 321 194 366 144 138 113 137 212 266  38
   317  29 381 155  48 149 311]
  [  0 292  81 103  39 127 353 287 293 252  86 360 315 256   3 246 348
   261  15 121 282 101  20   0 315 177 336  68 111 127 150 285  72 137
   269 176 264 229 249 190 184]
  [  0  27  52 339  71 347  60 230  13 171 131 235 153  21 120  19 304
   387  38 198 176 361 202 149   0 367 360 310 156  77 269 269  65 335
   296 310 159 314 178 269 322]
  [  0 157 163 315  75 281 144 166 115 338 246 381  64 223 355 328 147
   352 230 263 301 110 106 243 143   0 294 141 168 145 213 187  78 230
   392  59 313 333 383 322 347]
  [  0  32 318  24 135  48  41 141 372 216  52 281  23  27 326   4 367
    98 174 175  20  73 352 230 165  84   0 226 266  53 139  91 128 168
   299  45 351 367 129  67 377]
  [  0 100 232 254 290 271 382  87 180 173 392  26 347  47 136 156 300
   240 209 383 357 268 158 274 154 361  11   0 118 165  27 364 153 320
   274  68 364  69 327  14  66]
  [  0 272  28  47 179  44 180 123 248 223 216 219  45 197 264  40 350
     8   4 278 171 234 106  84  70 329 267 224   0   0  31 348 366 189
   332 118 377 117 141 334 103]
  [  0  94 341  31 349 293 255 192 166 209 338  59  69 175  42 172 307
   102  36 258  96 268 233 155 378  56  29  37 366   0  11 300 110 391
   241  57 372 152 341 137 150]
  [  0 206 190 239  43  69 229  59 319 215 224 239 293 143 285 385   1
   296  72  24 118 302 372  43  70 237 282  98 213   5   0 170 328 157
   240 362 290  97 270 215 336]
  [  0 180 100 222 384 180 272 379 249   1 286 319 320 164 384 173 273
   344 297 257  68 105 267 169 305  99  11  87 160 210 189   0 303 259
   353 382  24 353  94 267 387]
  [  0 257 266 298 120 330 195 311 168 316 248 308  27  45  16  18 302
   370 130 241 176 217 383 361 274 269 223  93 236  46 319 128   0 133
   172 216  74   0 390 199 145]
  [  0 239 187 129  78 184 200 234  71 244 228 146 363   8 155 215  66
   297 286  62  38 293  88 379 257  23 225 287 360  95 261 353  23   0
   350 299 267 238   9 303 388]
  [  0 197 120  34  81  83 251 133 101 165 183 204   7 234  33 350 134
   244 286 206 286 188 298  18 387 343 247 309 268 173 310 244 305  12
     0  38 118 239 352 203 334]
  [  0  17 212  68 115 195 146  31 357 295  92  43  37 201 341  68  74
   186 316 240 323 280 366 166 366  84 392 304 304 127 225   7 133 142
   222   0 387 352 119 332  67]
  [  0 318 237 107 250 136 373 248 257 265 292   9  47 135  73 115 207
    14 247 264  84 245 322 377   5 124 113 359  14 181 131  31 210 344
    29 236   0 165 188 208 148]
  [  0 367 340 303   8 297 223  42 352 211 162 261 173 219 268  49 139
   151 349 103 356   9  82 109 110 148 324 299 148 210  82  34 218 293
   279 104  99   0  90 181   0]
  [  0 362  14 383 151  57 374  69  53 372 114 293 389 335 339 113 345
    17 143 388 206   7 113 153 187 372 294 284 132  68 290  25 111 111
    75  79 347 275   0 221 228]
  [  0 338 267 337 278 326 380 312 339 327 333 181 165 179 227 389  76
   199 252 111 326 123  72 102  46 196 150 341 155 384 201  87 341 214
   179 290  42 161 327   0  96]
  [  0 300 368 192 300 131 310 125 311  90 207 137 314  55  87  55 349
   150 120  17 321 209 370 312 392 376  25  26   3  82 169 271 352 145
    31  69 113 217 386  72   0]]]
release_time
[  0 534 551 120 686 303 595  44 603 828 520 685 538 385 715 513  76 246
 312  78 327 749 152 752  76 663  31 687 372 652 701 672  73 107 449 237
 598 242 246 284 416]
due_date
[  0 774 883 935 849 898 907 740 769 925 918 921 878 872 874 885 725 867
 905 865 843 917 847 922 641 673 857 892 821 855 866 895 895 685 845 887
 707 656 691 905 783]
unit_emission
[12 15  8 16  9]
emission_limit
26662.6
setup_severity
2.0
due_tight
0.3
due_range
0.25
release_tight
10
degree_constr
0.2
