mach
5
job_rate
8
weight
[ 0  4  9  4  5  6  4 10  6  7  1  3  4  1  9 10  8  5  5  5  2  8  3  8
 10  9  2  8  5  6  1  9 10  1 10  9  6  4  4  6  1]
proc_time
[[  0 110  90 101 107  98 104  75 144 135  57 149  96 122  97 106 131  81
   58 119 113  69 120  99  78 138 136 135 119  68 103  66 123  55  84  72
  147  78  98  52  79]
 [  0 133  59 100  84 136 130 130  74 125  60  63  73 125  56 100 131 120
  117  60  58 125  69  74 123 100  71  79 143  54  89  54  56  57  55 111
   86 119  62  51 140]
 [  0 141 118 146  99 147 131 111  50 132  94 110 120  86 130 122  58 126
   62 106 127 135  73 140  88  78 133  75 123 147 111  96  97  93  85 100
  149  72  50  91  83]
 [  0 124  90  56 142 105 121  74  75 100 148  53  57 145  85 108  54  65
   89  99 102 123 120  57  57  91 128  77  72 119  93 121  82 108  80  71
  111 145  71  82 145]
 [  0 113  61 139 138 143 101  63  59  65  89  96 138 142  76  53 104  78
  128  63 142  85  50 103  50  71  85  61 145  54  63 105 118 149 114 146
   77 148 139  52  94]]
setup_time
[[[0 3 0 3 2 1 0 0 0 4 3 3 3 4 3 4 3 0 4 1 0 0 0 4 1 0 3 3 4 3 4 0 3 4 2
   0 3 3 0 3 3]
  [0 0 3 1 1 3 1 1 0 0 1 2 4 3 4 1 0 1 0 4 3 3 3 4 1 4 4 4 3 0 1 3 0 3 3
   3 2 1 0 3 0]
  [0 0 0 4 3 0 2 0 0 3 1 2 4 2 1 3 2 1 4 4 1 1 0 4 0 3 0 1 3 0 0 1 4 4 1
   4 2 0 1 3 1]
  [0 3 1 0 1 1 4 0 3 2 0 3 0 1 2 0 4 4 1 4 3 1 1 3 4 1 4 3 3 0 2 3 1 0 3
   2 0 1 1 4 2]
  [0 1 0 1 0 1 1 1 3 4 0 0 4 4 4 0 1 4 2 0 1 0 3 0 1 1 2 3 2 0 0 3 2 3 4
   3 4 3 4 4 0]
  [0 3 3 2 0 0 3 1 4 4 1 2 2 2 2 1 3 3 2 1 0 3 1 0 3 3 2 0 0 4 2 1 0 0 1
   1 4 2 0 4 2]
  [0 2 0 3 3 3 0 3 0 1 3 3 2 4 3 0 0 1 1 2 2 4 1 0 4 1 0 0 4 3 3 2 0 1 4
   1 3 3 4 3 3]
  [0 1 4 2 0 2 4 0 1 2 2 3 1 0 4 0 4 3 0 0 2 0 0 0 4 2 1 3 0 2 3 2 4 0 3
   2 0 0 0 0 3]
  [0 3 1 0 3 0 3 3 0 4 4 4 3 1 0 2 1 1 1 4 3 1 4 0 4 2 0 4 0 2 4 3 1 1 4
   2 2 4 3 2 0]
  [0 0 4 3 3 4 3 1 0 0 0 0 2 0 0 1 2 3 1 0 2 2 4 0 2 4 1 0 3 0 4 2 2 0 0
   0 2 2 1 1 0]
  [0 1 0 2 0 4 3 1 0 2 0 0 1 2 1 2 1 1 2 0 4 3 2 0 2 4 2 3 1 4 0 4 1 3 1
   4 1 1 1 3 2]
  [0 4 4 1 1 1 3 0 2 1 0 0 1 1 3 0 4 2 2 3 1 4 1 0 3 4 0 2 2 3 2 1 2 1 1
   0 4 4 2 2 3]
  [0 2 2 4 3 4 3 3 2 0 2 2 0 2 2 4 4 4 1 2 0 0 4 1 0 2 2 2 2 0 0 0 2 0 1
   1 0 0 3 0 2]
  [0 4 4 0 4 4 0 0 3 3 4 1 4 0 0 1 1 1 2 1 3 2 0 0 1 1 0 2 1 4 0 1 0 1 2
   4 2 4 0 4 2]
  [0 2 3 0 1 0 2 1 1 3 2 1 2 1 0 0 0 0 4 1 3 0 2 4 1 3 4 1 1 3 0 1 2 3 3
   4 4 2 4 2 4]
  [0 4 1 2 1 3 2 3 2 4 4 3 1 2 0 0 2 4 2 3 3 4 2 3 4 2 2 3 2 0 1 4 0 2 0
   1 1 0 4 4 2]
  [0 0 1 0 0 3 4 4 0 4 0 3 1 2 1 1 0 4 0 4 4 4 0 4 0 0 3 4 4 1 2 3 0 3 1
   1 2 1 1 2 0]
  [0 0 2 1 0 0 3 2 4 1 3 0 4 3 2 4 3 0 1 1 2 4 3 0 4 0 0 2 2 4 2 4 3 4 0
   0 4 4 1 4 0]
  [0 4 1 1 4 3 3 3 3 0 2 1 2 4 2 1 3 3 0 0 1 4 4 1 3 0 2 4 3 4 0 0 0 1 1
   3 2 0 0 0 0]
  [0 1 1 0 3 1 4 2 2 2 2 2 0 1 3 2 0 4 1 0 2 0 2 2 1 1 4 1 1 0 2 4 4 0 4
   2 4 1 3 2 4]
  [0 1 1 4 3 3 0 3 0 3 0 0 4 2 3 0 2 1 1 4 0 0 3 3 0 4 1 0 2 3 2 3 1 3 0
   3 4 3 4 0 3]
  [0 3 0 2 2 2 2 1 2 3 1 1 4 0 2 1 2 4 2 0 1 0 0 0 4 1 0 1 3 2 1 0 1 2 2
   0 2 3 4 4 0]
  [0 1 2 4 1 2 1 4 3 2 3 3 1 2 1 2 0 4 2 1 4 3 0 3 3 4 2 1 1 3 2 1 0 2 0
   4 3 2 3 1 3]
  [0 0 0 4 3 3 2 3 0 4 4 2 0 0 3 4 0 4 2 1 3 3 2 0 0 0 1 2 2 4 0 1 1 1 4
   1 1 4 0 0 4]
  [0 2 4 0 4 2 4 3 0 0 3 0 4 3 0 3 0 3 1 3 1 0 3 3 0 2 0 0 0 3 3 1 3 2 0
   0 4 2 3 0 2]
  [0 1 3 4 4 0 4 0 0 0 3 0 1 1 1 1 0 2 1 3 2 2 3 2 3 0 0 4 4 1 1 2 2 3 1
   1 1 3 2 4 4]
  [0 3 1 3 0 1 1 0 4 2 2 3 2 2 4 1 3 4 3 1 4 1 4 1 3 1 0 0 0 3 0 2 0 1 4
   2 1 2 0 3 3]
  [0 3 1 4 4 3 2 4 4 0 2 3 2 4 0 3 3 2 4 2 0 3 1 2 3 2 1 0 3 0 4 0 1 3 3
   3 3 1 3 0 4]
  [0 3 3 3 3 0 0 0 4 2 1 0 1 4 1 3 3 1 2 2 4 4 4 3 4 1 2 0 0 4 2 4 3 0 3
   0 2 2 1 1 2]
  [0 2 4 2 0 4 0 0 3 4 3 1 1 1 2 0 0 1 1 2 4 2 0 1 1 0 4 4 2 0 2 0 2 2 3
   2 1 0 2 2 1]
  [0 0 3 3 2 2 0 2 0 0 2 4 0 4 3 4 0 1 1 4 4 0 2 3 1 0 2 1 0 0 0 4 3 4 2
   0 3 1 0 1 4]
  [0 3 4 0 4 3 1 3 3 4 3 0 3 4 0 2 1 2 4 3 0 0 4 0 4 1 0 0 2 3 3 0 1 0 4
   1 4 3 2 0 1]
  [0 2 4 3 0 1 4 4 1 1 3 2 2 4 2 4 1 1 3 4 1 1 4 0 1 2 1 2 1 1 1 2 0 4 3
   4 2 1 0 1 2]
  [0 2 1 3 1 2 1 0 1 4 0 3 4 2 3 0 0 0 2 1 4 1 2 2 1 1 1 1 0 4 2 2 1 0 4
   0 4 4 3 4 2]
  [0 1 2 4 4 3 4 0 1 2 0 3 2 1 4 0 2 4 4 3 3 1 4 3 1 3 4 2 2 2 4 2 4 1 0
   4 4 0 1 3 0]
  [0 4 3 1 2 1 0 2 4 2 1 4 4 3 0 0 0 0 3 3 4 4 1 1 1 3 4 3 0 2 1 0 4 4 4
   0 3 4 4 1 1]
  [0 1 3 3 3 4 3 3 1 2 1 3 3 3 3 4 3 2 2 4 0 2 3 1 2 0 1 1 3 1 2 2 4 0 2
   4 0 2 3 0 4]
  [0 0 3 2 1 4 3 2 3 0 4 4 3 0 3 1 2 0 4 2 0 1 0 1 1 0 4 3 4 3 0 1 1 4 2
   1 0 0 1 0 1]
  [0 3 2 0 3 4 3 1 1 4 2 2 1 4 1 0 1 3 4 2 0 3 1 2 3 2 2 2 4 3 3 0 2 2 4
   1 2 3 0 4 4]
  [0 1 2 3 3 1 2 3 2 1 4 3 2 3 3 3 0 1 1 4 1 3 3 4 4 1 0 0 0 3 1 0 0 1 3
   3 0 2 4 0 0]
  [0 1 0 0 2 2 3 0 1 4 3 0 2 4 0 4 4 1 3 1 1 3 0 0 1 1 2 4 1 3 2 1 2 0 1
   3 0 0 1 2 0]]

 [[0 3 4 4 0 3 2 4 1 1 1 3 4 4 1 3 2 1 3 4 4 2 1 1 1 3 4 4 0 0 3 1 2 1 0
   1 2 1 4 1 3]
  [0 0 2 2 2 0 0 0 0 1 4 3 4 4 0 2 0 4 3 3 4 4 4 4 3 1 4 4 4 0 3 1 1 0 3
   3 0 3 1 4 2]
  [0 4 0 3 3 4 1 3 3 0 4 2 2 4 2 3 0 1 2 3 1 0 4 0 0 4 4 4 1 3 4 4 3 1 4
   3 4 2 2 0 2]
  [0 0 1 0 4 4 2 4 2 4 4 0 0 0 0 4 3 2 2 4 1 4 3 2 0 3 1 3 2 0 2 4 2 2 1
   4 1 3 3 2 4]
  [0 0 4 1 0 0 4 1 0 0 4 2 3 1 2 1 0 4 3 0 3 3 0 2 1 4 0 0 4 2 3 2 0 0 4
   3 1 1 2 3 2]
  [0 2 0 2 2 0 2 3 2 1 0 2 1 3 4 1 0 1 3 3 2 0 0 3 1 2 3 4 2 1 3 4 4 3 0
   1 0 2 3 0 3]
  [0 2 2 4 3 1 0 0 4 2 2 2 1 4 0 1 0 3 2 2 4 4 0 2 0 4 1 1 1 3 1 2 1 3 4
   2 3 1 0 3 2]
  [0 2 0 4 0 3 1 0 2 2 3 2 1 3 4 3 3 2 4 2 1 1 2 2 0 4 3 3 2 2 0 1 4 4 3
   1 1 1 2 1 0]
  [0 2 3 1 1 3 3 0 0 2 4 3 4 0 4 0 4 0 2 2 4 1 4 1 1 1 1 2 3 4 0 3 4 1 1
   2 2 1 0 0 1]
  [0 0 1 0 2 2 2 4 0 0 1 3 1 2 4 3 3 4 4 1 1 0 0 1 0 0 0 0 3 0 2 1 4 0 4
   4 2 0 0 0 2]
  [0 0 1 4 2 4 4 2 0 0 0 4 0 1 0 3 3 2 2 2 3 4 1 1 4 0 1 4 3 0 4 1 2 2 4
   0 2 0 4 2 4]
  [0 3 4 1 2 3 4 2 1 2 1 0 2 1 1 4 0 2 3 2 1 0 3 2 1 4 1 4 4 2 4 3 1 0 2
   2 4 2 1 3 3]
  [0 4 4 3 0 0 0 0 2 0 1 0 0 3 3 3 1 1 2 4 3 4 0 0 0 2 4 2 4 2 4 1 4 0 4
   3 2 0 0 2 0]
  [0 2 1 0 1 1 3 0 2 1 3 1 4 0 4 2 1 3 0 2 3 2 0 2 2 2 3 0 4 3 1 0 0 2 4
   0 1 0 4 3 2]
  [0 2 3 0 4 2 4 3 2 2 3 4 1 4 0 1 2 2 4 2 1 1 4 0 0 3 4 3 1 3 0 0 3 2 3
   3 4 4 3 1 4]
  [0 3 0 0 1 2 0 3 1 2 3 2 0 1 1 0 4 2 0 3 3 3 2 0 4 1 3 1 2 2 2 2 2 2 0
   4 3 0 2 2 1]
  [0 0 3 0 3 2 4 1 0 2 1 0 2 3 0 0 0 1 4 4 2 3 4 4 2 0 2 2 4 0 4 4 1 1 2
   2 3 0 3 0 0]
  [0 3 2 1 1 2 2 4 3 3 3 1 4 2 3 1 3 0 0 1 4 3 3 3 3 1 2 4 2 0 4 2 0 1 2
   0 3 4 0 2 0]
  [0 3 4 3 0 4 0 2 2 3 1 4 0 3 0 4 0 0 0 2 4 3 3 3 2 2 0 2 2 2 3 4 1 2 3
   4 2 0 0 2 1]
  [0 0 0 0 0 1 4 2 4 4 0 0 2 4 1 1 3 1 2 0 4 2 2 3 2 4 3 4 4 2 4 2 3 1 4
   4 4 1 2 2 4]
  [0 1 3 0 0 0 2 0 1 4 3 4 0 1 3 3 3 4 3 4 0 4 0 0 1 3 2 0 0 0 0 2 3 2 0
   0 0 0 4 3 4]
  [0 3 2 0 1 3 1 3 4 1 0 1 0 4 4 2 3 1 1 2 2 0 2 4 4 3 3 1 4 4 3 2 2 0 2
   3 3 0 3 2 4]
  [0 2 3 3 0 0 0 2 4 3 1 1 2 4 3 4 3 1 1 2 0 3 0 4 3 0 3 1 0 3 0 3 4 1 1
   1 2 3 0 3 4]
  [0 4 1 2 3 2 0 0 1 2 0 2 4 1 2 1 1 1 4 1 2 2 3 0 3 3 0 3 2 4 4 4 0 4 3
   3 4 0 1 0 2]
  [0 2 2 3 4 1 0 0 3 0 1 2 2 2 3 2 3 2 2 2 0 4 3 3 0 3 0 3 0 3 3 4 0 1 4
   3 3 1 3 1 0]
  [0 1 0 3 2 0 0 1 1 3 4 0 1 4 4 2 3 2 3 4 0 4 4 4 4 0 3 1 3 3 2 0 4 2 2
   1 4 2 2 0 1]
  [0 0 3 2 4 0 1 1 0 3 2 3 3 0 4 1 3 1 2 4 0 3 4 1 1 2 0 3 0 1 4 3 4 3 1
   4 2 2 4 0 4]
  [0 3 0 1 4 4 0 4 2 4 0 1 2 3 2 2 4 2 1 0 3 1 2 2 2 4 2 0 3 3 4 4 3 3 2
   2 3 4 0 3 3]
  [0 0 0 4 0 4 4 1 3 0 0 1 1 0 2 0 3 2 1 0 3 0 4 2 4 4 4 0 0 1 1 4 2 1 2
   4 3 3 3 2 2]
  [0 1 2 1 2 3 1 2 1 4 3 0 2 4 0 3 0 3 1 2 1 0 3 0 0 4 0 1 0 0 3 4 0 0 4
   4 0 4 2 3 0]
  [0 4 4 3 4 4 2 3 0 1 2 0 3 4 0 3 2 2 4 1 2 4 4 2 0 3 4 4 2 0 0 4 3 4 4
   4 4 1 2 4 0]
  [0 3 4 3 4 1 1 0 3 4 4 4 4 1 1 3 1 0 0 2 4 2 3 4 1 1 4 1 1 4 0 0 2 4 1
   0 4 0 3 3 2]
  [0 3 3 1 4 2 2 2 1 0 3 1 2 0 4 4 2 0 4 4 0 3 1 3 0 4 4 0 3 3 0 1 0 0 2
   0 2 2 1 1 2]
  [0 1 1 2 3 1 2 3 1 4 4 1 3 3 3 2 2 0 0 1 0 0 2 0 0 3 4 0 3 2 2 4 4 0 1
   2 4 2 3 0 2]
  [0 0 1 2 0 4 3 3 1 0 4 1 3 2 2 2 1 0 0 0 1 3 3 4 4 3 0 4 0 3 3 1 3 2 0
   4 4 2 4 2 2]
  [0 3 0 0 1 1 1 2 3 2 3 2 0 0 3 4 0 0 4 3 4 3 3 0 3 4 2 4 0 0 2 1 0 0 2
   0 2 0 1 1 2]
  [0 3 1 1 4 2 2 2 0 4 3 4 2 1 4 4 0 2 1 1 0 3 1 4 4 0 4 0 4 4 0 0 3 1 0
   3 0 0 0 4 2]
  [0 1 1 4 0 4 0 2 0 3 1 1 4 2 1 2 1 2 4 3 1 4 3 1 0 4 0 0 2 1 2 2 1 3 1
   1 4 0 3 2 0]
  [0 1 0 1 0 0 0 3 1 1 2 0 2 4 1 0 2 1 0 1 2 0 0 2 4 1 2 4 4 4 1 4 1 4 2
   4 2 4 0 0 3]
  [0 3 3 0 0 0 3 3 0 1 3 3 3 2 4 2 2 1 2 2 2 4 4 1 4 2 2 1 3 0 3 3 3 0 0
   3 4 4 0 0 3]
  [0 2 4 1 4 4 4 0 2 2 2 2 0 4 2 3 1 3 1 0 2 0 1 1 1 0 3 1 1 1 0 2 3 2 1
   2 1 0 2 4 0]]

 [[0 1 3 2 0 2 4 3 3 1 3 4 0 3 4 2 4 4 1 0 2 2 0 3 4 1 4 2 4 2 3 2 2 4 4
   1 1 1 3 4 0]
  [0 0 2 3 1 0 0 1 4 3 1 4 0 0 3 2 2 3 0 4 2 3 3 1 1 1 1 0 0 4 3 0 2 3 2
   4 0 3 0 2 1]
  [0 1 0 2 3 3 4 0 2 2 0 0 3 3 4 1 2 2 2 0 4 0 1 2 3 1 2 2 2 3 0 2 2 1 3
   1 4 3 4 4 4]
  [0 1 4 0 4 1 3 3 4 1 2 2 3 1 1 0 4 4 1 1 0 2 3 4 4 4 1 1 4 2 4 2 2 3 3
   1 1 2 4 2 4]
  [0 3 2 1 0 2 3 4 1 3 4 0 4 4 3 4 0 3 1 2 4 1 2 4 1 0 3 3 1 1 4 4 1 1 2
   3 4 4 3 2 4]
  [0 1 2 0 2 0 0 0 2 1 2 0 0 3 1 1 4 4 3 4 1 1 3 1 4 1 2 0 0 2 1 1 0 0 3
   3 2 1 4 2 2]
  [0 4 1 4 4 1 0 3 1 1 2 4 4 4 4 3 3 3 0 0 0 2 0 1 1 3 3 4 2 4 0 0 3 4 1
   3 0 4 4 0 3]
  [0 4 0 1 2 2 1 0 2 1 3 3 0 0 2 3 2 3 2 4 4 4 1 4 2 4 4 0 0 3 4 1 3 4 2
   0 0 3 4 2 1]
  [0 3 1 1 4 3 4 3 0 2 2 0 1 4 3 1 4 2 0 4 0 1 4 3 0 0 2 3 2 0 4 1 4 3 4
   4 4 4 3 0 3]
  [0 0 2 4 1 0 4 2 1 0 3 0 0 3 0 2 1 2 1 1 4 0 4 3 1 3 1 3 4 4 1 2 4 1 3
   3 1 3 1 1 1]
  [0 1 3 3 0 1 2 4 0 1 0 0 4 2 3 3 2 1 2 2 1 1 0 1 3 1 2 4 4 4 3 2 3 2 0
   2 3 1 2 0 4]
  [0 4 2 1 1 2 3 3 0 0 1 0 1 0 4 4 4 3 0 2 4 0 2 3 4 3 0 1 4 3 3 4 0 2 1
   4 0 3 2 2 3]
  [0 2 0 3 1 1 3 1 3 2 0 0 0 3 4 4 1 0 2 1 4 3 4 1 1 1 4 3 1 1 2 0 4 3 1
   0 1 1 2 2 0]
  [0 0 3 4 4 3 4 3 1 2 4 0 1 0 1 0 4 1 2 4 4 2 3 0 4 4 0 0 3 1 3 0 0 2 3
   0 2 2 4 0 2]
  [0 4 3 4 4 2 2 4 0 3 2 4 3 4 0 1 2 0 2 1 3 4 1 0 3 2 3 4 3 2 4 2 0 2 4
   2 3 3 0 4 3]
  [0 2 0 1 3 1 3 0 3 0 4 0 0 3 0 0 3 0 3 0 0 4 1 1 4 1 4 2 1 4 1 1 3 4 2
   0 4 3 4 4 4]
  [0 1 0 4 0 0 0 3 4 2 2 1 1 0 3 3 0 4 2 1 2 4 0 4 1 3 3 3 2 3 3 4 4 4 1
   0 2 2 0 4 3]
  [0 4 2 4 3 4 4 0 4 3 3 2 2 1 1 2 3 0 0 2 0 0 4 1 3 3 3 4 0 3 0 3 3 0 4
   4 1 2 1 0 3]
  [0 0 4 1 0 1 2 0 1 0 2 2 0 2 3 4 2 0 0 3 2 2 1 2 4 4 0 1 4 3 0 3 3 0 4
   2 3 1 3 2 3]
  [0 0 2 4 1 3 1 1 1 2 0 4 1 2 0 2 0 0 1 0 0 2 4 0 3 3 3 0 2 3 1 1 4 2 2
   1 0 1 3 2 2]
  [0 1 1 0 2 2 0 2 3 2 2 3 1 1 3 3 2 4 4 2 0 3 3 1 1 3 0 2 0 1 1 3 1 4 0
   4 0 0 0 3 0]
  [0 3 0 4 0 3 2 2 1 0 1 0 3 2 3 1 3 3 1 3 3 0 3 1 2 4 3 2 3 2 1 3 0 0 0
   4 1 2 0 4 3]
  [0 1 3 3 0 3 4 0 0 1 1 2 0 1 2 4 1 4 4 0 2 1 0 3 3 3 1 0 4 3 2 1 0 4 2
   2 0 2 2 4 4]
  [0 4 1 4 0 4 2 1 4 2 4 1 2 1 4 3 0 4 0 1 2 2 3 0 4 1 4 4 4 3 1 2 2 3 2
   0 0 1 2 1 2]
  [0 3 4 1 1 0 3 3 1 1 4 2 0 0 3 1 2 0 0 1 3 2 4 0 0 0 1 4 1 2 4 2 4 0 3
   4 0 3 3 1 1]
  [0 1 0 0 4 2 3 0 1 3 0 0 1 3 3 1 1 1 0 2 0 0 4 3 0 0 1 4 4 1 4 2 1 0 3
   0 4 0 3 0 0]
  [0 3 1 0 1 0 4 4 4 0 0 1 1 4 0 3 3 4 2 2 2 2 1 3 2 0 0 2 0 0 1 0 1 0 2
   0 4 0 3 2 0]
  [0 1 2 4 3 2 1 4 3 3 1 1 0 3 4 1 0 4 4 3 2 3 2 1 2 1 4 0 1 0 2 2 3 2 1
   2 4 1 0 4 3]
  [0 4 0 4 0 1 1 0 2 1 1 4 0 0 2 0 0 1 4 3 1 2 1 3 2 0 4 3 0 1 2 1 0 4 2
   3 3 1 3 4 2]
  [0 3 2 2 0 2 1 4 0 1 0 0 4 1 3 2 1 1 3 3 0 3 4 1 4 2 4 3 3 0 1 2 1 1 0
   2 2 0 2 3 0]
  [0 3 1 0 0 4 2 1 1 2 3 1 0 4 0 4 3 1 2 1 3 3 0 2 2 2 4 0 1 4 0 2 2 0 2
   2 3 2 2 0 3]
  [0 3 2 3 3 4 2 4 2 1 3 3 2 2 3 0 0 4 4 2 4 2 0 1 2 0 3 2 2 2 1 0 3 0 1
   1 2 3 2 3 1]
  [0 3 3 3 2 4 3 3 3 4 2 2 0 0 3 2 1 0 1 0 4 4 3 3 3 2 0 3 4 3 3 3 0 4 0
   0 0 2 4 3 0]
  [0 4 3 3 3 2 1 1 3 2 0 3 4 4 0 1 0 4 3 0 3 0 1 4 1 0 0 4 0 4 1 2 4 0 3
   0 4 0 3 3 0]
  [0 2 4 2 4 2 3 0 2 2 0 4 3 3 2 3 1 0 2 3 3 4 0 1 4 4 0 0 2 4 3 2 4 3 0
   3 2 1 1 0 0]
  [0 4 4 3 2 1 4 0 0 3 3 0 2 3 3 4 4 2 4 3 2 3 2 3 2 0 4 3 2 4 3 0 3 4 0
   0 2 0 2 3 1]
  [0 2 1 4 0 3 2 2 0 2 1 4 2 2 1 3 3 3 0 3 3 2 4 0 4 4 1 0 3 4 2 2 3 0 0
   2 0 2 2 2 2]
  [0 2 1 0 4 4 4 2 4 2 1 0 4 2 2 4 4 4 2 1 3 1 2 3 1 3 2 3 2 1 1 0 1 2 2
   1 1 0 4 2 1]
  [0 0 3 0 4 1 1 0 1 4 0 2 0 4 1 0 4 1 4 0 2 1 1 4 4 3 0 2 0 2 2 1 4 3 2
   1 3 4 0 0 1]
  [0 1 4 3 2 2 2 2 2 3 1 4 4 4 2 1 3 4 0 3 1 1 3 3 0 0 4 3 0 0 1 4 4 4 1
   1 3 3 1 0 3]
  [0 4 0 2 1 4 0 4 3 2 2 3 0 4 2 4 1 4 2 1 2 0 0 4 3 1 3 2 4 0 2 2 3 4 4
   2 1 4 1 1 0]]

 [[0 2 4 2 2 0 2 2 4 3 2 3 2 0 4 0 0 4 1 3 1 1 3 4 1 0 1 1 0 3 0 4 1 1 2
   2 0 0 1 3 1]
  [0 0 3 2 4 1 0 2 3 0 2 1 0 0 0 2 4 1 0 3 4 1 4 2 1 3 2 2 2 3 3 1 4 1 2
   3 2 3 2 3 3]
  [0 3 0 4 1 4 3 1 0 4 1 0 0 0 2 0 4 3 4 1 3 2 4 0 1 4 3 4 4 2 0 4 0 2 2
   2 1 1 4 3 0]
  [0 2 1 0 0 2 3 4 2 3 4 0 2 1 4 4 1 4 1 4 1 0 3 4 2 1 0 1 4 3 2 2 0 2 1
   2 2 2 2 1 4]
  [0 0 1 4 0 2 3 2 2 3 2 0 4 1 4 4 2 1 4 2 2 0 3 2 2 3 0 0 4 3 2 0 2 1 0
   0 0 2 3 1 3]
  [0 1 4 4 4 0 2 4 0 3 4 3 0 0 2 1 4 4 3 4 1 3 4 3 3 4 4 3 4 0 1 0 0 2 1
   2 2 0 1 0 1]
  [0 4 4 0 0 3 0 1 1 1 1 0 1 3 2 3 0 1 0 1 2 4 1 4 4 0 4 1 2 1 0 4 1 4 2
   2 4 2 0 4 0]
  [0 3 1 2 1 4 0 0 4 2 4 0 1 1 0 1 4 2 2 2 2 0 3 1 3 0 3 1 0 0 0 1 2 2 0
   4 2 3 3 1 0]
  [0 1 1 0 0 2 0 4 0 2 0 1 3 4 0 1 2 4 1 1 4 4 3 1 4 1 0 3 2 3 4 1 0 3 0
   3 3 1 0 1 0]
  [0 3 3 1 3 2 0 3 3 0 1 4 3 4 0 0 4 2 2 0 1 3 1 0 1 2 4 0 4 1 4 1 0 3 4
   1 0 4 0 0 3]
  [0 3 2 4 0 1 2 4 2 3 0 0 1 1 0 0 0 0 4 2 1 4 1 2 2 2 3 3 1 3 4 4 1 1 3
   4 1 1 3 0 0]
  [0 3 4 0 3 1 0 2 4 1 4 0 4 4 0 2 3 0 3 3 3 2 3 2 1 3 1 3 1 2 2 3 1 0 0
   1 1 2 0 3 4]
  [0 0 2 4 3 3 2 3 2 4 4 2 0 1 0 4 4 1 0 0 4 3 4 4 0 1 4 0 3 2 1 0 1 2 1
   4 4 0 3 1 2]
  [0 4 2 0 2 2 1 1 4 4 4 2 0 0 0 3 3 2 1 3 0 2 3 3 2 0 2 2 0 0 1 2 4 0 2
   3 3 3 4 4 0]
  [0 2 1 0 2 3 0 3 4 1 2 4 4 0 0 0 3 3 4 4 4 1 3 4 3 3 4 0 2 2 0 3 3 4 3
   1 0 0 1 2 1]
  [0 4 2 1 0 1 1 4 3 0 0 3 1 4 3 0 0 4 2 3 0 4 4 3 3 1 0 2 3 4 2 1 2 0 3
   4 1 1 2 4 4]
  [0 4 1 2 3 1 2 3 2 0 1 4 3 1 3 2 0 3 1 2 2 2 2 3 4 0 2 2 2 0 4 1 4 0 3
   2 1 1 4 0 3]
  [0 2 2 1 4 0 0 1 2 0 1 1 3 1 3 2 1 0 0 0 1 2 1 1 4 3 2 4 2 2 0 1 0 1 3
   2 4 3 3 1 4]
  [0 0 3 0 4 3 0 1 1 0 4 4 2 1 4 1 3 4 0 1 2 4 3 1 3 4 4 3 1 1 4 4 0 1 3
   2 2 4 3 2 4]
  [0 3 2 4 0 1 0 0 4 3 2 3 3 3 2 2 2 1 0 0 4 1 4 1 3 2 1 0 2 3 3 3 3 2 4
   0 0 4 4 1 3]
  [0 3 4 2 2 2 2 3 0 4 3 0 1 0 4 3 0 0 3 1 0 1 2 0 4 0 4 4 1 0 3 0 1 0 1
   4 4 3 3 4 1]
  [0 2 2 2 0 4 4 1 3 4 0 1 3 2 2 4 4 1 3 3 1 0 1 0 0 2 4 0 3 0 0 1 4 1 2
   0 1 2 3 3 4]
  [0 1 4 3 3 2 0 4 2 4 3 1 4 0 0 4 2 2 0 2 3 4 0 0 0 0 1 0 4 0 4 0 0 3 1
   0 0 0 2 3 0]
  [0 3 2 3 2 1 0 0 0 3 4 0 4 4 2 3 4 2 0 0 4 3 3 0 2 3 3 2 0 1 4 3 3 4 1
   3 2 2 0 4 0]
  [0 0 2 2 4 4 0 2 4 2 4 0 3 1 0 3 2 1 3 2 2 1 1 2 0 2 0 2 4 2 4 1 0 4 1
   4 4 2 4 3 3]
  [0 3 3 2 4 0 4 1 2 3 4 2 2 3 3 3 2 1 1 1 3 2 4 4 1 0 4 4 1 3 0 0 1 4 2
   3 1 0 1 0 0]
  [0 2 4 1 2 4 4 3 3 3 1 3 3 3 4 1 1 1 3 3 4 0 4 1 3 1 0 3 1 4 2 0 3 3 3
   2 2 1 3 1 3]
  [0 1 4 4 4 4 0 2 3 3 1 1 3 1 4 0 4 1 4 1 0 0 0 2 4 2 0 0 0 3 2 3 2 4 1
   4 4 4 4 3 1]
  [0 3 0 1 2 2 4 1 3 1 4 4 4 3 3 3 1 2 0 3 4 3 3 2 4 0 4 3 0 4 1 2 2 2 2
   2 2 2 2 4 3]
  [0 2 0 0 4 2 3 3 0 0 2 1 2 3 2 3 2 3 2 4 2 2 2 1 0 2 0 0 2 0 2 1 4 2 1
   2 4 0 0 2 3]
  [0 1 2 3 4 1 4 1 1 4 0 1 2 2 3 1 4 4 1 1 3 2 2 1 3 4 3 0 3 1 0 3 2 0 0
   1 0 1 0 3 0]
  [0 0 3 0 0 2 0 0 1 1 3 4 0 4 3 1 2 2 4 0 4 1 0 3 4 2 4 2 3 3 3 0 4 4 0
   2 3 4 3 3 0]
  [0 2 3 4 0 1 4 0 4 1 4 4 3 3 0 4 0 2 0 0 1 2 4 2 4 0 4 1 3 1 2 2 0 4 0
   1 4 3 1 1 0]
  [0 2 1 4 3 4 0 3 3 0 3 3 3 3 2 1 0 1 3 2 1 2 3 4 0 1 4 1 2 4 4 4 0 0 2
   3 0 1 2 4 3]
  [0 1 2 0 0 0 4 2 3 4 2 1 3 4 0 1 2 1 2 3 0 2 4 4 2 2 4 2 3 4 0 1 2 2 0
   2 4 3 2 4 0]
  [0 1 0 4 4 0 4 2 1 0 3 2 0 4 4 2 4 3 2 0 2 0 3 0 0 3 3 3 3 4 3 2 1 2 1
   0 4 3 0 2 0]
  [0 1 4 1 3 0 2 2 1 1 4 0 4 2 0 3 2 2 2 1 1 2 0 4 0 3 1 2 4 4 3 2 0 2 4
   4 0 0 3 0 1]
  [0 0 4 4 4 3 2 4 0 4 2 3 2 2 2 3 0 2 1 2 4 2 0 1 0 1 1 0 3 1 4 4 0 4 1
   3 3 0 2 0 4]
  [0 2 0 1 0 2 2 0 2 3 1 0 4 1 0 1 2 0 3 4 4 0 1 2 1 1 0 0 1 3 4 4 4 3 4
   1 0 0 0 3 2]
  [0 2 2 1 4 2 2 0 4 4 2 0 1 3 3 3 3 2 4 3 1 2 2 0 4 1 0 4 1 4 0 0 3 3 0
   0 0 3 1 0 2]
  [0 0 1 3 2 4 3 1 2 4 3 3 0 4 3 0 4 2 3 4 0 0 1 4 1 4 0 1 3 0 1 2 0 3 4
   3 2 2 3 2 0]]

 [[0 2 2 1 3 2 1 1 4 2 4 3 0 1 2 3 1 1 3 3 0 2 0 0 2 1 4 2 0 4 3 0 2 1 3
   2 1 3 4 1 1]
  [0 0 4 0 2 4 0 3 4 0 3 1 4 2 0 1 4 2 3 2 0 4 2 3 4 4 1 3 1 0 1 4 0 2 2
   1 0 2 4 4 2]
  [0 0 0 2 2 3 0 1 2 2 1 3 2 1 1 3 1 3 0 2 4 1 0 1 4 0 3 4 2 3 2 3 0 1 1
   1 1 0 0 4 0]
  [0 3 4 0 4 2 2 1 3 2 1 2 0 1 4 3 1 1 2 4 0 2 4 3 4 3 0 4 4 4 1 0 4 3 2
   1 0 4 2 0 3]
  [0 0 1 1 0 2 1 2 0 1 2 2 3 1 0 1 1 0 4 2 2 0 4 3 2 2 2 0 1 1 1 0 1 4 2
   1 0 2 3 1 4]
  [0 2 0 0 0 0 3 2 1 0 4 4 3 1 4 1 4 0 1 1 4 2 1 2 4 4 0 4 0 0 1 2 0 0 0
   2 4 1 0 4 4]
  [0 4 2 0 1 4 0 2 4 1 3 1 4 1 2 4 3 4 3 1 2 1 0 2 4 3 4 1 0 0 4 3 2 1 4
   1 1 1 2 1 0]
  [0 4 2 1 3 3 3 0 3 4 1 1 4 3 1 3 2 3 2 3 4 0 2 4 2 0 3 0 3 0 3 1 0 1 3
   1 2 3 2 1 1]
  [0 2 0 0 1 0 3 1 0 1 3 3 0 1 1 2 0 3 1 0 2 2 0 2 3 3 0 3 2 2 1 1 4 4 0
   3 0 3 2 3 0]
  [0 1 2 0 0 3 0 4 4 0 3 4 0 1 0 2 4 0 2 0 0 2 4 3 3 1 3 0 0 4 0 4 0 3 0
   0 4 1 0 0 2]
  [0 1 4 2 2 0 4 3 4 1 0 0 0 3 3 1 2 2 4 4 4 3 0 2 1 2 0 4 1 1 4 1 1 2 0
   2 0 4 3 1 2]
  [0 1 0 1 0 2 2 2 2 0 2 0 3 1 3 3 0 0 2 1 1 2 1 0 0 1 2 0 2 2 2 1 1 0 3
   1 2 0 1 1 0]
  [0 0 1 4 0 2 1 4 3 2 0 4 0 3 0 1 4 4 0 0 4 2 3 4 4 3 1 3 0 4 1 3 3 1 0
   0 4 2 0 2 1]
  [0 4 2 4 4 0 0 3 2 2 3 1 0 0 3 0 3 4 4 1 2 3 2 3 3 2 4 1 4 4 2 4 0 1 2
   0 2 3 4 4 1]
  [0 4 1 2 3 4 4 4 0 4 1 2 4 0 0 4 3 1 4 1 0 2 3 2 3 3 2 4 1 0 4 1 0 4 4
   3 4 2 1 4 1]
  [0 4 0 2 2 0 3 0 2 0 3 3 4 4 1 0 2 3 1 1 3 2 2 3 4 4 4 3 4 2 0 1 4 0 0
   3 3 1 0 4 0]
  [0 1 0 4 2 4 2 2 2 4 2 3 4 4 4 2 0 2 0 4 0 0 1 4 2 3 4 4 1 4 0 0 3 0 3
   1 1 2 4 0 2]
  [0 4 4 3 4 2 4 3 2 0 4 1 4 3 2 2 1 0 2 1 4 4 2 4 1 4 0 2 3 3 3 3 1 0 2
   1 4 1 1 0 2]
  [0 1 4 0 4 0 0 2 1 3 3 1 0 2 0 3 0 0 0 1 4 1 0 2 3 1 2 0 3 2 0 2 0 3 0
   0 2 0 0 0 2]
  [0 1 0 0 2 0 3 1 4 1 4 4 4 3 3 0 0 2 4 0 2 0 2 3 4 0 0 1 3 0 3 0 4 4 1
   0 1 0 4 2 1]
  [0 3 4 2 1 3 3 3 1 0 0 1 2 3 0 3 1 3 3 4 0 4 3 2 1 1 1 2 0 3 2 2 1 2 1
   3 0 4 3 2 1]
  [0 3 0 0 0 2 0 4 1 1 0 1 0 0 0 1 0 2 2 0 0 0 2 0 2 0 0 3 3 2 3 1 1 0 3
   4 1 2 2 0 4]
  [0 2 1 0 0 4 2 4 1 2 4 4 0 3 4 0 3 3 2 2 0 1 0 3 1 1 4 1 0 3 0 2 4 4 0
   4 4 1 4 3 2]
  [0 3 1 0 0 4 1 1 4 2 3 3 4 3 3 1 2 4 3 3 2 2 0 0 3 2 4 1 0 3 2 1 4 2 0
   4 1 4 4 0 1]
  [0 2 1 3 1 3 3 2 3 2 3 2 3 1 0 0 1 2 0 2 2 1 1 3 0 0 3 3 3 4 1 2 1 2 1
   2 1 1 4 0 0]
  [0 4 2 4 3 1 1 3 0 4 1 0 4 2 3 3 0 4 2 3 1 2 0 2 4 0 0 0 0 0 2 4 2 3 1
   0 2 3 3 2 2]
  [0 2 2 2 4 3 2 0 4 1 1 0 4 1 4 1 3 1 2 2 2 2 3 4 2 1 0 1 3 3 1 0 4 0 2
   1 1 4 3 2 0]
  [0 0 3 2 1 4 4 3 3 2 4 1 2 4 3 1 2 2 0 2 4 4 3 2 0 0 3 0 3 3 1 2 2 4 0
   3 0 0 3 4 0]
  [0 4 4 2 4 0 3 3 1 1 1 1 1 3 3 0 0 2 4 4 1 1 4 4 3 3 3 0 0 4 3 2 4 3 3
   1 0 0 3 0 4]
  [0 4 1 0 4 2 2 1 1 1 1 2 3 4 3 3 1 0 4 0 3 0 2 0 2 3 1 1 2 0 3 4 1 4 1
   4 0 3 1 2 1]
  [0 3 0 2 0 1 3 3 3 2 1 3 1 2 2 0 2 3 3 0 4 4 1 3 3 4 4 1 3 3 0 3 2 2 1
   4 4 4 3 1 0]
  [0 3 2 3 3 4 4 4 3 0 1 3 0 0 1 3 2 1 1 4 4 0 1 1 4 2 4 4 4 0 1 0 0 1 3
   4 4 4 4 3 3]
  [0 1 0 1 4 2 3 1 4 2 4 0 2 1 4 0 3 0 2 3 4 3 4 2 4 3 4 3 4 1 0 3 0 4 1
   3 1 2 2 0 4]
  [0 1 2 4 0 2 2 1 1 2 4 3 4 1 1 3 0 4 0 1 3 0 1 0 3 3 4 4 4 1 2 4 3 0 4
   0 2 1 4 2 3]
  [0 0 3 2 1 2 2 3 3 2 0 1 3 1 1 0 2 0 2 1 2 3 2 4 1 0 4 2 3 3 4 2 0 2 0
   3 0 4 0 3 1]
  [0 2 3 2 2 0 0 3 2 4 4 4 4 0 1 1 2 3 3 4 4 3 0 4 4 4 4 2 2 4 2 4 3 2 1
   0 3 4 0 1 3]
  [0 0 3 4 3 4 0 0 4 4 0 0 0 1 2 0 3 3 4 1 4 3 0 4 3 0 2 3 2 0 1 0 1 0 2
   3 0 0 3 3 0]
  [0 2 3 2 1 4 2 3 2 1 3 2 2 4 4 4 1 1 1 4 2 1 2 2 1 0 0 1 4 0 0 1 1 4 3
   0 1 0 0 0 3]
  [0 2 1 4 4 3 0 2 0 4 3 0 2 4 0 2 0 4 0 1 3 3 3 2 1 0 4 2 4 1 0 2 2 4 3
   3 0 4 0 4 3]
  [0 3 3 3 0 4 3 1 1 2 3 0 3 0 3 0 0 0 3 4 4 4 1 3 0 3 0 1 4 3 1 0 4 4 2
   2 4 4 1 0 3]
  [0 2 0 3 4 4 2 0 3 4 1 4 4 1 2 1 0 3 1 4 1 2 4 4 0 1 1 4 4 1 2 4 4 3 2
   0 2 4 2 4 0]]]
release_time
[  0 187  84 151 185 347  21  24 433 285  74 410 242  21 123 155 270 590
 395 422 191  50  65 546 226 218  98 349 119  79 165  37  36  10 509  71
 599 447 120  97 507]
due_date
[  0 234 579 647 657 614  76 300 562 612 621 635 424 196 131 281 409 662
 750 737 733 682 672 570 638 611 571 624 772 673 741  88 739 788 719 160
 614 562 354 586 747]
unit_emission
[ 6  1  4 11  7]
emission_limit
9205.5
setup_severity
0.02
due_tight
0.3
due_range
1.0
release_tight
10
degree_constr
0.5
