mach
5
job_rate
8
weight
[ 0  5  5  9  7  1  4  7  3  3  7  9  6  4  3  6  2  2 10  1  5  6  7  5
  2  4  1  4  1  4  9  2  3  8  7  5  4 10  8  6  1]
proc_time
[[  0  94 129 123  58 142 138 145  53  85 144  75 111  94 141  74 150 142
   83  84  89 139  93 114 116  78 104 117  77 115 134 104 135 122 120 146
   81  66  66  74 103]
 [  0 116  50 123  72 114 117  52  83  92 102  50 113 105 121  69 125  82
  145 128  76  98 136 105 128 113 117  69 145  78 108 127  79 144  75 133
  137 126  99  60  59]
 [  0  54 115  54  88 111  64  53 144  99  56 139  65 142 100 110 127 141
  127 143  97 109 114  69  53 134  89 104  64  73  56 103 147  73 138  71
  123 128 116  53  87]
 [  0 105  61  82 130 136 109 106  77 118  96 141 107  75 120 122  92 126
   55  78 114  63 118 119  99 137  90 110  61  69  60  63  81 138  83 122
   96 137  60 144 144]
 [  0  54  67  58 122 109 111  64 118  98 100 102 109  72  66  56 115  66
  122  93 101 138 107 138  73 125  81 145 127 137  51 130  51 144 149 106
   58 141 137  94 100]]
setup_time
[[[  0 213  70 282  81 338 230 273   1  51 118 317 376  91   2 137   3
   126  97 153 249 145 149  23  55 381 305 286  75 353 386 262 218  21
    13 155 394 385 218 255 403]
  [  0   0 149 176 186   5  86 118 381 182 405 328 149 315 131 192 275
   180 386 195  66  34 372  10 304 213 185 205 396 372 238 238 337  70
    34 242 369 390 207 115 261]
  [  0 288   0 305  53 107 143 272 385 287  99  97 146 162  76 238 244
   383 301  99 296 284 290  75 260 346  66 110 303  31 260  75 267 135
   136  45  27 185 337 352 246]
  [  0 147 197   0 105 247 238 392 295 137 218  71 387 335 103 182 342
   169 269 227 127  72 219 141 359 380 219  56 327 301 263  86 403 351
   368 168 342 372 278 327 115]
  [  0 222 137  40   0 359 112 164 241 203  95  59 223 319 211  40 277
    89 302  47 251  36 175  59 113  39 154  57 403 379 188  79 124 216
   369  51  53 367 183  74 357]
  [  0 332 113 284 137   0 382 271 171 133 380 229 288 194 333 127  98
   299  20 128  50 298 388 321 305 212 372  72 126 166 372 279 128 372
   225 196 260 233  42 243 235]
  [  0  84 402  66 387 405   0   3 400 138 146  95  18 398 169 203  19
   245 234 339   4 221 294 353 101 392 131 283 135 345  59 155 284 183
   317  92 247 317 193 302 230]
  [  0  98 317 190 224  82 245   0 256 235  73 201 175 384  45 276  79
   119 320  92 108 301 231 240 342  49 283  97  52 210 277 384 250 355
   325 123 132 294 360 249  82]
  [  0 249 136 240 198  60 387 221   0  53 126 258  44 203 130 308  33
   354 353 312 359 214 192 321 260 206  41  47 198 353 164 188  20 406
   343 201 321 334 189 276 181]
  [  0 397 274  54 295  38 304  63 340   0 123 238 368 373  43  30 376
   307  65 150 246 251  46 291  46 315 170 367 376 290 384  77  74 337
   135 378 241 120 281 378 407]
  [  0 231 184 305 238  12  92 273 298 358   0 344 143 394 300 282  52
   376 392 291  58   3 143 286 202 246 242 278 337  92 204 368 231 134
   182 225 119 358  73 253 153]
  [  0 233 176 252 146 224   5 124 226 302 371   0  32 192 392  77 361
    60 256   7 332 129 153 203 327 122 328  92 215 194 394 306  51  82
    34 176 156 165 103 127 165]
  [  0 399 319 109  27 171 273  17 394 347 167 173   0 404 219 255 182
    35 242 263 147 160 124  62 379 302 129 230  30 278 379 166  60  58
   180  99  80 116 249 297 367]
  [  0 400   4  69 147 233 279  18 107 315  49  55  63   0  33 131 150
   355 356  66 165 323 137 312 350 244  98 305  52  89 124 342 108 247
   168 349 226 177 190 325 390]
  [  0 164   9 214 209 327 406  99  59  23 348 139 204 358   0 183 176
   121  45  96 222 264 342 180 257  42 313 219 188 340 123 279   9 345
    77 254 275  70  90 375 234]
  [  0 382 399 189 280 114 206 301 170 289 260 400 407 282 115   0 220
   305 400 368 396 319  64 140 276  27 120 243 111 327 400 205 287 328
   105  68 328 260 219 405   0]
  [  0 262 272 182 260  91 359  38  77 389 143 326 376 281 173 279   0
    95 116  28 291 273 187   6 167  65 176 236  15 152 116 243 224 322
    44 154  88  26  14 176  19]
  [  0 309 253  97 208 107 275 145 300  45 334 221  82 292 280 127  94
     0 166 244 169  33 263  55 382  25  12 271 189 404 370 241 356 211
   262 114 359 401 349  26 104]
  [  0 315 314   1 367 167 112 213  32  42  54 166 255 245 361 293  60
    19   0 269  79  81  81  93 402 147 254  16 296 336 273 260 120  16
   283 161 157  43  77  60 302]
  [  0  25 169 352  40 195  97  42 341 171 228 229   8 153   4 187 283
   250 232   0 207 307  54 241  20  79  43 171 332 337 335  97 402 162
   116 400 213  80 119 167  79]
  [  0 305  57 292 302 255  61  10 195  53  71 192  28  88  22 197 274
    12 293  30   0  96 139  42 395 282 312 171 300 170 333  21 220 178
   261 262 245 118 321  78  59]
  [  0 123 242 189 240 293 163 366 119 393 339 318 368 191  14 213 323
   158 226 174  47   0 336 232 361  47 267 132  71 218 120 363 374 188
   149 297 213 137  99  50 112]
  [  0  12  82 225  51 352 206 216 367  99  97  82 102 241  24 325 143
   337 230 337 401 385   0 225 284 232  70 138 348  98 165 395 281 189
   253 391  89   2  81 103  24]
  [  0 177 207 195 277 299 294  84 169 146  82 303  17 209 329 126  33
    13 319  78 280  87 318   0 105  37 245 197  76  45 263 256 284 180
   271 305  86 320 327 305 175]
  [  0  36 268 306 150 166 202 301 140  27 286 190  29 160 317  59 376
   234  30 323 266 383  94 382   0 271 118 349 107 222 366 229 175 132
   303  93 110 377 278 143 164]
  [  0 336 201 348 128 165  12 181 406 181 341  74  54 304 278 143 323
   359 362 380 190 251 198 150 224   0 387  39 143 147 226 403 317   2
   308   8  71 144 316 239  75]
  [  0 305 199 160  12  93 197 252 407 192 182  76  58 210 332 334   9
   180 230 292 338 302 379 117   4 113   0   2 259 150  98 358 320 135
   230  71 158 127 328   4 405]
  [  0 356 154  92 332 261  67 211 174 197  57 358 163  58 188 138  52
   215 290 128 346 165  87  89 283 248  38   0 395  17  43 331 110 141
   273  29 216 289  20 290  44]
  [  0 194 215 164   6  40 157  50 311 315 153 110 400 255 281 175 320
   208 304 222 310 213 194  90  54 264 226  13   0 112 367 155 201  95
   360  28 219 220 349  34 376]
  [  0   5  88 189 288 290 178 143 120 176 165 179 192 211 228 169 327
   168 286 227 384 313  52 214 300 104  85 356 254   0  64 264 225 130
   224 329 123 354 155 112 160]
  [  0 402 231 196 208 251 128 276 205 270 185 337 247 227 375  28  35
   340  57  61  68 289   1 187 163 390  21 311 278   1   0  48 104   6
    84 326  11 351 378 251 298]
  [  0 318 364 296  82 134  72 212 341 378 247 128 191 327 224 299 373
    18  95 169 128 371 233 312 362 361 146   6  44 231  21   0 151 360
   133  52 198 272 266  49 230]
  [  0  11 210 375 380 380 155 353 189 349   4 334 358 143 378 132 393
    25 129 163 114 373 101 240 384 249  85 290  36  99 142 154   0 149
   336  84   9 279 297   1  96]
  [  0  51  48 401 290  71 204  51 132 159 113  92 351 311  78  90 147
    77 155  49 282 247  83 172 111  55 338 370  72 135 249  58 128   0
   137 301  59 245 183 264 393]
  [  0 228 104 164 113 262  63 299 324  24 227  78 345  96 110 262  58
   274  35 231 238   7 232   8 174  41 235 209 378 379  24  94 365   9
     0  77 304 175  61 170  39]
  [  0 147 155 331  42  86  28 190 223  19  32  67  59 125 178 240 121
   107 174 198  90 379 404 225 365 124 350  56 208 179 173 294   8  62
   405   0 249 112 360 171 239]
  [  0 236 151 323 296 368 282  43 315  83  88 273 134 129 247 324  58
   345 353  70   3  68 163 273   1 132  18  58  86 179  76  52   8 267
   164  81   0 230  62 213 150]
  [  0 211  30 129 215  23 170 368  45 196  64  68 210 343 240 263 336
    62  66 216  70 317  57 407  28 368   7 188 234 106  91 176 193 176
   266 290 163   0 146 161 373]
  [  0  46 308 176 191 253 323 301 389 115 149 305 188 169 362  11 300
   264  47 114 383 376 248 315 191 212 331 254 272 329 395 215 393 308
   287 117  21  87   0 170 293]
  [  0 374  90 200 264 149 181 197 171  32  22 208  98 149 293 336  76
    11   4 372 293 167 218  71 394  70  94 377 338 247 368 158 129 327
   277 285 349 406 343   0 169]
  [  0 386   3 138 375 381 313  72 108 391 331  80 225 114 183 304  63
   220 351 316 246  31  49  97 299 405 298 225 377 137 217 147  32 275
   334 205 303 118 275 324   0]]

 [[  0  56 236 311 207 219 157  23 189 343  41 335  93 157 190  29 164
   273 218  60 339  44 265 258 314 208 156 385 331 158 405 397 205 290
   163   6 343  93 299 309 289]
  [  0   0 302 342  75 150 144 202 361  43 162 189  80 123  75 206   1
   170 384 316  19 185 131 156 139 266 324 350   3 258 244 213 358  33
   135 269 389 155 370 218  34]
  [  0 325   0  10 318 323 312 324   0   8  52 214  61 121 372 158  60
   210  52 124 407 213 212 107 155 310 144 230 399 101 250 377 176  25
   349 237 120 149 167 285 250]
  [  0   1 174   0 113 159 373 390 150 221  69 352 386 286 105 385 302
   141 254 342  23 360 211  43  33  32 293  64  57 113  55  61 304  22
   248  58 181 154 308 212 311]
  [  0 335 101 246   0 403 235 373  34  19  11 344 105   6 208 307 170
   400 353 209 238 202 113  12 384  33 321   8 107 370 323 318 225 302
   281 305 335 235 172 245  19]
  [  0 361 234 132  68   0 150  64 156 221  58 390 384 260 275 225 173
   113 131 352 310 207 257 156 382 257  81  69  33 237 361 285  38 107
   347 345 110 359 278 396 246]
  [  0 201 194  37 247 234   0 152 182  36 295 279 388 190 371 303 357
   364 282 191 187 105  91   3 158  72 202 232 380  60 174 110 202  36
   369 280 233 215 124 225 136]
  [  0 321  51 175  68 133 272   0 152 350  45 128 361 362 339 184   0
   256 302 178   2 150  82 116 253  24 379 245 171 266  96  40 390 109
   226 196 219 182 126 140  92]
  [  0 102 297 113 117 202 392  50   0 176 128 398 331   2 197 309 194
    90 343  46 256  75 369 403  85 218  38 243 330 244 176  12 379 167
   376 120 194 163 329 174 204]
  [  0 100  79 134  16 157  80 401  60   0  98 366  38  23 131 229 319
   161 271 371 184   3 221 244 330 400  42 286   9  81 178 234 160 275
   390  29  80 105 181 161 300]
  [  0 324 312 290 279 128  96 244 302 243   0 213 284 394 334 180 165
   234 214 402 374 214   3 190 299 390 141  25 402  44 125  47  81  91
   254 289 352  50 296 254   0]
  [  0 279 302  89 212 223  15  81 213  64 263   0 215 283 343 328 291
   218 294 348  80  19 349 349  16 198 186 145 137 121 281 208  68 129
   174 341 129 235  21  84   8]
  [  0 259  47 132  71 126 351 218 113 229  88  87   0  36 205 296 257
    99 301 365 257 331  23 367 370 147 361   3 349 253 182 190 321  73
    93 371 280  86 332 125 162]
  [  0  94  24 229 293  58  35  51   7 311 266 209 104   0 300 288  57
   109  60 287  82 223   3 225 204 169 280 304 333 328 134 120 125  85
   128 307  22 229 403  37 193]
  [  0 379  11  90 102 403 325  96  87 232 348 291 285  26   0 113 263
   383 298 164 122  67 269 164 348 237 381 245 401   2   0 287 298 138
    42  54 219 356 320 339 299]
  [  0  29 308 100 127  23  62 178 346 152 400 160 326 291 119   0 115
   308  72 380 283 241 351 200 353  13 183 244 357 133 369 152  10 337
   267 229 369 329 181 265 325]
  [  0 392 186 269 151 352  73  24 220 314 168 328  63 321 271 152   0
   141   4   9   4  75 263 342 152 297 104  81 343 219 331  22  33  79
    16 321  70 307 170 128 122]
  [  0 160 267 108 178 132 283 189 110 338  32 226 197 106 116 159 184
     0 348 186 199 103 100 311 264 371 148 122 232 210 341 272 140  59
   190 262  32 173 205 263 330]
  [  0 363 355  41  79 375 356   4 303  16 110 301 188 325 264  50 281
   335   0 263 323 235 232 100 103  50 297  93 114 219 212 133  61 116
   167  25 238  27 355 129 243]
  [  0 112 403 351 289  49 386 219 109  32 152 361 319 116 175 167  81
   259 192   0 164 263 125 267 345 339 372 280 231 226 166 298  90 288
   186 335 296 167   6  10 236]
  [  0 262  65 174 105 205  59  44 124  94 221 148 363 371 302  44  45
   369  73 328   0 397 385 257 331  32 179  45 360  10 163 355  66  41
   156 232 247 252 153   4 204]
  [  0 167 332 249 344  83 353 348  71 127  84  43 215 116 320  60 349
   177 206 185 343   0 124 207 133 120 190 189  61 101 107 340 190  45
   352 146 290 241 173 178  22]
  [  0  43 340 254 242 312  10 216 302 380 295 194 253 133  32 369 379
   309  46  14 125  81   0 231 261 394 219 105  54 346 260 259 152 185
    25 113  10 281  57  81  45]
  [  0  79 192 162  29  44 206 306 310 177 323 271 198 368 268 317 215
   251 142 104   3 402  16   0  11 292  64 387 280 366 316 252 225  75
   187 248 141 211 403  45  82]
  [  0 403 144  96  56 364 194 280 397  92  40 157 362 276 405 271 370
    66 137   7  22 113 387  56   0 255 353 197 344 286 184 386 168   7
   210 147 374 156  95 141 320]
  [  0  72 321 158 401 307 377 116 388 181 380 253 252 184  45 112 361
   338 401  24  63  54 348  91 284   0 194 348 217 331 279 391 253 225
    76 145 231  37  80 170 223]
  [  0 377 181  29 288  61 394 122 235 142 226 378 213 402  46 200 213
   253 262   2  77 124  32 358 121 336   0 183 274 322 226  42 265 369
   362  54  81 328  91 309 246]
  [  0  91 405 281 180 117  78  85  51 226  70 289 351 213 324 212  83
   189 312 241  52  43  99 101 197  18  15   0 262  35 242  66 348 323
   197 189 353 140  18 343 194]
  [  0 193 115 130  99 266 193 226 119  27 257 221 390  87 170 214 407
   228 264  47  73 303 375 301   1 122 389 385   0 107 360   0 248 237
   205 384 168  78 395 312 249]
  [  0  57  29  10 306 328 168 301 135 378  76 325 335 354 303  92 407
   304 151  96 382 319 336 295  70  35 202 285 335   0 103 174 385 278
    99 243 326  52 269 327 128]
  [  0 180  80  72  18 291 403 158 349 106  24 153 103 194 144  50  91
   211 116 192 346  48 304 194 324  44 240  84 275 251   0 340 150 168
   168 300 319  46 257  42 143]
  [  0 162 292 361   3 333  30 375 151  12 145 252 291 247 131 168 383
   393 185 397 113 233 229  74 340 300 206 384 320   0  68   0 227 188
   305  38 125  35 314 176 160]
  [  0   0 388 314 343 406  56 203  40 110 363 349  67 103 369 131 305
   298 326 190 348  64 401 373 181 154 341 280 392 235  82 213   0 352
   355  91 402 103  66 294 333]
  [  0 182 207  26 210 302 204 246 350 180 290 266  49  47  28 200 223
   177 103 315   8  32 386 299 345 331 290 281 158 335  10 264 152   0
   389  25 231 209  63 302  66]
  [  0 361  92 164 181 205 302  29  45  15 128  82 391 162 171 365 100
   152  53 360 249  32 275  94 292  12 350 286 120  25 118 397 139 163
     0 319 117 371  17 375  53]
  [  0 407 376   1  55 290 125  28 307 315 386  28 106 404 336  12 142
   393  25 123 270 327 355 278 219  59  72  86  42 310 120 274 145  10
    88   0  64  80 352 346  71]
  [  0  45  74 349 245 346 223  74 121 251  97 287 375 135 103 389 163
   242 340  88 233 112  60 359 333  51 337 203 288  52  75  32 171  72
   208  51   0 335 226 239 252]
  [  0  81 400  49 295 358 250 173 156 327 338 317 184 271 109  12 126
   382 216 300 164 199 343 365 288  97 336 113 335 101 353  85 198 326
   176  48 221   0  83 256 338]
  [  0 359 168 353 287 379  19 166 154 392 294 272 392  50 311 296 252
   238 307 111 284 170   5  51 262 327 287 387  34  45  35 341 254 366
    29  19 400  56   0 306 136]
  [  0 398 375 388 274 193  41 109 199 292 156 170 196 314 111 178  79
   255 143  37 264 199 352 170  88  67 322 129 180 309 263  75 101  34
    15  36  19 386  52   0 312]
  [  0 109 323 292  75 139 223  44 145 151 278  38 222 329  67 343  13
   200   0 116 139  79 290 324 407 140 215 375 272 339 102 358 336 277
   395  35 103 406  11 372   0]]

 [[  0 359 185  12 143  73  56  30 121 307 396  21 218 403  29 216 232
   289 227 383 276  30  26  32 175 326  80  16 312 100 273 383  21 346
   219  20  77 216 142 341 398]
  [  0   0 286  77  15 113 390 333  54 373 404 340 359 193 347  66  92
   300 204  17 230 404 129 399 395 388 375 272 237  81 309  24 107 198
    12 105 140 341 241 207  60]
  [  0 197   0 139 159 145 202 281 335 350 101  57 402 179 328  80 209
   106 155  81  88 118 198  63  77 259 138 372 405 201  50 282 290 118
   401 222 153 206 123 362 278]
  [  0 313 243   0 242  15 372 361  74 355   6 307 296  10 204 396 348
   249  71 402 167   6  38 355  99 245 275 205 360 305  49 107  32 101
   236 169 194  41 301 282 158]
  [  0  97  67 140   0  75 253 156  38 319 342 202 164  85 307 351 102
   179  66 185 381 230  80 333 250 394   8 320 352  43 399  92 173 131
   172 121 181 270 354 252 288]
  [  0 316 350 271 323   0 359 225  88 374 398 162 366  79 154 386 101
    93  32 219 236 205 271  97 249  33 105 216 385 368 171 135 334 338
    71  93 284  18 387   3 209]
  [  0  59 270 192 320  81   0  71 276   8 365 187 348 260 310 330 194
   175 254 163 373 362 122 355 309 142 137 290  40  17 146 273 174 339
    71 407 311 302 125 383  18]
  [  0 337 314 225 385 316  65   0 291  69 216  36  30  31 171 198 294
   140 157 227  40 151  90 308 334 403 258 160  26  61 232 147  94 183
    57 147 330 357 382  28  17]
  [  0 147 237  78 271  67  76  11   0 146 130 194  74 192 111 317  39
    89 364 235  57 314  96 404 282 400   2 364  22 351 185 229 146 180
   253 127 195 373 229 355 182]
  [  0 248 393 105   2 132 395 315 277   0 331 174 381 381 201  74 383
   260 175 262 256 223  36 182 346 167  23 338 256 341 404  16 377 125
   339 240 243 306   9 159  90]
  [  0 340 343  18 273 317  60 156  56  26   0 266 237 151 377 283  54
   167  86 355 215 371 194 172 212 152 173 192  37 345 335 231 310  79
   321 112  12 337 387 193 124]
  [  0 168 120  70 262 352 205 304 101 387  84   0 403 284 272 264 364
   119 367 336 254  51 396 303 141 293 112 278  94 358 280 304 217  47
   401 399 280 263 359 276 140]
  [  0 202  44 344 272  60 399  55 254 263 198 309   0 407 173 101 379
   157 276 105 116 152 320 167 203 285 391  67 297 178 185 171  46 189
   361 226 331 273 129 179 145]
  [  0 199  20 159 288 276   3  19 264  93 267 160 144   0 349 338  10
   280   3 190 403  82 378  95 335 355   3  80 304 407 388  70 392 372
   180  20 114 275 161  29 388]
  [  0  77  50  21 193 261  31 286 389 228 177 349 125  77   0 175  94
    50 110 352 143 358 206 122  57 168 120 398 294 149 289   6 346 145
   387 287 285 346 162 274 361]
  [  0 182 341 215 278 137 245 356 242 377 293  55 283 342 109   0 175
   350 190 128 344 273 293  78 165 280 280 209 157  99 114  13 122 402
    63 310 144  61 316  29  35]
  [  0 206 118 187   4 280 195 192  63 167 148 167 389 244 178 387   0
    29 320 320 146  39  51 285  66 242 212  57 260 146  21  76 335  34
   172 313   4 127  63  12  49]
  [  0 267 382 330 233 360 106 155 373 302 113 152 351 243 267 401 275
     0 359 204  42 379 130 271 179 224 395  55 388 396 230 348 179 407
    71 145 243 361 201 400 297]
  [  0  52 177 108 259 401 138 124  80 356 205 173 284 322 189 388  15
   213   0 298 231 342  36 136 193 309  27 144 275  43 183 288 367 278
   341 113 218 112 202  12  28]
  [  0   2 296  65  74 335 281 143  59  72 367 317 214 379 179 112 407
   307 231   0 111 193 221  45 345 164  13 125 147  41 219 268 292 267
   145 402 373  32 347 285 363]
  [  0 232  14 235 243 250 355 385 270 392  94  67 235 220 145 347  97
    44 370 335   0 201 362 139 378 148 388 349 358 234 107 364  67  48
   111 189 357 130   9 384 329]
  [  0  80 283 305 225 381 335 360 367 249 279 216 128 235 404 403 117
    78 230  53  97   0 311 272 217  17 124 270 227 122  83 231 371 363
    23 229  51 265 406 229  12]
  [  0 131 301  82 257 122  55 110  54 226 234 324 386  37 352 105  83
   319 236 407 252  43   0 114 202 243 377 209 166  59 247 118 202 258
   296  41  12 288 220 332  12]
  [  0 368  78  22  41 330  12 147  29  70  92  34 338 372 242 397 201
   167 198 187  22  44  18   0 175  18  40 263  28 345  67 326 281 338
   398  64 299 335 320 380  91]
  [  0 147 298 151  48 128  92 135  59 339 155  58 315 202 344  93 334
   309 380  92   9  70 225 105   0  49  22  39 403  78   8  38 326 299
   178 195  89 191 295 379 209]
  [  0 380   6 380 285  68 159 105 335 143 124  11 125 286 239 219  16
   406  63 284  70 399  71 240 342   0 260 397  49  14  82 402 195 146
   357 330 298 186  28 209 327]
  [  0 360 291 369 245 371 160 284 194 200  29 388 289 352 103 350 136
   194  37 221  56 294  62 134 361 305   0 141 349 319  78 211  79 132
    54 251 103 163 359  17 357]
  [  0  34 240  41 308 331 141 119  15 244  63 221  50  49 354 353  66
    12 244 185  63  39 269 121 363  23 307   0   5  76 241  54 110 117
   326 306  56 208 112 402 127]
  [  0 290 135 122 264  64 177 170   5  66  68   2 188  37 221 364 393
   233 133 300 404 193 288  34 377 228 348 138   0 157 372  44 268 170
   321  23 397 347 298  14 275]
  [  0 309  55 297 266  66 171 182 316  79 253 222   5  70  17 383 302
   294 378 336 243 129 273 347 382  74 353 398  64   0 396 337 189 364
   271 149 382 366 219 314 367]
  [  0 165  68 329  10 234 288 392 289 382 120 274 198 381  54 222 399
   233 107 174  79   7  35 296 138 105 299 233 283 346   0  69 373  89
    94 157 349 140 363  57  60]
  [  0  92 214 254 198 276 139 330 132 320  83  43 305 109  50 395 102
   101 329 125  17 104  23 127 222 227 111 407 192 167 244   0 105 183
   299 302  23 335 245   6 398]
  [  0  75  99 131 201   2 183 240 129  82 303 170 249 259 267 395 290
   294 100 310 202  34 280  40 152 363 104 227  27 165 353 357   0 306
   237 321 282 340 139 244  37]
  [  0   1 109 390 236 196 383  86 134 174 217 378  31 347 205  16 100
   157 281  13  76 254  77  56 197 276 360 211  23 183 257 153 354   0
    79  30 192 399 165  37 365]
  [  0 304  41 316 205 240  81 287 315 305 297 105 324 211 223 287 286
   343 364  26 102 127 225 280 381 202 339 145 207 137  49 125  67 396
     0 379 141  72 306 327 407]
  [  0 130 271 247 171 369 220 154   0 335  29  18 376 141 138 229 126
   406 259 106 117 246 286  15 152  26 319 134 223 198 398 353  41  49
   180   0 207  50 396 131 301]
  [  0 258 178 204 339 101 373 112 111 298 208 130   1  85  77 306 390
    33 337  87 192 275 261 155  43 394 277 219 245 178 405 166 178 396
     4 112   0 327   8 253  13]
  [  0 191 180 315 241 285 222 366  97 399 313  52 292 203 262  21 352
    64 181 127 336 120  23 217 318 137 358 148 339 262 154 286  97 138
     5 283 190   0  10  20 360]
  [  0 255 213   1  48 330 151 142 129  93 215 190  49 268 379 275 302
   382 171 383 132 126 276 129 257  97 313 391 389 184 360  57 140  88
   265  78 277  97   0 325 312]
  [  0   6  77 157 227  44 378 344 146 135 310  26  73 361 339 326 236
   253  50  20  97 320 110  33  68 262 273  16 204 373 380 144 256  90
    20 355  16 281 122   0  38]
  [  0 283 395 199  79  55 342 105 267 106 405 227 393 136 383 124 394
   240 312  82 296 272 179  14 314 182 214  41 118 166   1 213   5  25
     0 347  63 320 104 237   0]]

 [[  0 329 358 273 138 360  25 147 181 215  61 187  56 402 114 398 100
   205 216 146 232  68 115 211 240  75 288 263   4 222 128 111 295   8
   109 123 176  88 399 321 399]
  [  0   0 301 353 119 177 377 370  69 140 163 214 176 335 238 284  27
     5 334 348 116 201 332 404 402   4   1 297 203 188  17  98 177 138
     0 376 314  60  50 336 323]
  [  0 246   0 189  55 308 104 372 295 264 142 201  22 355 252  66 164
   230 193 399  54 306 350 371 172 310 352  68 153 235 384 199  98 200
     9  92   8 307 220  83 241]
  [  0  42 369   0 171 257 321  90  83 165 220 317 213  83 259 318 102
   225 232 229  81 374 223 191 370 113 231 368 223 158 124 361 117 287
   164  92  64 243 302 187 140]
  [  0  10 111 162   0 363  46 277 234 163  36  51 282 176 195  76  90
   273 161 345  31 344 251 397 218 344  36 299 333  70 291 183  56 143
   299 368  54 195 227 197  88]
  [  0 201 135 322 177   0 358  18 382 278 321 246 315 261  71 265 239
   148 324  85 304 166 378 115 333 215 314  58 170 351 304 230 191 157
   245 122  38 223 243 170 300]
  [  0 240 383  20 385 163   0 301 325 203 208 146  77 311  29 163 298
   177  51 374 120 169 199 219 308 187 116  61 399 221 275   8 256 212
   232 162 364 120 352 125 185]
  [  0  94  68 138 225 196 164   0  13 307 115 188 360 116 200 350 397
    60  73  49 329 175 315 257 124 405  49  41 345 210 315 215 351 284
   283  35 358 188 272 278 152]
  [  0  62   7   5 164  25 213 147   0 220 109 332 186 118 125 323 222
     7 240 336 306 131 405 108 199 271 342 213 255 286 273 189  23 109
    64  68 298 384 325 278 307]
  [  0 267 354 351 297 326 211  93 386   0  41  48 199 209 140 327 114
   374 311 119  20  75 305 159 219 334   8  47  99 109  96 188 148  40
    47 296  62 104 348 386  30]
  [  0  41 267 165 254  31 265 171 117 283   0 277  20 160 159 169 232
   294 372 115  85 395 368 295 387 111 269  87  58  47  27  40  80 371
   326  19 112 193 153 287 201]
  [  0  21 256 178 276 178 149 123 326  55 333   0  15 179 177 291 242
   171 392  46 335 140 282  71 289  55  51 374 292 373 237  84 400 224
   188 166 366  52 153   3 406]
  [  0  70 195 102 171  44 383 309 269  49  33  83   0 371 217 307 233
    76 214 209  67 319 322  84  97  35 351  55 182   3  35  96 220 362
   259 381 156 206 361 402  32]
  [  0 149 232 405 118 265 168 383 197 319  49  20 191   0 226 213 249
   367 117 134 325 149 377   6 338 337 336 200 324 292  33 350 361  95
   164 396 202 291 342 141 298]
  [  0 206 167 248  42 240 402 267  74 125 109 309 367  94   0 214 156
   384 102 309  34 329 367 183 105  73 265 339 171 295 347 114 206 283
   310 251  50 347 156 298 244]
  [  0 297 195 244  92  70 279 239 374 241 115 121 153 249 387   0 221
   224 293 328  49  26 202  96  51  56 193 206 122 107 319 334 227 313
   280 294  21 223 317 330 379]
  [  0 341 366 367 260 319  12 301 227 316 141 130  44 189 103  26   0
   341 397 137  84 181 387 204 173 285 375 275  47  49 310  85  41  82
   151 356 117 355 397 287 256]
  [  0 375  69 341 378 227 148 130  93 405  13  76 224 174 166  52 313
     0  97 293 294  40 213 359 181 301 312 385 329 301 352 405 189 135
    55 242 407 127  98 182 201]
  [  0 132 350 272  71  32 382  51 177 112 221 372  39  39 389 360 314
   224   0  65 302  47 129 330 251 149 236  77 166 368 396 383 188 150
   362  92  31 258 292 211 170]
  [  0  67 176  30 166 273  45  44 369 114 190 258 399 266  25 226 323
   110 291   0 157 226 275 152 317 273 247  52 127 286  60 395 303 228
    44 379 331 405 177 254 356]
  [  0 253 307 307 293 289 259 145 131  15  76 392 153 177 288 166   8
   375 206  59   0  90 244 115 212  55 256 114 373 231 320 367 392 181
   159 283 327 145 311  54 215]
  [  0  22  80 287 357 327  65 374 104 225  40 370  99 324 246  10 355
   113 327  60  46   0  60  91 347 247  45 303 165  48 177  61 216  30
   223 122 227 315  60  90  44]
  [  0 406 153 186 246 299 400 328 256 226 380 174 163 111 272 360 325
   290  35 331 287 186   0 233 296 320 186 364 380 367  53 206  59 290
   299 165 349  84 317 344  24]
  [  0 261  56 354 333  40 154 359  10  28 270 148 156 170 277 346  30
   131 249 326 277   3  95   0 148 351 404 266 104 133 381  58 109  24
    92 154  41 207  15 250 119]
  [  0  42  82 346 222 225 279 164  56 326  11 206   4 109 326 194 327
    33 175  95 343 251 117  82   0 401  88 367  58 224 205 144 232 307
   291  51 397 358  40   0 143]
  [  0 119  34 166 198 351   8  18 293 324 258 371 387 184  18 283 147
   260  59 289  27 102 309 346   7   0 206  19  53  46 306 226 220 155
   333 140 300 344  17 262 279]
  [  0 316 240 220  44 401   3 190 315  26  32  41 306 405 103  56 356
   267 206 217 137 203 343 129 119 271   0 355 114 247  82 218  27 188
   179 405 402 130 113 208 299]
  [  0 161 303 334  44   6 205 354 121 251 397 286 341 360 146 310  75
   375 155 372  69 134 144  14 405 345 238   0 287 102 311 136 252 274
   107 260  80 344 193 376 268]
  [  0   7 139 398 149 184 232 272 176 132  73 387 236 157 262  28   3
    90   7 275 125 323 278 209  24 404 152 370   0 353 344 279 360 158
   122 405 338 151 308  36 203]
  [  0 282  40  18 291 268  10 246 350 365   6 372 261 283  73 144 143
   317 195  18 150  43 114 322  38 386 204 180 380   0 404 113 401 345
   364 314 400 117 311  28 395]
  [  0  70 140  53 101  36 251  25 371 376 202  82  38 281 292  64  48
   287 405 274 221  71  12 224 374 338 269  42 304 352   0 267 202 250
    89  77 163  98 323 372 327]
  [  0 356  54 158 316 315 229 110 128 102 154 149 203  64 335 216 310
   370 350 313 243 136 150 384 106 240 209 179 179 245 364   0 397  38
   301  39 103  90  99   1 278]
  [  0  22 375 363 170  64 300  86 373 209 253  90 177 288  83 187 132
   125 289 159 106 354 354 372 349 302 121  57  30 267 103 139   0 145
   101 396 248  28 255 232   0]
  [  0  41 315  24 343  33 285 219 351 340 336 134  44 324  61 149  72
   358 394 295 384 385  74 234 215  92  28 115  40 343 201 182 318   0
   204 312   1  47 245 131  93]
  [  0 345 227   9 281 186 300   3  21 113   0 401 397 314 127 382 198
    57 175 400 219  72 292  71 327 296  20  98 344 222  40 272 227 160
     0 345 209 108 216 201  79]
  [  0 212 180 136 245 386 347 233 120  18  60 137 405 350 357 301 391
   200 123 309 231  10 394 197 373 147 367 326 294 356 373 251 186 305
   245   0   1 298 100 379 278]
  [  0 331  42 148 404 334 196  66  24 367 239 387 375 270 282 277 390
   126 329 216 236 112  34 141 225 249 286 269 120 162 162  90 335 377
   221 385   0 112 348 162 398]
  [  0  12 168 281 362 370 299 157 106  15 246  91 181 302 373   4 147
   306 179  36  98 332 274  59 279 105 263  52  68 342 193 230 149 264
    79  33 145   0  90 174   8]
  [  0 244 219 264 118  91 106 299 331 210 139 220  15 179 388 344  58
   172 363 240 299 118 200 159 322 237 223  62  75 221 196 140 168 144
    56  81 154 251   0 248 102]
  [  0 276 354 251 295  55 171 382 397 114  50  50 196 136 164 391 153
   382  38 375 404 270 216 393 405 111 341 232 225 216   9 165  10 216
   291 320 225  87 251   0 310]
  [  0  58 325  57  24  38 152 282  15 319 327 130 364  87 389 246 180
    19 309 258 314 239 218  73 257 180 336  46 227 298  55 334 112 222
    87 365 315  28 239 234   0]]

 [[  0 161 405 314 187   1 329 376 105 311 100 373 152 229 219 323  25
   320  36 188  88 108 374 122 194 312 297  87  11 257 198  43  83 354
   352 219 301 128 146 369 276]
  [  0   0 310 189 133  96 300 264 234  98 396 129 334 130  64  92  96
    57 315 167 364 119  74 205 143 176  33 318 197 396  24 206 151 333
   338 346 176 340 221 343 407]
  [  0 279   0 340 340 201   2 351 123 183 355 407 238 390 384 200 296
   116  25 239 102 119 195  48 216 261 205 353 351 338   4 345 388 178
   134  13 161 398 363  13 321]
  [  0 109 383   0 247 317 159 183 125  33  59 113 286 178  98 144  39
   113 212 125 385 260 163 310 319 188 344 158  81  10 348  53 275 187
   159 401 136 225 331  45 240]
  [  0 193 379 237   0  69 335 177 360 136 229  72 329 287  89   6  93
   309 166 266 111 172 204  46 131 152 213 126  14 257 322 162  12 285
   196 205  19 393 177 378   4]
  [  0 133 333 108 186   0 239 213  86 324  39  42  98 355  96 110 385
    89   3 274 309 179 181 315 244 403 394 105  53 331 272 286  53 175
   405 367  61 188 177 406  38]
  [  0 185  48 397 384 303   0 121 385 160  10 345 176  53 356  15 137
   322 275 113 274 335  37 107 352 380 225  80  15  30 407 300  98  95
   177  44 302 376 208  90 257]
  [  0  21 250  19 195  84  27   0 111 232  57 276 313 348 293  16 104
   346  31 197  36  92 266 401 147 373  64 190 122 151  58 277 114 253
   360  19 253 332 173  94  55]
  [  0 179 336  46 154   2 304  90   0 208 248 212 321 323 311 383  63
   192 350  95 380 291  95 367 124 205  16 213  48 403 278 168 300  23
   146 346  55 368 131 282 226]
  [  0  23 180 221 116 354  47  54  99   0 218 331 163 319 251 292 300
   283  10 255  49  87 206 360 392  14 117  90 347  26 158 265 104  56
   117 389 241 252 332 382 230]
  [  0 350 139 346  27 289 212 161  40 277   0 288   3 213 191 390 123
    26   8 234 271 363 155  89 181 180 350 271 224 128 182 119 114 181
   320 281 193 246 107 212 143]
  [  0 166 390 347 156   6 204  72  66 397   3   0  74 108  61 230 284
   268 176 305  30   7  80 125 174  40 145 237 383 182  13  20 127 348
   245  63   1  24  94 131 107]
  [  0  22  85 149 129 269  18  84 262  44  22 253   0 216 265  59 293
   298 252 306 257 267 230 120 393 390 318  30  70 284 193 171 405 335
   223 202 222 252  76  87 379]
  [  0  49 120 109 301 341  63 299 107 213 220 309  49   0  64  27 237
    23 168  21  75 105 350  68  69 401 400 310  50 216   5 279 395  11
   214   2 350 195  40 227  97]
  [  0   4  10 159 299 356 315 291 205 249 349 177 341  65   0  65 304
   125 371 392 177 365 139 307 371 238  87 363 120  85 221 336 133 358
   264 215 311  84  33 334 312]
  [  0 128 272 145 157  88  28  37 296 102 358 247  86 386 315   0  40
   328 244 116 153  34 335  19  74 339 160  69  81 315 289  25   5 141
   255 364 261 113 146 197 264]
  [  0 166 111 337 370 379 392 229 263   4 293  58 262 174 300 101   0
    18 171 309 258  21 322 233   7 278 262  79 190 216 201  94 280 276
   266 273 215  94 399  96 102]
  [  0 244 345 270 246 223 195  47 325 355 112 259 363 100  68 402 116
     0 403 255 289 223  82 263 269 108 294  84 217  74 256 265  33  58
    73 394  11 358 110 143 315]
  [  0 238 293 385 276 101 293 348 119  23 194  67 130  18 102 244 281
   151   0 384 370   8 268  93 184 400 292 138 169  68 169  91 371 272
   132 196 358 174 142  37 386]
  [  0  59 355 167  18 255 203 191 137  53 356 158 198  13 116 161 145
   374 222   0 261 131 139 230 279  33  44 348  88 338 125 164 263 291
   231 243 404 379 397 294 203]
  [  0 287 141  28 405 370 237 164  15 406  29 361 354  28 236 353 313
   168  79 171   0 359 160 109 249 264  94 326 357 340 101  64 214 328
   113 152 196  77 304 186 114]
  [  0 248  42  59 317 179 106 292  14  11 293 384 194  34 279 189 159
    82 143 351  92   0 150 246  72 233 150   9 327 163 257 272 400 299
   173 163  11 199 296 273 132]
  [  0  69 323 134  13 346 116 235 383 165 204 386 329  50  22 388 252
   319 383 121  41  70   0  97 342 235 311 281  33 156  15 292 116 268
   195   6 406 231 406 308 160]
  [  0 300 214 342 307  36 153  83 365  25   3 171 368 237 217 128 286
    39 385 269  73 182 320   0 334 146  47 242  31 158  60 182  34 322
   353 145   2 380 149 351 257]
  [  0 344  61  32 370  43 218 380 282 148 348 175  89 177 208 229  19
   184 171  99 287 233 145  66   0  75 400 193 269 332 389 292 142  46
    34 336  60  72 163 149  38]
  [  0 126 138 295 111 315 345 371  23 307  66 320 393 229 163 173 106
   327 338 380  56 261 146 168  29   0 125  11 394  39 347  18 361 315
   172 229  24 313  14 160 255]
  [  0 404 336 207 257 293 349 258  89 143 122  68 189  68  53 396 213
   383 268 184 116 141 266 166 395 342   0 150 371 280  12 402   5  98
   275 196   6  66 330 286 104]
  [  0  84  93 159 342 172 152 148  17 115 376 127 263 364 240 223 181
   111   4 358 275 132 177 273 396 225  38   0 349 299 179 312 197 193
   145 335  74 315 386  73 123]
  [  0  22 161  28 235 272 145  43 110 397 293 162 173 262  20 140 165
   375 313 300 288 365  96  89  77  15 167 156   0 355  11 360 127 102
   162 245 264 209 401 121   2]
  [  0 219 263 115 296   4   7 119 306 291 351 293 295 261  10 276  94
   323 247 405 283  16 227  13 173 315 406 131 291   0 272 327 140 139
   174 256 101 233 161 162 137]
  [  0  24  97 218 220 165 165 209 397 220 133 361  62 402  56 391 396
   393 401 376 195 336 195  26 256 308 354  66  79 304   0 241 187 129
   233 325 302 336 313 232  16]
  [  0 265 171 202 385 188 340   3  78 170 276 237 397 388 101 170  76
   180 362 400 147 244 307 183 101 177 331 185 277 317 214   0 277 112
    97 158 243  97  19  49 241]
  [  0 366  19  95 278 340 359 144 104  21   5  38 217 375 387  96 260
   233 356 255 335 239 161  95 297 282 407  14 125 105 170 310   0 375
   322 338 106 298 249 179  98]
  [  0 171 145 208  14 169 110 372 365 201  11  80 293 340 307 344  89
   271 124 183 338 174 134 140 264 196 117 152  89  48 357  77 107   0
   259 388  78 225 209 341 226]
  [  0 185 158 242 325  62 156 284  65 374 138 252  53  17 133 340  57
   298 190  55 218   0 203  14 134 216 194 196 181 174 392  38 322 204
     0  67 397 317 228 348  80]
  [  0 272 272 374 308 363  93 104 334 224 119   4 405 294  28 407 124
   334   6  83 327  77 160  88 308 164  42 267 107 145 156 265 227 114
   140   0 300 332 361 311 402]
  [  0  59 282 325 402 236 394 102  17 194 360 222 378 154 108 134 404
   141  50 258 262 328 343 140 201 281  36  72  50  13  75 250 197 195
   398 315   0 247 341 136  77]
  [  0  27  58 230 399 120 213 218 290 371  17 148  45  24 167  40 249
    35 129  97 300  24 343  19 313  65  82 181  41 276 365  52 140  13
   370 210 327   0  21  44 381]
  [  0 406 160 171  73 185 242 402 188 219  68 241 207   1 334 279 184
   341   4 162 173 169  20 354 396  21 208  97 134 151 221 149   2 335
    44 332  45 167   0 208 256]
  [  0 168 318 348 185 193 205  65 305 104 365  57 134 202 135 231 189
   175   0  28 290  86  26  85 117 348 192 173 175 303  61 175 235 299
   339 165  68 142 388   0  61]
  [  0 403  96 277 158  58 297 122 109 343 336 377 259  61  98  88 211
    79 381  86 268 395 159 115 156 153 111  45 367 129 194 357 214 300
    49  84 116  93 171 259   0]]]
release_time
[  0  45  30  35  67  58  24 113  42  44  82  35  49  69  18  70 172  43
  42  71  16  42  57  44  96  95  58  91  27  65  31 112  57  16 108  21
  88   8 236  80  59]
due_date
[  0  95  96 110 118 125  97 119 106 110 106 124 105 121  95 119 289  96
  95  97 105  99 118 112 125 105  97 119 107 108 107 125 114  96 113 121
 122  98 240 108 102]
unit_emission
[17 19 17  9 15]
emission_limit
37252.0
setup_severity
2.0
due_tight
0.9
due_range
0.25
release_tight
1
degree_constr
0.5
