mach
2
job_rate
5
weight
[ 0  4  5  4  1  6  3  8  4 10  6]
proc_time
[[  0  77 132 120  71 129 150 142 110  98  62]
 [  0  83 108 113 122  82  53 108 147 113 100]]
setup_time
[[[0 2 4 0 2 3 0 3 0 5 2]
  [0 0 4 4 1 5 1 3 0 4 0]
  [0 5 0 1 1 5 5 5 0 1 1]
  [0 2 4 0 3 2 5 5 4 5 3]
  [0 1 3 0 0 2 0 2 4 3 5]
  [0 4 4 5 0 0 5 0 3 1 4]
  [0 2 4 5 3 3 0 0 2 1 0]
  [0 4 0 2 3 0 4 0 2 2 4]
  [0 2 2 2 5 3 5 0 0 3 5]
  [0 4 5 0 5 0 5 4 3 0 4]
  [0 5 5 2 4 0 5 1 2 3 0]]

 [[0 0 3 3 0 3 0 4 2 4 0]
  [0 0 0 3 0 0 3 3 4 4 4]
  [0 3 0 3 2 5 0 4 0 5 5]
  [0 1 0 0 3 5 2 2 4 1 4]
  [0 4 4 2 0 0 5 2 0 0 0]
  [0 4 4 0 5 0 2 4 5 4 2]
  [0 1 1 0 2 1 0 5 3 5 3]
  [0 5 3 0 4 0 0 0 1 2 3]
  [0 1 3 2 0 1 3 0 0 2 4]
  [0 2 3 0 2 4 5 4 4 0 0]
  [0 5 3 0 1 0 0 5 0 2 0]]]
release_time
[  0 390 291 297 375 332 308 364 326 401 355]
due_date
[  0 393 380 385 391 402 379 413 413 403 401]
unit_emission
[19 11]
emission_limit
12700.6
setup_severity
0.02
due_tight
0.3
due_range
0.25
release_tight
1
degree_constr
0.8
