mach
5
job_rate
8
weight
[ 0  1  8 10  2 10  8  3  4 10  8  2 10  7  4  7  1  3  1 10 10  6  9  2
  8  2  7 10  8  7  3  8  1  5  9  3  8  8  7  4  8]
proc_time
[[  0 141 140 146  69  53  61 104  83  73 135 104  79 143 125 141  91  77
  124  54 114  99 146  93 104 107 122  54 114  65  85  99 139  60  92  92
  132 120 127  95 126]
 [  0  93 143  56  51  80 102  55  64 121  84 121  98 125 133  51  99 131
  131  61 101  61 129  61  57  50 115 105  54 123 126  79  60  79 142 115
   81  98 103  87 104]
 [  0  81  64 141 114  83  59  72  52  92 102  60  66 117  50  88 150  90
  133  83 118  65  77  61  56 106 150  64 148  51  89  87 129 127  88 101
  112  83 125  93 102]
 [  0  61  80  82 150  82 146 131  89  66  87 149  87  65  52 124  65 134
  136  61  73  94 115 110  90  80  73  74 140 107 117 142 105  71 142 124
   91 102  99 116 117]
 [  0  75  91 100  79 123  56 116  67  50 108 145 115  72 130  65 115  96
  111 145 106 111  60 124 104  50  91  60 129 130 131  98 148  56 103 140
   79 140  51  79 137]]
setup_time
[[[  0 251 302 189 162  54 278  95 103  13 200 220 245 267   9 264 239
   111 294  53 339 212 334 393 387 172 227 352 153 319 301  87 370 184
   220   9 342 115 321 117 214]
  [  0   0 364 369 357 195 217 182 102 343 124 167 223 341 391 268 286
   356  65  95  30 343 149 374 168 356 342 363  91 192 145  34 114 117
   374 100 390  55 361 146 335]
  [  0 117   0 196  48 252 370 171 366  84 175  43 348  77   0 261 167
    59 221 128 277 202 383 325 188 362 258 122 341 118  63 139 344 260
   155 246 376 147  23  14 378]
  [  0 324  41   0 357  80 153  38 176 282 209 139 148 249 274 353  22
   188 145 228  41 341 297   8 140 391 220 378  76 356 155 153 185  15
   198 300 139 288 216 316 271]
  [  0  64 197  81   0 334 106  19 333  36 189 335 347 262 135 162 118
   380  19 290 150 320  28 178  31 373 340  71   3 330  21 133 318 249
     2 151  12 336 235 209  72]
  [  0 158  79  53 167   0   6  93 129 309 253 191 142  73 187 294 339
   360  66 266 261  26 297 383  52  84 338 157 361 169 251 200 247 242
   252 106 270 227 144 282  73]
  [  0 210 280 371 372  62   0  38 295 223 218 164  74 229 260  94 223
     8 323  75 189  45  28 204 356 212 102 292  23 152 232 360 368  70
   374 150 217 294 230 327  19]
  [  0 129 358 308 181 331 270   0 334  95 231 103  11 337  80 170 331
   333  15  14 120 167 189 138  29 299 186 339 121  37 263  75 274  77
   304  30 176 228 291 378 107]
  [  0 103 332  13 302 285  74 266   0 324  78 211 202 298 168  61 298
   358 142  81  65 387 325 239 264 202 112  54 179 309 171 155 131 221
   386 324  84  21  59 233  49]
  [  0 101  91 318 383 357 387 383 294   0 145 338 128  10 237 232 283
     2 263 331 243 274 239  67 117 113  49 208 250 137 325 175 303 229
   240 150  51  13   5 122 234]
  [  0 385 179 208  56 276   8 286  99 308   0 340  91 301 103 341 308
   301 367  70 242 312 337 206 354 308 270 386 135 151 197 355 385 253
    65 176 158  82 181 171 381]
  [  0   9 371  18  43 139  15  59 249  19 172   0 332 162  79 166  19
   146 284  55 318 178 221 322 122  64  70 356 380 294  81 136 279 190
    67 311 307 118 284 267   6]
  [  0 308 302 123 286 230 232 119 239 174 136 211   0  32  55 195 385
   230   3  71 359 343 300 274  39  26  63 193  40 100  88 335  25 298
   357 333  25 269 158  95  93]
  [  0 148 360 286   8 298 346  74  86 176 152 254 206   0  64 281 217
   276  99 339 375 192 252 370 200 281 286 246  19 168 331 369  28 204
   344  43 357 206   5 378  38]
  [  0 264 351 187  79 372 123 271  88 261 390 383 295  22   0 313 341
   388 246 234 171 267 361   2 134 109  48 211 263 223 240 355 258 343
   326 286 278 310  17 327 370]
  [  0 329  19  15  30 312   9 161 282 142 228 139 232  21 142   0 195
   267 337 355  97 269 382 219  95 306 308  31 218 372  14 119  81 309
    60 361  13 158 275 270 141]
  [  0 362 148 125 332 148 105  69 167 123 362 349 192  41 281 187   0
   123 331 173 276  92 187 356 335 388   6 138 152  85 248 301 258 297
   345 245  41 147 392 373 174]
  [  0 318 213 134  92 294 155  14 239 108 210 268  13 233  52 362 111
     0  65 316 201  63 270 362 227  63 211 164 114 104 238 211 103 178
   310 338 300  68 241 162  50]
  [  0 309 197  73  79 294 266 195  55 281 203 358 276 174 163 213 387
    93   0 308 322  66 282 305 229 278   0 196 228 171 102 252 229 224
   364 109 133   5  41 342  88]
  [  0 113  87 285 309   9 361 376 252  65 338 294 350 291  92 179 273
   128 294   0 273 306  71 132  14 327 184 314 115 230 382  18   4  86
   305 358 278 223  51 199 327]
  [  0   4 228 392 375 281  21 364  19 214   3 138 360  79  44 156 230
   123 307  33   0 393 239 193  76 279 211  83  83 112   4  77 195  63
   124 255   9 317 220 354  10]
  [  0 252 227 298 353  63  67  39 343 133 201  45  90 359  17  96   6
   317 379 223 366   0 143 328 251 382 106  58 248  24 356  10   6 212
   374 180 307 346 227 321 364]
  [  0 390 294 149  50 124  36 308 275 349  10 115 252  40 227  21  19
   124  46  90 154 266   0 366 156  56 387 229  87 285  22  81 246 186
   140 353 311 363 145 320 228]
  [  0 276 360  79 107 209 194 135 167 163 192 240 245   5 365 227 344
   197 249 309 260 247 106   0 281 233 184 173 347  45 379 345 345 175
   100 145 182 193 118 320  58]
  [  0  43 295  13 101 372 307 167 135 151  60 360 134 104 343 215 108
   362 320  82 331 156 346  21   0 339 389 127 187 372 116  95 197 257
   124  60  97 234 377 159 237]
  [  0 306  83 328 337  34 164  29 118 336 288 142 248  60   8 301  74
   132 164 322  33  93  58  31 127   0  66 232 103 268 229 193  72 273
    39  77 280 311 115 136  36]
  [  0 163 211 268  96 264 392  27 346 272 365  98 227  18 345 228 199
   226 132  61  28  87 198 219 304 331   0 320 172 269 342  67 142 233
   142 258  46  67 376  72 352]
  [  0 365 370 106 358  71 202 131 337  99 100 366 381  79  30 185  58
   214 106  39 104 238 132 323   9 250 367   0 336 322 146  78  32 362
   388  42  68 143  27 211  16]
  [  0 332 156 195  79 153 188 291  32 350 332 237 223 189 105 234  89
   287 192  53 347 207 226  34  61  49  31 278   0 120  65 327  63 356
   206 206 174 369  64 105 367]
  [  0 333 195  29 101 348 311 321  95 157 268 374  34  48 115 204 113
   158 277 284  12   8 262 158 381 181 162 136 364   0 299 295 338  93
   226 257 221 391 199  79   4]
  [  0  81 155  78 335  72  80 169 320 357 285 280 148  39 239 322 182
   124  81 335 113 244  84 120 390 277 193 172   7 271   0 100 196 190
   170 251  24  83 168 316 276]
  [  0 344  80 377 171  19 272 255  75 173  64 355 200 302 211 109 327
   138 216  87 333 236 113 303 307  17  26 238 309 183 142   0 376  13
   159 330 318 167 162 181 133]
  [  0 127 205 270 243 118 102 375 237  30 329 249  91 132 164  34 210
    40 172  94 337 363 330 312  85 352 221 328 180 201 260 388   0   9
   101 116 161 284  35 223 370]
  [  0 281 294 334 108  16 274 363 368  55 230 295 337  88 317 207  53
    82   9 304 224 260 280 165  79 334 221 344 109  82 283 309 259   0
   313 151 137   0 192 290 223]
  [  0  78 214 340  93 290 140 149  37 195  33 330 265 367 119 248 342
   281  43  54 143 384 370 382 162 200 127 187 298  52  65 367 129 260
     0 295 227  53 302 261  93]
  [  0 230  30 360 171 107 146 150 298 273 382  20 108 111  12 301 239
   283 125 120 151 366 157  88  99  64  15 321 390 105 215  76 291 126
   182   0 352 337 334 384 386]
  [  0 373  68 161 133 371  25 308 294 151  67 256  76 245 195 113 113
   369 227 280  83 140 393  50 234 267 177 172 340 198  79  98 393 363
   129 233   0 279 378  75 159]
  [  0 232 191 264 115 195 227 148 130 224  49   4 221 277 251 383 138
   219 176 322  36 177 113 133 331 156 357  92 241 177 245 335   2 275
   277 154 201   0 218 381 303]
  [  0 201 144  45 272 246 201  57  91 173 307  48 118 386 109  31 323
   199 228  67 209 100 200 210 255 280 142 250  68 230  41 311 221  65
   307 144 189 360   0 209 152]
  [  0 279 239  75 322 381  88 339 327  98 210 260 151 256  17  11 117
   341  51  55 137  51 214  88 329 353  54 334 313 284 230 367 125 379
   113 231 380 302 309   0 261]
  [  0 213 318 123  78 116   2  17   1  37 162  54  95 382 262 204  74
   223 240 280  18 154   3 220 355 122  94 215 237 379 259 347  58 173
   218 248  82  81 285 207   0]]

 [[  0 283  80 308 291  90  14 372 186 389 167 155 392 216 355 246 107
   191 108 103 198 238 290 239 311 298 360 296   9 295  34  14 247 312
   328 362  41 318 184 127 229]
  [  0   0 304 161 261 249 200 355 108  30 279 194 377  94 114  56   4
     5 317 201 112 188 338 268 154 310 286 195 165 341 116 323 270 208
   338 213 207   6  71  10 354]
  [  0 133   0   5 169 379 272 310 177 350  96 354 279  82 391 375 113
   171 315 115  41 226 382 248  68   2  25 244 377  49 344  58 302 168
    60  27 302  23 118 282 356]
  [  0  72 198   0 166 326 250 157 138 142 287  63 181 267 155 393 248
   335 158  39 119  82 258  22  66 349  73 266 107 341 159 199 134 346
   166  82 297  67  93 245  88]
  [  0 169 306 172   0 189 294 202  35 115   4  35 325 214 389 324 131
   339  16 263 151 361 167 115 222  78 105  80 102  22 366   4 117 107
   338 306 357  35 129 158 157]
  [  0 174 217 101  51   0 113  53   7  75 307 378 166  29 296 242 142
   383 366 387 280 231  91 331 355  73  85 204 266 242 301 290 246 131
   282 392  50 218  91 320 298]
  [  0 308 259 192 253  19   0 219 292  53  85 120 194 345 340 291 163
     9 178 379 120 376  17 354 149  45 381 218 355 360 172 316 287 163
   288 172  95 319 264 380 247]
  [  0 194 223 319 177 263   0   0 170  26 156 143 274 386  50 316 298
    26 383 350 138 380  50 266  53  91 228 271 170 250 370 271  56 188
   388  46  40 369  24 258  91]
  [  0 322   0 125 256 330  91  59   0 389 198 287 324 121 148 298 198
    90  86 297  85 247 262 240 263 335  37 275 271  63 374 122 180  67
    19 124 235 305 293 203 163]
  [  0 237 117 213 378 167   8 177 275   0  84  70  96 166 170 375 365
   319 114 114  30 185   9  74 201 132 378 342  96 339  33 327 234  39
   369 263 206   6 333 271 115]
  [  0 184 254 146 171  61 131 203 276 263   0 273 225 178 347 212 119
   293 283 162 201 320 351 316 101 313 134 369  58  16 174 101 292 355
    90 111 122 165  99  37 370]
  [  0 192 276 252 370 112  72 390 111 168 314   0 373 244  64 365  14
   168 151 303 389 317 260 149  83 196 379 332 195 363 290 108 294  23
   275 166 227  40  63  80 224]
  [  0  89 240  57 183 212 167  72 391 202 363 239   0  73 128 105  21
   108 211  97 312 156 173  96 253  80  30 364 317 250 145  19 216 180
    68 176  95 216  99  51 246]
  [  0  39 333 200 166 166 331 379 169  35   1 131 382   0 291 262 236
   287 307 295 271 352  46 286  35 144 207  78 275  71  57 293 178 392
   320  59 346 114 248 105 171]
  [  0 164  20  23 302 271 195  86  45 306 210  98 325 302   0 343 274
   296  79 267 197 110  14 117 161 340 387 177 134 368 129 254 222 287
   337  74 314 355 321 291 393]
  [  0   7 139 185  82 142 271 315  95  70  49 148  23 232 202   0 264
   201   3   0 310  20 360 358 274 217  45  22 351 146  36 384 223 360
   312  43  71 163  86 234 305]
  [  0  93  54 309 181 263 286 383 269 143  16  70 339  78 245 186   0
   332 167 269 273 342 342 197  11 165 151  77 327 223 261 248 256 171
   210 302 254 125  82 311 270]
  [  0 209  28 335  57   5  82 107 251 307 206 244  57 256 336 328 157
     0  99 244  69 373 388  52 287 386 344 306 307 148 329  80 120 380
   209 136 131 142 177 152 114]
  [  0 367 343 317 262 294 133  17 204  95  30 325 284 260 127 227 374
    99   0 298 194  44 306 158  83 346 335 178 356  77   4 173   7 273
   386 270 101 248  92 222  28]
  [  0  30 257   9 236 193 225 221 107 199  57  44 338 380  77 358 373
   226 354   0 232 385  75  92  75 209 299  71  67 367 330 299 172  27
   256 270  69  43 365 145  85]
  [  0 380 235 349 236  53 281 131 163 161 380 319 159 289 131 353 126
   163 325 305   0 298 323 259   1 382 253  51 362 296  74  60  85 297
     2  88 214 297 250  57 247]
  [  0  13  48 147 242 248 125 228 109 315 258 362 383 380 244 222 237
    23 313 144 189   0 170 322   9  95  14  68  86  41 271 203 244 294
    59 253 282  56  95 386 187]
  [  0 158 114 302 349 117  48 234 187  65 346 112 114   4 387 365 218
    67  54 149 385 330   0 284 200  39 174 338 177 351 198  70 281 126
   123 179 161  40 325 208 295]
  [  0 365 201 308  23  84 103 102  36  42 238 279 291 117  83  76 257
    75 240 358  80 119  89   0 135 288 242  83 205  97  23  44  73 106
   221  47 208 390 208  47 271]
  [  0  65  27 353  44 277 146 200 346 355 391 383 116 158  77 389 134
   387 300 319 202   8 142 351   0  61 346 359 155  10 378 133 150 239
   312 297 246 319 120  86 346]
  [  0 309  50 306   4 135 358  58 164 237 359 308 372  40  19 279 178
   287  68 296 239  78 284   2 285   0 308 176  68 366 283 154 327  29
    96 335 332 297  47 112  53]
  [  0 186  11  69 138 352  47 236 174 251 270 344 383 263  12 120  11
   379 311   5 152  84 175  43 119 130   0  49 273 171 120 126 349 159
   192 160 389 129 227  62 251]
  [  0 129 282 265 366 341 345 387  51 234  29 137 374  35 343 323  13
   251  46  56 324 327  63 305 167 110 389   0 195 132 351 185 103 233
   367 221 265 187  48 299  15]
  [  0  19  90  60 303 327   3 169  60 314 233 184  42  98 238 302 132
   178 171 304 285 216 228 371 257  75 183 341   0 285  72 266 283  28
   385 128 187 275 179  11  17]
  [  0   5 366  40 209 377  98  62  31  97  29  21 262 232  81 371 236
    44 110 108 201 100 201 342 289 321 147 203 253   0 127 350 333 212
   361 388  98  57  36 229 150]
  [  0 146 329 118 174 361  26 148 211 114 184 362 146  49  66 201 332
   108 192  28  98 274 292 349 246  69 109  58  32 215   0 305 281  15
    10  20   7 248 115 153  65]
  [  0 338 298 167 304 172  90 279   5  33 225 325 241 333 194 157 102
   355 353 304 335  28 268 111 166 251 136 248  77 144 281   0 373   9
    35 354 285 217 301 116 139]
  [  0 225 176  24 217 257 358  76  54 235  75 164 248 332 243 130 207
   161 356 100 136 374 348 389  48 115 127 304 328 361  82 108   0  60
   341 168  93 293 100 245  51]
  [  0 149 140 351 243  46 173 325 239   7 216  72 357 233 225 189 247
    68 333 323  32  73 162 175 274  67  78  78 142  16 272 247 332   0
    98 129 343 117 131 331  50]
  [  0 339  81 191 376 242  24 321  27  79 343 191 283 209  79 359 387
   316  25   9 319 158 210 338  40 223 176 236 242 148 352 283 390  17
     0 310 158  29  48 236 382]
  [  0 185 282 339 205 360 138  83 153 309  79 335  83 259  22 133 248
   305  15 227  38  35  77 100 109 337 362 250 165 258  17 319 102 364
    38   0 223 151 242  65  68]
  [  0 254 370 266 281  82 193 390 382 218 343 119 350 259 276 306 366
   113 278 374 259  81 339 242 232  32 338 263  45 235  94 275  51  56
   202  10   0  60 147  73 154]
  [  0  46 218  39 125 354  75  86 360  38 118 177  55 276 122 320 235
    61 246 308  84 237 203 342  66 241 166 310 366  15 124  45 161  39
   116 348  17   0  75  27 370]
  [  0 311 128 237 135 391 377 174 324  64 162 214 376  80 168 242  13
    78  26 184  65 265 386 211 278  48 300  24  59  99 374 350 118  39
   200 134 150   3   0 360 118]
  [  0 188 144 110 152  50 218  14 123  25  57 181  71 126  87 182 299
   260 258 363 147 185 206 240 215 327 312 113 129 333 145 299 310  85
     3 371  50 172 174   0 101]
  [  0 312 317 289 186  53 124 141  57 267 362 259 155 315 315 162 194
   253 208 357 389 274 387 188 210 353 213 214 243 323  79  36  64 306
   379 320 319 291  54  64   0]]

 [[  0  16 368  92  49 381  90 156 317 375 187  54 188 292  16 211 364
   200 336 158  88 376  66  83  16 295 146 252 308 367 184  49  41   5
   193 124  89  40 198 306 381]
  [  0   0 371 224   7 129 196 189 147  81 172 152 298 202 273 285 291
   284 168 227 163 242 316 135 164  59 322 343 342  74 383 264 114  57
    98 136 340  83 379 346 131]
  [  0 269   0 220 128  98 187 269 376 136 303 286 102 210 201  17 353
   209 174 268 366 267 184  65  48 136  34  37 335 261 250 258 372 131
   158 387 389 281 279 322 353]
  [  0  67 391   0 222 202  28 206  70  44 335 355 117 287 113 277 189
   359 221 129 325 234   1 361 391  92  11 360 131 317 127 203  31 185
    78 206 327 259 114 351 373]
  [  0 171 226  94   0 247  58 196 311 307 167 253  32  84 240 125 379
   349   5 362 268  72  30 199 290 340 321 179 274 151 270 385 144 375
     0 338 218 104 374 382  72]
  [  0 164 199  24 373   0 344 355  79  73 346 264 265 313  95 234 155
   270  83 271 211 366  16  35  61 115 295 227  34 180 263 379 164  77
   277  73 228 118  42 327 157]
  [  0 159 275  62 211 392   0  20  58 112 152 346 222  11 294 163 234
    62 361 354  44   9  78 267  69 306   5 361 262 175  11 328  98 322
   129 165 285 289  67 158  66]
  [  0  92 317  56 290 181 153   0  45 362 325 114 207 255  29 168 200
   170  84  12  28 209 257 103 244 187  83 307 271 218  77 235 343 251
   293 175 286 209 188 263 311]
  [  0 338  96 207  73  71 243 173   0 313 119 299 363  93 321  10 380
   180 243 164  37 351 275  33 191 150 294 188  85 210 390 131  78  62
   272 163 317  43 366 375  69]
  [  0 342  96 123 286 174 321 153  98   0  31 102 211 322  66 168 353
   168 387 103 318 195  22 211 387 372 315  76 215 233 183 147  96 378
   285 168 333  64 350  43 232]
  [  0   1 285 273 352 180 127 340   5 296   0 301 389  15  72  61  11
   201   2 134  61 102 262  11 305  34 368 141 247 305 325 186 136 100
   127 283 259 105 296  39  61]
  [  0 138 178  30 331 306 266 210  82 258 254   0 124 190  44 365 204
   238 105 171 158 214 299 353 324 303 298 123 171   0  78 317 130 277
    95   5  89 335 291 389  52]
  [  0 295 105 157  57  44 125 327 164   4 211 212   0 252  42  57 354
    38 369  62  74 352 203 279  20 206 211  19 350 371 294 168 369  70
   215 170 382 182 372 367 116]
  [  0  72 233  48 279  32  46 196 377 305 255  34 201   0  22 287  65
   144  61 328 342 295 378 297 269  69 277 288 338 331 216  69 271 297
   247 246  39 182 216 385 328]
  [  0 296 112 204  79 373  11 146  22 356 342  26  42 308   0  92 312
   104 166  91  16 244 293 271 370 288 201 254 381 246 343 270  33 360
   310  19  34 311  36 267  10]
  [  0 174 122 366  93 285 244 379  52 314 164 180 352 131  38   0  45
   229 385 204   1  90 154  98 356 126 307 200 241  38 358 239 209 393
   102 182 300   6  63  87 155]
  [  0  63 188 314 139 314 165 341 230 343  60  75 357 290  30 385   0
   203  12  80 229 186 306 105 365 150 357 304 219 190 206  63 331 271
   338 297 262 282 275 177 146]
  [  0 272 271 178 267 227 355   2 166 348 249 164  52 287 262 280 125
     0  42 384  41  83  37 365 218  61 156  36  32 309 236 114  89 142
    49 321 189 312 108 134  33]
  [  0  47 344 276 227  50 339 281 128 152 237 248 218 215 272  86 366
   349   0 354 250 294  12 350 292  72 138 339 152   0 246 352 223 238
   341 172 193  18 150 205 372]
  [  0 117  89 270 128 220 198 200 196 206  27 283 207  78 336 236 121
   239 326   0 235 297 274  13 200  85  18 302   3   1 267 141   1 267
     1  90  38  80 309 210 289]
  [  0 156 115  38 294 144 344 243 201 164 222 382 287 372  15 177   5
   219 259  63   0 389 358  89 293 133 218 342 267 241 159 282 367 117
    83   8  91 337 174 305  79]
  [  0 234  78  78 211  79 167 176  75 154  32 356  72  31 380 150 191
    88 168 237 243   0 233  91 174 268 386 299  40 263 153 196 298 192
   316 206 113 197  99  24 103]
  [  0  61  99 221  76 261 334 258  10 204 318  78  92 147 113  13 109
   202 289 229 307 144   0 373 215 323 289  56 279 124 380  60 102  32
    82  82 270 232 121 161 252]
  [  0 328 355   6  76  81 100 260 223 344   1 294 103 209 335  57 273
     6 331 214 306   5 314   0 236   3 203  74  72 186 145 298 239 175
    16  33 212 307 205 298 335]
  [  0 312 153 259 175 168 237 349 308  61  14 304 134 282 230 297  32
   110 226  25 217  67 260   8   0 104 374  50 218 231  64  52 238 113
   138 207  38 380 123  96 314]
  [  0 324 135 180 382 204  17  46 375 143 360 157 338 110 113  99 337
   383  43 115  14  46  62 289 199   0 299 199 226 169 255 205 297  45
   283 373 258  48 124 239 180]
  [  0   4 240 250 340  74 294   5 133 184 106  33 253 390 342 262 345
   381 191  59 253  28  74 101 101  28   0  25 366 260 370  10 283 353
   311  19 206 344 312 145 246]
  [  0 275  73 276  96 296 203 200 272 136 284 172 213  50   1  87  27
    62 358 219 193 196 266 102 179  65 179   0 321 283 260 362  46 277
   163  75 367 133 163 171  39]
  [  0 122  87 366  11  29 267 221 184 193 378 285 123 388  72  60 100
    37 215 334 162 129 357 267  97 317  61 139   0 154  24 129 249 259
   135  30 144 327 363  13 200]
  [  0 184  29 320 157 271 182  13  81 328 117 302 232 177  51 250 223
   228 152 121 330 209  98 186 124 268 336 289 160   0  55 153 138 298
    28  16 234  88 292 371 319]
  [  0 145 130 233 252 143 356  30 377 198 342  10 159 280  41 149 333
   152 354 108 357 203 147 386 252 236 214  84 390 319   0 241 344 222
   100 276  59  86 372 330 381]
  [  0 190 133 345  75 123  34 353   3 175 220 127 205  64  71 181  82
   166  57 246 155 387 194  53 114 382 368 288  33 382 160   0 370 261
   229 250 307 301 257  24 362]
  [  0 223 135 258 239  50  36 178  88 291 220  24 135 266   6 344 156
   303  12  92  56 168 260 216 258  52 115  81  33 196 152 157   0  66
    73 285 147 358  48 189 139]
  [  0  89 250   3 181 136 175  60 106 381 335 371 338 326  19 273  44
   192 144  41 173 124  21 172  63 183 101  19 148  46   4 203 289   0
   205 387  45 254 163  29  52]
  [  0 355  27  21 125 272 291 253 142 234 175 141 102 174 121 327 253
   161 345  12  49 308  21 293 103 162 120 116 274 241 352 312  34  72
     0 333 221   4  73 118 379]
  [  0 118 385 123 125 218 105 377   6  11 197   7 278 165 348 183 243
   103 315 230 307 251 337 232 191 341 393  21 340 341 196 338  66 100
   253   0  77 355 203  73 220]
  [  0  86 302 280 304 118 282 137 173  76 301 339 279 165 190 231 336
   151 315  59 123 222 338 189   7  56 324 264 345 391 363  41 301  76
   180 389   0 198 282 304 293]
  [  0 282 265  46 224 266 300 227 115  12 296 191 249 136 226 286 182
   362 214  45 320 362 316 243 250 121  67 262  25  58 285 337 209 214
   161  55 158   0 134  13  97]
  [  0 194 110 268 330 135 363   7  94 341 220 242 366  61 341 232  71
   186  44 278  68  44 118 232 167 357 367 106 182 162  13 118  56 248
   269 149  32 342   0 331 348]
  [  0 364 227   5 277 152  11 228 345  42 108 169 158  85  80 139  24
   174 334  20 270  58 338 139 378 123 330  40 249   7  59  79  87 153
   121 253 235 305 303   0   5]
  [  0  60   5 352  93 378 137 246  57 235 381 166 119 364 375 335  16
    50  17 265  80 359 102 232 364 223  58 171 322 251 284 297  24 339
   344  52 111  24 287 301   0]]

 [[  0 174 390 312 273 253 173  41 315 156 287 213 153 285 358  40 390
   117  47 150 333 347 327 359 246 265   7  94 141 342 232 279 305 130
   240  99  40 273  49 129 267]
  [  0   0  31 330 216 367 320  15 147 357 265 286 307  57  22  25 273
    83  69  68 132 148 265 316  72   8 269 110 364 112 103 368 183 325
   298 177 188 298 145   9 137]
  [  0   6   0  10 359 239  56 133 336 339 188  93  32 110 337 226 189
   327 368   0 101  86 252 355 357 353  64  82 198  21 267  10 328 251
   322 351 272 307 312 377 161]
  [  0 295 387   0  58  22 151 105 357 294 388 185 350 219 275 272 189
   339 153 148 371 138 212  21  52 336  39 329 380 186 342 157  78 275
   203 125 234 341 358 160 175]
  [  0 169 183  38   0 231   3 302  28 326  51  89 266 152  68 216  56
   318 107 237 124 119 300 157 281  71 377 356 279 206 296  61 125 157
   133 310 164 125   4 268 376]
  [  0 186 392 385 292   0 202 380 232 258  57 279 357 221  95 391  64
   116  22  80 225  43   1 225 329  57 128 169 308 388 357 136 280 191
    74 364 355 321 172  71 374]
  [  0  53 355 162 290 251   0 354 345 299 125 118 109 159 204 119 294
   194 366 281 212 359 308 216 276 303 241 313 322 264 339 110  75  15
   327 338  68 115  71  49 351]
  [  0 290 183 256  72 224 198   0 251  82 236 181  10 346 393  55  66
    30 324  95  51  41 332 287 338 140 198 121  71  98 213 167 290 220
    44 244 390  99 182  71   7]
  [  0 256 134 333 383 286 331 166   0  36 305  86 107 218 338 208 242
   326 229 355 329 364  28 329 140 257 217 136 225  41 169 381 128 200
   211 131  64 217 263 191  11]
  [  0 173 215 255 196 231 151 127   4   0 275 130 300 287 133 217 129
   279 313 170 201   7 312 142 194  49 225 388 354 304 283 352 100 326
   272 255  27 222 234 217 223]
  [  0 342 174 173 283  32  53  35 390 172   0 329 259  79 145 128 114
   145 347 227 153  67 360 255  25 302 241 191 244  56 317  31 152 270
   377 270 178 195 318   2 149]
  [  0 245 239  54 375  38  56 311 100 303 260   0 304  38 346  45 288
   235 117 200 369 133  58  92 135 328 313 308  85 358  86 261  17 347
    53 106  85   0 182 286 133]
  [  0 320 341 156 245  48 379  58  16 312 275 312   0 306  84  70 287
   207  49   7 390 123 202 136  35 382   5 346 231  52 214  29 111 237
   342 137 294  66 216 362 133]
  [  0 162  21 195 143  32 309  59  85 359 220 178  18   0 212 320 108
   193 154 141 369 150  54  33  84 163 331 173 194 329 351  96 177  28
     9 165 305  90 264  31 222]
  [  0 311 272 175 191 385 274 382  47 325  57 361 353  65   0 145  96
   319 312 263  91 266  69  22   0 392 299 310 247  59 288 295 256 231
   284  40  95 272 208 153  24]
  [  0 243 105 389 218 251 263 335  30 374 341  99 196  32  51   0   9
    52 353 222 253 207 212 361 361 112   1  29 375  75 219 371  26 316
    77  18 134 348  15 238 391]
  [  0 137  12 334 169 217 190 220 151 163 242 321 271 376 284  32   0
   362  20 261 310 167 132 222 283 162 386  61  61 198  15  14 311 188
    57  98 246   7 308  70 119]
  [  0 128 373  66 168  37 370  94 391 299 369 160 317 235 112 213 291
     0 241 338 231 250 388  74  71 309  54 386 140 226  92 253 272 223
   336 343 222 240 366 253 104]
  [  0 360 317 103 381 350  36 111  86 245 334 227 159 123  97  91 264
   288   0 388 112 225 379 121  46 102  58 257  16 371  22   1  32 151
   343 221 226 174 369 351 325]
  [  0 384 239 159  85 217 362 166  58  96 342  28 170 347 338 185  59
   153  12   0 281 263 206 372 385 318 212 238 232 356 105  51 250  87
   325 222 133 132 271 320 354]
  [  0  51  44 304 341 150 361  95  86 128 257 114 384 193 315  75 236
   268 300 150   0 121 277 315 232 347  18 307 300 362 291 212 154  58
   131 310 322 370 223 331 297]
  [  0 218 384  40  70  76  52 283  16 369 381 175  38  92 327 222  26
   337 242  68 117   0 161 100 303 179 246 253 138 325 246  57  61 386
   101 228 139 216  56  15  20]
  [  0 242 280 345   4 165 250 303  61 384 317 265 162 317  16 120  26
    37 238 100  14 131   0 205 327 255   1 157 162 371  43  36 249 189
    55  78 114 321 243 301 208]
  [  0  43  36 109 148 166 152 342  39 287 291 138 246  24 236 213 353
   265 310  65  34 167 222   0 359  78   1 139 112 194 204 333 273 294
   257 107 123 204  14 373 339]
  [  0 196  86 260 329  88  92 287   3 115 212  27 318 101 124 117 160
   158 151 220  34 192 107 180   0 373 389 374 183  78 140 388 272 241
    92 361  18 392 287 130   6]
  [  0 220 128  35 345 125 284  65  94  25 199 176 250 297  85  89 110
   294 332 331   8 393 234  74  62   0 203 212 346 210 151 281 214 309
   360 278 309 285 219 311 142]
  [  0 281 371 209  13 245  80  37 228 255 185 291  54 325 197 301 194
    72 363 373 306   3 174   5 336 170   0 264  83 287 339 193 294 192
    93 239  52 212 253 177 366]
  [  0 304 338 340 333 121 109  70 133 389   3 272 240 289  56 174 384
   189  53 357  32  41 224 361  51  88 290   0 308 385  43  69 329 169
   115 247 251 358  44  19 273]
  [  0 161 284  35 102 163 352  17 362 316 191 267  20  48 375  69 248
   168 233 185  22 315  18 147  83 106 290 109   0  83 165 307  65  98
   324 182 142 198 159 210  58]
  [  0 273  86 213 261 205 112 360 134  79 208  31 209 185 272 197 188
   121 127 372 390 385 174 129  85 243 129  78 381   0 260 391 171 212
    20 303 201 333 109  94 335]
  [  0   6 135 303  97 207 228 154 308 195 160 157 138  48 121 373 162
   256  48 214  31 270  23  25 346 104  15  13  83 223   0  37 350 194
   124 252 217 279 210 100 170]
  [  0 237  78 332 294  43 108 193 166  18  13 259 309 208 204 369 154
   217 364 116 393  71 226 128  86 211  37 117  45 220 119   0 278 112
   295 377 104 196 234   3 286]
  [  0 148   8   0 131 239 216 174 345 240 208 164 340 331 102 105 341
   178 349  30 109 353  50 199 225 129  90 248 225  18 380 368   0 194
    26 190 357 255 255  26 220]
  [  0 285  16 339 317 196 287 239  99 188 112 319 121 134 272 231 265
    68 248 305 196 213 226 246 373  36 179 209  65 284 221  97 365   0
   122 240  25 324 313 259  91]
  [  0 198 317 264 184 182  25 215 189  70 192 225 387 103 149  20 384
    40  20 168  37 218 335 113 273 331 336 319 226 235  53 240 176   7
     0 381 231  18 295 366 383]
  [  0  48 192 360  79 367 264  97 114  14 243 361 324 263 374 202 218
    25 206 322 324  46 244 133 387 283  37 246 321 135 154 196 311  90
   167   0 162  92 249  75 330]
  [  0 314 238 390 227 192 201 326 333 351 314 195 191  61 314 343 253
   180 120 151 232  98 312 239 383 188 308  25  60 232 198 173 217 101
   156  96   0  52 307 262 227]
  [  0  36 166 202 146 319 306 380  27  40 132  84 382 209 212 149  64
    18 387  72 205 348 351 122 337 147  58  52 316 308  89  86  17  61
    38 338 337   0 286  17 125]
  [  0   9 252 301  39 211  95 109  16  16 302 116 170  29 147 161   9
   288 307 311  94 251 140 259 385  36 163  20  82  31 320 355 251  81
    14 123  61 208   0 147 216]
  [  0 248 116  71 171  34 102 320 202 230 161 134 386 172 238 147 165
   356 217  55 234  29  22 117 111 235 308 392 230 147 141 361 136 235
   177 264 174 248 258   0 236]
  [  0 355 108 316  86   2 118 368 319 389 372 350 332 194 117  63 168
   223 364 104 288 226 367 150   0  63  93  43 326 267 367  25 114 294
    17 189 281 269 392 361   0]]

 [[  0 180 346 220 372   4 318  47  40  41 234 140 202 301 333 227 276
   170 104 356 326 363  80  78  59 384 325 233 241  37 249  23 367 370
   152 213 113 370 160 366 320]
  [  0   0 350 113  35 175 244 174 140  30  96 262  28 114 136 294 315
   267 231 185  85 247 267  84 325 133 155 197 108 265  97 203 200 284
    66 326 349  93   3 162 270]
  [  0 391   0  48  61 386 331 159 116 350 243 258  13 359 197 354  50
   368 393 344  40 366 365   7 311 158 261  74 388  83  96 115 150 265
   370  51  68 373 122  32  34]
  [  0 162 175   0  32 176 378 131  41 218 211 334 156 249  68  99  38
   133 220  75  10 289 191 109 332 382  37 385 328 223 348   2  13  95
   142 132 202 191  18  63 121]
  [  0 383 284 356   0  69 345  47  34   4 115 349  26 196 246 232  81
    92 214 237 264 232 292 298 230 382 392 207  19 175 340  46   1 242
   349 181 182  93 302  59 154]
  [  0  21 326 390 365   0 253 206 156 302 179 219  68 302 393  63 134
   171  61 177 128  14 109 338  94 121 126  42  98 350 164 166  52 348
   152 193  53 162  91   5  38]
  [  0 392 268 208 113  34   0 173 295 365 294 125 324 367 245 231 235
    33 178 311  41 292 384 276  94  66 360  17 221 331 225 123 169 317
   190 307 374 360  49 229  79]
  [  0 130 327 231  42 132   5   0  75 324 371  23 244  92 202 306 366
   314 266  65  86  18 251 109 257 341   4 207 230 366 207 157 315 353
   306 145  86   0 375 185 207]
  [  0 248 389  20 186 188 273 171   0  37 293 384 340 333  12 195  79
    83 287 188  84 382 175  23  91 346  37   6 267 202 150 102 205 355
   152 197 299  63  15  35  82]
  [  0 111 283 240 114 218 246  11 375   0 145 221 155 175 238  96  49
   172 245 150 109 139 287 357 271 318 194 343 130 141 306   0 381 252
   120 118 239 278 100 303 198]
  [  0 393   1 286  86 310  33 216  80 301   0 209 310 273 366 297 164
   374 318 226 345  53  56  57 391  45 302  62  24 182 368 136 309 293
   302   6 307 323  57  23  47]
  [  0  67  77 232 317  57  59 184  68  17   7   0  74 332 385 131 238
   231   0   8 121  60  25 375 326 347 258 330 167 212 287 251 214 353
   241 129 213 133   0 329   0]
  [  0 199  21 177 111 276   7 277 146  34  82  68   0 317 121 279  23
   276  79 371 172 366  42  19 355 330 344  34  42  77 223 310 296 356
   344  57 102  85  75 221  57]
  [  0  62 343 179 167 146 317 227 128 310 195 243  22   0 306 386 162
   387 294  54 324 372 361  50 122 227 245 369 201  39  82  70  41 143
   117 368 207 216 360  37  81]
  [  0 192 352 189 259 373 309  10 380 153 150 292 260  95   0 262 234
   386 161  11 228 325 151 146 208 210 345 327 207  60 273 334  84 220
   363 281 193 364 239 358 218]
  [  0 325 334 386  91 222 115  86 349 265 145 348 100 272  30   0  34
   263 338 213  38 366 241 316 382 137  40 211 272 340  15 308 331 344
     2 146  96 148  71 170 106]
  [  0 393  85 265 177 140 115 144 231  49 271 270 263 296 261  83   0
    59  70   8 382  91 182  26 216 277  80 120 172 367 354 374 126 105
   153 118 339  26 327  37 175]
  [  0  73 240 241  59 343  72 365  12 114 330 199 225 221 285 111 101
     0 340 240 214   1 214 283 168  96   7 247  96  97  97 178 366 185
   284 287 152  18 363 172  83]
  [  0 125 392  30 356 257 142 280 363 313  96 336 282 122 114 328 171
   283   0 133 381  16  19 285 123 217 313 323 115 154 353 321 233 214
   206 113 107  60 325 163 157]
  [  0 124 143 149  23 315 390 142 343  51 207   6 378 263 284 191 110
   226  30   0 341 341 254  85 202 248 155 301 329 160 186 176  48 311
   336 373 183 272 371 249  93]
  [  0 380 109 181  68 313 220 260  34 223 268  77  36 166  30 230 284
   303 195   1   0 225 392 232 252 130 291  40 206 276 114  14 302 136
    93 328  63   5 134  91   4]
  [  0 301 162 283  78 276 337 318 246  80 202 268 206 115 256 172 275
   157 377 348 257   0   1 273 260 161  23 331  42  26 121 263 270 283
   311 180 365 156 279 101   1]
  [  0 306  32 361  22 314  65 235 191 218 187 228 290 247 247 186  55
   312  50 290 213 180   0 211 283 363 392  20 383 236  85 136 333 304
   171 227  22  14  53  99 105]
  [  0 366  47  66  56 348  23 284 290 302 229 252 299 313 334 274 363
   145  63 228  35 230 388   0 388 350 229 376  43 293 304 242 367 223
    97 155 334 267 317 367  11]
  [  0  59 124 311 123 100 220 183   9 223  47 328  28 216  94 104 279
   275 332 169 178 305 154 100   0 261 226 328 254 125 211 393 138 385
   123 345 307 272 345 119  32]
  [  0 192 265  34 268 273  87  81 296 222 353  80 334  12  97 168 236
   350 246 274 381 227 196 189 249   0  69 259 110  23 365  24   1 104
   303   0  39 261 270 376  54]
  [  0 127 203 250 374 138  28  47 278 308 180  98 228 262 331 288 137
   185 332 384 370 245 200   2 110  50   0 154 342 188 292 168  30 199
   380 300 246  95 323 317 388]
  [  0  36 259  69 306 283 368 213 230 138  65  16   6 258 140  92 287
   344 239 107 234 204 367 374 145 174 120   0 206 238  27 150 331  36
    78 297 371  51 230 329 271]
  [  0  91  64 346 374 290 156 253 392 259 139 324 350  70 150 216 393
   375 308 142  50 323 157  60 372 256 286 388   0 178 169 266  53 108
   186  28  59  28  67 280 230]
  [  0 367 280 365 298  17 227  15 195  88  52 319 281 344 195 316 324
    81 274 256  27 116  28 302 218 366 130 266 130   0  24 241 324 105
   104 155  37 156 207 364  56]
  [  0 120 351  42  11 209 199 181 249  19  21 191   1 256 123 206 297
   283 380 127 332 288 227 304 248 133 330  85 298 260   0 383 153  44
   333 363 288 134 252 283 325]
  [  0 226 259 156 109 251 273 122 165 143 142 145 327 368  40  65 107
   264  70 142 287 172 232  77 370 163 223 371 107 350 342   0  74  77
   201  68 392 320 360 260  44]
  [  0 348 260 290 266 101  38  36 295 275   7 162 232 225 329  38 377
   294 261  79 168 373 115  73 282 201 313 151 294 285  10 175   0 134
   172   5 324 293  60 377 283]
  [  0  39  32  30 254  34 299 127 131  76  33 225 337 157 296 176 375
   205 235 157 386 172 328  59 190 347 377 175 310 102 273 341 377   0
    42 135   4 328 352 179  42]
  [  0 351 170  94 172 227  71  60 252 123 163 129  79  48 284  98  62
   157 215 330  39  60  80  56 311 384 382 138 384 236 219  91  64 383
     0  83  81 304 334 319 390]
  [  0 138 232  17  35 187 282 127   5 336 374 371 267 267 317 342 235
   133 286 200 293  94 344  16 363 187  53 177 257 182 169  60   2 327
    88   0 304 119 282 304  53]
  [  0 296 316 381  37 247  71 281 352  93   9 287 293 215 144 220 149
   334 290 232   5  56 391 174 301 338 385 376 119 199  51  12 277 166
   333 231   0 292 189 207 325]
  [  0  54 181 258 331 165 231 163  38 102 342 158 250 317 250 174 173
   168  76 213 175 291 244  61 135 359 372 170 143 325 196 338  64 220
   193 144 187   0 237 383 103]
  [  0  70 288  91  85 202 190 191 197 189 227 249 387  33 199 119 207
   137  99 393 215 154 193  34 323 109 242 119  26 340 168 222 281 173
   341  94 218 282   0 279 353]
  [  0 185  15 101  65 380 210 153 234  70 385 149 309 194 345 300 307
    78 279 249  73  52 146 138 285 265  41 133 147 240 145 254 176 305
   186 120 155 228 187   0 361]
  [  0 184 371 306 260 207  91  71 278 285 365 233 334  82 152 203 196
   111 388  55 250 176 144  15 382 387 249 101 237 371 254 388 351 239
   184 336  20  89  59  15   0]]]
release_time
[   0   70   37   79   15    4  287  101   29    9   42 1077  793   36
  704    0   34    9   68   44   22    1   16   27   37  594   27   69
    4   15  749   14  300  512    2  360   25   62  108   59   75]
due_date
[   0   78  100  106   32   46  354  107   39   75   50 1146  854   80
  789   47  107   75  106  100   50    7   27  105   62  640   97   73
    5   94  824   38  329  575    2  444   43  114  114   68  118]
unit_emission
[ 7  3  5  3 17]
emission_limit
11361.6
setup_severity
2.0
due_tight
0.9
due_range
1.0
release_tight
1
degree_constr
0.2
