mach
5
job_rate
8
weight
[ 0  6  3  3  2  2  7 10  2  8  7  9  2  3 10  5  4  6  4  1  2  5 10  3
  8 10  5  4  9  4  9  9  1  8  4 10  5  6  4  2  3]
proc_time
[[  0 149  71  78  93 150  89  88  94 110 110  52 121  64  96  79 121  78
   90 107  90 139 138  75  66  52  79  66  62 149 102 149 132  98 115 132
  103  98 144 148  56]
 [  0 145  89 115 142 111  68 150  52 117 132 124  87  50  95  53 119 134
  137 150 120  56  74  96  57 137 144  94 105  89 137  69 136 109 100  84
   75  88 110  69  82]
 [  0  83  71 112  55 114  96  88  88 102  86  99 119  90  54  56 119  95
  119  93  59  92  94  57  52 139  53 110 114 122 101  71  86  78 137 144
   83 138 129 116 124]
 [  0 147  98  63  94  94  74  86  63 115  89 132 131  99 135  61  98 105
  107 150  54  57 148  94 146  93 146 101 127  98 113  70 126  71  94  70
   57  74  73 134  80]
 [  0  67 148 150  64 117  90 150  83  72  88 136  73 139  77  57 111 150
  146  51  67  51  77  96 148  57  80 116  54 144  78 118  89  56 120  61
   91  97  83  80  97]]
setup_time
[[[  0 157 201 244 212 236 141 350 326 305 283  26 196 371 145 289 226
   117 175  49 146 341 177 366 232  81 226 255 143 113 244 226  58  31
   321  95 207  14 373 367  37]
  [  0   0 308 370 222 148 125 314 116  72 159  10 210 157  12  21 114
   102 362  77 280   2 155  32  42 368 105 218 155  30 118 293 396 203
   263 224 159   4 391 263 256]
  [  0  87   0 121 143 262  22 266 195 214 324 218 171 140 310  57 108
   350 272  37  33 284 240 392 371 196 367 178   1 251 365  83 336 292
   105 390 377 248 301  93  75]
  [  0 142 162   0  78  78 168 302 195 338 209 162 356  31  85 390  96
   235 112 266 351 253 127  63 247 389  56 388 307 163 376 182 275 354
   180 333 255 139 379 255 191]
  [  0  40  31 141   0 304 258 192 249  60 327 159 251 272 334 311 307
   276 177 177 247  88 150 312  90 127  18 125 392 323  43  90 126 109
   262 331 224 122 126   7  14]
  [  0 299 230 318  67   0 164  36 134   8 392 230 262 114  13 211 161
   384 159 154   4  63 239 261 102  56 223   1  72 309 143 269 342 125
   271  30 370 394 205  15  15]
  [  0 349 182 391  62 162   0  88  25  61  99  88 331 296 205 239 127
   375  14 289 368 181 232  93 104 257   3 318  94 135  82 247 324 388
   388  24  46 221 134 316 100]
  [  0 250 203 109 227  94  15   0 378  25 352 254  25 205 233  70 310
   151 366 126 292  53 131 222 130 366   6 281 358 289  56 394 336 114
   102 177 182  11 158 382 304]
  [  0 261 394 355 302 228  12 308   0 235  38 328  76 311 367 305  60
   308 105 252  18 396 250 380 127 213   2 114 100 367 376 308 213 132
    16 150 211 173 298 133 335]
  [  0 332 154  89 246  26 100 220  34   0 117  47 210 207 339 189 106
   317  37 238 207 176 222  75 340 222  59 233 354 190 147 215  66  11
     3 129 249 188 171 249 235]
  [  0 314  62  30 317 143 146  42 223 300   0 203 389 127  91 377 300
   324 211  78 237  80   9 103  70   6 259 346 261 179  78 278 143 191
   277 224 374  30 366 365 184]
  [  0 184  13 168 180 361 144  45  98  72  60   0 300   0 292 337 176
   157 285  57 260  89 333 187 248 127 270 100 290 126 204 131 361 390
    15 310 309   0  67  99 211]
  [  0 286 201 317  20 146  33 315 191  60  20 351   0 349  26 109 348
   251 323  59 166  69 230  34 198  43  61  18 341 189 261 383 209 135
   291 113 259  89 288  58 159]
  [  0 264   5 116  64 352 310 154  57 236  30 128 197   0 299 110 111
   392 145 394   7 126 232 289 221 343  62 304 334  77 277  59 199 104
   100  68  26 313 212  34 125]
  [  0 321 164 240 160  60  78 104 123 356 215 227 192  36   0 228 147
   379  92 144   4  44 381 261 247  47  40 288 369 246 164  36 269  51
   297 215 193 374  41 327 101]
  [  0 382  21 290 139 332 112 134 335 350 105 154 320 330  17   0 333
    59 135 107 297 313 215 325 337   3 110 225 291 109 363 372 201 304
   306  27 274 191 268 224 246]
  [  0  60 279 113  94 343 283 177 185 110 155  14 351 314  42 314   0
     0 122 360 120 281 205 354 333 326 135 279 136   8 289 110 135 173
   261 195 278 392  71 344 137]
  [  0 176 164 380   9 174   0 375 257 208 363 118 368 281 302  80 185
     0 260 205 318  78 322 251 289 135  82   5 119 391  44 141  72 386
   136 121  32 368 303 316 101]
  [  0 345 145 120 191 347  44 202  79 270 144 269 332  26 210 339 177
    66   0 282 113 240 309 306 265 332 312   9 243 374 364 286  33 263
    86 126  59  70 338 157 312]
  [  0 191 387 390  11  91 356  35  75  52 349  33 206  32 364 387 386
   127 276   0 194 394  51 118 285 174 243  59  46 272 309 219   6 231
    22 334 319 249 331 322 312]
  [  0  53 192  20 172 331 305  15 349  20  54 188 337 281 136 208 381
   316 287 260   0 242 134 306 136 270 348 216 302 192 105  38  27 311
   129 249  26 387 163 257 357]
  [  0 213 157  88 364 163 192 285 269 287 261 241 307 248  84 332 164
   118 112 257 178   0  77 132  26 322 256  52 246 252 221 150 283 114
   371 372 139  68  23 116  29]
  [  0  66 170 159 254  34  35 246 150 294 368 382  55 253 303 376  85
   144 172 153 197 155   0  19 157  67 283 189 391 303 264  94 257 182
   338 242 277 286  40 381 115]
  [  0 244 294 350  71 156  81 256 168  75 395  30 116 259  15  55 216
   159 245 394 256 107  57   0  82  73 214 393  41 205 226  26 113 205
   214  31 350 219 176  93 289]
  [  0 107 364 105  13   0 309 370  53 187 255 257 378 123  88  45 110
    96 341 223 176  30  44 331   0 141 293 308  39  64 290  28 145  66
   194 139 383 309 208 212 352]
  [  0  89 331  72 332  41 360 169 173 286 242  25 263 177 160 294 312
   302 377  68 223 132 340 381  13   0   2 384 294 288  81 231 156 342
   347 173  10 250  14 387   7]
  [  0   1 144 181 161 366 307 224 254  49 286 370 258  37 133 296 205
    59  19 143 287 204 205 308  94 307   0 106  36  86 200 387 352 211
   123 288 292 273 291 260 278]
  [  0 123  95 112  90 218 142  48 191 238 367 136  49 289 224 357 197
    34   0 168 158  92  24 163 106 392  97   0 316 133  88 260 100 303
    76 277  53 112 160  28 262]
  [  0  20   5 313 244 381 356 382 161 354 261  30  61 207  11 376  92
   236  70 132  81  66 317 160 383 147 110 157   0  52 131 314 118  96
   195  52 347 371 369 104 235]
  [  0 142 173  63 183 280 316 218  36  64 250 116  56 162 347 324 167
   371 125 286 289 342 153  67  33 181 325 293  53   0 173  59 309 369
   237 253 216 183  94 346 290]
  [  0 129 223 201  54 190 345 283 145 371 267 140 207  24 371 106 280
    94 176 308  68 258 163 359 318 144 246 307   5  54   0 387 234  37
   374 244 217  73 104  59 350]
  [  0 360 110 180 148  11 166 320 363 147 145 351  11  63 287 177 157
   150  98 233  37 244 185 127  83  46 383 243   7 267 312   0  97 233
   274 218 177  25 272  42 170]
  [  0 211 289 335 334  97 342  90 193   8 296 113 166 243  92 273 125
   380 100 331 339 308 174 165 332 361 227 305  52  35  17 381   0  32
    49  57  15 182  28 380 199]
  [  0 361 161  53 191 177 217   4  26 250  70 119  87  78  42 368 198
   198  75 374 380 328 267 257 358 215 208  44 285 126 376 308 336   0
   178 380 208 372 211 303 265]
  [  0  15 221 374 314 170 175 185  12 233 324 341 245 108 330  95 378
   240 383 349 195 316 289   7  55 274 252 146 375 103 179 220 143 310
     0 392 298 229 174 310  96]
  [  0 267 261 387 271  64 273 319 349 241 119 383 160 344 353  85 266
   139 158 314 212 299 262 251 377 347 353 226 146 290 207 200  84 151
   133   0 392 328 155 260 310]
  [  0  97 135 309 129 322  60 194 227 224 249 109  59 359 300 122 382
   142 192 117 347 337 121   2 384 127 230 325  73 229 392 204 203 373
    39 172   0 152 302 392 380]
  [  0 263 275  72 305 350 138  94 218 288  46 209 101 378 288 255 282
   189  19  52 124 338  52  74 343  59 368  71 191 125 150 130 281  53
    51 215  48   0 137  92  44]
  [  0 278  10 229 260 360 122 224  44 164 221 242 267  68 271   8 396
    10  56 207 121   1 270 197 315 233 164 340  88 214 177 321 270 287
   289 121 130 113   0 297 223]
  [  0 365 155 145 291  82 175  25 260  76  30  92  93  54  93 236 189
   144 201 140 361 224 359 364 247  20 346  73  88  79 301 290 195 388
   271  48 152 286  23   0 139]
  [  0 195 313 266 190 385 217 217 342 369 242 377 200 114 211  48   0
    11  52 265 168 365  45  43 344 229 135 203 131 178 336 347 292   5
   253 263 332  92 188 174   0]]

 [[  0 267 386 261  64  97 129  90  79 177 168 364 253 114 340  29 308
   149 304 125 189 348 179 222 147  85  86  99 374 368 155 376 368  70
     6 225  86   8 120 354  20]
  [  0   0 318 105 360  72  40 265 129 295 215 233 390 163 392 384 191
   365 229 116 268 321 235  34 280  95  47 148 155 257 181 269 152 120
   290 321 114 376 343   0 200]
  [  0 363   0 318 134 228 196 358 209 321  52 104 346  40  35 285  73
    48 325  38  81 140 293  31  18  94  84 300 141 234 209 293  86 134
   325  78 246  95 381 388 259]
  [  0 140 140   0 106 378 177  24 318 145 140 235 356 388  14  44 333
   380 389 391 299 173  96 367  40 344 247 258  70 177   6  10 157 383
    43 148 109 392 211 274 143]
  [  0 334 256 122   0 154 227 196 300 259  67 104 313 282 349 136 222
   377 182 241 138  52 363 365 294  37 357 304 364   3  80  57 361 218
   393 121 105  38 160 323 372]
  [  0 359  57 292  35   0 232 226  50  24 126 178 214 326 276 114  93
    54 128 221 204  11 383 276 273 210 321 303 394 346 329  99 202 231
   275 244  11  84 253  82 143]
  [  0  40   4   8 364  55   0 282 383 143 321 289 235 110 236  95 303
   339 343 301 332 250 306 336 273  22   6  11 269   9 237 156 167 363
   270  10 198   6 215 217 270]
  [  0 152  82  31   2 334 135   0 264 262  64 280 101 140 167 313   3
   222 185 116 332 193  69  24 255 291  51  35 159  65  62 169  66 250
    86  69  57 162 389 315 393]
  [  0 278  74 260  41  54 128  79   0 117 392 153 121  68  42  24 345
    36 253 150 155 103 371 305 284 396 234  74 269 339 136 243 363 119
   321  55  18 306 388 361 317]
  [  0   5 216 307 194 272 186  98 355   0 246 369 247   2 163  27  86
   157 104 312  23 107 198 223  95 113 383 222 284 294  57 306  14 174
   167 256 109 286 373 264  16]
  [  0 147 206 107  48 391 138 313 352 273   0 374 326 293 208 303 366
   144 290  46 366 385  27 371 193  71 349 248  62 247  25  49 250 276
   376 260  86 301 194   2 351]
  [  0  13  68 325 365 257 124  48  33 198 301   0  77 256 380 267 318
    76 166  97  18 115 256  23 235 159  98 286 390 303 340 359 325 126
    11  64 269  91 188  70 148]
  [  0  51 184 279  37 198 321 230 390 159  70 245   0 191 101  69  59
    97 389 127 389 166  90 207 375   8 336 238  30  62  89 206 358 378
   239 333 269 356   6 297 180]
  [  0 323 252  66 130 102 107  26  44 180 105 181  71   0 135 327 358
   149 211  41 118 165 295 251  25 270 191 336   3 241 254 311 176 301
   331  53 302  45 388 388 327]
  [  0 344 332 358   5  74 247 229 180 159 352  40 392 212   0 241 370
   239 130 357 101  76 278 161 142 108  84 156 100 230 394 310 131  11
   383 111 100 378  85  64 301]
  [  0 312 194 158  89 290  12  72  18 197 169 378 168  30 344   0 123
   231 337 140 388 332  43 246  59   8  26 128 174 264  48 235 386  50
    47 332 249 152  89 352  66]
  [  0 145 309 388 339   9  76 392  26 359 291 377 317  71  54 231   0
   235 139 299 115  86  98 342 117  34 264  91 362 375 363 192  54 297
   372  48 287 119 365  44 217]
  [  0   3 195 129 221 334 393 342  57 366 322   9 140 102 200  30 207
     0 288 140  79 308 151 388  26 340 268 175 252  41 128 242  71 133
   302  30 147  42 142 384 124]
  [  0 358 170 109  24 271 142 171   3 143   0 110 194 393  79   3  32
   377   0 284 190  11 136 276 312  98 182 357   6 176 219 275 168 394
   330   6 283 243 213 182  39]
  [  0 296 153 354 187 336 107 154 248 299  85 344 343 170  34  61 176
   394 151   0 145 202 297 218  92  48 172  89 199 320 167  49  76 286
   203 166 234 135  95 187 316]
  [  0 250  20  10 262 159 367 344 190 191  36  25 224  48 302 348 116
   338 239 243   0 236 130 100 194 136 325 218 170 222 162 215 151 155
   205   7   2  45  65 305 296]
  [  0 362 312  15 326  66 321 316 109 390 385   3  66 359 315 281  27
   339 327 149   1   0 174 235 229 396 114 382  35 213 163  19 335 200
   304  16 195  96 215 187 210]
  [  0 210 393  13  16 377  67 150 219 100 194  94  22 381  37 333 285
   384 313 299 276 151   0 204 243 163 141 182 251  85 185  74 126 177
   253 308 285 217 264 178 315]
  [  0 380  28 288 103  65 101 313  63  30  19  60 306  37 262  50 163
   275  13 197   2 121 384   0 130 136 249 119  38 164 290 351 344 216
    76 218 195  97 364 130  21]
  [  0  34 336 353 396 289 338 196 154 257 267 180 285  28 360  70 143
   325 107 287 228 159 251 134   0 196 383 307 253 235 212 161 253  72
   122 106 122 333  97 177  41]
  [  0 216 341 337 263 367 167 354 237 249 104  90 288 387 343 294 341
   342 285 353 191 274 172  76  22   0 362 105 233 306   0 266 279 328
   110 114 356 328 290 360 135]
  [  0 377 243 143 179 274 207 300 385 207 377 182 282 295 118 142 307
    52  20 222 348  38 332  75 316 262   0 335 257 373 149 247 339 259
    88  43 353 105 328 171  39]
  [  0  35 181  67  58 153   6  56  51 118 138 348  74 205 183 137 307
    29 197 197 391  11  98  65 267 241 170   0 195 333 140 357 203 107
    60 302 192 170 277 136 256]
  [  0 157 195 116 206 173 218 290 306  76  96  13 116 275 160 265 135
    32 375 174 233 245 249 328 244 312 202 393   0  67 393 298 385  36
   198 213 104 293 142 211 218]
  [  0  28 243 337 332 346 104 352 375 258 340 391 382 171 211 385 219
   331 388 305   5 256  36 263 281 125 267 325 370   0  43 380 357 132
   396  84  46 305 186 208 137]
  [  0 144 255 220  51 382 132  10 203 106 143 321 296 371 271  56  58
   161 210 285 347 141 359 348 366 329 305 154  83 191   0 128 333 212
   208  28 108 262 130 338 134]
  [  0 339  12 315 103 328 158 145 275 192 136 319  80 333 118 189 232
    94 311 109  77 130  25 233  97  62  99 146 265   9  92   0 221 260
   319 302 287 244 377 390 156]
  [  0 381 250 267 260 222   4  97 136 292 303  12 304  29 279 257 371
   391 339 147 303  20 130   0  49 251 263 292 264  93 292 113   0 159
   221 253   7  85 208 289 158]
  [  0 221 211  46 190 288 310 140  96 382 362   9  80   9 374 372 251
    62 237 280  43 254  99 158 239 232 158  58  14  85 310 325 192   0
    71 358 334 272 373 345  90]
  [  0 322  11 220 322  87 200 383 152   8  93 245  51  76 352 283 299
    26 248  65 130 251 177 288 393   4  32  30 131 266 212 282 381 113
     0 168  24 119 254 180 298]
  [  0  71 320 150 390 299 343 352  17 168 226  11 270 304  87 329  37
   104 205 191 157 115 242 263 366 205 235 138 155  84  79 214 179 177
   245   0 184 353  83   4 141]
  [  0  35 306 268 163  98 318 373 108 199 218 396  81 220 197 365 362
   304 161  40 153  26  62  57  15 283 122 115  99 213 347 369 266 119
   217 226   0 139 331  55 377]
  [  0 392 223 213 155  85 201 172 351 120 140 203 163   0 233 279 368
    12 180  10 172 330 307  89 385 210  58  59 311 310 328 361  59  85
   231 240   5   0 341 242 148]
  [  0 287 272 343 364 363   7 297 234 261 213  33  33 207  97 395  45
   308   0 393 196 369 191  55  63 167 329  70 297 310 238 215  79 225
    77 354 277 314   0 136 256]
  [  0  54 213 254 337 319 194  94  11 183 219   3 355 325 117  72  20
   259 370 220 376  35 249 179 176  11 349 200 378 263 194 130 331 357
   270  53   8 316 293   0 273]
  [  0 340 112  27 305  98 323 312 131 320 163 122  42 102  57 305  69
   199 274 157 183  38  16  56 158 129  65  51 110 195 197 282 363 203
    48 187 300  20 298 126   0]]

 [[  0  25 354 245  16  52 246  49 300 149 239 249 335  52 203  42  44
    82 358  45  12 353  19  98  69 228 347 229 109  52   8  36 285  34
   247   3  60 367 373  33 228]
  [  0   0 372 145 148 256 287  10  76 119 242 317 114 225 259 147  73
    19 139 336 173 290 246   2 160 106 170 216 115  23  21  63  60   7
   368 122 392 220  50  36 388]
  [  0 133   0 279  74  49  90 158 234 319 338 336 363 299 217 105 372
    85 229  10 308 359 327 365 276 287 238 130 158 381 363 370 135 287
   189 284 201 122  74 366  74]
  [  0 237 331   0  80  31 296 193 203  85 202 221   4 199 113 309 286
   122   1  30 163 132 165 218 157  45 119 104 296 206 143 228  84 310
   328 294 165 157 138 361 285]
  [  0 267 202 340   0 330 293 265 393 348  85  90  81 231   6  92 157
   189 267 322 232  99  77 249 122 260 298  37 138 341 275 117 342 279
   100 303 136 192  52 167 314]
  [  0 379  26  46 249   0 345 130  66 364  69 118 181 383 267 141 273
   389 139 238 368 186  70 298 307 156 177 278 380 382 114  68 290 209
   362  68 161  16 130 373 111]
  [  0  86  19  37  71 395   0 169 298 366 195  40 106 299 276 326 332
   132  41  33 123 108  91 218 374  46 181 174 275   8 110 276 183 396
   125  31  60 313 295 319 365]
  [  0 380 345 325 277  29 322   0 207 224 380 155 270 164 297   2 333
   244  94 373 262 335  21 277  31  49 225 154 114 263  13  47  53 388
   141  58 287   6 231 234 164]
  [  0 312 241 386  48 366 163 254   0  54 358  32 226 292 352 128 281
    51 314 122 303 294 216 237 363 130 202 380 369 271 297 344 130  73
    99  33 351 359 184 375 289]
  [  0 299 148 224 314 113 184 112 371   0 173 266 142  19 196 255 194
   191   2 162 322 348 272  66 224 285 363 338 356 373 315  54  45 234
   260  85  93 256  85 326 132]
  [  0 369 229  83 380 368 271 104 116 102   0 275 151 321 331 134 248
   392  65 219  13  53 214 236 339 156 304 153 205  31  54 316  85  71
   165 264 242 133  53 381  80]
  [  0 130 156  73 353 209 148 339  53 272 260   0 390 311 179 193 276
    92 103 112  17 183 256 252 335  71 396 239  66 121  24 346 192 101
   359 107 362  86 309 119 183]
  [  0 296 180 336 200 149 105 193 145 316 385  56   0 166 330 297 162
   186 343 270 202 251 202  31 333 178 218 169  21 119 114 359 256 100
   308 234  14 303 158 253 196]
  [  0  47 309 262 105 323  37 352 325  77 228 382  28   0 115  33 148
   241 276 289 234 226 367 240 355  55 271 360 132  97  76 339  94 110
    93 375 206 124 291 204 271]
  [  0 159 390 369 384 353 196 211   4 101 204 375  47 106   0 232 310
   248  39  46 260  13 117 189 330 156   9 272 217 325 196 214 318 379
   292 100  31 144 240 362   3]
  [  0 259  51  77 274 290 165 160 354 268 250 132  16 147 167   0 390
     0 396 291 271  76 203 266  28 244  49 390 189  58 380  97 338 189
   128  57 168 191 140 147 176]
  [  0 316  33 122 308 292 176 234  15  77 289 139 199  33 316  41   0
    54 241 237 379 247 265  57 382 228 376 325 379 101 180 259 326 368
   369 227 292  25 148 165 108]
  [  0  56 394 276 218 159 208 241 114 197  33 345 107 144 304 368 378
     0 145 240 177 357 291 386 225   3 204 186  85  80  78 347 332 166
   221 196 299  38  84 354 237]
  [  0 373   1 356 362 145 102  88 250 319 177 246   9 356 128 294 238
   357   0 139  49  43  93 258 177  78 111 235 169  78  49 227 275  58
   116 114  41 106 365  67 364]
  [  0 276 228  47  94 276 369 253  14 294  89  50 330 290 292 391  23
    96  69   0 255 176 216  94  26 246 163 237 321 385 243 338 121 365
   351 381 325 192 145 394 358]
  [  0 263 354 173 189 167  14 279 283  56 234   7 244 152 215 263 232
   395 327 103   0 393 225 388 139  94 383 164 210 142 126 227 325 187
   132 391  33 212 334  61  41]
  [  0 269  46 307 235 165 181 176 107 335 375 251 149 395 308 274  21
   303 157 325 100   0 251 334 392 390 146 351 172 321 231 150  12 231
   330  87 371 268 230  44  10]
  [  0  73 292  86 301 108  96 296 210 110 114 139 302 251 153 163 278
    18  14  41 163 207   0   2  63 108  51  96 180 376  99  49 261  78
    12 264 145  28 166   1 301]
  [  0 322  37 162  95 338  96  76 216 164 335  82 224  30 102 327 205
   377 162  69 296 228 223   0  65 146 115 384  17 319 143 149  47 312
   394  62 392 246 127 265 145]
  [  0 378 127 343  25 216  17 352 303  98 147 295  48 242 269 209  23
   127 262 256 277 220  79 145   0 210 296 226  32 283 321 211 298 145
   102  40  34  88 393  55 347]
  [  0  94 243  86  81  96 145 220 377 126 374 267 303 200 367   7 240
   213  90 233 197 166 265 253 202   0  97 113 189 174 328 365 196 305
   141 219 120 348 289  51 310]
  [  0 215 330 298  93 388  14 248 321  66 357  82  95 319 283 166 304
    21 114 239 257 388   0 141 277  37   0   3 212 132  12   1 315  23
   313 387 162 353 287 193  13]
  [  0 367 318  98  60 334 212 295  68 182  49  47 377 208 272 196  41
   129 197 156  29 234 283  41 389 217 157   0   0 271  55  69  76 195
   243  54 210  37 226  68 246]
  [  0   3 274 336 337  92 229 127 207 297  36 293  72 279 205 280 220
   251  56 290 197 185   8  68 291 386 199  23   0  67 357 247 326 134
   247 339 281 367 222 129 254]
  [  0 291 395 186 371 388  92 279 355 138 356 387  90  28 274  75 145
   228 186 258 112 257 237 141 221 278 219  16 296   0 323 337 122 188
    35 206 197 132  42 301 156]
  [  0 327 153  84 293 162 118  67 132 254 348 365 309 123 370 109 111
   254  30 364 221  16   9 157 350  20  26  96 227 162   0 175  71 150
    39 197 339  84 324 210  12]
  [  0  70 227 396 315 136  60 168 289 362 126 280 191 300   2  82  18
   229 309 329 196 241 210 271 191 196 328 336 302 332 133   0 172 301
    64  80 193 107 115 343 207]
  [  0 206 294  98  52 169  10 105 151  87  54 299 105  31 227  86 135
   347 197 257 310 160 247  64 213 232 142 344 227 318 360  44   0 190
    25 143 123 324  39  78 280]
  [  0  44 231 393  24  74 190  68 388 213 122 326 224 260  66 313 243
    73  71 305 199  49  49  20 243 149 180 256 112 218   4 187  68   0
   243 345  36  13 170 284  39]
  [  0 378   6 316 143 327 320  92 115   1  23 284 338 223 264 134 148
    81 143 315 213 143 199  86 393 194 369 211 379 178  54 252 360 239
     0  57 324 194 304  39  11]
  [  0 288 265  21 349 300 367 351 346 185 207 384 229 111 195   8 236
   205 236  55 259 309 187 296  27 265   1 115 304  48  38 332 225 264
   328   0 309 338 285 284 240]
  [  0 150 355 139 110 327 265  51 180 335 335   9  27 167 270 139   0
   325  22 250  93  89  83 166 382 353 200 296  32 295 386 190  99 192
   236  38   0  30 198 185 322]
  [  0  83 127 123 107 261  65 158  16 116  91  10 324 191  69 109  70
   328 119  16 134  56 374 332 377 234  62 309  37  40 272 183  57 126
   199  69 181   0 203 164  60]
  [  0  35 316 280  43 219 246 257 177 249 126 351  53 322  47 189 268
    67  32  10 292 251 158 384 201 295 349 322 305  98 355 317 342  47
   103 128  41 345   0  14 154]
  [  0 259  22 182 371 130 216  48 135  37  58  98 188 260 239 383 239
    55  15 325 193 350 331 126 174  87 350 136 102 383 118 362  33   2
    48 194 249 221 349   0 242]
  [  0 196 272  45 112 369  76 136 379 147 391 371 191 209 354 228 359
    87 301 273  20  71 157 244  17  44  74 122 320 245 163   2 122 253
    17   0  81 238   4  54   0]]

 [[  0 166  23 330  71  25  94   8 224 251 216 208 161 165  73 245 331
   120  50  96 358 129 244 381 326 324 390 377 151 289 380 298 194  51
    78  12  39 253 314 175 185]
  [  0   0 185 292 185 371 195  13 184 178 301  82 177 387 318  67  83
   359  78 185 352  14 379 378 233 356 369  59 315 390  78  65 164 139
    38 248  56 365 172 204 356]
  [  0 102   0 305  99 148 265 386 262 386 114 379 274 323 251 258 174
   214  61  23 280 375 101 383 244 165 115 205 197 164 366 234  38  51
    93 313 195 250 308 105 203]
  [  0 319 120   0  95 228  88 254   2 228  27 144  37  15 353 288 255
   126 184  27 160 271 315 145 335  84  36 269 318 378 285  46 125 270
   106 287 149 231  70 359 329]
  [  0  57 331 211   0  91 382 208  57 204 361 394  98 302  20 320 191
    92 176 258 183 340  23   4   9  95  73 322 342   8 149  22 114 369
   371 162 257 223  31 337   3]
  [  0 290 300 298 104   0 123 146 119 236 188  48 162 347 358 292 280
    20 370 147 267 150 302 356 374 300 117  15 248  63 258 287 220 338
   167  30 209 238 325 178 297]
  [  0 152 367 340  34 309   0 252 374 229 334   5  67 362 369 211 132
   201 157 365  33 222 115 324 248 156 218  83 175 154 161 126  75 369
   130 204 290 161  26 100 214]
  [  0 100 373 360  43 309 118   0 264  92 382 205  44 297 291 185 298
   300 341 273 125   3 296 232 374  88 261  81  96  39 161 204 225 396
   396 271 338 263 272 134  57]
  [  0 109  79   8 250 275 271  64   0 309 396 386 241  28 157  67 357
   270  52  63 331  29 132 229  73 131 240 297 287 172 195 314 147 295
   136 128 329 316 201 307 230]
  [  0 187 359 227 363   2 346  72 131   0  29 337 254 356  60 244  55
    91 221 387 344 344 209 263 261 305  79 111  92 277 126  54  83 231
   373  55 187 273 284 325 177]
  [  0 112 327 311 186 351   7 263  90 307   0  12  48 343  74 318 178
    22 157   9 149 333 349 309 291 135 296 334   0 357 388   4 379 361
   280 305 276  93 214 393 231]
  [  0 142  85   5 389 125 237  64 126 158 212   0 261 169  16 341 288
    32   6 246 195 338  40 263  89 114 335 136 325 357 345 366 279 393
   198 182 314 309 154 332 349]
  [  0 310 302  82 170  19   7 255  70 163 100 317   0  11 170 213 184
   245  79 286 161  42  58 124 292 162 320 129 124  25 116 299 211  91
   195 256  53 355  67 291 163]
  [  0 388 115  89  18 247 240 363 277 248  96 262  66   0 342 249  78
   343 204  63 312 308 273 252  21 123  48  21  32 154 260 228 330 127
   292  24 334 244 154 181 281]
  [  0 234 189 123  72  70 159  14 323 235 162 182  65  40   0 389 260
   250  86 155 290 249 275 226 143  96 181  36 247 184 143 196 184 282
   237 169 300 329  33  33 383]
  [  0 284 296  21  38 377  63 309  22  94 165 185 109  10 218   0  66
   224 332 234 113  94 328 363 111 106 177 280  88 321 363 238 250 356
   189 386  16 299 377 108 188]
  [  0  54 310  37  37 292 240 265 341 216  86 332 176 171 174 393   0
   229 371  12  73 322 372  69  12 263 342  14 349 155 145  29 349  44
   385 252  96 283  33 121 217]
  [  0 363 204 292 218 186 134 160  17 368  12 104 270 122 306  90 265
     0 284 146 237   8 381  81 183 300  59 351 310 101 311 351  51  56
   183 228  52  15 194  49  72]
  [  0 337 372 376 173  98 122 299 181 386 205 231 215 157 141 161  93
   353   0 101 128 207 218 231 367 274 122 302 329 199  97 220 311 324
   107 335 263  71 242 130  11]
  [  0  12  18  89  66 305 177 154 294 129  36 269 227 307  97 331 331
   251 307   0  36 257 241 339  83   8  59  15   2  75 383 298  48 315
   129 336 182 122 207 135 293]
  [  0 366 388 292 247 304 248  48 303 203  72 320 353 382 187 140  49
    60 224 232   0 208 102 391 225  26  20 221 358 346  61 122 279 217
   372 102 337  41  33 343 389]
  [  0 193 203 191 247  36 107  78  98 289 213   3 383 196 200 361 192
   334 299 316  36   0 107 275 114 242 302 269 372 181 150  32 255  66
    19 356 185  74 211 273 383]
  [  0 221  34 336 310 184  89 209 257  92  28 301 380 150  27  22 319
   154 383 186 347 274   0 212 292 344 113 265  36 268 100 296  12  77
    45 173 389 206 170  34 184]
  [  0 160 227 383  58 152 241 215 338 360  75  24  63 394 282 223  38
   157 370  49  65 301  82   0  76 170 242  61 297 289  67 238 227 371
    26 319  91 390 162 242  12]
  [  0 345  98 256 198 100 288 391  94 135 116 378 185 248 351 194  97
   121 146 133 356 349  35 216   0 321 107 104 225 229 324 384 218 333
    56 305 392 110 189   1  91]
  [  0 231 317 214 380 396 332 379 208 385 112  97 205  39  68 265 347
   390  15 242 335 394 193 100  96   0 315 183  14 184 216 106 201 153
   214 272  15 193 246 197 207]
  [  0  97 243 146  67 267 250 312 349 374 351 103 121 179 130  68 136
   390 389  85 270 331  15  42 350 129   0 338 380 310 251 230 170   4
   144 146 160 289  46  85 321]
  [  0 313  79 174 277 115 186 117 300 364  80 347   8 239 133 389  84
   150 254 165 225 310 287  40 283  62 218   0  20  12  50 226 295   1
   309 298 221  71  59 149  55]
  [  0  19 351  52 239 283 274 261 105 177 317 380 393 353 235  65 287
   193 384 178 242 212 292 363  95 216 140  30   0  79 282 270 285 317
   229 312 304 120  24   0  38]
  [  0 142  19 132  29 131 391 266  64  59 266 205  95  49 331 392  12
   287 220 395   2 144 187  67 122 254 123  34  71   0 314 184  48 137
   322 166  93 152 173 236 207]
  [  0 330 355 247  38 106 376 120  22  98 177 274 161 138  36 144 290
   184 225  92  57 302 164  69 340  37 367 354 175 327   0 218 227 280
    25 333 328  75 390 353 247]
  [  0 170 381   6 306 359  25  67 322 390 288 390 261 156  74 188  53
    54 333 192  54 333 189  49 107 269  25 145   7 361 288   0 184 322
   371  29 165 131 286 303  34]
  [  0 100 257 396 186 172 331 330  40 136 366 207 240 247 134   8 346
   200 278 362 259 123  34 377 185 106 284  63 123 196 185  96   0 330
   325  29 264 149 272 194 281]
  [  0 393  31 282 111   6 121  89 229 145 248  48 272 124  34 372  99
   228  81 251  36  41   9 292 200 291 214 149 259 185 172 182  93   0
   277 309 136 221  34 363  41]
  [  0  20 206 269  96 193 223 349 186 269 292  44 390  39 280 189 216
    67 164  12 371 122  41 390 244 346 333 336  83  30 171 257  72  97
     0 387 369   6 217 389 194]
  [  0 157  75 317  48 105  24 324 130 260  15  70 200   6 174 116 128
   280 221 231  65 123 280 144 336  42 207 323 326 383 362 200 111 320
    64   0 128  87  76 163  11]
  [  0 113 147  42 151  57  44 120 244 199 109  99  69  61 201 305 136
   326 286  91   5 223 236 189 150  51  55  77 334 251  79 158  11  61
   163 125   0 138 387 389 393]
  [  0 390 305 127  48 196 240 296 281 134 252  91 355 112 222 193 325
   297  25 194 391   0 322  69 285 392 286  86 221 300 364  84  89  88
   246 353  38   0 137 232 124]
  [  0 115 386  65 159 232 251 193  88 326 127 244  48 119  37 109 244
   145 185  74 363 348 322 286   1 301  80 260  41  16 268 172 259 108
   140 249  39 127   0  57 385]
  [  0 140 189 362 313 223  43 286 386  76 302 330  41 301 182 195 129
   389 221  23 111 348 258   5 132 297 135 219 157 122 317  78 229 396
    77  28 151  81  25   0 124]
  [  0 229 348  22  98 156 286 350 325 201 272 117 285 309 114 119 308
   157  85  96  52 384 376  38  21 180  17 130 369 301 247  61 327  17
    58  29  43 372 117 359   0]]

 [[  0 302 188 331 188 166 144 233 206 288  80 188   5 362 114  12  48
   337 231 273  42 161 216 289  28 180 142 161 227 184 152  26 227 252
   285 361 265 201  66 110 258]
  [  0   0 375 210  42 214 319  46 375 382 328 205 368 239  35 303 274
    87 292 274 278 325 136 169 354  19  62 320   2  62 345 141 105 240
    88 156 386 250  57 224 341]
  [  0 252   0 209  53 348  56 176  67 128 104 180 158 380 376 343 107
   282 110  14 198  68 164 107  18 388 305 211 309 249 163 203 223 209
   233  16 329 214 299 112  31]
  [  0 117 296   0  28  34 348 365 337 141  70  66 125 107 153 103 206
   362  79 382 257 244 374 361 122 287  22  79  24 386  75 306 303 343
   342 165 276 351 206 337 106]
  [  0 215 175  34   0 100 238 144 315 207 313 249 297  77 319  19 156
   272 203 344 280 382 215  51 166  40  66 284 324 240 339 194 340 345
   225 221  81  21  22 167  62]
  [  0  38 292 304 196   0  54 372 289 367  23 165 318 357 254 309  29
   273 320 235 276 284 284 221 299 320 133 386 359 244 154 342 373  49
   270 345 223 366 277 325  35]
  [  0 225 391 134 327  84   0  71 117 343 378 395  65 203 128 207 295
    37 279  52 152   3  67 147 160   2  29 304 192 392  64 205  27 142
     3 110  10 216   7 312 172]
  [  0  81 121 344 278 277 192   0 163 231 189 208 281 198 295  73 296
   216 150 281 353 171 121  66 218 382 339 385 186 396 244 365 265 185
   355 142 183  87 229 207  94]
  [  0  22 332 222 210 157  41 200   0 220 268  32 205  68 264 101 105
   336 349  26 383 394 187 330 276 172 287 255  58 298 284 121 299  57
   187 173  12  69  58 115  78]
  [  0 360 370 197 103 173 212 282 285   0 283 100  94 312 218 248 316
    35 277  77 294 362 257 366 236 263 136 386 159  18 355  65 338  58
   185  99 149 118 223 322 314]
  [  0 180 340 101 147  66 345 105  56 363   0  28 116 196 307 246 355
   266 133 115 114 133 393 195  98 299 250 318 211 160 178 198 144  91
   172  82 149  58 157 246 136]
  [  0 100 355  96 252   9 251 300 302  69 232   0  42 188 211  95 364
   161 384 279 174  70 265 239 238 145 353 263 371  47 194 172 391 172
   211  19 216  11  61 336 371]
  [  0 386  47 347  54 124 109 392 162 315 334  65   0 302 205  38 172
   219 287  64  86 390 242 308 155 165 299 219 244 245 210 268 103  52
    61  66 138  79 246 280 109]
  [  0  27 342  90 314 189 250  28   2 366  15 307 198   0 180 163 133
   112 121 238 178 135 210  32 231 257 255 241 316 124 137 188 214  56
   360 137 227  23  34  41 179]
  [  0  80 355 175  42 149 157 351 125 394 283 162   3 103   0 376 158
   288 343   1  60 258 319  67 283 344  13  60 157 352 199 154   9  61
   195 363  36 265 204 328 162]
  [  0 218 255 341 359 361 326 252 387 308 250 102 157 104 231   0 105
    49 250 305 314  40  68 273 166 197 386  12 333 267 327 352 202 380
   124 230 108 319 127 190 395]
  [  0 372 319  30 142 221 202  58 211 278 152  46 197 179 368  47   0
   154 152 311 168  25  19 110 264 357 195 206 312  91  94  59 383   6
   269 191 121 260  66 228 235]
  [  0 110 302 137 224  94 327 270 130  56 287 230  48  10   9 357 104
     0 249 114 213 120 237 257 130 203  59 187 142 143 304 334 358  39
   104 194 227  53 130   6 385]
  [  0 246 169 328 269 184 128 333  19  42 256 373 276  19 176 125  79
   192   0 193 108 238 145 218 205 369 293 190 238  55  79 204 282 380
   379 183 107 316 380  50 385]
  [  0 313 388   3 186 250 262 136 146 343 307   7 265 304 268 173 244
   101 278   0 242 329 288  49 270 159 170 189  33  89 268 106 306 396
   301  25 145 211  92 166  73]
  [  0 201 300 239  75 391 347 164 362 170 169 298  58 275 238 269 166
   212 262 266   0  82 336  95 169  31 124 172 298  25 342   4 292 325
    19  63 139 283 288 270 353]
  [  0 135  43   9 357 276 129 280 124 320  97 284 270 148 111  26 362
    68 219  56   2   0 111 129  30  29 377 133  44   1  32 100   9 354
    39  34 198 355 377 345 180]
  [  0  18 259 192 211 143 183 126 175 363 304 340 291 350 366 204 326
   395 219 318 388  26   0  28  55  38 395 388 344 189  72 141 361  83
   203   1 100 188 230 170 172]
  [  0  30  29  89 208 346 111   2 374 187 134 262 276  30 143  41 253
   226  43 202 143 379 296   0 198 208  38 227 250 341 322 266 180   5
   353  92 134   5 292 354 373]
  [  0 149 213 157  42  46 311 260 197   6 122 159 330  78  65  61  11
    58 238 308 338 135  21  38   0 213 261  59 228 144 262 201 283 318
   164 367  89 146 167 345 138]
  [  0 139 157 214 391 248 324 132 114 155 179 298 320 111  27  40 346
   102 193  99 356  17 183 367 332   0 256 212 155  89  14 291 385 261
    92 382 244 282 204  69 109]
  [  0  62  12 150 211 382 184  83  90 317 105  26 347 120 372 257 209
   189 223  14  94  23 174 263 131 362   0 379 286 116  58 208 185 321
   244  63 228 377 380 352 338]
  [  0 152  26  15 280  35 309 220 206 164 200 201  41 262 295 168 282
   153 264 273 319 263 274  77 316  25 164   0  60 270 292 335 192  62
   318 379 306 368 348 260 367]
  [  0 192 320 344  30 114 288  75 156 173 341 215 273 225 322  84 364
   106  17  19 125 259 191 126 194 204   6 326   0 134 210  10  88  62
   264  92  96 374 295 362 303]
  [  0 108  63 100 266 357 283   4 391 372  37 238 189 137 124   3 153
   238 255 313 280  26 318 262 232  57 345 340 273   0  58  10 315 317
    72 119 363 317 101 140 310]
  [  0 172 363 312 141 188 148 300 284 375 327  11 166 217 236 280 295
   330 378 218 264 143 168  58  43 209 256 306 276 159   0 214 353 355
   381 259 216  50 203 112  34]
  [  0 283 112 306 132  86 332 114  64 131 392 345  70 164  91  46 277
    31 366  99 386  76 137 154 234 179 375 344 156  30 227   0 188 289
   256 151 282 322  75 231 354]
  [  0 361 283 385  12 237 371 288 183 224 305  41 208 166  96 114  88
    79 223  68 274 341 131   6 244 161 330 276 125 102 372 122   0 335
   376 114  45  83 308  74 281]
  [  0 375 177 334 337 230 244 270 335 227 229  63 304  90 311 214 277
   350  78  91 336  36 236 245 232 207 148 218 176 159 367  77 129   0
   122   8  22 321  71 345 334]
  [  0 391  74 240 200 287  98 248 144 172  64 284 170  52 388 115 138
   223 128 309 258  14 169  20 344 128 246 143  41 207 383  43 221  62
     0 101  31 371 141 228 305]
  [  0  38 221 213 293  72 244 113  54 223 176  65 169  58  26 374 281
   236  70  59 242 215 156 183 336 321 257 253  90 146  65  94 150 384
    29   0 153 127 321  19 345]
  [  0 264 166 279 244 274  29 326 187 307  44 278 375 348 294  50 360
     7 242  14 255 274 224 327 330 274 267  85 297  19 192 110   2  16
   342 141   0  14 331 154  91]
  [  0  93  76 313 253 363 317 177  65  86  54  31 253 243 123 294 174
    48 263  41 115  21 224 267 273   2 257 250 335 235 110 249 380 214
   183 155 343   0 119 181 328]
  [  0 166 384 118 110 249 126 120 177 367 251 322 229  30  62 298  16
   258 179 208 224 371 291  40  12 111  13 294 177 237 187 130 266 330
   303  45 213 141   0 326 120]
  [  0  56  70 132 234 117  20 193 357 267 302 372  14  12 225   7  88
    26 191   8 153 202 142 247 231  36 267 347  19 396 322 289 119 274
   232  16 393 307  97   0 358]
  [  0 195 242 286 262 132   1 300 305 395  22 387 180 258 178  52  72
   154  31  37 149 218 309  56 395 192 269 111  77 310 295 343  47 261
    36 298 275 281 190  81   0]]]
release_time
[   0  218  737   78  834    3    0  328 1014  210  211  301  126  431
  689  226  806  759   78  503  721   14  364  243    0  332  109    9
 1076  159  137  337  260  317   46  514  131  522  559  590  984]
due_date
[   0  891 1169  428 1031 1002  247  890 1162  953 1119  524 1113 1206
  739  673 1157 1130  987  920 1076  387  901  891   18  875  710  231
 1157  895  610  854 1132  583  199 1048  263 1059  679 1145 1018]
unit_emission
[11  9  8 11  3]
emission_limit
13704.6
setup_severity
2.0
due_tight
0.3
due_range
1.0
release_tight
10
degree_constr
0.2
