mach
5
job_rate
8
weight
[ 0  1  1  6  4  2  1  8 10  5  4  5  8  6  6  7 10 10  5  6  6  7  9 10
  7  5  9  2  8 10  2  4  7  4  7  5 10  2  2  4  2]
proc_time
[[  0 101 116 122 118 132  70 134  55 148 149 105 110 128  90 135 144  96
  101 145  66 100 103  60  71  78 122 122  64  75 141 112  70  99 119 143
  104 149  65 129  54]
 [  0  95  84 146 138 123  69  67  72 137  97  71 124 111 150 132 145  53
   88 148  58 133 149 118 134  95  73  81  81  59  66 118 100  59 121 150
   69 124  98  84 108]
 [  0 136  76  75 148  80  76  92  60  81  91 114  91 119  70 113 113 115
   66 125 136 145  53 118 141 102  67 144  95 139 132 129  51  95  96 103
  104  80 130 138 117]
 [  0 134 132 128  56  68 118 119  89 114 144  85  94 145 100 131 125 140
  140  66 131 109 128  54 116  62  75 108  84  75  94  57  56 117  85 110
   86 136 144  78 134]
 [  0 135  58 133 118  53 115 109  65  97 127 142  60  81  64  70  63  91
  122  92  92 126  97  81  52  82  98 149 113  78  54 149 108  81 123 126
  103 147 125 108 123]]
setup_time
[[[  0 345  70  59 233 341 381 409 391   1 376 243 218 146 195 211 210
   335 167 363  42 148 290  52 102   8 290  21 355 253 247 103 342 247
   222 356 322 180 181  38  49]
  [  0   0 148 169 124 124 206  35 322  98 110  68 365 234 136 173 221
    32 312 129 368 314 170 185 383 380  96 213 393 343   5 192 336 174
    75 108 344  69 151 199 139]
  [  0 277   0 308 361 120 155 281 287 329 302  18 103 213 349 383  62
   361 121  43 292 138  30  20 258 102 124  39 384 101  74  78 235 352
   392 109 147 389 256  99 405]
  [  0 139 166   0 139  65 240 326  45  42 175 184  81  59 323  69 230
    18 150 181 151 318 300 160 291 408  62 123  23 132 302 281 342 212
   184 288  66  58  39  59 205]
  [  0 112  12   7   0 231  61 317 242 246 128 353 202  36 382 334 391
    21 244 384 120 110  77  58 246 253 337  55 404 164 300  91 333  90
   392 123 199 187 258  56 342]
  [  0 193 339 220 335   0 291 172   4 396 201 208  17 280  32 139 178
   328 194 239 158 219 262  29 277 327 293 105 213 326 128 204 172 297
    35  27 328 169 190 105 180]
  [  0 244 316 380 125 326   0 376 332 112  22 229 176 359 204  50 238
   237 277 367 155 106 287 197 387 159 158 366 185  46 177 295 245 141
   358 346 396 279 300 319 221]
  [  0 190  58 192 358 194  74   0 228 295  29 156 382 187 332 175 251
    10 264 152 360  22 106 179 111  54 248 408 268 226  28 121 131 383
     6 182 143 228 363   7  97]
  [  0 240  86  65 255 337 386 407   0 204 100 406 405 118  75 309  46
   234  39 342  56 116 235 195 221  17 163 409 153 174  91 404 138 194
   110 265 213 220  80 379 253]
  [  0 151 204  77  66 167  58 145  21   0 126 362 311 143 105  41 160
   292 131 313 154 109  49 198 130 276 261 309  38 199 399  23  27 329
   390  59 303 162 206  49  30]
  [  0  96 116 226 395  23 379 202 156  87   0 279 364 356 270 385  38
    89 368 165  44  62 319  13 313   2  78 316 336  51 381 265 364 100
   381 141 137 209  11 189 335]
  [  0 125 395   6 191 260 287  14   6 216 327   0  94 195 159 375 218
   117 186 409 302 145  51 185 176 257  15 321 114 311  35  52 113  49
   407   9 284 179  63 215 324]
  [  0 299   0  81  52  65  69  88 126  43   6  44   0 142 139 326  47
     0 232 311  41 336 184  54  44 301 206 312 330 135  36 283 328 377
   217 272 299 121 371  36 394]
  [  0 188 145 242 368  79 104  80 289 174 381 168  83   0 214 180 101
   162 269 360 313 329 219 397 188 111  36 394 339 381 133 149 350 194
   295  88 273 206 102 119  57]
  [  0 179 238  15 291 255 307 351  93 151 128 358 169 256   0 144 104
   338 147 317 233  12 233 146 329 408 383  41  51 339 397 401  12 370
   393 181 395 344 277 128 128]
  [  0 134 339 238  52 176 208 278 147  58 357 240 140 139  91   0 106
   232  40 396  54   9 231  98 300  55 357  30 231  22  67  22 165 238
    26 107 282  13 113  84  10]
  [  0 115 298 208  50 108 300 172 271 136  97 177 297  25 386 364   0
    62 159 262 207 371 202  56 331 142 113  56 274 393  55 382 216 178
   147 174   3 163 193 235 256]
  [  0 137 305 108 180 382 258  93 212 113 326 315  70 123 378 279 129
     0 362   2  72 186  60  77  47   6 306 388  32 325 307  44 373  46
   318  81  33 139 243 413 104]
  [  0 258  84 234 282  88 269 305  62 376 338 253 229 130 255 304 414
   145   0  61 161  69 165  13 338 186 402  21 362 287 155 380 381 200
   150 116 376 371  86  51 117]
  [  0 153 290 252 407 189 405 362 268 397 114 209 276 139 266 115 310
   253 249   0  92 290  34 233  64 410 130 175  14 190   5  75 116  73
   280 260  15 320  64 273 322]
  [  0 274 162 353 359 289 189 210 114 135 228 232 414 101 395 241 193
   293 274  35   0  86 385 307  23  81 390 364 412 163 269 112 382  72
   373 131 184 273 142  26 212]
  [  0 209  89   1 240 414  94 176   9 244  51 104 367 120  63 346 284
   259  43  78  49   0 360  48 250 257 310  84  20 212 121 367 209 163
   121 354   1 317  21  19 137]
  [  0 375 217 361 374  97 277 248   3  18 317 250 162  60 297  28 202
   297  24 112 224  94   0 250 324  71 245 116  23 263 143 167 267 160
    78  67 153  75 276 264   4]
  [  0 321 107 407 169 344 377 319 125 265 335 104 259 379  36 273 380
   115 226 256  21 223 274   0 212  88 281  31 134 216 169 165 256  23
    90 302 414  50  66 294 386]
  [  0 228 343 343 201 325 147 141  18 210  11 105  48 325 206 129   5
    73 130  86 364 190 404 375   0   3 295 197 216  70  89 291 354 209
   214 121 310 203  34  24 109]
  [  0   0 282 292 203  54 145 290  13  90 386 386 139 127 384 369 112
    38 226  33 101 326 287 115 203   0  40 382 286 110 279 274 151  62
   304   8  29 118 351 387 410]
  [  0  87 118  12 247  54 277 182 145 410 117 344 129 393  16 339 109
   305 414 258 288  51  84 169 390 207   0 251 189  56 261 289 216 114
   113 178 124  51 410 189 193]
  [  0  38  53 363 302 413 372 252 205 402 377 362 115  21 414  77 145
   108  48 142 157 288 315 319 226 335  29   0 305 188 156 386  99 180
   341 340 371 374 350 338  80]
  [  0  95 174 173 104 312 375 374 275 237  84 281 365 102  99  46 243
   187  82 344 142 387 117 292  96  47 289 182   0 157 161 202  99  85
    83 117 409 269 239 292 100]
  [  0 391  15 350 260  46 382 280 216 105 253 318  86 229  44 105 409
    75 167 289 373 182 245  94 324 293 404  11 237   0 123  53 255 260
    50 144 100 101 337 154  16]
  [  0   7 147 376 413 307 259 169 147 367  66  22 113 202 228 162 411
   149  49  41 395  24 377   3  27 398 412 372 369 112   0 199 324 343
   195 273 106 378  10 222  30]
  [  0 141 299 313 165  88 216 275 332  68 192 101  78 372 106 361 162
    43 239 245 325   2 196 282 410 220 413 250  40  81 196   0  65 322
   237 232 159  48 284 410 402]
  [  0 301 286 226 270 298 358 291  89 217 265 414 151 105 186 314 293
   122  48 310 282 415 383 346 277 405 332 136 295  59 327 309   0 285
   221 100 209 318 159 282 250]
  [  0 118 356  80 139 232 136 344 231 212 340 263 243 405 143 409 384
   384 346 353 397 384 169  20 206 413 332  27 291 151 151 284 136   0
     7  86 152 120 237 178  50]
  [  0  47 304  61 369 272 356  90 184  44 270 283  18   6  32 307 234
    63   4 170 411 253 228 151  85 407 119 343  56 205 177 127 415 196
     0  18 149 339 368 376 240]
  [  0 406 103 232 269 318 272 413 288 301 346 399 268 299  68 153 203
   285 328  84 258 166 387 217  72 196 252  82 276 213 179 127 342 344
    43   0 194 313 413 337 320]
  [  0 134 271  46 305 273 373 388 167 272  26  33 175 382 273  67 218
   317 123 186 361 270 278 196  83 118 174  85  71  33   5 112 414 341
   179 282   0 413  77  93 356]
  [  0  13 277 333 215 290 145  23 246 165 271 160 212 390 184 262 232
   131 100 386 342 401 100 268 149 208 120 203  79 182  46 153  78 353
   336 251 359   0 231 413 394]
  [  0 261 215 336 359 362 374 175  82 382 209 173 300 270 334 216  73
   209  98 232 382 311 154  63 414 325 158  81 259  49  11 341 152 238
   158 265 144 307   0 212 165]
  [  0 231 135   9 384 200 204  96 181 411 308 318 137 107 137 352 334
    47  86 397 179 257 256 328 135 391 109 344 127  67 111 117  44 170
   392 238 149 400  10   0 379]
  [  0 106 118 114  87 316  20 301 230 260 330 181 415 389 340 143 266
   272  38  86 250 148 326  10 185 378 173 291 401 142 259 259 120 263
   174 189 158 159 316 138   0]]

 [[  0 402 139 329  97  60 183 343  68  16 291 267 104  60  11 169  85
   152  47 245 342 221   9 278 272  50 193  65 365 320 311 260   4 339
    35 170 234 132 209 332  11]
  [  0   0 133 400 295  77   4 354  35 385 192 388 312 221 113 102  77
   371 227 163  44  67 205 271  38 263  89 363 144 324 405  37 191 267
   281  77  15 326   3 363 230]
  [  0 200   0 236 413 293 142 102 316 173 368 342 239 262 243  89 323
   144  50 212  55 298 296 353 325 345 360  27 222 341 261 202 253 361
   251 236 327 128 328 172 293]
  [  0 369 182   0  91 348  73 133 218 269 129  22  39 267 311 407 112
    80  21 246 367 396  60 278 201 210 176 351 195 192 344  75 165 406
   374  13 291 231 195 190 358]
  [  0 393 357  26   0 145  57 362   5 256 213 220 364 160 224 118   1
   349 360 165 116 190 266 212 132 162  22 320 123 169 166  14 316 396
   324 172 196 255  44  77  45]
  [  0 180  73  37  31   0 201 256  59 413   5  82 228  48 246 161  24
   359 178   5 258 280 296 355 181 320 317 221 180 232 382 289   6 102
   228 296 181 289 130 212 260]
  [  0 409 365  28 309 337   0 116 141  19 182 260 285 218  86 339 366
   104  39 209 348  93 328 288  57 127 208 184 348 336 385 136 106  21
   343  76  46 263  67  24 243]
  [  0 153 400 402 267 193 201   0 205 107 263 273 363 226 110 354 240
   256 189  68 299 217  60 168 314 348 276 202 350 153  26 406 105 395
    39  17 348 364 156 283 232]
  [  0 217   1 199  14 243 376 186   0 183 278  52 402 223 389  83 251
   140 169 107 193 131 147 309  67  72 378 264  11  22  39 126 265 365
    95  47  13 410 328 243 143]
  [  0   9 312 195 173 374 112 272 194   0 204   5 295  99  49 403 195
    90 241 162 180  39 375 387 192 276 263 102 381 209 235 136 115  37
     7 203 133 179 215 109  11]
  [  0  76 383 239 410 135 412  88  78  89   0  97 185 189 275 112 160
    47 186 294 316 215 164 365 208 409  83 316 100 169 262 288  25  46
   120   1 241  36 379  69 134]
  [  0  74  42 149  42 412 233 199 196  14 230   0 200 385 363  72 279
   126   7  67 388 222 287  53  61 341 303 215 274 323 227 180  51 407
   241 328  18 385 346  87  72]
  [  0 135 393 325 377 160 318 167 226 411 329 135   0 101 128 272 307
   229 387 249 117 314  13 144 171 167  51 292 114 219 279  10 318 345
   295 215 257  16 290 156 262]
  [  0 150 124 152 105 414 378 354   7 405  14 110 203   0 412 266 366
   346 382 286 219 292 277 265 320 235 171 362 270  89  57 410 108  12
   190 120 184 119 349 321 134]
  [  0 395 227 388 215 219 221 104 357   7 137  52 412  54   0 181 331
   174 107 284 154  96 336 406 396 117 326 337 400 163 118  10 242 179
   135 100 237  58 234 355 117]
  [  0 119 225 362  95 232  71  35 387  76 394  49 122 304 352   0 254
   126 321  24 162 170 138 407 114 217 104 246 125 338  71 125   0 306
   143 142 199 264 361 191 132]
  [  0 137 311 334 185 177 342 158 194 258 262 104 238 135  44 388   0
   134 198 229  32 222 180 176 211 284  19 125 247 228  94  41  56 148
   146 272 350 349 223 219 213]
  [  0 152 190 148 329 122 404  92 399 249 264 119 188 206 250 109 121
     0  62 266 274 350 121 375 321 270 124  81  96 285 275 349 317 366
    17 276 115   7 394  67   4]
  [  0 184 231  21   0 239 123  65 175 232  11   5 287 294 320 215 289
    98   0  59 106 363  45 173 308 369 100 212 300 245 237 303  80 250
    72 222 403 379 285 362  34]
  [  0  18 307  46 197  91  55 288 399 280 385  11 386 127 350 354 325
   297  18   0 350 371 226 309 307  20 278 249  65 150 217 227 227 330
   278 396 336 195  61  43  36]
  [  0 339 153  99 109 258  46 334  51  92   5 110  99 136 232 215  60
   378 120 287   0 389   8  56 308 317 235 407 407 406  33 194 114 353
   147 343  20  90 204 142  13]
  [  0 354  85 232 382 399  27 202 233 322 132 198 292 157 308  97  79
   180 397 130 410   0 145  33 341  97 375 354 204 112  98 262  55   3
   330  71 256 403 335 350 257]
  [  0 210 101 151 169 261 333   4  40  21 349 282 111  58 135 335  44
   298 354 122  47 347   0 249 147 209 328 167 170 187 322 170 135 199
    64 160 343 102 309 370 407]
  [  0 352  37 339 206 318 128  33 167 365 212 376   4 103 230 319  59
   225 161 301 117 323 313   0 338 389  34  15 159 236 203 222  39 191
   190 261 328   0  63  70 202]
  [  0 342 397 269 216 405 195  94  40  64 306 383 113  67 299 117 133
   127 167 366 173 318 290 268   0 399 397 221  72 269  74 394  19 245
   363 349 275 255 198 226 365]
  [  0 188 180 277 172  63 224 334 102  19 115 169  25 345 146 378 358
   404 149 260 112 350 136 188 405   0 308  88 303  92 116  31 151   9
   338 275 164 371 177 158 347]
  [  0  70   8 364 155 239 214 377 166 388 272 404 296 388 263  65 224
   316 249 309  69  52 245 403  75 205   0 120  18 227  95 110 194 211
   347 140 169  84 355  61 384]
  [  0 240  23 120 300 130 179  26 295 106 258 178 128 343 173 230 322
   304  87   5 106 116 312  19 266 181 117   0  83 409  33 109  43 245
   404 414 183 205  82 286 276]
  [  0 177  81 277 379 174 230 381 388 234 147 386  38 104 155 399 166
    16 183  14  94 117 127 226 265 134  95 244   0  29 110 240 233 370
   298 396 382 359 407 364 123]
  [  0 361  91 382 145 348 264 336 266 235 264 174  87 203  78 319 150
   130 199 123  72 354 114 127 305  95   5 257 230   0  43 136 298 343
   241 221 400  25 324 400 259]
  [  0  18 329 201 362  27 172 140   7 194 131 400 153 219 242 321  98
     2  69 337 166   7 267 404 238  41 244 296 359 100   0 235 207 190
   409 288 274  24  52 283  88]
  [  0 350 312 117  22 366 141 351 220 119 314 329  99 295  61  90 288
   296 191 219  89 341 129 396 363  62 190 291 235  75 401   0  72  96
   140 166 320 159 196  52 175]
  [  0 407 186 186 118 201 109 280 138 135 209 382  85 229 309 102  23
   250 368 241 158  62 373 174  55  70  77  39 374 155   8 386   0 374
   253   9 142 319 383 114 258]
  [  0 295 255  42 125 197 325 212 304  72 138 283  24 335 178 359 106
   312 347 289 149 246  96  85  39  14 165 107 297  27 196 377 362   0
    24 158 151  82  37 362 154]
  [  0   9 227  45  69 169 363 132   6 374 274  51 329 105 254 153   1
   350  39  23 277 170  51 345 333  60 336 189 166 122 242 119 384 294
     0  62 217 209 333 285 241]
  [  0 201 277 200  76  95  52 207 240 195  79 119 293 151 373 257 124
   277 381 303 213 108 362 318   8  58   4 238 223  54 289 297  56 162
   374   0 389  46 403 254  37]
  [  0 370 199 275 150 260  19 162 197   9 184 273 236 335 397  81 258
    31 172 412 182  89 365  67 289 213  80  61 372  64 236 344 105 177
   129  76   0  12  85 328 360]
  [  0 397   7 145  23 297  12 386 270 123 180 290  57 332 104 406 389
   277 228 353 240  24  76  17   9  54 176 243 323 341 247 104 140 296
   242 223 205   0 353 281 402]
  [  0 312 173 293 221 143 372   9 247 124 257 347 228  89 127 269 214
   409 158  24 187 368 305 164  41 111 247 355 141  69 140 103  40  63
   223 242 102  99   0 327 126]
  [  0 150  67 407 387  52 355 182 354 412 307 271 371 288 309 383  45
   219 338 362 321 125 410 376 320  61 156 139 107 103  50  57 363 172
    39 135  26  65  10   0 368]
  [  0 234  86  75 402  61  98  60 240 128 157 268 343 310 404 151 106
   407   9 394  47 317 257  16  20 385 212 196 197 338 106  27 376 229
   152 167 119 363 160 232   0]]

 [[  0  31 403 329 190 291 149  72 295 355 293 243 317 410 327 408 367
   297 354 371 232 231 136  40 299 120 155 392 183 332 250 391 371  11
   278 377  58 214 177 409 313]
  [  0   0 112   4  91 323 341  26 378 158 168 343   2  54 321 244  31
     9   1 200 341 187 102 264  62 368 198 348 138 387 211 370 336 298
   222 359 111  96  72 225 137]
  [  0 164   0 399 363 268 353 140 113 216 385 109 132 236  77 283 210
   130 293 313 213 111 307  53  73 204 165 221 408 376 265  43 290 276
   193 192 146 100 354 336  19]
  [  0  25 330   0  57 349  60 187  15 269 335  96 353  56 201  26 402
    75 123 120 226 203 235 154  18 277  16 343 142 358 158 140 209 277
   377  51 204  82  54 367 400]
  [  0  12 268  94   0  93  18 295 148   9 273 127 270 322 106  42 412
   148 395 236 294 171  74  39  25 219 361  83  70 179 278 159 328 238
   165  82 185 305  11  24 267]
  [  0 169 141 413  64   0  88 303  72 115  55  40 278 413 405 359 398
   224  46 261  23  80 202 339 296 351  37 205 295 225 334 234 111 331
   361 172 247  22 239  85 113]
  [  0 255 102 186 344 296   0 322  84 282 168 407 249 274  37 242 175
   206 356   5 356   0 258 136 370  99  82 299 131 109 311 376  10 290
   413 174 306 159 294 135 255]
  [  0 166 185 172 271  21 253   0 394 291 325 297 184 379  80  57 313
   264  90 102 233 221 198  77 163 191 343 171 296 274 390 404  43  24
   115  12 397 306 178 133  13]
  [  0 295 348   5  97 247 262 278   0 274 401  16 395 202 274 253 232
   296 367  15 359 186 381 355 293 264 114 339  14  82 336  75 255 175
   290 369 243  88 378  73 206]
  [  0  97  50 285 160 165  73 330 288   0 259  11 196 349  61  70 157
   128 398 185 343 262 372 289 182 339  49 391 278  54 178 124 132 235
   222 299 391 354 231 199  19]
  [  0 351 147 235 358 399 352 109 365 119   0 156 204 118 143 334 402
   239 343  29 150  60   8  27 290 302 315 367 180 367 343 106 388 241
   405  43  83 318 205 109 370]
  [  0  90  95  23 334 153 129 151 228 235 363   0 105 246   1 357 297
   137  65 152 233 293 136 326  66 161 248   4 359 213 120 310 347  67
   100  47 404 269 133  71 399]
  [  0 356  18 328 228 388  57 370 307  63 153 173   0 204 139 282 172
   196  43 171 154 254  70 149 186 123 384 409 383  48 207  85 357 369
    70 357 230   4 399 381 344]
  [  0 174  83  74 223  47 288  74  14  81 323 210 382   0 306 131 412
    95  40 116 300 349 203 410  85 124  59 247   5 410 128 178  76 258
   275 166 318 203 413 314 254]
  [  0 189 363 187 228 205  56 351 147 173 381 360  39 241   0 221 253
    19 395 247 388   0  65 144 206 207 413 407 193  13 101 117  64 272
   112 235 377 244  85 407 274]
  [  0  91 329 339 155 175  80 327  77  36  68 144  61 120  42   0 127
    50 102  22 272  30 116 323 119  18 361  41  83 191 154 159 159 334
    75 167 277 174 215  28 284]
  [  0  60 299 343  75 298 265 125 384 341 304 325 351 182 410 269   0
   104  14 394 216  30 291 403  84 146 297 231 131 111 122 293  70 101
   206  63 241 197 317  25 234]
  [  0 162 226 386 259 279 347 364 396 120 338 151  95  91 291 362  28
     0  64  99 170 152 406 355  61  85 119 293 349 271 145  78  66 120
   366 256 261 408 156 174  72]
  [  0 296 148 301 231 407 364 151  69  57 130 137 117  31 286 156 346
   178   0 291 130 188 396 229 228 323 187 388 223  25 218 206  56  83
    63 234 215 298  30 288  93]
  [  0  36 137 252 358 170 300 184 232  73 119  39   8 110 364 359 125
   121 313   0 131 281 371 192  95 246 174 316 341  69  30 315 219 313
    77 381 215 140 254 102 391]
  [  0 338  77  31 275  91 311 244 335  17 409 125 260  15 305 142 144
    23  19 311   0   3  70 363  68 351 158 261 349 359 123 161  43 249
   163  68 258 347  99 380 113]
  [  0  55 338 256 305 117  39  37 227 267 205  26 270  25 395 207 371
   358  86  79  45   0 405 391 218 208 342  51 277  69 100 212 308 335
   201  83 398 294 352 114 117]
  [  0 375 270 275 377 119 262 131 408 254 119 121 363 254 303 333   4
   299 244  35  66   4   0 306  26 113 365  24  55  70 163  46  26 223
   132 114  90 310 136 146 116]
  [  0  33 301 365 415 337 303 113 201   3 401 217  87 319 225 217  10
   248 224 381 351  32 371   0 368 213 113 339 259  35 311 315   2 272
   310 151 143 301 379 221 183]
  [  0 293 172 145 111  38 391 233 320 326 117 163 332 307 193 318 154
   378 290 396 187  83  71 164   0 197 263  69 123 231 156 181 243  77
    87  17 109 294 137 288 231]
  [  0 295 246 217  38 323  17 296 298 275 172 147 247  76 415  47 371
   411 266 168 148 347 340  55 373   0 218 410 114   3 122 177  31 121
   279 381 343 368 275 199  74]
  [  0 123 183 248 392 190 178 313 114 327  67 245  43 193 110 378 295
   309 331 374 173  34  71 184 339  74   0 101 328 331 202 304 107  21
   405  92  68 126 289 263 377]
  [  0  57 390  32 201 159 337 405 356 169 364 172  64  47 208 344   8
   330  81 387 244 190 411 228  97 363 260   0 412 337 285 374 253 286
   285  52 243  74 399  80  12]
  [  0 134 411  37  46 247 160 336 209 387 255 168 106  66  54 342 370
   202 346 330 296  46 313 408  79 241 109 146   0 287 290 319 196 372
    21 398 262 195 214  33 111]
  [  0 189 262 129 110  85 345 348 208 346  89 366 290  46 363 305 411
   122 209 355  62  15 143 138 370 196 262 138 383   0  48 394 256 141
   300 326  32 285 306 303 290]
  [  0 280 369  67 311 116 248 182 117 405  55 172 128 190 255 357 346
   386 124  57 141 398   6  14 409  17 139 347 136  38   0  25 180 154
   302 286 193 292 310 384 108]
  [  0 137 324 392  59 125 391 375 244 361  60 289 161   6  63 230 307
   241 346 189  59 289 402 121  20  16  21 322 222 385 341   0 352  86
   228  67  18 294 240 113  12]
  [  0 297 360 144 299 197 244 187 276  81  59 317 366 170 306  22 306
   334 360 228 356 380 315  37 208  87 120  31 157 260  91 242   0 230
   224   2 299  73 216 200 349]
  [  0 299 305 370 373  16 181  71 413 160 178 396 360 179  80  83 403
   351 191 324 275 399   1 259 311 265 124 310 234  64  53 198 297   0
   359 243  85 358  76 227 255]
  [  0 409 409 172 192 154 328   7  46  15 228  50 205 150 412  72 315
   241 107 242 219  18 285 347 158 341 187 195  67 153 223   5  85 299
     0 179 153 264 227 375  45]
  [  0 399 106 214 397 141  48 327 326  34  51 180 101  51 145 202 259
   302 218 153 188 256  91 386 330  33 240  43 257 249 287  48 336 291
    10   0  64  75 233 166  49]
  [  0 316  58  59  87  59 153 115 222 383 372 415 125 107 396 238 197
    74  63 289 265 371 187 171 337 194  40  39  82 255 314 172 271 262
   382 215   0 171 410 203 192]
  [  0  40 321 332 185 247  25 302 206 395 107 276 292 204 121 310 130
   385 150   3 305  77 349 135 414 317 200  45 178 273 176 315 392 115
   169 352   6   0  68 142 273]
  [  0 134 265 302 111 224 123 218 159 126 388 150  99 106 351  93 207
   227 224 394 228  39 126 174 180 341 285 138 263   6 244 261 153 191
   306  82 374 210   0  30  56]
  [  0 183 404 214  72 128 249 318 148 401  29 362 400  46 267 229 367
    15  55 210 393 328 333  85 140  67 327 132 102 188 338 325 167 354
   180  32  50 393 145   0 174]
  [  0  76  14  14 398 334 318 201 403  40  47 291 382  49 179 172  51
    49  71  38 121  85 413 405 387 271  23 351 218 305  27 285 254 198
   173 316 200 388  38 387   0]]

 [[  0 292  32  53 180 136 193 246 324 200 307 163 160 265 196 106 299
   393 397  17 227 239 205 278   6 188 356  85 277 151 114 252 227 205
   170  95  10  21  28 337 315]
  [  0   0 323 212  66 214 414 295 369 268 346 254 179 206 268 395  22
    42  92 348 291   6 162 327  30 335 150 377 192 365  93 365 251 337
   316 227   8 324 344  98  64]
  [  0  12   0  33 253 340 102 186 401 409 212 103 381  69   6 307 344
   338 125 392  32 404 135 246 278  20 247 352 196 390  33 378 341  64
    97 144 103 287 229 345 126]
  [  0 375 211   0 159 289  23 323 266 288 339  52 404 132 120  56 172
    87 372 370  45  89 196 123 117  21 369 137  61 127 376 186 180  35
   195 331 385 284  89  24 258]
  [  0 196  36 181   0 261  65  51 333  63   7  38 278   6 255 257 305
    13 356 187 114 363  91 298  23  55 256 401 264 238 239 360 315 197
   388 285 303 144 201 287 335]
  [  0  22 183  33  47   0 168 282 325  45 392 291 148 240 261  47 233
   112 307 353 116 321 371 185 128 236 106   8 341 145  72 413 237 366
   234 322  46 164 290 262 340]
  [  0  12 128 173 177 358   0 217 243 258  57 354 397 402 304 387 102
   220 258  54  60 249 218 191 298  59 170 376 164 137 374 413 202 136
   153 392  36 253 351 282 281]
  [  0 291  11 326 248 222 226   0  42 391 200 174  33 404 240  27 359
   322 380 373 320  42  16 142 401  60 353 397 328 313  57 204 319 374
   288 105 257  81 167 321 265]
  [  0 239 151  17 330 316  27  13   0 322 196 109 234 169 323  43 343
    55 402 276 163 116 234 100 373 188  43 119 300 104 363 106 155 206
   177  30 290 230 333 195 301]
  [  0  32 253 267 160 222 251 117 172   0  35 282 146 232  67  42 257
   341 259  43 412 191 102  48 240 244 337 163 112 247  79 165 204 314
   334 143 117  79 127 336 359]
  [  0 229  32 383  69 414 371 182 296 140   0 406  13 174 357   1 170
   123 103  25  76  41  31   1  35 244  24 365 246 275 248 150  61 387
    15 101  94  31 160 274 384]
  [  0 185 358 225 397 112 336 286   4  84 343   0 304  56  59 394  22
   118 196 369 406 134 160  44 255 397   7 199 390  81 362 232 409 382
   358 104  29 293  46 323 273]
  [  0 167 195  29  73 316  42 340 154 319 141 153   0 169 205 109 297
   135  55 109 229  82 323 328 189 316 267 249 365  89 245 190 100  98
   251 151  47  33 235 296 203]
  [  0 256 271 389  56 145 355 136  56  63  17  41 404   0 194 319 354
   288 215 187  45 238  81 134 316  32 342  62  84 183 302  96 237 394
   257 251 170 158 372 180  98]
  [  0 190 161 415 339 201 229 357  96 144  67 325  62 110   0 105 326
   302 193 191 405  80  90 363  88  63 278 185 261 414 285 213 262 265
   197  54 315 356  58 298 336]
  [  0 144 228 298 371 414  43  74  46 374  77 396 407 100  61   0 193
   252 378  22 291   6 150 151  36 117 203 406  70 350 338 341 137   9
   377 337 138 236 284  94 409]
  [  0  16 295 211 343  13  49 218 395 275 232 179  63 291 283 309   0
   224  62  33 369 311 406 349 184 213 281 297 263 341 259 407 221 243
    97 188 280 173 157 363 289]
  [  0 355 236 237 347 269 267 257 245 189 264 121 110 269 243 234 381
     0 364  31 395  14  32 288 188 320 274 198 246 169  27 202 378 360
    16 127 286 326 381 316 121]
  [  0  16 415 304 359 391 412  54   7 236 123 233 366 175 263 309 302
   241   0 284  84 220 127 352 252 301  61 172  87 258 277 185 376 301
   149 380  51 353 232 188 272]
  [  0 299 331 370  63 414 279 203 187 302 318  56 207 273 389 305 314
   404  51   0 273 366 265 131 321 166 155 396 361 202 403 146  67 290
   333 391  18 329  39   3 409]
  [  0 138 383 269  38  66 245 223 307  45 407 175 111 287  63 191 386
   184 366 365   0 172 336 250  74 257 222 174 369 258 120  54 394 249
   114 388 200 251 163 357 174]
  [  0 176 246 328 128 144 407  47 238 242 235 128  61 387 247  22  21
   300 405 103 366   0  83 158 165 378 304  13 372   2 230 269   8 359
   207  42 370 299  80 189 158]
  [  0  26 110 148 204 137  82 179 379 123 405 289 362 267 317 363  58
    32  84 387 108 270   0 153 211 142 384  62 201 199 324 118 391 322
    49 366   7 327  27 366 299]
  [  0 369 182 106 252 216 210 344 379 392 129 340  77 120 143 299 134
   322 390 206  64 279  32   0  47 109 280 223 115 293 132 415  38 400
   240 335 152 206 390 353 360]
  [  0  80 311 278 209  43  98 392 397  85 116 172 409  78 151 196 122
    73 283 331  32 360 251 228   0 295 155 318 142 211 232 403 188  53
   308 260  78  80 280 278 300]
  [  0 227  17 122 331 309  35 411 275  45 255 370  37 280 304 155 335
   136 183 232 133 115 389  32 372   0  23 168 289 342 140  58 361 340
   348 368 224 317 342  56 197]
  [  0  48 280  40 150  67 244 411  80 390  77  74 370 274 179 123 384
    72 281   5 332  65  88 299 161  59   0  53 272 203  50 340 191 240
   354 409 366 307   7   7 159]
  [  0 196 165 308 401 305 202 118 349 384 306 190 329 182 400 176 262
   156 219 223 353 117 364  30  30 311  43   0 407 289 199 381 321  54
   391 225 290 270  91 353 344]
  [  0   5 383 250 155 344  31  16 133 188 263  53 356  48 377 205  62
   116 193 344  74 288  61 261  43 387 197 325   0 375 169 402 240 371
    11 227 311 182 376  73 329]
  [  0 360 120 203 214  53 401 316  47 199 126  30 113 135 168 203 355
    92 310 369 170 111 252  47 217 279 352 131  42   0 146 160 264   6
   356  49  80 211 335  83 256]
  [  0 152 152 119 332  43 372 252 233 174 298 371  34 190 118 385  72
   343  54  86 267 304 332 371 415 352 206  75  69 186   0 124 282  56
   297 407  76 139 298  69 255]
  [  0  56  45  13 219 118 393 310 360 215 359 217 194 314 285 317 323
   265  92 252  46 395 289 129 369 236 357 100 264 333 126   0  76  92
   221 118 392 337  66 137 250]
  [  0 321  68 134 172 136 139 267 343 218  77 354  39 150 396  78 202
   340  14 403 134  49  10  34  60 346 293  91 138 201 188 405   0 272
   280  42 255   8 353  57  19]
  [  0  89 415 392 324 404 138 404 346 199 316 248  21 384 119 203 199
   159 255 382 229 205 116 409  68 143 395 347 138 293 381 221 193   0
   162 178 153  57 232 200 249]
  [  0 381 374  47  59 362  33 388 218 151 285  95 104 265  55  90 219
   103  53  86 212 265 248 164 363 315 350 140 144 398  85 303 337 336
     0 325 147 415 167 277 188]
  [  0 338 343 321 108  60  34  10  74  32 204 215 346 284 160  24 280
    29 138 322 389 119  65  90   9 199  41 305 198 395  69 389 347 393
   307   0  44 152 283 227 120]
  [  0 255 377 264 402 157  48 116 407  89  11  19 327 413 253 199  29
    38 291  44  31 319 232 153 272 356   3 359 378 195 237 257  80 388
   164 379   0  61 256 185 236]
  [  0 103 402 143 187 368 245 395 353 132  72 245 277 291 257 107 231
   132 366  11 145 207 280 272 390 228 291 249  21 276  50  46 266 267
   114 211 169   0 219 242 368]
  [  0 353  59 375 176 278  75  76 251   3 309 168 274 178 148 347 232
   317 263  47 237  91 108 123 182  52 145 255 344 106 196 196 149  84
    20 121 215 225   0 296 220]
  [  0   8 203 205 121 207 146 130  46 194 253  90   8 252 175 367 194
    54 412 159 205 168 328  70 192 200 198 234 390 179 364 291 266  57
   299  16 280  30 154   0 250]
  [  0 201  17 288 134 273  48 189 268 187 307 390 346 159 139 225 126
   328  98 284 168  35 393 262  40 120 181 367 181 350 174  97 207 207
   381 199 162 349 348 336   0]]

 [[  0  81 176 184 257 205 292 225 146 215 279 387 409 300 339 337 245
    19 333 411 394 252 243 125  58 383 286  99 377 169 407 279 277 372
   405 369  38 143  32 320 389]
  [  0   0  90  78 211 399 174 165   8 235 277  59 299 207 118 325 140
   194  29 207 228 300 321 252 198 231 296 402  79  61 200 193 132 146
   275 373 305  19 289  56  50]
  [  0 139   0 232 155 237  41 270 142 174 332 414 229  64 225 263 119
    99 284 188 220  78 342  58 394 233  93 386 243 241 111 356 299 397
    54 256 321 134  41 238 374]
  [  0 127  95   0 351  13 325 312  11 253 127  14 263 325  66  63 231
   345 315 124 122 237  73 328  21  46  26  98  10 239 322 186 231 281
   326 268  25 235 381 403 215]
  [  0 269  52 261   0 259 195 181 389 253 384 384 191  42 375 393  33
     5 208  74 229  15 388 108  34 403 288 325 214  92 181 122  32 265
   187 193  22 155  42 345  99]
  [  0  72 283 370 150   0 103 307  16 203 264 243 350 186  68 126 375
   252 379 146 320 211 345 123  49 219 411 189 212 127   4 185  67 288
   243  50  75 193 168 313 105]
  [  0 146  71  96 102 331   0  14  70 125 184 177 386  12 219 108 185
    38 367 399 268 127  68 350 248 284 101 281 379 393  58 187 137 267
   145 210  66 165 185   1 104]
  [  0 328 409 329 107 302 101   0  52 316 310 282 130 130 387 397 389
   297  13  83  43 127 134 316 368 205  19 144 314  13 202 325  44 171
    89  16 300 408  52 183 219]
  [  0  93 129 333 337 174 390  53   0 400 382 346 353 294  84 400 383
   344 278  36 147 140 375 319 325 227  24 415   0  48 147 209 123 234
   226 367 309   2 161 410  92]
  [  0 240 278   7  85 202 283 387 214   0 209 212 168 256  82  32 280
   325  72 202 342 411  48  66 342 232 277  83  41  36 275  58 159 231
   330  32 180 199  48 401  56]
  [  0  17  36 386 268  50  89 334 379 345   0 124 361 244 283 320 385
   197 101 315   3 346 304 383 105 135 168   2   6 351 227 411 347 321
   253 198 114 276 372 361 233]
  [  0 217  97  74 403 281 215 402 279 217 388   0 166  42   8   7 263
   302 383 333 101 208 350 127 179 241 226   7 168 112 402 163 112 354
   202  87 403 171 158  15 232]
  [  0  81 281 409  12   5 326  63  88 309 175 247   0  33 144  64 197
   267  51 110 283  53 314 406  35 334  28 333 349  48 216 204 365  64
     3 200  93 393 404 205 347]
  [  0 156  67 326 195 368 219  65 352 219 117 349 193   0 234 383  77
   201 401  66 170 213 190 243 130 357 404 308 206   1 133 294 295 308
   100 324 110 358 271 411 285]
  [  0   1 238 338 138  91 376 319  23  80  82   0 308  94   0 281  83
   212 401 144 342 407 168 102 170 373 316 295  45 321  37 309 262 242
   183  80 192  74 190  78 385]
  [  0 321 143 174 279   2  27 303  64 248  92 387 316 177  83   0 129
   382  83 289 276 301  70 369 152 343 189 220 228 220  83 411 209  48
    29 183 108  33 234 306  10]
  [  0 224 135 414 226 352 333 391 195  92 371 323 247 353 309  91   0
   134  80 132  14 226 162 260 200  30 394 208  56 314 369 190 104 114
   198 162 408  26  33  34 277]
  [  0  79 186 374 345  87 130 411 409 283 381 151 394 293  87 414 141
     0 367 119 282 130 275  27   4  70 216   6 133 221 348  21  58 178
   308 260 236 350 412 133 322]
  [  0 298 313 184 384 116  27 397 323 275 392  85 223   8  74 293  76
   208   0  56 252 249 345 216 378  39   8  34 337 279  75  51 312 327
   270 176  49 317 404 238 137]
  [  0 109 241 400  55 350 334 175   3 356  10  63  81  16 379 189 401
    93 408   0 361 105   6 215 210  13 290 278 342 141  50 127 258 266
   407  62  63 281 173 242  91]
  [  0 369 297 108  39  20  52  65 224 267 154 245 378  35 145 294  56
    21 282 205   0 413 366 348 290 114 156 294 148 245 366  37 278 112
   292   9 271 303 374 410 384]
  [  0 159 103 245  28 257 337 230 346 264  24 103  48 206   9 214 112
   112 189 220 407   0 188 174 341 273 359 305 208 266 233 146 181  66
   343  82  73 302 144 279  47]
  [  0  84 252 364 123 287 154 392 108 186 368 326  94 409 144 309 291
    70 337 235 286 177   0 352 305 338 409 377 385 275  11 403  81  71
   133 103  23  29 217 136 191]
  [  0 130 248 300 348 360 399 129 175 138 128  67 137  95 353 253  74
   165 174 276 341 376 345   0 123   7 263 141  90 370 295 177 222 163
   241 382 222 338   3   6  27]
  [  0  36 283 338 175 150 213 222 398 321 255 110 336 152  97 270   2
    49  80 209 333 369 172  97   0  85 364  90  39 111  59 122  79  55
   342 108 220  43 196  73 186]
  [  0  14  23 109  19 271 100 207 282   0 329 278 180 350   7  41 350
   282  38 394  71 201 284 245  45   0 269 160 355 145 331  38 269 157
    75 414 255 269 362 282 343]
  [  0 375  38 318 301 270  32  52 189  94 238 218 336  27 141 106 254
    33   7 254 113 106 235 198 351 192   0 121 388 285 214 341 398 322
   122 265 210 327 374 319 165]
  [  0  87  43 375 289 316 284 334 325  48 400  31 405 394 362 271 160
   214 411 401 348  27 337  59 213  47 266   0  88 116 364 257 217 173
    80 389 204 236 251  64 223]
  [  0  14 236   3 106 206 149 240 354 245 261 383 406 150 283 177 285
   319 116 371 210 105  46 232  86 109 355 305   0 397  35 282  79  97
   178 153 386  77 145 171 387]
  [  0 171  63 279   5 402 165  51 327 334 225  22 120 298 237 171 379
   105  78  98 160 114   1 295  86  55 277 130 403   0 316 213  26  50
   354 131 379 373 316  46  63]
  [  0 181  50 193 228  18 266 363 100 206  63 232 408 236 149 334 222
   198  17 333 194  34 369 116 330 330 196 350 263  23   0 272 316 287
   141 390 390 343 319 297 331]
  [  0 150 319 397 116  88 287 276 250 238 187 356 189  35  87 103 156
     3 147 229  82 183 202  52 396  98 228 131  61   3 346   0 396 195
   167  94 173  58 103  96 314]
  [  0 128 333  19 233 318 269 409 130 285 370  48 121 346 386 241 228
   410 380 404 357 197  51  17 249 286 236  46  81  51 367 169   0  34
   203 117 119  84 153 169 255]
  [  0 128 102 231  37 149 232 382 345 159 364  98 117 337 138 208 233
   316 356 284 172 105  44 114 317 242   8 367  39 396  11  46 140   0
   186 259 176  54 137 329  86]
  [  0 293 326 318 328  35 180 184 214  64 376  12 242 360 208  61 101
   321 263 231 277 405 167 379 406 276  70  63 113 140 294   7 295 296
     0 333 344 327 190 263  35]
  [  0 346 290 143 381 250  79 223 394 376 219  70 213 209 155  12 284
   312 407 358 204 288 184 372   2 197 151 345 324  57 181 312 133  16
   271   0 384  33 129 340 320]
  [  0  90 193  13 247 160 304 261 110 147 139 338 402 367 357 216 246
   176 187 203  58  72  70 235 294 154 370 297 238 359 224 174  65 202
   267  16   0  34   7 173 191]
  [  0 158 223 103  78 291 271  12 180 156 103 136 308  17 370 349 118
   116 329   0  21 197  17  64 316 206 344 398 276 315 219 117 342 205
     9 263  54   0 253 257  58]
  [  0 362 304 394 227  41 258 364 357 388  11 296 347  77  62 393  17
    14 326 397  79 344 149  13 196 291 108 221 228 279 205 237 125 351
   339 359 212 183   0 237  76]
  [  0  28 152 300  30 170 127  81  16 107  71 136 205 192 265 260 270
   345 252 389 313 112 117 320 160 256 322 259  92  99 359 375 210  38
   165 310 249  44  60   0 139]
  [  0 282  45  25 225 256  25  87 326 298 161  32 380 343 301 304 138
   166 205 235  26  68 361 105 273 316 308 220 221 263 183 288  63 235
    66  57 306 317  63 290   0]]]
release_time
[  0  24  41  83  12 107  43  68  88  50   3  92 367  82 348  68  55  95
  95 100  35 234  68 116  42  94  38  64  39  27  11  60  56  14  75 107
  17  95  43  19  74]
due_date
[  0 126 108 110 120 117 113 104 108 104 115 127 401  99 387 119 111 104
 127 118 115 322 120 116 100  98 118 111 106 104 100 125 108 104 118 125
 103 116 121 112  96]
unit_emission
[ 7  9  7 15  4]
emission_limit
20948.0
setup_severity
2.0
due_tight
0.9
due_range
0.25
release_tight
1
degree_constr
0.8
