param: 
proc_time: (1, 100)
setup_rate: 0.5
setup_time: (15, 30)
delivery_time: (1, 30)

mach
10
job_rate
5
fam
3
setup_rate
0.5
proc_time
[[  0  95  96  77  78  65  93  19  64  63  10  19  30   2  94  54  60  52
   14  72  42  63  37  23  63  19  46  89  12   4  67   8  51  43  39  68
   70  10  25  10   5  32  89  55  89  48   4  87 100  78  77]
 [  0  76  97  35  51  18  32  67  40  16  68  46  47  60  57  24   9  52
    9  67  64  78  76  97  52  29  20  67  99   9  81  37  19  16  36  79
   48  15  70  21  59  96  42  96  22  39  83  95  25  67  64]
 [  0  33  16  48  78  35  17  21  48  65  35  25   8   4   9  32  38  95
   81  30   8  11  82  48  45  21  29  61  52   2  48 100  10  54  57   7
    7  69  23  18  53  10   5  10  53  41  60  36  33  47  45]
 [  0  82  10  84  35  36  74  87  84  78  82  97  53  86  58   5  62  78
   49  61  17  26  36  58  95  82   9  61  85  20  91  87  88  41  16  26
   40  89  86  82  33   2  28  71  49  60  91  66  12  56  56]
 [  0  38  24  80   3  10  47  26  47  16  30  43  60   5   7  57  97  59
   35  63   5  93  47  86  18  57  78   8  47  75   4  62  57  78  99  86
   51  35  74  78  23  55  40  14  80  27  15  36  80   9  59]
 [  0  12   1  22  97  27  38  96  86  13  76  50  89  76  82  72  74  92
   53  90  96  88  56   8  73  13  81  16  40  77  18  42  74  30   8  41
   83  20  19  59   1  35  48  60   6  84  27  70   4  13  72]
 [  0  52  56  83  88   3  86  16  85  78  47  55  39  85  82  29   7  71
   58  98  99  67  56  37   5  62  70  34  38  42  64  34  65  11  94  26
   26   1  58  84  68  74  39  62  11  80  27  33  68  94  25]
 [  0  43  35  32  52  53  47 100  48  55  28  56  42  47  40  85  96  58
   76  90   7  38  93  31  40  56  10  76  24  73  43  98  59  63   7   4
   63  93  97  34   9  55  40  28  37  87  21  49  30  28  49]
 [  0  15  73  82  70   7  96  63  61  28  30  85  95  35  46  46   6  99
   28  75  38  36  86  95  72  90   1  74  55  68  30 100  57  86  61  39
   80  69   2  69  56  31  93  35  87  21  13   7  88  90  41]
 [  0  36  23  92   6  28  27   3  30  28  62  22  99  80   6  94  94  54
   61  13  84  27  55  62  58  55  39  94  96  11  71  81  53  24  96  33
  100   3  92  93  87  88  37  32  68  19  24  73  53  68  60]]
setup_time
[[[ 0 18 28 24]
  [ 0  0 19 29]
  [ 0 27  0 20]
  [ 0 18 23  0]]

 [[ 0 24 30 25]
  [ 0  0 30 25]
  [ 0 26  0 20]
  [ 0 28 19  0]]

 [[ 0 28 16 16]
  [ 0  0 22 19]
  [ 0 16  0 18]
  [ 0 26 25  0]]

 [[ 0 26 21 18]
  [ 0  0 15 24]
  [ 0 26  0 29]
  [ 0 25 25  0]]

 [[ 0 17 29 16]
  [ 0  0 22 26]
  [ 0 30  0 20]
  [ 0 21 25  0]]

 [[ 0 27 16 30]
  [ 0  0 29 15]
  [ 0 15  0 16]
  [ 0 20 18  0]]

 [[ 0 25 25 18]
  [ 0  0 27 30]
  [ 0 19  0 22]
  [ 0 28 30  0]]

 [[ 0 24 16 23]
  [ 0  0 16 24]
  [ 0 22  0 22]
  [ 0 15 28  0]]

 [[ 0 30 22 27]
  [ 0  0 30 25]
  [ 0 21  0 22]
  [ 0 29 22  0]]

 [[ 0 21 24 15]
  [ 0  0 17 16]
  [ 0 23  0 16]
  [ 0 19 30  0]]]
delivery_time
[[ 0 26 23 13  3 18 24 23  7 27 20 19 13 23  1 10 30  5  2 26  3 21 27 29
   1 13 10 25  3 12 30 20 26  1 28 30 24 24  2  6 29  1 16 15  3 16 21  3
   5  1 25]
 [ 0 20  2  8 16 19 22 25 27 29  6  4  4 27 26  6  8 17 22 17 24 13 18 10
   2 15 24  9 13  3 23  7 20  1 15 18 16  2 19 13 12  3 23 30 24 11 18  1
  18 17  8]
 [ 0  6 10 30 21 30 25 30 18 28 12 27 14 19 22  6 30 19 30 25 12 27 10  4
  26 11  6 27 18 26 18  9 16 17 10 26 25 29 10 16  2 20  4  8 25  3 18  9
  26  2 20]
 [ 0 26 13 20 12 20 19 19  9 22  5 29  1  5  1  7  2 19  3 18 14 30 11 29
  26  9  8 27 17  7 21  3 11 10 15 22  6  6 18 20 23  1 27 16 16 20  6 11
  20 30 21]
 [ 0 26  9 21 15 15  1 28 23  8 29  8 22 23 10 24  3 22 14 21 17 16 11  1
   6 10 21 13 14  4 24  8 21 29 23 24 11 26  6  1 15 12 16 15  6  1 14  1
  21 18 29]
 [ 0 29 23  2 19 28 13 25 28 21 19  6  9 14 23 12 26  6 27 27  2  3  3 22
  29 29 16  8  6 17 10  2 17 20  2  8 11 30 24 17 11 30  3 30  4  6 23 13
   6 14  4]
 [ 0 23 15 28 22 24 17  3 29 18  9  4 17  9 13  4 13 17 11 12 12 22 22 25
  21 18 24 24  5 27 19  6 25 22 23 19 13 14  6  7  4  5 24 22 21  7 10  4
   2  3  2]
 [ 0 10  5 28  6  2  4 16  4 22 18 14 25  9  4  2 24 25 29 29  8  7 27 29
  11 20 15  5 29 25 25  8  4 14  6 15 13  6 15 25 13  6 12 29  1  6  1 20
  15 16  8]
 [ 0 24 16 10 25 11 16  1  1 28 16 23 20 20 27 30 27 29 29 16 14 18 16  1
   5 30 24 20 24 17  5 13  2 14  9 12 18 25 28  2 13 24  2 13 27 11 14  9
  22 17 11]
 [ 0 16  4 16 11  6 23  6 12 21 20 13  5  7  9 23  8  2 11 15 21  5 27  8
   6 15 12  1  2  6 23  2  3 17 26 10  2  6 16 28 29 15 21  4 30 26 27  7
  14 30 10]]
job2fam
[[1 0 0 0 0 0 0 0 0 0 0 0 0 0 0 0 0 0 0 0 0 0 0 0 0 0 0 0 0 0 0 0 0 0 0 0
  0 0 0 0 0 0 0 0 0 0 0 0 0 0 0]
 [0 0 0 0 0 1 1 1 0 0 0 0 0 0 1 0 0 0 0 0 0 0 0 1 0 0 1 0 0 0 0 0 0 1 1 0
  1 1 0 1 0 0 0 1 1 1 0 0 1 0 1]
 [0 0 1 0 0 0 0 0 1 1 1 1 1 1 0 1 0 0 0 1 0 0 0 0 0 1 0 1 1 0 0 1 0 0 0 0
  0 0 0 0 1 0 0 0 0 0 1 1 0 1 0]
 [0 1 0 1 1 0 0 0 0 0 0 0 0 0 0 0 1 1 1 0 1 1 1 0 1 0 0 0 0 1 1 0 1 0 0 1
  0 0 1 0 0 1 1 0 0 0 0 0 0 0 0]]
unit_cost
[7 6 7 7 7 5 4 5 7 7]
pre_factor
2.0
