mach
2
job_rate
5
weight
[ 0  5  9  3 10  7 10  8  4  5  3]
proc_time
[[  0  67 137 137 125  83  58 131  57  73  54]
 [  0 136  67 127  87  79  97  52  52  92 105]]
setup_time
[[[0 2 1 2 3 0 1 4 0 2 2]
  [0 0 3 4 1 1 4 1 3 1 4]
  [0 0 0 4 0 3 2 2 2 1 4]
  [0 2 2 0 2 0 0 4 1 2 1]
  [0 4 2 1 0 0 0 2 1 4 1]
  [0 2 2 3 1 0 4 1 0 1 2]
  [0 3 3 3 1 2 0 2 3 0 1]
  [0 4 2 2 0 1 4 0 2 2 3]
  [0 2 1 1 4 1 3 4 0 0 3]
  [0 3 1 0 1 0 3 1 4 0 4]
  [0 3 1 0 0 2 2 0 0 0 0]]

 [[0 2 2 2 4 4 3 2 1 0 3]
  [0 0 0 4 0 2 2 4 4 2 3]
  [0 2 0 3 0 4 0 4 4 2 1]
  [0 0 3 0 1 3 0 2 2 4 0]
  [0 4 0 1 0 4 3 3 1 2 1]
  [0 4 3 1 4 0 3 3 3 4 1]
  [0 0 3 4 3 3 0 4 2 1 4]
  [0 2 2 2 4 4 2 0 3 4 2]
  [0 4 3 3 0 1 0 3 0 2 4]
  [0 1 3 0 2 3 3 2 0 0 1]
  [0 0 2 3 0 0 2 0 4 2 0]]]
release_time
[ 0 13  9 20 15  4  8 12 32  0  4]
due_date
[ 0 33 39 42 25  6 17 43 41  2 24]
unit_emission
[17 11]
emission_limit
9342.2
setup_severity
0.02
due_tight
0.9
due_range
1.0
release_tight
10
degree_constr
0.8
