param: 
proc_time: (1, 100)
setup_rate: 1.0
setup_time: (30, 60)
delivery_time: (1, 100)

mach
8
job_rate
8
fam
3
setup_rate
1.0
proc_time
[[  0  17  97  22  55  48  78  47  65  25  48  45  78  16  20  49  21  22
   68  99  91  26  55  40  42  84  60  75  51  92   2  77  58  10   7  66
   32  32  11  56  29  98  93  29   2  32  85  87  91  74  94  65   8  93
   83  25  56  19  90  49  49  72  23  90  29]
 [  0  99  92  37  94  72  23  38   8  62  66  10   5  57  27  67  65  17
   99   7  11  92  86  26  40  31   4  10  89  88  69  95  69  75  48  25
   69  32  71  98  33   2  27  77  36  13  52  26  51  66  72  21  27  23
   68  54  87  36  57  91  81  83  99  18  86]
 [  0  10  95  21  25  50  82  49  75  17   4  83  22  85  63  11  11  31
   38  85  61  41   7  90  89  12  77  58  22  91  19  71  68  74  72  34
   46  95  75  14  26   4  73  84   3  35  46  93  96  77  29  74   4  38
   88  22  24  65  10  89  82  30  25  57  16]
 [  0  53  47  20  91  68   4  67  20  35  72  26  70  83  21  80  53  72
    3   4  77  80  63  11   1  75  31  36  38 100  60  65  57  52  34  93
   84  63 100  49  88  70  11  99  12  87   5  67  66  26  45  96  70  94
   15 100  53  60  51  36  59  84   3  37  35]
 [  0  81 100  87  83  23  41  35  75  19  63  73  68  84  86  87  58  38
   55  58  59  37  62  53   4  32  84  99   6  34  60  47  60  80  49  98
   74  32  90  42  52  44  83  97   4  46  44  29  98   1  19  93  48  11
   27  85  92   2  49  87  63  65 100  10  32]
 [  0  40  86  36  49  85   1  91  80  71  69  45  35  82  96  56  45  74
   32  34  39   5  29  21  83  32  17  54   4  31  53  40  96  29  50  34
    4  49   5  46  61  81  33  61  64  77   7  30  86  10  61   6  89  98
   37  13  92  53  22  39  59  72  93  90  15]
 [  0  89  30  95  46  97  72  38  91  72   5  58 100  56  33  86  93  43
   26  82  88  91  37  81  81  13  83  95  99  79  88  83  50  94  36  65
   76  22  58  24  27  62  69  40  27  83  50  23  86  20  60   6  97  11
    5  30  68  14  80  15  24  46  32  75  68]
 [  0  78   4  74  78   9  26  58  99  55  88  57  18  81  17  74  83  44
   14  10  82  63  97  14  17  23  94  46  20  33  95  75  29 100  63  61
   98  50  13  16   3  15  38  30  89  35  30  27  36  60  74  49  51  59
   83  81  74  63  99  35  13  59  83   8  63]]
setup_time
[[[ 0 59 55 50]
  [ 0  0 47 55]
  [ 0 47  0 52]
  [ 0 59 39  0]]

 [[ 0 53 57 57]
  [ 0  0 32 48]
  [ 0 58  0 56]
  [ 0 43 53  0]]

 [[ 0 39 40 48]
  [ 0  0 51 53]
  [ 0 34  0 59]
  [ 0 30 44  0]]

 [[ 0 35 52 54]
  [ 0  0 47 45]
  [ 0 33  0 40]
  [ 0 60 47  0]]

 [[ 0 32 34 55]
  [ 0  0 42 31]
  [ 0 39  0 49]
  [ 0 46 47  0]]

 [[ 0 49 35 47]
  [ 0  0 35 46]
  [ 0 47  0 34]
  [ 0 30 46  0]]

 [[ 0 42 38 42]
  [ 0  0 58 57]
  [ 0 43  0 44]
  [ 0 52 52  0]]

 [[ 0 37 40 50]
  [ 0  0 35 59]
  [ 0 35  0 33]
  [ 0 60 58  0]]]
delivery_time
[[  0  94  57  98  24  80  69   6  44  65  74  11  42   7  56  80  59  99
   74   1  32  88  80  25   9  85  98  53  30  32  72  55   1  27  57  11
   13  18  92  51  65  71   4   9  91  83  61  69  74  19  48   7  46  89
   54  39  42  80  64  22  11  59  58  55  33]
 [  0  48  35  52  64   3  57  54  94  87  78  77  98  36  89  25  91  54
    5  41   3  26  94  19  38  68  20  63  19  69  94  21   8  51  54  67
   52  29  63  38   6   5  95  77  55  39  35  76  60  30   2  35  94  18
  100  48  56  24  24  62  10  77  32  38  31]
 [  0   1  67  74  83  26  61  56  44  92  68  76  33  65  57  86  24  31
   46  94  46  77  46  71  99  14  95  78  39  79  33  10  75  53  33  53
   62  43 100  44  93  45  74  24  81  32  84  94  64   8  19  84  14  78
  100   2  12   2  38   1  74  44  75  29  78]
 [  0  19  80   9  35  13  33  26  49  30  30  27  91  22  67  50   6  56
   48  55  23  24  33   2 100  35  99  69  72  40  92  12   6  94  66  70
   58  93  90  20   1  37  35  48  35  39  40  70  58  39  69  31  86  56
   85  48  50  21  34  99   2  26  45  91  87]
 [  0   8  75  24   5  79  20  32  73  19  34  14  15  21  34  34  13  55
   64   7  17  44  31  47  46  92  60  80  60  69  33  84  80  30  55  98
   92  73  93   1  94  68  32  39  56  34  41  69  55  12  90  35  14  34
   49  90  55  20  87  38  62  93  49  17  25]
 [  0  67  10  55  84  69  41  19  16  54  86  30  98  99  44  57  77  62
    4  14  51  32   4  13  31  90  47  67  45  66   3  59  95  11  13  49
   12  86  95  25  56  47  91  94  15  31  93  25  87  64  54  57  15  16
   51   9   2  42  84  63  48  53  76  60  33]
 [  0  49  79  59  62  17  81  85  16  25  15  55  73  87  61  41  54  41
   98  71  33  54  90  75  82  63  32  35  79  48  41  79  97  51   8  44
   21  81  55  90  93  25  71  25  18  87  18  99  92  25  65  70   3  93
   47  60  39  26  39   1  72  63   7  29  69]
 [  0  74  75  16  23  69  84   2   1  73  48  48  43  35  98  97  78  97
   69  42  62  40  76  92  74  76  70  72  89  15  64  23  54  20  35  54
   48  51  26   4  84  39  63  18  36  18  92  93  55  90  31  50  58  29
   64  97  81  31  21  34  65  81  94  69  53]]
job2fam
[[1 0 0 0 0 0 0 0 0 0 0 0 0 0 0 0 0 0 0 0 0 0 0 0 0 0 0 0 0 0 0 0 0 0 0 0
  0 0 0 0 0 0 0 0 0 0 0 0 0 0 0 0 0 0 0 0 0 0 0 0 0 0 0 0 0]
 [0 0 1 0 0 0 1 0 1 0 1 0 1 0 0 0 1 1 0 0 1 0 0 0 0 0 0 0 1 1 0 0 0 1 1 0
  1 0 1 0 0 1 0 1 0 1 0 0 0 1 0 0 0 1 1 0 0 1 0 1 0 1 0 0 0]
 [0 0 0 0 1 1 0 0 0 1 0 0 0 0 1 0 0 0 1 0 0 0 0 0 1 0 1 1 0 0 0 1 1 0 0 0
  0 1 0 0 0 0 1 0 0 0 1 0 0 0 0 0 1 0 0 1 0 0 0 0 0 0 0 1 0]
 [0 1 0 1 0 0 0 1 0 0 0 1 0 1 0 1 0 0 0 1 0 1 1 1 0 1 0 0 0 0 1 0 0 0 0 1
  0 0 0 1 1 0 0 0 1 0 0 1 1 0 1 1 0 0 0 0 1 0 1 0 1 0 1 0 1]]
unit_cost
[12 11 10 12 14 14  9 10]
pre_factor
2.0
