param: 
proc_time: (1, 100)
setup_rate: 0.5
setup_time: (15, 30)
delivery_time: (170, 200)

mach
8
job_rate
8
fam
3
setup_rate
0.5
proc_time
[[  0  92  70  19  37  67  45  52  79  72  26  41  69  37  82  96  70  87
   71  93  24  14  45  48  52  86  29  76  75  55   5  62  40  77  73  91
   24  67  97   3  48  47  78  90  20  72  67  70  66  63  94  11  85  32
   88  58   5  30  11   6  11  33  32  60   9]
 [  0  63  97  38   1  11 100  87  18  80  34  97  19  42  58  15  44  42
    5  92  12  94  40  10  32  86  81  74   3   7  12   6  39   2  74  90
   44  86  64  40  80  20  15  21  58  15  68   9  44  43   5  10  88  98
   74  53  85  72   6  25   1  39  11  87   4]
 [  0  42  38  48  94  67  54  16  86   8  20  22  42  33  72  35  81  55
   47  83  47  21   6  15  89  59  68   2  55  53  84   4  67  81  10   5
   72  30   7  93  98  44  23   5  79  87  19  91  62   3  84  73  10  91
   12  46  36  77  52  20  23  49  38  83  75]
 [  0  34  40  39  44  61  84  51   3  14  55  82  81  48  34  22  20  42
   30  21  91  77  49  57  84  14  71  77  10  48  43  33  19  71  75  79
   22  42  59  54  28  23  86 100  62  44  83  84  41  79  95  44  58  20
   35  84  70  65  80  56  57  45  51  18  19]
 [  0  55  80  13   9  36  82  95  63  61  99  92  13  71  56  71  82  26
   89   8  11  32  26  41  68  20  51  56  50  43   9  21  93  20  60  42
   75  31  94  60  73  77  67  68  33  82  15  64  59  17  18  76  98  29
    3  74  84  55  29  86  51  12  45  33  27]
 [  0  48  11  40  89  52  51  20  40  79  45  44   8  47  45  97  93 100
   90  67  76   6   6  84  52  95  70  90  73  80  86  89  10  70  14  31
   44  67  91  58  80  32  35  40   5  81  17  71  66  65  39  60  79  47
   89   3  57  16  88  29  18  72   4 100  81]
 [  0  67  11  73  69  85  45  11  66  73  74  34  80  86  95   4  88  65
   34  29  52  74  19  47  65  31  34  52  42  33  68  21  94   6  55  79
   44  16  25  80  95  63  24  32  58  53  70  70  29  55  69  88  48  98
   89  93  87  31  98  69  94  27  49  69  48]
 [  0  60  13  65  27  77  20   4   1 100  53  97  92  27  76  48  14  36
   75  77  13  36  75  45  34   3   9  50 100  33  63  42  78  43  81  27
   92  39  94  68  67  95  87  25  22   8  30  66  97  55  64  28  16  39
   43  33  32  32  31  99  18  75  72  28  83]]
setup_time
[[[ 0 16 18 15]
  [ 0  0 19 22]
  [ 0 16  0 17]
  [ 0 23 30  0]]

 [[ 0 23 26 24]
  [ 0  0 22 18]
  [ 0 23  0 16]
  [ 0 30 16  0]]

 [[ 0 19 18 23]
  [ 0  0 28 17]
  [ 0 23  0 29]
  [ 0 22 28  0]]

 [[ 0 18 15 15]
  [ 0  0 30 16]
  [ 0 20  0 27]
  [ 0 20 20  0]]

 [[ 0 15 20 26]
  [ 0  0 28 28]
  [ 0 20  0 24]
  [ 0 18 23  0]]

 [[ 0 16 28 27]
  [ 0  0 15 26]
  [ 0 21  0 19]
  [ 0 21 21  0]]

 [[ 0 24 20 25]
  [ 0  0 23 21]
  [ 0 22  0 28]
  [ 0 19 23  0]]

 [[ 0 19 17 15]
  [ 0  0 29 21]
  [ 0 22  0 25]
  [ 0 26 19  0]]]
delivery_time
[[  0 192 184 191 175 189 196 193 174 198 185 200 194 196 170 177 171 191
  179 191 188 197 193 192 181 194 193 172 186 193 176 185 173 200 173 170
  170 172 197 185 186 198 181 193 195 185 182 186 196 197 177 188 191 199
  173 193 196 191 198 185 197 194 185 196 172]
 [  0 188 186 188 199 170 171 190 194 178 188 191 191 174 200 183 184 181
  190 196 195 180 170 175 182 197 196 175 170 175 173 174 178 180 192 183
  192 184 198 174 183 194 178 192 177 198 170 193 178 176 199 182 172 192
  173 186 197 181 200 193 179 200 181 184 182]
 [  0 192 191 192 170 182 177 192 179 180 171 177 191 187 199 184 186 180
  193 173 171 176 188 181 176 182 196 177 195 192 195 189 172 175 193 177
  185 180 179 192 199 177 181 173 184 190 188 191 171 176 181 197 176 190
  193 196 199 196 177 186 200 200 177 174 174]
 [  0 185 187 196 179 189 200 173 183 192 197 177 188 179 177 182 186 188
  189 190 181 178 172 184 184 190 192 178 196 182 190 184 178 178 185 182
  196 194 174 184 200 194 174 173 172 171 178 186 199 172 199 193 180 178
  175 180 182 172 197 178 193 200 196 196 191]
 [  0 195 179 178 193 179 199 190 188 200 197 187 171 184 171 174 179 185
  181 200 197 183 178 174 173 198 191 190 178 187 198 179 191 187 195 199
  179 195 183 192 186 174 192 198 179 187 181 173 190 196 177 184 198 181
  170 173 196 188 194 173 182 200 173 189 176]
 [  0 188 186 176 175 183 174 175 184 193 188 200 183 175 180 194 175 180
  173 191 175 198 175 187 192 171 181 200 192 172 179 171 181 173 174 186
  184 170 177 170 193 180 172 171 189 187 180 177 197 191 184 172 196 190
  190 190 193 193 174 180 189 193 189 171 188]
 [  0 186 196 191 174 171 176 176 191 173 200 198 177 190 196 173 182 188
  192 191 183 198 178 191 175 176 187 189 185 175 195 193 196 184 190 191
  187 184 187 183 172 179 198 189 172 190 178 172 197 188 171 190 183 192
  185 182 173 190 170 172 196 192 191 190 187]
 [  0 192 198 186 173 173 177 178 194 197 177 186 173 173 196 171 180 200
  182 186 178 193 183 171 173 181 176 198 191 187 180 200 200 179 177 173
  195 188 183 178 187 183 187 177 175 191 171 189 176 191 191 200 188 193
  172 176 177 198 171 171 200 195 198 199 187]]
job2fam
[[1 0 0 0 0 0 0 0 0 0 0 0 0 0 0 0 0 0 0 0 0 0 0 0 0 0 0 0 0 0 0 0 0 0 0 0
  0 0 0 0 0 0 0 0 0 0 0 0 0 0 0 0 0 0 0 0 0 0 0 0 0 0 0 0 0]
 [0 0 0 0 0 1 1 0 1 0 0 0 0 0 1 0 0 0 0 0 1 1 0 0 1 0 1 0 1 0 1 1 1 1 0 0
  0 1 0 0 0 1 0 0 0 0 1 0 1 0 0 1 0 1 0 0 0 0 0 0 0 0 0 1 0]
 [0 1 1 0 0 0 0 1 0 0 0 0 0 0 0 1 0 0 0 1 0 0 0 1 0 1 0 1 0 1 0 0 0 0 0 0
  0 0 0 1 0 0 1 1 1 0 0 0 0 0 1 0 1 0 0 1 1 1 1 1 1 1 1 0 0]
 [0 0 0 1 1 0 0 0 0 1 1 1 1 1 0 0 1 1 1 0 0 0 1 0 0 0 0 0 0 0 0 0 0 0 1 1
  1 0 1 0 1 0 0 0 0 1 0 1 0 1 0 0 0 0 1 0 0 0 0 0 0 0 0 0 1]]
unit_cost
[17 21 23 27 24 25 24 23]
pre_factor
2.0
