mach
5
job_rate
8
weight
[ 0  1  5  6 10  6  8 10  1  6  5  9  9  5  4  6 10  7  7  4  3  8  6  1
  1  4 10  3  1  5  8  5  4  4  5  7  1  7  5  3  6]
proc_time
[[  0 111 118 116 149  82  95 125  65 127  52 140 145 114 102 106 112  89
   76 150 117  92 142  88  90  80  97 114  58  56 110  76  85  59  72  73
  108 128  82 118  66]
 [  0  96  76 136 134  63  68  55  99  52  61 136  91  72  80 137  64  77
  129  65  54 107 142 114 130 118 121 141  52  96 107  66 139 142 127 130
   88 147 125 115  85]
 [  0 123 143  90  87  84  56 118 106 136 106  75  54  66 123 127  65 138
  109  93  78  52  97  55 144  80  92 124 144  98 111  66  99  55 112  91
  137  52 143 146  75]
 [  0  88  82 123  69  68  64  82 115  71 125  74  66  82  50 111  73  85
  108  94 118 108 150  60  80  75 115 123 134 148  75  82  76 140 111 121
   69  85  59 138  97]
 [  0  80 100 123  86 141  81 136  70 102  64 123 115  66 134  83  69  99
   70  91 112 141  89  53  66  56 138 131 101  81 128 112 108  68  85 123
   94 142 142  59 119]]
setup_time
[[[  0 244  14 315 326 392 156 320  23 268 348  68  44 330 155 239 316
   152 107 133 233 238 354 310 120 217 261  89 153 304 321 143 123  76
   305  76 167  80 360 178 235]
  [  0   0 180 302  89 363 368  48 183 390  30 282 302 387  65   0 298
   253 374 109 237 270 347 121  91 319  53 285   7  34 243  94 221 315
   123 127 284 234 247 217 183]
  [  0 177   0 239 384 140  65 222  33  95 213 220  75  48  99  29 156
   366   8 137 154 239 321  44 348 160 325 296 394 276  51  38 192 198
   148 340 324  67 142 354 140]
  [  0 156 291   0 116  42 152 343 363 174 276  24  85 386 307 314 206
    81 228 193 176  49 226 307  10  14 377 197 252  45 362 286 359 367
   382  54  49 309 304 287 296]
  [  0 350 215 187   0 290 281  48  44 327 381 195  70 394  96 341  43
    19 114 184 176  45  12 339 228  81 316 335  41 118 123  25  30 357
   257 157 293 265 243  92 222]
  [  0  51  82  19  72   0  75 338 117 387  49 323 296 314 384 126   0
   330 329  35 202 292  35 232 256 371 174  43 146  38 177 226 254 253
    36 139 215 173 337 308 170]
  [  0  65  57 290 315 213   0 234 331  63   5 163 182 319 256 239 311
   367 338 332  87 201 141 140 228 291 374 292  79 116 113 100 292 360
   138 105  98 338 343 256 188]
  [  0 344 182 161 392 142 205   0 258  80 116 114  81 247 118 317 363
   328  39  28 225 146 237 267 366 255  54 288   5 222  38 245  16 332
   215 251 257 273 232  97 361]
  [  0 362 258 260  48 107  38  18   0 172 341 266 369 274 194 370 282
   351 101 381  72 393  83 117 205 147 308 156 326 164 119  21  52 207
    94  62 148 289 200  82 328]
  [  0 389  17  63  94 181 229 292  57   0  65  90 256  18  77 330 104
   369  21 136 372 121 120  45 169 214 199   2 390 211 158 307  17  74
   236 159 305 177 244 100  25]
  [  0  75  19 276 118 332 215 123  41 336   0 170 244  26 140 342 190
    65  50 269 105 332 261  80  52 130 349  86  73 326  35 132 307  86
    41  81 364 335 158   3 298]
  [  0 315 245 205  78 309  21 302 385 391 250   0 354 298 317 356   5
   226 386 291 115 133 244 183 282  14  78 337  19 195  84 276  73 173
    71 154 183 380  69  50  77]
  [  0 217 106  31 149 245 262 338 257 261 305 194   0 177 141 368  94
   123 172 317 251  54 321 117 262  15 375  23  84 290   3 112 137 152
   268 251  69 372 162 363  25]
  [  0  48 371 172 241 295 115 103 268 347  88  14 368   0 105 175 143
    37 150 256 136  30 373 198 191 175 368 221 191 268  35  67 307 113
   214 137 343 353  61  11 270]
  [  0 131 322 170 264  71 240 352 229 121 202 217 239 323   0 250 127
   255   6 130 255 102 259  78 154 165 191  44   6 168 122  58 391 269
   391 169 338  17 153  11 164]
  [  0  40 298   4 135 394 166 271 391 233 216 251   0  96 310   0 150
    54 141 128 195  98 377  89 100  23  12 247 226 176 246  39 147 224
   155  55 368 197 366 123 258]
  [  0 181 204  85 159 198 266 287 123 256  94 148 369 202  61 270   0
   332 195 339 303 107  89  11 214  55 113 380 115  44  96  87 102 256
   296 343 147 202 306 273 306]
  [  0  12 307 238 261 337  22 191  78  52 255 243  12 254 154 204 391
     0 394  98 336 221 152 380  93 232 239  76 378 184 316 253 163 279
   219 262  69  97 378 342 300]
  [  0 352 116  51  32 101  93 284   0 269 376 158 233 233 203  69 341
     9   0 211 277  96 281 375 297  16 270 265 292 125 180 180 351  46
   294  44  59 154 136  29  48]
  [  0 153 119 163 245 106 146  72 242  64  63 372 355  82 111 290  42
   272 296   0 361 236 107  72 152 318 141 225 105  94 136 318 345  24
   183  54 248 272 310  16 249]
  [  0 184 217 102  15  80 280 181  20 281 301  59  18 220 153 250 232
    64 183 340   0  24 251 312 138  54 386 374  31 255 106 178 285 210
     5 156 326 239 214 283 280]
  [  0 138  35 335 263 165  78 298 360 381 250  79  83 242 126 184 161
   256 115 294 114   0  13 163 333 318 201 273 303  99   0 336 331  30
    87 277 194  40  49   2 179]
  [  0  66 214  62   9 182 212 368 168 171 388 344 356 109   6 237 164
   152   0  27 332 222   0 256 106 258  78  57 221  96 254 233  69  73
   228 172 166 274 303 223 306]
  [  0 204 225 281  23  30 378 155 320  54 364 385 328 228 384 357  65
   101 185 310 264 102 303   0 353 203 170 169 355 264  73 272 294 221
   282 315 194 190 279  30  36]
  [  0 351 138 200 376 363 293 215 116 105 161 206  50 241 373 288  76
   130 257  87 359 382 334 375   0 102 199 222 284  29 336 166 253 373
   318 109  21  23 273 347 233]
  [  0  44   8  64 369   1  84 350 281 327 126 216 209 378 371 347 150
   113 376 337 249 394 286 165 294   0 370  33  49   5 107 311 141 323
    27 358 343   1 182  75 299]
  [  0 113 332 167 159 370 165  37 312  18 212 355 253  40 166 194 344
   316 296 214 370 112 266 178 123 369   0 204 362  16 265   1 298  49
   261 142 303  59 146 232 162]
  [  0 137 141 297   2 389 164 126 134 126  31   9 363 365  44 223 216
   394   1   6 210 214 337 239 383 124 340   0 336 139 147 213 390 123
   336 309  48 119 369  90  47]
  [  0 201 303 331 174 134 304 282 234 281  96 207 164   8 311 249 257
   392  61 287 188 363 206 209 159  58 330 230   0 341 299  52 100 237
   334 184 292 191  26 200 310]
  [  0 364  83 347 296 234 144 136 167  37 290  97 290  29 239 359 308
   252 189 156 378 175 174 139 289  37 105 244 153   0 223 324  67 249
   237 352  91 176 183 161 319]
  [  0 226  67 325 240 188  48  58 268  17 273 334 244  71 276 265 207
   119  85  88 221 115 227 360 314 247 168  52 322  74   0 161  88 355
   278  61   5 122 220  14 354]
  [  0 298 358 278 212  57 221 241 282 367 276 281 197 246  61 127  28
   161  14 106 376 231 311  39 212 347 149 165 349 291  63   0 358  39
   246 153 171 140 381 267 309]
  [  0 220 179 281 103 386 293  22 254 306 234 107 379  90   1 284 216
   372 365 110  23 357  63  12 167 133 292 222 245  35   5 364   0 245
     6  16  44  28 227 305  42]
  [  0 261 254 227 375 325 200 255  63   6 204 355  33 248 118  26 374
   293 267  66 227 255 138 136 390 113 258 103 167 371  28 265 192   0
   242  64  68 139  66 242  60]
  [  0 258  11 207 306 140  75 339 230  88 160 114 279 337 254 293  45
   152  21  58  18 240 364 309  26 339 158 216  41 178 369 271 374   5
     0 248 136 220 345 322 211]
  [  0 121 154 277 351 111 178 170 195 100 302 339 312 191 116 246 169
   182 334   7 161  98 327 370 333 153 155 328  43 182 350 137  77 206
   295   0  46 307  48 181 166]
  [  0 238  61 206 391  76 340 268 219 358 178 299 388 137 366 188 218
    61 139 288  11 147 353 102 159 319 358 337 214  76  72 240 323 214
   270 197   0  98 200 107  32]
  [  0 140 216 240 112 387 387 240  74  69 206 118  56 247 350 279 152
   290 204 125 272 286 314 104 147 166  68  13 187 178 332 370 309 351
   239  11 359   0 153 314 303]
  [  0 283 387 352 195  19  20  48 240 327  64 235 321  16 102 254 196
   341 222  53   4  61 260 136 131 338  72 278  30 234 352 270 288 238
   130 254 327 272   0  84 347]
  [  0 121 147  36  90 390 273   3 229  78 191 369  82  94  78  13  58
   379 289 271  47 391 348 379 311 353 363 109 112 334 377  21 334 117
    78   9 365 128 237   0 330]
  [  0 146 103 225 317  29 312 169  38 269  69 280  21 106 180  17 268
   244 272  75 206 175 286 117 322  63 243  11  98 377  41 225 335 380
   265  88 102 302 285 338   0]]

 [[  0 273  30 279   4 362 243  26 392 223 315 254 309 367  60 303 357
   248 111 352  37 343 218 217  31 392 116 368 111 381  77  41 287 183
   289 126  77 120  84  12  43]
  [  0   0 363 333 200 171 233 171 375 178 217  34 308 366 123 297 208
   392  90 285 171 233 334 141  90 215 362 151 267 376 342 142 276 152
    44 344 152  17  70 265 123]
  [  0 107   0 169 205 321 190 126 135 279 112 366 364  80 389 391 390
   294 388 290 108 355  76 176 319  75 320 320 208 204  34  58 100  14
    24 135 271  28 372 185 350]
  [  0 336 166   0  37 374 279 249 248 178 258 176 203 166 390 279 170
    51  26 203 235 135 110 112 241 304 200 235  98  21 300 275 352 184
    45  15 193  27  12 246 243]
  [  0 320 217 315   0 255 246  86 271 344 381  27 201 331 314 130  22
   146  50 296  73   4  42 392  36  94 327 138 196 128 182 180  52 236
   186 104 227 317 348  85 138]
  [  0 209  72 143 236   0 199 271  48 269 203 187  11 306 193  38 337
   374 224 173 276 119  66 120  85  72 144 208 387  59 325  57 249  82
   204  97  57 259 359  34 179]
  [  0   3 264 298 317 273   0  36 190 263 346  36  65  73 121  56  49
   191  38 166 123 134  91 339 234 246 187  13  97 293 330 227 237 117
   183 390 390 176   6 308 225]
  [  0 127 271 321 234  89 264   0 162 355 184 290 353  20 387 230 310
   197  78 377 392 160 151 299 126 301 239 334 101 243  74 180 362 313
   345 373 133 163 260 392 133]
  [  0 228 224 185 155 278 267 181   0 152  58 219  19 381 330 180 162
   168  71 331  14  53   5  95 272 348 226 391  27 274  47 384 182  49
   140 202 362 383 267 180  54]
  [  0  58 381 360 379 240 282 356  22   0 177  20 296 317 216 161 240
   229  48  77  50  11 184  45 282 171 319 356 196 282  49 216 213  43
    23 105   3  16 369 371 385]
  [  0 126 384 367 303 101 256  58 168  66   0 212 305 282 163 357 115
   381 392 273 289 127 115  34 252   7 136  20  91 151  30  55 160 124
   264 384  50 190 278  91 266]
  [  0  27 171 287 342 178 103 106  95 121 367   0  23 239 384 199 352
   171 196  32 288 274 324 157 212 176 292 332 193 292 182  51 161 299
   279 221  88 115  45 228 215]
  [  0  56 104  21 375 174 146 313 153  46 267 294   0 156 157 286 324
   292 252 312 228 253 290 167 263  64 325 313   2  27 248  58  92 179
    90 328  87  42 146 240 380]
  [  0 184 284 324  87 114 386 104 114 256 141 160 138   0  99 180  61
    70  50 389 314 327 108  94 206 371  49  70 335  90 114 279  36  92
   151  33  64 301  87 165 125]
  [  0  67  88   0 120  68  49 334 157 195  69  96 164 243   0  74 105
   309  51 247  58  24 357 262 236  32 267  92 296 239 324 395 212 137
    12 323 384  22 248 225  13]
  [  0 363  19  80 294 319 179  13 328 171 313 358 313 172 157   0 311
   313  47  26 112 356 106  20 270  20 189  61 292  27  74   6  95 322
   254 240 339 246 153  87  50]
  [  0 170  12 205 173 294  64  49 248 190 145 235 312 220 255 232   0
   159 320 308 232 184 215 285 297 295  77 300 188 211 371 367  40 109
   138   4  83  65 191  47 216]
  [  0  40  83  95  16  97 181 151 350 209 349 197 234   9   1  61 212
     0 291 344  97 123 274 311 365 383  62 272 195 185 107 185 284  73
   236 183 379 381  46 252  85]
  [  0 316 107 373  24 240  92 320 386 149  51 142 105 277 337  58 177
   213   0  23 340 184 242   0 393 256 262 112 105 157 123 274 336 266
   170 102 100 356  71 248 288]
  [  0 301 291  45 128 336 160  22 295 327  41  57 309 130 353 307  59
   329 108   0 252 137 270 123  43 214   1 283 251  47 374 240 160 380
   266 223 285 367 295 157 343]
  [  0  68 201 122 319 308 304   8 321 351 352 129 247  19  71 121  56
    82 344 188   0 231 273 310  98 209  84  53 210 316 132 174 252  87
   158 364  85  41 141 282  82]
  [  0 141 106  49 171 233  80  60 364 233 181 155 363 241 301 363 198
   357  78 373  93   0 257 325  15  97 366 227 214 139 306 156  32 140
   207 192 153 249 363  43  85]
  [  0 208 344 233 305 263 389 127 138  88  74 267 153 276 345 134 211
   274  26 164 182 273   0 333 375 388 253 304 308 304 249 127 346  54
   271 382  93 244  31  75 335]
  [  0 216  95  34   4  77 336  66 360 381  85 363 318 390 345 250 384
   142  70  76 194 113 108   0  46 314 346 219 362 287 132  82   9 260
   226 295  99 118 225 254 290]
  [  0 136 141  42 127 148 361 176 112  76 231  84 246 388 255 219 346
   297 293 134  77  57 112 261   0 250 259 210 225 184 111 152 125 300
   147 336  98  85 313 266 288]
  [  0 350 293 158 163  51  90 357 239 354  79 155   0 127 256 139  55
   321 272  12 176 165 300 312 156   0 230 384 246 275 345 240  62 295
   305 131 278  75 265 215 268]
  [  0 375 325 196 225 367 141 184 155 295 307 282 317 254 361  36 394
   101  16  29  58 313 306 213   2 314   0 268  87 233 205 243 282 146
    78 367 260 310 140 196  70]
  [  0   4 322 240 364 306 276  79 215  46 229 280  20 327 278 191 102
   367  67 264 227 133 304  49 343 280 147   0 386 381 344 322  98  68
   281 131 217 138 154 313 384]
  [  0 256 365 231 362 157 113  47 114 258 343 222 364 298 294 314  60
   331 287 230 361 224  64 364 171 374 362 151   0 124  84 212 239  16
   295  61 275 124 248 319  29]
  [  0 169 111 357 162 307 118 340  71 305 285 306 122 217  65  64 259
   188  87 251 109   1  40 332 343 308 160 334 213   0  83 197 164 119
   380 260 216 344 144 200 387]
  [  0 353 303 265   6 369 291  64 131  83 267 100 217 390 201 310 107
   266 350 354 132 269 254  80  50 350 333 119 330 359   0  69 154 229
   168 330  23 388 139 350 230]
  [  0 137  88  12 154 113  51 292 383 199   6 347 265 379 152   7  16
   264  43  48 193 262  26 346 294 144 357 321  49 104  70   0 131 250
    91 195 301 201  44 302 390]
  [  0  38 320 279  94 183 160 278 145 221 210 319 346 117 233 123 196
   174 253 378 271 238  60  16 384 306 216 374  53 102 204 309   0 346
   189 279 146  65 388 379 194]
  [  0 203 245  65  42 218 241 327 107 106 168 140  74 386 389 123  20
   375 164 369 146 101 287 296 277 261 375 199 293 267 306 383 266   0
    95 301 139 336 335  36 298]
  [  0 386 267 328 230  70 189 124 110  89 377 210 317 127 244  64 220
    74  59 135   3 375 317 121 198 334 200 319 307 393 196 188  26 345
     0 194  68 205  69 214 302]
  [  0  32  10 239 194 167  34 191 316 170 166  71 392 271 320 311 151
    98  19 230  59 164  15 273 341 137 253 227  49 206 219  86 310 265
   203   0 328  70 200 293 112]
  [  0 380 314  80 134 342  77 188 347 240 221  48 228 327 338 182 373
    30 354 184 301  48 210 168 267 279 389 328  48 298  61 381 118 102
   183 354   0 335  81  43 356]
  [  0 343  19  12 353 166 137   5 349 218   6  22  58 353  55  47 223
   164   8  34 288 392 191 186 278 218 294 300 158 116  42  22 346 247
    65 218  48   0 340  16 357]
  [  0  53 127 114 328  82  63 255 376 226  74 298 280 192  77 275 385
   288  82  90 337 388 285  28 279 167 158 155 277 181  66 167 356 120
    82 385 296 187   0 380 226]
  [  0 257 121 272  18 243 145 379 215  91 185 181 368  17 186 178 258
    15 163 230 379 305 372 153 203  57 323 204 262 307 215 272 321  87
    50 227 349 174 375   0  52]
  [  0 311 212 219 140 173 282 243 383  79  73  65 369 275 182 292 140
    84 200 116 292 196 348  82  53 160 206  54 296 112 384 152 299 353
   288  90 365 314 162  96   0]]

 [[  0 386 299 348 369 201  79 121 347 302 112 248  29  98  89 149 213
    23 325 128 293 255 367 329 245 228 148 182  97 109 367 331  93  73
    17 242 168  53   1 320 249]
  [  0   0 208 269 150 155 119 282 216  15 127  92 284 305 112 334  49
   109 102 180  26 361 256 104 163 231 282 174  14 204  72 275  33 116
   281 376 174 288 114 269 112]
  [  0 106   0 114  77  51  87  64 368 310   6 254 391  79 358 186  89
    92 188 309 259 392 157 126 319 392 156 286 281  19 340 307 338 297
   213 370  19 382 352  58  64]
  [  0  85 381   0 247 316 382  92 271  15  19   2  74 327  60 213 368
   176 240  39 206 350 153 256  36 390 358 209  26  63 236 224 197  26
   384 347  20 171 180  54 157]
  [  0 230 248  18   0  42 115   1  99 296 177 373 304  78 381 173 309
   303 381 157 340 229 153 260 285  10 197 225   8  23 196 174 154 135
   324 337 385 149   5  59 123]
  [  0 122  36 270 161   0 179 314 144  16  48 107 243 346 237  40 239
   210 163 269 205  47   3  80  18 359 270 334 213 240 262 178 318 127
   394 231 341 135  64  82 211]
  [  0   9 165 296 191  97   0  53  36 267 147 255 296 299 271 300 332
     5  77  13   6  93 159 139 360  32 113 357 242   0  91 285 243 335
   364 113  65 390 347 374 104]
  [  0 370 326 317 187 128 162   0 155 345 283 369 354 278 174 102 136
   225  21 288 155  26 107  32 240  55 222 302 223   0 253 100 104  54
   227  52 252 218 283 225   9]
  [  0 272 156 326 249  19 159 152   0  44 155  55  65 133 203 306 363
   284 363 115 359  40 332 123  60  40  75 214 231 321 174 365 140 285
   187 135 184 218 245  15 162]
  [  0 138 334 248 383 240 158 275 153   0 310 299 193 220 370 360  27
   298  38  65 341  36 218  46 390 239 274 365 239 276 365  76  48  63
   158 228 338 330  47 184  50]
  [  0 151 285 290 279 351 204 383  69 270   0 102 209 171  41 252 291
   207 382 196  63 251 150 387  57 262 323  86 317 318 394 131 380 335
    36 395 258 213 336 167 345]
  [  0 133  56 370 295 166  84  63 261  33 383   0 378 360 195 311  66
   359 358  17  93 157  68  30 201 162 286 229 187 181  58 252 394  64
    42 225 368 264 331   4  19]
  [  0 369 239 145 293 246 149 272 387 250 365 284   0  15  41 266 264
   327 126 351  50 270 143 383  87 175 193 261 221 394 386  66 353 274
   166 335 152  20 306 299 382]
  [  0 351 380 227 239 108 336 373 368 246  43 104 328   0 378 319 331
   346 289   1 108 137  67 272 277   4 350 334 283  49 366 376 295 156
    91  49  73 255 293  86 382]
  [  0  95 201 386 309 189  39  43 365 100 125 315 197 246   0  45 211
     2 174 171 227 221 173 390 255 124  51 234  28 149 207 387 288 138
   300 316 266 222 390 310  81]
  [  0  97  14 200   6  41 370  90 298 132  84 135 140 209  32   0 367
   208   0 176 358 104 372 224  78 224 187 167 304 128 325 121  43  17
   114 386  35 387 122 298 126]
  [  0 282 391  53 221   6 166 338 378 292  53 264 113  84 271 218   0
   247  20 337 191 298 225 301 212 346 216  46 393 331   2  34  51 218
   103 378  68   0 129  48  67]
  [  0 250 293 393 190 153  31  46 131  98  47 258 175 247  65  38 139
     0 237 273 239 348 145 188   6 303 321 314 329 243  96 112 350 149
   266  85 335   4 104 185 177]
  [  0 191  27 324 390 114  76  28  51 181  84  66 304  39 272 118 268
   339   0  80 100  17  39 118  93 137 233 346 246 286 293  29 175  10
     0  65 324 212 369 354 204]
  [  0 389 356 145 217 174 196 360  78  81 121  11 155  57 204  92 242
   127 181   0 310 293 232 381  90 274 351 393 167 210  68 326  48 234
   139 155 327 313 243  10 262]
  [  0 352 212  59 159   3 333 200  16 153 104 130 215 305  17 294 288
   240 289 304   0  48 310 366 250 335  63  41  86 291 230  82 109  53
   348 381 229 358 282 336  72]
  [  0 191  60 356 299 254 228 283 203  26 161 110 167 132 283  40 285
   105  71 188 306   0  43 162 161 107  31 151 205   7 322 195  21 238
   283 160 224  77 343 216 298]
  [  0 248 225 186  55 204 370 115 199 169  74 327 223 229 126 162 162
   239 140 310 256  35   0 253 115 251  39 153 125  50 237 286 368 172
   198   1  70  70 232 196  25]
  [  0 120 267 246 186 197 259  94 344 162 255 242 207 207 369 167  49
   110 169 217 209 133  67   0  88  33  19 207 354 387 107  56 269 250
    13  48 319  51 166 318 212]
  [  0 364 123 360 133  81 208   2  98   0 108 202 391 270   8 185 360
    40 315  55 155 333 166 278   0 131 204 120 291  91 142 263  65 262
   221 195 166 185 225 105 114]
  [  0  24 167 183 370 342 144  14  26   0 247  41  66 217 132 302 134
   373 332 121  98 211  56 187 363   0 161 183 194 330 288 269  88 270
   195  18 286 200  65 133  82]
  [  0 393 105 136 177 188  36 114  89 269 219  94 240 376  41 232  44
   221  33 170  46  29 123 264 360  32   0  37 312  46 292 348 145 120
   357 339  10  81  49 279 300]
  [  0 143 198 351  20  68 297  76 372 100 107 247 155 178  15 342 118
   339 357 235 103 162  98 383 231 285 263   0 255 298 127 166 304  42
    62  25 170 297 283 216  93]
  [  0  89 249 269 115 305 361  75 276 302 390 170 239 196  52 233 137
    48 200 102 106  67 236  73 229 312 308 251   0  32 114 369 153 123
   154 175 200  40 210 167 155]
  [  0 394  48 101 254 343 157 304 295  20 239 143 314 168 103 348   1
     3 386  15 212 211  62 288 112 116 290 260   5   0 372 194 128  81
   158 227  15 348 275  51 211]
  [  0 302 356  18 353 313 255   5 163  95 270 204 360  66  30 125 284
   330 109 258 312 149 277 235 111 276 395 282  55 316   0  76 230  79
    25 189 169  81 246 388  98]
  [  0 340 287  36  37 117 203 265  43 120   2 344 377  23 269 194 204
   103 174 242 190 184   9 104  99 285  24  91 289 110 241   0 271 263
    45 112 252 250 260 242 151]
  [  0  82   6  86 204 373  34  86 269  77 325 141  80 150 308  49  41
   114 289 357 370 208   2 152  16  66  66 281 146 135  32 375   0 260
   373 225 132 243 392  79  49]
  [  0 159 176 118 375 163 226  93  48 235 224  94 276 128 110 368 239
   288  96 233 147 165  79 245 356 240 273 111 325 132 179  18 195   0
    18  95 342 335  99 338 370]
  [  0 332  73 335 386 278 276 162 308 175 195 323 234  43 341  53 105
   196 209 231 280 117 340 180 167 316 379 115  34 286 212 256 157 372
     0  23 391  61 337 115 197]
  [  0 212 198 238 267  62  75  61  99 246 385 250  21 375 392 160 314
    11  82  16 218 145 341  21 339 375  66 114 143 391 157 123 146 333
   381   0 351 265 244 261 365]
  [  0 236 107 343 378 135 326 175 265 296 131 281 266 175 127 317  95
     9  22 270 209 339 226 159 136 187 384  69  32 275  60 111 312   7
    60 368   0 364   6 301 113]
  [  0  52 265  42 151 336 326  80  14 363 167 198 343 169 146 122 131
   359 362 124 207  42 120 304  75 297 260 209 386 391 117 224  40 134
    26 264 365   0  39  76 368]
  [  0 162 301 134 382 130 215   7 381 140  14 246 285 225 113 365 385
   269 362  98 290  89 157 327  25  87  43 242 124 230 230  28   7  74
    70 346 288   9   0  29 210]
  [  0  78 226 254 170  89 383 243  47 334 252 165  19 302 108  66  57
   191 385  72 225 252  74 179 288 111 237 124 143 367 338  88 273 312
   254 282  76 135 237   0 385]
  [  0 175 229 157  32 245 358 250 324 214 368 250  29   1  86 133 124
    89 228  48 244  52 364 226  81 235 185 393  42  93 246 308 216 163
   122 372 100 359 373 104   0]]

 [[  0  58 312 233  68 185 314  70 307 219  87 319 353 289 376 119  84
    81 210 351 322 202 167 234  28  78 102 326  27 303 330 334  34 307
   309  91 164   6 331 138 269]
  [  0   0 115  97 348 363 181  22 232 345 211 367 126  71  98 181  64
   248 233  69 310 350  61 244 219  69  10 239  39  71 222 138 372  83
   389 343 347  62 313 121 150]
  [  0  32   0 366 188 277  26  59 368 364 312 362  32 162  91  51  11
   202   7 236 155  33  84   4 238  63  43 293 324 200  50 177 146 171
   379 388 257 273 359 308 184]
  [  0 357 147   0 217 181  53 159 314   7  64 238  81  33 391  11 333
    77 223 346 235 245 292 325 114 285 276  70 233  33 322 265 226 350
   390  84 283 295 199  66 257]
  [  0 170 225 375   0 104 167 179  73 291 350 307  56 291 301 188 132
   252 137  57 176 113  45  35 201  97 302 196 303 161 333  24  40 322
   195 270 215 300 201 338 169]
  [  0 281 166 107 220   0  71 268 218 302 177 153  33 245 310 181 118
   359 305 245  18 342 229 387 241 281  49  93 334 349 256  58  41 259
   313 168 214 146  35  23 285]
  [  0  11 328  94   2 193   0  49 365 251 320  53 214 347 328  77 234
   186 144   9 245 241 127 241  64  95 293 366 272 206 342 334  63 112
   260 388 225 334  25 279 154]
  [  0 185 294 114  25 243 346   0 232 332  99  62 194 104 280 160 142
    44 260 373 179 153  13 283 134 360  48  63 377 237 110  11 257 334
   136 216 391 168 242 274 227]
  [  0  61 188 165  50 235 304 177   0 130 118 353 331  23 292 175 300
   165 389 183 105 198 251 209 296 385 251 350 243  55 235 326 234 307
   181 259  55 126   7 121 151]
  [  0 371 265 309  21 132  23 137 309   0 136 273 215 177 335 253 315
   252 344  72 367  66 283  31  70 252 278 133 198 331 240 351  63  35
   217 293 241 134 378 145  62]
  [  0  95 318 281  35 371 297 183 316 340   0 161 307  51 393 286  17
   254 225 311 178 239  99 333   6 348 110  86 182 374 331   9  57 200
   174 326 352 234 303 123  53]
  [  0  74 170  66 285  86 292 165 163 302  84   0 264  23  44 392 337
   126  40 193 359 370 101 102 182  60  72 273 306 183  19 263  58 336
   242  29 113 288 358 221  89]
  [  0 179 168 189 183 262 212 330 243  35 188 133   0  96 191 194 136
    60 100 185 183 381   9 321 144 144 317 159 213 277   4 332 169 139
    40 327 385 283 121 276 109]
  [  0 253  39 152  75 364 131 206  11 189 134 240 389   0 196   3  71
   142 255 292  53 105  63 236 355 166 183  11 104 199   6 262 317 181
   272  66   0  76  93 207 161]
  [  0 349 186 332  35  72   3 140 290 258 298 217 382 281   0 349 385
   299  50   4 352 172 148 170 176 245 149 320 321 166 337   3 134 362
   141 330 182 387  98  39 112]
  [  0 300 128 384 188 147 153 161 334 224 256   5 385 135 350   0  16
    63  28 153 246  71  52 124  14  59 262 385  54 304 393 295 270 195
   395 138 278 315  62  73 316]
  [  0  18  46  15 160 353 302 121 263 356  37 155 339 264 284 385   0
   114 253 342  96 148 353 352  13 100 281 252 382  63  40 385 223 121
    17 282 303 124 128  15  57]
  [  0 201 201  75 209  13 235 373 151 307 268 190 343 383 178  36 101
     0 106 319 166 114  56  80 136 159 388  24  90 311  37 210 339 131
    82  75  46 386 178 231 185]
  [  0 254 209 179   3 245  62  40 382 171 309 338  80 160  74  57  47
   238   0 349 156 279 171  42 130 193 251 373 271 395 267 218  74 158
   182 130 383 388 334 330 240]
  [  0 384  75  91 281 124 228 232 120 140  62  72 262  36  35  90 270
    31 144   0 271 134 207  59 362  81 222  14 287 139 379 325  78 240
   227 251 213 295  13 249 129]
  [  0  95 125 356  53 323   8  64 300  57 303  26  78 253 257 172   3
    67 364 339   0   3 213 311 270  88 255 119 385 336 231 385 350  65
   365  21 142 310 306 164 123]
  [  0  71 393  78 387 330 271 181 293 379 130 208  39 206 264 213 204
   215 281   1 249   0 165 221 374 156 335 155 137 231  94 352  75 350
   149 239 166 311  94 250 374]
  [  0 177 258 244 201 369 122 371 384 187 326 206 328 239 228 147 302
   269 353 271 283 390   0 308 201  70 326 159 375  91  20  69 332 303
   300 273  42  16 357 283 129]
  [  0 291 279 100  22 106  78 252 149 374 251 310 310 351  90 262 272
   123 381 393  59   5 171   0 114 260 305 163 304  73 312 183  99  51
   236 301 224  86 348 141 330]
  [  0 391 202 328 195 297 268 302 307 247 363 380 129 305 170 234 142
   104  85  81  60 170  12 335   0 346 350 309 352 161  38 308 217  16
   260 158 348  83  37 163 151]
  [  0  26 150  84 103 319 139 250 113   9 235  42 268 333  84 253 220
    68 234  35 211  35  90 314  39   0 129 307 231 284  28 161 233 112
    64 124  35 254  97 170 353]
  [  0 263 162 123 224 385 100  42 303 316 333 376  63 289 292 336 286
   307  50 201 315 349 210 312 329  78   0 360 113 134 306 155  42 382
   125  85  34  14 346 100 211]
  [  0 346 328 208 325 239 143 193 248 145 181   2 319 216 106 178 387
   204 203 114  50 102   2 258  51 253  24   0   4 166 218 314 315 152
    33 352 304  72  83 156  59]
  [  0 207 164  31   2 222 374 138  15 142 122 279 138 275 155 182 340
   376 386  19 259 341  17 302 189 270  33 161   0  20 103 389 314  12
   225 135  37  44 173  79 229]
  [  0 285 135 151 270 225 149 210 303 183  76 223 298 116   2 163 340
   343 385 123  53  40 284  45 235 251 112  78 238   0 340 226 128 297
   262 364 279 351 390 321 140]
  [  0 106 175 223 233 333 294  86 233 136  32 216  83 318 351 250 363
    52 313 287 180   8 174 156 105  15 285 143 289 163   0 336 314 159
   376 162  69  86 294  53 217]
  [  0 238 245 284 274  41   6 188 273 283  42 268 366 393  62 205  17
   266 366   2 157 216 217  47  54 209  44 134 126  13 340   0 270  90
   366 256 167 124 226  19  39]
  [  0 126  20  13 217 352 374 232 231  88 271 111  81 134 118  16 118
   201 190 293  19 139 161  41 377 135  19 115 343 173 127  27   0 173
   256 395 291 162 232  70 280]
  [  0 201 211 130 203 326 259 316  13  46 186  42 393 392  45 300 246
   302 163 194 343 188 170 134 164  95  81 383  64 219  29 231 199   0
    60 380 346 268 301  79 391]
  [  0 229 250 239 208 287 182  34 279 252  37 351 175 164 295 294 202
   171  53 378 376  92 222 391 223 151 239 252 136 309 177 207  36 139
     0 140  10 229 246  78 302]
  [  0 163 126 164 174  64 144 271 141 343 281 180  22 202 312 144 376
   210 152 159  47 349 245 332 248  33 124 269  66  55 320 263   8 283
   132   0  95 172 225 289 312]
  [  0 175 390 395 220  86 102 323 161 172  46  57 379 173 109  73 266
   154 121 259 196  52 154 259  35 312 220  92 183 294 260   2 279 283
    13 324   0 114 214 102 154]
  [  0  52 192  23 294 260 177 303 299 148 240 191 292 308   5 139 133
   191 133 228 223 362  83  48 220 239  87 200 358 380 323 328 265 376
   170 104 202   0 374  78 109]
  [  0 158 361 281 296 110   4 273  83 294 273  32 312 364 126 372  20
   370 140 181  53 100 227 347  34 327 290 317 186 154  62 296 228 275
   234 196  21 221   0  81 255]
  [  0 237 128 292  51  63  67 393 169 194  70 148 333 157 290  55 144
   123 178   9 333  17 376 178  70 190 363 367 375 263 286 228  92  52
    60  78 359  90 185   0 164]
  [  0 372 310 318 349 228 286 295  17 385  48 338  86 198 119 385  83
    57  16 254   9 173 145 176 312 394 299  14 236  91  30 293 180 124
   121 184 304  32   4  61   0]]

 [[  0 319 296 366 240 344 234 254  36  13 386 354 389 220 327 292  65
     2 355 186 299   9 165 290 111 352 222 357 336 129 332  21 219 275
   358 292 346  99 321 384 116]
  [  0   0 169 143 170  41 211  90 211 248 380  71  72 118 205  73 341
   134 116  38 303 142 279 144 389 321 263 197 348 328 294 221 216 304
   360 334 255  65  25 167 171]
  [  0   8   0 205 325 204 102 272  36  40   5 154 195  65 198  41 316
   362 340 145 286 222 328 326 201 163 108  34 189 241 203  13 111  88
   347 169 133 299  60  29 127]
  [  0  12  72   0  51 362  72  42 167 252 365 147  64  94 265 367 391
   359 179 340 160 150  43 181 176 302 269 146 209   0 122 267 289  61
     4  53 238 228 346 355  46]
  [  0 119 125  43   0 114 137  27 220  58  55  63 297 219 230 122 197
   120  40  95 104 282 283   2 292 337 176 139 322 177 369 161 185 389
   349  88 377  21  17  65 285]
  [  0 101 305 386   3   0 281  59 233 238  72 318 326 181  24 368  62
   259 369 181 189 116 116  77 107 328 281 303 148 200  54 331 207 370
   128 114 283  43 119 274 276]
  [  0  87 249 224 150 289   0 234  78  47   5  17 378 263  71  76 375
   266 288 215 367 215  61 322 190  37 178 266 367 128 189 220 129 260
   129 330 298  88  36 160  92]
  [  0 147 289 128 104 281 100   0 263 147 390 104 190 375  66  97 175
   191 280 290  75 385 115 258 239 153 270 198 200 156   8   7 300  18
   256 141  91 330 183 267 321]
  [  0 335 272 192 263 189 119   0   0 100 144 110 118 380 202 344 258
    70  48 364 130   0  52  49   3 221 201 261 272 346  22 373 329 181
   336 298 346 280 336 282 311]
  [  0 108 216 104  61 249 298 288  97   0 221 230  88 345 226 114  50
   202  44 131 145 348   0 247  86  99 261 180  71 322 377  76 130 300
   139 355  27  70 283 258 161]
  [  0 197 119 375 247 273  78 248 363 298   0 161 255 223 380 286 251
   345 378 264 343 286 109 315 217 145 116 151  89  34 343  61 175  89
    69 186  50 197 276 382 249]
  [  0   0 104 127 152 171  75  37  68 124 276   0 154 325 336  15 147
    56 143 209  78   9 259 185 112  89 330 175 308 166  49 154 169 382
    67 222 149   8 394 287 173]
  [  0 109 292 230 334 306 272  60 250 283 342 369   0 346 143  41 126
   294 248 109 118 366 285 350 175 232  97 378 228 331 148 342 219 385
     0 345 350 260 353  56 118]
  [  0 167 332   8 198  67 188 276 154 319 166 137 149   0 379 248  73
   330  18  53  60 304 322 250 213 263 345 168  32 146 393 147 120 190
   266  79 181 258  23 304 271]
  [  0  54 287 211 365 134  99  34  39 344 121 261  39 327   0 315  80
     3 177 216 118 130 196 377 155  97 119  43 135 360  88   2 302  22
    69  96 354 110 285 183 197]
  [  0 106  57  32  39 281 189  40 330  89 367 268 195  78  17   0  28
   362  43 362 149  90  77 359 266  63 138 230 250   5 272 256 328 158
    80 357  98 205  93 167 144]
  [  0 289 321 230 140  36 382 392 364  88 208 232   4  99 254 181   0
    42 275  86 320   0  14 299  24 390 340 146 368 149  24 147  47 106
   338 341 234 191 279 375 274]
  [  0 198 346 121 115 178  27 138  88 191 143  83 244 342  77 109  33
     0   5 215 187 122  25 317  67 183 201 136 116  10 313 231  48 354
   116   4 117 250 150 292 242]
  [  0  96 129  26 158 366  56 360 331  71 320 312  15 148  63 336 118
    79   0 386 345 342 325 357 190 327 218  71 159 344 281  61  67 294
    86 223 146 274 106 256 260]
  [  0 135 380 392 241 222 135 373 202 177 125 249 383  72 304 203 293
    29 281   0 250 170 175  10 384 365 165  22 345  50 361 252  96  48
    90 167 280 388 246 337 360]
  [  0  79  62 354  51  21 181 154 245 128 285 221 366 325 242 169  28
   342 375 245   0 152  77 163  74  42 157  53 126 299 175 352  41 248
   353 309 118 334 357 243  19]
  [  0 259 274 113 215  87  63 270 393 318 386 276 223 299 291 233 358
    63 120 132 237   0 152 255 301 353 298 179 264  95 307 111  69 152
   158 242 246 125 242  94 196]
  [  0 205 247  76 192 133 103 295 272 383 235 163 132 199 341 131 385
   196 114 378  91 378   0  77 392 141 153 294 136 262 108 360 256 335
   184 176  45 309  81 276 240]
  [  0 138  26  72 379  18 329  99 358 323 302  86 369 124  69 280  40
   271 260  56 108 273  34   0   0 331 355 234 235 235  30 135  52 231
    25 341  24 178  23 323 293]
  [  0 360 359 124 383 282 323 259 377 172 300 331 246 388  48 103 167
   257 339 184 353 240 106 192   0 152 297 304  35  75 259 253 139 144
   174 176 355 247 143 179 222]
  [  0 104 393 227 273 235 179 146  57  27  67  80 308  90 184 335 230
    31 302 136 158 239 343 391 245   0 331  18 300 375 138 138 367 246
   351 233  64 170  30 245 376]
  [  0 161 368 332 207 216 154 167 247 248 247 334  47   2  96  56 125
   386 204 179 212 173 160 220 237 170   0 292 362 359  79 382  33 169
   266  30  27  65  53 239  12]
  [  0 379  70 296 285  49 217 286 266 165  79 347 183 143  54  79 105
   185 335  37 227 313  73 327 164 387  35   0 303 308  96  77  57 260
    99 189 387  99  65   8   7]
  [  0 395  84 148  86 236  39  64 132  63 174  43 178 332 268 132 209
   257 123  59 226 239 304 367 359 234 359 199   0 189  78  74 244 177
   314 123 310 181 301 333 107]
  [  0 122 223 268 372 122 381 319  39  68 277 169 387 325  29 184 121
   256  39 201 125 345 261 179 276  85 385  21 247   0  10 263 363 346
    50 236 379 191 279   5 197]
  [  0 320 145  52  47 158 126  93 148 191 108   9 306 389 223   2 226
   312  67  89 116 170 272  53 327 190 134 100  44 247   0 104 184   1
   236 236 141 373 103 334  56]
  [  0 309 272 395 316 110  21 360 386 254 168 316 169  24 176 296 158
   228 372  31   5 232 206   7 263  58 184 329 171 349 359   0  53 103
    41 299 134 120  88  87 156]
  [  0 162 290  95 267 325 381  55 182 196 309 219 180 360 294 114 209
   140   3 366 372 388 383  66  97 107  51  93 281 255 124  86   0 217
   354 275 152 334 143 116 345]
  [  0   1 340 290 170 357 383  59  40  64 151 126 230 126  44 119 268
   266 141 347  84 387 282 264 131 308  95 257 300 123 233 392  60   0
   385  54 170 288 352  16 366]
  [  0 245 334 150 338 290 345 252 319 251 279  78  63 334  33 285  73
    94 124 311 221 238 136 311 258  94 351  29 279 333 363 346 279 240
     0  24 245 395 139 148 244]
  [  0  68 199 168  44  77 185 356 195 176 260 179 382 196 257  24 267
   333 314 392 105 101 214 141  70 374 251 336 357 365 359 212 303 370
   343   0  41 306 194 140  27]
  [  0   6 318  90 293 180  10  78 230   9 275 311 389 227 183  62 229
    56  67 104 275 385 199  80 300 355 219 166 351 176 106  34 302  52
   123 325   0 382  89 253 299]
  [  0 201 162  94 213 135 279 278 303 237 112  29  29 226  47 199   3
    82 328 110 168 106  65 386 363 151 220 204 155  75 371 197  86  24
   118  65 146   0 200 176 257]
  [  0 213  38  36  61  29 335  71 344 232  62 245 304 336  47 322 241
   168 252 260  40 370 351 274 191 320 338 176   8  87  80 158 390 282
   300 244  22 130   0 244  71]
  [  0 150 237 295 197 159 270 175 207 218 326 123 168 141 122 214  82
    70 177  60 183  19  94 282 389 374 373  48 296  78 332 129   1  70
   197 279  73 220 178   0 173]
  [  0 158 164 121  29 385 370 314 308 350  27   0 333 103 174 249 212
   295 383 358 345 140 125 200  65  43 173 207  39  54  79 178  94 156
   370 191 317 145 155  75   0]]]
release_time
[  0 191   4  94   0   1  31   1  59  57   3   5   4   3   3  98  18  29
  10   4 272  13   4   6  97  17  27  22 882  20  15  21   7  42  33  68
  23  49  10  71 101]
due_date
[  0 387  34 105  74  75  67  41 118 100  81  65   6  32   8 111  48  45
  90  10 668  22  89  33  98  28 561  52 974  45  22 105  50  59  63  85
  53  93  20  87 101]
unit_emission
[ 6 12  4  1 19]
emission_limit
19622.800000000003
setup_severity
2.0
due_tight
0.9
due_range
1.0
release_tight
10
degree_constr
0.8
