mach
5
job_rate
8
weight
[ 0  3  8  5  1  1  4  4  2  8  1  6  8  5  4  8  7  6  6  6  6  1  4  4
  7  1  1  7  2  3  7  7 10  3  6  9 10  8  9 10  4]
proc_time
[[  0 136 112 131  92 121  75  86 146  77 147  68 127  84 150 126  91 121
   50 129 139 116  64  81 102  61 101 110 118  65 137 146  72  65 104  57
  105  63 149 103 136]
 [  0  64  71  57  96  97 147  95 123 150  64  60  93  82 126  99  57  79
   76 136 136  68  55 130 140  98  55 112 101  99 115 149 143  80 117 109
  138  67  52 146 101]
 [  0 101  65 131 111  71  79 110 115  69 121 140 116 144 145 108 111  68
   83 117 105  51 128  59 124  71 119 103  99 133 126  59  75 104  84  54
   89  50  59 149 113]
 [  0 150  81 100  90  95 118 130 127 149  61  57 122  93 102 145  80 123
  136 148  80  71  63 116 123  94 113  69  71  67 111  66 150 120  62  74
  130 150  69 128  80]
 [  0 121  97 128  70 150  65  66 100 121  72  93 148  97 132 102  68  92
  112  66 126 106 140  59 139  87  98 107 120 141 117 114 143  55  69 102
   71 111  89 125 118]]
setup_time
[[[  0 320 283  29 295  73 237 355 124 407 311 222 341 243 276 172 176
   133 345 129 153  12  61 251 265 158 213 358 321 147 313 107 236 336
    68 316 258  43  39 293 263]
  [  0   0 217 356 337 111 177  85 196 394 343 237 114 201  23  87 184
   155  88 261 265 283  11 373 369 199 169 393  56 396   5 124  39   1
   208  70  92 111 244 335 303]
  [  0  83   0 128  78  58 148 124 381 249 254 187 186 149 288 316 270
    90 209  11 191 236 399 252 365 148 118  50 347 204 180  23 408  27
   145 290 188 109 142 299 262]
  [  0 298 306   0 141 186  62 139 384 253 310 348 333 392 223 238  85
   314 330 357  42   9 226   2 208 200  10 189  32 201 400  45 358 296
     4 129 213  78  90 120 101]
  [  0 142 147 222   0 334 240 335  17  75 395 261 122  81 392  50 408
    36 241 324 166  15 230   3 371  47 239 117  48 336  99 275  28 307
   233  88 261 326 105 288 235]
  [  0 191 319 194 285   0 341 286 135 126 286   2 309 363  68 112 139
    38 207 178  63   1 102 358 161 132 109 366 255  73 116  72 121 158
   278 208 337 153  35 146 267]
  [  0 278 301 157 337 345   0  42 145 214 378 225 172 270 297  74 405
   258 303  83 298 326 280 356   5 157   3 257 328 384 206 204 284  68
   364  77 254  27 133 166 176]
  [  0 303 189 291 172 351 121   0 105 237 178 152 117  30 109 200 126
    99  27 119 133  88 147 178  50 239 402  70  66  52  57 345 174 140
   237  46 300 372 375 302 238]
  [  0 341 147 282 389 238  80 276   0 228 287 303 375 260 229   2 350
   138  62 165 222 142 292  51 155 115 241  95  64 400 318 152  12 405
   326  38 257   1 163  85 294]
  [  0 279 202  97 157 273 339 139 252   0 161 263 152  15 326  44   4
    83 181 232 242 290 167 146  56 333 371 166 176 304 161 199 168 178
    50  50 374 368 290 352 289]
  [  0  73 178 292 386 380   6 403 135 392   0 303 306 339 165 347  21
    64  47 152 212 200 364 227  30 221 219 289 184 209 347 159 181 175
   165  69 220 223 339 243  37]
  [  0  25  52  68 146 315 331 114 351 301 175   0 278   1  63 328 362
    78 175 355 290 147 388 324 239 117  22  11   8 349  99 326  95  63
   154 294 144 197 385 113 393]
  [  0 322 148 335 194  43 193 354 360 294  76 170   0 407 229  67  56
   256 366 323 319 178  55 327 280 198 276 260 259 284  17 251  54 131
   268 198 403 106 154 179 322]
  [  0  55 182 147 282 150 283  12 150 153 250 313 362   0 242  50 121
   216 218  20 324  28 205  76 201  72  24 230 278 164 311 366 161 108
   298  97  46 201 205  47 310]
  [  0 334 253 166 382 192 118 337 278 239  59 344 225 400   0 307 233
    80 222 266 190 104  47  70 378 136 279 208 299 139 105 151 300 177
    18 279 405  36 360 398 100]
  [  0 232 105  53 337  85  88 254 218 378 137 223 215  54  29   0 271
   398 222  13 274  13 330 336 210 264  26   5 293   0 222   8 344 142
   406  98 165  12   2 105 147]
  [  0 357 149  36 191  36 306 242  74 319 331 292 329 192 349 324   0
   398  37 268  47  80 153 373  13 201 402 211 228 243  48 157 129  31
    34 300 252 362  57 359  98]
  [  0 165 315 387 352  46 216 398  48  23  92 388 241 284 183 403  54
     0  21 369 366  84  23 346 341 339 179 309 251  44 191 163 329 227
   364  75 172 229 297 283  18]
  [  0 348 208  28  70  84 220 252 260 197 278 289 275 338 156 332 228
   321   0   2  46 190 224 303 305 310  50 221  39 200  52 125 179 392
   284 188 348 193 106  94 327]
  [  0   0 266 394 199 336 197 186 351 265 209  42 143  29 324 378  86
   218  98   0 274  50  85 286  89 376 404 141 369  13 372 113 333 262
   315  41  11 218 158  78 231]
  [  0 183 298 408  36 175 189 228 344 261 121  41 122 319 170 392  75
   402  99 164   0 181 318 211 401 109 274 188  58 249   0 349 184 324
    65 173 154 359  55 350 314]
  [  0  64 345 263 407 201 141 334 282 178 100 136 270 241  53 349 316
   294 153 341  60   0 270 346  11 277 323 276  84  35  19 162 276 360
   302   5  44 188  31 318   6]
  [  0 389 213 108 338 177 366 271 373 211 337 236 139  66  24 109 202
   226 193 332 237 313   0  41 356 394 281 177 302 112 240 326  23 142
   140 312 267 135  19  46   9]
  [  0 256 165 297 361 110 263  90 280 342 309 353 189 126 140 159 149
    67 326 156 277 251 395   0 375 215 113 246 154 321 260 354 183  14
   261   2 390 393 355  86  89]
  [  0 311  32 240 375 387 131 214  94  28 333 255 366 197 177 159 155
   179 250  34 384 112 205 222   0  49 215 275 158 335 240  70  96 124
   297  14 232  57 125   5 312]
  [  0 141  91 366 339 309 334 115 231 207 189 238 334 191 128  74 291
   172 142 144 179 340  64 403 396   0 123  61  81  93 279 186 108  94
   155 204 398 133   9  12 216]
  [  0  66  77 217 365 408 105 242 327 165 213 333 256 315 166   5   7
   224 381 261 116 215 104  78 328 295   0 376 300 364  32 196 102 101
   299 312 153 169 197 235  24]
  [  0 329   6 254 333 189 345 282  87  63 109 315 170 397 242 345 205
    97  34 324   4 315   3 156 241  45  71   0 179 390 224  15   3 148
   151 120 206 393 254 197 116]
  [  0 309 172   6 213  66  45 207 112 186 286 117  26 381 333 149 185
   236 309 129 319 141 205  96  51  83  85 170   0 141  20 265 351 273
    99   6  40 406 276 388 154]
  [  0 123 129 333  24 314  31  80  68  43 212 244 217 333 263 107  82
   208 125 169 106 288 125  49 292  98  38  11  21   0 399 319 402 314
   161  54 298 307  46 145   2]
  [  0 210 296 405  48 393 188  59 219 117 390 154  33 302 214 224 322
   378 245 327 213  84 142  66  27 365 260  97 362 303   0 239 248 406
   356 356 378 375 278 243 323]
  [  0  88  19  87  29  55  62 404  51   5 392 357 256 352 141  46 323
   297 397 160 105 117  63 214 171 299  78 350 308 361 281   0 305 238
   140  58  22 332 198 154  64]
  [  0 127 109 325 320 310  84 358 195 128 158 162 106 111 386 131 223
   106 235 167 115  36 395 170 243 295 185 148  86  50 126 225   0 143
   287 395 342 164 124 161 265]
  [  0 379  88 231  87  21 321  95 274 177  83 354 129 254  34 404 121
   380 156 244 344 228 113 235 241 174  11  31 214 203 310 257 397   0
   280  13 285 270  21 397 292]
  [  0 262 190 175 331 254  57  61 316 151 298  72  48  79  23 201 293
   106  28 142  47  45 105 107 351 107  56 170  39 322 395  98 199 267
     0  26 269 128 192  28 309]
  [  0 227 405 188 274 250 293 278  77  46 161 146  71 372 327 167 137
   182 221  86  12  82 132 218 248 185 211 119 404 239 373 336  31  93
   237   0  96 263 186 400 137]
  [  0 261  50 234 390 295 122 163 377 168 152 166 105 266 355 334 404
    32 359 104 149 407  78 321 202  89 350 330 327  83 171 354  43 299
   342  22   0  12 338  91 225]
  [  0  48 114  86  93 379 213  55 210 208 290 227  12  96 363 186  39
     9 177 282 345 207 139  50 256  88 268  59 320  75 199 313   3 396
   384  12 108   0 263   7  43]
  [  0 359 316 154 104 123 400  76 376 217  99 385 354 277 208 279 352
   328 351 143 400 102 189  80 270 238 355 154  94 165  87 205 338 233
   381 400 108 221   0 130 404]
  [  0 342 106 275 299  33 181 166 284   5 347 367 251  57 248 164 274
   375 204 266 221  73  12 225 201 319 104 182 344 212 407 285 357  71
   287 202 343 191  23   0 166]
  [  0 194  95 134 408  67 110 113  48 129  79  79 331 233 177 289 293
   231 265 160 396 337 323 370 100 355 390 299  10 244 350  73 352 286
   386 225 269 384 336 162   0]]

 [[  0 235  37 217 282 358 307  34 123  80 391 187  13 139 191 238 401
   221 317  24  93 202 297  31 335 237 306 297  31   6 355  33 298 282
   336 179 332 113  76 145  63]
  [  0   0 397 344 132 300 312 124 123 256 219 348 221 121 183 198  95
   404 268 317 309  74 149  45 240 231 234 343 163 196 355 222 109 193
   175 113 201 375 133  72 107]
  [  0 191   0 100 175  72 194 195 257 235 181 220 111 378 152  98 198
   360 274 245  77 278 282 208 271 302  67   0 146 116 105 404 240 251
   190 329 238 372  13  33  76]
  [  0 224  69   0 307 298 148  41 171  80 146   3 306 132 354 195  54
   370  89 215 294 371 309 332 381 233 316  34 320  65  28 185  91 291
   206  48 229 217 116 278 347]
  [  0 226  40  87   0  59  65 165 373 293 107 224 361 289 330 236 278
   372 372  45 167  49  79 328  59 334 291 346 287 321 121  20 367 309
   103 314  96 240 371 149 323]
  [  0 187 227  45 230   0 259  91 237 250 105 289 114 164 404  34  37
     1 258 362 176 200 399 171 293 369  44 407  11 110 171 293 247 347
   214  34 143 207 407  46 402]
  [  0 312 305  10 175 305   0 191 299  86 344  38 301 109 374 102  73
   225  84 299 134 395 169 387 138 317 380 127  31 309 124 236 405 236
    33 143 152 168  28  16 105]
  [  0 203 183 408 154  21 159   0 281 225 217 374  38 393   0 359  24
   176   1 149 376 360 396  39 294   8 370  63 250 213  43 110  87 278
   166  43 303 315 106 125  35]
  [  0  68  59 237  97 362  19  56   0 147 270  91  31 237 174  58 211
   181 388   5 264 213 356 160 246  68  74 146 384 101 289 111 131 324
   255 115 315 387  93 406 368]
  [  0 127  40 402 229 194 340 320 239   0 358 259 250  22 366 220  88
   403  49 110   6 114  40 217 163  97   4 395 192 157 211 352 254 380
    56 352 140 294 373 222 101]
  [  0 116  38 400 224 167  17  24 195  54   0  80 279 109 235 298 314
    76  68 165  24  92  45 277 230 171 170  88  44 190  44 196 336   3
   350 385  48 300 161 336 383]
  [  0 380 132 277 120 400 157 255 264  93 346   0 353 208 374  49 204
   137  40 340 118 277 274 162 373 385 406  30 124  56 199 397 263 104
    72   0  92   9  29 364 359]
  [  0  45 176  40 379 383  92 213  38 269 179 196   0 220 182   8 273
   124 322 271  70  86  94   4 135 255 154 154 154 189   9  63 119 133
   268 279 299 327 108 128 327]
  [  0 274 240  14 208  34 186 297  25 355 356 106  32   0 301 244 282
    11 326 275 123  66 343 362  47 233 238  46   2  14 167 169 362 272
   310  35 351 328 393 270 127]
  [  0  57 373 278 403  47 341  17 333  29 158 132  20 194   0 196 186
   328 191 193 251 334 359  39  78 284 256  17  32  50  43 266 236 201
    56   6  93 278 314 286 117]
  [  0 307 119 120 389  12 253  16 298 246 400  33 290 395 261   0  63
     4 303 366  37  36 109 172 159 107   6 395 219   5 213  35 167 141
   155 182 359  72 203 109 386]
  [  0  97 137 180 334 235 112 129  72 120  20 326 219 200 252 293   0
   168   7 143 243  83 372 293 403 350 252 343 273   4  40 398 129 408
   308 206 269  44 228 175  40]
  [  0 152 197  80   6  97  46 226  82 342 298 181 285 333 264 288   5
     0  18  54 355 147  13 163 134 220 332 115 195 405 313 211 122 124
   246 208 324 364 268  79 123]
  [  0  81 352 174  24 256 383  76  76 211 355  83 312 288 265  14 311
   284   0 385  61  67 224 253 135 292 397 258  78 141 229 228 280 245
   118 104 302 404 290 173 259]
  [  0 389 373  90 171 373  35 139  49  68 216 251 398 202  17 348 313
   215 216   0 351 267 141 249  94 207  65 185 352 146 213 225 308 372
   347 289 385 157   6  93  30]
  [  0 364 210 114 111 329  36 138 155 129 255 182 360 166 391 275 208
   367 188  59   0 315 303 267  93 257  14  90 200  19  82 379 217 262
   318  86 127 137   6  14 147]
  [  0 169 227 184 190   9  73 170  88 100  37  45 340  84 195  27 160
   241 361 275 303   0 284 161 348  68 326  79 348 309 245 396  61 114
   331 401 245 127 178  29 355]
  [  0 360 136 113 221 259  92 302  60 163 177 170 178 211 246 242 336
   265 351 245 136 276   0  44 258 118 198 146 398 233 135 235 217 406
    73 215 283 305 234 160 294]
  [  0 152  73 310 146 275  29  26 117 330  74 307  91 166 296 195 312
   274 104  90 375 284 240   0 181 178 326 252 347  52 348 238 333 385
   257 350 314 291 328 304   0]
  [  0 215  72 229 233  13 166 249  40 240 237 178  63 360 244  83 147
   138 242  26 202 176 209  47   0 148 267 392 116  44 282 199 203 308
   392  56 352 326  59 373 207]
  [  0 354  92 383 108 307 387 380 125 133 212 364  72   3 173 209   3
   205 133 201 143  96 299 386 291   0 212  89 304 375 269 384 149 275
   278 231 276 151 303 349 384]
  [  0 212  62 330 334 196 384 248 148 346   6   5  84 390 169   1 179
   392 220 123 207 308 360 382 136 289   0 117 305 284  87 366 384 168
   280   8 219 391 106 385 289]
  [  0  33  99 100  76 266 269 362  61 173 179 143 323  46 141 334 253
     9 231  35 161 261 324 362 174 243 184   0 287  68 250 324 222 112
   398 367 151 386  63 347 267]
  [  0 360 287 376 269  88 157 314 394 142 279 241 194 400 325 369 311
   181 235  51 299 121 124 387 352  83 279  95   0 119 382 206 202 130
   264 392 206 183 261  33 392]
  [  0 330 304   3  72 387 313 406 341 312 323  39   4  34 305 256 271
   312 200 219 152 262 369 213 169 180 187 277 307   0 280  53 215 284
    56 386  70 354 268 379   5]
  [  0 238  22  66  41 148 103 144 207 226 137 241 337 116  18 401 408
   164 356 116 127 309 336 250 392 183 126 268 116 393   0 360 283 191
   330  52 353  93 173 355  88]
  [  0 387 292 307 249 282 261 122  84 299 319 382 355 285 240 284  33
   350 174 245 263 258  61 269 227 287 245 292  22 118 388   0 406  43
   379 113 210 339  79   1  42]
  [  0   3 282 254 260 204  91 103 240 182 274 341 141 106 203 320  16
   261 298  15 405 270 238  41 293 196 405   5 198 187 338 340   0 236
    11  43 107   2 194  70 349]
  [  0 349 144 112 189  82 364 162 233 320 106 384 372  42 327  22  34
    62 112 148 280 388  15 407  24 156 208 158  76 238 275 353 145   0
   108  52 171 337 214  10 362]
  [  0 314 334 296 135  53 367 295 228  23 109  53 281  76 305  72 227
   327 351  19  46  60   9  18 326 364 395  93  47 342 400  47 290 294
     0 108 210 111 381  67 277]
  [  0 295 248 374  31  66 336 163 144 182  30 169 292  26  18 281 111
   242 236 170 124 324 246  93 334  72 112  19  48 257 286 386 382 398
   346   0 164 326 239 348 160]
  [  0 317  13 119 366 139 317 145 202  28 263 224  92  71 293 147  12
   247 139 120 112 259  61  17  80 313  44 313 369 225 293 268 402 270
    24 194   0 282 319  21 335]
  [  0 269 256 358 333 173  17 158 103  65   9 234 169 184 280 103 387
    35 290  49  87 195 196 237 280 333 279  76  99  99  87 274 344 140
   345  69 104   0 321 287 305]
  [  0 289 363 125 320  37  89  77 210 327  82  80  50 227  81 226 191
   403 244 197 180  54 266 370 175 187  90 176 345 385 348 102 292 243
   109 209 382 163   0 241 294]
  [  0 182 318 352 190 257 123 130 256 167 205 204  91 280 212 175 377
   131  21 166 368  24  67 162   0 246  19  58  34 248 217 336 407 404
   198 149 248 162 360   0 178]
  [  0 292  39 124 107 146  48 227 178  57 343  11 394 181 158 161 193
   105  11 256  13 181 100 367 170  84  90 180 119 135 235 407 359 227
   211  22  81 305 177  86   0]]

 [[  0 335 334 234 122  67   2 108  25 192 144  18 304 175 156 133 141
   350  46 177 229  98 124 180  71 138 176 152 186 105 168 305 281 186
   357 379 209 249  12 274 318]
  [  0   0 200 386 387 314 212 118 285 196 186 385 208 301 208 263 135
   314 111 307 301 159 235  76 339 252 387 170 241 400 405  43  25  12
   254 242 216 304 393 157 273]
  [  0 218   0 137 184 327 247   3 157   1  66 397 365 371 372 370 161
   167 262 175 300  35 234 308 239 325 116 383 133 186 270 400 382 273
    66 188 392 247 346  12 376]
  [  0 341  95   0 281  64 361 251 248 219  53  27 108 358 212  57 335
   224 271  74  30 404 154 119 162 303  21 385  84 265  38 201  14 155
   280 395  95 281 367  52  31]
  [  0 285 371  77   0 219 154  60 113 238  57 316   7  21  58  99  74
   226 310 405  21 406  21 347 197 178 346  44  40 206 194 191 333   6
   384 130  60 343 206 219 136]
  [  0 209 102 234 290   0 364 118 176  58 171 186 290  67 357 116 394
   149 281 371 156 159 105 300   8 312 210 305 343 220 210 382  56 262
   379 180 139 387 192 138 340]
  [  0  91 242 359  50 174   0 188 372  11 396  60 320  40 364 162 145
   197 366 226 356 403 342  81 128 221  56  71 302 215 314  76 388 246
   220 173  98  88 264 375  63]
  [  0  69 336 222  92  11  35   0 300 213   8 295 114 250 216 256 108
     2 207 400  66 287 188 368   0 323 234 223 212 324  60 339 106  85
   161  12 331   6 169 102 302]
  [  0 306  99 373 390  38 123 172   0 312 229 323  41 188  72 208 147
   404 230 177 352  69  22 287  74  18 149 139 219  17   4  40 174 302
   376  90  33 115 253 231 325]
  [  0 111 197 310 374 336 250 208  70   0 132 113  50 244 287 389 302
   148 168 329 135  80 153 375 232  58  95 101  15 130 210  79 250 144
   343 298   2 130 172 306 295]
  [  0 385 357   1 367 190 175 408 192 272   0  80 120 107 183 319 132
   406 228 186 147  15 303 105 210 330 250 225  32 331 401  17 202 207
   262 106 169  97   3  68 309]
  [  0  31  24 179 390 198 135 120 185 339 228   0 222 101 229 396  48
   254  44 161 203  96 216 200 269  41  37  85 361 330 167 244 325 335
    59 179 380 104 216  62 369]
  [  0 277 199 161 114 163 251  41 263  18  56 258   0 352 242 313 161
   216  95 124 242 267   9 114 318  18 341 317  94  24  28 363 133 307
   403 148 401  17  57 313 347]
  [  0 246  90  17 226 213 118 286 347 198 277 249 294   0  69  50  26
   125 191 217 363  94  33  14 149 337  60 135   7 107 202  87 177 403
   177 404 216 371  44  39 103]
  [  0 266 327 340 308 309 142  56 192 288  69 313  72 235   0  55 260
    76  23 105 163 316 247 289   5 220 334  80 154 110 151  27   4 343
   291 334  32 369  94 323 244]
  [  0 262 128 403 119  16  19  89 181 187 294 106 264 390 370   0  65
    78  90 373 232  60 381 226 195 361 163 120 104 401  21 279  52 203
    34  87 402   3 334 219 299]
  [  0  54 223 395  52 354 266 269 298 181  21 374 257  45 367 264   0
   311 295   1  40 376 195 297 390  35 165 117 227 270 141 328  42 257
    64 219 395 344 293  94 232]
  [  0 406 407  46  95 167 282 231 290  73 238 379 222 107 231 224   9
     0 143  49 272 144  99 243 143 314 245 353 404 353  74  96 324  37
     5  92  10  93  30 393 137]
  [  0 314 191  43 279  73  84 118 133 229  35 107 292  65 160 250 204
   196   0 157 135 348 355 384 160 137 137 231 222  81 312 379 111 115
   244 287 168  64 406 239 208]
  [  0 172 286 214 133 201 381   9 265 194 191 316 139 227 286 305 235
   226  34   0 288 271 395 387 320 298 351 336  82   4  10 272 343 224
   231   5  71 352 115 307  48]
  [  0 299  81 207 234 141 212 256 147 408 307 134 375 157 303 113  23
   340  25 363   0 368 101 342 150 184 292 334  31  55 302  71  75 379
   241 354 173 214  43  45 320]
  [  0  98  25 320 116 400 187 396 178 128 117  81 274 366 345 268 252
    34 398 140  92   0 103 299 218 364 204 119 361 242 347 189 392 255
   320 292 241  36  44  11  43]
  [  0 193 386 304 214  32  46 350 147   4  34 277 258 200  46 359  40
    75 138 159 181 300   0  10 285 328 217  24  97 324  38  39 392 166
   234 144 125  29 140 333  56]
  [  0  19 256 404 154 339   9 227 364 370  44 192 226 117 403 112 109
   226 154  79 132 178 217   0 156  30 121 174 319  61  91  65 281 188
    54  33  45 367 212  50 384]
  [  0 310 308 277  66 234 127 408 245 207 331 356 355  57  91 301 222
    43  38 305 155  63  47 363   0 127  33 369  40 177 273 205 150 253
    16  25 283  59 121 394 150]
  [  0 258   6 290 256  91 308 185  86 223 321 183  64  31  91 121 389
   237 284 364 114 193 170  50 161   0 228 279  74 334  81 144 203 370
   324 252 250 249 101 351  15]
  [  0 183 303 211  95 331 303  91 103 293 388  93 111 301 306  78  83
   262  63   3 335 352  63 260 224 256   0 259 205  34  25 384 188 201
   374 261 347 139 109 400 308]
  [  0 312 215 105 349 405 369 221 149 366 362 351   6  60  53 373 292
   407 246 174 258 134 363 332  60 334 347   0  37 307 142 390 313  11
   290 188 203 406 154 131 383]
  [  0 325 111 169  78 101 118 388 236 102   6 270 196 320 233 320 361
   116 245  86  46  83 144 327 113 110  48 279   0 107 404 332 280  43
   168 336 153  35  78 230 226]
  [  0 164  81  98 197 125 385 332 163 346 329 102 277 368 227 407  76
   108 321 390 248 311  44 368 143 288 268   3 101   0 368  58  36 207
   407 127 252  95 395 341 394]
  [  0 203 336 318  59 236 255  58 408 108 265 311 324 105  92 406 320
    22  18 214 157 361 182 406 310 286 124 358 110 270   0  74 190 167
   225 262 307 331 398 125 381]
  [  0 157 360 373 400 339 352  56 209 257  84 300 105 316 172  60 307
    92 305 143  35 316 155 373 239 243 181  91 393 317 156   0 372  59
   313 266 286 276 213 353 345]
  [  0 390  33  87  66 130  69 248 232  18 354 204  78 112 361 407  57
   166 293   3  47 315 376  20  79 198  22 277 342 181  25  84   0 339
   363 219 138 284  17  95 148]
  [  0 383 386 132 330 341  55 342  76 161 323 335 289 200 122  45 116
   269 118 221 379   7 260 345 335 406 209 212 186 185 162 268 402   0
    53 151 138  66  88  71 328]
  [  0 131 358 331 263 393 140 199 325 174 196 258 266 299   1 211 192
   168 296 298 181 379 182 137 116 246 249 136 181 178  41 217 147 223
     0 320 388 233 292  22  66]
  [  0 270 336  77 213 400 166   3 337 354 105 229 122 143 300 382 141
   166  14 228 306 383 125 166 209 247 395  86 383  11 133 260 339 105
   103   0 251  28 153   7 380]
  [  0 313 405 370  63 367 220 201 291 215  60 231 106 404 337 174  69
   221 192 168  47 221 189 170  59  42 134 298 363 130 162  30 405 396
   181 280   0 288 291 221 115]
  [  0 392 261 408 171 186 106  57   1 191 236 106 165 365 390 350 289
   166 152  17 312 300 209 114 135 335 386   1 351 190 135 365 296 290
   114 364 257   0 196 236 338]
  [  0 129 288 255  34 369  83 184  72 194 286 201 400  16  21 291 376
    22  33 253 300  20 127 216 253 406 314 403  41  49 270  81  63 221
   372 247 162  40   0  16 398]
  [  0 142  96 205 330  70  44 124 266  21  20 229 263 240 321 290 188
   385 170 176 269 136 150 129 179  58 314 358 333 238 137 375 269 296
   200 338 254  47 277   0 350]
  [  0  77 393 370  61  76 289  81  45 277 344 183 357 394 356 317 385
   138 211 392 144 156 364 184 383 259   4  37 340 383 235 162 259  28
    51 117 353  88 329  39   0]]

 [[  0 137 269 266 290 377 241  41 387 101  17  14 375  69 122 239 373
   346  29 294 251 308  32 309 234 364 334 370 251 150 229  83 236  96
   151 234   7   1 262  67  47]
  [  0   0 230 151 187 398 181 342 220 299  59  76 116 372 224 365 250
   156 227 199 297  10  59 232 325 328 300  42  77 228 123 117  70 294
   242 385 299 142 121 169 317]
  [  0  87   0   0 177 137  98  82 356 395  84 180 249  71 189 322 388
   146  45 364 134 198 336 397 376 297  36 290 171 217 278 176 366   3
    72 271 130 228  73 230 120]
  [  0   6 335   0  17 129  57 362 389 260 186 348 107  15  85 207 110
   244 373 249 323 227 381 288  68 185 158 191  61 119 167  19 385 298
    88  28 101 356 230 348 341]
  [  0 354  72 274   0 401 168  69  90  17  81 279 265 266 116 398 161
   115 340 328 381  36 394 286  17  94 281 370 287 106 371 315   3 138
   221  93  79 298 338  85 173]
  [  0 388 319 175  13   0 345  98 392 118 263 203 161  13 242  54 142
   282  13 264 185 358 385 221 127 314 202 349  95 280  39 279 201 223
   247 261  75 194 148 396 184]
  [  0 386 215  74  36  18   0   4 144  74  15 407 329 287 386 377 132
   121  39 208 102 221 257 137 135 256  11 238 329 144  18 251 248 232
   358 161 248  37 295  77 370]
  [  0 374 269  83 308 401  60   0 375 382 254  89  90 323 303 137  24
   173 175  30 299  99 233 278 150 306  22 370 217 316 326 352 375 382
   331 368 127 300 145 398  99]
  [  0 387 243 327 326 280  20 193   0 210 345 330  18  83 104  23 193
   233 330 287  12 109   2 178 247 256 303 183 397 251  12 186  52 273
    89 121 265 298  86 345 332]
  [  0 193  99 253 103 341 302 283 136   0 180 164 209 246 396 352 160
   293 317 153 300 408 385 381  24 335 198 206 230 265 356 276  75 173
   179 117  49 296 149 244 400]
  [  0 341 383 366 194  72 139 399  63 153   0 383 402  74  40 228 158
   291 279  57 140 285   5  47 180 386 348 237 114 191 131   6  44 351
    70 321 208  58 363 335  33]
  [  0 146 251  26 289 183 323 299 314 346 162   0  56 230 372  74 327
   336 342 204 192 330 372 217 371 195 330 345 124 178 396  63 374 362
   149   7  61 212 368  26 107]
  [  0 238 152  74  61 105 356 274  84 330 222 196   0 126 185 122 263
   110 377 304 359 150 249 303 403 252 189 147 275  63  61  83 100 108
   245 301  46  64 172  11 295]
  [  0 308 208  17   2 196 347  32 123 114 339 236  69   0 330 333 269
   403  25 145  91 155 135 271 194 306 364 225  33 195  14 368 367  88
   109 228  70 262 256  80 173]
  [  0 231 317  63 302 342 241 329 271 248   9 209 405 285   0 282 249
   354 393 213 218 397 154 373 260 134 177 307  49 358 322 140 244  87
   386 335  14 142  43 173 256]
  [  0 276 371  28 405 253  76 122 133 194  82 298 359 254  76   0 158
    14 351  28 109  13 343 363 232 287 357 231 330 268 366 233 395   2
    50  14 259 391 209 113 120]
  [  0 340 382 362   0 304 116  38  28   3 114  63 153  80 133 363   0
   156 106 130 287 363  47 359  22  68 357 309 210 330 364 183  23 356
   189 282 395 166 318  12 114]
  [  0  11 104 256 405 140 262 243 316 212 127 174 209  99  38 326 335
     0 237 331 190 203 271 173  37  66 225 235 391 109 123  23 217  26
   278 348 123 394 227 367  45]
  [  0 392 408 174 178 394 121 163 317 407 201  64 196 374 109 105  53
    67   0 396 282 324 151 359 306 247 345  88 238   8  69  82  15 255
    44 387 351 117 132 128  76]
  [  0 145 200 336 158 213 275 158 209 398 186 219 100   3  50 103   0
   331 266   0 109 326  91  37 321 253  40 298  59 363 210 276 385 144
   354 340 351 203 310  53 320]
  [  0 348 407 278  30  69 377 136 305  34 238 131  60 186 182 391  38
   210 125  40   0 270  60 326  38 343 185 174 146  42 408 161 401 142
   139 282  71  36  27 154 232]
  [  0 151  61  43  48 276 263  72 312  88 121 347 104 401 320 286  34
   297  89 143  68   0 174   9  63  45 286 291 373  89 286  46 236 253
   335 380 165  29  64 160 358]
  [  0 116 301 143 129   3 132 278 165 177 191 236  75 219  66 343   2
   119  90 210  47 245   0  74 309  80 322 159 290 272 328 365 400  14
    37 156  71 108 205  25 383]
  [  0  87 364 186 199 320 307 148  72 386 104 234 280 260 203  72 224
   197 144 169 132 182 365   0  90 186 298 393 300 263 300 279 111 214
   394 144   2 248 278  37  83]
  [  0  50  38 380 167 231 355  97 255 137  18 211 237 293 222   1  42
   143 232  39 359 259 391  54   0 242 167 166  78 191 100 267  72 102
   156 395  28  57  87 114  87]
  [  0  10 215 334 335 403  92 276 220 212 274 303 146 257 121 152 132
    76 165 268  32  58 313  98 359   0 392 136 305 235 241 156  62  46
   240 407  81 309 199 383  77]
  [  0  42  21 304 385 287 130 239 303 393 373 213  44  66 347  81 178
    26   1 400   5 208 242  33 399  27   0 218 121  19  19 135 312 251
   375 339 109 291 367 282 280]
  [  0 210 108 136 404   7 143  54  30 157 220 262  10  23 155 258 354
   293  80 199 304 288 314 404 260 224 349   0  80 390 201 212 382 314
   192 186 317  19 248 197 352]
  [  0 126 344  85  98 387 348 373 383 185   8 389  52 291 224 227  91
   274 246 108 283 176 266 288  74 138 298 374   0 273 395 205  50  30
   213 263  21  67 392 376  72]
  [  0 388 165   7 300  53 372 168 256 362  33 262 371 303 250 331 259
   400  10  56 362  80  48 352 210 237 238 343 298   0  20 182  30 212
    31 131 317 382  14 206 311]
  [  0 372  47  90 239 188  29 219 306 279 217  84  13 348 396 343  27
   179 269 150  56 347   7 365 255  65 290 285  91 265   0 145  15  19
    70 341 222 240 371 232 391]
  [  0 264 333 329   7 311 317 126 286 188 314 392  36  67 380  35 224
   245 204 290  41 111 189 377 400   4 127 181 167  96 239   0 332 336
   123 195 238  82 328  10 404]
  [  0 371 125 349 189 270  71 117 107 149  18  20 369 179 240 270 182
   322 283  52 396 108 249 356 171  68 109 287 138 155 185 397   0 347
   300 110 404 388   9 199 310]
  [  0  45 279 312 407 212 316 161  66 241  74 396 248 233 117  12 273
   389  29 140 284 198 128 234 262  91 281  30 235 244 361 272 306   0
    92 232  69  97 190  81 249]
  [  0   4  25   8 286 386 252  17 270 100 260 190 156  94  21 191 230
   282 187  99   0 150 256   8  55 393 154 119 376 213 114 231 121   4
     0 327 370 248  81 404  97]
  [  0 273  64 277 382 335  79 251 245 352  88 330  68   1 212 145 142
    72 163 268 167  68 336  68 242  38 237  27 345 363 214 123 106 196
   132   0  66 228 180 171 116]
  [  0 160 243 306 352  83   6 148  92 243  55  17 214 292 340 148   1
   203 336 241  54 349  90 191 404 106 350 103 403  56 377 206 129 391
   308  25   0  39 284   9  49]
  [  0  26 383 124 404 405 189 336 199 345 280 399 374 338 375 391 271
   342 102  91  96 193 376 266   6 255 403 218 227 272 381 173 310  79
   103  26  18   0 134 207 403]
  [  0  40  21 156 251 174 217 395  71 263 390 371 111 338  62 195 131
   128 287   3  51  66 269  47 254 273 170 221  45  94 304 112  92  82
   123  88  57 291   0 263   0]
  [  0 402 116  78 120 230 327 310 359 328  74 218 338 381 194  18 377
   110 245 211 407  40 266   5 379 258 218 186 254  42 230 293 202 321
    17  63  44 171 183   0 291]
  [  0  11 236 186  12 355 325 322 163  97  51   7 163 146 403  98 379
    81 275  78 266  43 174 171 165 358 304  94  43  80   9  77 108  86
    44 402 388 126 244  87   0]]

 [[  0 333 134 143 383 133 257  76   1  99 103 281  94 345 274  43 382
   107 397  37 168 104 389 386 296 252 214 240  74 342  86  95  48 157
   300 360 318 233  60 310 155]
  [  0   0   7 329 316 198 327 241 408 378 160  83 259  22 321 380   1
    39  45 266  71 177 138  39 304  51 115 339  78 308 385 184 169 215
    15  95  74 105 271 102 111]
  [  0 407   0 166 304 224 138  13 224 175  80 137 147  42 303 125 240
   158  52 100  23 378 313 296 149 122 250 159 239  11  81 236 374 121
   278 137 102  46 141 126 236]
  [  0 374 210   0 360  46  69  64 162 294 273 137 398  51 322 127 325
    96 266 324 188 338   6 131 304 313 251 362 227 108 408  23 369 398
   105  89 301 265 318 105 198]
  [  0 238 390 280   0 405 139  51  43 137 155 194  93 113 195 317 333
   269 257 157  77 209 263 356  52  94 386 370 299  42 215  34 114 297
   261 223  89 370 127 261 231]
  [  0 136 300   4 396   0 264 181 225 385 400 364  50 310 392  41 120
    13 228 347 210 106 195 375 289  83  54  28 288 278 341 384 234 392
   187 406  18 241 159 260  13]
  [  0 356 135 170 197 387   0  49 204 194  53 395 110  74  77 121 171
   393 391 171  91 233 316 403 216  17 108 158 384 345 362 190 129  47
   364 299 370 128 116 326  39]
  [  0 162  55  69   0 297 240   0 344 327 370  43 361 337  92 387 190
   166  96 299 208 328  80 375 179 190 334 259 276 202 186 107 391 335
   273 242  75 282 407 318 352]
  [  0 270 277 259 257 183 187 267   0  88 329 220  78  77 330 203 395
   388 231  37 186   4 206 173 342 332  73  51 238 383  13  14 117 389
   289  62 103 264 266 128 357]
  [  0 281 266  80 237  13  12 245  27   0  62 355 196   3 320 330  14
   283 255 215 257 365 314 337 103 192  34 134  54 204 404  55 144 390
    16 275 200  69  74 335 165]
  [  0 193 371  59  11 128  65 132 120  26   0 102  83 151 214 177 355
    72 266  69 153 246  39 270 354  48 345 387  13 246 100 355 366 100
   403 363 295 292 233 386   9]
  [  0  56 161 184  74   7 219 124 272 123 304   0 174 271  16  83 305
   275  87   7  56 371   3  43 264  40 307  78 259 160 394  92 322  57
    32 372  20 244  16 148  74]
  [  0 375 254 217 250 133 342 344 232 240 283  43   0 126 142  13 173
   110 107  28 348  80 137 163 372 332 158  30 161 119 196 250 286 394
    55 100 231   7   7 283 226]
  [  0  62 282 214 182 369 251 360  81  77 212 177 326   0  97 358 166
   194  79 177  18 197 387  35 105 308 189 333  93 324 125  21 234 115
   212 288 110 229  18 340  56]
  [  0 216 235 212 340  48 103 199 360 178 396 408 244  74   0 210 250
   252 126  95 122 347 122 174 361  87 153 161 319 304 106 220  47 324
   283 259 327  75  75 113 378]
  [  0 226 288 182 282 167 269 367 330 127 317 105 289 325 370   0 337
   275  14 127 159 192 256 166 152  21 208 111 228 381 294 333 322  44
   112 263  73 229  71 183 396]
  [  0 219 117 341 367 179  67 357 361 126  53 272 373 388  60 125   0
   394  76 390 284 361  43  96 301 297  27 338 270 174  45 170  24 385
     5 177 140 335 173 279 326]
  [  0 280 362  35 383  82  68 335 331 302 241 148 314 183 177 331 144
     0 104 173 341 187 321  85 317 314 294 122 221 188 111 178  77 301
   394 281 366 322  74 127 235]
  [  0 407 317 392  14  54  85 128 398 247  41 117 250 228 238 251 369
   109   0 314 215 250 256 229 272 265 307   1 295 160 309 308 177 303
   317 140 279 115 120 249 110]
  [  0 408 246 220 149 327  31 224  32 313 209 367 349 112 262 114 406
   314 224   0   4  13 335  30 291 306  61 238  36  62 384 317  43 109
   318 229 379 159 110 287  88]
  [  0 383  54  42 404 218 318 216 252 253 188   4   3 168 292 270 258
    91 282 383   0  68  14 272 250 134 104 168 223  69 327  65 116 206
   173  16 204 162   9 197 407]
  [  0  31 150 325 252  82 386  75  86 153 311 296 170 127 273 200 109
   283 346 245 306   0 371 347  81  98 276 185 250 146 113  34  93 242
   255 164 380  69 104 385 176]
  [  0 297  26  50  49 273 117 163 221 346 268 158 217 207 304  20 377
   355 166 331  39  35   0  62  81 122 101 321 375 156 368  34 183 351
   348 172 143 356 171 207 389]
  [  0 163 177 126 372 319 342 395  72 396 228 322 136   2 241 403 349
   156 185 122 277  36  93   0 176 212 249 403  15  14 193  87 311 108
   403 206 400 388  61 270  47]
  [  0  20 160 110 218 210 362 201 383 272  82 328 352 201 277 284 126
    18  47 148 242 255 162 296   0 299 386 145  15 172 238 313 301 132
   117 237  31  99  60 236   9]
  [  0 289 282 222 283  78  67 224 329  90 312 342 281 259  78 226 161
    61 287 357 247  37 286 175 167   0 363 247  71 131  63  25 140 238
   168 126 271 270 189  68  11]
  [  0 117 187 226 360 339 406 135  43 144 339 371 311 209 264 361 403
   382 219 123 350  64 235 321 174 262   0 369 176  45 143 106 202  30
   178 195 153  40 219 233 178]
  [  0 264 139 104  67 228 281 352  39 371 355 226 247 260 345 154 354
   376   1 141 290 190 102 179  37 281  29   0 283 234 269 178 242 135
   267 104 258 296  19 251  56]
  [  0  90 370 130  11 176 218 259   2 286 195  34  73 261 287 139  83
    58  81 151  71 209 230  85 143 178 324  96   0 283 368  47 139 203
   384 160 256 322  35 338  78]
  [  0 254 380 254  77 162 108 142  32 146 122 173 243 133 404  47  21
   176 192 365 380  11  65 231 136  25 383 192 381   0 340  97 306 141
   249 238  73 388 320 351 305]
  [  0  94 340  53 405  97 254 186  70 294 366 202 310  40 292 164 163
   273 330 225 221  73 272 226 303 135  64 407 378  63   0 186 161  29
   134 118 146 135 378 160 214]
  [  0 220 226  56 357 365  34  79   1 200  63 232 115 399 291 327  89
   290  67 345 189 329  34  67 142  70 398 373 292  60 232   0 110 337
   334 408  36 387 297 138 113]
  [  0   3 398 351 300 100 371  28 186 377 253 214 391 399 201  65  94
   349 185 234 341  31 341 353 231  41  45 233 383 142   5 261   0 158
   391 262 110 289 194  95 378]
  [  0 169 321 186 314 225 156 112 216 219  28 158 382 361 407 294 224
   256  68 230 283 210 249 246 194 220 348 231 394 167 298   3 311   0
   215  87 301  40 370  39  28]
  [  0  80 123 397  50 212 166 211 398 403 385 297 102 364 366  70 161
   351 194  36  94 294 215 393 364  17 343 198  57 193  42  66 134 232
     0 323 130 310  75 162 257]
  [  0 356 157 177 203 398 192 121 407  95 333 379 385 302 359 341 179
   315 156 189 114 300  40 290 124 268 325 198 381 203 356 112 367 385
   404   0  12 109 274 329   5]
  [  0 348 404  37 103 182 208 192 152 400 285 242 371 250  55  50 105
   362 159  13 395 245  16 306 370 110 337 404 351  69 102 388 120   1
   333  93   0 152 358 257  88]
  [  0 224 139 390  70 300 398 356  36 320 110  43 406 399  92 179 282
   304  14 274 231 296 343  12  63 128  91 186   6  80  11  27 279 326
   395 101 202   0 373 298 165]
  [  0 172  73 192 310 242 326  48 365 355 300 364 338  54   2 176 282
   130 281  58  77 199 202  52 362 237 139  87 268 184  49  92 387 254
   316 240 113  37   0 243 238]
  [  0 392  27 276 246 406 363 376 170 148  83 395   7 129 250  44  80
   302 114 316 155  19  27 238 196 146   2 113 210 179 294 278 226 155
   256 313 341 276   0   0 164]
  [  0  16 360 352 319  53   6 169 109 287 137 290 272 276 193   2  25
    98 118 269  69 108 166 274  13 103 284  64 146 225 293 107  57 313
   352 180   2  44  70 192   0]]]
release_time
[  0   8 308   5  17   3  71  29   0   9  52  40  82 784  46   4  26 105
 103  26  27  16   3 109  53   1   3  18  61  16  68  43  59  38  26 118
 717   1  55  35  26]
due_date
[  0  20 869  17  19  43  82  95   0  17  58 114  83 830  59 125  36 194
 106  32  53 118  16 110 103   5  33  58 103  17 121  50  97  71  37 122
 914   1 125  52  49]
unit_emission
[6 8 6 9 9]
emission_limit
20108.0
setup_severity
2.0
due_tight
0.9
due_range
1.0
release_tight
10
degree_constr
0.2
