param: 
proc_time: (1, 100)
setup_rate: 1.0
setup_time: (30, 60)
delivery_time: (170, 200)

mach
8
job_rate
5
fam
5
setup_rate
1.0
proc_time
[[  0  16   3  21  34   5  92  25  94  35   9  25  71  42  79   7  74  61
   48  93  49  36  13   6  48  67  23  48  82  46  46  22  83  11  82  74
   74  92  57  30  73]
 [  0   4  31  92  49  15  55  99  17  87  33  53  91  95  56  99  56  84
   93  61  48  41  62  68  78   2  12  64  40  21  82  60  32  11  10  29
   45  95  30  73  67]
 [  0  27  46  36  23  40  84  58  21  70  43  16  64  92  29  81  26  62
   99  40   8  92  71  94  28   7  85  81  87  13  59  51  67  39  42  20
   50  61  74  44  81]
 [  0  53  55  38  73  15  34  92  26  86   1  41  15   6 100  42  68  88
   29  40  62  98  38  53  80  29  92  77  60  73  53  67  63  60  90  81
   91  95  97  40  78]
 [  0  11  65   9  38  12  35  69  18  92  12  77  37  67  25  75   9  10
   44  60  91  52  98  35  61  54  43  85  21  28  75  53  77  17   1  27
   44  83  59  29   3]
 [  0  82  86  87  40  98  40  51  57  49  37  77  70   3  30  66  26  10
   44  59  64  88  17  91  85  19  71  68  45  20  27  88  18  83  79  96
   58   7  76  96  42]
 [  0  65  36  19  22  38  91   9   3  93  75  63   6  25  75  69  52  26
   29  79  96  13  17  57  34  68  64  25   7  39  58   6  66  33  75  58
   98  21  92  46  23]
 [  0  96  34  49  52  88  74  87  63  58  17  84   4  47  17  14  13  79
   28  56  17  84  18  70  48  53  88  72  17  49  64  69  82   2  30   4
   53  14  38  74  28]]
setup_time
[[[ 0 40 48 51 35 57]
  [ 0  0 31 55 60 31]
  [ 0 52  0 44 35 42]
  [ 0 36 36  0 53 55]
  [ 0 60 34 46  0 53]
  [ 0 44 39 56 60  0]]

 [[ 0 59 50 35 44 39]
  [ 0  0 60 49 60 53]
  [ 0 42  0 59 52 42]
  [ 0 60 36  0 55 46]
  [ 0 42 58 34  0 32]
  [ 0 55 50 39 38  0]]

 [[ 0 59 32 31 42 40]
  [ 0  0 51 49 51 54]
  [ 0 33  0 44 37 40]
  [ 0 54 41  0 40 47]
  [ 0 44 35 42  0 55]
  [ 0 30 38 58 56  0]]

 [[ 0 54 54 43 47 41]
  [ 0  0 53 44 56 60]
  [ 0 32  0 51 54 58]
  [ 0 41 46  0 58 59]
  [ 0 56 38 54  0 48]
  [ 0 31 46 54 33  0]]

 [[ 0 32 31 40 59 52]
  [ 0  0 44 60 58 46]
  [ 0 52  0 37 35 58]
  [ 0 38 39  0 41 47]
  [ 0 50 48 60  0 35]
  [ 0 36 35 60 60  0]]

 [[ 0 33 47 54 46 55]
  [ 0  0 42 55 31 59]
  [ 0 47  0 55 35 39]
  [ 0 33 55  0 30 39]
  [ 0 45 47 33  0 49]
  [ 0 37 30 37 49  0]]

 [[ 0 60 57 39 50 60]
  [ 0  0 30 47 54 59]
  [ 0 33  0 58 49 46]
  [ 0 45 46  0 60 55]
  [ 0 44 59 46  0 38]
  [ 0 38 36 37 45  0]]

 [[ 0 48 40 56 58 43]
  [ 0  0 52 53 42 32]
  [ 0 53  0 57 41 33]
  [ 0 47 60  0 34 38]
  [ 0 43 47 37  0 46]
  [ 0 33 49 56 56  0]]]
delivery_time
[[  0 170 189 180 178 182 181 187 192 190 193 199 176 178 188 175 183 185
  200 174 177 170 200 183 193 189 184 184 188 175 174 194 183 178 186 173
  199 172 199 200 182]
 [  0 193 187 181 174 175 176 170 193 175 193 192 180 186 188 170 197 194
  195 183 188 184 170 176 170 179 197 196 192 190 170 192 196 180 175 196
  197 197 189 189 183]
 [  0 183 171 176 181 200 188 198 174 170 176 171 181 188 177 171 182 193
  183 190 183 171 189 180 172 185 197 199 178 195 187 198 200 171 200 177
  183 183 190 172 197]
 [  0 175 183 178 174 187 177 189 185 195 195 174 185 173 200 178 175 190
  174 189 172 200 185 172 179 196 185 194 171 199 183 199 194 193 184 180
  171 176 196 199 187]
 [  0 171 200 187 198 196 180 190 176 188 183 195 183 175 199 187 193 177
  175 182 198 175 196 181 192 182 199 187 176 188 183 185 187 183 183 192
  200 171 198 181 192]
 [  0 170 195 171 186 177 175 181 173 189 175 199 187 179 185 180 174 196
  177 175 185 174 191 200 192 174 170 197 174 186 194 186 173 180 184 185
  178 197 172 175 183]
 [  0 188 198 195 185 180 183 176 200 178 182 186 199 195 197 195 177 192
  195 198 176 199 195 177 194 195 198 182 192 198 193 198 184 187 174 188
  181 192 198 178 197]
 [  0 173 175 189 188 175 190 177 189 183 189 170 170 186 187 190 172 195
  194 181 174 185 173 188 193 198 194 177 176 197 179 184 174 171 196 195
  200 200 195 190 183]]
job2fam
[[1 0 0 0 0 0 0 0 0 0 0 0 0 0 0 0 0 0 0 0 0 0 0 0 0 0 0 0 0 0 0 0 0 0 0 0
  0 0 0 0 0]
 [0 0 0 0 0 0 0 0 0 0 0 0 0 0 1 0 0 0 0 0 1 0 0 0 0 1 0 1 0 0 0 0 0 0 0 1
  0 1 0 0 0]
 [0 0 1 0 0 0 1 0 0 0 0 0 0 1 0 0 0 0 0 0 0 1 0 0 0 0 0 0 0 0 0 0 0 0 1 0
  1 0 0 0 0]
 [0 0 0 1 0 0 0 1 0 0 0 0 1 0 0 0 1 1 1 0 0 0 0 1 0 0 0 0 0 0 0 0 0 1 0 0
  0 0 0 0 1]
 [0 1 0 0 0 1 0 0 0 0 1 0 0 0 0 1 0 0 0 0 0 0 0 0 1 0 0 0 0 0 0 0 0 0 0 0
  0 0 0 0 0]
 [0 0 0 0 1 0 0 0 1 1 0 1 0 0 0 0 0 0 0 1 0 0 1 0 0 0 1 0 1 1 1 1 1 0 0 0
  0 0 1 1 0]]
unit_cost
[11 12 17 11 17 15 11 16]
pre_factor
2.0
