mach
5
job_rate
8
weight
[ 0  7  1  3  3  8  8 10  2  2  5  5  1  8  7  8  2  5 10  2  9 10 10  8
  8  1 10  9  5  7  9  5  6  6  2  8 10  8  5  6  2]
proc_time
[[  0  78 118  82  91 119  93  96 126 146 126  95  85  63  89  82 150 141
  139 119  56  70 132  95  52  72 102  80  95 147 130  50 109 114 125 114
   57 105  78  52  92]
 [  0  56 105  81 115 115  96 134  60 147 115 100  72 123  82  73  99  57
  146 100 108  63 134 145  56  58 109  96  57 113  89  54  70  69  69 101
   89 100  61  93 139]
 [  0 134 117 113 123 122  88  53  81  94 150 118 104  72  72  68 133  83
   86  87  78  76 109 108 112 148 117  73  77  64 119  51  58  71  59  85
  126  96  55  85 134]
 [  0  51 120 109  84  94 148 137  67 106 104  64 137  66  83 119  70 109
   60 135 131  97 136  73 143  87  67 143  56 121  68 146 141  60 139 117
   98 131 109  97  75]
 [  0 130 114 145  72  52  73 123 128 128 136  87  71 126  55 125 111 100
  102  64 148 132  68  96  82 139 129  58  96 149  99  79 136 142 139  57
  116  71 130  54 143]]
setup_time
[[[  0 168 310 204 246 223 249  63 357 205  15 340 340 155 272 258 195
   302 207 355  72 310 336 256  52 241 305  43 167  79  59 138 266 233
   328 240  14 349  20 189 188]
  [  0   0  87  25  97 260 139 364 311 108  91  96 115  58 254   1 213
   106 201 286 380 261  87 157 167 241 240 141  15 321 243 133 132  99
    95 370   7 335 220 132 236]
  [  0 328   0 284  47 140 286 268 224 217 249 208 244 280  75 256  13
   287 319 241  73 196 240  87 320 172 290 214 245 146 257 316 304  47
   150  33 368 123 319 200 358]
  [  0  77 112   0 194 133 191 177 253 376 324  10 318 237 130 195  60
    93 140  71 100  16 264 130 365 231  86 239 122 137 163 330 303 246
   187 316 303 243  98 392  38]
  [  0 248 352  48   0 113 117 355   4 161  70  89 391 157 244 272  57
   122 341 100 256 289 269 135 345 218 331 237 351 169 231 304  95  99
   113 199 190 337 109 152 158]
  [  0  96 113  71 308   0 236 151 170 352  92 392  34 214 256 130 237
   364 386  56 131   9 264 128 375 262 289   1 174 385  24 397   3 224
   127 147 176 217 272 108 181]
  [  0 210  13 258 373 100   0  42 153 302 281 148 150 205  39 357 111
    95  14 273 369 162 182  65 369 371  40 183  55 332 252 332 307 271
   353  20 178 252 122 123  59]
  [  0  89  53  27 393  49 146   0  72 281  57 108  97 226 376 193 199
   216 336 186 214 252 303  86 358  28 162  88  55 105  71 173 284 218
   324 114 226 256  38 188   0]
  [  0   7 244 159 280 294 250 124   0 163 211 379 245  36 386 173 313
    12 342 371 313 273 328  37 135 164 344  23 138 331 200 158 252 228
   294 363 344 309  34 367 358]
  [  0 225  49 392 371  10  88 350 379   0 116 173 214  34  83 116  77
   141 349 248 183 160 274 386 209 230 145  36 380 108 382 260  54  79
   394 209 266  96 284   0 311]
  [  0 327  29  74 380 319 356 331 391  48   0 282 126 128  70 280 110
   188 365  26 119 324  10 294  89 115 119 156 258  16 387 344 218 259
   118  16 204 342 130 306 142]
  [  0 158 288 134  43 195 279 136 111 266  20   0 121 185  68   5 356
   270 306 272 106 302 241 215  74 322 319  96 131 171 397 332 382 102
   313 220  14 257  51 330  93]
  [  0  53 146  31 266 141   7 110 131 297  31   5   0 200  45 335 279
   207 134 100 300 368  26 321  47   3 349 154 375 213 246 258  30 103
    81 243  90 120 339 377 269]
  [  0 286  88 100 366 335 380 269 116 192 275 122  81   0 293 388 269
   348  68 145 316  24 172 140 119  83 242 185   1 329 248 260 298 204
   285 341 326 179 119 341 333]
  [  0  44 298  16 232 106 216  89 283 267 362 115 244 208   0 195 187
   336   7 124 321 167 281 208 395 110 369 283  70 339  60 353 313 102
   279 207 163  91 152 361 160]
  [  0 128 169 354 353 207 152  93 201 361 297   7 394 158 240   0  18
     7 246 100 374  26 213 213   8 148 181 222  48  57 254 110 177 330
   168 327  61 157 260 309 262]
  [  0  58 130  92 335 224  11 210 126 358 213 228 267 377 143 378   0
   339 270 269   6 257 374 322 329  72  10  33  17  89 153 389 127  62
   215 105 153 103  93 236  73]
  [  0 385 183 243 344 289 268  85 182 131 109 376 155  77 387 201  16
     0 190 126  37 313 299 271  82 135 206  79 298 284 227  91 367 159
   328 219 320 195 116 292 187]
  [  0 316 281 293 295  11 210 205 371 213 324 203  66  81 346  48  13
   221   0 365 180 288 310 102 336 346 376 228 128 357 222 199  58  32
   322 210 111 276 282 218 283]
  [  0 302 274 392 356 128 239  45 155 322 291 378 200  37 105  57  78
   108 395   0 189  29 198 173 245  64 296 371 232 220  19 285 396   6
   172 366 279 356 156 293 395]
  [  0 219 361 374  52  77 304 332 350  30 266 240 142 386 148 226 112
   271  69 191   0   6 385 172 395 397 394 396 167 267 347 222 154 284
   147 181 248 379 170 144 189]
  [  0  78 131 108 134 380 340 380 292  25  85 284  10  17 381  56 264
    32 394  96 333   0 298 241  17 210  60 109   3  11 275 222 179 188
    89 347 313  12  42 217  26]
  [  0 182 128 171 374 168  36 343 108 369 235  62 382  62 246 256 240
   117 276 119 364  17   0 307 375 179 105 260  89 311 202 258 178 160
    82 233 197  66 291 184 274]
  [  0 286  92 176 239 222  83  31 136  49 281 210  43 233 341 280 152
    22 328 307 251 318 228   0 352 152  38 357 300 304 397 140  42 198
   261 336 293 131 310  90  98]
  [  0 286 380  21 247  43 296  42 329 107  65 150  15 116 339 327  66
    50 278 136 147 113 238 132   0   2 201  70 324  85  55 284 378 237
   251  42 344  60  17  15 311]
  [  0 194 100 248 217  51 254 285 343 129 316 251 252  75 121  42  62
    28 268 166 257 364 379 273 172   0  26 242 354  33  59 297 276 246
    27 262  29 326 143 228 324]
  [  0  34 259 233 379 379  73 318  31 238 286 171 372 237 185 389  69
   151 160 345 226 128 190 113  94 297   0 268 271 392  44 203 380  22
   160 279 277  88 167 259 362]
  [  0 238 115 355 163  12 176 102 321 322 360 120 357 254  99 138 253
   221  52 354 287 152 150 396 308  47  92   0  76  42 378 286 318  82
   143 232 134 125  93 199  29]
  [  0 348 275 285  94  43 201 378 134 274 228 345 249 244 372 194 389
   310  21 279 239  85  26 259 391 348  78 321   0  28 241  75 377 269
     9 189  84  54 362  90 347]
  [  0 226 240  31  37  26 311 297 391 375  35 290 249 385  22 170  26
    99 226  43 384  13 213 377 326 191 361 372 192   0 101 381 171 100
   121  46 388 150 335 217 320]
  [  0  63 185 123  67 331 195   5  19 302 201 290  66  31 359  11 102
    14 292 357 160 198 198 318 297 319 167  68  93  90   0  78  85  26
    16 139  20 310 100 133 253]
  [  0  81 371 261 150   8 390  35  73 165  23 267 350  33 374 129 101
   136 101  60 143 104  33 393 192 212 291  47  26 226 296   0 102   1
   248 227  19 222 343 364  47]
  [  0  31 256 125 230 225 290 351  18 345 273   6 119 253  46 175 392
   260 180 165 397 225  42 396  22 130 292  67 161  61 199  90   0 147
   246 269 148 289 331 382 298]
  [  0 105 208  45 371 234   6 211 204 138 190 150  37  20 217 163 364
   218 309  29 233 339 274 113 289 375 279 247 130 143 337 367 357   0
     0  96 325 325  52 271 252]
  [  0 247  95 380 366 206 172 206 319 267 241 367 389  90 141  97 118
   120 119 360 382 107  58  44 134  36 267 186 321  83  10 273 186 244
     0 395  94 245 286 258  70]
  [  0 173 255 308  88 313 280 278  58 154 306 142 294 280 298 328  95
   142 151 220  50 170 316  95  22 110 357 274 111  98 203  88 217 237
   283   0 279 164  33 391 144]
  [  0 387 269 179 165 174 273 162 188 111 206 185 201 324 124 379 227
   151 102 172  40 297 147 131 353  92  28 195 151 277 283 309 263 226
    78 119   0 300 182 375 324]
  [  0  36 135 187 224 260 323 208 250 353  47 355  65   1 291 199 249
   348 353 308 364 123 270 296 379 351 128  67 281 119  66  19 169 358
   215  41 322   0 358 151 233]
  [  0   5 251  50 267 224 365 133  75 315  56 115 368 281 182  78 109
   215 186 304 359 308  85 222 332 361  12 268 325  77 138 139  85 154
   212 396 121 333   0 290 343]
  [  0 205  94 252 121  15  50 332 121 188 313 160  26 359 216 191 241
   360 190 388 283  28  75 363 135 176 232 174 360 314  38  28 363 285
   345  48  98 395 393   0 188]
  [  0 107 177 272  89 172 151 391 218  75 330 124 389  89  72  15 366
   299 346 157  38 229 156 126 213 217  45  22 162 387 205 178   2 267
   261 281 309   2  91  90   0]]

 [[  0 235 239 321 142 176 180 297 259 212 376  59 194 268 270 344 236
    58 257  78 284 235  87 216 300   8 344 220  65 354  50 149 345 296
   124 259 182 149  56  52  15]
  [  0   0  51 153 291 135  10 378 143 314 217  55  13   5 301 160 120
    55 390 244  11  26 239  74 122 354  81  41  31 220 217 395 184  45
   267 140 115 211 215 299 187]
  [  0  17   0 253 221 284 146 220 168 112 345 198 242 230 342 132 288
   254 160 263 254 378 109  49 393 355 242 223 118 172 107  15 308 363
   190 174 282   3  50 104  24]
  [  0 333 101   0 245 389 267 248 288 335 291 341 342 251 396 103 174
   114 345  44 305 198 379 111  11 177 176 249   3 173 283 386  87 228
   281  68  46 173  54  45  22]
  [  0 217 181 306   0 133 240 312 143 119 334 372 344  22   0  92 115
    71  98 112 358  39 308  47 203 212   9 147 367  45 237 307   4 267
   331 173  97 151 345 273 267]
  [  0 336  14   0 313   0 390 361  60 329 255 308  91 266 372 386  55
   244  92 377 237  26 218 295  72 345  85 381 318 359 118  39 352 232
    52 307 177 255 342 373  31]
  [  0 341  61  11 270 128   0  96  95 205   4 289 353 324 121 112 373
   372  73 162  40 394  90 156 129 266  50 245 169 124 186 333 107 164
    70 132 358 391 324  65 376]
  [  0  79 172  93 122 333 287   0  56  98 395 102 294  79 173 258 136
   153 196 300 314 203  33  81 337   3 357 289 345 242 152 367 255 122
   342  40 104   9 364 191 207]
  [  0  52 321 356 198 166 247 153   0 273 207  47 163 170 382   5 310
   289 235 369 128 210 280 277 107 344 238  71 227 354 379  53 196 193
   294 270 143 178 126 345 128]
  [  0 249 119 145 397  74  57 357  74   0 264 277  47 123 203 103 222
   103 179 101 308  43 342 388 188 324 246  57 121 283 112 312 123 366
   166 379 278 226 222 127 333]
  [  0   3 199  45 236 151 243 100  68  70   0  74 232 123 120 151 369
    57 289 159  23 141 148  19 189  57  56  65 165 266 326 189 372 319
   136 334 236 269 212 137 274]
  [  0 202 327  29  90 325 200 308 275  54  15   0 307 233 134 167  66
   205 248  86 375 217  70 294  43 214 181   8 355  72 227 308 119 275
   256  44  52 324  34 117 181]
  [  0  42  76  76 213 244 180 215  31  19 169 184   0 254 341  66 231
   299 331 283  87  30 285 276  95 245 369 337 328 279 318   6 258  17
   139  44 184 227 368 160  40]
  [  0 178 326 110  82 173 226 297 271 249 141 296 325   0  13 224  60
   293  68 100 316 357  61 126 156 182 227 105  87 257 294 395 209 220
   136 392  69   7  76 240 395]
  [  0 389 136  60 304 288 257 102 359 271 241 232 145 113   0 247  61
   328  51 337 311 244 334 307  19 240 176  64  59 380 295 127 156  28
   288  17  62 273 221 176 244]
  [  0  72 223  32  50 332  77 334 257 277  32  50 385 380 150   0 153
   290 347 220 303 256 219  87   0 193 339  44 363 159 333 326 360 135
    56 191 317 329  97  70 327]
  [  0 376 120 379  49 199 276  87 121  34 115  54 283  97 279 247   0
   195 308  73  54  60 383 107  25 254 315 371 309  83 227 108  17 346
   104 283 247 343 115  14 235]
  [  0 368 375  35 215  51 349 152 247 240 325  73 188 315 384 302 385
     0 354 174 393 247  97 394 140 390 355 202  54 229 117 343 277 154
   305  19  14 367  97 121 375]
  [  0 331  35 256 301 285 214 299 371 238 149  96 125  23 249  41 386
    65   0 316 313 213  37 146 376 225 221  41 335 124  48 354 358 157
   180 393 277 357  92 170 223]
  [  0 250 223 228 395   0   1  83 299 184  80 139 216  69  60   2 125
    32 255   0  31  23 380 263 334 159  65 300  22 233  50  27 358  19
   397 170 338 151 280  68  18]
  [  0  85 372 339 264 184 336 351 280 101  86 210  10 283  37 338 261
   373  23 331   0 177  29 264 109 394 353 368 285 333 350 191 368 217
   334 176  31  99 334 149 239]
  [  0 393  15 374 310 282 305 111 246 265 194 332 135 122 389 304  43
   274 314  49 107   0  41 148 263 196  94 286 216  88 286  21  68 298
   354  51 136 329 129 276  34]
  [  0 164 190 279 361  26 239 383 139  75  46 363 296 128 217  53 316
   265 389 162 387 260   0 260 100  95 361 224  47 356 315 124 253 193
    48 269 153  12 355 249 162]
  [  0 353 370 368 166 291 383 270 345 337 254 326 303 204  95 213 104
   243 150 185 285 183 172   0  70 294  16  17 229 388 319   6  19 174
    90 256 232 231  54 212 244]
  [  0 395  48 264 381 145 363  48 283 394  22 232 210   0 189 315 202
   363 358 257  39 329 132 335   0 183 241 160  61 184 119 265 201 162
   379  27  48 322 153 304 137]
  [  0 220 277  91 131 293  38   1 253  55 158  28 292  32 205  19  19
   321  40 292 238 269 380 100 259   0 225 135 102 257  49 394 250 374
   139 379 230 205  84 253 325]
  [  0  63 105 265 108 291 317 374 312 105   7 244 348 134  86 319   1
   368 151 337 319 312 329 271 204   8   0 173 325  71 133 355  63 372
   170 134  74   6 277 301 384]
  [  0 257 178 329 104 177 145 130 234 165 364  46 268  35 158 360 263
    41 254 300 101 396 210  96 229 237 183   0 294  48 104 200  82 262
   227 214 134 290 324 389 266]
  [  0 128  19 266  91 153 247 216  74 103 194 228 200 284 347 331 198
    59  18 267 108 155 332  80 226 246 387 208   0  19  69 165 268 322
   245  16 231 317 147 158 177]
  [  0 173   1   1 318 335 376  38 122 265 340  11  90 347  99 353 392
   369 372  44 359 307  56 338  41  62 351 217 158   0 287 310 395 395
   303 153 348 393 119 225 151]
  [  0 358  59  32  23  98  86 235 137 378  49 123  13 239  64 308 255
    62 310 311 173 362 159 324 188 146 385 369 319 314   0 328  94  58
    13 149  35 239 305 374  83]
  [  0 363  12  58 284 380 362 285 302 100 332 119  85 238 317 171 292
    54 290 206 342 392  57 114 207 147 358 336 127 364  11   0 259 237
   277 158 236 170 128  45 304]
  [  0 243 380 272 173 307 244  75 330  44  20 305 283 371 249 375  83
   139 297  55 341 335 207 326   7 196 395 334 366 124  96  41   0  10
   291 311 250 152  92 353  18]
  [  0 119  41 182 325 256  13 117 193 165 395  62  29 208 144 344 353
   312  89 243 354 129 346 258 245 265 226 224  60 272 370  75 340   0
   367 163 129 259 313 285  88]
  [  0 106 241 148 267  57 317  30 271  54 177 189 245 173   3  39  55
   377  54 328  43 295 390  63 377 106 294 285 262 110 337  27 130 396
     0 337 259 199  76 153 116]
  [  0 116  27 107 203 179 260 188 189  40  94 219 311 251 378 344   0
   279 160 321 330 350 303 150 262 116  17  39 357 390  33 295 287  71
   177   0  42  41  63 323 298]
  [  0 222 190 262 176 333 322  76  35 148 283 306   1 156 252  51 289
    26 122 213  71 219 261 156 339 167 369 308 117 155  11 308 263 367
    15 278   0 129 270  87 106]
  [  0  25 336  79 231 385 257 172 397 179 204  26 286 203  57 292 340
   176 259 262 379 147 162 275 176 380 294 372 274 204 315 180 220  67
   271 318 155   0 105 351 255]
  [  0  53  86 323 286 265 258 244 194 284   0   8  23 180  64 223  93
   243  45 250  22 237 187  44 111 314 198 173  95 318  68 342 173  23
   371  17 149 316   0 235 161]
  [  0 328 361 212 154 344 201 383 201 129 304 137  47 129   2 257  11
   175  70 194 390 377 363 213 133 167  88 160 378 305 360  28 113 164
   199  15  85 261 191   0 118]
  [  0 211 139   8  59 117 140 195  37  68 349 157 283 208 298 102  27
   153 396 175 229 201 184  24 182 141   4 119 370 180 273  94 319 395
   131  89 248  39 296  57   0]]

 [[  0  97 354 270 208 275  47  51 105 373 224 385 245  31 137 118  38
    93  85  48 313  32 200   4  29 305  56  33 324 289 202  45 153 277
   304 259 279 110 133 252 140]
  [  0   0 239  97  74 333 366  42 334 280 340 112 147  29  11 314 211
    54 293  29 247 191  24 221 108 194 280  81 363  26 313 286 253 304
   217 384 144  11 313 260  43]
  [  0 290   0 256 325 242 215 232  76 286 200 253 160  32 281 329  41
   395  48 325 285 208 153  93 258 211  11 268 186 180 283  82 174  86
   191 280 108 309 356  87  24]
  [  0 151 120   0 354 168 158  76 342  40 212 255  45 381 294 385 258
    27 312 397 326  49 373 156 199  68  75 378 358 341 173  24 121 377
    55 349  53 318 279 353 207]
  [  0 389 283 378   0 117 363 291 318  47 122  10  29 120 321 395  94
   210 146 302  73 391 161 290  35 229 258 316 379 350  42 275 381 347
   181 279 126 332  18 169 211]
  [  0 332 270  33 298   0  16 108  64 393 201 314 358  91 286 126 140
     5 359 143  27 311 148 291 335  73  48  75 386 216 102 381  33  39
   144   4 160 106 322 243 166]
  [  0  75 261 159 356  78   0  82 350 368  24 388 264 294 110 341 333
   117 140  27 102  74 382 356 225 292 134 100 332 141 315 374 115 339
    16  46 284 315 157  32  25]
  [  0 376   5 224  95 304 225   0  34 176 377   4 102 270  94 264 389
   273 191 123 102  98 333  19 124 279  10 116   0  47 396 266  77 342
   293 183 175 273 247  93 358]
  [  0 324 101 232 261 134 266 355   0  69   0  27 210 186 243 383 268
   259 224 109 258  96  47 361 247 206 320 218 271  99  63 386  15 179
   375  21 220 183  56 116 313]
  [  0  30  92 296 122  96 217 100 310   0 297 123 210  74  85  40  65
   201  94  29 341 213 218 309  21 287 324 293 115  79 220 261 120 141
   261  26 331  69 106 375 333]
  [  0 125 325 310 137 357 171 153 153 337   0 256 163 267 167 198  25
   127 170  93 278 314 208 323 326  67 166 370  19 237  36  73  68  40
   223 101  19 154 352 206  89]
  [  0 201 103  29 336  73 130 336 149 252 370   0  88 328  92 325 108
    87  14 193  69 285 185 355  53 205 289 204  19 394 160 378 152  81
    19 296   2 146 138 367  63]
  [  0 279  67  52  77  77  96 251 298 146  74 331   0 153 245   0  47
    31  90 120 285 248 169  62 383 387  69 145 247 113  40 138 150  84
   249 378  42  99 238  85 226]
  [  0  42  48 184 198  26 265 211 209 342 317 117 338   0 163 392 214
   333 322 361 317  36 264  54 204 307 165  32  65 340 217 257  27  80
   185  92  24  35 233 151 278]
  [  0 364 169 239  37 226  49 210 343  52 222 364  96  56   0 337 167
    73   0 181 182 114 118 262  71 197 198 117 374 313 317  13 381 123
   199 396 121 207  19 127 117]
  [  0 200   7 287 295 144  74  80 111 147 196 142 209 276 182   0 232
   342 336 231 104 335 159 251 312  52 379 322  73 284 210 276 285   3
    20  54 105  60  98 320  82]
  [  0 288  12 307 265 393 294 170 207 164 183 192 372 111 157 141   0
   116  97 183 221 331 234 236  42 208 352 185 199 151 382 163   2 223
    70 284 234 382 393 348  98]
  [  0  40  25 243  40 330 328 266 216   3 308   4 151  92 309 374 279
     0 143  52 296 318 108 132 332 387  26  71  42  36  61 316 236 276
    78 235 138 299 101 221  92]
  [  0 395 375 176  64 221 153 127 192 363 340 266 297  96  43 243 149
   134   0 390 205 250 106  48 319 276 317 267 345 215 390 265 158 141
   366  31  14 217 271 385 364]
  [  0  13 186  44 384 254  16 144 172 209 203 175 256   4 143 344  87
    76  87   0 333  94 172 166 208 275 393 228 103  45 271 115 258 248
    26 395 292 315 211 186 194]
  [  0  74  79  83 230 131  33 301  71 237 218 271 335 117 258   2 293
   386  95 199   0  69  22 195  20 250 319 116 323 372  81 257 135 203
    51 182 207 268 174 128 165]
  [  0  28 266 267  65 274 276  71  99 298  64 134 387 320 124  82 278
   379 319 153 341   0   1   1 333 142 295 382 112 131 371 374 286 364
   346 216 340  45 224 388 162]
  [  0  38  60 334 194 381   7 293 206 262 291 136 327 145 328  88  73
    48 219 178  34 367   0 207  10 144  27 374 362  96  53  80 143  19
   302  57   0 228 258 171 109]
  [  0 213 186 348 205  90 143 293  67 239 175 108 246  25 336 395 169
   198   9 309   0 287 124   0 221 369 193 336 123 258 110 297  54  47
   256  52 156 199 341 223 141]
  [  0 185 155 347 310 268  44 103  60 102 197 215 214   0  34  49 168
    20  16 176  90 102 114 224   0   9 134   6  31 292  63 100 185 314
   301 129 138 221  53 151 107]
  [  0 207  74 192 128  74 114 150 161   8  39 315 138 266 198  60 298
     0 264 236  23 197 350 287 110   0 165 122 154 147 113 115 115 126
   139 315 376 263 261 386 155]
  [  0  95 109 177 147 376 135 208  16 218 165 345 298 158 391 264  86
    64 311 197 304 120 138 349 229 253   0  39 347  31 197  63 203 112
   296 177 288  73  36 220 299]
  [  0 172 376  41 195 119 223 120   0  44 316 172 122 186 364 235 330
   106 351 353 166 216  86 111 181  18 320   0  38  52  25 382 306 237
    57 169 321 325 334 150 369]
  [  0 372 317   7 292 289 206 261 269   4  73 202 230  86 238 323 350
   147 200 182 382 190 169  15 316 300 314  63   0  78  88 188 290   0
   249  78 364 116 293 123  84]
  [  0  94 383  52 317  15  56 326 103 157 170 183 309  21  52 311 179
   362  81 255 216 335 253 251 159 139 332 142  59   0  61 143 384 393
   315 261 166 221  85 393 343]
  [  0  25  87 285 392 119  17  35 369  21  50 204 314 213 346  86 339
   293 274 272 136  70  28 232 268 220  99 273 282 119   0 286 110  86
    85 212 169 290 198  28 198]
  [  0 387 129 184  77   3 196 200 273 366 296 100  77 387 338 101  72
   247 206  80  53 152 335  65 273 151 276 267 351 344 260   0 346 193
    33 378  35   5  25  98 125]
  [  0  57  81  26 192 361 344  70   5  72  19 193 376 138 229  56 198
   302  69 115  41 171 310  17 394 108 217 214  28  98 288 325   0 107
   102  19 340 155  90   1  10]
  [  0 370  31  61  34  83 145 346 163 150 168 344 172 108 357 111 377
   214 396 156  13 360 161 246 351  95 306 125 185 286 107 303  25   0
    22 127  43 126 362 335 396]
  [  0 121   7 393 192 135  64  83 264 228 323 100 316 218 324 199  93
   320 269  36 388 234 317 283 155 284 325 115 202 192  45  34 352  85
     0 232 175  41 343   5 124]
  [  0 261  66 266 361 214  77 340 324 291 350  81 289 397  13  78 286
   275 262 391 259 326 381 322 106 304 199 221  69  94 218  69  14 133
   343   0  25 179  63 247 331]
  [  0 239  43 158 109 364 332 312 242 332 303 204 111 347 362 253 119
    58 365 305 193 396  80 187  46 328 203 160 239 100 380  14 291  63
   175  90   0  99 299 150  13]
  [  0 182 366 187 356  95 273 236 115 124 363 105 326 289 268 245  95
   247 317 178  39 308 329 339 285  32 237 335 364 141 301 244  35 233
   165 212 256   0 375 349  23]
  [  0  66 127 302 207 256 323  95 276 369  79  36 193 187 249 378  67
   198 266 302 164 104 127 313 326 112  13 135 335 234 310  78 343 192
   272 200  73 176   0  23 169]
  [  0  85 387 249 299 327 354  85 260 140 145 321  41 285 314  69 353
   333  65 393 203  16  64  93   3 172  75 349 193  21 124 188  43  76
   181  70 248 382 191   0  90]
  [  0 268 329 209 136  43  12 390 227 338 187 238  32 368 217 389 371
   241 153 168 125 371 360  69  40 135  13  12 395 276 198  57 206 172
   264  71 215  29 396 269   0]]

 [[  0 108 361 394  56  37 154  22 359  12 353 384 267   1   1 209 383
   131 269 148 315 233 126 296 288 211 240 318 164   7 378 223 105 375
   370 138  22 171 109 119  44]
  [  0   0 146  46 386 390 140 340 230 362 236 332 394 283 168 186  41
    44 278  85 265 215 270 334 136  71  74 196  39  32 294 366 118 162
   211  79  85 118 357 127 390]
  [  0 206   0  46 191  40 134 288 263 233 199 227 133 394 184 212 147
   384 113 122  25 250 365 215 178 280 176 375 322 365 185 141 366 175
    16 227  55 288 353 208 285]
  [  0 318  53   0 250 397 375 269 179 276 130 272 314 301 108 181 185
    96 324 361  30 273 142 308 306  45 193 108 114 379 268 324 193  52
   270 306 335  69 206  99 215]
  [  0 142  58  70   0 363 220 202  77 259 299 101 227 218 183  21 289
    65 388 295 236  23 162 153 293 315 308 167 100 351 255 358  27 343
   305  20 215  73 125  82 166]
  [  0 384 322 366 341   0 215 268 213 315 313 198 350 143 286  32 283
   323 228  29 190 181 183 288 194 383 190 349 210 160  15 144 158 284
   366   5   1 335 224 335 234]
  [  0 140 120 121 102 160   0  31 259 304 127  73  49  73 305 149 376
   195 159 110 386 161  44  78 226 308  99  50 355  68 230 172 379 156
   272 118 273 287  30 198 145]
  [  0 160 336 122 238 339  39   0 384 242 186 169 167 247 372  62 276
   230  15 191 129 180 137  56  85 328  92 165 201  45 123  53  35 102
   196  37 280 135 171   8 195]
  [  0 150 101 193 329 154 393 324   0 233  50 239  51 111 143 254 256
   224 369 121  19 134  11 322 159 353 159  34  16 257 110 191 244 282
   224  68 139 328 223 176 354]
  [  0 389 133 175 313 246  77 346 276   0 190 244 180 142 113  44  24
   145  25 388 307 325 186 235 179 364 293 303 340  47 135 292   2 185
   177 248 250 135 317  12 326]
  [  0  65 176 397 256 260 368  91  27  70   0 397  62 215 203 324 159
   182 355 315  97 147 388  28   0 352 176  74 230  83 350 142 275  67
    78 257  80  22 247 333 189]
  [  0 387 336 156 206 217 228 197   2 109  52   0 310  52  24 194 266
   296 171  96 153 230 253 271 141  97  27  62 305 295  87 336 100   6
    27 371 227  76 245 137  31]
  [  0 385 326 265 306 387  78 276 323 308  57 375   0 142 322 392 193
   394  31 333  54 129 272 276 127 183 215 302 241   8 252 323 203 157
   328  71   9 148 138 318 323]
  [  0 176 157 368 306 237 122 265 353 334 180  86 131   0 122 121  53
   116 201 156 224 328 199 191  40 106 233 351 289 215  16  16 133  95
   235 395  76  53 279 124 178]
  [  0 284 266 376 321 124 321 141 121 307 297 269  14 112   0 217 183
   147  73 179 250 353 177  74  69  20 209 394 384 317  44 374   1 264
   303 162 278 137 347 312 225]
  [  0 113 381 244 293 340 367   7 226  89 312 135  90  42 369   0 338
   306 171 227 160 326   7 173   0 325 360 213 282  82 195  74 154  80
   259 153 200 309 145  69  11]
  [  0 287  55 309 213 206 212   6 240 157 224  90 249 286 194  60   0
   180 270 334 326 261 346 292 219 318  26 233 129 284 112 121 389 210
   142 341 129  69 212   1  29]
  [  0 270 196 155  24 150 224 122 295 154  22  53   9 164 186 330 372
     0 101 356 348  40  29 188  43 232 227 250  80  33 324 354 367 237
    52 371  74  65 232 224 314]
  [  0  19 209 117 277 128 377 196  67 268 208 329  75 350 134  78 340
   257   0 217 394 273 156  38 367 208 307 313 215  86 160 279 392 292
   189 270 165 217 179 229  22]
  [  0 191 343   1 385 339 391 198  67 357  78 331 333 153 129 304 312
    15 167   0 364 328  62 373 255 347 254  53 240 107 158   0  26 392
   359 260  23 236 210 285 353]
  [  0 326 333 383 208 113  77  58  77 230  50 142 168 267 123 375   6
    90 386  70   0 391 395  69 211 361 129 242 201 240 120  46  78  40
   168 176  23  46  55 210 211]
  [  0 193 295 111 144 286 259 212 298 282 300 152 306  42 154 282 269
   225  96 147  52   0 389  37 314  47 387 170 286  65 182 390 394  48
     6 323 265 323 291 342 330]
  [  0 148 349  10 171 307  22 208  65 156 208 104 326 362 159 319 296
   133 376 207  16 190   0  52  13 165 258  88 204 246  52 160 201 301
   206 221 166 352 313 337   6]
  [  0 397 150 115  75 200  77  47  45 182  45 189  54 369 136 389 177
   308 193 297 251 231  31   0  23  25 302 221 187 354 364 351 286  19
     8 378 335 300 105 395 122]
  [  0  41 379 125 340 164  19 147 211 120 165 224 298 328 343  85 121
    94 124 273 288 219 208 341   0 104  72  80 176  60   6 329 304 237
   292 242 329 253  45 220 385]
  [  0  44 301 285 396 173 177 251 339 123 343  51  48 156 195 229 267
   391 334 205 373 244 299 179  23   0  10 204 349  37 373  82  13  55
   376 115 331  15 289 308 110]
  [  0 353 381 353 276 245 136  81 209 163 362 302 305 142 381 154 160
    31 355 127 375 370 157 367 363  51   0  35  74 108 307 391 366  74
   311 293 358  27 341 385 119]
  [  0 278 261 164  44 241 105  65 210 357 223 111  85 173  41  49  33
    90 314 313 303 196  13 297  77 205 191   0 135 373 145  64 389  82
   239  56 157 335 308  13 126]
  [  0 192 263  66 205 378 146 144 202 107 297 157 151 301 226 260  61
    11 293 136   2 148 181   5 327 267 192 138   0 273 290 385  94  41
   260 154 168 290  20  24  47]
  [  0 134  50  26  71 311  31  36  58 372 393  36 371 344 288 280 368
   276 138 231 297  21 140 121 369   9  50  86 238   0 230  42 263 379
   252 175 181 204 231 246 131]
  [  0  46 397 107  41 163 291 377  58 175 216 212 169 373 327 229 280
   251 174 308 234 180  66 267 328 327 277 342 191 380   0 360 187 388
   239 249  50 226 101 179 378]
  [  0  41  95 277 293 123 196 299  24  65 371 254 324 186  47 286  96
   256  27 310 117 133 100 235 236 288 393 276 377 118 304   0 117 316
    59  50  10 191 183  10 349]
  [  0 317 215 214 283 328 159 283 142  34 235  17 202 325 333  20 318
   396 137 238 247  40 364 176  58 293  16 139 293 355 264 273   0 105
   228 385  61 124 389 242 338]
  [  0 344 389  48  55 127  96  85 328 326 308  95 284 149 346 339 240
   122 111  40 377 189  93 110 299 330 172 283 148 393 141 337 259   0
   113 303 315  48  44 219 122]
  [  0 122 171 210 213 324  56 228  19 220   5 235 324 381 127 121  21
   335 215 364 187 190 248 376 347 188 279  87 353 325 101 116 369 391
     0 305 274 326 222 202 249]
  [  0 145 110 232  54  29  66 356 333 288 338  80 229  27 287 235  58
   369 106 135  71   6 372 106  11 300 126  37 288  67 330 246  13  49
   267   0 269  36  99 136 158]
  [  0 387 134 157 211 119   8  57 297 388 266  85 396 114 288 353 362
   344 339 249 215 173 189 350  40 189 263  98 370 147 157 184  37 382
   132 182   0 166 389 148 105]
  [  0  15  23 271 274 354 274 124 287 154  44   0 302  60 174 221 270
    57  81 165 317 359  35 279 382  77 199 387  94 222  80 132 207 231
   346 365 370   0  64 217  74]
  [  0 186 343 191 387 219 132 190 389  23 236 140 102  91 394 159 336
   236 210   5 342  64 172 174 382 339  45 237 331 319  52 224 248 338
   356 138 142 173   0  10 182]
  [  0 144 102 139 216 319 240 293   0 339 249 371 337 361  76 181 163
   153 200 200 154 182 194 113 128 318 362 391  77 370 316 219 148 293
    29 327 344  30  91   0 248]
  [  0 203 254 387 151 171 112 213 343 266 347  82 215  74 177 196 309
   306 276  48 180 126  94 258 100  19 193  22 119  69 340 317  44 393
    77 290 328 192  47 190   0]]

 [[  0 392 124 193 275 197  11 332 286  59  62 395 166  74  69 329 389
   201 150 169  92 340 286  10 233 376 333 230 162  32 369 244  31 383
   367  34 329 125 382  58  96]
  [  0   0 273 347 379 134 205 303 357 312 246 186  29  19  45 318   2
   323 283 238 231 113  99 370 176 392  77 359 293  97  55 163 291 258
    13 112 389 334 370 251 213]
  [  0 292   0 167 122 360 229 153 299  35 277 159 127 268 209 265 270
   352 118  29 383 198 175  56 195 257 382 293 121 367 229 370 125  95
   273 296 204 200  58 174 213]
  [  0 321 316   0 367   0 330 320  72 120 176 270 203  14 230  97 151
   208 141 351 289  63 137 321  75 135 287 293  10  94  73  40 255 131
   191 260 202  22 166 246 170]
  [  0 183 321 363   0 239 133 114  44 297 117 359 247 256  67 124 374
   305 211  24 239 268   6  53 181  53 287 284 394 384   6 266 302 104
    90  91 174 240 200 328 212]
  [  0 277 165 256  34   0 160 396   8 366 151 241 162 320 373 216  27
   212  63 358 169 286 168  23 376  50 225 169  36  55 292 363  59 258
   216 390 271 212  94  58 341]
  [  0  89 397   4  35 323   0 279 249 276 216 280 348  30 278  81 316
    33  47 113 327 315 259 149 278 284 368 195 313 253 230  60 252 148
   193 282 120 114 389 172 355]
  [  0  95  38  15 310  66 112   0 309 166 268  91 239  34 268 328  31
   143  98 345 393 310 213 243 290 290 299 146  30  76 272 173 323 262
   179 135 290 166  73 242 227]
  [  0 373 377  44  81  20  55 208   0 346 337 202 171 270  89 227 155
    35  64 314 330 166 266 391 375  17 352 381 394  83 314 305 285 293
    79 168 305 288 296 381  54]
  [  0 238 224  49  16 143  22  56 330   0  65 112  20 198 189 245   3
    13 223 287 296 246 214 112 206 166 105 134 312 280 379  26 319  28
    90 151 231 153  86 214 215]
  [  0  31 293 143  41  57 283 352 306 157   0 183 174 298 347   0  45
   397 122 122  98 116 394  55 286 135 314   2 313 298 302 291 120 106
    99 137 121  40 313 123 150]
  [  0  50 318 184 107 370 302  48 126  45 245   0 359 256 326  46 286
   335 316 105 139 373  39  57  48 211 291 280 298 351  16  59 179 106
   379 269  94  84 364 180 147]
  [  0 103 291 208 171 211 106 149 311 236  13 145   0 324 355  61 159
   190  67 323 118 258 306 361 280 108 242 104 261 328 174 352 235  31
    38 306 377 254 131 149 165]
  [  0 372 208  79 238 287 174 347  42   1   1 141  88   0 263  77 313
   130  14 310 274 107 219   3 364   3 315 141  44 190 207 386  29   5
   346  28 384 321 168  40 232]
  [  0  24   8 322 283 304 154 192 109 207  48  94  68  58   0 207  11
   211 395  59 147  38 395 222 286 168 318 196 121  38 206  56 364 190
    77  60 396 213 136 382   5]
  [  0  78  97 243 158 325  97  54 250 291  24 353  24 193  84   0 270
   130 293  40 337  91 189 209  68 306  93 212 286 211  80 107 235 110
    27  69 384 164 397 374 256]
  [  0 152  18 395 100   8 397  16 113 295 238 219 233  36 321  15   0
    11 258 320  34 144  90 134 124 195 367 388 285 247 266  34 154 223
   221  76  65 342 289 245 235]
  [  0 197  48   3  37 161 343 101 239 386 217 210 354  68  73 146 365
     0 274  42 123 272 200 278 315  90  22 322 375 148 298 320 114 270
   122 344 134 163 193  69 370]
  [  0   2  42 296 129 178  96 279 176 312 249 126 353  87 149  54 156
   154   0 338   8  37 260 304  88 282 152 374  29 252 255  85 130 322
   132 379 397 300  77  31  36]
  [  0  63 191  82 182  71 120 190 358 238 173 289 380 123 296  94 121
   216 349   0 216 261 372 379 240  57 150 322  94 183 120 128 244 177
   208 117  48 245  55 273 323]
  [  0 173  73 315 222 242 232 258 291 161 232 242 135 391 268 257 396
   161   0 289   0 246   8 314 296 256 191 275 179 383 383  83 256 362
   229 203 285 167 211 136 323]
  [  0 389 238 314   7 172 384 352 385 390  63 358 169 216 395  27 283
   302   7  48 111   0 356  48 168 302 349 177 126 346 249 243 117  11
   175 135 332 130 395 188  65]
  [  0   7  27 345  79 359 149 184 154 304 144 325 236 135 336 277 161
   275 275 351 155 363   0 270  42 100 315  40  16   6 191   9 306  93
    65 357 329 286 317 261 367]
  [  0 229  85  55 165 166 148 195 278 109 334 172 200   3 242  16 270
    60 353 308 317 326 162   0 133 278 211 356 333  46  95  58 204 187
   355 211 120  54   2 396 268]
  [  0 259 284 222 174 284 313 317  44 305 261 272 313 126  37  17 351
    48  97 158 146 359 250  93   0 306  38 224 212 309  77  10  77  38
    71 317 148 371 365  74  54]
  [  0 394 288 272 233 388 138  75 306 312 241 144 247 154 234 269 214
    54 324  41 175 183 232   7  30   0 110 356 385  39  25  67 273 333
     7  84 365 255 361 124 345]
  [  0 153 180  83 158 382 225 396 343  39 141  42 289 232  48  80 140
    32 353 361 164 289  25 316 371 176   0 244 254 176  83  72 357  78
   131 254 225 293 366 120 318]
  [  0 193 351 207 386 231  62  95 170 133 387 301  99  21 368 147 255
   343 276 389  78 342 352  18  22 140 296   0 283 150 175 208  83 124
   283 388 177 147 219 200  11]
  [  0 330 215 300 155 357 165 350 385 156 348 397 248 350 243 274 242
   183 364 331 211 329 395 215 272 382 138 331   0  30 309 395 395 249
   357  17 132  35  63 338  43]
  [  0  12 123 300  40  14 181 210 224 234 266 184 317  16 133 125  15
   268 288 343 122 164 217  55  86 138  70 164 336   0 269 234 136 336
    98 281 370 247 208  49  63]
  [  0 381 264 334 288 148 144 166   5 101   8 242 312 269   3   5 340
   125 346 108  20   6 384 326  81 208 241 181 349 397   0 178  38 392
   380 354  74  86 367   9 302]
  [  0 149 109  26 187 378 212  96 204   9 254  69 381   3 285 392  98
   105 210 174 232 314 243 323 237 107 266 188  25  59 259   0 151 326
   217  91 372  34 151 265 264]
  [  0  52  31 396 179 272 178 371  21 280  54 214 143 147 346 355 385
    11 125 392 381 334 273  92 125 274 240 241 291  99 257 180   0  73
    12 253 324  80 197 321 169]
  [  0  90 173  26  85  26 285 321 102 202 336 179 205 206 230  30  74
   244 385 208 192 268 260  18 196 237 124  29 380 238 221  32  36   0
    81 315 115 383  71 199  74]
  [  0 113  90  50  94 163 345 337 261 185 269  89 227 294 217 217 312
     0  76 394 227 308 282 358   8  91 372  57 199  19 226  72 207 334
     0  46 155 307 321 373 252]
  [  0 190  54 123  39 157 145 218   2 360  55 330  24 235 318 356 164
   353 301 332 279 158 246 240  43 109  51 374 216 365 370 219 111 140
    93   0 360 129 249 296 371]
  [  0 331  46 293 275  22 130 389 107 307 220 348 367  49 375  73  62
   259   6 390 102  10  88 272 355 389 256  69 292   0  21 332 192   5
   349  45   0 363   4 387  92]
  [  0 108 140 359 382 392 386  26  71 173 356  88 101 362 256 161  97
   156 124 164 152   8 360 214  87 348  76  95  70 253  50  81   7 383
   287 144 342   0 111 195 392]
  [  0 357 156  71  82 185 208 383 389 385 293 219 289 297  75 150 154
   134 318 347 251 129  70 296 192  86 260  29 392  56 257 158  31 260
    12 183 383  51   0  99 105]
  [  0 388 249 271  84 264 116 346 229  15 183 314 168  30 262 105 103
   375 120 308 299 153 323 122 372 205 315 202  19 317 224  37 147 142
    26 209 300  19   1   0   6]
  [  0 146 201 108 255 104  84 386 270  93 160  30 289 347 391  41 328
   331 237 237  24  75 164 330   8 267 137 387 201  31  86  44 387  66
    36 311 184  82 111 101   0]]]
release_time
[   0    0  884  991  660 1057  890  756  789  231   37  498  441  119
  375   11  272  554  258  301  725  773   59  397   80  418    0  449
  927    4  444 1086    1  858  595  327   40  273  488  212  777]
due_date
[   0   45  901 1208  957 1185  907  870 1021  565  335  979 1166  127
  569  144  859 1042 1015  334 1074 1212  673 1193  264 1015  762 1039
  959   78  713 1120  235 1214  933 1088  980 1222  986  315 1205]
unit_emission
[11  6 13  9  5]
emission_limit
19716.5
setup_severity
2.0
due_tight
0.3
due_range
1.0
release_tight
10
degree_constr
0.5
