mach
5
job_rate
8
weight
[ 0  2  1  1  4  2  7  7  6  7  7  9  9 10  1  6  6  7  7  1  9  7  5  4
  3  6  3  2  8  6  5  5  7  5  2  2  2  4  7  3  9]
proc_time
[[  0 123  65  82  68 132  99  89  51 108 149 116 124 136 114 144  65 101
  143 105 122 134 120 146  97  91  78 101  99  74 105 133 125 147 120 115
   78  65  88  58 140]
 [  0  87 112 104  63  89 129  99 143  57 108  63  79  51 150 149 111 125
   89 149 109  67 134  70  86  62  68  99 141 132  55  89  59  73 144 142
  105 108  99 135  50]
 [  0 145  55 100 120 106 129  70 108  96  94  72  53  51 120  65 127 138
   75  69 107 131 129 106 145  84 123 117 149 146 144  76 120 132 107  89
   89 107  96  63 131]
 [  0  88  70 107 102 145  98 134  57  82  66  80 134 131  67 106 104  62
   55 140 106 129 146 140 104  87 125 142 105  97  95  82  50  91 138 122
   88 116 150 108 103]
 [  0 116  85 111  57 141 131  74 123  57 110  53 118  62  98 136  75  85
   90  69  66  55  68  71 110 112 105  55  68  57  79  62  96  90  83 110
   93  88 132 107  68]]
setup_time
[[[  0 352  44 129 401 335 344 186 268  80 237  82  77 294 174 113 136
   131 220 367 122  73 145  59  60 136  13 295 196 267  54 201 290 176
   160 302  46 344  95 101 134]
  [  0   0  50 104 264 125  47 134 312   1 330 225 105 401 384 228 220
   350 138 290 150 325 245 324 340 112  67 302 315 331 399   1 184 316
   123 364 245 399 375 307 309]
  [  0 104   0  41 218 276 282  62 170 194 240 155 365   8  96 171 137
   258 195 123 396 354 307   8   1 271 345 162 223  46  15  28 320 340
   227 392 222 319 300 207 145]
  [  0 209  83   0  41 100  38 160  14 318 106 118 228 281 209 103 269
   261 262 137 294 138  77 267 293  13  90 159 360 264 302  80 318 106
   369 355 121  39  41 345 277]
  [  0 281  70 135   0  52 345 275  11 312 338 187  49  91 147 233 354
    80 182 162 261  95 166 294 118 205 130  73 347 396  70 187 309 116
   312 290 249 133 161 119 137]
  [  0 380  21  87   3   0 400 261  16  55  93 106 205  42 106 191 278
   142 244   1 172 357 360 290 399 207 161 220 273 166 372 169 129   6
   347   8 198 284 143 312  47]
  [  0 397 213 211 377 229   0 390 343 274 226  50  89 153 346 201 321
     2  44 104 381 141  46 310 289 210 235  79  40 137 388 109 313 378
   305 378 107 130 240  38 297]
  [  0  97  54 168 158 361 352   0 171 178 400 394 332 113 394 119 150
    93 283 265 123 157 377 156 375 166  31 329 219 274  10 158 134 403
    75  19  67 141 392 137  30]
  [  0  56 125  38 316  20 360 215   0 224 202 103 266 208 121 323 142
   140 133 222 196 303 176 120 263 370 380 182 127  42 349 394 191  62
   334  83 162 361 140 344 124]
  [  0 116 132 133 301 353 154 318 199   0 225 276  34 383   2 147 149
    25 359 289  66 124   8 112 323 248   2 351 379  45  41 131 167 288
   321   6 172 172 281  89  85]
  [  0  14 166  33 112 225 296 131 159 318   0 105 196 162   2 261 177
    17  76 213 176  80  53  20  40 243 239 399  30  64 363 370 305 126
   361  74 393 302 387  36 259]
  [  0  79 262 229 239 233 155 259 354 236  96   0 220 131 352 306 218
   362 147 133 184  21 363 208 123 199  17  77 128 137  20 155 301  43
   318 105 377 125  24 268  45]
  [  0 104 240 174  15 326   7 220  46 295 154 336   0  83 369 370 349
     5   7 144 160 270 123  74 202 171 276 124 185 253 297   0 182  25
   286  55 233  20 269 196  43]
  [  0 254 221 154 374 132  72 387 165  46 154 137 141   0 208 190 323
   302  74   9 390 313 220 333 111 236 124  21 271 202  28  62 318 194
   222 231 170 298 139 186 162]
  [  0 261 358 325 251 290 123 381  59  28 290   2 144 280   0  80 371
   175 274 365 202 385  83  79  84 238 140 181  58 153  89 282 349 283
   392  56 148 360 258 339 157]
  [  0 217 153  62 268 284   8 130 198 187 335 393  51 383 227   0 320
   221 211 286  80 244  95 214 353 110 383  43  91 283 383 361 308 273
    43 152 149 101 234 379 339]
  [  0 156 349 192 308  16 130 312 390 278 256  33 188 386 373 245   0
   144 329  67 100 281 382 339  72 394 281 382 255 100 313 103 210 257
   255 302 128 235 321  14 250]
  [  0 122  83 276   6  13 227 314 120 334  82 120 220 143 225 180 124
     0 350  40 310  33 198 149 190 259 191  79 344 383 319  78 175 378
   159  59  80 224  32 190 115]
  [  0  97 179 200 230  97  18 381 175 380  34 143 250 241  36 299 257
   338   0 215 230 194 395 170 182  68 321 150 266 206 272  84 180 143
   319 356 212 204 334 164 389]
  [  0 137  16 373  21 264 180 318 284  78  70 129 388 177 179 204 378
   377  57   0 215 276 185 395 210 388 165  90 169 324 275  77 356 158
    48 182 252 109 271 129 350]
  [  0 302 244 179 153  63  59 373 380 256 317 249  36 188 373 379 215
   262  52 126   0 400  59 277  85 299 321 127   7 161 337  22 325 305
    54 234  86  96  57  23 115]
  [  0 142 278 163 357 201 190 314  95   4 320 242 262  18  37 195 295
    91 196  89 179   0 363 389 150 354 296 170  89 378 350 132  92 218
   212 353 151 265 245  71 282]
  [  0 202 218 272 348 220 315 247 273 215 401 201 361 238 292  22 152
   374  12 360 393 297   0  95  64  70 288  62 173 232  30 162 163  30
   401 250 347  81  67 119 129]
  [  0 304 238 320 249  16 346 390 179  71 125 296  22  91 214 108  11
    54  19 149 383 119  17   0 371 322 250   8  85 301 151  14 333 167
   214 218 332 325  86   9 339]
  [  0 230 350 194 399  46 260 314 130  13 312 361 305 334  68  74  53
   200 265 134 194  86 354 214   0 182  13 226 208  46 180 133  76 320
   228 239   4 145 334 368 186]
  [  0  57  81  48 207 230 253   8 243  66  58 221 154  11 403  46 163
   341 224 289 264 229 369  38 149   0  12 336 194 311 191 192   0 391
   265  85  52 202 205 227 394]
  [  0 142  54  31  64 201 303 208  97 289 258  72 221 331 105 313 135
    64 240 209  62   7 383 156 385 286   0  51 205 103 247 239 217  92
    20  56 219 344  40 294 218]
  [  0 389  45  30   8 403 401   6 237 146 353 297   0 172 101 179  59
    64 122  80 338  53 269  23 110 287  90   0 168 213 304 319 191 146
     6 327 281 296 276  62 181]
  [  0 145 112  36 196 134 294 281 284 253 324  65 112 381 334  15 363
   237 197 119 282  60  90 287  40  58  67 225   0 236  64 128 272 186
   224 267 394 186 379 282 108]
  [  0 125 150 224 388 264 266 202 403  23 125 367 180 305 213 103  97
   263 228 361  71 358 231 209 122 289 329 164 300   0 225 298 352 130
    34 175 327 221 197 241 330]
  [  0 125 390  28 341 284 309  37 272 183 126  43 189 123  41  20 159
   126 126 106  45  30  42  15 214 190 323 271  41 239   0 174 227 248
   376 336 328 315 121 347 209]
  [  0  88 339 127 232  30 249 308  45  56 168 225 386 345 395 337 315
   124 367 356 193 325 105 106 288 133 162 129 386 307   8   0 207 392
   377 143 163 224  46  15  79]
  [  0   3 370 114 181 255 201 120 208 279 334 142  84 135 124 227 269
   385 344 296 118 361  12  40  35  83 299 139 179 351 206 321   0 213
   377 223 144 372 349   9 105]
  [  0   7 267 268  28 228 383  62  74  12 164 277 156  88 252 150 100
   353  11 215 285  91 185 397 135 297 159  16 210 301 375 224 291   0
   358 239 311  52 403  26 168]
  [  0 327 188 232 234 133 232 383 233 309 191 362 297 165 288 190 127
   121 266 233 209 383 391 395 245   6  69  25  21 298 188 270 390  51
     0 198 151 285 352 141  45]
  [  0 359 122  67  25 112 103 251  67 158 307 301 249 286 170 313 140
   107 304 301 354  72 315 183  55 202 283 147 299 301 304 269 326 120
   268   0  47  63 347 191 379]
  [  0 356 242 292 395 200 261  14 262 151 177 255 171  23 123 103 107
     1  64 124 322  24 273  42  53 185 283  61 293 272   5 286 166 207
   314  25   0 269  94 300 386]
  [  0 109 330 178  71  66  78  13 193 293 184 214 208  52 146 258 241
    50 128 157 356 334  85  64   5 112 102  14 339 207 124 264   2   5
    13 329 254   0  57 312  88]
  [  0 387 192 401 372 217 160 338 306 279 143 359 236  19 343 311  67
   159 314 224 234   1 292 179 179 380 269   8 192 300  92 197 397 227
   217 278 127 151   0 259 401]
  [  0  48 202  28 179 205 197 160 286 224 383 376 170 189 388 215 398
    99 124 309 365 294 268  98 378  22 332 112 377 187 153 108 165 319
   125 131 144 175 302   0  99]
  [  0 134 396  54 399 139 362 163 305 302 161 254 298  51 315  98 394
   312 286 379 296  88  65   5 275 379 386 371 179 334  65 367 279 236
   297  44   9  65 398 175   0]]

 [[  0  11 355 378 186 279 202 114 392 180  63 154 126 248 259 151 280
   121 152 303  19 389 236 205 117 373 214 250 183 228 298 401 317  18
   207  78  15 228  10 142  68]
  [  0   0  60 148 240 114 193 144 281 148 220 305 143 103 329  78 216
    91  78 244  56 300  22 119  87 346 256 140 316  77 216 197 320  26
   338 156 182 132 168 199 120]
  [  0 216   0 262  11 231 154 188 196 191 106 357 148   2 169 178 242
   133 187 233 351 229  53 261 350 109 148 390 402 130  15   9 271 234
    45 393 196 242  42 136 241]
  [  0 281 138   0 283  11 146   1 234 401  15 118 256 388 233 326 300
   273 247 379 229 161  36 277 140 117 168 229 379 272 355 172  71 290
    93 331 355  63  19 238  26]
  [  0 298  27 229   0  34 273 382 186 371   4 147  62 306 237 252 380
   221 305 376 299 271 170  54  50 299 155  59 342  54 347  54 263 109
   226 382 268  17 268  36  87]
  [  0 122 267 139 136   0 394 256 100 296  29 161 258 359 307 181 107
   255 138 169 104 309  43 150 354 137  52  74  31 303  87 290 110 102
   379 119 305 249  57 174 190]
  [  0 389 216 312  60 114   0   9  88 400 200   4 339 133 285 365 337
   223  76 146 340 346  61 108 261 160 134 170 119  80 199 260 215 217
   329 151 186 189  90 364 173]
  [  0  91   9  92  65 159  38   0 196 110 349 100  77 402 234  71 251
    37 144 183 259  45  89   1 202 295   0 172 102  24 296  62  96  73
   287 163 246 355  10 394 231]
  [  0 221 116 336 255 213 334 191   0 156 382 301  73 205 322 308 398
    77 287 218 385 201 137 236  42  96 304 249 192 398 365 168 364  48
    67  37 295   0 299 208 362]
  [  0 169 145  14  59   7 321 353   1   0  51 219  48  56 356  32  79
   374 133 221  88 399 132 156  64 130 224 269   7  39 246  18  44  92
   319  19  99  32 297 297 320]
  [  0 167 364 374 381 287  71 214 181 156   0 188 192 265 200 328  61
   211  52 220 169  90 326 376 258 144 276   5 341 278 348 386  12 325
   243  68 344  98  79 239 386]
  [  0 275 202  78 191  91  16 233 104 297 302   0 297 104 320 234 155
   189  89 238 194 359   1 234 232 140 296 242 258 139 264 143 116 385
   144 124  56  26 123 136 389]
  [  0  21 112 101 195 336  88 245  87 302  57 245   0 333  18  61 388
   239   8 125 344 399 359 254 285 156 333 280 247 357 200 274  77 300
    14 304 376  20 270 354  95]
  [  0 251 380 116 197 228 252 324  36 287  97 246  35   0 394 269 263
   385  33 308  25 325 396 177 320 170 100 258 147 325 266 397 215 115
   385 192  84  31   9 342   3]
  [  0  55 235 122 279 186 323 259 266 263  61 364  35 111   0  76  13
   390  15 102 197 225 275 148 237 243 130 340 315 196  47 198 221 361
    22 357 101 357  15  30 271]
  [  0 249 344 101 287 352 121 282 120 198 325 232  24 133  20   0 136
    74 155 126  31  42   9 400 274 401  53 298 167 231 290 228 226 222
   190 361 203  17  79 375  46]
  [  0 325  78 309  25 379 143 232 286  23  50 400 109 304 178 342   0
   190  99 215  42 212  58  13  17  25 178 225  15 346 358 304 242 200
     2 399  42 128 103 132 113]
  [  0  51 245 212 178 126   9 283 276 397 238  40 164 100 214 229  70
     0 266 388 277  27 222 338 327  33 194 326  40 323  53 252 342 249
   376 269 167 317  31 295 210]
  [  0 257 350 311  15 297 223 170 252  39 239 217  58  19 392 181 305
   237   0 376 313 226 146 161 162 139 324 227  63  27 194 376 192 342
   138 264  20 197 231  47 259]
  [  0  80 388 181 131   4 317 293 123 174  20 106 272 334  65 127 401
   278 288   0 400 257 302  62 140 259 152 143  24 319 129 107 305  29
    38 233 335 121  97 374  15]
  [  0  64 263 155  79 218 209 266   9 166  77 345 225  59 218 386  15
   270 122 158   0  68 118 292 356 318 377 285 378 124   3 126 245 273
   110 274 284  10 259 164   7]
  [  0 262  99 386 213 312 377 130 392 137 159   8 342  40 288  31  83
   249 268 354 397   0 153 253 226 329 140 339 280  12  53 147 345 380
   160  16 314  87  73 348  56]
  [  0 108  14  79 148 272 225 187 403   8 181  40 402 248 244  61 396
   395  71 107  94  74   0 350 119 390 311  69 185 258 374   1 351 309
   258 197  63 133 155 379  68]
  [  0  71 213 375 214 354 106 319 260 292 383 228 297 374 143  72 237
   108 196 350 332  53 137   0 324 118  98 216  93 139 135  14  55  48
     1 232 186  98 243  18 267]
  [  0 352 118 276  42 341 138 214  93 356 397 150 321 378 161 262 186
   113 249 171 224  12 110 306   0 350 249 265 247 391 358  24 126 365
   231 155 135 183 137 111 198]
  [  0  64  22 326 319 392  32 132 164 146 165 348 188 188 262 400 317
   163  12 392 264 250 202 284 171   0 308 368 327 270 167 329  35  75
   334 110 287 274  10 188 208]
  [  0 378 271  62 108 182 356 273   5  21 235 172 135 215  94 136 152
    95 335 344 395 383  12 380 234  78   0   7  36 139 234 131   6 266
   392  58 107 102 346 318 220]
  [  0 174 228 303  78 318 304 172  33 187 374 257  51 134 153 169 275
   387   7 147  69  81 127  80 176 286 147   0  27 228  47 307  50 160
   196 191 287 179 162  20 132]
  [  0 364 230 237 115 147 204  78 139  26 300   0 223 119 265 352  42
   159 231 332 139  44 278 209  20 306 335  57   0 384 135  11 300 174
   339 286 180 139 380 233 255]
  [  0 197  34 252 208 257 215 221 301 275 204 262 391 283 255   4  63
    83 250 209 256 141 345 328 245 116  56 123 342   0  20  95 328 380
   387 269 140 331  93 351 301]
  [  0  32 165 362 202 203 293   8 206  94 338 310 293 254  34  89 260
   160 301 186 156 325 246 283 186 143 356  96   6 194   0 285 307 345
   198  45  29 233 232  61 293]
  [  0 266 203 124 249  31 343 120 262 185  99 112  63 318  58  63  49
   285 123  72 317 234 135 345 312  44 184  85 103 241  68   0 180 143
   372 314   7  48 224 378 359]
  [  0   3  88 298  10 185 278 278 205 218 296 363 184 150 253 362 344
   318 350 220 148 389  84 276  37 283 177 210 354 292 222 340   0 135
   117 294 334  76 343 370  79]
  [  0 373 335 102 392 350 309 337  68 213 242 230  14 285  64 326 302
   293 279 228 374 142 226 344 222 290 391 373 211 277  97 353  49   0
   148 248 395 175 334  45 128]
  [  0  84  25 365 259 191 145  34 146 313 107 161 157 121 249 324 169
   349  16 108 272 353 111 152 369 329 341 220  45 151 340 310 181 178
     0 356  45 365  12 332  13]
  [  0 152 154 199 260 286  33  40  70 340   4 107 127  46 165  18 210
   104 121 205  91 124 243 374 238 279 184 200 306 174 364 229 317 263
    31   0 273 209  61 236 386]
  [  0   2 300 348  65 197 133 221 247 281 289 131  37 157 359  81 231
    62  17 105  47 237 205 307 150 337 256 265 249 302 375 215 287 214
   136 350   0 399 393 293  51]
  [  0  97 241 157 262 174 367 101 341 201 241 121 180 234 142 245 179
   333 208  29 260  91  24 342  80 249 242 137   0 273 281  54   7 144
   329 180 273   0  54 292 340]
  [  0  36 287 112 394  77 180  12   1 163 253 173 188  89 111 174  16
    61 256 295 158 156 293 163 275 400  39 181 158   6 163 315 297 140
   119 257 178 250   0 104 272]
  [  0 119 357 313 312 304 181  53 172 370 313 379  97  99 124  90 201
    12 342   2 307 394 280  20 368 176 277 201  57 122  85 105 232 332
    36 370 151  28 343   0 397]
  [  0 265  12 285 123  76 233 348 364 154  81 368 341 287  19  54 354
   179 169 360 257 392 107  53 221 138  11 176   9 260 222 399  61 359
   188 314 194 325  63 117   0]]

 [[  0 122 157 253  27  96 253 171 359 125 136 125  74 260  73 328 272
    88 279  73  37 144 144  31  13 123 184 306 368 230 110 166  20 264
   250   2 316  72  92 280  70]
  [  0   0  44 373  21  22 171 275 101 362 400 376 321 123 288  76  85
   276  54  72 384  62  55 135 399  22  13 124 310 315  80 136 256 306
   323 365  62 208  59 224 326]
  [  0 198   0 223 165  50 210 251  12 401 110  92 174  28  73 373  59
   122 378 190 195 125 114 259  26 209 160 341  13  93  18 194  50 151
   163 233  32 393 129 206 290]
  [  0 201 373   0 248 244 323 292  45  66 306   8  30 336 201 353 176
   349 129 260 328 136 191 252  85 243 100   3 398  45 233 384 170 389
   258  47 302 214  69 184  51]
  [  0 143  39 330   0 282  19 293 360 172 353 277 125 209 233 143  21
   218 391 122 306 214 350  54 147  25 146 372 242 246 381 333 368  42
   189 231 397  46 380 141 221]
  [  0 215 369 201 224   0 388  43 141 171 143 173  15 190  36 201  40
   267 321 245   4 294 268  97  55  89 266 105 220 138  54 164 119 136
    25 148 321 104 177 168 256]
  [  0 107  18 263 215  97   0 100 297 296 162 370  55  45 199 360   9
    87   2 197  11 316 274 134  81 399 247 216 178   8 308 112 212 376
   364 331 303 289  48  60   7]
  [  0 326 224 166 211 144  13   0 358 360 163 146 177 169 286 313 356
   212 149 349 313 246  55 215 242 355 374 367 111 228 273 118 163 127
   158 376 117 285 343 316 343]
  [  0 154 289 347  47 355 177 368   0 157 143   9 179 257 364 209 234
   122 327 125 178 282 213 264  26 122 344 303 275 173  86  96 393  15
    47 307 202 373 399  33 252]
  [  0  65 131  91  48  48  55  24 142   0  45  11 352  49 146 313  87
   117 189 130  25 284 396 116 243 284 112 105 308  82  53 315 170  14
   256 337 170 377  97 344 375]
  [  0 402  26 315 117 276 110 113 148 236   0 151 206 219 308 281  79
   174 147   7  41 171  37  55 278 383  90  38 253 369 200 391 279 375
   104 248 369 143 225 403 175]
  [  0 155 216 230 225 301  87 297 237  87 148   0 168 241 259 293  72
   236 284 149 112 331 224 204 398 351 111 225 115 309 345 131 125 230
   131 368  24 101 156 208 308]
  [  0 223 101   1  59 399 360 306 358  50 370 151   0 399 365 295 403
   343 111  39  98 251 312 301 265 287 182 185 204 322 253 256   7 262
    34 397  40 289 368 276 119]
  [  0 196  24 368   3  15  98 257 370 166  98 267 299   0 114 198 115
    49 200  16 179 267   9 358 382 337 339 166  69 131 311 397 361  54
   310 113 382 122 123  27 276]
  [  0 206 165 262 334 359   9 290 363  85  55 392 299 202   0 286 195
   243 227 216 172 371 386  83 340 181 168 115  50 202 189 120 355 359
   253 199 318 155 261 176 182]
  [  0 333  17 378 326 361 371 388 259 340 304 233 233 134 388   0 368
   374 319 181  15 213 350 119  98 363 208 197  34 119 403   0 287 377
   258 123  27 332 211 355 145]
  [  0 173   8 157 359 240  52 229  36 277 187  53  53 127 239 282   0
   351 291 304 396 177 260 245 231 314 330  53 387 142 149 327  33 182
   194 284 163 239 134 338 194]
  [  0 348 294 213 175  48 250 110  17 247 269 208 127 221 189 337  67
     0  41 139 318 234  70 186  93 251 251 349 126  41 326 133  38 218
   281 153 213 376  82  18  46]
  [  0 356  49 102 207  49 252 115 195 197  15 227 212 188  75 344  35
    14   0 328 175   1 114 166  80  16 395 210 142 193 174 319 320 286
     6 139  71 111 329 330 172]
  [  0 107 241 395 226 120 223  82  88 269  25 128 323 344 246 321 180
    80  80   0 103 200  67 381   5  23 175 207 105 121 208 153 291 283
   135  15 354  12 246 386  13]
  [  0 259 336 250 385  87 350 109  14 382 346  81 250 377 203 100 341
    18   8 141   0 269 191 193 133  11 324  24  88  95 184 323 254 252
   249 173 312 371 395 337 162]
  [  0 363 261 382 121 392 244 309 163 314 216 307 346 266  45  22 386
   196 235 193 131   0 311 314 163 330 114  25  17 326  81 148 278 240
   395 156 296 292 181 200 155]
  [  0 335 254 273  56 334 168  73 355 353 347 201 355 248 192 296 239
   201 280  27  66 311   0   2 291 126 190 373 161 178 170  99 238 208
   348  25  12 396  36 378   8]
  [  0 217  54 399 374 327 121 240  18  86 376 347   2 182  31 326  13
    89  48 151 254  34 326   0 185 277 359 217  88   9 281  42 304  50
   123 390 175 169 364 232 344]
  [  0 133 113 350 252 392 304 384 248 172 350 343 158  34 313 156 270
    98 125 130  13 231 372 297   0 302  43  69  46  12 188  70 351 143
   210 214  99 275 125  49 327]
  [  0 253 262 308 249 129 203  29 175 230 353 299 187 276   3 178 183
   134 332  40 196  71  56 251 334   0  91  57 124 359 107  29 351  66
    12 235 131 364  32   9 140]
  [  0 162 366 352 140  62 280 128 234 169 264 354 156 272 246 327  73
    28 339 257 283 111  33 151 149 104   0 403 309 323 115  53 257  92
   115  78  75 400 247 374 403]
  [  0  63 355  35 135 394 261 309  20 354 104 375 235 377 310 181 230
   362 104   3 278 115 274 121 147  89 219   0 309 157 307 165  90  13
   270 205 380 386 132 197 307]
  [  0   6 298 334 129 114  18 386 167 239 179 222 138  46 310 328 354
   311 163 272 349 272  36 403  53   0 367 250   0 369  67 219 330 286
   184 402 233 245 242  52 172]
  [  0  24 332 283 332 357 295  68  76 151 333 302 217 141 174 203 258
   233  40  25 111 306  93  74  62 255 373  64  45   0 277 323   1 324
   341 156  11 111  50  65 168]
  [  0  90  50 283 206 330   1 377  14 184 282 395 236 303  73  48 239
    47 285 324 185 331 228 254 112 186 122 187  51  59   0 246  87 176
    50 195 160 318 218  38 279]
  [  0  76 153   1 153 192 392 149 338 182 278 138  13 278 205   4 303
   228 324 102  19  43 393 104 119 352  90   4  52 336 258   0 369 266
     8  56 171  63 356 128 132]
  [  0   8 278 169 261 118 306 243 312 328   0 200 331 304 174 301 303
   390 377 283  43  33 332   5 186 333  44 157 377 381 191  86   0 350
    34 305 208 166 368 299 121]
  [  0 111 389 298 187 212 118 359 300 235 218 175  13 287 377  26  93
   130 344 302 129 362 103 341  61 147 301 375   7  21 179 102 198   0
   295 333  34  96 189 357  77]
  [  0 150 389  93  39 329 132  23  65  19 291 225 261 204 185 270 344
   143  48  46 190 163 248 141 268 342 397  81  18 292 257 170 286 184
     0  67  59  74  63 319 224]
  [  0 258 290 309  41  69  13 393 269 185 248 194  55 279 394 235 342
   349 391 217 149  14 313  50  10  38 397  59 120 392 237 331   6 228
    31   0 221 117 188 287 308]
  [  0 116  24 166 149 358 296 221 363 181 118 266 291 375  58 326 167
   349 131  62 204 210 350  70 383 150 338 234 356 153 116 359  97  14
   321 283   0  47 360 308  67]
  [  0  61  28  49 391 127  20 136 180  66   5  49  35 181 347   3  28
   115   1 347  80  58 376 188 325 273  60 349 149 162 285  31 385 389
   324 156 111   0 169 175   0]
  [  0 356 391 278 370 210 230 269  97 106  33 160 193  13 371 255 373
    40 179  15   8 135 267 233 128 137 229 165 127  69 119  67 327 322
   346 262  10 191   0 328  65]
  [  0 155  67 110 316 185  88 371 204 383 139 304 386 396 147 201 159
   203 310  84   2 311 163 199  80 197 309  70 136 360 264 317 359 322
   257 334 114 312 179   0  33]
  [  0 107 299 160 391  48  81  56 344  70 398 266  44 297   4 186 176
   125  26 367 158 278 282 170 190 337 182 182 344 165  49 380 354 138
   178 257 397 119 223 144   0]]

 [[  0 213 385 318  37  74  81 191 117  30   8 226  20 109  67   8 145
   255 295 203 368  49  99 135 106 290 101 351 302 364 190 282 337 180
   271 225 169 320  51  12 124]
  [  0   0 371 307 357  50  70  46  45  32 191 189 216 145 192 189 177
   392 274  68  11 342 178  88 234 255 227 159 141 215 216  18 297 340
   361 396   1  10 262 299 214]
  [  0 308   0 400  13  28 331 358  38  45 301 158 339  94 343  18 368
   188 397  96 374 100 137  91  55 364 401  87 290 329 127 210 358  28
    55 336  34 131 375 244 253]
  [  0 290 280   0  90 143 116 391 384  41 248 287 139 246 341   3 265
   211  43 118 133  61 365 394 188 202 338 195 299 243 307 186 264 160
    38 317 279 131  92 368  67]
  [  0 343  44 158   0 387  54 207 357 102 230  58 376 297  79 288  69
   103 338 271 284  51 349 185 151 256 136  14  29 224 188  93 369 197
   342 150  33  41 328 162  25]
  [  0 141  55 122 341   0 354 233 278 156 194 164  67 124  63 350 215
   347  80 212 373  54  97 109 157 212 113 286 371  49  39 340   3 305
   171 212 238 343 210 144  59]
  [  0 227 247 316 274 303   0 315 177 286 141  41 141 137 120 205 126
   150 229 107 183 279  73 293 241 186 354   8  97 387 374 104 289 176
   131 324 329 197 133 170 185]
  [  0 388 179  32  25 187  89   0 356   9 366  87 111   3  83 176   7
   121 308 232  97 257  59 161 297 198   2 375 148 133 226 146 249 319
    22 136  34 120 243 333  74]
  [  0  71 139 206 303 151 387 334   0  15 165 124 257  57 115 141  93
   387 117  94 331 109  69 360 213 367 200 278 232 249 349 138 359 110
   385 186 374 146 203 101 340]
  [  0 292 300 363 101 149  99   7   0   0 254 162 152 237 223 210 126
   158 278 269 211 101 374   2 197 209  56 401 318 222  40 344  72 149
   186 273 190 214  55  38  49]
  [  0 176 382 269 124  31 261  76 258 185   0 399 254 336  32 211 281
   347  95 271 291 116  97 156 261 394  38 243 174 144  30 302 201   4
   362 311 379 249 145  59 322]
  [  0 125 242 252 184 173  77  77 112 175 172   0 203 338  83 368 272
    38 328 242 293  37 219  53   9 373 394 387 179 137 323 308  23  89
   366 142 289  32  73 323 109]
  [  0  29 269 173 319 184 120  10  51 373 218 390   0 103 257 335 244
    28 141 259 182 159 345  62 351  91 389  86 350  30 392  56 401 296
   401 389 287 122 104  25  87]
  [  0 190 331 214 159 332 101 184 205  97 116 266 255   0 324 353  53
   275 328 322 302 248 311 161 104 187  44 323 249 336  35  99  95 267
   379  88  33 213  15 334  85]
  [  0 345 345 251 376 208 310 293 330 245  57 279  71 239   0 121 120
   243 274 343 102  40   8  66 122 285  45 379 257 315 392 287 162 216
    80 375 162 310  76 391 172]
  [  0 324 231 361 129  84 250 351 341 233 368 144 192 281 166   0 122
   338 191  82 366  74  86 318  72 155 118 179 367  58  40 165 254  60
   229 321 188 343 374 246 181]
  [  0 207 139 254 133 216  40  95 315  53 399 228  84 148  61 322   0
   357 101  28 223  89 103  51 224  57 123 266  93   0  32 355 281 165
    42 158 355  16 153 141 193]
  [  0 233 192 127 295 208 209 118 244 280  72 300  63 306 176 256   3
     0 380 396  27  19 245   8 401  88 129 226 350 278 345 164 388 332
   130 178 372 359  25 328 114]
  [  0  54 221 147 290  95 149 352 100  54 274 237 303 240  87 322 297
   182   0  71 100 112 380 383  49 185  61 102 259 362  52 246 304 217
    93  96 280 380 380  18   6]
  [  0 223 390 141 130  71 372 193 331  74 158 225 183 295 391 328 161
   336 233   0 395 290 385 238 119  83 209 363 374 204 139 272 331  81
   399 194 293 348 123 144 213]
  [  0 146  79 157 320 122  85 228 343 372  98 298 119 371  64 278 142
   150 313 148   0 200  83 182 392   6  14 294 107 380 185 356 341 120
   113 347 252 144 110 197 115]
  [  0 296 273 233 374 330 197 386 350 210 110 326 376 370 311 299 278
   206 318  46  93   0 331 306 216 263 351 338 363 214  32 155 251  19
   115 325 333   4 184 326 270]
  [  0 353 133   5 249 371 347  91  55 262 312 269 402  80 288 278 291
   139 167 107  15 325   0 352  99 280 120 295 134 390 328  84 324   2
   209 352 187  20 268  36  86]
  [  0 265 198 288   0 171 213  63 292 280  60  14 246 357 176 328 383
   402  21 339 136 378  93   0 181 313 185 110 224 348 256 395  23  64
   146 384 261 348 120 261 311]
  [  0 188  26  45 194 341  68 210 296  87 139   5 236 312 193 354 267
   178 130  13 154 285 296  44   0 100 115 321 364 209   9 401  78 122
   292  66 219  68 100 213 256]
  [  0 344 206 186 158 367 363 188 261 160 257 262 141 244 369  76 261
    63 303  43 167 120 386  80 399   0 266 180  71 224 374  60  61 140
   300 148 241 102 129 249 115]
  [  0 166 344 317  13 263 179 351 149 283 327 191 401  63  69  63 273
   392 234 357 154 117 193 122  63 295   0 238 262 212 237 394 166 394
   146 250 257 378  65 386 160]
  [  0 182 144 266 266 398 303 375  43 401 224 115 279  42 105 354  30
    95 124 175  48 198 270  36  45  47 220   0 313  73  30 260 334  92
    53 255 317  76 111  45 361]
  [  0  41  55 198 269  81 261 355 141 142  74 390 198  55 164 158 335
    22 295 267  42 188 350 267 270 346 333 151   0 401 298 216 312  37
   140 344  95 247  84  82 171]
  [  0 115 300  73 178 197  46 210 330   6 128 290  15  53  96 133 317
   380  63 342  35 255 381  61 222 306 345 215 277   0 139 148 394 332
   282 297 373 231 102 269 109]
  [  0 249 198 334 402 240 177 188 179 372 123 278 262 271  54 376  12
   110 202 385 374 140 343  87  85  90 288  69  55  41   0 137  16 268
   255 401  75 202 190 101 365]
  [  0  64  56 123 299  60 316 362 255 386 286  21 318  94 237 387 207
    20 287 127  63 340  79 181 227 160 361 398 241 268 301   0 243  58
    21  94 203  67 343 221  58]
  [  0 358 185 100 219  78 277 376 107 349 135 256 328 360 104 351 321
   360 114 239 371 335 145 387 387 163 127 186 181  77 221  59   0  94
   309  88 173 343 262 198 357]
  [  0 212 388 157 123 278 227 280 135 290 130 179 228 270  62 261 337
   172 267  22  97  93 158 402 127 325 304 178 341 245  98   0 252   0
   305 391 337 312 214 304 294]
  [  0 181 194  36 338 315 252  41  69 400 344 160 131 388  99 394 391
    69  19 140 387 403 275  59 169  91 304 104 211 269 242 223 173 346
     0 209 240 215 249 214 225]
  [  0 352 246 181 160 385  93 262 295  65 174  63 393  38 250 274 198
   246 284 394 153 396 308 283 399 103 228  58 195 167  89  59 273 364
    89   0 221 280 275 126 104]
  [  0  13  77 389 101 176  43 308 234 292 279 223  35  38 371  60 140
   239 151  60  25 393  32  97 125 183 397 393 134 185 387 199  52 210
    50 398   0 258 373 310 212]
  [  0 173 309  38 279 324 235 233  55 322 282  49 169 309  83 278 118
   300  45 320  68 280 110 106  52 312 337  85 264 306 273  56 191  95
   332 334 334   0   4  63  53]
  [  0 149  51 221 328 253 239 178 196 280  86 167 333  30  57 280 305
   111 327  85   0 391 332 293 184 241 212 173 179 283  99 232 154 232
   268 233 128   5   0 145 245]
  [  0  71 149 271 187  55 253 256 130 395 369 295 389  45  94   4 332
   350  52  54 153 259 214 313 139  11 400 109 302 314  38 101 186  15
   185  67  55 242  89   0 311]
  [  0 192 207 122 231  22  60 377 272  30 395  30 304 289   9 222 260
   248 310 125 286  99 402 145 144 248 216 143  80 189 380 369 266  83
   375 249 400 215 137 248   0]]

 [[  0 112 138  75  95 359  51 182 217 264  13 339  50 179 242 307 293
    71 355 101 304  66  83 279 233 223  52  95 292 288 276 295 186 366
    83 401 167 106 326 198 330]
  [  0   0 330  94 239  67  26 340 344 200  44 243  46 212  68 170 170
   275  37  57 153 272 335 237 152  80 149  72 100 107 389  44 263 129
   201  14 245 225 193 335 363]
  [  0 335   0 200 174  28 341 311 243 140 183 215  52 127 133 348  84
    84 157  97 202 105 340 357 321 287 170 393 188 303 324 185 149 236
   344 212 390 386 361   1 313]
  [  0 384 225   0 283 348 334 393 353  33  17   8 198   3 283 270 164
   351 337 231 254 357  50 299 179 243 183 147   2   2 250 275 218 331
    64 350  27  94 179 276 303]
  [  0 156 133  49   0 319  20 302  70  97 268 203 248 237 195 320 340
   164 229 169  68  23 249 228 377 363 211 120 369 347   3 210 340 398
   212 154  72  54 102 138 395]
  [  0 198 327 112 121   0 242  62 300 141 152 275 381 227 348 327 353
   299 220 285  11  49 356 155  63  67 132 212  52 312  61 359 264 325
   102 368 116 164 223 277 220]
  [  0 395 167 135 311 228   0 403   0 107 202  19 229 385 328 300 272
   396  61 243 385 155 309 350 230 194 287 285 247 307 129 204  23   6
   100 120 270 315   0 327 214]
  [  0  33   9 393 295  89 161   0  79  15  98 345 181 300 175 192 143
   182  64 299  89 215 274 403 283 101 326 379  97 330 280  18 178 104
    69   6 165 294 366 134  18]
  [  0 320 209 191 397  92 167  80   0 192  90  76   7 318 370 257 103
     9 187 289 402  69 311 152 150 168 166 273 149 186 378 374 374 379
   191 126 348 113 321 145 122]
  [  0 177 285  64 375  51  57 231 313   0  74 193 332 135 336 181 256
   329 257 265 248 163   5 218  79  54 297 208 141 384 195 304 126 144
    37 218  95 278  53  62 124]
  [  0  62  96 362 142 101 352 255  83 135   0 198 193  15 370 194  62
    81  79 291  93 249 126 285 187 173 211  46 235 327  50  55  56 120
    12  45 125 287 250  91 277]
  [  0 373 134  37 369 136  18  86 111  57  23   0 288 102 274  35 317
   174 215 330 229 369 300 145 240  17 366  96  66  94 389  99 113 305
    33 130 216 199  37 132  88]
  [  0 301  41 235 232 303 334 380 373 330 320  31   0 118 398 294 368
    60  91 222  51 252  76   1 363 163 218 354 220  41 195 296 108 172
   310 200 271 325 273  58 320]
  [  0  93 293  11 154  79   8 127 308 118 343  73  59   0  62 238 360
   179 371 142 199 151 269 360 258 106 155 330 170 326 114 334  83 281
   379 122 298  56 130  40 372]
  [  0 401 362  80  57  77 191 227   4  61  63  53 162 189   0 187 337
   371  27  94 121  61 310 342 128   8 208 307  58  22   6 120 163  64
    79  20 107  24 119  13  25]
  [  0 104 214 211 178 178 132  98 294 128 176 142 131 329 229   0 266
   182 345 270 113 113 349 258  68  62 305 251 142 278 148 172 290 120
   298 293 255 214  61 403  62]
  [  0 306 119  18  52 191 194 163 113 160 371 179 242 254 205 294   0
    92 356 299 221 240 301 159  94  57 103 204 329 218 320 147 226 398
    69 155 262   8 365 100  34]
  [  0 308  18 189 102 142 359  78   5 188 180 237  45 320 210  68 101
     0  93 354 170 236 278  47 226 146 193  69 371  31 293 171  46 208
    53 265 305 109 353 179 174]
  [  0 187 146 206 188 264  22 244 280 186 343 389 145 402 206 279 190
   116   0 137 128 201 154 344 342 313 103 368 132 364  92  64 380 113
   100 242 252  56 332  11  94]
  [  0  70 234 246  44 212 361 394  88  26 287  14 378 203 367 360 133
   132 162   0 235  46 356 138 200 286 229 197  58 139 146 363  36 132
    32 108  75 306 175 193 108]
  [  0 389  73  16  35 102 317 397  61  68 398  54 190 280 137 376 143
   200 333 243   0 343 125 318 104 178 154  28 262 161  67  80 211 331
    15  75 142 383 198   5 192]
  [  0 245  35 346 231 205 376 261 352 128 186 210  44 179 226 215 256
   238 372 269 347   0 368 250 349  51 243  47 247 150 106 204 375  94
   278 179  76  61 396 163  34]
  [  0  27 241 127  60  96  74  65 330 393 403  23 146 261 216  27  34
   221 120 373  11   6   0 247 176 243  56 210 138 312 164 166  68 248
   212 374 260 249 346 235 342]
  [  0 379 238 188 158  39  86  73 378 302  62 363 156 134 228 268  47
   132 401 162  16  89  11   0 302 329 208  76 119 154 267 230  84  65
   223 260 161  55 198 188 397]
  [  0 212  64 194  48 219 364 400 125  20 389  13 284 163 139 225  17
   335 144  28  57 272 179 282   0 315 186 190 122 377 174 372 381   8
    49  30  42 182 158 168 113]
  [  0 227 117 199 338 202 115 151  11 158  22 316 322 182 219  92 243
   364  43 189   3 242  77 271 241   0   5 395 322 319  35 372 219 291
   380 265 102 124 138 356 147]
  [  0  53 165 149 296 200 355 126 129 216 259 391  77  36 116 345 164
   118 349  41 301  43 366  38 281 166   0  54 244 150 342 186 223  68
   359 161  56 235  65  25  19]
  [  0 320 213 303   8 397 374   0  33 209 375 134 233 228 142 193  37
   194 377 145 339 153 201 379  16 289   2   0  93 181 215  72 158 201
   304  83 230  30  96  21 372]
  [  0 195  53 122 379  19 303 327 216  45 176  95  72 127 200 111 278
   345   7  52 181 136 182 201 301 240 343 354   0 196 174 267 173 173
    91 366 218  13 391 177  20]
  [  0  61 123 324 168 383 164 339 159 103 119 200 176 243 245 288 136
   269 377   3  75 195 297 258  45 269 347 224 155   0 127 225 186 398
   244 231  51   0  69 310  10]
  [  0 328  25 271 189 360 302  90 231 354  52 202 262 359   6 365   4
   136 395  52  25  86 303 144 302 300   6 223 301   2   0 386 390 182
   211  29 375 160 379 267  32]
  [  0  76 208 384 274 379 180 348 386 392 127 189  25 262  91   5  35
    19 243 300 342 268 111  82 334 330 310  67 321 355  41   0   0  11
   296 274 133 202 273 119 146]
  [  0 251 366 157 233 402 300 251 168 229  54 171 120 241 228 221 209
   276 392 328 353 335 100   9 384 196  50 157 318 148 196 351   0   0
   156 123  69 135 142 337 243]
  [  0 336 119  90  25 194 115 109  64 356 336 228 119  86 197 205 123
   383  19 345 391 109 108 275 360 278 383 291  91 398 228  68 127   0
   126 284 131 139 190 207 102]
  [  0 273  18 322 386  71 221 386 199 263 259 164 136 223  66 181 198
   153 191 388 219 165  64 120  30 386 191 159 149 149  66 237 298 386
     0 250 274  99 324  97 224]
  [  0 331  65 354 300 359 183 249  80 301 235 403  59 221  15 308 329
   335  17 126 389 365  25 142 371 346  52 382 188  44 154  31  98  24
   174   0  42 220 365   8  77]
  [  0 212 340 122 321 351 182 368 400  38   3 138 294  49 318 234 136
   370 294 256 254 186  97 134  90 244   2 107 389  58  46  31 239 190
    74 351   0 356 188 276 279]
  [  0 200 338 324 352 334 304 338 298  56 154 151  82 336  59 255 402
    61 166 383 272 302 350 291  57   5 286 376  55 317 337 235  72 391
    13 180 164   0 203  87  15]
  [  0 334 276 109 212 324 298 102 304 193 370 353  22 314 299 228  93
   392 173 248 186 378  57 342 199 284  94 122 321 219 214 350  75 340
    31 369 169 258   0 253  93]
  [  0   6 394 184 328  33  52 307  19 227 376 214 102 181 390 278 384
    29 288  68  77  95  99 201 259 188 202 270 213 140 203 335 301 228
   315  87   8 239   7   0   0]
  [  0  78 241 365 403 248 131  33 106 324 393 344 186 157 376 165 263
   308 295 157  31 186 231 329 248 368 285 207 355  93 280 195 371 337
   112 158 202 253 342 363   0]]]
release_time
[  0  56  71  59  69  63  49 356  91 116  54  36   8  84  77  12  76  89
  79  40 255  38  81  94   7 321  75  90  58 129 241 257 331 255  16  55
  61  64  52  84  81]
due_date
[  0 111 113 116 123 103 111 370 118 133 116 100  96 120  99 108 120 112
 120 119 306  96 105 113 102 400 101 124  94 182 247 287 356 307 106 101
 105 106 117 122 107]
unit_emission
[ 3 14  2  8  5]
emission_limit
10294.2
setup_severity
2.0
due_tight
0.9
due_range
0.25
release_tight
1
degree_constr
0.2
