param: 
proc_time: (1, 100)
setup_rate: 0.5
setup_time: (15, 30)
delivery_time: (1, 30)

mach
8
job_rate
5
fam
8
setup_rate
0.5
proc_time
[[  0  99  28   6  40  59   6  78  21  23   1  49  55  58  71  11  30   4
   94  55  42  98  36  21  75  52  89  56  42  49  54  62  55  74  10  36
   22  64   2  81  58]
 [  0  31  74  31  46  50  70  26  22  28  14  77  46  54  74  20  19  69
   15  31  21  19  70  54  40  83  38  20  46  55  37  75  51  81  56   2
   36  16   5  38  84]
 [  0  71   9 100  60  68   5  10  39  25   1  64  97  55  27   6  61  53
   34  13  84  98  31  98  77   4  62  73  68  64  21  99  23   9  13  18
   11   7  63  13  79]
 [  0  17  46  80  27  24  33  52  20  69  37  90  30  33  87  32  78  67
   69  30  90  92  95  24  43   5  52  21  57  26  60  13  89   4  62  11
    9  46  94  45  16]
 [  0  39  56  11  69 100   9  19  71  78  15  30  41  50  76  56  30  33
   96  14  39   8  14  30  74  18  96  41  67  92  93   7  61  37  42  31
   67  94  34  94  17]
 [  0  34  58  60  36  44   1   6  61  13  74  59  71  65  21  21  72  20
   41  37  26   8  18  94  81  43  53  45  33  51  94  55  47  71  60  78
   96  27   1  55  55]
 [  0  28  49  37   3  78  95  98  82   6  54  89  45  86  75  15  45   4
   84  33  39  70  43  29  87  71  24  59   3  11   6  68  97  37  86  26
    4  70  59  60  98]
 [  0  76  54  53  75  45  47  76  11   9  91   3  49  82  97  75  94  34
   46  52   8   4   8  52 100  49  54  30  54  15  20  46  32   1  47  51
   69  23  35  47  64]]
setup_time
[[[ 0 23 19 23 30 20 16 29 25]
  [ 0  0 27 16 28 28 24 24 30]
  [ 0 26  0 25 28 15 20 25 28]
  [ 0 19 28  0 19 29 24 20 23]
  [ 0 17 20 24  0 20 19 29 17]
  [ 0 30 25 23 26  0 29 18 24]
  [ 0 30 16 21 25 18  0 26 22]
  [ 0 23 17 23 29 22 23  0 19]
  [ 0 21 16 23 22 19 19 16  0]]

 [[ 0 20 19 26 20 27 17 28 17]
  [ 0  0 29 25 23 21 16 25 22]
  [ 0 27  0 27 15 16 26 22 22]
  [ 0 24 30  0 26 29 29 28 24]
  [ 0 20 30 29  0 25 24 30 15]
  [ 0 17 27 30 25  0 29 19 22]
  [ 0 25 29 27 21 25  0 24 29]
  [ 0 22 25 25 30 29 16  0 29]
  [ 0 23 23 22 21 17 17 29  0]]

 [[ 0 28 30 23 18 26 25 19 16]
  [ 0  0 23 20 22 23 24 15 23]
  [ 0 25  0 18 20 24 23 19 20]
  [ 0 21 20  0 23 19 23 21 18]
  [ 0 20 25 30  0 27 18 30 27]
  [ 0 25 22 29 17  0 26 28 22]
  [ 0 27 22 18 25 30  0 17 26]
  [ 0 18 27 16 19 23 26  0 28]
  [ 0 25 27 19 26 25 19 16  0]]

 [[ 0 29 28 20 21 29 29 17 20]
  [ 0  0 16 17 16 15 24 21 17]
  [ 0 29  0 25 26 15 28 16 26]
  [ 0 17 29  0 25 30 25 17 27]
  [ 0 24 26 22  0 18 29 27 29]
  [ 0 25 17 27 16  0 25 29 29]
  [ 0 20 29 30 26 24  0 16 26]
  [ 0 28 24 22 25 29 26  0 30]
  [ 0 23 15 24 28 26 30 28  0]]

 [[ 0 25 23 16 30 18 21 27 17]
  [ 0  0 28 21 18 20 27 26 21]
  [ 0 16  0 21 15 23 21 19 24]
  [ 0 19 19  0 22 25 29 21 18]
  [ 0 26 24 23  0 27 25 27 19]
  [ 0 23 18 17 26  0 16 18 28]
  [ 0 19 20 18 22 25  0 26 30]
  [ 0 15 22 27 23 21 24  0 17]
  [ 0 18 23 29 19 26 27 26  0]]

 [[ 0 28 19 23 28 27 26 25 27]
  [ 0  0 23 16 22 27 22 20 17]
  [ 0 21  0 27 30 29 24 21 17]
  [ 0 15 26  0 21 23 15 28 30]
  [ 0 21 30 21  0 21 25 26 23]
  [ 0 29 25 27 22  0 24 15 18]
  [ 0 17 22 28 28 25  0 20 29]
  [ 0 23 16 29 20 26 30  0 16]
  [ 0 21 17 22 30 23 30 30  0]]

 [[ 0 27 29 25 19 27 26 29 26]
  [ 0  0 22 30 24 30 25 15 24]
  [ 0 17  0 25 20 30 21 18 24]
  [ 0 17 22  0 21 21 24 27 20]
  [ 0 25 22 19  0 19 17 28 15]
  [ 0 29 15 15 18  0 17 16 19]
  [ 0 24 16 23 28 22  0 27 22]
  [ 0 17 24 24 21 27 15  0 16]
  [ 0 26 28 27 17 15 30 28  0]]

 [[ 0 20 26 15 15 25 21 30 29]
  [ 0  0 17 24 19 26 28 17 23]
  [ 0 27  0 30 27 23 23 29 16]
  [ 0 21 20  0 21 15 23 27 17]
  [ 0 17 25 22  0 17 22 15 30]
  [ 0 16 20 17 18  0 16 22 20]
  [ 0 20 19 21 16 18  0 26 22]
  [ 0 25 24 27 20 17 18  0 17]
  [ 0 18 21 27 19 25 29 29  0]]]
delivery_time
[[ 0  3 13  5 30 18 26 22 18 28 12 28 19 16 18  9  4  3  6  6 29 30 15 30
  13  9  2  5 20 10 20  9 26 22  2 15 23  9 14  9  9]
 [ 0 13 16  9 12 26 11  6  9 27  1 30 19 12  3 13 18  5  4 15 13 15 17  7
  10 22 16 17  6 22 12  7 25  4 11 29  3 14  3  3 29]
 [ 0  4  3 12 19 26  9 14  9 11 15 24 30 17 26 14  8 11  2  1 22 30 12  3
   7  9  3 13 10 13 10  7 17  1 12 19  5  2 23 20 29]
 [ 0 15 21  9  6  7 17 17 19 13 11  4 18 16  3 12 27 20 26 17 19 11 25 14
  15 12 25  3  9 10 24  8  1 15 29  3  8 27  5 24 10]
 [ 0 22  5 30  6 19 18 23  2 14 14 19  9 29 23  8  5  6 16 20 27 18 24 15
  11  1 13  2 27 27 13  8  3 25  1  1 24  9  1  4  8]
 [ 0 22  3 15 15 11 28 18 28  8 22  4 24 23 18  8 10 26  3 19 14  7  8 26
   6 20 16  7  4  2 25  3 11  3 16 23 30  3  6 16 18]
 [ 0  4  5 12  1 12 12  8 17  8 26 16 18 12 30 12  9 12  2 19 15 14 25 10
   2  9 10  3 17 20 30  7  9 16 10 25 15 24  1 10  8]
 [ 0 18 28 21 23 26  7  4 30  2 21 26 15 24 30 17  1 16  3 29  7 17 11 15
  25 26  4  8 13  1 26 28  6  8 25 19  5 27  2 10  1]]
job2fam
[[1 0 0 0 0 0 0 0 0 0 0 0 0 0 0 0 0 0 0 0 0 0 0 0 0 0 0 0 0 0 0 0 0 0 0 0
  0 0 0 0 0]
 [0 0 0 0 0 0 0 1 0 0 0 0 0 1 0 0 1 0 0 0 0 0 0 0 0 1 0 0 1 0 0 0 0 0 1 1
  0 0 0 0 0]
 [0 0 0 0 0 0 0 0 0 1 0 0 0 0 0 0 0 0 0 0 0 0 0 0 0 0 0 1 0 1 0 1 0 0 0 0
  0 1 0 0 0]
 [0 0 1 0 0 0 1 0 0 0 0 0 0 0 1 0 0 0 0 0 0 0 0 0 0 0 0 0 0 0 0 0 0 0 0 0
  1 0 0 0 0]
 [0 0 0 0 0 0 0 0 0 0 0 0 0 0 0 1 0 0 0 0 1 1 0 0 0 0 1 0 0 0 0 0 0 0 0 0
  0 0 0 0 0]
 [0 0 0 0 0 1 0 0 1 0 1 0 0 0 0 0 0 0 0 1 0 0 0 0 0 0 0 0 0 0 0 0 0 0 0 0
  0 0 0 1 0]
 [0 0 0 1 0 0 0 0 0 0 0 0 1 0 0 0 0 0 1 0 0 0 1 0 0 0 0 0 0 0 0 0 0 1 0 0
  0 0 1 0 1]
 [0 1 0 0 1 0 0 0 0 0 0 0 0 0 0 0 0 0 0 0 0 0 0 0 0 0 0 0 0 0 1 0 1 0 0 0
  0 0 0 0 0]
 [0 0 0 0 0 0 0 0 0 0 0 1 0 0 0 0 0 1 0 0 0 0 0 1 1 0 0 0 0 0 0 0 0 0 0 0
  0 0 0 0 0]]
unit_cost
[5 5 5 7 5 5 7 4]
pre_factor
2.0
