param: 
proc_time: (1, 100)
setup_rate: 2.0
setup_time: (60, 120)
delivery_time: (1, 100)

mach
5
job_rate
5
fam
3
setup_rate
2.0
proc_time
[[  0  89   7  83   7  47   8  78   1  77   3  53  92  38  51  15 100  67
   64  68   5  90  89  10   8  12]
 [  0  59  67  91  50  23  40  97  78  87  95  77  76  99  18  21   1  38
   41  42   9  23  78  11  71  31]
 [  0  26  30  34  46  69   5  61  83  38  28  26  61  23  46  30  67  92
   33   3  69  83  42  62  58  57]
 [  0  73  60  69  59  46  34  97  25  42  29  25  54  73  67  15   4  38
   20  23  37  62   8  37  45  97]
 [  0   7  22   5  15  21  89  17  56  50   7  50  60  83   7  40  45  59
   88  75  55  64  65  54  96  40]]
setup_time
[[[  0 103  61  74]
  [  0   0 109  76]
  [  0 111   0  68]
  [  0  79  78   0]]

 [[  0  89  99  60]
  [  0   0 106  78]
  [  0  85   0 103]
  [  0  97  88   0]]

 [[  0 104  76  92]
  [  0   0  83  76]
  [  0  98   0  99]
  [  0 105 110   0]]

 [[  0  72  67  60]
  [  0   0  61  73]
  [  0 107   0  63]
  [  0 107  69   0]]

 [[  0  65  82  64]
  [  0   0  69 102]
  [  0  73   0 119]
  [  0  87  80   0]]]
delivery_time
[[  0  73  83  15  98  63  19  63  56  21  34  17  18  81  66  51  65  43
   57  10  37  48  69  56  76  36]
 [  0  55  38  73  90  15  16  77  89  94  53  56   7  57  55  52   4  43
   40  30  10  94   7  36  35  88]
 [  0  36  20  49  96  59  49  90  26  36  43  99  43  99  76  33 100  78
   97  45  45  88  15  95  17  12]
 [  0  23  90  78  12  68  51  13  57  55  82  28  44  19  46   3  83  20
   25  75  56  81  61  55  35  78]
 [  0  39  57  83  67  34  41  22  27  21  41  31  27  37  66  54   9  83
   42  36  10  59  40  54  39   7]]
job2fam
[[1 0 0 0 0 0 0 0 0 0 0 0 0 0 0 0 0 0 0 0 0 0 0 0 0 0]
 [0 0 1 0 0 1 0 0 0 0 0 0 0 1 0 1 0 0 0 0 0 1 0 0 0 1]
 [0 1 0 0 1 0 0 1 1 1 1 1 1 0 1 0 0 1 1 1 0 0 0 0 1 0]
 [0 0 0 1 0 0 1 0 0 0 0 0 0 0 0 0 1 0 0 0 1 0 1 1 0 0]]
unit_cost
[8 8 8 5 7]
pre_factor
0.5
