param: 
proc_time: (1, 100)
setup_rate: 0.5
setup_time: (15, 30)
delivery_time: (100, 200)

mach
8
job_rate
8
fam
8
setup_rate
0.5
proc_time
[[  0  15  23  60   9  41  85  50  58  82  72  36  56   1   4  62  20  72
   90  13  21  84  71  20  64  65  41  31  93  19  12  71   8  15   9  89
   40  73  71  62  53  19  50   2  85  25   4  74  38  65  82  92  14  65
   58  95  70  51   3  79  92  24  67  89  33]
 [  0  29  91  73  66  44  16  21  27  97  27  67  18  95  28  50  49  69
    3  54  77  52   5  93  97  68   8  21  53  77  22 100  26  57  93  80
   89  66  18  41  97  52  67  63  33  93  62  60  45  54  70  51  71  82
   60  13  24  40  90  40  50  59  82  60  30]
 [  0  85  62  98  11  83  12  66  85  52  95  17  29  14  65  73  90  70
   76  50  84  41  60  24  73  31  94  41  10  64  37  74  88  85  71  20
   18  20  69  42  47  26  87  44  94  49  65  42  15  26   8  84  22  99
   58  99  45  25  50  92  56  75  37  34  13]
 [  0  24  17   4  26  90  15  46  27  73  25  91  22  72   5  41  84  17
   86  62  77  19  79  47   3  77   4   2  37  77  62  21  97  58  42  12
   65  68  18  85  60  52  74  99  30  98  23  19  11  14  47  31  26  68
   60  35  95  85  33  32  92  73  15  92  10]
 [  0  74  52  23  57  85  31  19  46  77  29  25  64  85  10   6  76  76
   75  42  79  44  89  87  49  29  99  75   9  13   4  35  68  26  35  48
   18   6  92  40  48  63  18  91  58  45  59  85   6  71  39  28  36  45
   75  12  14  79  59  39  39  16  30  92  89]
 [  0  27  73  13  59  10  14  27  40  84  63  67  21  32  83   1  87   7
    1  94  67  16   7  26  23  50  15  74  15   1  15  42  97  94  75  10
   65  72  53  11  36  46  50  20 100  48  76  82  76  46  11  63  57  19
   10  77  37  56  54  69  13  10  72  70  22]
 [  0  67  32  36 100  11  63  98  98  66  19  23  64  75  77  86  99 100
   24  25   4  64  34  56  53  12  85   1  47  57  69 100  47  95  43  86
   18  58  54  69  71  91  26  96   3  39  54  61  64  11  10   7  58  56
   26  81  49  33  59  70  92  63  31  83  71]
 [  0  17  60  88  91  33  82  93   1  99  74  42  30  81   7   4   9  89
   97  92  42  58  62  32  43  18  50  68   1   6   9  20  82  17   6  98
   75   8  27  70  10  71  15  65  24  18  28   4  98   6  93  15  67  40
   68  99  47  61 100  86  57  52  27  33  85]]
setup_time
[[[ 0 29 15 18 16 28 20 26 24]
  [ 0  0 17 23 30 23 23 25 27]
  [ 0 19  0 23 15 29 26 27 25]
  [ 0 30 18  0 16 29 28 20 23]
  [ 0 28 30 15  0 17 19 26 17]
  [ 0 24 16 21 24  0 20 23 28]
  [ 0 29 17 27 26 28  0 20 15]
  [ 0 30 21 27 18 22 17  0 24]
  [ 0 19 27 28 30 15 24 30  0]]

 [[ 0 29 16 22 20 21 22 16 17]
  [ 0  0 21 21 29 29 28 16 27]
  [ 0 28  0 26 17 28 16 24 26]
  [ 0 22 18  0 28 21 16 20 21]
  [ 0 26 27 24  0 23 18 16 23]
  [ 0 25 21 21 16  0 26 19 22]
  [ 0 20 20 24 23 30  0 15 30]
  [ 0 17 22 21 20 24 30  0 18]
  [ 0 19 15 30 27 27 17 25  0]]

 [[ 0 29 15 19 30 24 23 21 19]
  [ 0  0 20 16 15 27 25 30 24]
  [ 0 27  0 21 22 19 16 18 27]
  [ 0 25 18  0 25 22 24 19 26]
  [ 0 28 28 28  0 23 19 16 28]
  [ 0 17 24 30 30  0 21 24 21]
  [ 0 15 19 28 21 21  0 23 26]
  [ 0 21 20 24 29 22 20  0 28]
  [ 0 22 17 24 25 18 19 21  0]]

 [[ 0 22 15 29 24 26 20 24 15]
  [ 0  0 17 25 28 27 21 24 19]
  [ 0 25  0 28 23 17 29 26 15]
  [ 0 25 16  0 19 28 21 15 25]
  [ 0 15 30 29  0 21 29 20 18]
  [ 0 19 28 18 25  0 22 18 23]
  [ 0 18 29 21 24 22  0 28 25]
  [ 0 21 27 29 30 22 29  0 25]
  [ 0 20 22 27 30 26 15 28  0]]

 [[ 0 15 23 21 21 20 18 19 18]
  [ 0  0 30 20 22 23 29 26 18]
  [ 0 15  0 30 26 20 29 22 23]
  [ 0 26 19  0 23 17 27 27 16]
  [ 0 21 27 26  0 18 21 15 15]
  [ 0 30 17 27 25  0 24 20 20]
  [ 0 19 21 22 16 20  0 21 22]
  [ 0 15 16 17 27 28 27  0 30]
  [ 0 19 18 20 28 17 26 16  0]]

 [[ 0 24 16 19 16 25 28 20 25]
  [ 0  0 22 15 17 15 17 24 15]
  [ 0 20  0 24 24 15 26 15 30]
  [ 0 17 25  0 23 18 17 26 15]
  [ 0 18 23 21  0 21 27 28 16]
  [ 0 30 26 21 19  0 26 27 18]
  [ 0 19 25 15 19 21  0 25 28]
  [ 0 23 24 20 22 30 15  0 23]
  [ 0 25 27 30 28 29 21 21  0]]

 [[ 0 23 20 25 18 16 15 25 16]
  [ 0  0 17 20 22 20 28 29 18]
  [ 0 15  0 24 30 24 15 25 29]
  [ 0 15 26  0 22 26 23 22 20]
  [ 0 29 25 30  0 26 25 23 28]
  [ 0 24 23 30 24  0 17 25 18]
  [ 0 15 19 19 25 27  0 20 20]
  [ 0 18 30 23 24 20 19  0 17]
  [ 0 25 15 28 26 21 15 28  0]]

 [[ 0 26 29 26 27 21 18 26 15]
  [ 0  0 27 21 21 28 19 29 19]
  [ 0 25  0 24 29 20 27 21 28]
  [ 0 17 28  0 28 18 20 19 19]
  [ 0 19 20 21  0 24 21 20 17]
  [ 0 29 30 18 24  0 29 24 26]
  [ 0 15 24 15 22 24  0 28 25]
  [ 0 27 28 21 23 21 19  0 17]
  [ 0 17 26 28 24 30 25 25  0]]]
delivery_time
[[  0 105 183 132 176 181 189 186 186 190 108 190 107 124 188 120 141 189
  122 170 110 187 185 150 196 158 113 173 196 158 200 153 166 109 137 188
  176 119 191 173 127 144 110 196 153 112 185 198 186 143 100 130 194 141
  116 124 118 101 168 135 161 169 195 146 162]
 [  0 195 111 137 165 100 149 145 109 171 142 137 103 111 149 105 113 149
  180 105 139 156 194 171 141 142 102 192 171 182 115 191 168 164 169 172
  143 101 190 165 175 179 129 184 120 181 125 149 135 119 182 120 158 156
  145 105 186 140 105 126 129 159 196 178 138]
 [  0 186 140 157 169 112 107 200 101 144 200 147 150 160 167 122 197 191
  148 128 165 180 118 191 185 109 136 101 155 176 142 166 180 191 112 113
  100 107 100 123 160 100 168 122 143 135 178 196 176 166 159 179 188 138
  126 126 141 131 152 132 117 123 172 191 152]
 [  0 191 112 193 151 197 132 197 134 188 155 126 124 108 112 128 141 152
  185 178 113 200 166 131 132 128 162 103 183 130 117 195 143 190 140 117
  111 181 110 121 173 118 108 182 177 185 139 195 159 143 132 185 113 193
  117 192 182 125 109 165 129 108 168 176 141]
 [  0 143 177 106 174 136 145 153 127 183 177 178 105 195 140 136 191 163
  152 108 105 190 163 111 182 138 106 152 116 158 150 177 200 175 170 159
  137 167 176 166 187 118 129 145 165 136 136 198 131 154 161 183 184 140
  117 159 126 113 147 165 198 160 199 152 199]
 [  0 121 101 131 114 179 152 150 133 194 111 168 200 194 132 149 168 177
  180 138 150 157 129 179 143 114 173 127 116 116 187 174 121 162 105 118
  178 141 111 146 191 149 106 173 106 147 189 127 125 196 128 166 104 200
  150 111 139 164 176 176 190 106 116 161 138]
 [  0 115 188 128 162 179 139 150 150 171 184 173 172 147 195 108 115 160
  185 101 110 195 103 159 196 158 134 166 195 174 163 152 167 187 138 149
  152 135 148 145 102 119 133 137 186 121 110 145 146 150 169 101 146 193
  120 146 200 149 157 167 198 151 186 144 178]
 [  0 173 143 161 165 144 152 146 128 103 135 134 192 139 166 163 182 171
  191 110 177 173 112 145 122 153 138 115 150 127 197 156 196 112 198 113
  143 150 192 138 109 140 180 170 136 158 178 192 127 174 114 180 180 139
  128 120 143 192 106 133 141 121 131 140 141]]
job2fam
[[1 0 0 0 0 0 0 0 0 0 0 0 0 0 0 0 0 0 0 0 0 0 0 0 0 0 0 0 0 0 0 0 0 0 0 0
  0 0 0 0 0 0 0 0 0 0 0 0 0 0 0 0 0 0 0 0 0 0 0 0 0 0 0 0 0]
 [0 0 0 0 0 0 0 0 0 0 0 0 0 0 0 0 0 1 0 0 0 1 0 0 0 0 0 0 0 1 1 0 0 0 1 0
  0 0 0 0 1 0 0 0 0 1 0 0 1 0 0 0 0 0 0 0 0 0 0 0 1 0 0 0 1]
 [0 0 0 0 0 0 0 0 0 1 0 0 0 0 0 0 0 0 0 0 0 0 0 0 0 0 1 0 0 0 0 0 0 0 0 0
  0 0 0 0 0 0 0 0 1 0 1 0 0 1 0 0 0 1 0 1 0 0 1 0 0 0 0 0 0]
 [0 0 0 0 1 0 0 0 0 0 0 0 0 1 0 0 0 0 0 0 1 0 0 0 0 0 0 1 0 0 0 0 0 0 0 1
  0 0 0 0 0 0 0 1 0 0 0 0 0 0 0 1 0 0 0 0 1 0 0 0 0 0 0 0 0]
 [0 0 0 1 0 0 0 0 0 0 0 0 0 0 0 1 1 0 0 0 0 0 1 1 0 0 0 0 1 0 0 0 0 0 0 0
  0 0 0 0 0 0 0 0 0 0 0 0 0 0 0 0 0 0 1 0 0 0 0 1 0 0 1 0 0]
 [0 0 0 0 0 0 0 0 1 0 0 0 0 0 0 0 0 0 0 0 0 0 0 0 0 0 0 0 0 0 0 0 0 0 0 0
  1 0 0 1 0 0 0 0 0 0 0 0 0 0 1 0 1 0 0 0 0 1 0 0 0 1 0 0 0]
 [0 0 0 0 0 0 0 1 0 0 0 1 0 0 0 0 0 0 1 0 0 0 0 0 1 0 0 0 0 0 0 0 0 0 0 0
  0 0 0 0 0 0 0 0 0 0 0 0 0 0 0 0 0 0 0 0 0 0 0 0 0 0 0 0 0]
 [0 0 1 0 0 1 1 0 0 0 1 0 0 0 1 0 0 0 0 1 0 0 0 0 0 1 0 0 0 0 0 1 0 1 0 0
  0 0 1 0 0 1 0 0 0 0 0 1 0 0 0 0 0 0 0 0 0 0 0 0 0 0 0 1 0]
 [0 1 0 0 0 0 0 0 0 0 0 0 1 0 0 0 0 0 0 0 0 0 0 0 0 0 0 0 0 0 0 0 1 0 0 0
  0 1 0 0 0 0 1 0 0 0 0 0 0 0 0 0 0 0 0 0 0 0 0 0 0 0 0 0 0]]
unit_cost
[15 20 20 16 15 17 16 15]
pre_factor
2.0
