mach
5
job_rate
8
weight
[ 0  2  7  9  7  2  5  2  6  1  5  8  3  3  3 10  2  9  3  4  8  3  3  5
  1  6  9 10  6  5 10  4  4  2  9 10  2 10  2  5 10]
proc_time
[[  0 126  67 119  61 106 143 128  75 109 112 110  66 114  90  55  84  69
   63  61  80 139  78 134  50 149  82 123  83 143 112  65  61 117 137 133
   83  86 130  99 106]
 [  0 110 138  67  71  50  73 119  93 150 143  54  98  60 143  74 135  75
   91 120 140  63 138  93  74 113 100  80 108  95  92 144  56 147  56  96
  136  73  98  58  79]
 [  0  51 108 138  87 101  81 111  85  74 118  74  66  72  84  75  94 131
  147  53  65 140 138 118 133 121  75  97 145 149 131 120 145 127  51  71
  121 149 125  78 140]
 [  0 116 134 120  73 132  64 121  90  52  80 117 112  79  79  51  51 148
  141 137  60 150 142  68  91 115  65  68  87  68  75 115  88 105  70 138
  102  88 100 126 147]
 [  0 110 134  62  62 146 129 129  55 127 101 106 124  64 107 124  56  85
   71 103 131  94 104 105  87  66 149 130  50  71 138 124  54  81  99  92
   65  76  76  64  90]]
setup_time
[[[  0  32 212 313 186 308 395 186 115 148 133 342 323 354 151 304 317
   373  77 147 193 226 252 367 377 241 344  34 386 385  59 296 280  54
   354  71   6 320 217  61  94]
  [  0   0 260 300 329 192 325 254 313  59  20  83 149 128 172 342 177
     7 222 207 118 361 372 277  94  88 215 368 181  70 231 204 388 211
   180 127 207 195 170 248  53]
  [  0 281   0 358 240  17 295 102  63 153 348 253 272 246 391   7 371
   230  51 204 391 260 167 236 330 350 385  29 162 264 327 340 366 322
    92 296 350 265 331 196 341]
  [  0 303 132   0  28  24 319 395  73 279  98  94  83 164 357 264 268
    58 218 190 186  46 289 252 382  43  76 227  81 133  86 340 162 335
   299 218 221 225 367 249  53]
  [  0 176  42 176   0 375 381  41 231 140 183 186 332 358 253 130 198
   320 377 377 255 137 114 217 216 204  66 317 259  22 377 385 272 370
   150 280  30 152 373 321 392]
  [  0 213 220 223 330   0 395  47 143 379 186  75 299 307  91  60  85
   173 276 110 223  13 144 269 321 117 229 239 307 140 185  18  27 343
   303   8  21 356 185 110 258]
  [  0 207 393 389 105 317   0  82  10 239 205  24 171 277 364 113 216
   160 270 257 108 272 108 369  71 105 326 326 370 142 134 268  94 279
   242 296 319 319  17 253  13]
  [  0 292  56 374  83 183  80   0 337 119 377 137  15 327 223 358 223
   353 360 232 158 337 154 233 235 287 299 192   9 291  16 207 215  18
   260  62 278 341 168 218 195]
  [  0 364  56  38 268  46 155 247   0 380 395 259 191 372 281 337 153
    41 272 359 298  55  34  88 264 141   0 182 364 396 266 332 201 129
   135 373 121  19 378 380 319]
  [  0  44 287 290 207 371  81 220  67   0  31 299 385 131 156 386 325
   323 138 336 131  13  48 138 236 276 189 240 216  59 359 164 214  53
   304 368 265 205 105 180 243]
  [  0 363 236  57 260 278  47 119 107 303   0  79 373 211 120 280 386
   235  73 371 158 321 366 368 283 377 252 212 343 110  88 315 200  32
   314 138 372 300 301 368 392]
  [  0 154 153 120 211 214 257  91 172 281 312   0 283 247 197 198 220
    76  23  11 357 396 165  47  88  37 238 105 194  11  80 227  76 153
    40  41 227  86 206  57  75]
  [  0  28  12 360 363 241 285 263  76 212 351  83   0 185 168  79 390
    85 154 178 117 194 282  28 201 248 229   3 165 356 266 119   3  74
   171 344  18 122  16  98 309]
  [  0 123 176 227 317  29 235 113 219 385  84 239 145   0 174 226   3
   202  93 297 314  95 358  99 105 372 267 349 118 323 103 353 149 216
    74  72 248 393 348  21  41]
  [  0   5  71 394 126 265 208 139 299 177  15 263 224 317   0  11  54
    94  90  97 106 168 227 269 262  95 131 153  61 181 268 133 127 211
   286 188 200   0 311 313 394]
  [  0 374 248  82 229 360 334  85  63  25  18 267 176 217 252   0 375
    76 167 373 164 301 313 366 254  90 335 352  41 307 369 379  98  30
   298 347 197 355 276 227 336]
  [  0 157  59 333  70 254 220 338 298 271 272 371 272 279  70 311   0
   219 250 336 394 215  54 358 308 249 208  24 382  61  59 367 142 333
   260  76 354 257 237 118 236]
  [  0  93  10  86 289 287 233 133 149  46 370 129  37  30 109  65 109
     0  50 288 285 395 265 202 232  79  10  51 176 330 126 357 307 271
   291 282 298 148 301  74 259]
  [  0  50  69  11 186 280 153  72 358 208 381  38  16 224 185 340 341
   366   0  71  53 111 395  60  18 270 112 154 327 309  82 364 194 222
   310 129  72 137 370 274 273]
  [  0  59 153 165 314 179 170 160 104 385 146 256 332 127 178 289 164
   206  76   0 241 351 152  74 309  45  88 272   0 262 138 172 337 105
   208  85 239 278 129 358 161]
  [  0 295 356  45  22 370 136  78 309  11 325 147 349 316 163 184 138
   292 104 259   0 348  13  33 383 171  95  46 112  25 115  76  93 224
     0 319  96  73 304 163 206]
  [  0  86  33 323  17 248 386 298  25   3  20 263 366 334 353 354  99
   154 126 114  23   0 253 276 103 181 352 380 275 108 366 395 287 360
   383 123  54 268 262 297  11]
  [  0 263 334 117 374  64  23  25 201  76  14 112 237 157 176 241 132
   146 257  47  27  51   0 331 108 384 239  83 232  36 295 301 106  72
   375  17 372 349 249 114  35]
  [  0 280 176  28 152 140  85 292  46  91 109 199 178 391 197 312  43
   125 275  76  17 128  98   0  91 215 221 108 178  74 305  79 389 222
   309 196 382 142 389  60 242]
  [  0  19 189 257 251 314 103 255  12 129 330 168  69 242 239 161 290
   101 369 295 393 369 260 325   0  37 140 377 288 175 366 314 262 145
   204  18 198   3 298 303 288]
  [  0 103 104 270  79 105 338 121 144 258 272   0 143 148 264 340 270
   202 305 229 136 243 220 352  93   0 374   4 205 294 317 369 119 275
    70 339 325 355 211  86 191]
  [  0  52 389 251 275 112  89 345 271 310 295 322 270 307 157 287  96
   264  68 391 246 108 250 394  73  79   0 326 282 261 175 271 332 184
   213 183 339 232  51 293 300]
  [  0  39 339 258 325  71 290 278 216 379 127 376  81  19 123 286 155
    38 391 214  69 335 298  91  72 311  40   0 184  86 210 195 388 383
   294  92   2 241 321 126  47]
  [  0  70 155 395  26 257  11 158  28  28 146 388 246 302 111  89 292
   310 214 349  50 184 252   8 324 388  65 130   0 322 104 334 127 297
   213  34 395 123 383 239   5]
  [  0 374 198  90  79  56  14 240 215  10  24 247 125  38 180 343 192
   280  22 342 314 362 153  39  44 383  79   2 385   0 382 178 204 342
   319 209 351 339  58 144  79]
  [  0  87  71  27 329  60 387 223  67 260 363 179   2 228 111 337 373
   204  84 300 353  33 106 126  17 288 205   7 325 127   0 201  34 338
   285 204 179 272 359 106 125]
  [  0 302 111 178 169  41 167 184 184 141 384 168 124 337  49 243 343
   294 216 178  53 267 178 339  56 243 344 122 177  19 371   0 285 383
   311 202 118   8 128 255 303]
  [  0  59  48 362 393 155 194 246  77 164  18  92 128 313  67 187  69
   389 367 207 129 165   6 168 379 178 288 228 123 203 296 201   0  81
   333 209  89  27  97 181 127]
  [  0  11 387 316 258 374 160 129 224 239 337   2  84  48 154 347 240
   101 361  66 391 384 139  99 242 179  40 326 125 208 250 173 276   0
   104 233 334 278 117 216 367]
  [  0 293 284  96  79  66 352  49 290 323   3 115 378 181 339 281 215
   265 131 291 112 241 271  19 271 142  52  38 136 283  36 145 109 345
     0 139 346 199 167 179  59]
  [  0 116 285 209 239 391  89 302 287 135 139  23 142  57  75 178 101
   145  12  73 122   9 374  52 303 335 261 144 247 201  77  53 187 365
    23   0 149  70  19 252 170]
  [  0 232  83 224 357 231 228  92 308 179 336 137 196 182 243  54 259
   218 229 323 200  84 306 142 146 316   2 186 178 359 277 391 117 331
   216  24   0 110  15  22  32]
  [  0 100 258 380 138 210 259 358 186 365 315 367 397 380  22  39 226
   292 321 380 354 195 280  83  18 124 351 129  25 308 312 183 395 329
    43  90 141   0  32 285 308]
  [  0 199 375 293 322  35 316 167 107  50 120 155 269 191 337 369 230
   119 209 156 327 354 100  28 195 356 332 224 212  62 235 154 397 384
   369 186 166 195   0  27 332]
  [  0   5 299  91 380 388 395  92 310 335 352  15 341 203  46 195  28
   366 196 333 183  21 396  99  43 204  49 178 255 163 157 321 301 282
   184 366 123 323 220   0 241]
  [  0  65 239 234 278 347 166 390 210 100  64  28 291 288 253 264 387
   361  32  43 260  40 365 215  24 119 364 364 367  33 261 252  42 153
   135 298 397  23  52 114   0]]

 [[  0  88 106 223 167 228 185  66 172 219 129  78 171 127 230 287  69
   273 159 184 174 212 143 122 328 350  57 247 185 276  58 196  90 182
   369  54 360  67 198  74  40]
  [  0   0   2 173  41 203  82 162  38 287 241 224 173 374 304 319 292
   163 328 285 270 246  64 377  13 108 239 186 186 322  61 332 199 118
   195 371  93 353 197  66 103]
  [  0 283   0 233 288  59 384  42 118 240 312 187 114 121  95 210  27
    92 278 305 357  10 282 394 132 220 333  47 391  63 113 101 349  21
    69 217 246 270 302 255 103]
  [  0 321 397   0 195 231  21 301 189  90 220  41 233 175 160 118 299
   119 139   7 171 294 311 235  75 375 325 285 170 397 126  29 396 287
   126 180 370 286 203   2 342]
  [  0 207  86 161   0 237 378 168   3  66  79 393 229 259 329  87 260
   239 179 362 156 248  87  67 100 180 116 260 133  96 254 327   3 354
   219  64 180 369 128  58 109]
  [  0 359 324   7  82   0 277 332 390 397 274  39 104 174 345 200  75
   284 392 120  21 114   5 151 311  13 306 308 321 104 349 182 292 287
   227 195 259 361 371 176  58]
  [  0 175 382 373 318 194   0 310  43   4 379 376 324 124 304  54 189
    17 152 114  15 278 164 231 153 241  23 389 207 138 261 196 336  11
   331 126   0 361 333 315 318]
  [  0 287 243 189 271 232 247   0 274 159 325  94 209 333 167 249 267
   253 397 122 257 145  87 261  57  77  19 289  74  82 207 274 294 390
    73 214 256  84 340 300  12]
  [  0 372 247 271 277 237 220 207   0 257 330 374  81 296 300 186  66
    13 350  24  10 296 213   2 315 148  87 261 270 391 331 152 357  13
    87 389 286 298 260 358 366]
  [  0  41 335 149 101  79  66 100  12   0 299  60 179 145  95 281 348
   301 250 379 352  55   6 309   7 104 178 332  86 369  70 373  86 374
    52 234  67 207 185 167 143]
  [  0 267 170 352  66 267 327 178  66  72   0  54 290 169 252 194  95
   149  26 221 348  99 133 329 341 335 273  35 219 123 246 328 336  47
    91 110 202 205 199 113 103]
  [  0 180 270 205  52 367 324 377 148 373 173   0 338 100 275 265 163
    79 238 313 251 215 202  82 121 219 126  24   9 106  87  10 137  70
   300  84 343 337 276  83 294]
  [  0 272 367 200  61 216  73 287 200 316  68 167   0  37 149   4 313
    67   7 201 190 227 110 321 314 292 238 263 146 223 379 259 284 347
    88 279 112 200 138 327 126]
  [  0 373 386 249 161 138  25  84 248 203 205 150 109   0  67 250 376
   351 228 205 226 142 198 365 104  50  10 213 253 384 340 213 377 134
    72 122 242 245 360 251 133]
  [  0 327  25 268 270  70 121 207  44  97 255  45 117 397   0 280  97
    82 322 106 361 360   8  71 214  77  50 102  52  15 164 186  92 293
   184 101  13 351 303 199 165]
  [  0 380 147   9 326 156 387 124 131  87 371 330  49 337 381   0 307
   176  28 153  50 321  49 232  29 202  71 360 118  98  75  73 108 355
    80 111 220  99  28 167  97]
  [  0  99  80  28   6 103 112 230  52 365 182 203 341 235  82 183   0
   131 222 307 366  16 210  85  27  86 223  48 322 147 172 114 348 208
   115 322  91 277 320  77 344]
  [  0   2 332 217  80  82 128 214 259 342 260 112 385  65 285 395 394
     0 212 240 278 273  44 262 205 191 372   1 386 226 222  15  33  21
   185 320  49  65 138 137 368]
  [  0 209 278  78 293 102 255  80 271 102 383 387 266 120 307 280  30
   184   0 319 198 307  46  58 211 118  67 108 241   2 285  62 157  13
   238  81  44  33 145 145 113]
  [  0 280 159  49 311 229  48 174  19 145 159 106 143  51 342 205 198
   361 232   0  10  39 119 342  80 253 382 236 381  15 189 299 248 110
    79 159 321 115 302  88 255]
  [  0 209 358 189  82 295 151 259   2 372 384 232 262 371 298  64 103
   169 160  74   0 322 131 372 379 205 305 226 275 180 265  82  87  64
   172 169  98 254 374 276 118]
  [  0 131 353 123 386  89  21   2 110 334 210  25 229 215 350 149 381
    28 327 127  24   0 307 140 177  68 281 219 117 382 373 186 277  73
   115 164 179 306 241  23 230]
  [  0 111 293  10 339 114 173 300  28 262 367 237 196 374 296 383  43
   274 135  81  97  45   0 147 192 145 330 252 390  66   7 304  84 242
   109 207 170 123 167 204 248]
  [  0 268 215  48 242 209 359 114 190 384  94 279 132   1 305  36 149
   274 238 277 303 134 100   0 214  28  20 206 355 130 366 328 207  63
    26 248 362 170 282 132 214]
  [  0  37  15 387  67 298 163  40  20  59 372   3 121 307 385 377 279
   246 249  11  56 325 278  80   0 133 219  30 229  54 302  24 273 171
   155 381   6  46 124 288 139]
  [  0 300 125 310 119 200 321 309 107 115 339 142   4 229 149 121 320
   289 195  17 123 207 376  68 392   0  27 176  55 148 343 296 106 276
   183 374 269 258 231 128   9]
  [  0 264 159 397 281  77 322 304 249  95 142 386  70 116 171 338 196
   339 373 229 299 143 294  27 305 337   0 217 281  39 161 344  68 283
    30 265 303 278 167 216 345]
  [  0 377  97   5 159 188   1 385 333 267 173 311 203 227 395 359  17
   245  58  50 166  75  14 262 276 245  93   0  79 341 149 201 227 283
   259  35  19 220 381  57 101]
  [  0  71  18   6  86 384 254 288 112  35 188  68 164 145 292   2  82
   253 102 218 197 134 284  58  27  34 326 168   0 276 397 177 289 260
   149 196 183 336 390 117 249]
  [  0 155 322 392 340   3 301 252 189 195 311 153  86 313 213  33  12
   382 172 146  33  35 388 281 381 390 276  32 394   0 129 175 228  93
   312 123 311  44 322 318 277]
  [  0 148  75  32 371 220 311 386 254  63  21  78 273 340 106 379 245
   393 284 194 118 102 349  78 189 294 364  89 111 335   0 120 363 300
   386 164 177 273 132 284 174]
  [  0 223 384 141 112  21 259  33 191 103 303  53 133 206  35 359 359
   128 135  94 239 300 320  79 342 270 192 184 270 284 289   0 265 359
    45 254 269  34 327 358 270]
  [  0 174 151 252 106 286 226 264 347 255 123 206  40 379 141 229 349
   127 274  17   3  87  65  93 122  44  96 101 155 170 328  26   0 162
   294  10 375 213 170 368 281]
  [  0 388  63  87 296 206  51  57 144 111 200 377 239 228 171 252 345
   172 337  68 327 339  52 329  12 213 181 324 358  58 289 108  22   0
   229  46 373  40 208 295 116]
  [  0 227 130 390 201 390 205 129  84 260 333   0  55 310 366  35 291
   185 352 198 333 228  87 121  10 342 335 255 260 200 245 291 288  75
     0  66  53 186 173  90 326]
  [  0  27  52 306 305 228 318  52 101 137 168  70 137 131  75  77 227
   266 136 395 271  62  47 290 334 203 194 240 374 313  26 177 228 151
    14   0 329  14 256 264  36]
  [  0 356 275 339  36 130 216  14  83  77 294 223 361 297 359 222 182
   323 143   9 365 324 179 105  34  58 364 177 222 101  75 380 358 306
    92  97   0 150  93 129 220]
  [  0 376   8 259  22 225 186 242 285  80 167  71 249 215 311 297 185
    39 250 294 147  69 287 250 237 169  47  39 156 265 357 252 103  39
   297 197  51   0 165 347 126]
  [  0 379 356 247   4 248 189 247  78  68 357  46 221 350 180 308 328
    92   0  16  30 366 228 393 101 120 205  16 236 237  43 317 391 199
   155 292 218 247   0 108 358]
  [  0 153 314 220 170 203 162 172 387 193  51 311 168 289  42  61  76
   154 232 213 266  14 171  72 259 230 170 330 258 302 111 259 185  39
   371 295 124 257 284   0 385]
  [  0  37 232  88 158  62  10  74  14 317 207 293  34 371  27 346 291
   221 210 197 370 114 234  32  56 354 312 370 156 302  30 109 229 351
    37 362 327 255 237  33   0]]

 [[  0 330   8 267 130 168 141 175 242 334 345 188  59 240  99  71 170
   178 116 263 208 202   1 394  65 143  58  74  15  69  57 180 295  37
    38 194 227 290 104 247 353]
  [  0   0  31 302 381 280 206 346 270 197 276 366  71 221 248 163 263
    95 371 185 272 172  17 261  35 170 125 268 197  48 184 334 201  29
   208 268 130 329 104 154 198]
  [  0 382   0  42 320 156 249 340 375 253 155  45 153   0 338 296 150
    38 298 375   0 202 314  66 100 260 161 365 332  76 172 101   1 249
    92 134 317  21 174 294  48]
  [  0 365 354   0  49  51   6 146 379 376 223 124  30  44 347  54 118
   335 367  91 201 291 224 279 374 322  49 368 108 297 389  66 136 353
   129 242 161  38 223 154   5]
  [  0 235 303 135   0 314 279 183 382 332 121  29  91  92 164 257 189
   228 102 100 263 288  91  91 163 297  65  60 104  92 311 156 383  65
   395 179 234  32  60 379   6]
  [  0 283 177  33  42   0 396 202 238 226  88 185 267 125  54 334 213
   182   3  92 307 380  40 397 226 158 125  43 155 103 123 256 307  62
   291 227 312 350 134 220  75]
  [  0  69 367 133  54 383   0 236 279 129 342 112 376 179 250 108 374
   106 188 122 333  80 178 368 367 202 198 397  18 103 283  64   2 248
   200 384 174 270 236 324 205]
  [  0 339 381  75 358  64 226   0  12 100  37 349  57 294 292 223 238
   273  13 179 368 195 189 176  58 163  71 277 107 259 182  17 298  77
    29 219 303 200 289 392 387]
  [  0 118 342 105 293 280 156  93   0 394 242  61  72  44 200 200 131
   168 199  92 391 277 184 258 310 370  83 313 384 351 225 212 241   9
   218 323  25 154 101 234  78]
  [  0 118  19 382 373  94 354 227 101   0  57 190 138 300  22 236 251
   182 319 282 326 188  41 245 111 325 210  77 306 263 240 347  55 371
    51  96 115 373 348  39  75]
  [  0 206 185  37 283   4 362 126 318 241   0  14 346 233 397 101 224
   214  67 233 368 286 287  23 371 239  81  80 359 189  20  80 131 335
   380 332 162 344   0 170 306]
  [  0 188 202 260 210 361 111 308 170 293  49   0  89 247 330 231  32
   134 226 104  30  77 345 206 172 176 324 209 210 302  62 308 285 149
    79  35  31 379  82 272 146]
  [  0 152 154 119  46 267 329 237 101  40 251 269   0  92  44  57 225
   233 259 274 340 272  37  46 301 325 130 257 281  84 295  21  14 299
   167 279 379 127 259 292 201]
  [  0  86 262  67  18 234 129 114  48 147  92 172 235   0 107 251 224
   275  70 112 356 120  59  82 136 303  99  46 136  39  29 237  69 194
   374 372 320 122 310  90 131]
  [  0 102 287 396 135  24 296 126 297 314 234 324 259 352   0 102 286
   345 337 324 358 258 364  50 146  88 285 396 287 378 115 216 314 112
   208  15  51   1  59  45 264]
  [  0   0 311 196 385 292 156 302 108  31  94 263 300  56 127   0 129
    69 367 370 129  79 327 385 248  99 141 298 283 202 219  93 115 158
    73 240 174 126 216   6 301]
  [  0  14 203 387 128  39  34 157 271 196 126 341 322 266 298 315   0
   134 348  32 341  30 240  95   2  95 378 300 164 138  85  71 299 114
   319 105 152 101 289 223 182]
  [  0  35 175 168 318 214 113 167 309  30  35 243 166 275 177  41 353
     0 223 200 393 212 317 377 246 261 320 246 105 224 131 372  36  56
   322 100 187 199 264 237 294]
  [  0 104 319 145 384  96 326 291 313 298 175 341 163 380 247 224 174
   349   0  15 144 197 239 388 196   2 139 200 318  32  17  74 158 276
   204 294 158 377 191 321 210]
  [  0 129 262  61 269   0 122 292 217 220  35  59  98 305 320 235 126
    68 278   0 151 380 252  34  41 286 174 264 375 257 158  81  36 348
    88  22  68  22 179 270  46]
  [  0 282 236 124   4 373  49 173 105 311 396 255   7 247 303   6 258
   238 337 192   0 235 397 224 374  49  45 111  65 124 348 182 247  59
   162 138 329 300 267 339 371]
  [  0 202 110 104 379  80 224 361 294 109 304   3 122 195 256  28 345
   158 294  42 329   0 343 345  15  45 326   9  25 385  41 218 201  95
    22 294 270 329 206 284 124]
  [  0 355 353 245 342 216 222 262 216 114 394  12 224  66  61  88  81
    78 259 388 298 210   0  92 304 301 374 279  89  16 167  40 315  61
   271  84 226 337  76 389 395]
  [  0 230 328  28 337  25 370 221 211 252  70 303  49 276 246 369 195
   133 136 113 252  22  98   0 381 306  54 193 153 256 175 160 292 161
   124  63 223  13 299 172  93]
  [  0 314  83 350   0 278 392 293 277 279 179 109 245  85  85 305 119
   150 239 367 311 354   2  50   0 259 159 209  94  85 238 338 140 165
   161  50 199 173  86 111 170]
  [  0  11 298  91  30 113 286 376  30 254 109 359 122 396 204 181  88
   131 105 368 332 149 397 293   9   0 339  90 131  62 292  14 255 383
   369 210 263 327  38 371 266]
  [  0  30 143   8 115 346 182 231 341 290  20 116 182 117  14 281 251
   318 347 234 362 341  14 136 255 268   0 181  62 190 109  60 262 369
   267 380 188  61 178 242 366]
  [  0 168 304 109  24 291 162 237  12 378   9  58  63 396 127 246   1
   144 208  38 382 202  90  17 137 172 231   0  59 150 203 354  60 209
   214  51 103 392 130 365 361]
  [  0 265  55 133 227 357 100 195 190  44  82 204 123 284 349 295 141
   182  82  85 201 153  17 380  67 248 188 394   0  97 356   1 285  72
   361 212 383 108  82 277 382]
  [  0 397 276 257 239 156 199  59 359 317  80 355 151 155 338 132  42
   105 384 263 338 225 146  22 290 290  33 281 274   0 214  51 136 132
    32 252 111 196  24 180 219]
  [  0 215  37  15 185 326  75 387 270 334 339 270 241  16 341 273 271
   100 390 138 137   0 114 276 238 278 317 138 254 178   0 217 222 374
   265 305 274 109 107 197 302]
  [  0 151  13 342 258 293 142 390 283  43  44 166  14 375 370 395 256
   317  85 159  20 179 340 147 236  38 237 342 155 230  29   0 365 375
    73 146 333 101 156  58  20]
  [  0 367 149 283 222  70 324  79  16 383 108 209 214 295 380 256  32
   135  14 193 261 203  77 170 337 230 311 149 115 334 384 117   0  24
   347 185 277 108 262 124 256]
  [  0  13 198 285 343  93 179 298 201 360  94 315  91 182 386 283 152
    51 218 107 323 291 316 201  59 294 284  53 207 344 205  75  59   0
    26 394  22 273 355 393 158]
  [  0 384  91   6 321  80 330 248 354 320  85 312 311 238 270 375 328
   142  59  82 101 359  56 223 336 172  83 353 289  63  37 128 122  13
     0 172 323 142 359 397  74]
  [  0 290 265 395  65 264 303 205  82 209 396 350 330 385  28  85 153
   105  49  47 113 375 324 394 122 383 128  61 128 247  37 179  66 205
    33   0 183 396 217 268 224]
  [  0 107 319 267 201  91 156 260  18 174   6 298 315 289  24 130 276
   369  16   7  33 172  39 330 201  67 249 370  13  15 328  90 116 219
   313 141   0  81  84 316 267]
  [  0 233 225 376 393 290 264 141 164 163  36 188 328  94 148  54 240
    84 151  80 102 187 231 358 137 132  87 388  55 374 322 252 372 152
    26 112 101   0 209  38 264]
  [  0 313 317 268 214 225 218 176 246 114 397 196  33 230  75 213 375
   141  16 111 289  32 142   0 190  48  48 244 252 299 326 282 340  85
    92 185 358 386   0 202 137]
  [  0 353 105  28 258 356 149 278  84  65  75 133  18 115  82   4  10
   185 370 290 234 387 354 325 295 119 167 355 336 147  93 271 294 390
   342 238  87 318  22   0  21]
  [  0 116 217 381 370  59  46 304 305 275 361   0 301 387 387  67 155
   127 178 344 320 333 249 306  77  23  69 229  37 195 346   5 126 125
   211 311 390  47 341  17   0]]

 [[  0 188  60 307 364 254 215 243  88  50 292 115  22 152 167 126 243
   283 141 213 379 208 333 168 364   9  79 350  63 261 121 275 245 333
    61   9 108 144  81 145 377]
  [  0   0 202  29 136 174  86 191  92  47 155 310 309 191 238 242 157
   339 327  17 306  97 203 231 243   6  92 134 153  98   9 172 385  54
    22 356 269 366 243 184 284]
  [  0   4   0 152 307 371 372 280 242 345 191  58  76 274 214 237 323
   247 364 174 290  93 318 382   1 119 306  98  98 343 385 193 145 293
   104 336  15 160 298 285 258]
  [  0 140 197   0 104 346  66 184  97 338 192  84 174 304 336  31 154
   315 138  91 160 121 397 249 316   7   5 341 342 327  50 302 279 294
   291 163 140 349 367 150 221]
  [  0  86 106   2   0 140 371 136 287 256 166 309 330  93 256  31 355
   234 109 155 246 108  37 167  65 173  93 320 216  25 236 328  82  71
   325  91  39 107 396 185 362]
  [  0 285 378 300 280   0 297  29  35  98 378 299 174 301 212 322 254
   156  72 198  29 332  44 323 236 267  88 284 250 147  50 228 339  14
    29  28  10  37 195  55 160]
  [  0 397 184 199 342 197   0 101 121   7 393 109  30 326 269 186 384
   186  18 253 289 322 296 213   6  82 380 217  35 348 335 172 219  58
   208 263  82 282 301 346  22]
  [  0 103 347 289 129  10 369   0  14  50 190 364  33 395 370  10   1
   375  18 366 193  77 120  20  14 126   8 163 299 164 314 169  15 301
   372 233  61 197 270  44 319]
  [  0  59 128  27 238  29  88 372   0 174 222  71 381  20 235 336 104
   238 218  37 326  65 229  93 330 205 105 202  13   2 239 102 312 211
   170 263 372 122 194  12 291]
  [  0 204 291 177  49 196 254 393  57   0 291 186 289 362 326  41 388
   280 181 243 223 133 132 138 278 265  23 393  13 194 211 190 185 255
   328 340  26  23 290 319 330]
  [  0  85 370  32 248 363 293   4 150 246   0 251  61 283 148  40 127
    19  98  96  24 227 289 118  63 133 324 179 186 361  26 184 106 282
   235 384 313   6 200   3 272]
  [  0 364 344 355 199 292  44 382 229 341   6   0 183 261 372 332 101
   149 306 166 322 132 332 101 310 272 344 342 194  36 344 135 182  55
    46 380  82 233 204 241 295]
  [  0  49 149  35 195 265 107 194 216 272  33 290   0 193 102 219 335
   146 252 307 323 136  65 100  24 180 169 261  40 107 116 125 287 316
    77 195  24 173 181 348 283]
  [  0 285 368 294 373 374 202 174 254 328 150 261 282   0 163 291 225
   260 198  49  97 385 119 277 126 176 244  91 132 357 360 277 215 152
    26 245 211 295 340 188 365]
  [  0 161 195 368 258 130 201 361 291 156 168 161  30 384   0 324  93
   120 392 161  69   8 135 286 220 203 217 113 128   8  28 288 386 146
   265 192 368 102 331 140 291]
  [  0 330  51  41 282 379 227 158 244  79  19 308 390  79  72   0 145
   136 115  76 165  81 283 129   3 213 373 297 259 177 215 249  29 397
    32  63 176 272 205 253 361]
  [  0 161 387  97  68 356 166 205 369  45 338  60 331 326 227 187   0
   134  88 396  45 352  66 144 368 356 309  51 175 112 316 252  18  82
   133 382  16 107 346 251 171]
  [  0 123 218 220 236  93  15 285 231 124 179  81  10 234 132  19 377
     0  88 144 338 270  97 263 134 380 161 226 183 242  51  60  18 349
    13 385  32 301  76 342 274]
  [  0 205 345  46 324 368  21 309  18 390  10 232 377  49 330 355 255
   201   0 131 202 257 317 244 208 107 330 373   9 196  24  51  34 250
   117  17 354  90 378 111 305]
  [  0  36 247 202 354 395 108 349 370 250 304 140 388 306 330 212  84
   393 374   0 255   9 151 338  26 318 329 134 364  72 338 275 309  82
   259 138  71 226  64 137  48]
  [  0 175 382 344   5 144 264 270 167 388 369 245 175 114  14 346 236
   255  76 215   0  44  14 173 364 112 281 245   6 311 298 242 280 158
   111 105   7 333  78 261 383]
  [  0  43 177 203 137 121 267 337 201   9  66 164 384 300 280 106  87
    52 134  70 274   0   6  63  75 212 235 232 365 107 305 234 118 278
    28 269 104  29  91 208 278]
  [  0 254  81 188 176 394 273 266 320 393 393 358 201  56 308 381 332
   367 187  75 133 166   0 231  41 234  75 255 255 190 262 313  39 117
   123 397  88 172 201 239 274]
  [  0 282  88  80 362 151 391 176 192 386 324 142 373  33  19 167 198
   132 324  99 364 312 129   0  45 117 217 331 232 247 163  14 354  81
   341 362 359 287 212 298 262]
  [  0 238  19 309 194  95 223  18 129 273 167   0 257 347 140 345 323
   147 310 324 328   6 336 248   0  93  53  29   7 313 130  89 233 265
   235 348 164  73 190 165   9]
  [  0  87 252 153 365 286 251 263  89 178 161  69 281 128 327 104  18
   198 125  69 126  70  31 311 388   0 244 257 212 371 260 362 261  25
   240 293 374 195 235 365  18]
  [  0  91 194 187 155 352 108 391 206 309  67  19 169 214 388  63 137
    32 280 378  46 169 203 126 327 244   0 252 265 109 389 226 177  88
   326 104 143 377 116 115 153]
  [  0 150 316 195  30 194 195 269 159 226 266  59 382 125   4 191 338
   350 248 321  38 247 137  68  53 269 102   0 226 274 318   8 199 205
   346  19 146 104 116 123 154]
  [  0 255 124 324  96 309 267 105 379 257 246  94 105 359 360  12 242
   361 139 226 248  46 197 214   5  20 276  33   0 301 373  56 204 314
    51 317 345 193 105  78  17]
  [  0 332 221 121 232 207 312 150  28 362 184 346 115  12 145 292  60
     3 344 322 298 188 187 314 147 173 214 134 389   0 234 342 318 157
   144 165 382 142  52 173 334]
  [  0 272 131 246  30 380  80 155  89  95 206 207  48 124  79 305 379
    86 379 340 129 170  10 123 124 188  63 312 245 188   0 339  46 178
   384 108  53 111 385 299 335]
  [  0  44 278 183 150 227 162 321 377 137  44 100 202 350 382 329 290
   343 181 374  64 395 237 218  87 289 280 201 302 141 136   0 263  67
   252  61 128 127 331  24 341]
  [  0 380 369  68  70 393 163 176 388  47 123 353  30 164 134 372 390
   232 138  30  72 110  54  91 221 129  23  54   7  76 224  90   0 325
    97  13 193   8 203 364 232]
  [  0 241  20 172 213 278 134 299 110  71 263 219 190 345 218 324 257
   175 334 271  42 182 383 112 293 351 313 198 391 252  65 394 129   0
    70 303 383 397  85 107  10]
  [  0 245 157  11 362 382 166 354 380 334 142 381 397 245  94  41  37
     8 111 285 121 265 232 340  84  37  44 303 371 299 237 390 213 145
     0 304 105 344  27 385 270]
  [  0 215 178  56 216 340 306 123 343 372 124 323 129 110 268 288  94
   253 309  77 286 361 103 272 389 361 140 181  41 267 218 297  19 306
   365   0 138 106 331  61  87]
  [  0 227 244 354 160 150 376 160 248 167 368 184 146 141  50 230 363
   313   6 304  93   3 392 288 103 239 364 215  18 175 321 326   2 232
   160  90   0  71 119 107 149]
  [  0 102 308 157  97 118 322 378  78 176 304 115 112 128 232 136 141
   124 361 154  12 384 389 323 296 301 285  43  88  14 114 193 274 203
   184 223 356   0 149 369 318]
  [  0 161  77  60  19 339 183 129 254  70 253 218  12  83 105 192 259
   372 387 125 389 138 174 396 391  10 277 361 180   2  64 116 164  30
   257  97 224 104   0 163 308]
  [  0  31 301 367 340 240 383 135 277  22 197 182 343 235 379 282 176
    26 356 321 174 176 124 174   7 352 186 277 140  79  84 157 388  83
   330 168  14 239  55   0 332]
  [  0 210  66 248 197 291 195 110 109 219 255 148 246 230 395 283 377
    61 277 241  19 250 334  94 156 288  78 240 115 385 201 240 219 152
   126 350 249  19 191 376   0]]

 [[  0  22 107 357 381 313  86 397 308 367 242 242  33  37 320 171 168
   119  55 146 151  34 162  18  28 363 115 172 305 246 224 369 328 263
   107 248 394  84  40 119 268]
  [  0   0  79  70 163  78  23 303 173 284 322 146 207  25 389  77 287
    84 200  77 104 245 287   0 110 279 285 377 123 273 217  49 216 146
   377  85  99  78 136 242 286]
  [  0  51   0  45 131 342 123 167  82 310 339 108 165  24 223 132  86
   397   1 264 237 357 379 188 122 385 232  10 350   4  27  99  45 197
   355 376  27 120 368 243 144]
  [  0 143  74   0 335 342 102 287 372 140 265 194 167   8 367 386  43
     8  79 259 285  89 157 394  47 304 292  15 251  65 241 258 182 302
   263 264  27 183 159 338 242]
  [  0 191 204 326   0 361 279 250 167 345 227 202  76 263 159 161 247
   328 196  57  96 306 350 100 118 321 204 289  46 317 187   3 387  77
   229 118 340 242 148  12  19]
  [  0 246 375  59 336   0 123 378 129 120  80 244 180  69 103 388 350
   234   3  49 245  90 124 197 365 205 384 220 262 380 251  75 183  94
   260 382 180 313  27  52  28]
  [  0 322 342 216 335 347   0 290  16 297 379 342 389 257 371 335  65
   161  60 133  22 363 271 103 161  33 240 133 349 268  85 335   4 235
   370 365 375 306  63 266 334]
  [  0 390 346 329 280  32 367   0 275 328 212  39 175 386  44  79 190
   213 231   8  23   4 395 232  55 340 187 274   7 196  66 110 345 149
    28 194 262 255 137 255  28]
  [  0 140  42 140  38  18 252 313   0 136 220  76 251 198 203 383 172
    10 200 378 200  46 246 136 321 309 265 220 281  85 148  78  81 107
    98 320 301  67 140 323 367]
  [  0 220 112 212  98 339 196 339 100   0 392 222 181 214  61 130 137
    45 134  74  63 176 227 294  96 208 244  36  86 343 244 157 178  61
   378  91 128  66 147 327 309]
  [  0  10 192  23 206 100 221 349 309 131   0 241 291  40 132  43 331
    45 136 383 192 312 132 228 213  15   5  87 161  40 240 101 269 270
   176 250  15  63 169 267 151]
  [  0  84 226 137  15 225 242 156 242  16  98   0  18 193 378 107  43
   265 246 361 149 355 126 236  40  56  38 265  76 266 241 213 192 258
   355 297  58 202 205 123 145]
  [  0 394 274  70 192 334 170 304  51 169 277 295   0 224 342 221  94
    17  30  44   3  28 355 186 345 390 367  92 368 160  44 331  27 296
    43 202 131 249 351 380 250]
  [  0   1 344  43 161 214 364 198 360  44  49 116  13   0 353 344 229
   119 326 324  44 171 184 310 353 386  95   4 251 235  80 364 165  95
   342 361  83 118 359 200 255]
  [  0  61  90 345 336 237  42  93 189 371 116 123 314 282   0 191  38
   389 114  52 233  52  55 343  13 394 330  19 129 334 228 168  35 286
   255 279 166 330  41 103 160]
  [  0 292  79 337 243 340 339 323 255 121 385 232 290 229 361   0 118
    58 171  32 188 173  38 303  58 215 269  69  38  63 141 126 292  12
    80 168  28 259 159 186   9]
  [  0 151  35 396 329 164  17 111 360 197  36 118 101 285  73  26   0
    15  63 266  70 225 159 220 102 316 210 241 216 207 345 236 314 229
   240  20  53   2 202 176 220]
  [  0 363 211 162 373  14 282 397 282 292  65 237 103 100 188  34 359
     0 314 358 155 373 392  80  80 316 297  88 383 393 298 273 225 333
   307 189 272 204 126  78  44]
  [  0 211  33 394 228 138 145 132   0 342 167 378  56 162 271 263 157
   297   0 112  22  68 225 341 316 231 293 222 322   0  42 209 367 339
   199 164 266  53 213 280 127]
  [  0 388 143 269 153 189 141  57 237 383  72 394  48 209  46  45 110
   276 255   0 354 199  60 203 333 319 298 291 272 168 201  36 331 270
   268 378 110   8 327 182 151]
  [  0 163 307 158 240 183  27 344  46 226 147 311 193  54 261   9 310
   268 196 215   0 170  87 274 140 283  48  37  92 309 268  98 115  94
    97 375 147 225 110 370 266]
  [  0 220  25  94 101 131 310  18  88  65 262 257 289 115 388 290 287
    76  80  64 297   0  86 343 292 394 247  89 285 158 319 297 371 162
   109 253  95 216 283  28 148]
  [  0 248 287 137 159  99 326  12  43 232 349 315  30 207 126 351  19
   190 381 183  25 279   0 265 255 117 396  70 321 322  69 360  76   5
   120 176 328 332 136 269 351]
  [  0 172  23   2  96 346  97  80 372 175  97 230  27 320 388  26 138
   368  83 210 346 271  45   0  89 100 353 298  15 344 123  67 221 280
   310   2 218 253 296 271 138]
  [  0 136 273 333 249 229 361 261 262 236 280  49   0 180 195 209 209
   264 139 151 134  46 110  95   0 184 224 227 132  43 247 365 377 394
    69 201 164 127 233 349  83]
  [  0 299 369 330 333 208 224  53  69 337  74 317  40  26 160 168 147
   212 149 264  97 299  51 175 376   0 345  44 240  67 247 379  53  39
   131 248 133 369 338 362 275]
  [  0 356 141 160  76 291  52 224 387  68  60  59 282 285 197 300 294
   269 157  16 353 280 296  84 364  55   0 208  84 356 252 193 121  48
   157  98  38   6 323 266 331]
  [  0 237  29 200 217 288 255 328 201 253  38  13  96 210 281 278 202
    72 140 373 183 252  10 206  74 109 140   0 344  24 241 381 170 293
    82 395 158 396 165  66 275]
  [  0 245 208 121 182 271   9 349 102 220 231 320 113  80   3 221 135
   300 242 363 227 320 250  65 277  10 317   0   0  70  78  79 203 370
    80  69 270 188  36 175 234]
  [  0 119 246  11 362  64 104  47  90 379 268 138 230  36 322 281 214
   386 182 182 252 235  54 261  89  29 363 335 348   0 206 338 322 221
   263 369 335 202 367 355 207]
  [  0 380 336  46 227  37 325 380 200 240 335 307 208 313 161 205 105
   357 161 225  83   0 121 276 243 248 385 134 384 223   0  82  45  82
   314 167 331 341 204 182 358]
  [  0  19 290 337 272 115 250 213   1  22 322 383 300 259 191 310 388
    90 178 119 206 174  20 377  47 197 225 284 211 286 301   0 363 364
   223  11  75 203 332  61  55]
  [  0 279 235  40 311 175 317 104 137 334 191  66 178  82 294 143  47
    60 317 168  53 212  39 280 316 109 146 187  20  96  12 280   0 105
   265 395 107 213 113 310  57]
  [  0  13 136 214   5 385 288  72 380  58  27 146   7 253  67 292 182
   150  38 331 249  17 332  30 166 193 386 234 191 311 197  66 328   0
    80 157 359 317 232  85 286]
  [  0 370  38 351 199 128 113 286 247 210 384 251 348 199 283 189  70
    28 380 381 204  22  54 205 245 279 213  11 347 253 187 249 367 272
     0 330 254 358 273 274  88]
  [  0  45 312  32 162  27 349 345 298 266 325 102 202 146 219 292 393
   158 390 358 287 306   2 281 284 242 268  41  31 128 221 248 353  45
   238   0 373  61 180  39   9]
  [  0  70 348 136  45 178 198 359  73 190  92 351 385 176  11 209 381
   377 320 153 161 272 252 225 279 242  24  67 242  29 153 378 316 316
    14 146   0 109  22 377 326]
  [  0 194 352 190  76  71 390 143 185 119 222 165  70 337 129 185 161
   278 375 205 265 238 255 148 342 229  57 112 374 226 348 350 291 129
     9 188 249   0 387 181 165]
  [  0  92 376  23 175 275  40 351  95 195 166 158 149 118 242  73   2
   192   1 202 274 284  62 372 139 200 234 294  19  73  13 220 281  42
    12 130 153 254   0 178 258]
  [  0 214 359 188 177 241 103 181 114 231 371  58 230 313  76  21 171
    62 356  32 275 370  97 162 176 393 380 183 383  30 340 324  41 292
    13  71   1 338 329   0 308]
  [  0 238 248  98  63 247 362 234 109 383 165  23 223 136   7  85 256
    23  80 102  43 172  23 205 241 337 250 250 249  31 102 232 231  16
    91 255 216 393 101  64   0]]]
release_time
[  0  43  75  27  71  69  16  96  70   9  93   3  21  88  37  69  58  81
  51  97  10  61  26 108  90  28  91  58  88  63  80   9  24 330  70 143
  64  51 337  45  86]
due_date
[  0 112  92 107 119 110 101 110 114 108 109  97 108 103 100  96 104 111
 107 106  94 120 111 301  95 122  98 110 111 121 103 107  98 347  97 206
  95 121 346 112 101]
unit_emission
[15 20  3 18 19]
emission_limit
35525.4
setup_severity
2.0
due_tight
0.9
due_range
0.25
release_tight
10
degree_constr
0.8
