param: 
proc_time: (1, 100)
setup_rate: 2.0
setup_time: (60, 120)
delivery_time: (170, 200)

mach
8
job_rate
10
fam
3
setup_rate
2.0
proc_time
[[  0   8  57  55  75  15  94  23  92  15  79  58  33  39  64  74  55  19
   44  94  45  86   4  46  91  89  96  57  44  43  46  28  67  25  94  16
   78  84  24  67  91  50  73  83  88  88  22  92   6  79  90   3 100  10
   58  19  19  77  66  54   3  70  37  95   4  78  11  15  21   8  77  57
   93  71  75  48  97  19  77  31  19]
 [  0  41  81  92  97  55  59  89   4  46  44  86   1  35  86  15  66  11
   23   8  89  69  94  97  65  33  55   1  62   1  36  26  31  89   7  83
   44  88  49 100  52  83  22  38  84  51  72  25  65  18  51  87  58  79
   91  77  91  95  73  27  17  64  94  38   3  51  25  37  62  64  78  30
   89   4  44  96  57  41  47  70  30]
 [  0  68  76  71  42  40  11  81  65  62  24  56  87  89   6  24  87  97
   41  54  91  55  99  61  59  12  35  93  24  50  17  12  96  35  72  68
   58  18  28  43  25  70  47  12  25  53   6  28  65  56  64  58  34  35
   87  12  43  84  57  94  91  22   5  90  81  45  46  65  90  74  52  27
   43  70  38  82  40  29  99  78  23]
 [  0  79  87  60  97   5  45  51  41   9  40  22  16  71   7   3  78  94
   70  74  81  29  27  40  89   9   6  41  37  48  73  68  53  99  59  45
   15  73  64  57  72  49  97  10  32  79  66  43  38  72   4  61  29  81
   28  58  81  66  63  67  15  58  77  47  70   1  31  29  30  81  54  97
   67  66  26  97   7  89  31  96  11]
 [  0   4  26  69  97  53  62  75  77  44  79  44   2  29  62   7  62  34
   45   6  18  20  85   2  27  92  73  80  10  11  86  37  66  68  58  70
   64   1  46  17  16  82  11  77  88  26  43  46   7  50  87  88  32  69
   35  79   8  21  89  81  13  34  37  54  80  21  14  90  31  24  41   5
   92  42  67  28  25  17  73  13  27]
 [  0  99   2  75  24  38  23  22  68  94  48  38  34  25  75   7  45  42
   39  44  75  73   3  95  89  36  74  15 100  36  21  38  97  60  75  20
   36  66  69  74  83  91  84  79  70  76  13  38  24  45  63  82   6  31
   77  73  16  13  61  25  62   9  16  74  74  47  91  52  41  79   8  36
   39   3  11  16   5  50  47  42  75]
 [  0  93  11  98  78   4  34  87  96  25  23  90  72  59   5  96  57  88
   83  19  75   1  14  47  95  12  93  12  76  69  59  92   6  34  68  23
   71  50  16  54  16  86  68  48   1  41  38  72  91  50  73  19  39  27
   45  85  11  27  57  83  85  29  17  20  51  98  63  79  77  81  99   8
   89  22  79  91  15  87  76  86  10]
 [  0   1  78  31  26  95  68  43  28  24  19  40   9  31  96  53  12  48
   84   4  79  46 100  70  68  54  77  75  91  77  85   4  93  90  69  38
   23  77  46  92  65   7  38 100  76 100  16  57  89  37  77  70  82  13
    9  72  72  85   3  48  35  33  92   9  24  88   6 100  96  67  17  84
   57  42  58  41  45  12  97  50  75]]
setup_time
[[[  0  62  98  70]
  [  0   0  75 103]
  [  0  68   0  97]
  [  0  70  72   0]]

 [[  0  98  92  77]
  [  0   0  69  64]
  [  0 106   0  62]
  [  0  65 107   0]]

 [[  0 104 117  62]
  [  0   0  96  96]
  [  0 112   0  99]
  [  0 113 100   0]]

 [[  0 113 114  86]
  [  0   0  76 117]
  [  0  80   0  93]
  [  0  76  85   0]]

 [[  0  99  90  62]
  [  0   0  91  74]
  [  0 119   0 100]
  [  0  88  66   0]]

 [[  0  91  62  73]
  [  0   0  68  63]
  [  0  68   0  82]
  [  0 118  70   0]]

 [[  0  97  83  79]
  [  0   0 119 110]
  [  0 103   0  62]
  [  0  66 107   0]]

 [[  0 103  84 110]
  [  0   0  75  60]
  [  0 103   0  94]
  [  0 119  94   0]]]
delivery_time
[[  0 174 172 195 194 177 189 185 184 188 171 180 199 187 180 174 176 172
  174 179 178 187 179 196 181 187 200 178 193 174 191 192 200 179 181 179
  189 176 188 184 173 179 172 174 196 185 178 175 193 200 188 182 189 187
  185 192 199 177 194 172 184 185 175 196 194 177 187 183 179 196 197 171
  184 172 183 170 188 185 178 196 191]
 [  0 177 179 184 171 173 184 188 199 177 170 171 182 170 194 179 175 182
  197 198 190 178 171 192 182 178 171 174 186 190 191 194 179 174 195 196
  176 176 189 178 179 194 177 197 191 196 179 190 171 173 199 183 173 198
  187 171 175 183 184 186 180 190 180 177 182 184 182 174 171 193 193 170
  182 188 187 176 199 185 190 191 172]
 [  0 183 192 186 199 190 177 190 185 181 182 198 181 199 191 174 178 192
  185 177 189 179 170 171 186 188 192 187 188 176 175 186 173 200 196 183
  175 185 184 184 194 188 174 199 170 170 192 199 186 187 194 179 180 189
  192 188 190 183 173 186 195 199 188 197 191 182 186 185 173 195 194 184
  192 199 198 182 186 173 190 176 188]
 [  0 188 172 200 187 176 174 179 193 195 176 200 171 172 190 195 199 175
  188 173 186 181 198 194 198 177 182 173 193 187 192 195 196 196 199 188
  181 175 183 187 175 180 191 174 181 175 190 182 176 172 181 197 172 175
  187 180 196 181 199 181 172 199 192 198 177 193 177 176 194 178 175 187
  180 174 195 176 190 170 188 199 175]
 [  0 174 171 196 174 183 195 188 187 192 175 173 185 179 198 200 177 189
  187 172 178 185 181 194 184 177 171 175 190 188 189 193 170 194 179 188
  190 198 176 189 198 171 186 192 186 196 176 180 194 170 184 170 187 180
  190 181 176 195 187 184 181 197 173 190 186 197 187 177 179 190 190 195
  189 183 186 184 199 191 187 192 195]
 [  0 194 181 174 200 200 178 175 200 193 180 180 173 187 182 177 191 183
  191 189 196 174 172 176 193 180 171 188 194 195 195 170 171 199 176 181
  188 194 188 196 196 184 187 190 174 194 192 193 196 185 172 177 174 199
  199 171 190 199 184 189 172 177 189 199 185 178 188 186 179 180 170 182
  172 192 190 183 177 195 180 179 183]
 [  0 182 178 193 194 192 176 191 193 179 184 174 189 170 184 193 179 199
  193 188 196 174 195 190 180 191 172 174 197 176 181 181 187 197 187 182
  198 188 174 193 180 177 199 177 188 193 173 180 182 178 200 195 186 180
  180 191 190 176 181 182 192 196 191 171 188 189 179 178 177 182 174 200
  185 180 177 188 172 184 200 192 180]
 [  0 183 187 192 184 200 182 172 196 195 197 177 198 175 197 176 178 199
  172 192 199 175 191 171 170 188 196 197 188 185 174 193 199 192 195 174
  193 188 170 172 190 177 178 191 183 180 192 195 183 171 174 174 190 188
  181 191 173 172 182 195 196 198 173 198 178 182 174 187 183 200 187 177
  174 178 173 183 177 183 181 176 192]]
job2fam
[[1 0 0 0 0 0 0 0 0 0 0 0 0 0 0 0 0 0 0 0 0 0 0 0 0 0 0 0 0 0 0 0 0 0 0 0
  0 0 0 0 0 0 0 0 0 0 0 0 0 0 0 0 0 0 0 0 0 0 0 0 0 0 0 0 0 0 0 0 0 0 0 0
  0 0 0 0 0 0 0 0 0]
 [0 1 1 0 1 0 0 1 1 1 0 1 0 0 1 0 0 0 1 1 0 1 1 1 1 0 1 0 0 0 1 0 1 0 1 0
  0 0 1 0 0 0 1 0 0 0 0 0 0 0 0 1 1 1 0 1 0 0 1 1 0 1 0 0 1 0 0 0 0 1 1 1
  1 0 1 0 1 0 1 1 0]
 [0 0 0 0 0 0 1 0 0 0 1 0 1 0 0 0 0 1 0 0 1 0 0 0 0 0 0 1 0 0 0 1 0 1 0 0
  0 0 0 0 0 1 0 1 0 1 1 1 0 0 1 0 0 0 0 0 0 0 0 0 0 0 0 0 0 0 0 0 0 0 0 0
  0 0 0 1 0 1 0 0 1]
 [0 0 0 1 0 1 0 0 0 0 0 0 0 1 0 1 1 0 0 0 0 0 0 0 0 1 0 0 1 1 0 0 0 0 0 1
  1 1 0 1 1 0 0 0 1 0 0 0 1 1 0 0 0 0 1 0 1 1 0 0 1 0 1 1 0 1 1 1 1 0 0 0
  0 1 0 0 0 0 0 0 0]]
unit_cost
[24 23 31 32 34 33 29 25]
pre_factor
2.0
