param: 
proc_time: (1, 100)
setup_rate: 2.0
setup_time: (60, 120)
delivery_time: (170, 200)

mach
8
job_rate
8
fam
8
setup_rate
2.0
proc_time
[[  0  57  75  75  98  52  46  72  18  63  50  35  32  90  44  97  73  31
   29  56  49  60  61  37  71  69  40  60  21  86  16  25  21  75  79  35
   75  60  52  24  58  39  30   4  72  77  79  34  63  58  89  41  90  50
   48  45  58  97  54   9  89   1  57  17  72]
 [  0  46  35  30  55  71  15  89  26  93  17  80  98  94  23  46  39  23
   57  38  62  21  60  26   6  36  24   8  11  36  64  11  18  79  52  12
   81  90  38  68  98  44  48  26  43  67  97  80  90  29   6  19  90  92
   95  16  11  39   5  41  21  95  88   4  83]
 [  0  48  35  48  27  16  41  11  93  17  35  43   4  67  99  61  18  56
   96  75  96   9  18  58  26  85  16  78  85  52  58  49  58  81  59  35
   67  49  93  90   4  82  58  32  97  49  36  98  48   4  36  56  91  40
   69   7  51   8  32  12   4  65  14  37  26]
 [  0  45  95   8  49  44  11  54  76  43  98  99  51  17  69  49  31  66
   52  54  67  67  73  81  95  31  72  57  81  51  21  19   8  75  81  26
    8  90  80  91   4  72  71  11  38  81 100   8  40  50  72  39  75  63
   92  23  27  31  13  64  68  34  64  76  65]
 [  0  83  21  42  21  85  34  44  84   5  51  45  90  45  97  45  38  45
   77  13  66  95  32  27  59  22  97  36  78  70  62  71  69  76  95  39
   98  40  95  81  57  26  52  35  24  46  30   4  69  20  99  40  79  57
   50   2  81  53   3  56  86  92   1  68  39]
 [  0  37  74  64   3  30  64  27  66  38  44  12  18  74  32  20  85  50
   82  31  83  70  33  65  15  21  35  22  84  66   3  63  31  61  70  89
   67  91  52  97  35  80  92  61  68  22  87  55  73  41  54  61  45  25
   84   7  75  55  33  66  51  37  50  47  70]
 [  0  35  25  44   4  98  50 100  44  15  70  47  38  85 100  50  56  69
   28  81  16  41  32  73  25  77  37  99  21  16  79  86  23  23  34  17
   76  85  61  81  62  46   7 100 100  10  90  46  68   9  16  84  75   4
   22  41  23  13  29 100  21  84  51   5  70]
 [  0  34  21  16  42  15  80  82  60  58  33  34  36  28  31  36  39  40
   52  54   5  41  14  18  32  31  15  52  47  11  98  65   9  39  86  20
   38  90  18  62  69  50  25  71  39  29  41  63  96  34  53  55   2  76
   30  28  90  44  61  36  16  30  62  19  17]]
setup_time
[[[  0  80  74 111 101  69  75  86 116]
  [  0   0  80  78  77  95  95 118  90]
  [  0  79   0  67  63  68 116 110  71]
  [  0  71 106   0  77  83  65  87  62]
  [  0  81  65  78   0  68  78  74 108]
  [  0 115  91  87 111   0  76 113  62]
  [  0  98  92  96 116  88   0  83  62]
  [  0  73  67  98  76  60  97   0  96]
  [  0  72  63  96 113  76  95 111   0]]

 [[  0  68 120  93  79 105  96  82 109]
  [  0   0 116  73  87 120  88  89 114]
  [  0 104   0 109 113  98 113  84 115]
  [  0  69  95   0 102 101  69 106 100]
  [  0  80 119  83   0 116  74 120  96]
  [  0 110 112  77  88   0  62 104 103]
  [  0  73 108  91  76 106   0 116  68]
  [  0  85  99  69 109  73  77   0  90]
  [  0 117 103  77  66  89 117 106   0]]

 [[  0  67  82 115  91 102  69  93 104]
  [  0   0 102  74 119  93  82  75  74]
  [  0  88   0 109  86  70  61 110 104]
  [  0  68  71   0 115 107  94  63  98]
  [  0  61  70  97   0  63  85  92 117]
  [  0  86 119  73  97   0  82  65 110]
  [  0  72  73 114  75 113   0 117  97]
  [  0  97  63 117  83 108  85   0 106]
  [  0  86  86  99 111  92 112 106   0]]

 [[  0  90  88  67  94  99 120  97  91]
  [  0   0 111 114 120  74 115 106  76]
  [  0  73   0 107  63 110 111  79  81]
  [  0  99  86   0 110  87  92  89  93]
  [  0 108 119 111   0  73 106  92 112]
  [  0  77 102 104 104   0 117  84 113]
  [  0 100  70 118  66  92   0  96  68]
  [  0  83 103  77 111  68 110   0  71]
  [  0  83  61  67  85  97 113  65   0]]

 [[  0  63 117  82  69  96  77  63  91]
  [  0   0  80 105 114  87  70  80  82]
  [  0  91   0  71  99 104  96 119  70]
  [  0  79 115   0  83  95  97  92  67]
  [  0 118 116  96   0 118  82  98 100]
  [  0  96 107  72  62   0 112 115  92]
  [  0  95  84  72  88  78   0  62 109]
  [  0 106 100  76  99  97 102   0 103]
  [  0  95  62  73  84  84 113  88   0]]

 [[  0  64  92  71  62  83 108 103  87]
  [  0   0  70  82 103  94 112  81  97]
  [  0  78   0  69  94 106  87  93  78]
  [  0 107  92   0 103  89  76  64  85]
  [  0  87 100  85   0 101  92  96  62]
  [  0  76  76 108  87   0  67 120  68]
  [  0 105 120  84 100 109   0  79  91]
  [  0 113  89  93 109 115  98   0  82]
  [  0  97  68  97  60  77 105  89   0]]

 [[  0  77  77 111  63 105 107  61  65]
  [  0   0  75 118  92  98 111 104 101]
  [  0  65   0  80 106  78  70  87 112]
  [  0 116 107   0  88 115  83  82  71]
  [  0 111  74 110   0  66  66  67  68]
  [  0 107  89 116  61   0  71 115 111]
  [  0 112  85 102  74  68   0 119  69]
  [  0  89  80  77 112  66 111   0 112]
  [  0  70  94  99 108  87  67  97   0]]

 [[  0  67 114  85 118 120  95  83  84]
  [  0   0  67  81  78  61 114 101  68]
  [  0  95   0  75 107  78  78 111  88]
  [  0  97  65   0  61  69  72  71 107]
  [  0 120 103  81   0 112  66 118  98]
  [  0  80  95  60 101   0  97  79  84]
  [  0 117 111  85  98 103   0  87 118]
  [  0 120 104  89  66  98  84   0  85]
  [  0 103  90  85  67  85  84  63   0]]]
delivery_time
[[  0 184 186 176 170 181 172 180 184 175 173 197 188 199 192 188 198 192
  197 195 179 185 197 193 193 187 189 172 196 194 175 175 170 175 171 179
  199 184 170 196 175 187 184 200 182 181 186 199 177 200 200 188 172 188
  174 184 179 185 185 192 200 176 197 193 174]
 [  0 186 189 177 188 183 190 186 173 174 170 196 194 184 172 183 185 176
  181 197 180 186 174 182 200 197 177 172 189 200 189 186 197 180 193 183
  175 199 178 192 196 174 190 191 181 177 183 171 182 195 176 170 170 179
  191 188 172 196 194 194 177 174 183 195 185]
 [  0 197 186 188 185 174 185 183 179 172 187 175 196 180 175 172 186 174
  189 200 194 194 181 179 175 182 192 197 170 199 171 171 194 195 179 199
  170 194 193 175 187 179 174 177 170 177 189 180 192 188 197 190 180 177
  198 193 182 182 190 173 173 184 189 200 195]
 [  0 199 189 186 200 196 181 182 184 183 199 195 184 200 174 196 190 180
  185 193 194 196 188 170 171 178 189 182 193 182 175 195 188 191 180 197
  199 190 199 173 176 196 188 188 173 177 173 175 192 182 198 188 185 178
  178 194 179 182 180 180 174 185 197 179 197]
 [  0 197 197 178 178 183 170 170 200 183 194 185 193 187 194 182 182 185
  188 196 186 182 185 180 172 180 170 173 182 184 177 193 188 193 199 192
  174 189 173 173 175 173 191 183 198 183 173 183 195 190 172 173 175 182
  182 193 189 198 176 199 190 185 198 188 191]
 [  0 196 177 198 186 174 183 176 177 172 184 198 192 196 198 188 192 188
  190 199 177 180 193 171 200 190 197 178 193 171 194 170 199 175 190 197
  188 199 188 200 197 181 189 192 192 170 199 178 170 194 172 177 172 187
  194 183 181 180 197 171 180 173 175 183 179]
 [  0 174 182 198 191 188 174 183 179 183 182 198 187 176 196 187 189 176
  200 170 184 174 178 196 200 185 172 198 200 181 186 189 199 178 198 180
  192 176 183 194 181 200 172 198 195 181 189 194 170 177 189 198 184 189
  200 182 189 189 198 197 194 185 180 182 190]
 [  0 174 197 184 180 170 185 188 172 191 194 195 191 182 178 182 191 200
  177 196 179 184 196 175 172 187 187 200 172 172 172 192 186 174 194 183
  192 180 189 175 179 171 188 185 187 176 174 179 177 188 199 200 179 191
  186 175 177 184 198 189 180 180 180 196 173]]
job2fam
[[1 0 0 0 0 0 0 0 0 0 0 0 0 0 0 0 0 0 0 0 0 0 0 0 0 0 0 0 0 0 0 0 0 0 0 0
  0 0 0 0 0 0 0 0 0 0 0 0 0 0 0 0 0 0 0 0 0 0 0 0 0 0 0 0 0]
 [0 0 0 0 0 0 0 0 0 0 0 0 1 0 0 0 0 0 0 1 0 0 0 0 0 0 0 1 0 1 0 0 1 0 0 1
  0 0 0 1 0 0 0 1 0 0 0 1 0 0 0 0 0 0 0 0 0 0 0 1 1 0 0 0 0]
 [0 0 0 0 1 0 0 1 1 0 0 0 0 0 0 0 0 0 0 0 0 0 0 0 0 0 0 0 0 0 0 1 0 0 1 0
  1 0 0 0 0 0 0 0 0 0 0 0 0 1 0 0 0 0 0 0 0 0 1 0 0 0 0 1 0]
 [0 0 0 0 0 0 0 0 0 0 0 0 0 1 0 0 0 0 0 0 1 0 1 0 0 0 0 0 0 0 0 0 0 0 0 0
  0 1 0 0 0 0 0 0 0 0 1 0 0 0 0 0 0 0 0 0 0 0 0 0 0 0 1 0 0]
 [0 1 0 0 0 0 0 0 0 0 0 0 0 0 0 0 0 0 0 0 0 0 0 1 0 1 0 0 1 0 0 0 0 0 0 0
  0 0 0 0 0 1 1 0 0 1 0 0 1 0 1 1 0 0 0 0 1 1 0 0 0 0 0 0 0]
 [0 0 0 0 0 0 0 0 0 0 0 0 0 0 0 1 0 0 0 0 0 0 0 0 0 0 1 0 0 0 0 0 0 0 0 0
  0 0 0 0 0 0 0 0 0 0 0 0 0 0 0 0 0 0 0 1 0 0 0 0 0 0 0 0 0]
 [0 0 0 1 0 1 0 0 0 1 1 1 0 0 0 0 0 0 0 0 0 0 0 0 1 0 0 0 0 0 0 0 0 0 0 0
  0 0 1 0 1 0 0 0 0 0 0 0 0 0 0 0 0 0 0 0 0 0 0 0 0 0 0 0 0]
 [0 0 0 0 0 0 1 0 0 0 0 0 0 0 1 0 1 1 0 0 0 0 0 0 0 0 0 0 0 0 0 0 0 0 0 0
  0 0 0 0 0 0 0 0 1 0 0 0 0 0 0 0 1 0 0 0 0 0 0 0 0 1 0 0 0]
 [0 0 1 0 0 0 0 0 0 0 0 0 0 0 0 0 0 0 1 0 0 1 0 0 0 0 0 0 0 0 1 0 0 1 0 0
  0 0 0 0 0 0 0 0 0 0 0 0 0 0 0 0 0 1 1 0 0 0 0 0 0 0 0 0 1]]
unit_cost
[21 25 17 27 21 26 18 19]
pre_factor
2.0
