param: 
proc_time: (1, 100)
setup_rate: 2.0
setup_time: (60, 120)
delivery_time: (1, 100)

mach
10
job_rate
8
fam
5
setup_rate
2.0
proc_time
[[  0  99  44  40  55  99   4  62  58  33  36  85   5  33  57  47  24  31
   65  43  93   9  33  91  41  92  91  94   3  39  50  70  40  13  77   4
   53  42  40  70  62  59  45  95  26  63  20  94  30   5   4  76  65  93
   87  74  41  86  15  10  22   6  60  17  81  49  28  74  39  26  12  12
   28  17  89  58  94  95  20  34  41]
 [  0  60  54  51  85  65  66  50  77  59  95  70  90  54  17  37  82  98
   19  92  91  15  47  59  82  87  14  31  91 100  98  32   2  22  18  37
   79  72  80  88  37  69  75  59  58  11  29  85  73   1  30  55  36  88
   65  26  67  77  12  94  81  20  93  70  24  21  36  24  11  97  77  27
   19  77  12  93  57   3  95  51  38]
 [  0  70   2  21 100   2  29  30  14  33  80  59  37  49  10  87  19  21
   67  59  88  37  30  60  34  89   9  25  59   9  76  80  39  29  23  39
   21  57  35  59  78  92  96  20  80  20  78  63   5  76  76  87  23  45
   29  32  27   9  69  11  17  26  34  61  39  97  78  43  43  15  74  73
   29 100  17  75  15  63   4   4  36]
 [  0  56  61  48  12  40  31  28  65  52  67  40  99  84  66  95   7  13
   32  36  34  67  59  91  86  16  75  73  71  74  10  58  96 100  62  48
   40  79  48  95  36  97  93  44  56  25  38  27  63  98  95  87  44  49
   45 100  58  26  29  60  38  74  41  17  60  69  82  60   4  69  16  89
   48  18  34  61  93  98  59  43  32]
 [  0  37 100  62  95   6  32  41  77  72  66 100  31   2  54  60  62  70
   43  38  29  94   6  39  60  65  16   4  60  74  31  70  27  41  23  45
   52  41  64  76  88  22  69  46  93  51  22  25  35  22  81  45   3  40
   14  32  62  31  97  52  28  65  89  66  18  70   2  30  62  52  93   5
   69  98  50  31  28  58  44  41  83]
 [  0  92  30   5  54  41  98  56  96  34  51  99  36  47  45  38  67  83
   52  16  64  34   2  53   5  86  94  54  50  56   9  62  84  92   1  89
   47  40   9  90  16  63  99  61   3  78  45  79  87  58  31  68  64  34
   13  78  11  82  27  50  84  60  62   3  16   1  34   8  66  65  42  18
   98  98  42  11  15  55  37  61  49]
 [  0  56   4  59  16  27   7  49  80  61  77  61  32  71  74  66  43  36
    5  38  53  35  81  34  58  26  67  15  25  45  94   7  91  97  43  81
   24  94  74   2  57  74   6  26  93   7   5   4  89  47  57  51  35  69
   66  55  23  46  23  34  30  31  71  44  18  86   2  92  53  66  87  13
   58  66  43  95  16  17  69  78  57]
 [  0  99  97  62  43  25  22  64  56  43  88  90  15  58  62  88  23  12
   41  83  53  91  54  78   8  38  50  17  67  97  51  55  18  38  44  85
   88   4   1  11  69  33  24  84  60  88  83  62  13  62  30  24  62  17
   82  59  71  22  96   7  90  57  61  88  20  18  31  15   8  29  33  68
   12  19  34  76  45  61  18  91  13]
 [  0  10  81  66  76  86  53   7  39  34  88  65  70  55  62  51  26  17
   55  19  59  75  71  10  37  46  54  64  86  64  87 100  19  53  17  79
    1  52  48  74  21  91  56  52  94  59   8  79  63  84  64  96  57  45
   53  41   9  58  11  73  11  59  67   2  95  80  94  97   1  31   9  57
   40  34  98  72  78  86  79  33  69]
 [  0  79  33  33  61   5  61  16  99  85  24  47  34  10  97  59  34  32
   84  74   6  88  36  94  47  28  50  70  15  90   1  85 100   2  54  20
   78  60  64  92  38  56  62  40  19  36  84  56  10  24  59  75  84  27
   27  92  83   2  64  84  54  37  43  41  99  66  44  33  63  93  22  43
   86  92  56  69  23  34   6  78  73]]
setup_time
[[[  0  80  89  60 105  86]
  [  0   0  83  89  68  81]
  [  0 107   0  93 116 102]
  [  0  86  88   0  71 102]
  [  0  61 116  97   0 115]
  [  0 119 102 113 114   0]]

 [[  0 104  82  87 102  69]
  [  0   0 112 112  97  97]
  [  0 106   0 116  81 119]
  [  0  76  75   0 111  62]
  [  0  93  91  71   0  99]
  [  0 114  71  86  71   0]]

 [[  0 115  64  95 115  94]
  [  0   0 109  96 107 119]
  [  0  86   0 101  85  88]
  [  0 115 120   0  92  73]
  [  0 110 111  96   0  60]
  [  0  70  85  72 119   0]]

 [[  0  82 116  71  89 102]
  [  0   0  71  60  88  92]
  [  0  77   0  89  77  91]
  [  0  98 109   0  87  82]
  [  0 114  99  62   0 119]
  [  0  85  95 119  84   0]]

 [[  0 120 115  78 100  92]
  [  0   0 103  96  78  82]
  [  0  76   0  64 104 120]
  [  0 107  95   0 118  82]
  [  0  70  98 118   0  88]
  [  0  77  71 102 112   0]]

 [[  0  91  89  81  71  76]
  [  0   0 118  65  95 106]
  [  0 106   0  60  73  86]
  [  0  71  94   0  91  90]
  [  0 116 118  80   0  66]
  [  0  91  98  92  79   0]]

 [[  0  93  90  91 109  94]
  [  0   0 113 100  90  60]
  [  0 115   0  96 109  96]
  [  0  88 117   0  65  76]
  [  0  66 106 108   0  82]
  [  0 104  69  81  68   0]]

 [[  0  73  89 120  83  83]
  [  0   0  94  88  83  99]
  [  0 120   0  66  80  95]
  [  0  67 102   0  74  75]
  [  0  87  67 119   0 105]
  [  0 110  64  60 114   0]]

 [[  0  76  84 105  72  74]
  [  0   0  72 108 108  78]
  [  0  91   0  82  89  86]
  [  0  62 120   0  99 101]
  [  0  64 120  79   0  90]
  [  0 119  96 108  71   0]]

 [[  0  60 103  87  71  97]
  [  0   0 104 116  89  77]
  [  0  72   0  95  70 114]
  [  0  87  73   0  87  78]
  [  0  98  99  97   0  91]
  [  0 101 102  99 105   0]]]
delivery_time
[[  0  38  29  67  88  33  54  16  14  44 100  57  41  78  93   8  87  78
   14  73   6  62  50  17  56  71  35  29  17  23  96  59  25   8  70  77
   57  35  88  32  52  41   5  81  45  91  59  73  91   8  25  63  21  13
    5  69   9  61  78  18   9  16   3  58  29  81   7  75  86  54  84  49
   42  71  12  33   3  58  60  60   5]
 [  0  46  53  43  50  98  53  16  82  39  93  70  13  93  69   7  92  76
   11  61  48  27  28  20  76  44  24  52  56  21  82  49   5  61  76  67
   64  51  89  11  14  92  76  63  51  16  83  66  40  10 100  46  54   1
   67  64  10  75  11  71  27  98  40  99  84  98  24  16  94  59  44   7
   51   4  71   2  44  63  76  60   1]
 [  0  14  14  50  37  70  49  77   4  60  69  29  57   9  20 100  48  15
   36  46  27  74  69  35  53  56  57  31  57  94  46  33  11  50  11  88
   83  42   9  94  82  75 100  99   5  37  23  71  66   9  59  74  56   5
   77  63  19  35  68  82  54  49  14  16  48  16  12  13  97  98  43  56
   19  29   6  18   2   5  74  81  30]
 [  0  57  71  15  39  33  44  56  14  61  33   2  26  52  33  42  74  77
   77  13  76   3  63  92 100  36  60  96  26  47   8  16  17  25  43  64
   54  10  85  24  55  67  19   2  92  18  41  27 100  22  53  92  16   1
   51  19  40  50  35   2  25  15   7  14  44  96  52  58  37  18  84   8
  100  37  74  80  79  21  96  90  58]
 [  0  76  25  48  65  70  54  43  75  14  74  64 100  36  11  55  37  93
   86  10  16  94  17  30  67  29  59   3  42  34  70  19  84  43  33  68
   28  83  31  19   1  87  30  70  76 100  89  68  74  61  48  12  36  93
   94  73  99  41  12  47  88  43  57  88  77  32  52  91  34  57  73   9
   27  51  69  23  51  53  20  35  52]
 [  0  39  38  69  54  37  18  32  11  10  44  75  34  73  66  88  17  71
    4  67  29  67  94  61  13  47  29  31  63  11  51  40  12  74   1  14
   61 100  98  60  94  37  46  79  49  81  13  95   8   6  83   8  66  78
   98  57  78  40  52  68  48  63  11  16  40   7  84  73  87  94   9  31
   16  69  82  39  74  84  20  94  68]
 [  0  27  83  20  36   9  60  86   9  11  17  95  21  95  18   5  66  45
   37  91  13  93   1 100  65  80  59  36  11  55  73  87  74   4  90  39
   94  60   2  91  24  96  29  85  31  72  58   4  47  94  16  22  91  32
   13  90  98  82  13  17  50  66  88  58  95  21  95  90   1  76  37  27
   85  66  67  22  72  85  23  88  46]
 [  0  13  56  84  90  66   9  21  34  10   7  58  95  89  31  14   2  94
   40  53  33  53  43   3  85  35  12  92  95  34  16  55  45  36  88  89
   48  62  43  66  25  91  23  25  71  34  48  29  31  62  80   6  63 100
   53  94  72  51  34  28  37  95  13  61  83  88  57  52  37 100  71  36
   81  16  58  47  20  17  28  78 100]
 [  0  59  42  48  97  58   4  24  85  49   1  98  23  61   3  92  32   6
   72  33  67  38  66  95  12  41  79   1  76  10  43  73  82  14  54   7
   51   7  99  53  57  70  26  32  62  39  14   6   9  48  91  24  32  15
   14  76  75  47  39  96  33 100   7  24  78  40  89  42  38  42  10  27
   83  85  79  58   1   7  55  71  32]
 [  0  12 100  15  76  59  82  20  16  21  48  94  87  53  97  34  89  10
   24  41  68  33  22  24  27  64  84  35  50  36  50  82  54  10  45  13
   22   1  41  13  11   4  43  50  27  94  57  86  43  26  27  80  94  81
   64  73  56  52  62  77  81  90   6  34   7  62  38  66  94  28  95  54
   13  52  14  10  81  10  60  62  85]]
job2fam
[[1 0 0 0 0 0 0 0 0 0 0 0 0 0 0 0 0 0 0 0 0 0 0 0 0 0 0 0 0 0 0 0 0 0 0 0
  0 0 0 0 0 0 0 0 0 0 0 0 0 0 0 0 0 0 0 0 0 0 0 0 0 0 0 0 0 0 0 0 0 0 0 0
  0 0 0 0 0 0 0 0 0]
 [0 0 0 0 0 0 0 0 1 0 0 1 0 0 0 0 0 0 0 0 0 0 0 0 0 0 0 0 0 0 0 0 0 0 1 0
  0 0 0 0 0 0 1 0 0 0 0 0 0 0 0 0 0 0 0 1 0 0 0 1 1 0 0 0 0 1 1 0 0 0 1 0
  0 0 0 0 0 0 0 0 0]
 [0 0 1 0 0 0 0 0 0 1 0 0 0 0 1 0 1 0 0 0 0 0 0 1 0 0 1 0 1 0 0 0 0 0 0 1
  1 0 0 0 0 0 0 0 0 0 0 1 0 0 1 1 0 1 0 0 0 0 1 0 0 1 0 0 1 0 0 0 0 1 0 0
  0 1 1 1 0 0 0 0 0]
 [0 0 0 0 0 0 1 1 0 0 0 0 0 0 0 0 0 1 0 0 1 1 0 0 0 0 0 0 0 1 0 0 0 0 0 0
  0 1 1 1 0 1 0 1 1 1 0 0 0 0 0 0 1 0 0 0 1 0 0 0 0 0 0 0 0 0 0 0 1 0 0 1
  0 0 0 0 0 0 0 1 0]
 [0 1 0 1 0 1 0 0 0 0 1 0 0 1 0 0 0 0 1 0 0 0 1 0 0 0 0 1 0 0 0 0 1 0 0 0
  0 0 0 0 0 0 0 0 0 0 1 0 0 1 0 0 0 0 1 0 0 1 0 0 0 0 0 1 0 0 0 1 0 0 0 0
  0 0 0 0 1 0 1 0 0]
 [0 0 0 0 1 0 0 0 0 0 0 0 1 0 0 1 0 0 0 1 0 0 0 0 1 1 0 0 0 0 1 1 0 1 0 0
  0 0 0 0 1 0 0 0 0 0 0 0 1 0 0 0 0 0 0 0 0 0 0 0 0 0 1 0 0 0 0 0 0 0 0 0
  1 0 0 0 0 1 0 0 1]]
unit_cost
[11 13 13 12 13 14 11 12  9 14]
pre_factor
2.0
