param: 
proc_time: (1, 100)
setup_rate: 1.0
setup_time: (30, 60)
delivery_time: (1, 100)

mach
10
job_rate
10
fam
3
setup_rate
1.0
proc_time
[[  0  41  86  78  55  62  90  93  20  14  85  89  79   7   8  79  69  89
    6  34  66  93   5  77  60  48   9  54  38  69  17  25  11  74   9  26
  100  99  83  64  43  31  46  61  74  71  31  25  19   3  90  63  96  54
   32  41   6  69  71  52  85  28  31  72  96  38  20  36  74  89  25  18
   53  74  32  77  46  33  41  74  55  10  11  75  52  13  56  26  39  95
    8  23  91  49  57  95  19  87  79  10  92]
 [  0  86  54  39  49  55  84  21   9  85   3  59  81  95  26  52  14   7
   26  58  39   9   8  22  27  64  34  37  47  33  87  62  88  52  32  33
   89  30   1   5  68  91  17  45  61  11  89  73  73  80  71  61  79  78
   76  14  16  43  19  47   7  77  95  93  24  24  15  42  35   9  44  97
   31   9  33  18  33  99  13   3  56  67  83   4  57   5  18  50  65  51
   82  73  65  56  99  76  78  21  73  87  75]
 [  0  38  70  90  32  72   5  53  43  34  90  95  15  47   6  90  32  50
   76  64  60  26  89  84   9  23  23  40  11  73   7  30  19  66  68  34
   26  78  43  88  89   4  14  66  84  96  49  75  26  14  49  57  55  34
   20  58  81  68   2  89  63  75  42  37   7  64  46  94  23  50 100  48
   14  58   7  87  62  57  18  62   3  14  45  39  98  42  63  45  77  51
   71  51  28   9  37  50  70 100   6  75  75]
 [  0  18  12  53   4  55  70   5  95  51  92  50  90  86  67  73  66  61
   68  85  28  14  23  96  41  51  19  91  32  43  73  44   2   8   2  99
   73  73  53  13  44  85  36  99  31  49  36  41  28  77  40  79  68  69
   69  88  16  21  80  13  64  73   2  60  70  63  63  11  38  88  12  86
   94  84  88  55  89  96  54   6  12   9   7  22  96  71  54  55   4  83
   81  94  71  40  67   8  34  38  96  46   8]
 [  0   5  37  43  26  45  71  34  81  46  60  38   9  78  16  76  66  25
   71  32  57  69  12  27  34  19  21  60  12   4   6  20  97  56  23  55
   15  21  65  99  15  24  80  56  45  96  55  31  45  88  31  93  82  87
   74  76  46  78  84  58  32   2  18  15  97  59  81  54  10  32  73  72
   63  54  43  94  42  66   2  66  21  77  32  38  16  60  90  18  75  39
   66  42  44  12  14  69   5  80  76  87  93]
 [  0  45  51  81  26  53  27  50  27   7  93   1  20  71  32  72  23  19
   83  50  79  62  69  17 100  93  64  23  78  88  17  66  27  58  17  62
   45  36  89  11  42  49  96  83  43  10  66  38  79  47  69  74  18  96
   47  11  26  38  83   1  68  30  79  65  38  17  12  12  24  44  97   3
   17   6  98  11  67  80  80  78  23   3  65  18  73  55   3  73  23  98
   69   8  76  11  60  17  25  13  86  82  28]
 [  0   2  47  88  63  17  75   5  69  27  42  71   7  33  74  79   5  73
   90   8   9  85  56  59  26  93  38  15  78  43   4  96  76  84  98  29
   10  93  76  91  14  47  27  22  74   9  40  19  70  63  36  52  32  29
   70  91   9  30  47  48  37  48  66  17  30   4  94  41  21  93  18  72
   44  37  59  81  21  46  28  54   7  10  77  24  22  33 100  45  41  90
   76   7  51  51  72  59  52  77  60  54 100]
 [  0  69  25  97  74  12  12  28  46  12  55  26   4  99   5  10  61  67
    9  70  85  96  50  39  21  45  22  94 100  66  77  37  61  60  59  23
   49  63  57  80  66   6  97 100  55  48   3  22  12  82  88  79  53  43
   58  18  94  45  26  97   7  81  65  88  97  12  59  81  35   2  13  45
   77  66  16  45  94  78   7  90  20  43  94   6  89  36  17  91  29  65
   80  82  32  99  77  60  51  45   1  51  75]
 [  0  74  47   4  86  83  57  66  25  52  98  62   2  13  57  52  60  17
   73  11  15  72  33  48   1  56  79  42  82  57  42   3  37   9  10  95
   51  90  41  41   7  53  97  79  67  30  38  18  13  71  35  52  57  55
   78  78  48  49  97  34  17  17  51  32  44 100  22  18  60  17  17   5
   58  92  86  68  59  10  31  78  77  66  65  86  46   4  16  45  81  89
    8   7  30  15  43  22  10  73  35  79  58]
 [  0  85  49  37  63   4  35  96  40  37  47  81  90  45  52  72  99  93
   62  93  40  96  63  85  90  47  68  17  97  66  89  92  99  44  14  15
    5  49  12  91  85  83  11  43  13  81   2  74  56  78  41  15  57  59
   58  92  37   2   8  59  81  79  92  20  37  97  30  47  50  73  86  91
   81  23  88  10  39  68  97  35  35  11  63  62  45  36  80  56  51  48
    2  69  49  34  60  41  68  56  43  91  61]]
setup_time
[[[ 0 44 40 51]
  [ 0  0 39 35]
  [ 0 30  0 42]
  [ 0 37 55  0]]

 [[ 0 49 46 47]
  [ 0  0 55 55]
  [ 0 51  0 60]
  [ 0 41 55  0]]

 [[ 0 58 43 40]
  [ 0  0 47 60]
  [ 0 59  0 44]
  [ 0 59 59  0]]

 [[ 0 38 49 53]
  [ 0  0 56 48]
  [ 0 54  0 41]
  [ 0 41 54  0]]

 [[ 0 38 32 31]
  [ 0  0 52 31]
  [ 0 52  0 40]
  [ 0 55 46  0]]

 [[ 0 31 43 31]
  [ 0  0 59 50]
  [ 0 44  0 30]
  [ 0 42 42  0]]

 [[ 0 35 36 56]
  [ 0  0 43 50]
  [ 0 59  0 42]
  [ 0 55 47  0]]

 [[ 0 40 41 54]
  [ 0  0 41 44]
  [ 0 51  0 50]
  [ 0 30 32  0]]

 [[ 0 56 52 57]
  [ 0  0 36 40]
  [ 0 37  0 43]
  [ 0 33 30  0]]

 [[ 0 47 36 55]
  [ 0  0 30 35]
  [ 0 38  0 44]
  [ 0 41 54  0]]]
delivery_time
[[  0  69  81  87  53  62  81  71  20  38  26   7  97  90  18  69  18  58
   91  92 100  65  61  73   2  30   2  84  38   8  76  58  29  59  98  31
   37  99   9  54  94  92  63  11  88  46  62  49  80  81  16  75  31  35
   32  13  10  32  19  15  60  12  54  15  19  33  76   4  85  80  42   6
    6  52   7  30  46  31  34  66  37  23  23  19  14  82  36  21  39  82
   59  18  49  29   1  42  84  25  21  55  22]
 [  0  40  44  61  96  92  35  38  47  91  72  78  89  65  55  81  30   1
   52  11  25  66  31   6  91  22  53  68  10  77  55  62  41  33  73  24
   72  79  81  14  70   5  86  93  71  52   7  11  38  80  21   8  26  45
   18  84  84  10  98  53  56  72  77  35  57   6  81  89  56   5  26  64
   39  16  75  46  99  72  98  27  21   6  16  16  41  13  34  31  29  93
   70  34   4  61  18  65  63  31  66  29  91]
 [  0  92  48   5  71  85  76 100  35  61  54  71   1  38  70  87  26  26
   28  37  57  82  98   9  14  43  62   5  60  71  89  47  92  50  97  81
   36  92  51  55   7  22  76  56  84  97  26   7  71   3  76  29  45  54
   92  86  18  90  80  91  36  61   4  11  26  56  43  81  94  54  21  52
   22  77  56 100   8  93  80  77  69  13  80  48  35  28  24  87  85   9
   49  68   9  24  72  91   9  51  93   2  32]
 [  0  14  76  42  79  80 100  30  72  69  26  64  74  18  92  92  48   5
   78   8  56 100  80   4  57  65  52  45  27  41  47  36  67  57  48  49
   79  55  97  45  53  65  37  99  11  14  32  82  66  97  84  49  17  21
   39   4  48  72  12  57  73   4  61  84  75  25  30  69  18   4  72  35
   27 100  22  60  14  46  60  31  84  75  75  75  95  70  53  32  96  50
   29  38  29  94  64  46   4  13   9  90  50]
 [  0  58  85  39  28  46   5  26  59  98  95  57  39  97  25  17   9  24
   71  65  93  14  66  55  58  47  89  11  95  93  68  78  66  84  60  45
   62  87  98   5  42  42   5  48  26  86  96  23  65  56  86  83  75   9
    2  78  24  42  80  86  36  95   5  22  37  43  19  85  11  95  89  42
   65  60  71  95  52  40   7  91  44  62  42  64 100  79   7  42  71  29
   38  44  41  62  20  23  76  52  61   9  86]
 [  0  60  12  36   9  58  43  55  11  32   1  40  19  70  65   4  79  97
   82  39  92  21  89  30  54  88  68  54  23   3  25  21  44  65  24  46
   18  37  96  10  55  89  22   2  39  15  23   2  18   8  35  18  90  25
   75  27  73  10  81  43  21  46  46  75 100  12  35  84 100  96 100  66
   74  71  39  20  66  76  70  30  20  67  65  26  25  53   4  31  55  61
   17  20  70  66  97  23  70  95  44  62   6]
 [  0  94  78  36  74  58  48  28  36   2  32  77  72  68  12  63  49  52
   66  91  12  46  13  24  33  20  88  91  35  57  95  67  78  40  13  25
   96  35   9  51  35  86  94  64  52  92  75  69  40  47  37  40  24  19
   54  45  11  40  26  37  25  81  18  91  76  12  14   7  79  97  55  33
   72  40  76  88   1  49  87  53  66  63  40  67  57  90  80  13  71  36
   40  84  74  29  59  69  71  36  50  82  87]
 [  0  50  38  11  55   7  34  33  29  64  92  89   6  19  71  17  25  15
   61  54  44   6   1  63  12  62  64  90  52  49   7  64  71   9  79   1
   57  15  42  20  46  59  20  20  10  86  49  54  95  63  35  37  57  50
   76 100  42  68  75  90  43  96  44  14  85  62  66  60   9  17  11  94
   49  64  31  27  25  18  56  18  46  37  49  46  55  73  58  50  50  54
   32  14  54 100  49  72  91   7  19  30  81]
 [  0  91  83  17  52  69  83  65  89  95  50  29  76  41  65  83  13  56
   22  76  49  71  14  97   1  70  31  91  64  46  36  82  79  53  78  67
   91  28  35  28   1   7  40  39  89  70  17   8  77   6  94  37  14  63
   32  96   1  24  55  98  39  52  26   4  39  66  94  19  66  70  46  61
   76  91  77   2   6  52   5   5  46   5  45  68   7   2  73  43  15  58
   22  86  43  21  65  81  81  29  45 100  24]
 [  0  64   7  55  15  23  25  83  13  48  56  62  44  28  69   8   5   5
   49   2  13  56  57  97  54  68  36  91  87  28  21  56  24  55  81  40
   34  47   2  54  17   8  83  81  75   9  59  64  67  96   4  59  63   9
   76  38  83  37  28  81  19  16  46  87   3  31  33  63  56  32  83  75
   86   1  74  76  22  39  15  78  30  32  19  13   6  88  17  72  50  20
   31  29  55  10  61  61  37  86   4  88  37]]
job2fam
[[1 0 0 0 0 0 0 0 0 0 0 0 0 0 0 0 0 0 0 0 0 0 0 0 0 0 0 0 0 0 0 0 0 0 0 0
  0 0 0 0 0 0 0 0 0 0 0 0 0 0 0 0 0 0 0 0 0 0 0 0 0 0 0 0 0 0 0 0 0 0 0 0
  0 0 0 0 0 0 0 0 0 0 0 0 0 0 0 0 0 0 0 0 0 0 0 0 0 0 0 0 0]
 [0 1 0 1 0 1 0 0 1 0 0 0 0 1 0 0 0 0 1 0 0 0 0 0 0 1 0 0 0 0 0 1 0 0 1 1
  1 0 1 0 1 0 1 1 0 0 0 1 0 0 0 1 1 1 0 1 1 0 1 0 0 1 0 1 0 0 0 0 0 0 1 0
  0 0 0 0 0 0 1 0 1 0 1 0 0 0 1 1 0 1 0 1 0 0 1 1 1 0 0 1 0]
 [0 0 0 0 1 0 0 0 0 1 1 0 1 0 0 1 1 0 0 1 0 0 1 1 1 0 0 0 0 0 0 0 0 1 0 0
  0 0 0 1 0 0 0 0 0 1 0 0 0 1 0 0 0 0 0 0 0 1 0 1 0 0 1 0 1 0 1 0 1 1 0 0
  0 0 0 0 1 0 0 0 0 1 0 0 1 0 0 0 1 0 1 0 1 1 0 0 0 0 0 0 0]
 [0 0 1 0 0 0 1 1 0 0 0 1 0 0 1 0 0 1 0 0 1 1 0 0 0 0 1 1 1 1 1 0 1 0 0 0
  0 1 0 0 0 1 0 0 1 0 1 0 1 0 1 0 0 0 1 0 0 0 0 0 1 0 0 0 0 1 0 1 0 0 0 1
  1 1 1 1 0 1 0 1 0 0 0 1 0 1 0 0 0 0 0 0 0 0 0 0 0 1 1 0 1]]
unit_cost
[16 12 12 18 17 14 18 16 12 13]
pre_factor
2.0
