param: 
proc_time: (1, 100)
setup_rate: 1.0
setup_time: (30, 60)
delivery_time: (170, 200)

mach
10
job_rate
8
fam
3
setup_rate
1.0
proc_time
[[  0  77  19  97   4  17  73  14  30  93  80  26  30  58   2  40  71   6
    6  55  33  78  76  94  23  12  92  96  23  10  56  28   7  72  14  49
   86  90   6  81  71  46  60   2  50  33  67  18   8  45  46  11  69  99
   15  32   7   5   3  73  59  52   1  81  89  64  61  25  65  14  93   3
   34  54  20  18  11  73  72  38  97]
 [  0  55  11  59  18  17  26   3  76  49  17  90  26  15  55  14  18  27
   33  46  27  12  56  43  82  38  50  34  96  40   3  48  67  97  29   5
   42  81  19  55  66  22  80  81  20  11  23  21  83   4  58   5  99  43
   32  15   4  78  46  98  89  11  61  15  86  75  11   1  19  83  20  39
   47  87  68  54  96   6  43  13   5]
 [  0  48  86  94  36  49  49  62  54  30   8  48  24  12  54   6   7  81
   79  35  93  27   2  61   3  83  15  65  51  84  56  86  48  74 100  86
   79  40  64  76   2  77  76  49  38  24   1  48  37  40  37  40  40  69
   94   2  59  90  79  40  46  59  20  27   7  28 100  63   2  98  42  48
   64  49  63  50  80  38  70  89  56]
 [  0  62   7   5  35  47  99  50  95  58  30   3  82  15  51  92  12  58
   10  84  36  71  59  34  77  27  89  40  59  16  23  39  64  56  25  88
   16  21  53  96  67  52  67  31  11   2  20  95  46  72   1  20  97  59
   32  59  77  49   3  92  74  17  76  62  28  97  77  32  20  25  15  22
   70  89  89  82  70  39   9  16  72]
 [  0  60  50  72  22  88  80  47   4  49  35  43  49  16  36  18  61  61
   15  71  74  44   9  73  31  51  72  10  64  66  24  16  96  62  69  91
   89  21  88  56  60  32   2  16   6  85  43  23  43  55  82  16  96  99
   58  90  26  28  46   3  90  30  96  55  79  82  23  39  78  33  99  84
   55  42  57  21  65  85  87  48  14]
 [  0 100  41  49  77  24  70  67  90  80  44  24  42   4  86  41  50   4
   85  58  34  71  59  81  59  65  43  12  19  44  80  68  80  44  15  74
   95  95  80  13  23  58  53  85  72  81  78  75  67  20  66  49  30  84
   13  34  24  76  10  23  19  79  92  22  29  18  77  29  15  38  61   6
   79  88  79  79   5  20  19  93  17]
 [  0  13  26  54  58  31  19  14  19  14  92   7  42  20  18  54  45  16
   84  49   3  52  33  29  75  14  83  55  81  88  96  98   7  62  78  39
   66  23  88 100  95  96  25  85   7  98  69  64  13  77  87  74  43  43
   89  26  34  89  13  97  61   6   3  85  31  67  11  63  18  98  33  53
   31  18  55  17  46  53  40  50  91]
 [  0  36   5  95  16  89  63  26  23  71  74  36  47  30  97  86  64  26
    8  57  42  71   4  59  51 100  27  89  83  88  19  50   6  81  18  17
   11  67  68  36  49  75  51  42  48  99  59  51  61  71  27  83  61  37
   35  52  42  99   5   9   6  30  48  26  16  37  70  83  44   7  30  16
   72  73  94  13  89   8  31  77   6]
 [  0  52  60  78  82  58  85  26  98  18   6  55   5   9  69  91   1  41
   85  99   1  35  22  76  38  45  56  46  18  36  95  54  17  20  79  15
   24   1  78  32  47  41  26  79  23  88  90  22  93  79   7   7   6  66
   56  79  79  42  93  38  92  93  68  59  65  34  48  32  14  48  71  97
   35  66  93  86  73  92  26  72   8]
 [  0  28  34  61  28  96  41  18  17  75  49  52  22  79  45  19  99  93
   45  93   9  64  16  80  88  78  39  48  72  31  26  91  12  75  71  29
    7  35  42  22  73  63  40   7  68  93  75  44   5  62  76  45  80  86
   16  73  93  29  81  76  45  90  51  29  89  49   8  66  75  47  76  16
    9  75  80  23  58  75  91  70  34]]
setup_time
[[[ 0 48 41 33]
  [ 0  0 48 39]
  [ 0 35  0 56]
  [ 0 47 47  0]]

 [[ 0 51 45 60]
  [ 0  0 49 38]
  [ 0 38  0 52]
  [ 0 49 41  0]]

 [[ 0 39 33 40]
  [ 0  0 54 38]
  [ 0 38  0 49]
  [ 0 39 52  0]]

 [[ 0 39 58 41]
  [ 0  0 32 56]
  [ 0 43  0 56]
  [ 0 48 36  0]]

 [[ 0 56 31 45]
  [ 0  0 37 30]
  [ 0 49  0 37]
  [ 0 55 32  0]]

 [[ 0 60 50 34]
  [ 0  0 44 42]
  [ 0 56  0 42]
  [ 0 39 40  0]]

 [[ 0 54 48 45]
  [ 0  0 44 46]
  [ 0 36  0 44]
  [ 0 50 36  0]]

 [[ 0 51 32 30]
  [ 0  0 43 38]
  [ 0 57  0 33]
  [ 0 50 39  0]]

 [[ 0 49 57 60]
  [ 0  0 45 57]
  [ 0 52  0 60]
  [ 0 43 40  0]]

 [[ 0 48 51 37]
  [ 0  0 40 36]
  [ 0 39  0 32]
  [ 0 36 54  0]]]
delivery_time
[[  0 194 183 179 179 179 183 173 178 191 171 197 183 180 198 196 170 196
  200 189 191 174 181 182 197 198 178 185 185 191 185 188 175 191 200 179
  174 192 182 176 182 190 172 187 186 180 192 183 179 188 176 183 170 193
  194 178 174 193 199 178 182 184 179 177 183 197 184 195 186 181 192 190
  190 173 184 171 189 170 197 171 171]
 [  0 184 180 175 198 190 186 192 184 179 188 174 196 178 194 186 183 186
  193 185 191 191 181 195 177 173 198 175 186 182 195 199 179 178 195 184
  198 190 196 186 182 189 188 198 182 176 184 192 194 195 176 189 200 195
  181 195 188 185 182 178 171 182 190 200 176 194 174 176 194 175 200 194
  177 190 190 195 179 198 187 181 187]
 [  0 180 191 173 196 184 193 182 180 193 193 176 183 197 193 179 175 186
  172 198 192 180 189 195 189 170 191 170 170 189 187 190 190 185 187 174
  185 174 175 177 198 199 180 178 193 171 197 183 193 180 196 178 178 171
  173 174 192 178 197 189 172 176 200 199 172 196 176 197 190 177 189 182
  189 194 197 198 196 192 178 173 177]
 [  0 171 189 183 197 170 171 184 171 186 173 180 175 175 178 182 187 183
  196 187 195 194 181 192 171 178 175 172 172 173 199 176 178 186 173 193
  200 175 197 198 195 182 179 195 182 170 185 187 190 191 194 193 194 171
  171 193 196 180 178 177 173 179 184 194 180 178 194 197 170 172 188 191
  176 193 173 191 170 179 199 189 197]
 [  0 190 190 196 176 198 179 174 195 198 176 193 174 184 188 191 181 199
  181 187 194 183 183 186 198 178 200 174 191 173 185 183 200 175 193 192
  177 199 178 188 172 174 200 180 172 200 181 175 190 199 190 176 173 181
  195 190 188 181 194 171 185 171 197 178 189 193 198 198 197 176 185 188
  191 188 198 185 186 191 198 180 195]
 [  0 183 196 193 177 188 196 172 180 197 195 192 200 177 195 178 176 190
  178 185 199 199 199 196 200 194 197 199 170 198 190 179 189 171 196 199
  181 194 178 186 184 176 189 188 198 196 186 183 184 195 194 189 172 181
  187 172 188 195 189 171 171 185 193 174 186 181 183 176 180 192 200 183
  197 170 172 191 180 192 191 178 176]
 [  0 185 187 193 187 178 188 179 183 177 195 180 190 189 195 196 186 193
  196 193 182 176 180 178 180 195 175 181 181 199 195 186 173 178 183 178
  186 170 173 179 182 179 185 195 180 183 194 173 188 197 177 174 199 184
  179 193 179 196 173 179 191 184 187 198 179 174 199 198 195 190 176 174
  170 190 195 188 173 173 182 199 196]
 [  0 193 188 194 198 171 195 191 190 179 192 171 188 187 183 196 178 170
  190 170 197 187 190 199 176 199 187 195 172 179 183 182 170 170 199 191
  198 183 199 178 188 189 199 190 177 170 185 194 199 174 199 183 175 173
  173 197 188 175 192 172 174 180 174 178 191 182 177 197 176 182 176 197
  177 197 200 187 179 188 177 183 171]
 [  0 175 198 170 189 171 196 186 184 188 195 188 174 172 176 179 195 186
  173 196 200 192 196 191 181 173 171 194 170 196 192 191 183 171 195 187
  177 171 193 190 191 186 199 184 182 197 191 172 173 195 195 198 185 178
  174 191 195 193 180 183 194 179 184 182 190 195 194 181 199 190 195 170
  191 176 176 200 180 180 191 188 192]
 [  0 180 197 177 194 181 188 196 200 196 176 200 189 196 195 170 189 171
  174 199 190 184 198 193 174 173 187 174 185 188 183 172 193 180 195 190
  189 189 170 197 200 181 176 177 191 197 193 182 172 176 195 193 183 185
  174 184 195 189 190 197 177 174 194 195 175 198 185 170 180 178 171 193
  188 199 191 199 170 179 199 183 190]]
job2fam
[[1 0 0 0 0 0 0 0 0 0 0 0 0 0 0 0 0 0 0 0 0 0 0 0 0 0 0 0 0 0 0 0 0 0 0 0
  0 0 0 0 0 0 0 0 0 0 0 0 0 0 0 0 0 0 0 0 0 0 0 0 0 0 0 0 0 0 0 0 0 0 0 0
  0 0 0 0 0 0 0 0 0]
 [0 1 0 1 0 0 0 0 0 1 1 1 0 0 0 0 0 0 0 0 1 0 0 0 0 0 0 1 0 1 1 0 1 0 1 0
  0 1 0 0 0 0 0 1 1 0 0 0 0 0 1 0 0 1 0 0 0 1 0 0 0 0 1 0 0 0 0 0 0 0 0 1
  0 0 0 1 1 0 1 0 0]
 [0 0 1 0 0 1 1 0 1 0 0 0 0 0 0 1 0 0 0 1 0 0 1 1 1 0 0 0 1 0 0 1 0 0 0 1
  1 0 0 1 0 0 1 0 0 0 1 1 1 0 0 0 0 0 0 0 1 0 0 1 1 1 0 0 1 0 0 1 1 1 1 0
  0 0 0 0 0 1 0 1 1]
 [0 0 0 0 1 0 0 1 0 0 0 0 1 1 1 0 1 1 1 0 0 1 0 0 0 1 1 0 0 0 0 0 0 1 0 0
  0 0 1 0 1 1 0 0 0 1 0 0 0 1 0 1 1 0 1 1 0 0 1 0 0 0 0 1 0 1 1 0 0 0 0 0
  1 1 1 0 0 0 0 0 0]]
unit_cost
[27 27 26 25 17 21 17 18 24 18]
pre_factor
2.0
