param: 
proc_time: (1, 100)
setup_rate: 0.5
setup_time: (15, 30)
delivery_time: (1, 30)

mach
10
job_rate
10
fam
8
setup_rate
0.5
proc_time
[[  0  74  76  35   4  71  92  35  68  53   2   8  38  95  68  18   6  37
   28  49  99  51  64  10  80  69 100  45  85  58  41  56  39  67   3  77
   35  75  46  44  38  70  75  19  21  91 100  43  78  68  31  36  20  86
   37  17   3  10  68  61 100  59  95  80  73  52  96  23  54  33  45  74
   55  83  60  55  88  59  77   9  55  81  74   8  73   6  86  64  38  76
   80  62  64  11  62  72  95  22  27  57  83]
 [  0  60  36  76  28  78  24  25  80  85  85  15   8  23  92  30  74  79
   90  62  20  96  61  46  80  40   7  51  27  28  43  83  39  94  10  49
   98  27  84  91  70  64  86  70  85  54  69  14  67  43  22   9  91  10
   84  93   3   5  87  59  54  59  82   8  73  22  33  53  64  82  37  42
   38   4  98  16  82  47  87   9  34  36  92  10  72  87  72  22  40  12
   96  12  30  41  18  33  37  27  45  63  93]
 [  0  93   5  45  25  20  48  74  62  52  26  24  13  40  47  40  52  34
   66  54  96  54  79  53  99  74  15  27  11  23  74  50  76  75  44  84
   39  16  42  42  65  65  76  30  20 100  74  52  31  71  89  21  76  83
   42  73  52  98  88  26  45  32  93   5  43  56  27  90   4  72  88  85
   77  20  21  73   7  85  33  27  95  15  83  87  43  99  76  49  37  39
   61  67  11  54  47  34  59  17  64  95  80]
 [  0  90  11  32  85  85  54  85   1  21   6  60  14  13  16  17  18  48
   23   1  61  98  40   7  24  39  94  43  27  98   7  19   2  45  14  57
   82   2   6  87  29  89  17  54  24  57  76  56  54   1  24  97  50  27
   23  83  11  21  23  30  48  27  85  24  98  30  54  75  36  89  37  84
   81   9  73  40  58   5  75  39  13  39  85  60  72  59  31  30  79  23
   27  36  14  82   3  15  10  62  59  88  58]
 [  0  24  34  52  10  43  24  10  14  49  16  91   4  65  12  85  88  56
    2  89  55  37  12  45   7  72  41   3  50  59  61  55  53  91  95  55
   41  35  63  35  48  30  79   5  64  37  30  60  99  39  17  68  60  47
   27  54  16   6  48  58  61  52  67  88 100  80   7   8  98  43   9  76
   94  39  90  85  60   5  30  61  53  83  66  17  67  34  96  20  79   8
   27  32  50  69  17  72  36  10  93  89  80]
 [  0  69  85   5  85  62  66  40  10  45  60  63  17  48  97  32  57  88
   73  67  69  84  82  48  72  31  27  41  59  32  27  76  90   3   9  20
   37  44  38  86  90  10  15  14  63  98  75  79   8  12  66   3   1  51
   59  32  39  33   4  85  71  54  59  59  90  93  68  52  28  19  34  76
   99  17  97  59  92  50  68  14  60   4  94  80  81  79  75  52  13  66
   76  90   1  95  67  66   2   9  36  94  81]
 [  0  14  67  49  84  48  17  15  42  79  92  32  98  25  45  93  88  29
   87  43  30  55  80  46  59  44  23  64  84  99  13  13  43  56  62  95
   37  88  82  37   2  23  89  80  75  62  47 100  90  29  51  50  70  22
   94  32   1  85  57  82  33   5  27  34  65  10  62  73  72  78  22  93
   73  29  25  82   8  63  42  10  63   4  93  75  18  68  43  28  93   4
   57  41  80  38  57  28   3  76  99   6  78]
 [  0  81  13  80   2  19  40   3  19  35  36  60  70   7  76  30  61  92
   98  79  26  26  37  23  62  25  50  47  44  97  59  30  94  63  30  35
    1  83   4  38  62  74  23   4  72  68  93  87  63   1  36  75  68  61
   64  80   3  22  16  78  84  80   6  78  93  12  21  31   5  20  48  29
   37  50  10  93   1  60  78  32  38  45  36  81  76  58  43  70  92  29
   19  32  60  67  78  61  37  91   3  65  50]
 [  0  96  83   8  40  99  12  25  59   7  62   1  45  47   7  21  23  62
   90  98  69  60  11  82  77  71  50  62   4  21  95  88  73  30  37  57
   71  78  45  27 100  17  81   8  91  12  94  11   7 100  41  87  64  84
   49  19  68  80  22  39  34  52  71  20  41  55  83  58  72  38  19  20
   29  32  14  46  92  56  26  71  68  94   1  80  35  93  51  32  44  18
   84  18  28  12   1   3  25  58   4  47   3]
 [  0  50   2  77  46  26  19  77  26  79   2  94  26  89   5  87  82  87
   39  46  28  74  38  91  59  23  13  74  42  73  95  43  78  74  56  30
    2  24  81  47  89  45   8   1  47  48  93  58  38  82  33  73  37  99
    7  31  28  85  71  59  97  57  19  39  65  65  85  83  81  17  14  92
   40   7  26  55  54  48  66  44  89  71  55  16  88  25  27  49  49   1
   16  84  16  33  91  63  81  17  99  72   6]]
setup_time
[[[ 0 22 30 27 22 17 16 23 26]
  [ 0  0 17 15 17 29 25 22 20]
  [ 0 19  0 20 17 17 15 16 17]
  [ 0 22 16  0 21 20 30 16 16]
  [ 0 30 16 26  0 25 28 18 23]
  [ 0 17 29 25 22  0 22 26 30]
  [ 0 25 23 17 28 22  0 27 24]
  [ 0 15 21 28 16 20 30  0 15]
  [ 0 15 17 25 19 16 17 22  0]]

 [[ 0 23 29 27 20 27 18 28 22]
  [ 0  0 26 20 17 28 17 24 29]
  [ 0 21  0 30 17 16 24 21 18]
  [ 0 22 22  0 24 17 20 18 20]
  [ 0 30 24 30  0 17 15 30 30]
  [ 0 16 26 26 18  0 20 26 16]
  [ 0 26 19 15 19 28  0 30 18]
  [ 0 21 24 28 15 28 18  0 24]
  [ 0 28 23 25 15 15 25 28  0]]

 [[ 0 26 19 18 21 18 17 16 19]
  [ 0  0 27 26 24 28 24 18 28]
  [ 0 25  0 15 24 25 20 27 30]
  [ 0 18 19  0 20 19 28 27 30]
  [ 0 18 28 16  0 23 30 28 15]
  [ 0 15 20 21 27  0 26 16 25]
  [ 0 20 18 17 29 19  0 22 24]
  [ 0 24 29 27 19 29 26  0 25]
  [ 0 29 27 30 29 30 18 30  0]]

 [[ 0 30 29 17 27 27 30 27 29]
  [ 0  0 21 22 25 20 18 23 25]
  [ 0 20  0 25 28 29 22 25 24]
  [ 0 17 29  0 23 24 18 24 21]
  [ 0 25 27 15  0 22 27 28 28]
  [ 0 17 27 20 29  0 26 15 29]
  [ 0 30 19 17 16 17  0 20 15]
  [ 0 20 24 23 22 22 15  0 28]
  [ 0 29 25 19 29 29 29 21  0]]

 [[ 0 24 22 15 29 16 23 20 15]
  [ 0  0 28 19 18 29 22 25 29]
  [ 0 26  0 26 18 15 16 27 18]
  [ 0 29 26  0 22 17 25 17 16]
  [ 0 15 21 30  0 25 21 17 28]
  [ 0 29 22 20 29  0 30 28 30]
  [ 0 23 28 21 21 29  0 16 20]
  [ 0 20 23 25 27 21 24  0 26]
  [ 0 21 17 20 22 17 15 22  0]]

 [[ 0 26 21 21 30 15 21 26 22]
  [ 0  0 15 24 20 21 24 19 28]
  [ 0 30  0 29 18 30 15 18 25]
  [ 0 15 19  0 29 17 25 21 26]
  [ 0 22 17 23  0 23 22 18 15]
  [ 0 19 27 29 29  0 16 17 29]
  [ 0 16 19 15 26 24  0 22 24]
  [ 0 24 25 29 18 23 19  0 26]
  [ 0 15 25 29 20 21 22 19  0]]

 [[ 0 22 18 17 28 18 18 22 15]
  [ 0  0 25 29 26 22 18 17 26]
  [ 0 27  0 20 16 22 21 23 20]
  [ 0 24 21  0 24 20 24 28 25]
  [ 0 23 25 28  0 17 20 27 19]
  [ 0 15 15 30 16  0 28 27 21]
  [ 0 16 22 22 26 27  0 18 20]
  [ 0 19 28 28 29 19 20  0 20]
  [ 0 16 28 18 25 25 17 25  0]]

 [[ 0 23 17 21 15 26 28 16 20]
  [ 0  0 29 19 22 20 22 30 28]
  [ 0 28  0 29 24 16 30 28 24]
  [ 0 25 26  0 21 22 17 17 22]
  [ 0 22 30 15  0 25 28 17 17]
  [ 0 23 17 18 20  0 27 28 15]
  [ 0 22 30 24 15 22  0 19 29]
  [ 0 19 26 18 25 20 29  0 21]
  [ 0 20 19 27 17 19 22 27  0]]

 [[ 0 25 24 15 18 20 26 20 21]
  [ 0  0 16 15 25 26 16 24 15]
  [ 0 26  0 19 17 16 17 18 29]
  [ 0 27 17  0 23 20 19 19 18]
  [ 0 18 21 25  0 17 22 15 16]
  [ 0 15 21 29 29  0 21 15 22]
  [ 0 16 17 16 16 20  0 26 25]
  [ 0 19 24 19 26 22 22  0 29]
  [ 0 17 29 28 25 22 23 20  0]]

 [[ 0 18 23 21 24 28 16 24 28]
  [ 0  0 15 16 29 30 25 20 24]
  [ 0 22  0 15 21 25 23 25 21]
  [ 0 17 28  0 28 18 18 29 19]
  [ 0 17 22 16  0 16 24 23 26]
  [ 0 18 29 30 30  0 16 22 27]
  [ 0 16 28 26 23 28  0 27 26]
  [ 0 20 28 16 28 26 16  0 21]
  [ 0 29 23 20 21 20 30 24  0]]]
delivery_time
[[ 0  4 26 24 11 24 10 20  8 27 30 22 27 22 25 22 28  7 20 13  3  9  5 24
  18 17 11  2 17 14 27 22 24 17 25 12 17 16  8 18 15 30  9 11 16  7 10 19
  12  5 27  7  1 23 20 14 28 19 18 20 23  4 30 23 13 26  9 11 15 16 25 16
  24  5 22 19 21  7 16  1 15 30  7 19  3  4  4 15  6 12 26 23 18  5  5 27
   4 23 17 15 27]
 [ 0  1  8 15 15 20  1 16 26 16 12 20  5  8 10 15  5 19 18 18 19 30 10 19
  23 30 22 14 17 29 17 15 18 24 27 20 16  9  8  1 16 18 25 26 17 14 23 23
   8 14 23 22  6 13  8 28 30 12 18  8  2  5 18 30  7 16  7 18 29 29 16 12
  12 30 17 28 25 28 20 25  2 27  9 12 13 21  4 22  5 26 27 17 17 15 20 30
   8 28  5 29  6]
 [ 0 16 22  4 13  7 22  2 18 12 26  7 15  3 22 27  6 19  2  8  9 25 21  1
  16 15 11 13 26 26  6  5 12  2  8  3 11 27 19 20  4  1  4  2 29 15  5 11
   4 30  8  3  2 10 19 23 12  1 18 13 30  1  9 24 14 25 13 29 30 22 22 14
  13  3 27 10 14  7 19 24 24 26 19 20 15 16 12 27 20 24 15  9 20  3 25  5
  27 12 28  8 12]
 [ 0 28 20 14  2  9 27 20 27  5 14 20 24 18  3  3  1  7 19 26 23 25  2 28
   3 21 10 19 20  1 28  6 18 26 18 23 26  2 29 10  3  6 21  5 23  3  8  9
  11 23 11 29 30 27 30  6  3 18 13  1 17  7  5  1  4 26 24 19  6 20  1 15
   4  4 16  9 23  1 16  9 25 18 13  9 30 22 13 14 26  7 29 23  1 12  7 17
  23 25  8 16  7]
 [ 0  2 22 17 11 23  3 28 27 27 25 28 22 30  5  9 11  4  2 28 18 16 24 27
   1  1 13 28 19 28 11 28 30 19  1 30 22 19 15 15  8  6 15 18  4 29 11 23
   2 19 24  3 18 21 27 30  6  9 17  7 15 12 29  3 29 23  7 18  4 17 25  5
  25 30  2 30 28 17  5 11 23  9  8  6 26  3 20 20 24 15 15 25 12  8 16 12
  25 16 25  3 30]
 [ 0 17 30 17 11  9  1 17 19 16  1 20 10 25 29 21 28 23 13 26 10  3 26  9
  17 16  1 14 30  5  8 22 12 30 27 29  1  4 23 15 25 18 15 24 26 10 21 20
  19  5 16 21 29  3 25 22 19 23  3 20 23 23 18  7 27 21 16  5 21 15 16 21
   1  8  6 28 17 25  6  9  8 16 22  1  8 17 27 11  4 23  1 29  2  2 30 29
  26  3 25  9 21]
 [ 0  6 24 10 21  4 10  4  7 22 14 22 25 28 16 22 25 30 16 22 27 21 15 18
  25  8  8  9 30 23 19  3 17 11 23 21 17 28 18  7 16 27  3 15 19 20 22  4
   7 27 27 18  6  5 18 28 10 13 10 18  2 11 17 11 12 26 28 18 11 24 29 13
  19 23 21 28 16 19 28 26  4 15 19  8  5 18 20 28 27 17 30 25  3 19  9 23
  15  5 12  5 24]
 [ 0 19 24 25  8  8 12 23  8 17 28 27 28  8  1  2 20 19  8  8 22  6 22  2
  12  4 28  9  4  4 12 11 28 17  3 13 28 28 12 30  1  5  2 15 26 20 24 18
   9 29 26 22 22 18  9 26  7 10  2 27  4 16 13 26 28 15  5  8  2 27 10 10
  15 20  5  2 21 27 29 12 11  2 28 16 23  3  8  9 16 15  3 12 24 16 18 20
  26  1 24  9 28]
 [ 0 10  6 30  1 14 15 19 27  3  9  2 23  3  5 12 27 26 15  1  4  4  6 14
   7 10 20 14 15 10 27  9 29  3  5 18  3 26 17 29 14  4 26 29 17 17  9 13
   5 12 18 10  1  4 28 14 20 25  2 30  3 24 20 26 30  3  8 15 27 20  6 29
  26  2  4 17 10  8 12 15 20 26  5  6 23 10 21 23 11 30 11  4 27 25 20 17
  11  9 18  9  6]
 [ 0 10 22 22 26  7 12 21 25 25 25 13 19 20 28 12 28 14  6 20 15 13 13 10
  16 19 24 14 29  3 23 11 17 30  3 27  1  3  8  3  1 18 15  1  9 15 15 11
  10  3 30 26  5  7 22  3 14 10 26  9  3  5 17 24  5  1 14 27  2  4  1 11
  11 21 13  2 17 23  3  9 12 19 26 16 27 14 22  8 23  1  6 20  6 26  9 25
  24 20  1  7  4]]
job2fam
[[1 0 0 0 0 0 0 0 0 0 0 0 0 0 0 0 0 0 0 0 0 0 0 0 0 0 0 0 0 0 0 0 0 0 0 0
  0 0 0 0 0 0 0 0 0 0 0 0 0 0 0 0 0 0 0 0 0 0 0 0 0 0 0 0 0 0 0 0 0 0 0 0
  0 0 0 0 0 0 0 0 0 0 0 0 0 0 0 0 0 0 0 0 0 0 0 0 0 0 0 0 0]
 [0 0 0 0 0 0 0 0 0 1 1 0 1 0 0 0 0 0 0 0 0 0 1 0 0 0 0 0 0 0 0 0 0 0 0 0
  0 0 0 1 0 0 0 0 0 0 0 0 0 1 1 0 0 1 0 0 0 0 0 0 0 0 0 0 1 0 0 0 1 0 0 0
  0 0 0 0 0 0 0 0 0 0 0 0 0 1 0 0 0 0 0 0 0 0 0 0 0 0 0 0 1]
 [0 0 0 0 0 0 0 0 1 0 0 0 0 0 0 0 0 0 0 0 0 0 0 0 1 0 0 0 0 0 0 0 0 0 0 0
  0 0 1 0 0 0 1 1 0 0 0 0 0 0 0 0 1 0 0 1 0 0 0 0 0 0 0 0 0 0 0 1 0 0 0 0
  0 1 0 0 0 0 0 1 0 1 1 0 0 0 0 1 1 1 0 0 0 0 0 0 0 0 0 1 0]
 [0 0 0 0 0 0 0 0 0 0 0 0 0 0 0 0 0 0 0 0 0 0 0 0 0 0 0 0 0 0 1 0 0 0 0 0
  0 1 0 0 0 0 0 0 0 0 0 0 0 0 0 0 0 0 0 0 0 0 1 0 0 0 0 0 0 0 0 0 0 0 0 0
  0 0 0 0 0 0 0 0 0 0 0 0 0 0 0 0 0 0 0 0 1 1 0 0 0 0 0 0 0]
 [0 0 0 0 0 0 0 0 0 0 0 0 0 0 0 0 0 0 0 0 1 0 0 0 0 0 1 0 0 0 0 0 0 0 0 0
  0 0 0 0 0 1 0 0 0 0 0 1 1 0 0 0 0 0 0 0 0 0 0 0 1 0 1 0 0 0 0 0 0 0 0 0
  0 0 0 0 0 0 0 0 1 0 0 0 1 0 0 0 0 0 1 0 0 0 1 0 0 0 1 0 0]
 [0 1 0 0 1 1 0 0 0 0 0 0 0 0 0 0 1 0 0 0 0 1 0 0 0 0 0 1 0 0 0 0 0 0 0 0
  1 0 0 0 1 0 0 0 0 1 1 0 0 0 0 0 0 0 0 0 1 0 0 1 0 1 0 1 0 0 0 0 0 1 0 1
  0 0 1 1 0 0 0 0 0 0 0 0 0 0 0 0 0 0 0 1 0 0 0 1 0 0 0 0 0]
 [0 0 1 1 0 0 0 0 0 0 0 0 0 0 1 0 0 0 1 0 0 0 0 1 0 0 0 0 0 0 0 0 0 0 0 0
  0 0 0 0 0 0 0 0 1 0 0 0 0 0 0 1 0 0 0 0 0 0 0 0 0 0 0 0 0 0 0 0 0 0 1 0
  1 0 0 0 0 1 0 0 0 0 0 0 0 0 1 0 0 0 0 0 0 0 0 0 0 1 0 0 0]
 [0 0 0 0 0 0 1 0 0 0 0 1 0 0 0 1 0 1 0 0 0 0 0 0 0 1 0 0 1 1 0 0 1 0 0 0
  0 0 0 0 0 0 0 0 0 0 0 0 0 0 0 0 0 0 0 0 0 1 0 0 0 0 0 0 0 1 1 0 0 0 0 0
  0 0 0 0 0 0 0 0 0 0 0 1 0 0 0 0 0 0 0 0 0 0 0 0 0 0 0 0 0]
 [0 0 0 0 0 0 0 1 0 0 0 0 0 1 0 0 0 0 0 1 0 0 0 0 0 0 0 0 0 0 0 1 0 1 1 1
  0 0 0 0 0 0 0 0 0 0 0 0 0 0 0 0 0 0 1 0 0 0 0 0 0 0 0 0 0 0 0 0 0 0 0 0
  0 0 0 0 1 0 1 0 0 0 0 0 0 0 0 0 0 0 0 0 0 0 0 0 1 0 0 0 0]]
unit_cost
[11 12 13 11 14 10 14 12 11 14]
pre_factor
2.0
