param: 
proc_time: (1, 100)
setup_rate: 1.0
setup_time: (30, 60)
delivery_time: (1, 30)

mach
5
job_rate
5
fam
5
setup_rate
1.0
proc_time
[[  0  25  10  35  55  25  91  45  96  12   4  90  67  17  73  93  65  82
   53  84  57  98  28  99  16  21]
 [  0  99  42  54  32  38  70  38  54  60  77  77  47  12  53  33  28   3
   82  26  54  40  66  68  92  92]
 [  0  90  47   2  42  34  94  21  44  87  97   2  91  59  86  98  16  20
   26  16  70  23  42  37  72   6]
 [  0  22   6  32  17  38  17  37  23  49  61  49  61  77  32  86  63   7
   22  85   6  61  14  16   3   9]
 [  0  85  94  94  42  42  96  23   3   1  67  71   3 100  49  67  55   4
   31  66  78  64  31  63  66  31]]
setup_time
[[[ 0 40 51 39 49 59]
  [ 0  0 43 54 55 52]
  [ 0 51  0 30 54 58]
  [ 0 46 43  0 42 60]
  [ 0 36 31 55  0 53]
  [ 0 54 32 47 47  0]]

 [[ 0 35 40 32 45 34]
  [ 0  0 31 44 45 36]
  [ 0 53  0 57 45 46]
  [ 0 45 33  0 47 35]
  [ 0 57 36 31  0 38]
  [ 0 60 33 43 34  0]]

 [[ 0 37 44 56 48 56]
  [ 0  0 52 33 47 43]
  [ 0 35  0 45 47 30]
  [ 0 30 30  0 50 58]
  [ 0 54 56 39  0 41]
  [ 0 46 30 37 39  0]]

 [[ 0 47 58 38 54 31]
  [ 0  0 35 60 52 41]
  [ 0 48  0 44 48 41]
  [ 0 45 31  0 41 34]
  [ 0 56 53 35  0 40]
  [ 0 39 33 38 41  0]]

 [[ 0 43 34 30 34 45]
  [ 0  0 34 58 47 58]
  [ 0 50  0 57 39 44]
  [ 0 59 53  0 40 55]
  [ 0 56 48 54  0 56]
  [ 0 59 49 32 45  0]]]
delivery_time
[[ 0  2  9 18 19 22 18  5 18 12  4 15 11 27 19  5  6 13 23 10 24 25 14  4
  20 23]
 [ 0 15 26 10 11  9 11  2 13 27 22 26 26  8 29 21 21  8  1  6 26 13  9 28
   6 15]
 [ 0 16  4 28 26 17  9 12 22 19 20 26 12 22  6 12  9 20  5 21  3  2  8 10
  15  9]
 [ 0 11 29  9 14  5 27  9  4  2 19  1 21  1 12 11  1 14 27 11 29  7  2 15
   8 22]
 [ 0 25 15 26  8 29 10 19  3 20 14  9  9 21 28 25  6  8 11  8 12 10 23  4
  16 20]]
job2fam
[[1 0 0 0 0 0 0 0 0 0 0 0 0 0 0 0 0 0 0 0 0 0 0 0 0 0]
 [0 1 1 1 0 0 0 0 0 0 0 0 0 0 0 0 0 0 0 0 0 0 1 1 0 0]
 [0 0 0 0 0 0 0 0 0 1 1 0 0 0 1 0 0 0 1 0 1 1 0 0 1 1]
 [0 0 0 0 0 1 1 1 0 0 0 1 1 0 0 1 0 0 0 0 0 0 0 0 0 0]
 [0 0 0 0 1 0 0 0 1 0 0 0 0 0 0 0 0 0 0 1 0 0 0 0 0 0]
 [0 0 0 0 0 0 0 0 0 0 0 0 0 1 0 0 1 1 0 0 0 0 0 0 0 0]]
unit_cost
[5 5 4 6 4]
pre_factor
0.5
