param: 
proc_time: (1, 100)
setup_rate: 1.0
setup_time: (30, 60)
delivery_time: (1, 100)

mach
5
job_rate
5
fam
5
setup_rate
1.0
proc_time
[[ 0 70 81 89 24 86 77 17 78 98 90 83 26  3  2 92  2 22 71  4 38 84 70 73
  52 31]
 [ 0 36 26 28  5 74 18 15 57 97  5 37 86 86 22 52 15 17 51 45 63 28 59 86
  21 42]
 [ 0 69 82 17 68  7 89 40 40 43 73 83 51 73 23 95 32 31 17 58 86 35 30 64
  53 51]
 [ 0 90  6 34 56 96 25 13 63 66  5 75 11 88 78 94 44 99 85 69  2 40 37 49
  98 75]
 [ 0 75 73 70 34 58 37 96 60 12 32 81  4 33 43  9 98 51 94 20 39 23 41 44
  35 23]]
setup_time
[[[ 0 55 45 36 52 55]
  [ 0  0 52 36 57 59]
  [ 0 46  0 59 59 50]
  [ 0 50 55  0 54 47]
  [ 0 48 57 33  0 30]
  [ 0 33 33 38 37  0]]

 [[ 0 52 35 52 40 33]
  [ 0  0 50 51 38 31]
  [ 0 54  0 30 33 41]
  [ 0 38 60  0 33 45]
  [ 0 45 45 50  0 53]
  [ 0 40 30 44 53  0]]

 [[ 0 59 47 46 36 47]
  [ 0  0 49 58 39 60]
  [ 0 31  0 51 58 32]
  [ 0 41 53  0 41 59]
  [ 0 39 36 39  0 60]
  [ 0 35 36 57 46  0]]

 [[ 0 46 60 47 43 40]
  [ 0  0 30 40 31 45]
  [ 0 32  0 30 50 49]
  [ 0 48 55  0 59 58]
  [ 0 34 59 60  0 40]
  [ 0 38 34 31 42  0]]

 [[ 0 55 54 41 43 34]
  [ 0  0 39 49 31 33]
  [ 0 40  0 40 38 39]
  [ 0 35 44  0 60 51]
  [ 0 35 30 58  0 57]
  [ 0 53 49 59 50  0]]]
delivery_time
[[  0  15  60  60   6  52  12  19  96  75  97   2  55  15  64 100  69  15
   43  74  17  98  24  74  30  67]
 [  0  60   3   5  28  78  11  72  72  76  15  83  48  46  28   7  71  94
   82  88   6  58  68  55  67  49]
 [  0  59   6  90  51  38  11  52  93  20  10  26  48  91  14 100  59  12
   23  85  72  39   9  88  95  25]
 [  0  42  29  60  67  85  57  72  14  39  16  18  95  75  20  46  45   4
   84  95  20  11  65  18  39  44]
 [  0 100  18  47  31  99  39  38  79  47  70   8  86  65  13  55  88  85
   43   4  71  60  12  59  77  54]]
job2fam
[[1 0 0 0 0 0 0 0 0 0 0 0 0 0 0 0 0 0 0 0 0 0 0 0 0 0]
 [0 0 0 1 0 0 1 0 0 0 0 0 0 0 0 0 1 0 0 0 1 0 1 0 1 0]
 [0 0 1 0 1 0 0 0 1 0 0 0 0 0 0 0 0 0 0 0 0 0 0 0 0 1]
 [0 0 0 0 0 1 0 1 0 0 0 0 1 0 1 0 0 0 1 0 0 0 0 0 0 0]
 [0 0 0 0 0 0 0 0 0 1 0 0 0 0 0 1 0 1 0 1 0 1 0 1 0 0]
 [0 1 0 0 0 0 0 0 0 0 1 1 0 1 0 0 0 0 0 0 0 0 0 0 0 0]]
unit_cost
[8 7 7 6 8]
pre_factor
0.5
