param: 
proc_time: (1, 100)
setup_rate: 2.0
setup_time: (60, 120)
delivery_time: (1, 100)

mach
10
job_rate
10
fam
3
setup_rate
2.0
proc_time
[[  0  14  29  75  51  64  50  64  38  37  69  41  12  41  53  94  96  21
   10  71 100  68  22  13  87   5  50  17  90  62  71   6  44  48  12  57
   20  88  48   1  98 100  36  65  70  53  26  14   1  15  20  94  97  23
   32  19  20  18 100  88  18  54  97  41  75  98  49 100  42  57  38  46
   32  52  64  89  40 100  77  96  64  28  67  54  21  85  88  24  49  95
   57  79  15  72  76  43  96  84  15  59  15]
 [  0  64  52  53  74  33  22 100   6  91  76  99  95  32  42  53  12  37
   90  52  55   9  78  23  45  37  54  16  40  71  53  64  39  25  10  71
   30  53  46  21  83   1  14  36  19   3  59  58  77   7  78  78   2   5
  100  37  89  46  18  67  15  41  46  32  68  39   9  42  59  30  75  60
   65   1  36  14  72  39  94  14  23  89  89  43  31  30  32  96  28  71
   93  89  51   7  21  77  41  20   9  84  10]
 [  0  31  45  16  92  89  68  89  67  72 100   1  56  22  39   9  40  21
    6  48  80  43  92  13  22  95  51  99   7  90 100  69  89   4  12   9
   42  99  72  78   4  13  65  93  79  47  17  23  57  70  36  47  44  63
   56  73  39  95  17  43  70  81  10  43  58  19   9   6  92  74  46  42
   83  15  90  10  98  68  73  31  89  41  44  82  38  67  69  35   5  12
   75  83  39  69  71  28  44  81  81  33 100]
 [  0  19  58  47  78  99  16  24  96  99  60  48  45  59  55  51  81  48
   11  31  61  21  73  91  44  12  20  42  94  86  64  57   4 100  70  18
   90  56  18  90  48  12  27  29  84  35  96  88  63  67  16  46  99  53
    9  98  69  79  68  11  52  12  99  47  71  62  98  25  98  22  50  50
   42  65  17  37  81  14  55  67  39  49  55  87  26  65  99  36  51  51
   79  27   4  71  95  14   6 100  65   8  36]
 [  0  51  29  54  54  77  24  38  56  37  87  56  57  95  37  89  57  24
   18  13  24  81  88  13  31  33  19   5  97  18  28  66  60  53   8  24
   96  31  92  21  90  69  74  60  88  56  95  87  36  89  10  42  58  36
   56   7  70  61  13  77  51  85  53  91  27  86  47  40  82  75  71  94
   81  50  66  65  46  94  46  56  50  75  33 100   3  69  39  10  52  81
   85  98  63  58  85  85  41  38  53  40  54]
 [  0  28  99  96  47  42  59  81  76  11   2  51  72  64  20  37  64  64
   89  71  10  90   5   1  41   8  12  49   5  43  29 100  69  36   2  35
    1  80  37  31  10  89  60   5  81  58  40  16   5  98  83  29  48  34
   29  87  96  91  28   7  60  69  16  41  57   9  51  22  56   8  94  19
   40  23  96  62  49   3  73  72   8  70  73  98  38  95  66  83   3  72
   74  56  65  16  53  60  80   9  40  80  42]
 [  0  26  98  82  27  56   1  27  31  69  43  55   6  60  34  60  61  40
   10  79  26  22  85   7   2  77  48  92  68  54  79  32   6  63  71  56
   50  94  53  19  24  53  77  74  68  82  40   1  71  48  71  13  46  17
   70  37  58   4  13  59  23  84  37  53  34  25  91  38  28  63  28  48
   98  65  32  89  81  62  20  60  91  91  19  88  37  49  31  47  39  47
  100  87  15  82   5  26  73   6  88 100  75]
 [  0  95  33  28  44  28   7  66  73  38  72  40  40  35  28  55  59  99
    7  97  13 100  12  25   3  95  77  71  84   4  31  93   8  20  22  62
   19   5  87  11  51  21  46  26   1  34  43  31   5  69  18  82  58  79
   51  79  30  94  13  91   2  31  99  17  62  39   6  70  95  36  43  60
   16  99  66  42 100  21  87  78  86  77   8   9  86  15   7  99   3  12
   63  97  23  60   3  69   2  31  46  43  75]
 [  0  94   1  31  47  73  32  60   8  89  66  96  21  26  12   9  33  39
   93  57  82  54  55  57  94  40  16   7  15  13  44  25  68  26  25  62
   37  45  80  62  42  83 100  20  58  15  46  60  78  19  53  79  55  92
   28  20  47  89  54   3  56  33  80  18  64  84  56  19  37  18  63  86
   74  45  52  50  40  24  97  70  22  51  92  14  78  56  26  41  56  61
   71  25  80  52   9  91   8  96  42   1  23]
 [  0  52  59  53  74  84  24  78  98  52  54  40  97  52  18  58  85  96
    1  84  27  96  43  26  28  89  72  59   1  57 100  94  49  20  24   5
   46  91  39   4  76  64   8  90  89  92  81  50  88  98  19   1  92  78
   44  97  89  92   4  52  74   1  74  87  48  97  38  40  41  11  31  43
   75   8  51  55  39   2  16  13  27  11  63  63  16  91  76  71  84  41
   18  48  23   8  28  84  68  16  43  62  12]]
setup_time
[[[  0  69  93 103]
  [  0   0  62  93]
  [  0  84   0  82]
  [  0 101  89   0]]

 [[  0  71 108  64]
  [  0   0  61  94]
  [  0  62   0 107]
  [  0 119 118   0]]

 [[  0 115  72  79]
  [  0   0  87  75]
  [  0 120   0  97]
  [  0 103  88   0]]

 [[  0 116  95  92]
  [  0   0  73 111]
  [  0  99   0  90]
  [  0  95  82   0]]

 [[  0  78  67 113]
  [  0   0  64  69]
  [  0  67   0  72]
  [  0 105  94   0]]

 [[  0  73  62 119]
  [  0   0  76  75]
  [  0  68   0 115]
  [  0 120  76   0]]

 [[  0  96  64  96]
  [  0   0  64 115]
  [  0  95   0  85]
  [  0 119  86   0]]

 [[  0  70 109  88]
  [  0   0  89  98]
  [  0 118   0 118]
  [  0 120  99   0]]

 [[  0  60  87 110]
  [  0   0  85  83]
  [  0  63   0  97]
  [  0  67 120   0]]

 [[  0 107 113  65]
  [  0   0  93 114]
  [  0  67   0  80]
  [  0  99  91   0]]]
delivery_time
[[  0  33  31  46  78  27  29  79  72  97  27   5  50  72  28   3   3  92
   15  88  31  32  94  17  25  72  56  58  50  98  58  43  56  37  45  81
   95  86  68  84  43  96  42  29  87  76  95  51   5  26   8  34  52  57
   14  97  12  68   4  47  93  62  11  20  98  59  18  44  43  66  56  47
   99  65  17  46  67 100  95  68  93  18  32   1  18 100  19  10  10  38
   79  12  81  43  63  85  43  69  70  74  36]
 [  0  20  69  17 100  60  76  60  15  50  11  88  81  52  62  50  75  12
   37  69  20  66   5  38  84  42  33  37  26  29   5  18  48  91  92   3
   94  26  34  84  72  43  57  91  32  72  28  35  75  45  46  25  73  97
   58  78  94  88  53  47  66  52  89  73  77  41   1  96   5  64   9  39
   39  32  16  62  63   6  22  85  87  43  20  17  10  12  12  30  19   2
   84  68  30  87  33   3  94  12   1  89  90]
 [  0  14  97  92  36  31  64  60  24  21   5  46  63  68   6  74  79  20
   30  26  52  58  87  66  89  64  89 100  75  96  58  10   3  14  27  13
   22  92  41  45  53  63  95   5   6  28  92   8  46   4  32   5  83  56
   84  17  96   1  13  89  70  61  46  60  50  74  21  82  77  37  67  98
   80   4  40  89  40  76  56   1  51  54  61   9  42  97  77  43  12  20
   26  16   8  82  82   9  73  46  97  82  34]
 [  0  64  64   7  68   5  65  83  41  93  58  65  29  57  50  82  35   3
   19  95  63  80  30  91  79  20  12  86  91  68  97  47  66  96   4  88
   99  14  31  69  18  15  85  27  11  83  71  48  50  19  48  97  28  46
    5  62   7   7  62  14  72   3  41  70  19  45  53  24  65  74  80  99
   19  81  12 100   5  98  96  93  16 100  84  42  84  80  51  23  58  77
    7   6  59  86  34  10  76  20  30  12  56]
 [  0  74  56  39   6  32  27  67  72  71  94  36  10  48  56  20  67  58
    5  27  17  78  25  30  48  76  33  88  17   4  31  50  10  69  53  78
   95  78  63  34  54  63  90  92  95  26  16  62  15  99  57  95  38  88
   93  39  23  33  24  40  19  32  31  42  91  47  43  49  91   7  68  30
   68  25  61  29  28  43  76  73  76  13   4  90  84  25  61  74  66  72
   92  15  48  62  52  49  14  10  43  31  72]
 [  0  98  27  20  63 100  88  40  62  99  62  57  51  38  46  11  94  48
    1  15  90  82  29  89  21  32  19   3   8  48  44  98  46  32  19  52
   43  63   2  75  96  77   3  37  19  16  11   3  76   4  52  16  14  71
    9  44  96  84  63  82  13  51  36  88  66  25  84  33  68  77  23  20
    1  63  31  99  36  29  21  56  99  80  62  28  31  60  69  32   8  44
    3  62  52  76  85  47  74  49  48  56  90]
 [  0  99  27  97  43  21  78   3  15  13  94  15   3  84  35  18  66  20
   34  76  54  22  22  89  16  69  68  82  63  67  91  63  20  50  91  38
   32  47  92  42  87  14  33  47  81  17  80  95  63  59  93  42  89  16
   71   7  42  63  92  57  11  15   6  88  61  38   8  47  34   1  94  10
   30  44  62  62  38  87  94  19  15  44  71  36  33   3  50  43  25  71
   81  93  68  55  47  15  44  51  59  32  33]
 [  0  83  55  48  25  18  17  96  44  31  81  78  77  29  22  25  92  51
   15  51  34  50  37  24  87  74   6  20   5  22  78  79  83  67  53  71
   68  13   4  86  35  37  63  33  64   6  92  85  81  22  46  71  93  18
   13  19  63  61  58   7  36  99  93   1  98   3  38  78  32  19  26  63
   84  13  56  95  76  70  13  84  61  40  50  30  26  85  19  90  39  18
   15   2  75  30  45  23  48  25  21  91  38]
 [  0  96  66  24   4  32   7  60  61  72  99  31  30  98  98  88  35  62
   16  31   3  77  30  72  31  92  26  54  48  63  13  51  23  91  32  90
   49  73  49  33   5  39  67  42  78  21  59  29  45  17  62  31  82  42
   43  34  33  12  74  10  87  41  57  26  62  93  91   9  24  39  20  16
   21  58  12  57  14   2  32  89  72  91  41  32   9  26  33  70  13  57
   37  87  83  72  72  66  58  77 100  51  49]
 [  0  38  76  97  72  24  12  45  25  40  76  14  77  20  38  60  91 100
   99  32  66  82  10  53   9  79  64 100  44  70  79  48  11  19  99  81
   95  64  19  21  34  60   6  61   1  84  37  57  71  63  26  49  83  74
   16  36  60  11  76  50  56   1   7  72  76  64  23  51  36  26  76  77
   60  47  90  50  66  15  86  13  73  49  54   4  20  67  14  71  58  96
    8  14  78  68  84  73  29  18  87  45  28]]
job2fam
[[1 0 0 0 0 0 0 0 0 0 0 0 0 0 0 0 0 0 0 0 0 0 0 0 0 0 0 0 0 0 0 0 0 0 0 0
  0 0 0 0 0 0 0 0 0 0 0 0 0 0 0 0 0 0 0 0 0 0 0 0 0 0 0 0 0 0 0 0 0 0 0 0
  0 0 0 0 0 0 0 0 0 0 0 0 0 0 0 0 0 0 0 0 0 0 0 0 0 0 0 0 0]
 [0 0 0 0 0 0 0 0 1 0 1 0 0 1 0 0 1 1 0 0 1 1 0 0 1 0 0 0 0 0 0 0 0 1 0 0
  0 1 1 0 0 0 1 0 0 1 1 1 0 0 0 0 0 0 0 0 0 0 1 1 1 1 0 0 1 1 0 1 0 0 1 1
  1 1 0 1 0 1 0 0 1 0 0 0 1 0 0 0 0 0 0 1 0 1 0 0 0 0 0 0 0]
 [0 0 1 1 1 1 0 1 0 1 0 1 1 0 1 0 0 0 0 0 0 0 0 1 0 1 1 0 1 1 1 1 0 0 1 1
  1 0 0 0 1 1 0 0 0 0 0 0 1 0 0 1 1 0 1 0 1 1 0 0 0 0 1 0 0 0 1 0 0 1 0 0
  0 0 0 0 0 0 0 0 0 1 1 1 0 0 0 0 0 1 0 0 1 0 1 1 0 0 0 1 1]
 [0 1 0 0 0 0 1 0 0 0 0 0 0 0 0 1 0 0 1 1 0 0 1 0 0 0 0 1 0 0 0 0 1 0 0 0
  0 0 0 1 0 0 0 1 1 0 0 0 0 1 1 0 0 1 0 1 0 0 0 0 0 0 0 1 0 0 0 0 1 0 0 0
  0 0 1 0 1 0 1 1 0 0 0 0 0 1 1 1 1 0 1 0 0 0 0 0 1 1 1 0 0]]
unit_cost
[13 12 15 14 17 11 15 13 18 18]
pre_factor
2.0
