param: 
proc_time: (1, 100)
setup_rate: 1.0
setup_time: (30, 60)
delivery_time: (170, 200)

mach
10
job_rate
8
fam
8
setup_rate
1.0
proc_time
[[  0  31  47  66  56  64  91  42  79  13  38   6  26  60  32  21  23  91
   73  15  61  78  60 100  95  26  61  15  34  67  77  41  75  14  22  64
   19  24  24  54  31  61  44  48  88  13  57  71  75  18  43  10   6  51
   50  46  84  37  69  71  28  99  73  97  34  60  82  69  88  19  93  96
   91  88  53  52  63  40  37  28  30]
 [  0  28  53  52  87  72  83  93  39  28  17 100  94  79  70  28  75  91
   27  53  43  32  63  60  23  96  62  35   2  58  21  76   9  17  59  72
    7  72   9  45  87  85  65  83  77  52  32  77  29  98  60   1  85  96
   60  56  16  76  94  74  67  22  50  21  38  38  90  85  24  42  56  64
   84  78  98  59  35  36  26  73  23]
 [  0  14  60   3  83  53  73  44  86  57  52  77  88  36  92  29  30  33
   90  73  16   8  84  59  42  54  84  49  49   9  60  72  95  68  26  17
   86  70  51  74  94  80  53  45  69  86  96  81  71  25  87  97   3  66
   83  92  16   1  47  34  49  12  88  97  53  51  37  74  23  32  53  55
   13  53  35  18  73  75  31   3  23]
 [  0  30  78  26   7  41  53   2  98  95   3  44  84  46  30  39  42  79
   58  54  11  41  39  39  84  38  49  39   9  35  66  61   3  77  79  36
   29  25  25  94  30  87  22  58  19   2   7   2  51  39  82  48  31  24
   43  60   1  34  19  72  63  84  21  82  46  59  16  30  63  40  62  87
    3  92  45  95  44  16  49  26  20]
 [  0  16  89  21  27  50  52  29  34  89  45  73  27   7  83  38  86  33
   12  75  96  96  45  76   8  64  32  15  67  43  70  66  94   4  63  91
    7  37  63   1  93  93  21  78  50  67  95   8  89  20  91  90  57  88
    1  85  47  41  77  43  23  67  89  51  60  98  73  12  68  20  12  48
   92   4  29  15  82  10  62 100  97]
 [  0  80  73  92  38  77   5  19  79  20   5   8  70  90  13  77  35   7
   80  33  82   8  24  57  50  76  33  15  37  85  47  81  78  93  63  75
   59  20  94  26  72  88  14  71  20   5  75  82  48  12  30  85  49  33
   82  96  31  71  87  47  32  90  25  88  34  61  51  25  15  20  42   2
   69  72   3   6  55  43  96  65  12]
 [  0  86  43  69  99  11  43  53  73  55  91  54   9  59  63   9  69  84
   85  69   4   4  19  87  11  80  31  52  97  21   8  28  36  40  26  17
   89  70  43  57  33  52  76  62  97  26  72  10  66   4  59  42  17  35
   33   1  29  33  87  16  99  66  17  83  40  73  84  71  80  25  21  62
   36  56  93  12  74  33  35  38  34]
 [  0  94  42  59  57  71  94  77  27  10  49  22  99   6  28  51  97  30
   60  45  15  40   4  38  41   9  74  57  12  92  43  29  84  58  54   8
   19  75  68  39  22  41  30  96  40   6  16  83  68  50  20  62  99  69
   15  85  55  63  41  11   6  73 100  62  78  63  57  87  56  17  51  83
   80  43  26  31  16 100  10  62  14]
 [  0  53   7  44  29  58  12   5  20  68  60   1   3  24  88  23  47  37
   41   8  31  66  47  44  37  59  51  32  92  11  60  58  76  45  24   2
   97  99  92  36  45  82  83  83  15  92  14   6   6  63  54  39  50  82
   35  46  86  60  22  59  63  94  44  16  20  84  94  27  88  53  17  86
   28  19  55  55  61  86  42  55  64]
 [  0  83  57  53  44  74  44  94  27  72  97  22  72  73  59  86  27  83
   30  59  98  81  83  43  49  23  98  72   6   2  57  32  80  12  86  43
   13  47  77  18  34  33  79  60  33   5  14  25 100  62   3  87  73  73
   62  21  49  86  10  45  75  78  83  40  88  59  84  99  71  57  72  62
   61  20  16  99  49  64  42  97  70]]
setup_time
[[[ 0 60 32 36 44 44 40 43 30]
  [ 0  0 34 44 49 37 44 49 57]
  [ 0 46  0 41 31 49 41 39 51]
  [ 0 45 30  0 35 40 32 50 45]
  [ 0 55 54 54  0 35 53 42 33]
  [ 0 48 45 56 40  0 39 43 55]
  [ 0 33 30 32 35 30  0 58 31]
  [ 0 52 46 31 57 51 45  0 32]
  [ 0 50 43 54 55 37 30 32  0]]

 [[ 0 31 53 32 58 40 52 40 33]
  [ 0  0 51 58 34 40 56 30 39]
  [ 0 58  0 41 49 39 37 34 51]
  [ 0 50 51  0 35 35 42 35 51]
  [ 0 58 42 38  0 41 60 57 49]
  [ 0 48 58 41 60  0 46 37 58]
  [ 0 58 50 43 57 34  0 49 32]
  [ 0 45 50 48 44 58 56  0 39]
  [ 0 46 31 51 50 30 46 34  0]]

 [[ 0 38 49 30 46 50 53 52 35]
  [ 0  0 60 44 42 52 42 41 38]
  [ 0 41  0 53 55 56 59 42 45]
  [ 0 47 42  0 39 46 42 50 33]
  [ 0 40 48 34  0 57 36 51 40]
  [ 0 37 30 45 34  0 48 34 56]
  [ 0 34 32 44 57 54  0 46 34]
  [ 0 35 39 52 38 37 55  0 39]
  [ 0 59 33 59 52 54 54 31  0]]

 [[ 0 48 56 49 60 35 58 53 47]
  [ 0  0 37 52 42 49 48 30 36]
  [ 0 34  0 60 31 56 38 32 30]
  [ 0 37 40  0 56 60 46 32 39]
  [ 0 46 38 47  0 44 49 33 49]
  [ 0 53 46 59 52  0 56 53 58]
  [ 0 51 35 44 35 54  0 59 35]
  [ 0 36 44 34 35 30 59  0 32]
  [ 0 33 31 40 52 51 50 54  0]]

 [[ 0 39 48 35 34 58 36 32 59]
  [ 0  0 50 45 31 41 55 60 43]
  [ 0 56  0 48 43 30 48 56 31]
  [ 0 42 37  0 42 31 35 48 52]
  [ 0 47 54 49  0 52 38 41 58]
  [ 0 34 35 59 56  0 59 37 30]
  [ 0 58 46 39 51 58  0 35 48]
  [ 0 31 33 45 57 48 43  0 48]
  [ 0 58 57 42 45 33 32 56  0]]

 [[ 0 34 54 42 58 48 60 48 37]
  [ 0  0 42 53 54 48 34 54 36]
  [ 0 41  0 52 59 57 34 53 47]
  [ 0 34 33  0 56 53 45 47 51]
  [ 0 37 43 30  0 43 48 34 55]
  [ 0 34 33 33 42  0 30 60 49]
  [ 0 53 50 39 45 33  0 34 30]
  [ 0 50 38 30 47 49 30  0 43]
  [ 0 39 50 50 55 44 34 30  0]]

 [[ 0 54 58 59 37 57 46 32 40]
  [ 0  0 36 52 53 43 52 38 34]
  [ 0 41  0 36 46 35 37 56 37]
  [ 0 60 36  0 58 34 52 33 47]
  [ 0 60 48 51  0 54 36 52 46]
  [ 0 50 55 49 39  0 34 37 32]
  [ 0 58 46 59 56 50  0 40 57]
  [ 0 46 33 43 43 38 50  0 41]
  [ 0 45 31 42 39 53 31 46  0]]

 [[ 0 32 33 58 35 55 36 49 33]
  [ 0  0 45 54 43 39 51 39 48]
  [ 0 55  0 58 44 51 60 38 31]
  [ 0 48 33  0 52 37 36 45 48]
  [ 0 52 46 31  0 33 36 45 41]
  [ 0 58 57 55 33  0 50 37 51]
  [ 0 45 35 48 34 47  0 43 49]
  [ 0 33 42 35 56 60 54  0 43]
  [ 0 39 54 41 34 49 30 44  0]]

 [[ 0 47 49 54 43 31 52 32 59]
  [ 0  0 35 60 58 34 51 47 35]
  [ 0 44  0 43 59 36 40 35 52]
  [ 0 36 54  0 39 44 49 33 48]
  [ 0 58 59 49  0 54 35 52 54]
  [ 0 32 53 59 32  0 47 54 47]
  [ 0 37 42 34 53 41  0 60 54]
  [ 0 43 58 50 45 47 37  0 51]
  [ 0 56 48 41 52 35 45 36  0]]

 [[ 0 60 48 36 54 46 41 52 52]
  [ 0  0 46 34 39 51 34 37 57]
  [ 0 30  0 32 46 47 37 44 34]
  [ 0 33 45  0 35 46 44 34 32]
  [ 0 36 39 50  0 46 38 58 54]
  [ 0 40 50 32 45  0 42 60 54]
  [ 0 53 30 57 33 30  0 44 59]
  [ 0 57 50 41 54 34 37  0 51]
  [ 0 36 33 39 56 31 60 53  0]]]
delivery_time
[[  0 197 195 171 172 196 184 178 194 186 178 192 197 178 183 176 183 189
  184 178 178 200 183 198 174 172 192 180 192 173 175 174 188 180 179 182
  179 197 182 195 173 199 176 170 176 199 182 177 200 175 174 190 190 199
  183 191 186 194 197 195 183 175 188 179 183 191 191 186 176 190 188 195
  178 197 180 181 190 185 190 200 191]
 [  0 195 193 188 189 177 175 185 180 193 173 176 180 191 196 197 178 177
  177 187 173 173 192 200 183 191 172 195 175 198 191 189 200 191 193 199
  191 200 200 172 182 195 170 182 195 173 200 192 175 177 176 180 184 176
  172 184 194 185 187 188 180 171 172 187 183 200 180 193 192 185 200 190
  174 185 187 200 188 170 181 181 186]
 [  0 185 182 186 175 173 191 171 197 195 199 185 179 177 197 192 172 175
  173 199 186 176 185 193 189 171 187 190 184 174 171 175 192 200 199 200
  199 176 180 193 182 180 187 187 197 185 172 193 199 172 193 191 193 186
  183 178 176 173 191 184 171 171 197 182 192 177 183 196 174 176 171 195
  178 170 172 170 190 199 187 172 172]
 [  0 185 186 179 176 183 191 179 198 193 186 197 186 175 184 189 192 183
  171 194 190 192 174 173 175 173 180 198 184 178 189 198 194 175 173 173
  196 172 189 181 177 180 193 181 177 176 179 174 193 193 187 193 188 191
  197 180 187 180 190 195 173 188 171 180 192 194 173 188 172 185 180 180
  198 185 182 176 177 196 175 171 178]
 [  0 198 181 185 200 190 178 198 189 188 190 192 198 173 191 199 198 180
  179 171 171 193 194 193 191 192 200 196 176 170 190 170 191 191 188 182
  192 171 183 190 200 184 176 180 194 195 175 170 187 177 189 177 198 185
  187 178 187 200 177 196 197 183 187 190 191 192 177 191 190 196 183 184
  179 179 170 186 180 197 189 195 174]
 [  0 173 174 178 187 191 191 170 171 194 173 191 192 193 190 177 195 179
  197 199 179 194 174 186 196 199 184 174 193 187 180 171 191 180 177 183
  193 170 185 194 187 187 195 187 198 196 175 178 177 194 194 173 199 192
  173 180 182 176 197 181 199 174 178 194 191 197 194 187 196 173 171 190
  197 195 193 175 181 174 177 173 197]
 [  0 171 192 172 170 195 183 193 196 173 193 186 198 175 172 178 173 198
  178 180 186 173 194 176 197 200 197 193 173 180 176 197 170 183 179 187
  189 197 194 194 170 199 197 187 175 189 191 181 190 170 180 196 178 191
  172 185 187 191 181 197 190 178 183 200 183 197 178 192 187 174 172 192
  182 171 184 186 174 186 170 178 173]
 [  0 184 172 196 186 192 178 192 171 175 196 191 195 173 178 190 192 195
  177 187 192 179 171 181 171 192 198 200 188 182 195 179 197 174 184 175
  195 187 187 181 183 180 198 187 191 196 193 195 188 189 183 199 172 185
  179 181 186 198 192 200 172 188 170 183 186 192 176 170 199 194 182 170
  190 189 183 172 180 187 198 170 183]
 [  0 177 176 172 172 187 191 191 181 199 198 183 195 175 178 187 178 196
  188 174 182 181 185 180 183 182 170 195 178 190 200 180 173 195 192 193
  196 190 196 183 191 187 182 170 187 200 197 196 197 177 174 187 188 194
  182 190 189 185 172 180 196 172 171 195 173 197 179 174 179 180 176 180
  193 198 200 186 197 192 173 191 177]
 [  0 185 200 176 187 181 174 193 184 180 199 174 173 177 199 180 171 172
  185 173 171 173 200 183 198 198 187 199 170 196 180 190 187 170 186 192
  186 198 185 199 171 176 178 172 176 192 192 178 183 174 188 196 198 172
  199 172 173 174 172 173 179 198 173 199 174 187 186 178 181 183 185 175
  200 179 198 182 185 178 171 192 178]]
job2fam
[[1 0 0 0 0 0 0 0 0 0 0 0 0 0 0 0 0 0 0 0 0 0 0 0 0 0 0 0 0 0 0 0 0 0 0 0
  0 0 0 0 0 0 0 0 0 0 0 0 0 0 0 0 0 0 0 0 0 0 0 0 0 0 0 0 0 0 0 0 0 0 0 0
  0 0 0 0 0 0 0 0 0]
 [0 0 0 0 0 0 0 0 1 0 0 0 0 0 1 0 0 0 0 0 0 0 0 0 0 0 0 0 1 0 0 0 0 0 0 0
  0 0 0 0 0 0 0 1 0 0 0 0 0 0 0 0 0 0 0 0 0 1 0 0 1 0 0 0 0 0 0 1 0 0 0 0
  1 0 0 0 0 0 1 0 0]
 [0 1 0 0 0 0 0 0 0 0 0 0 0 0 0 0 0 0 1 0 1 0 0 0 0 1 0 0 0 0 0 0 0 0 0 0
  0 0 0 0 0 0 0 0 0 1 1 0 0 0 0 0 1 0 0 1 1 0 0 0 0 0 0 0 0 1 0 0 0 0 0 0
  0 0 0 0 1 1 0 0 0]
 [0 0 0 0 0 0 1 0 0 0 0 0 0 0 0 0 0 0 0 0 0 0 0 0 0 0 1 0 0 0 0 0 0 0 0 0
  0 0 0 0 1 0 0 0 0 0 0 1 1 0 0 1 0 0 0 0 0 0 0 1 0 0 0 0 0 0 0 0 0 0 0 0
  0 0 0 0 0 0 0 1 0]
 [0 0 0 0 0 0 0 0 0 1 0 0 0 0 0 1 1 1 0 1 0 0 0 1 0 0 0 1 0 0 0 0 1 0 1 0
  0 0 0 0 0 0 0 0 0 0 0 0 0 0 1 0 0 0 0 0 0 0 0 0 0 0 0 0 0 0 0 0 0 0 0 0
  0 0 1 0 0 0 0 0 0]
 [0 0 0 0 1 0 0 1 0 0 0 0 0 0 0 0 0 0 0 0 0 1 1 0 0 0 0 0 0 0 0 0 0 0 0 1
  1 0 0 0 0 0 1 0 0 0 0 0 0 0 0 0 0 0 0 0 0 0 0 0 0 0 0 0 1 0 0 0 0 1 0 0
  0 0 0 0 0 0 0 0 1]
 [0 0 0 1 0 0 0 0 0 0 0 0 0 0 0 0 0 0 0 0 0 0 0 0 0 0 0 0 0 0 1 1 0 0 0 0
  0 0 0 0 0 0 0 0 1 0 0 0 0 0 0 0 0 0 0 0 0 0 0 0 0 0 0 1 0 0 1 0 1 0 0 1
  0 1 0 0 0 0 0 0 0]
 [0 0 0 0 0 1 0 0 0 0 1 1 0 1 0 0 0 0 0 0 0 0 0 0 1 0 0 0 0 1 0 0 0 1 0 0
  0 0 0 1 0 1 0 0 0 0 0 0 0 0 0 0 0 1 1 0 0 0 1 0 0 0 0 0 0 0 0 0 0 0 0 0
  0 0 0 0 0 0 0 0 0]
 [0 0 1 0 0 0 0 0 0 0 0 0 1 0 0 0 0 0 0 0 0 0 0 0 0 0 0 0 0 0 0 0 0 0 0 0
  0 1 1 0 0 0 0 0 0 0 0 0 0 1 0 0 0 0 0 0 0 0 0 0 0 1 1 0 0 0 0 0 0 0 1 0
  0 0 0 1 0 0 0 0 0]]
unit_cost
[27 26 26 22 18 24 19 25 22 25]
pre_factor
2.0
