mach
5
job_rate
12
weight
[ 0  9  5  9  7  3  3  9 10  8  4  6  2  2  6  3  1  1  4  5 10 10  3  9
  3  4  9  2 10  6  1  7  4 10  7  5  2  4  5  4  6  7  4  4  6  9 10  3
  3  2 10  5  3  2  3  5  7  5  6  3  1]
proc_time
[[  0 135 150  98  97  72 144  92  69  70  90  66  99 111  73 110  58 135
   67  72  65 101 131  90  66 125  51 131 120 113 130  85 136 122  53 146
   99 110  91 145  77  55 146  52 126 142  90  52 144 123  70 120 133 109
   74 141  71 127  65 121  98]
 [  0  75 121 140  67 110 125 124 121  59  82  60 111  95 141 123  83 147
   59 136  66 133  71 125  74  59  87  50 121  89 115 110 150 129 122 123
  137  91  50  72 138  95  85  57  82 101  62  87  59 126  65  86  53 132
  101  62  71 100 144  97  59]
 [  0 118  69 128  50 134 100  77 117 112  73  63 110  79 149 125  61 143
  116  61  92 132  82  73 117 117  77 126 109 110 102  98  77  56 133 147
  119  69 132 103  99  71 106 126  80 111 135  53 143 138  90  85 119 135
  143  69 149 110 150 140  70]
 [  0  82 108 118 136 107  69 105  96  52 139 113  87 136 136  83  57 122
  135 106 134 131  72 103 130 139  86  90  88 106  96  61  93 103  90 126
   73  76 137 148  51  90  74  69 112  67 109  93  71 143 150 106  97  66
  144 133  75  98 100 103 118]
 [  0  93 126 137 131  53 144 109 114 104  89  78 126  55  54 137  92  62
   80 119  64 111  53  53 128 107  51 123  89 141  98  50 150  97  54 102
   59  99 117  51  63 137  55 145 141 138  64 149  93 118  88  93  91 100
  131  96 122 125 120 115 117]]
setup_time
[[[0 0 4 3 0 4 1 5 1 3 1 4 3 1 5 0 0 3 4 4 3 2 2 2 3 3 2 1 0 5 4 5 5 5 4
   4 1 2 0 4 1 1 1 4 0 3 2 4 0 5 1 2 0 3 1 5 1 5 3 0 5]
  [0 0 4 0 5 4 1 5 0 3 3 3 3 5 2 3 2 5 0 3 4 4 0 5 5 5 5 4 3 2 0 4 5 3 0
   3 4 2 5 1 5 1 3 3 1 2 4 5 5 4 4 5 3 5 1 4 2 0 5 5 3]
  [0 3 0 2 0 2 3 4 0 1 4 0 4 4 3 4 3 0 2 5 5 0 0 0 2 5 3 2 0 1 3 3 0 3 0
   1 0 5 5 4 5 0 3 0 3 4 3 3 0 4 4 5 3 1 2 0 3 1 3 4 4]
  [0 0 5 0 5 1 2 0 1 4 4 4 0 0 0 3 1 0 1 1 2 1 0 4 1 3 3 1 2 4 0 0 5 1 2
   0 0 1 5 5 1 4 4 4 1 3 0 3 1 0 5 5 3 1 1 2 0 2 5 2 3]
  [0 0 2 0 0 3 1 1 5 1 2 3 5 2 0 2 3 1 0 2 1 3 2 4 1 4 4 4 2 3 1 3 0 4 2
   0 4 4 3 1 4 1 2 1 2 1 2 0 5 3 0 4 4 3 5 3 1 4 4 4 4]
  [0 4 2 4 5 0 1 4 3 3 3 0 0 0 4 5 3 0 0 0 2 3 2 2 5 1 3 4 3 0 0 4 3 2 0
   4 1 1 4 0 5 0 4 1 2 3 2 2 3 0 4 2 2 1 4 1 0 5 2 0 1]
  [0 3 0 1 4 5 0 0 5 0 2 5 4 1 5 4 2 2 3 2 1 0 3 5 0 4 4 0 3 5 0 4 4 1 5
   4 3 4 5 3 4 0 3 4 2 4 0 2 2 5 3 2 4 1 2 5 2 1 4 2 2]
  [0 0 0 0 5 5 1 0 3 2 2 5 0 5 3 4 0 4 0 2 0 0 1 3 4 2 4 5 0 2 1 4 2 5 3
   1 2 0 0 1 1 4 1 1 5 0 3 4 1 0 1 4 0 1 1 3 1 4 3 4 2]
  [0 1 1 5 5 2 5 4 0 1 1 0 3 3 2 3 5 5 3 4 2 1 2 3 3 2 0 2 4 2 2 1 0 3 1
   4 3 3 2 3 5 5 1 3 5 5 1 2 5 3 4 5 3 1 2 5 4 3 3 1 2]
  [0 2 5 4 1 1 2 0 1 0 4 4 2 5 2 5 3 4 3 2 1 4 1 1 2 3 5 4 4 4 2 3 4 0 1
   1 3 0 1 4 4 4 4 1 4 4 2 0 4 0 3 5 0 2 3 0 2 3 2 1 2]
  [0 2 2 3 5 4 3 1 0 5 0 4 2 3 1 2 3 3 5 4 1 5 5 2 3 3 2 3 4 1 4 3 0 5 4
   3 2 4 0 1 0 3 1 1 5 1 0 0 0 5 2 2 3 2 3 1 5 0 4 1 5]
  [0 3 5 1 0 2 0 2 4 5 0 0 2 0 3 2 2 1 0 3 4 2 1 3 0 2 4 3 3 0 5 2 2 4 3
   2 0 0 1 4 2 1 3 1 5 4 4 3 3 2 3 1 1 5 4 2 4 4 1 2 5]
  [0 5 1 1 1 1 2 1 3 1 5 2 0 5 2 0 5 3 3 5 4 3 5 0 2 5 0 3 2 2 5 3 1 2 4
   0 3 1 0 0 0 4 3 1 2 5 2 1 2 3 3 2 1 5 0 3 0 5 4 1 3]
  [0 2 2 2 4 1 2 2 1 3 4 0 5 0 1 0 4 3 1 0 2 1 2 2 4 4 3 4 4 4 2 0 1 2 5
   1 3 2 5 2 3 2 1 2 2 0 3 5 1 4 0 4 4 5 3 3 1 4 5 1 4]
  [0 2 0 2 2 1 3 4 5 0 4 0 0 0 0 3 4 0 2 2 2 1 1 2 1 1 1 0 1 5 5 4 1 1 3
   5 3 3 4 3 0 0 1 3 2 5 0 4 5 2 1 1 4 1 5 4 2 4 4 0 5]
  [0 5 0 1 0 2 0 4 5 5 1 0 3 5 3 0 2 3 0 4 5 1 5 4 2 5 0 0 2 5 0 2 0 3 5
   1 3 1 4 2 3 0 2 3 2 1 5 1 5 1 3 4 4 3 3 3 0 3 2 2 2]
  [0 5 5 3 2 3 2 1 1 1 4 0 2 5 0 2 0 5 5 0 5 1 3 2 3 2 1 5 2 3 1 5 5 3 1
   0 0 3 1 0 3 4 4 1 4 2 1 4 5 5 3 2 2 0 0 2 1 1 2 2 4]
  [0 0 2 5 2 1 5 5 2 5 2 4 4 3 0 3 2 0 2 4 2 1 0 4 4 0 0 0 0 0 1 0 4 3 0
   4 4 1 1 2 5 1 3 1 3 1 4 3 4 2 1 1 0 4 2 3 1 0 0 0 3]
  [0 1 1 3 0 4 4 5 2 2 2 4 3 1 5 5 3 2 0 1 3 1 3 1 1 1 5 2 4 1 0 1 1 3 1
   0 2 4 3 3 5 0 1 3 5 2 4 4 0 2 5 0 4 3 0 5 4 3 4 1 5]
  [0 4 1 4 4 2 1 2 5 2 5 5 2 0 1 5 4 5 2 0 1 3 0 1 0 5 5 4 1 5 5 0 2 3 3
   4 0 2 4 0 2 4 5 3 1 5 0 5 1 3 2 2 1 2 3 0 1 5 1 5 2]
  [0 5 4 3 1 5 4 3 0 2 3 4 0 1 2 2 1 5 2 3 0 5 3 2 2 3 2 2 1 1 0 2 4 1 2
   1 2 0 5 4 0 5 2 4 0 0 5 3 4 2 0 1 2 1 0 4 3 2 4 0 2]
  [0 2 4 2 5 4 0 3 1 2 1 3 3 4 5 4 2 2 0 3 5 0 0 0 3 1 4 3 0 4 1 2 5 4 3
   3 2 1 3 1 0 3 2 4 1 1 5 1 5 1 0 4 0 2 2 0 0 4 4 4 1]
  [0 1 5 5 4 1 1 3 4 3 5 2 2 3 5 3 1 4 3 1 5 4 0 5 3 2 3 2 3 1 1 3 5 4 4
   5 5 5 4 2 2 0 2 1 3 0 4 5 0 3 0 5 0 1 3 3 1 3 4 2 4]
  [0 5 4 5 4 0 1 5 0 1 5 3 1 2 5 2 2 0 3 4 4 3 5 0 4 1 1 1 3 5 4 5 4 3 3
   1 2 5 5 2 3 4 1 0 4 1 4 2 5 1 5 0 5 0 0 2 3 0 1 4 0]
  [0 3 0 4 2 5 1 2 1 2 4 0 1 1 0 0 4 2 5 0 5 3 4 0 0 5 3 5 1 2 4 4 1 3 3
   0 3 5 4 0 1 2 5 5 4 1 4 4 3 2 5 0 0 0 0 3 0 1 3 1 2]
  [0 1 4 4 0 4 0 1 1 2 2 1 0 5 4 1 1 0 4 4 4 3 3 5 2 0 2 3 1 1 2 4 0 4 3
   4 1 2 2 1 4 5 1 4 1 3 2 0 4 2 2 0 2 3 4 3 4 2 0 4 0]
  [0 0 5 1 5 4 3 0 2 3 2 0 3 1 4 0 1 4 4 3 1 3 1 4 1 2 0 0 0 2 3 3 4 3 1
   0 2 3 3 2 4 4 1 3 0 4 5 4 4 3 5 1 1 1 2 2 1 5 2 3 2]
  [0 5 1 1 1 2 5 4 0 3 1 3 2 1 5 4 3 0 4 5 3 0 4 4 1 4 4 0 4 5 5 4 3 0 1
   1 1 2 1 2 4 3 2 5 5 1 4 2 4 2 0 0 4 4 1 0 0 3 5 5 5]
  [0 2 2 4 4 4 3 3 4 4 4 1 0 1 4 0 1 3 1 1 3 3 3 0 1 5 3 3 0 1 4 5 5 3 5
   3 4 3 3 0 4 2 2 2 5 1 0 1 0 1 0 5 2 2 2 2 0 2 3 1 3]
  [0 0 2 3 2 3 1 4 0 2 0 4 4 3 5 5 2 3 2 0 2 3 5 3 5 0 3 2 4 0 0 4 2 3 2
   0 3 3 3 5 3 3 1 1 2 2 5 3 5 0 0 2 5 2 1 4 3 2 5 4 5]
  [0 3 5 2 4 5 3 5 3 1 4 3 0 5 0 3 4 3 3 2 3 5 0 4 2 0 0 3 1 2 0 1 3 2 1
   0 2 0 4 4 3 4 2 4 0 5 1 0 2 3 2 0 2 5 2 0 3 1 1 5 3]
  [0 2 0 4 3 2 1 4 4 1 5 2 1 0 4 1 2 1 1 5 2 0 3 1 1 3 4 1 5 4 4 0 4 1 2
   1 5 2 3 3 3 2 5 1 0 0 0 3 0 3 3 5 4 2 4 1 0 3 1 5 0]
  [0 3 3 0 2 4 4 4 1 1 5 5 5 1 4 1 0 5 0 3 5 0 1 2 4 0 4 3 2 0 0 0 0 4 4
   4 0 3 1 5 4 5 2 3 0 1 2 4 1 1 4 0 4 4 1 0 0 2 3 4 5]
  [0 0 0 0 5 3 0 2 3 5 0 5 5 1 4 1 3 2 4 4 1 1 3 1 3 2 3 1 5 5 3 0 4 0 5
   5 3 1 4 5 4 1 5 4 3 0 1 3 3 4 4 2 5 2 1 1 1 5 5 4 4]
  [0 0 4 4 2 4 2 0 2 5 0 1 0 0 2 5 3 3 5 1 1 1 2 2 0 2 5 3 4 0 1 5 1 5 0
   0 2 4 5 1 3 5 1 1 1 5 2 0 3 3 4 4 1 3 3 1 1 3 0 3 0]
  [0 5 2 0 3 5 2 3 5 0 3 5 5 4 4 2 0 1 3 5 3 5 3 5 5 1 3 5 0 3 2 0 0 4 3
   0 2 1 3 5 0 5 1 2 1 3 4 1 3 1 2 2 5 4 5 3 5 0 1 0 5]
  [0 3 1 2 1 4 3 4 3 5 3 4 5 4 0 4 0 5 0 3 5 0 0 0 3 4 2 0 4 1 3 5 1 1 5
   4 0 0 0 1 3 5 1 0 0 0 5 5 0 0 4 1 5 0 3 2 4 1 5 4 0]
  [0 2 5 5 1 1 1 3 3 4 4 5 3 3 4 5 1 5 0 3 1 0 3 1 1 3 1 0 0 3 3 1 1 4 0
   1 4 0 0 4 3 0 5 5 3 4 2 3 1 3 0 2 2 4 1 4 1 4 4 1 2]
  [0 3 4 5 4 0 2 1 1 0 0 1 2 3 3 4 3 0 5 3 5 2 4 2 0 1 3 5 0 3 3 5 3 2 2
   4 3 5 0 5 1 0 4 1 1 1 5 2 4 2 4 2 3 5 4 4 3 4 5 3 4]
  [0 5 0 5 0 4 5 5 3 1 2 2 1 3 4 4 2 3 2 1 3 4 4 1 1 2 5 1 5 2 0 4 5 1 4
   0 4 0 0 0 0 0 5 0 0 0 0 0 5 0 4 0 1 3 4 3 0 3 0 5 5]
  [0 2 5 5 0 2 2 5 2 0 4 5 1 1 2 1 1 3 1 2 3 4 4 5 3 1 0 4 0 2 2 4 3 0 3
   5 1 1 0 2 0 4 4 2 0 3 1 3 0 3 4 3 4 2 2 0 2 4 4 3 4]
  [0 0 3 4 0 4 2 0 0 2 1 4 2 0 5 0 2 2 3 0 1 4 5 4 0 2 2 0 1 5 2 4 0 1 3
   0 3 0 3 1 2 0 5 5 0 1 0 4 1 4 3 2 0 5 5 2 2 5 5 1 4]
  [0 4 5 0 3 2 4 5 3 0 5 2 5 1 5 0 2 2 1 4 4 1 0 5 0 2 5 1 1 5 0 2 2 0 1
   2 4 2 1 5 5 5 0 3 1 4 1 0 1 1 5 2 5 2 0 3 1 0 1 1 2]
  [0 4 4 5 2 1 4 5 4 4 1 5 2 5 4 2 0 4 3 1 4 2 3 4 2 2 5 4 3 1 5 2 0 4 5
   4 5 0 5 1 0 0 3 0 2 4 0 1 4 0 0 2 2 3 5 1 4 5 2 3 0]
  [0 4 0 1 2 1 1 1 5 5 0 0 1 2 0 5 2 3 0 5 1 2 1 5 5 3 2 0 1 1 5 0 3 1 0
   4 5 3 1 3 1 3 0 5 0 2 0 5 2 3 3 4 0 1 5 2 1 2 3 0 5]
  [0 3 2 1 4 5 1 5 3 5 1 5 2 0 3 5 2 2 3 3 1 1 4 1 0 3 2 5 1 4 2 0 2 3 2
   0 4 5 1 4 4 3 3 4 2 0 1 3 4 5 0 3 0 3 4 4 0 5 4 2 0]
  [0 2 2 3 1 5 4 3 2 2 5 4 4 3 2 1 2 2 0 5 1 2 2 3 0 4 3 5 0 0 3 2 1 0 0
   2 3 4 4 3 4 4 1 1 1 5 0 4 1 0 3 4 5 4 0 3 1 2 2 0 0]
  [0 4 4 4 4 5 5 2 1 4 0 1 0 0 2 2 1 0 3 0 2 4 3 4 3 0 5 5 0 5 0 3 0 2 1
   1 1 0 0 2 4 1 4 2 1 2 5 0 4 1 2 1 3 2 1 5 3 4 2 0 5]
  [0 3 1 2 0 4 1 2 0 2 4 1 5 0 1 3 4 4 0 1 5 3 3 1 2 1 5 0 1 0 4 3 1 0 5
   0 4 3 1 0 0 4 1 0 1 5 4 0 0 3 2 1 5 2 5 1 2 2 4 2 4]
  [0 5 1 1 4 1 1 2 3 4 4 0 2 4 5 1 2 1 5 0 0 0 2 5 1 0 4 4 1 1 4 2 3 0 5
   4 1 1 2 1 4 2 4 3 4 0 2 5 3 0 1 2 5 5 3 4 3 3 2 0 2]
  [0 1 1 3 0 0 3 3 2 2 3 0 1 0 1 2 0 1 5 5 5 3 4 2 2 3 0 5 2 5 3 0 4 1 2
   5 3 3 3 1 0 4 3 2 5 3 0 3 5 2 0 1 2 3 2 0 2 5 3 0 2]
  [0 0 3 1 4 0 1 1 1 5 1 1 5 3 3 2 2 2 4 1 2 0 3 4 0 1 3 0 5 0 0 3 1 4 0
   0 3 5 0 2 4 0 2 5 5 2 2 0 0 2 2 0 2 3 0 2 2 0 5 3 0]
  [0 0 2 1 0 5 2 2 1 4 3 1 0 2 3 3 2 2 3 1 1 1 3 2 1 3 2 2 3 0 5 1 2 3 1
   3 3 2 0 1 5 5 1 5 4 4 1 3 1 4 0 2 0 2 1 2 4 1 5 0 0]
  [0 2 0 0 1 1 5 0 2 1 5 1 1 5 4 3 0 5 2 1 1 4 1 5 3 0 0 2 1 1 0 0 5 1 5
   5 4 2 0 2 5 2 1 0 3 2 4 2 0 3 4 3 5 0 1 1 4 5 3 4 2]
  [0 2 1 3 0 2 1 2 2 5 2 0 4 3 2 0 2 1 2 2 0 4 4 4 0 1 4 5 1 4 0 1 3 5 4
   1 1 0 4 0 1 0 5 3 5 5 1 4 3 3 2 0 3 4 0 5 4 0 5 2 2]
  [0 1 5 3 0 5 0 0 2 1 1 3 4 3 3 3 5 3 3 1 0 5 5 5 2 4 3 2 2 5 2 0 2 2 4
   0 5 3 2 4 0 3 5 1 1 5 5 3 3 3 5 4 3 0 4 0 1 3 3 4 5]
  [0 5 4 5 4 4 1 4 4 0 3 1 1 3 1 1 5 1 0 3 5 2 0 2 4 0 1 2 1 1 1 2 1 0 0
   2 2 4 4 5 0 1 2 3 2 2 4 0 2 5 4 3 0 1 0 2 0 2 5 1 0]
  [0 1 2 2 1 2 3 2 5 4 3 2 3 3 1 1 2 3 2 1 3 3 5 1 1 2 4 0 1 2 4 2 2 0 2
   0 4 2 0 1 4 3 3 0 3 4 0 5 2 4 2 3 2 1 0 5 1 0 3 5 1]
  [0 2 4 1 4 2 1 5 1 2 4 5 5 1 1 0 2 2 3 1 5 4 5 0 2 2 0 4 0 1 1 2 5 3 2
   1 4 4 3 2 5 0 0 0 1 5 4 0 1 0 1 5 5 1 5 0 0 1 0 5 0]
  [0 0 1 1 4 4 1 3 2 4 1 3 3 3 2 2 4 2 2 4 4 5 3 4 3 0 3 3 2 5 3 4 0 2 4
   1 3 1 1 5 1 4 1 5 1 0 5 0 3 5 1 2 1 1 3 4 5 2 5 0 0]
  [0 4 1 2 1 0 1 2 0 4 2 1 0 4 4 5 4 1 2 1 2 4 1 4 1 2 4 5 2 1 3 5 2 1 1
   4 3 2 0 2 4 1 3 0 2 5 2 5 1 0 0 1 4 5 1 5 4 4 4 2 0]]

 [[0 0 2 5 5 2 4 1 5 1 0 2 3 3 4 1 5 2 3 4 3 4 4 5 0 0 4 4 2 0 1 4 3 3 5
   3 2 5 5 1 4 3 1 0 0 5 0 1 5 5 2 1 1 4 1 1 3 5 1 2 4]
  [0 0 0 4 0 5 3 4 3 0 0 4 4 3 0 5 3 0 5 3 4 2 2 2 5 1 4 2 0 2 2 0 4 3 0
   5 1 0 3 2 2 0 2 5 2 0 0 5 0 2 5 2 1 5 1 0 5 1 0 0 3]
  [0 2 0 1 2 5 0 5 5 5 3 3 4 3 1 1 4 3 2 5 4 1 1 4 0 0 3 3 0 2 5 2 5 5 2
   3 1 0 0 4 1 0 3 5 0 0 0 4 5 5 3 0 1 1 5 1 1 0 4 2 5]
  [0 4 1 0 5 3 2 5 4 2 3 2 0 3 3 4 3 0 4 3 4 4 2 0 4 1 2 4 1 3 3 1 2 4 0
   4 0 5 2 3 4 0 5 0 4 4 3 5 0 5 2 5 4 2 4 3 3 4 4 4 0]
  [0 2 4 5 0 1 5 5 0 2 0 0 4 1 3 0 5 5 3 4 5 1 0 4 2 5 3 1 2 1 3 2 1 3 4
   3 2 0 1 5 5 2 5 5 2 5 1 2 2 1 4 4 1 4 2 1 2 5 3 4 4]
  [0 2 5 1 2 0 4 3 0 2 5 3 1 0 0 0 4 1 4 0 4 1 3 3 4 3 0 4 0 2 1 5 1 5 4
   4 3 1 5 3 2 2 3 1 2 5 5 3 0 3 0 4 2 2 0 3 0 4 1 0 1]
  [0 5 0 0 1 1 0 4 0 5 0 4 4 0 2 3 2 5 4 0 5 2 3 0 5 2 0 5 5 3 0 0 2 5 4
   3 3 1 2 1 1 1 3 0 4 4 5 0 4 5 2 4 2 5 3 0 2 1 1 0 3]
  [0 1 2 2 2 0 4 0 4 1 5 1 5 4 1 0 3 5 2 2 2 5 0 1 3 4 2 5 0 4 1 1 4 3 0
   5 2 2 4 2 3 3 5 4 5 4 3 3 4 2 3 0 5 1 0 0 2 3 1 4 1]
  [0 3 5 1 4 3 4 0 0 0 5 1 2 2 3 4 4 4 0 5 5 5 4 3 3 1 4 0 0 2 1 4 2 5 3
   3 5 0 0 5 2 1 5 0 5 3 2 1 0 3 0 1 5 2 1 2 4 0 5 3 2]
  [0 5 3 1 4 5 0 0 1 0 2 1 3 2 0 1 1 1 0 2 3 0 5 4 4 5 0 1 1 2 2 3 0 1 0
   5 4 0 4 1 1 3 5 2 5 1 0 4 3 3 2 1 0 1 2 4 2 1 5 4 3]
  [0 1 1 0 0 4 0 5 3 5 0 5 1 2 5 0 4 3 4 0 3 5 4 0 1 3 3 2 5 5 5 0 5 0 2
   2 3 0 0 1 2 0 4 5 0 1 3 1 4 5 1 3 2 1 2 0 3 1 5 4 3]
  [0 2 1 2 2 0 2 3 4 0 1 0 5 1 4 3 5 4 4 0 1 3 4 1 2 2 2 1 3 1 5 2 0 4 5
   5 1 2 4 0 3 1 3 3 4 3 2 4 2 3 4 5 4 1 2 1 2 1 5 4 3]
  [0 2 3 3 0 1 3 5 2 0 0 5 0 3 3 4 5 1 5 2 3 3 5 3 1 1 2 1 1 0 1 5 5 5 4
   3 2 4 4 2 1 4 3 4 2 4 2 3 1 0 3 2 4 3 4 1 0 5 1 2 4]
  [0 5 2 3 0 5 2 2 2 2 3 1 5 0 0 1 1 4 1 0 3 4 1 3 1 0 1 5 2 4 4 4 0 3 0
   5 1 1 3 3 4 4 0 3 1 3 1 5 3 5 2 1 0 3 4 2 5 1 5 0 4]
  [0 1 5 0 2 0 1 4 3 2 0 4 1 0 0 0 5 0 0 5 3 4 3 1 1 5 4 2 0 3 1 3 4 5 0
   2 4 3 4 4 4 0 0 2 5 1 3 3 4 5 3 4 3 1 5 2 3 3 4 3 3]
  [0 4 3 4 3 3 1 4 1 5 2 5 0 0 2 0 0 0 4 3 2 1 0 5 4 4 1 1 5 1 2 4 0 1 0
   2 0 5 0 3 0 0 3 5 5 5 1 3 3 2 2 5 4 0 4 2 2 5 3 2 0]
  [0 0 0 4 1 0 2 2 0 3 4 0 5 3 1 4 0 5 4 5 2 4 5 4 5 3 2 4 1 3 3 4 0 2 0
   2 3 3 1 3 4 2 2 2 2 2 0 1 2 4 0 0 1 1 1 4 5 5 2 0 1]
  [0 3 3 4 4 5 3 3 1 1 1 2 2 1 0 5 3 0 0 3 2 0 4 1 5 2 0 1 4 5 5 3 5 4 4
   1 1 3 4 4 3 1 3 4 1 2 5 3 3 3 1 5 3 3 5 2 5 5 0 2 1]
  [0 4 1 4 1 5 1 1 0 0 3 4 0 1 2 1 0 0 0 0 3 1 2 1 0 0 2 1 1 1 1 2 1 5 4
   2 0 5 2 5 4 0 4 2 1 3 3 4 3 0 1 3 3 3 2 2 2 2 3 0 3]
  [0 2 1 3 3 1 1 2 5 3 1 2 1 0 0 1 0 4 3 0 2 5 3 2 0 4 4 1 1 5 1 0 1 3 2
   2 0 0 3 1 3 5 1 2 0 2 3 5 5 5 2 1 5 1 3 0 1 1 0 1 3]
  [0 3 2 3 5 0 3 1 2 2 4 0 2 3 5 5 3 5 3 5 0 3 2 5 4 5 3 0 5 5 2 3 0 5 3
   2 3 0 0 4 3 3 3 1 5 0 2 3 0 1 2 5 5 0 0 2 5 2 4 1 5]
  [0 5 1 5 2 2 1 3 1 1 5 0 3 5 3 3 1 2 2 2 4 0 4 0 0 5 4 1 2 3 5 0 1 3 3
   1 3 1 5 4 2 1 3 5 0 3 2 3 2 4 4 1 4 5 2 3 3 4 5 3 1]
  [0 1 2 2 3 2 0 0 2 5 0 3 3 0 3 3 1 2 2 5 3 5 0 1 3 1 2 0 4 3 4 2 1 2 2
   1 3 5 2 2 0 1 5 2 4 5 4 1 2 2 3 0 2 5 1 3 3 3 5 0 3]
  [0 4 3 4 4 1 3 0 2 5 0 3 3 3 0 4 3 0 5 3 2 5 5 0 0 5 4 1 2 2 5 2 1 4 4
   1 2 1 0 0 1 0 4 2 3 5 1 0 4 3 4 4 1 5 3 5 2 5 5 1 1]
  [0 2 3 4 2 0 2 1 2 4 2 0 5 3 4 5 3 0 5 5 1 0 1 0 0 4 0 2 0 1 2 0 4 4 5
   5 2 4 0 1 3 3 3 3 2 2 2 0 0 2 1 1 2 3 4 4 3 1 4 3 5]
  [0 4 1 1 0 4 3 1 0 3 1 5 2 2 1 0 4 2 3 5 1 4 4 4 1 0 0 5 3 4 4 0 5 4 5
   0 1 4 2 4 3 2 4 0 5 5 1 1 2 1 0 2 5 4 1 3 5 5 5 4 0]
  [0 1 0 4 0 3 2 5 4 2 4 3 5 4 4 5 2 0 5 0 0 2 1 0 3 4 0 5 4 3 4 2 4 5 1
   3 5 0 5 3 1 4 3 3 5 0 2 3 4 3 1 3 3 5 2 0 0 0 5 2 2]
  [0 4 3 5 1 4 4 3 4 2 2 4 4 3 4 5 0 2 2 0 5 5 2 3 5 5 0 0 1 5 5 2 1 1 5
   0 3 2 5 4 2 2 0 3 2 2 4 3 2 4 3 3 3 2 1 5 1 3 5 1 3]
  [0 3 3 0 2 3 1 4 5 3 2 1 3 2 1 3 5 2 1 4 5 1 3 1 0 2 1 5 0 3 5 3 2 3 5
   3 5 5 0 4 2 0 5 2 2 5 5 2 2 5 2 2 2 3 3 2 2 3 2 4 5]
  [0 1 3 2 2 5 2 2 1 5 2 3 5 0 0 2 1 3 2 0 2 0 2 2 1 1 0 5 4 0 2 1 4 0 4
   4 5 4 4 0 3 4 1 4 3 0 4 5 0 2 2 5 5 3 3 5 1 4 2 3 5]
  [0 5 0 0 3 4 2 0 1 2 0 5 2 2 1 5 1 2 5 5 2 1 2 0 4 2 1 5 5 5 0 1 5 1 4
   3 4 1 1 5 4 1 4 2 1 0 1 4 5 2 5 1 5 1 3 2 1 5 1 2 2]
  [0 3 3 5 5 5 4 1 5 0 1 2 3 4 3 0 0 2 0 3 5 2 1 5 5 2 1 0 5 4 3 0 2 4 1
   2 1 4 0 5 3 2 5 3 2 4 3 3 2 2 5 3 4 1 4 1 5 1 4 0 0]
  [0 0 1 0 5 1 0 5 1 4 4 1 2 1 0 5 5 3 1 4 5 0 3 4 3 5 0 4 2 5 3 5 0 1 2
   5 4 3 1 4 2 0 2 2 1 3 2 5 2 1 5 4 1 0 4 5 4 2 0 3 5]
  [0 2 2 1 5 3 2 2 5 1 5 3 3 1 1 5 4 5 4 4 2 2 3 3 1 3 4 1 3 5 0 2 3 0 2
   0 1 2 0 1 5 1 3 0 4 5 4 4 0 5 1 1 3 1 1 4 3 5 5 0 5]
  [0 2 5 0 2 2 3 0 4 5 4 2 0 2 2 2 0 1 5 5 4 5 4 1 0 3 0 3 0 4 2 3 5 0 0
   3 3 1 3 4 4 0 2 3 0 1 4 4 5 3 2 2 2 4 3 3 5 5 2 5 1]
  [0 2 4 5 0 0 5 0 3 4 2 4 2 2 1 3 5 1 5 5 3 3 0 2 3 1 0 1 5 5 3 4 4 3 0
   0 3 4 2 2 2 2 3 1 1 2 5 0 4 2 3 1 3 5 1 0 5 1 1 4 5]
  [0 2 5 5 1 1 2 2 4 4 2 2 2 1 0 3 1 3 5 0 1 5 0 2 5 5 2 2 3 1 3 3 5 2 1
   3 0 5 1 4 0 4 1 0 2 4 3 4 4 5 4 3 0 5 4 2 5 0 0 2 1]
  [0 4 4 0 0 0 2 4 1 5 4 5 4 1 0 1 3 5 2 2 1 3 1 0 4 4 5 4 4 0 0 1 3 4 4
   3 3 0 3 3 0 3 4 1 5 2 0 2 0 2 2 1 3 1 1 3 1 3 4 2 1]
  [0 5 2 2 2 3 5 2 1 2 5 4 3 5 4 0 1 1 0 3 3 2 0 0 0 1 1 5 2 5 1 2 0 4 3
   0 1 3 0 5 5 2 5 3 4 0 2 2 3 0 2 5 2 3 4 5 2 1 2 1 3]
  [0 4 5 4 2 0 0 4 5 3 3 2 5 4 5 1 1 0 0 4 4 5 0 0 2 4 5 2 3 1 4 1 0 0 1
   3 0 4 5 0 3 3 0 2 2 0 5 1 1 2 1 5 4 5 5 0 3 0 2 2 3]
  [0 0 2 5 5 4 4 1 1 2 4 2 5 3 2 4 3 0 2 4 2 4 0 4 5 4 2 1 0 3 2 1 0 0 3
   3 1 2 5 3 0 0 3 1 4 1 3 1 3 4 3 0 0 2 5 5 4 4 4 1 5]
  [0 2 4 3 3 1 5 1 5 0 3 4 5 5 2 0 3 2 3 0 4 0 3 5 1 5 3 0 0 1 0 2 3 5 5
   1 5 0 4 1 2 0 5 2 3 1 1 0 1 1 3 2 3 3 5 4 2 1 5 1 3]
  [0 0 5 0 3 0 4 3 5 0 1 0 2 1 1 2 2 4 0 3 5 0 0 1 0 5 4 0 0 5 5 5 1 1 1
   4 3 1 5 4 1 5 0 2 2 2 4 0 0 1 1 4 3 5 1 1 1 3 5 0 1]
  [0 0 1 5 3 4 2 1 1 4 1 1 3 5 2 3 3 1 0 4 5 5 4 2 5 3 3 3 5 0 2 4 0 3 3
   0 0 3 2 0 4 1 3 0 2 4 0 4 1 1 3 1 5 5 5 1 0 3 4 5 1]
  [0 3 3 2 1 1 2 2 1 3 5 3 2 2 4 0 2 1 0 0 4 3 3 1 5 0 4 3 5 3 1 3 5 1 1
   5 0 5 2 3 5 2 5 1 0 2 0 0 5 0 3 3 3 2 0 2 3 2 0 5 5]
  [0 4 1 3 3 5 4 2 4 1 4 1 1 4 1 1 3 4 5 4 5 3 2 2 1 2 4 1 2 5 1 0 1 3 3
   2 3 3 2 4 3 0 4 0 3 0 4 1 1 3 2 5 0 2 5 1 0 2 4 0 4]
  [0 1 2 5 4 5 1 0 5 1 4 2 5 3 4 4 4 0 0 5 0 3 4 5 1 4 0 4 3 5 3 0 5 1 0
   2 4 2 5 2 4 4 0 4 5 1 0 0 3 5 3 2 1 4 3 1 5 0 5 1 4]
  [0 3 0 2 4 0 1 2 0 5 3 4 4 4 2 1 3 3 0 0 1 1 4 5 0 2 0 4 0 2 4 1 0 0 5
   2 3 0 0 5 5 2 4 0 5 0 4 0 1 4 1 2 4 4 2 5 2 1 4 1 0]
  [0 2 3 3 4 4 1 2 4 0 2 3 2 5 3 0 4 2 2 2 2 1 1 2 2 5 3 3 0 3 5 4 5 0 5
   5 1 4 4 0 4 5 0 1 0 0 0 5 0 3 1 0 4 2 4 4 3 1 1 2 5]
  [0 0 4 5 0 1 2 2 5 0 2 3 3 3 4 3 5 2 4 5 5 1 4 0 5 2 5 0 4 5 1 2 3 3 1
   1 5 5 1 2 0 4 4 1 2 0 0 3 1 0 5 4 5 0 5 3 5 4 1 5 1]
  [0 5 3 2 0 4 0 5 0 0 2 0 1 2 5 4 5 0 2 3 0 0 4 0 0 2 5 2 1 5 1 4 1 3 5
   5 3 0 5 2 4 1 0 4 0 4 4 2 0 0 0 3 0 5 2 5 0 3 3 1 0]
  [0 0 4 2 2 5 3 5 2 5 5 5 3 4 5 2 2 1 1 4 0 0 4 0 2 3 4 4 5 1 2 5 0 5 2
   4 2 2 4 2 3 0 3 0 0 1 5 3 0 2 2 0 3 4 1 2 5 4 3 2 4]
  [0 5 0 3 2 1 5 1 4 3 1 0 4 0 3 2 2 3 1 2 4 2 0 0 1 1 2 0 2 1 0 5 3 5 1
   0 1 1 2 2 0 0 4 3 4 5 1 5 4 3 1 4 0 5 1 3 2 5 0 3 4]
  [0 2 0 4 5 2 5 0 2 4 1 2 4 3 5 4 3 4 0 2 3 3 3 1 2 4 4 4 0 5 0 4 3 1 4
   3 3 2 4 4 2 1 4 4 3 3 5 2 4 0 0 5 1 0 5 3 5 1 3 0 4]
  [0 5 5 3 5 3 3 0 4 2 3 2 3 3 4 0 5 4 3 1 5 1 0 4 3 4 2 2 4 5 0 4 2 1 0
   2 3 5 0 2 3 4 2 3 4 4 3 2 3 4 4 4 2 2 0 0 1 4 2 4 5]
  [0 1 1 5 2 4 4 3 3 5 1 4 4 5 3 3 2 4 0 5 4 1 5 5 3 2 5 2 0 4 2 2 4 5 0
   5 3 3 3 4 5 0 2 0 3 3 2 0 1 0 5 2 4 1 5 0 4 1 5 3 3]
  [0 5 5 3 4 5 0 0 3 5 3 3 0 2 4 0 2 0 0 4 0 4 3 2 0 0 2 4 2 2 2 3 2 3 4
   0 0 5 2 5 0 0 0 3 2 0 1 2 0 2 2 3 2 0 3 1 0 2 5 0 2]
  [0 4 4 5 0 0 1 0 5 1 5 4 1 3 2 2 5 3 4 2 5 2 1 3 1 3 2 2 0 5 5 1 3 5 3
   1 4 3 3 3 2 5 0 0 1 5 1 5 1 3 3 2 0 4 3 4 5 0 5 1 5]
  [0 2 3 0 2 4 2 3 5 5 5 5 5 5 2 2 2 1 1 1 2 5 3 5 1 1 4 0 3 1 4 4 2 4 1
   3 5 4 1 1 5 2 2 0 5 4 0 0 2 5 1 1 3 3 1 5 0 3 0 5 1]
  [0 0 1 1 5 2 0 1 4 5 3 0 3 3 5 4 5 4 4 5 5 2 4 3 5 5 5 5 3 1 3 1 4 2 5
   3 0 0 5 3 2 3 5 2 2 2 1 5 2 1 3 0 3 3 3 3 5 3 2 0 3]
  [0 0 1 0 2 3 2 4 0 2 4 5 0 2 5 4 0 4 1 1 3 0 0 5 3 3 1 5 5 1 3 5 3 4 0
   3 2 4 3 3 4 3 1 2 2 1 4 5 4 3 0 3 0 0 2 2 4 2 5 1 0]]

 [[0 2 0 5 3 5 0 5 2 1 1 0 4 1 5 1 3 1 0 5 5 5 1 4 4 5 5 1 1 3 1 5 4 0 0
   1 3 5 2 4 2 3 5 0 5 4 5 0 4 1 5 2 0 5 0 0 2 4 3 5 5]
  [0 0 2 5 1 4 0 2 3 3 0 3 5 4 3 3 4 0 1 2 2 2 2 3 4 2 4 0 2 1 2 1 2 4 1
   3 3 5 1 0 1 4 3 5 1 5 2 5 5 2 4 1 1 5 1 4 2 2 5 3 0]
  [0 3 0 2 0 5 2 4 5 1 5 2 1 0 2 5 3 4 4 3 0 3 4 0 4 2 3 0 4 4 3 4 0 2 1
   1 5 5 5 0 2 1 3 3 4 0 1 0 5 1 2 0 0 1 5 0 0 5 3 0 1]
  [0 0 1 0 1 0 5 5 3 0 5 4 2 5 2 4 2 2 2 3 5 0 0 1 0 5 5 1 3 2 4 3 5 5 2
   3 3 5 2 5 1 0 0 5 2 2 2 2 4 1 3 4 1 0 2 5 5 5 4 0 3]
  [0 2 4 4 0 5 4 5 0 5 3 5 2 5 2 1 4 2 1 4 4 4 3 2 5 1 2 0 0 0 4 4 1 3 0
   4 4 1 1 1 0 2 1 1 1 1 0 3 5 0 0 4 2 0 3 3 3 0 3 4 0]
  [0 0 2 0 1 0 0 0 4 1 3 1 3 3 5 3 4 4 1 4 3 5 4 3 3 0 2 4 5 1 1 1 0 3 5
   3 0 0 4 5 3 5 1 2 0 5 4 0 0 1 3 5 3 3 1 5 0 3 1 2 3]
  [0 3 0 3 0 2 0 5 1 1 2 2 2 4 4 3 5 2 4 2 5 4 1 3 5 3 5 5 1 5 3 4 0 3 0
   5 2 5 2 3 0 0 5 4 4 1 2 5 2 5 4 4 0 4 0 1 5 5 3 5 4]
  [0 1 3 0 5 4 0 0 5 1 5 3 2 0 0 5 3 0 4 3 3 3 4 4 1 5 2 0 2 1 0 1 5 0 2
   4 5 5 5 1 4 0 4 1 5 5 0 3 2 1 4 5 3 0 4 0 3 5 2 1 4]
  [0 2 0 5 3 2 2 2 0 5 0 3 0 1 4 4 0 2 2 1 0 4 2 5 5 2 3 3 0 2 5 1 0 5 0
   1 1 0 1 3 3 2 0 3 5 3 4 1 2 2 4 2 1 5 0 1 5 1 2 2 4]
  [0 3 5 1 3 2 0 4 1 0 1 5 4 0 2 5 2 1 1 2 1 3 3 1 0 5 3 3 1 2 4 3 3 1 1
   2 1 5 5 4 3 4 5 1 0 0 5 3 2 1 1 3 2 2 2 0 2 2 0 5 1]
  [0 0 2 4 5 5 1 4 2 3 0 1 2 3 1 4 0 4 1 2 4 2 2 0 5 4 2 4 5 1 3 5 2 1 5
   0 3 3 0 0 2 4 3 2 2 5 2 1 3 2 1 5 5 4 2 1 1 3 4 2 1]
  [0 2 4 4 0 5 3 0 4 2 3 0 3 0 2 1 5 5 3 1 4 3 3 3 5 4 4 0 2 1 4 1 4 3 3
   4 5 5 1 0 5 2 1 0 4 4 4 2 4 3 3 0 0 2 2 1 4 1 5 0 3]
  [0 0 4 1 1 3 5 5 0 3 3 0 0 0 3 0 4 0 1 0 3 3 5 5 4 0 1 3 1 4 3 3 5 5 3
   0 4 2 1 5 0 0 4 1 5 5 0 1 3 3 3 1 3 3 2 3 0 5 5 4 2]
  [0 3 1 2 0 2 1 3 4 0 0 2 3 0 3 3 0 5 0 2 5 0 1 2 0 3 3 2 1 0 5 0 5 0 0
   0 0 4 4 0 3 3 2 5 4 0 0 4 4 1 2 2 2 5 2 0 2 5 2 1 2]
  [0 1 3 5 0 3 0 3 0 2 1 2 5 3 0 1 1 0 0 4 4 4 4 5 0 4 2 5 2 2 0 1 0 1 2
   4 5 1 3 4 3 2 3 0 1 4 1 4 4 0 2 5 5 0 2 4 0 3 1 5 0]
  [0 3 5 0 3 0 0 1 0 0 2 5 5 3 0 0 5 5 4 1 1 5 4 0 4 4 3 1 3 0 3 1 2 3 4
   2 2 2 4 1 1 4 3 2 1 1 4 5 4 3 0 1 5 0 0 2 1 0 2 1 4]
  [0 4 4 3 0 4 1 1 1 0 0 2 3 1 5 3 0 1 2 3 5 5 5 2 5 5 2 0 5 1 1 2 3 3 5
   4 0 0 1 4 3 1 5 2 1 5 1 5 0 2 4 0 0 0 4 1 5 0 4 2 1]
  [0 3 2 3 3 3 2 2 1 1 4 3 1 0 4 1 1 0 1 5 1 0 4 3 5 3 0 4 5 4 4 0 2 1 0
   1 0 0 3 4 2 4 5 2 0 1 2 2 1 2 3 1 4 1 4 0 3 5 4 2 4]
  [0 3 5 5 0 1 4 1 3 0 4 1 0 2 3 1 2 5 0 0 0 0 2 5 1 1 5 3 3 5 4 4 2 1 1
   1 3 2 3 4 4 2 5 2 3 0 2 0 4 2 4 2 4 1 3 3 0 4 3 0 5]
  [0 5 5 3 4 4 0 5 4 4 1 3 1 4 5 5 3 0 0 0 0 5 1 1 4 2 0 3 3 0 3 1 2 4 1
   5 3 4 1 0 3 0 0 0 1 4 2 3 4 4 1 0 4 3 4 1 5 5 5 5 5]
  [0 5 2 2 3 0 5 0 3 2 5 1 3 1 4 2 0 3 3 4 0 5 2 2 5 4 2 5 5 1 5 0 2 0 0
   3 2 0 5 1 5 0 1 5 3 1 3 3 2 4 3 0 4 1 2 3 1 0 5 5 5]
  [0 5 3 1 5 3 5 2 1 0 3 3 2 5 1 4 0 4 5 5 1 0 4 1 0 4 4 4 1 5 3 5 4 3 5
   5 0 2 2 3 2 3 4 4 0 4 4 2 4 4 0 0 0 5 4 0 4 3 1 1 5]
  [0 3 1 3 0 0 1 0 3 5 2 0 5 1 2 2 0 0 3 4 5 2 0 4 3 2 3 4 1 2 1 4 2 4 5
   1 4 3 0 5 3 2 3 0 4 5 5 4 4 3 5 3 3 5 3 2 3 4 3 2 3]
  [0 2 4 4 5 2 1 5 0 0 5 3 5 3 2 1 2 2 5 0 1 2 3 0 2 4 2 3 2 1 3 5 1 1 0
   5 5 0 4 4 4 1 1 3 5 1 0 3 2 4 1 5 4 3 1 3 2 2 5 4 5]
  [0 3 0 5 5 3 0 2 5 2 4 5 4 5 5 1 0 4 1 0 2 4 3 2 0 4 3 3 3 1 1 1 3 0 0
   5 1 2 2 0 1 2 3 0 0 0 3 1 3 1 3 4 2 5 3 5 1 4 4 1 1]
  [0 0 0 5 1 5 5 1 2 4 3 3 3 3 1 0 1 5 0 5 1 4 5 2 5 0 3 5 5 4 4 0 1 4 4
   1 2 3 2 4 5 4 0 2 2 2 0 4 5 5 2 3 0 2 3 4 0 3 1 0 2]
  [0 2 1 1 2 0 5 2 4 0 3 2 1 4 1 3 1 3 5 5 2 2 2 0 2 3 0 1 3 4 1 4 3 4 5
   4 2 1 1 1 1 1 2 0 1 1 1 2 1 5 4 2 0 2 1 3 5 5 1 3 5]
  [0 0 2 2 5 0 0 0 0 5 2 3 4 0 3 3 4 4 1 0 1 0 5 1 3 4 2 0 3 5 4 3 4 1 4
   4 1 2 3 0 4 5 1 2 3 2 4 2 3 3 4 2 0 1 3 0 5 2 4 2 2]
  [0 3 1 0 3 4 1 5 4 0 4 5 4 5 4 2 3 3 2 2 3 2 2 0 2 0 0 0 0 2 3 0 0 1 4
   5 3 4 5 3 1 2 5 2 5 2 1 5 2 4 4 3 3 4 0 5 2 5 1 5 0]
  [0 4 3 0 0 1 5 0 1 1 4 5 4 3 3 5 2 1 4 4 3 3 1 2 1 4 4 5 5 0 4 3 1 0 1
   4 1 1 2 0 3 4 1 4 3 3 0 5 5 1 3 2 3 1 4 3 5 5 4 4 1]
  [0 4 0 1 4 0 4 2 5 3 5 4 5 3 5 3 2 5 4 5 4 5 5 3 0 4 3 1 4 2 0 4 5 3 1
   4 5 5 0 5 5 3 2 4 1 5 1 1 5 0 2 1 5 4 0 2 4 3 3 3 5]
  [0 1 0 0 5 2 3 2 0 3 5 2 0 5 1 5 0 1 3 2 3 3 1 5 4 2 4 4 5 4 1 0 3 1 3
   1 4 5 3 1 4 4 3 5 2 4 3 2 4 3 5 5 1 2 0 3 2 5 3 5 5]
  [0 3 4 5 4 4 0 0 4 4 1 1 5 2 3 3 5 1 0 4 2 2 2 1 5 0 2 3 2 0 0 1 0 5 3
   1 5 0 5 4 5 2 3 1 4 3 2 1 1 2 0 5 5 4 0 2 4 3 3 0 3]
  [0 4 0 1 0 0 2 3 1 2 0 4 2 3 5 5 4 1 1 1 5 3 4 2 2 1 2 5 1 1 2 5 1 0 4
   1 3 3 4 3 0 0 1 4 0 2 0 4 2 0 3 1 0 3 0 2 4 4 2 4 5]
  [0 2 0 3 5 1 2 0 3 5 0 3 1 1 1 0 5 2 4 5 4 1 3 2 1 2 3 5 3 2 3 3 4 1 0
   0 4 1 1 5 5 5 3 2 0 5 5 2 1 2 4 1 3 1 4 0 0 4 2 2 3]
  [0 5 3 1 2 3 2 1 5 4 1 0 2 0 5 2 2 3 4 2 4 4 4 2 1 3 2 3 0 4 1 1 2 0 3
   0 3 2 4 4 2 2 1 3 1 2 1 0 2 0 1 4 4 1 3 3 2 1 0 4 0]
  [0 5 5 4 5 2 2 2 4 2 0 1 3 3 5 2 2 5 3 3 1 3 3 3 2 3 5 3 5 1 1 5 0 3 0
   5 0 2 0 5 2 5 3 2 0 3 4 1 4 4 1 0 4 2 2 4 4 0 3 5 1]
  [0 0 1 1 4 2 3 4 3 0 0 2 3 1 0 5 3 3 4 2 5 5 4 0 1 0 5 1 3 1 5 2 3 3 0
   4 1 0 2 2 3 4 1 4 4 1 3 2 4 5 2 2 0 5 1 3 5 3 2 3 3]
  [0 5 5 2 1 4 0 4 3 0 5 5 2 2 3 4 0 0 5 4 1 1 2 0 3 3 5 0 3 1 4 1 3 3 4
   2 2 3 0 4 3 1 0 0 5 4 3 3 1 1 2 4 1 1 0 2 4 1 4 0 3]
  [0 3 3 4 5 5 4 1 2 5 3 3 0 2 1 5 0 4 3 5 2 0 2 5 0 2 4 5 4 2 5 1 0 0 3
   0 4 4 0 0 4 2 2 3 2 5 0 1 2 5 5 3 3 0 5 4 3 5 3 0 4]
  [0 0 3 3 3 4 1 5 1 0 1 4 3 1 3 0 1 5 5 1 0 0 1 5 1 5 2 4 4 0 5 0 3 2 3
   0 0 0 4 5 0 4 2 3 0 4 0 0 3 2 3 0 1 5 4 0 1 4 1 4 4]
  [0 3 5 0 1 3 3 3 3 3 0 0 3 2 0 4 3 0 1 0 0 2 3 0 0 3 1 5 4 1 1 2 1 2 1
   3 5 2 4 4 1 0 1 0 2 5 2 5 5 2 4 2 0 3 3 5 0 3 2 3 5]
  [0 5 3 4 4 0 0 5 0 5 3 1 5 3 0 5 3 0 4 4 3 2 4 5 5 3 5 1 5 3 4 2 5 3 0
   5 2 0 4 4 3 0 0 2 3 4 3 0 3 5 4 0 2 3 4 3 2 2 3 4 0]
  [0 0 0 4 5 1 3 4 4 0 3 0 5 3 0 5 4 0 2 3 1 0 2 1 5 4 1 1 0 2 2 3 3 2 2
   3 5 0 5 4 4 2 0 0 0 0 1 5 1 2 1 4 3 0 3 2 4 0 0 0 1]
  [0 2 1 2 4 5 4 0 0 4 0 3 1 2 1 4 3 1 0 3 0 5 5 1 2 3 4 5 4 3 0 1 4 0 2
   3 2 1 5 4 2 1 1 2 0 5 4 4 5 0 1 4 1 4 2 1 4 5 3 5 3]
  [0 5 5 1 1 1 3 0 4 2 4 5 3 3 3 4 3 1 1 1 2 5 1 5 0 3 4 5 4 5 5 4 2 4 5
   0 0 0 1 5 5 4 1 1 0 0 2 3 2 3 2 4 3 4 5 4 3 1 5 5 0]
  [0 1 1 0 2 2 3 5 0 3 3 3 2 3 0 4 0 0 2 5 2 1 3 4 5 4 2 0 5 2 4 2 5 5 4
   4 3 0 2 0 2 0 5 2 1 4 0 0 5 0 5 4 3 2 5 1 1 1 3 0 4]
  [0 5 2 2 1 5 3 4 3 4 3 4 5 0 1 1 0 2 5 4 5 0 1 0 3 3 5 5 5 4 5 4 1 2 5
   4 3 1 0 3 4 0 2 2 3 4 3 0 5 5 3 3 5 4 0 5 0 5 4 4 3]
  [0 5 5 3 4 3 5 1 3 1 3 5 0 4 0 4 1 2 3 4 0 4 1 0 4 0 0 2 4 0 5 4 4 5 4
   0 2 3 3 5 3 5 5 4 5 5 2 4 0 3 1 5 4 1 1 1 1 3 5 5 3]
  [0 5 1 1 0 2 5 1 0 1 2 3 0 1 1 4 0 4 0 5 5 2 2 0 3 5 4 5 1 1 3 5 1 5 0
   2 5 4 3 3 5 1 3 3 3 2 4 1 5 0 2 0 5 4 3 1 0 5 5 3 3]
  [0 3 2 1 1 1 1 4 2 4 1 4 0 3 1 5 0 4 4 1 1 0 1 1 0 5 0 1 4 1 1 1 5 0 0
   3 1 1 5 2 4 0 1 1 2 2 1 4 0 3 0 5 0 3 1 1 0 3 4 2 5]
  [0 4 3 1 3 1 3 0 4 1 5 5 0 3 0 4 3 0 3 3 5 0 1 0 3 3 1 5 2 3 1 5 0 0 2
   2 1 5 0 1 5 2 5 4 5 1 4 3 2 3 2 0 4 3 4 2 0 4 3 2 1]
  [0 2 5 3 4 4 3 3 1 0 1 0 5 0 1 5 2 5 2 5 1 3 1 1 2 5 5 2 1 1 1 2 0 0 3
   0 2 3 2 1 1 5 4 5 2 2 5 3 5 3 1 5 0 4 5 0 3 1 3 1 0]
  [0 4 0 1 4 3 4 5 3 0 1 5 3 4 5 0 4 2 4 1 1 2 3 3 3 3 1 1 5 2 1 5 0 0 0
   3 4 3 5 1 5 2 3 0 3 4 1 0 0 4 4 3 2 0 0 1 3 0 3 5 5]
  [0 0 0 0 2 4 3 0 0 2 4 1 5 2 4 2 0 0 0 3 3 0 0 3 5 4 2 0 4 2 4 4 5 3 1
   2 5 5 3 5 0 4 2 3 2 5 2 2 1 2 1 5 3 4 0 4 1 3 2 2 4]
  [0 3 5 2 5 5 4 5 5 3 3 1 4 2 1 3 5 0 5 2 5 5 0 3 2 5 3 3 1 2 2 2 5 5 5
   4 5 1 2 4 3 3 5 3 5 2 2 4 2 4 0 2 4 4 2 0 3 2 0 2 2]
  [0 0 0 0 1 1 5 1 2 1 4 4 2 4 1 0 2 1 4 1 3 0 1 1 1 1 0 1 0 5 0 0 5 1 4
   5 1 5 4 0 1 0 4 2 3 3 1 3 3 1 5 0 5 2 4 3 0 4 2 5 1]
  [0 0 0 0 4 2 2 0 3 1 1 1 2 3 4 3 2 0 3 0 3 5 1 5 0 1 4 1 3 1 3 3 5 1 3
   0 3 0 3 4 5 2 1 1 2 1 1 5 3 1 0 3 5 5 0 2 2 0 4 5 3]
  [0 3 3 4 5 0 1 1 4 1 3 1 1 5 5 3 3 5 1 5 1 5 0 3 2 1 4 4 3 4 3 4 1 1 0
   5 5 5 4 5 0 1 4 0 2 0 4 0 4 4 3 2 4 4 3 4 1 4 0 4 3]
  [0 3 5 5 5 0 3 5 2 3 5 2 1 5 5 2 2 1 4 2 4 0 0 5 3 2 4 4 1 2 4 0 1 5 4
   3 2 2 4 3 3 1 2 1 5 5 5 3 0 3 5 5 4 2 3 3 4 5 3 0 1]
  [0 3 5 3 5 4 0 4 1 1 3 5 1 0 1 5 2 2 3 4 4 1 5 0 5 2 0 5 0 5 2 4 3 1 0
   5 2 0 0 2 5 1 5 3 5 2 0 0 4 0 0 1 4 5 1 0 0 0 5 3 0]]

 [[0 5 1 0 0 4 2 4 5 3 0 5 0 1 4 4 4 0 5 5 1 5 2 2 1 0 0 3 3 3 4 5 4 1 0
   0 3 2 3 2 3 0 3 4 3 1 3 1 4 5 4 4 2 4 2 5 1 3 5 4 3]
  [0 0 1 1 5 5 4 0 0 1 3 0 1 2 0 0 5 1 5 3 2 5 1 2 3 1 3 2 0 4 3 0 0 1 4
   0 1 1 1 2 4 4 2 3 5 4 2 4 2 2 0 1 3 0 1 3 2 4 4 4 2]
  [0 1 0 1 2 3 0 4 4 4 3 1 3 5 4 5 2 5 1 4 1 3 3 3 3 5 3 5 0 5 0 0 3 5 5
   4 1 5 1 4 2 5 0 3 1 4 4 3 1 0 5 5 3 5 1 4 4 2 3 2 0]
  [0 2 1 0 0 4 5 3 4 1 4 5 1 3 2 1 0 1 0 4 3 4 2 2 2 0 4 4 0 1 5 5 3 5 1
   0 2 5 3 0 3 5 2 0 5 4 0 0 0 4 0 0 2 1 3 4 5 4 5 5 3]
  [0 0 2 1 0 5 0 3 0 0 3 2 4 4 0 1 3 2 0 0 2 0 1 2 2 3 1 4 5 0 2 5 0 4 5
   5 3 4 0 5 4 2 3 1 3 5 0 1 2 1 3 2 5 5 2 3 1 4 0 4 1]
  [0 3 1 3 3 0 3 2 4 1 3 0 2 1 3 4 2 4 4 2 1 5 4 4 5 3 4 5 5 0 2 1 2 2 0
   0 1 0 5 1 2 0 4 5 2 4 3 4 5 1 4 2 2 5 2 3 5 3 4 4 1]
  [0 2 2 4 0 2 0 5 2 2 3 5 1 5 1 4 5 2 1 3 1 5 4 1 5 1 3 1 2 1 0 5 5 2 5
   0 2 4 2 3 1 5 0 1 2 5 3 5 3 2 4 5 4 5 4 3 5 5 0 4 4]
  [0 1 4 4 1 2 2 0 3 2 4 4 0 2 1 2 1 1 3 3 0 5 4 1 0 5 3 3 4 3 5 0 4 1 2
   4 4 0 1 0 2 1 0 3 5 4 5 3 1 1 2 3 4 4 5 3 3 0 2 3 4]
  [0 3 0 3 4 2 5 4 0 0 3 3 3 4 4 0 1 5 1 5 4 0 2 5 1 4 4 0 5 3 2 3 2 3 1
   4 4 2 2 3 1 5 4 5 1 0 1 1 3 2 1 5 1 3 2 1 2 3 2 1 3]
  [0 1 3 4 0 1 1 3 4 0 1 2 4 2 2 2 2 1 2 2 5 4 0 5 4 5 1 1 1 3 3 2 5 5 2
   2 1 1 4 4 3 5 0 3 3 2 4 0 3 0 3 2 1 5 2 1 3 0 3 3 4]
  [0 0 2 1 3 5 4 1 5 3 0 5 2 2 5 5 3 5 4 1 1 3 5 2 2 0 5 1 5 1 5 0 2 2 1
   1 0 5 5 1 0 0 3 2 4 1 0 4 4 4 3 4 2 0 0 3 2 5 1 1 4]
  [0 2 1 4 0 4 0 3 5 0 4 0 2 5 2 0 3 5 5 1 2 2 2 1 3 4 2 5 3 5 1 1 4 5 5
   5 1 0 4 5 4 1 3 3 0 5 5 5 1 2 4 0 4 3 2 3 5 2 5 1 1]
  [0 5 1 5 5 4 4 2 4 3 1 2 0 4 0 4 2 3 1 3 2 5 0 2 3 3 2 2 3 1 0 4 0 3 0
   1 3 0 3 2 1 3 0 5 2 3 4 1 0 1 1 5 1 0 4 4 3 3 3 1 0]
  [0 2 0 3 2 2 4 1 2 3 2 3 1 0 2 0 5 5 2 5 0 0 1 4 1 4 1 1 2 3 3 2 1 0 4
   3 5 0 3 3 1 1 1 4 4 5 5 0 3 4 4 4 1 5 4 5 1 1 2 2 5]
  [0 0 5 5 4 1 1 1 2 1 0 2 5 5 0 2 3 0 1 3 1 0 3 3 1 5 1 4 4 2 0 5 1 4 2
   2 2 4 3 4 0 0 1 3 3 1 3 3 1 5 4 5 4 3 3 5 0 0 2 4 2]
  [0 5 1 0 4 4 4 0 0 2 5 3 5 4 5 0 0 4 3 1 2 4 0 2 3 4 3 2 5 2 0 1 4 3 3
   1 4 0 2 0 3 2 1 0 4 5 2 4 1 4 5 4 1 3 0 1 1 5 4 4 4]
  [0 2 4 1 3 5 2 1 5 2 4 4 2 5 5 2 0 3 2 1 0 2 1 1 5 0 1 5 4 1 1 2 1 4 5
   4 5 1 1 4 4 5 5 5 5 2 3 3 0 1 4 4 2 3 5 1 2 1 1 1 2]
  [0 4 4 3 1 4 5 4 5 1 5 1 3 3 2 3 4 0 2 1 3 1 5 4 2 1 0 3 0 5 1 0 5 3 5
   1 1 4 2 0 2 4 0 0 2 0 4 1 0 2 2 4 1 3 1 2 4 5 5 3 1]
  [0 3 0 4 2 3 3 2 0 1 2 1 5 1 5 3 1 3 0 4 0 3 1 5 0 5 0 1 4 4 0 5 1 3 5
   2 1 0 0 3 3 5 5 4 4 3 1 5 3 1 1 5 1 0 1 1 0 3 4 4 0]
  [0 5 2 1 1 2 5 3 3 4 1 3 3 5 3 4 4 5 3 0 0 2 0 4 4 3 3 1 4 2 5 0 0 5 2
   1 0 5 1 2 1 3 1 5 3 4 1 5 1 1 0 4 0 1 0 3 0 0 3 2 1]
  [0 5 4 4 4 2 0 2 3 5 0 0 5 1 5 2 4 4 2 2 0 0 3 4 1 1 4 1 0 2 5 2 2 1 2
   2 1 4 5 3 4 3 5 5 2 0 5 2 2 0 2 2 0 5 4 4 0 4 1 2 1]
  [0 4 0 1 3 1 3 0 3 5 2 0 5 1 4 2 5 4 5 4 2 0 4 3 1 0 3 0 3 3 2 3 0 0 4
   2 4 1 0 4 4 2 0 4 2 0 2 4 5 2 1 1 5 1 5 3 1 2 1 4 3]
  [0 0 5 5 5 2 4 1 4 1 3 1 1 5 3 2 3 1 4 1 0 3 0 1 2 2 3 0 3 5 1 3 4 3 3
   1 0 4 4 2 4 2 5 3 2 5 5 2 4 0 4 0 0 2 2 5 4 3 0 0 5]
  [0 5 4 1 4 3 1 2 0 2 1 4 3 5 2 1 0 3 2 1 3 0 4 0 2 4 5 0 4 5 0 0 3 4 1
   3 0 3 5 4 4 4 3 4 3 1 0 4 0 1 0 0 4 1 3 0 0 5 3 0 5]
  [0 2 0 1 5 2 5 3 3 1 3 4 4 4 4 3 3 3 4 0 2 4 5 4 0 2 2 1 1 5 3 2 0 4 1
   1 0 2 0 4 5 5 1 5 2 5 5 1 5 1 5 1 0 2 5 2 0 2 0 0 0]
  [0 0 2 2 4 1 1 4 3 5 3 3 1 1 1 0 4 1 4 1 0 4 4 1 2 0 1 0 3 3 2 0 1 5 3
   3 1 1 5 0 5 0 1 0 4 5 2 0 3 2 5 0 0 4 2 0 4 2 2 0 4]
  [0 0 1 3 3 3 5 1 4 0 1 3 2 5 1 4 5 2 2 0 4 5 2 3 2 1 0 4 2 0 0 1 1 3 3
   3 1 3 3 4 1 4 4 1 4 1 5 4 5 5 1 0 0 3 1 5 4 3 5 2 0]
  [0 0 3 5 4 1 5 5 0 2 5 4 5 1 4 0 4 2 0 4 4 2 2 1 1 1 1 0 0 1 2 1 1 2 5
   5 2 5 2 4 0 2 2 0 2 3 0 2 2 5 1 1 0 0 2 0 2 2 3 2 2]
  [0 0 4 0 0 5 3 5 4 3 2 4 4 1 3 0 5 3 5 2 4 0 2 1 3 5 0 2 0 4 0 0 0 0 0
   2 2 0 0 5 5 2 0 5 4 3 5 2 0 0 1 3 4 0 3 4 1 5 1 0 5]
  [0 3 1 3 0 2 5 4 5 5 3 5 1 2 3 1 0 5 2 2 4 3 2 5 3 0 4 2 2 0 4 0 2 1 3
   0 1 3 0 5 0 4 1 2 1 0 5 1 1 5 1 0 4 1 1 4 4 5 2 1 0]
  [0 5 4 0 1 1 1 5 4 1 2 0 5 1 2 2 4 3 0 5 0 4 0 4 4 4 0 4 2 3 0 3 5 4 1
   0 5 0 3 3 1 4 3 1 0 0 5 0 0 2 5 1 0 1 1 2 5 0 2 0 0]
  [0 3 4 0 3 5 5 0 0 4 0 4 5 4 4 4 0 0 5 2 3 3 2 1 0 5 3 2 2 4 0 0 3 5 0
   2 4 5 0 0 2 0 4 5 5 0 2 0 4 5 2 3 1 2 2 4 2 4 3 1 3]
  [0 1 0 3 3 0 2 1 3 1 0 4 1 2 3 3 4 0 0 1 5 3 5 0 1 5 2 0 3 0 5 2 0 3 2
   0 4 1 4 2 2 5 5 2 3 4 3 2 1 4 5 2 0 5 2 5 1 3 1 4 0]
  [0 3 3 0 4 5 1 3 0 0 1 0 2 2 0 3 1 4 3 0 3 2 5 2 3 1 4 5 1 4 4 5 4 0 5
   0 5 2 3 4 1 2 0 0 0 2 3 1 3 4 0 5 1 2 3 4 3 3 0 5 5]
  [0 5 5 5 5 4 0 0 3 3 3 1 1 1 1 5 3 2 2 2 4 3 2 2 2 5 3 3 1 4 5 4 3 0 0
   2 0 1 5 3 0 4 3 1 2 4 4 3 1 5 0 2 5 2 0 0 0 1 1 4 2]
  [0 5 1 3 5 5 3 2 2 5 4 1 5 1 5 2 4 3 5 4 3 5 1 4 3 1 5 3 3 3 1 1 0 1 5
   0 5 2 2 0 0 5 2 1 2 0 0 3 5 3 4 4 4 2 3 4 5 1 5 1 3]
  [0 1 1 5 3 0 5 1 5 3 3 5 0 2 5 2 4 4 3 4 3 3 5 4 2 4 0 1 2 0 3 2 3 5 0
   5 0 3 1 0 5 3 4 2 0 4 1 3 1 3 3 0 0 1 3 4 0 0 5 5 1]
  [0 0 5 0 1 3 4 4 1 5 1 2 4 1 4 3 1 1 5 1 2 5 5 1 1 3 5 1 0 3 4 5 3 3 2
   4 3 0 1 0 1 2 1 3 3 2 3 2 2 1 3 4 2 1 4 3 5 3 4 5 3]
  [0 2 1 4 1 1 3 3 2 1 3 4 0 1 3 0 5 3 3 3 2 1 3 3 1 1 1 5 2 3 5 0 0 2 4
   0 5 2 0 3 0 1 3 2 0 4 3 2 3 3 1 2 4 0 5 4 5 5 1 4 5]
  [0 4 2 1 3 4 0 3 2 0 1 5 2 4 0 4 0 0 4 0 2 3 0 4 4 1 2 2 0 4 4 3 2 4 5
   1 3 1 5 0 2 1 0 2 1 4 2 3 0 4 4 2 4 0 5 4 3 3 5 4 3]
  [0 0 3 3 5 5 4 5 3 4 0 4 4 3 4 4 3 4 2 0 2 2 1 0 4 0 1 3 5 2 5 5 0 1 4
   5 0 4 1 4 0 4 5 5 0 5 2 5 1 4 0 0 1 1 0 1 5 3 1 2 5]
  [0 0 5 2 4 2 3 5 0 1 0 0 1 2 4 0 0 1 1 5 4 4 4 0 0 3 5 2 0 4 2 0 2 1 5
   5 2 1 0 4 4 0 3 3 0 0 1 5 3 0 4 1 0 3 3 1 2 1 4 4 4]
  [0 4 1 2 5 1 4 3 2 2 3 1 4 3 2 2 3 0 0 0 4 2 1 3 2 3 1 2 3 4 0 0 1 1 2
   2 1 2 5 5 0 4 0 5 0 3 1 0 0 0 1 1 3 2 0 5 5 5 2 4 5]
  [0 3 0 1 2 2 0 1 3 4 4 4 3 0 5 5 4 3 1 3 4 4 5 4 1 0 0 2 4 5 2 2 1 1 5
   0 2 1 1 5 5 1 3 0 4 1 2 1 5 3 0 3 0 0 3 3 5 5 5 4 5]
  [0 2 2 5 5 3 4 4 0 2 3 4 2 5 5 5 1 2 3 0 5 4 3 3 4 0 3 3 1 2 3 3 4 3 0
   0 4 0 3 1 4 0 1 4 0 0 0 1 5 4 5 5 0 2 3 3 3 4 3 2 1]
  [0 3 2 2 2 3 5 2 3 2 5 3 0 4 2 2 2 2 0 0 5 2 1 5 2 5 1 0 2 3 4 4 2 5 4
   2 4 5 2 1 1 3 0 5 5 0 3 0 5 5 0 2 3 4 4 5 0 3 2 5 3]
  [0 2 2 1 1 0 3 3 2 5 5 0 4 1 4 4 5 4 0 4 3 3 3 5 5 2 2 4 0 4 3 2 4 1 4
   4 3 2 2 2 5 5 2 5 5 0 0 4 4 4 5 3 0 3 3 4 5 4 4 1 4]
  [0 2 5 0 4 4 5 2 2 1 5 2 3 5 4 3 0 4 1 0 2 5 1 0 5 5 2 5 1 4 0 2 4 4 1
   1 5 4 2 4 3 1 5 5 3 1 2 0 5 4 1 1 1 1 4 2 2 0 4 4 0]
  [0 4 4 4 4 1 1 2 5 5 0 4 1 1 5 0 4 0 1 4 3 3 3 4 4 3 0 4 5 2 1 4 3 2 0
   3 3 1 3 4 4 5 4 5 1 4 1 1 0 2 1 0 1 1 2 1 5 1 3 2 2]
  [0 4 2 2 5 4 5 2 5 2 0 0 5 5 5 4 1 4 0 0 4 3 3 3 2 4 2 1 1 1 3 4 3 3 4
   2 2 5 3 0 4 4 1 0 4 2 3 0 4 0 1 3 1 2 1 2 0 5 5 5 0]
  [0 2 2 2 1 3 3 4 5 2 5 2 5 5 0 3 1 0 0 2 3 1 3 0 3 4 3 1 3 3 5 4 0 5 2
   0 0 3 3 4 2 5 5 2 4 4 0 1 5 0 0 1 1 1 3 4 4 4 0 0 3]
  [0 3 1 3 3 4 0 4 3 4 0 5 2 4 0 5 1 4 2 5 5 2 5 2 5 5 3 1 2 4 0 1 0 1 5
   1 2 0 3 3 3 5 1 0 1 1 0 5 1 3 1 0 5 5 0 2 0 1 0 2 1]
  [0 3 3 2 2 5 1 1 2 5 2 2 3 4 1 4 2 0 4 0 0 2 1 3 4 1 0 0 1 4 0 2 0 0 0
   2 5 3 2 0 2 4 2 4 2 5 4 1 5 3 2 0 0 4 1 2 5 0 1 4 2]
  [0 1 1 5 1 1 0 4 4 3 1 0 2 3 0 1 1 2 0 3 3 1 1 1 1 5 0 4 1 1 5 2 4 1 5
   2 0 5 5 4 2 4 3 2 2 0 2 2 0 0 2 3 2 0 2 2 1 1 3 0 5]
  [0 2 1 4 0 3 0 1 4 2 5 3 4 5 3 0 5 0 1 3 4 1 4 1 4 3 0 0 5 2 1 4 1 4 1
   2 2 1 5 1 2 3 2 2 3 4 1 3 3 0 0 5 4 0 0 1 3 0 5 4 3]
  [0 1 5 4 0 2 1 4 0 2 1 1 5 5 2 3 2 2 3 5 2 5 3 2 0 0 1 3 5 1 2 5 1 2 0
   4 0 4 5 3 5 5 4 1 5 0 5 2 3 5 0 1 5 5 5 0 5 2 1 3 2]
  [0 1 4 1 1 3 4 5 4 3 1 1 2 2 1 1 1 2 5 4 1 3 1 0 0 4 0 3 5 4 0 2 2 1 5
   1 2 1 3 1 1 2 3 1 4 5 1 3 0 4 5 2 4 4 3 4 0 4 1 2 4]
  [0 1 3 1 3 0 0 0 0 5 5 4 2 2 1 5 0 3 4 4 3 0 1 4 0 0 4 1 5 5 2 4 2 2 1
   2 2 5 5 1 4 1 3 5 0 5 4 1 2 0 0 3 5 3 4 0 2 0 2 1 1]
  [0 5 2 1 0 5 1 1 3 4 1 1 2 4 0 4 5 4 2 1 3 4 2 2 2 5 2 5 4 3 4 2 0 0 0
   5 1 0 5 3 2 5 0 1 3 5 1 2 1 1 3 1 4 5 3 0 2 4 0 0 1]
  [0 0 3 5 2 5 5 1 2 5 4 0 0 2 1 2 3 2 2 5 1 3 1 0 1 4 0 2 2 3 2 0 4 3 1
   0 1 1 4 1 0 4 5 3 4 0 4 0 2 5 3 0 4 1 3 2 2 5 3 0 4]
  [0 1 0 4 0 3 2 3 2 0 2 0 1 0 5 3 5 4 2 0 2 3 5 4 1 4 2 2 4 2 3 2 1 3 2
   2 2 1 1 1 0 4 3 1 3 3 0 1 4 1 5 2 1 1 5 1 3 5 5 0 0]]

 [[0 4 3 5 1 0 0 5 3 0 2 0 4 2 3 4 5 2 1 1 0 5 0 0 4 5 1 2 0 2 5 5 3 2 4
   0 1 2 2 0 0 2 5 4 4 2 1 5 0 5 0 2 4 2 0 0 3 5 5 1 3]
  [0 0 2 2 3 5 5 0 4 5 1 1 4 1 1 2 0 0 5 0 5 5 3 0 1 3 3 5 0 0 1 5 4 1 2
   5 4 2 5 2 0 3 1 0 4 5 1 5 0 4 5 1 0 0 4 2 4 2 3 3 4]
  [0 2 0 0 0 3 3 4 2 5 5 2 0 0 4 2 3 2 0 0 5 4 1 4 0 0 2 5 0 5 3 0 0 3 4
   4 5 1 1 3 3 5 4 5 4 5 0 5 2 2 4 5 5 3 0 5 1 0 5 3 1]
  [0 4 3 0 0 3 4 0 0 5 2 0 1 5 5 5 4 4 3 4 3 2 3 1 4 1 1 4 4 1 2 3 1 2 1
   0 3 0 2 5 1 1 2 5 5 0 2 0 2 0 5 0 5 4 3 4 3 2 5 3 5]
  [0 5 4 0 0 5 2 3 4 5 4 3 0 1 0 5 1 4 5 3 1 5 5 2 4 4 3 2 1 0 4 1 5 2 3
   2 5 5 0 0 0 3 0 2 1 2 4 4 3 3 1 0 3 3 1 0 1 5 3 5 1]
  [0 4 5 0 1 0 2 4 0 4 5 5 5 4 0 4 5 0 5 1 1 5 5 1 5 3 5 0 2 5 2 1 2 0 0
   4 4 2 5 5 4 0 4 5 4 2 1 3 2 4 4 5 1 0 1 5 0 2 3 5 1]
  [0 3 0 3 2 3 0 5 4 1 3 4 2 5 1 3 5 3 5 3 3 4 1 1 0 1 3 2 5 2 5 0 2 3 4
   0 2 0 5 1 4 4 3 0 4 4 3 2 2 1 5 5 5 0 5 1 5 1 3 5 0]
  [0 2 0 3 2 1 3 0 2 5 4 0 1 4 3 0 4 1 3 0 0 3 4 5 5 0 4 1 2 1 5 2 5 5 5
   4 5 3 4 1 0 2 4 2 1 1 0 1 1 5 1 3 2 5 1 2 5 4 1 0 1]
  [0 4 1 5 0 2 4 3 0 0 4 0 5 1 0 1 4 1 2 0 2 1 3 5 3 1 4 0 0 5 1 2 4 5 2
   4 5 3 3 2 2 1 4 3 3 2 4 4 5 5 0 2 4 5 3 5 2 5 3 4 2]
  [0 3 3 1 1 0 0 4 5 0 3 5 3 3 1 0 0 5 3 0 3 4 2 0 3 5 5 5 0 0 2 4 0 1 4
   5 4 4 4 3 5 5 3 4 2 0 3 2 5 4 3 0 3 0 4 0 2 1 2 0 0]
  [0 2 2 4 3 2 2 5 4 1 0 5 3 4 2 3 3 5 2 2 1 4 4 2 0 1 1 4 1 5 1 2 0 0 2
   5 0 4 4 5 0 4 3 5 4 5 0 5 0 1 3 4 1 2 1 2 5 3 1 2 1]
  [0 3 0 3 1 4 2 3 5 0 0 0 5 0 3 0 4 2 1 5 5 3 2 4 0 5 3 4 3 1 1 3 2 1 4
   4 0 0 1 0 4 5 2 3 3 5 4 2 1 2 1 3 0 3 5 3 1 3 2 3 2]
  [0 5 1 5 1 1 3 0 2 3 1 0 0 3 1 1 3 2 1 3 3 3 2 1 5 1 5 0 5 0 2 5 3 1 2
   2 0 1 1 4 5 3 4 3 0 0 1 0 0 2 2 4 2 0 5 1 2 1 4 5 0]
  [0 0 4 2 4 1 2 4 4 5 4 0 0 0 0 3 1 3 1 5 0 5 3 2 4 3 2 5 5 5 4 1 1 1 2
   0 1 4 3 0 1 5 0 0 4 1 4 3 3 2 2 1 0 3 2 4 5 0 0 4 5]
  [0 1 2 2 5 2 1 4 2 0 1 2 0 3 0 2 5 2 1 3 3 4 1 5 1 4 3 3 0 1 5 5 5 3 1
   4 5 5 5 5 1 4 0 4 3 4 5 0 1 1 1 4 1 4 4 0 3 5 4 2 0]
  [0 4 0 1 5 2 2 5 1 4 3 0 2 2 2 0 4 3 1 4 1 4 0 3 2 3 1 4 2 0 5 0 2 1 2
   0 4 3 0 4 4 0 3 0 3 5 0 5 2 4 2 5 2 5 0 3 2 1 3 0 4]
  [0 3 1 3 5 3 3 5 3 0 0 2 2 4 5 2 0 3 0 4 1 0 4 4 3 4 0 2 5 1 2 2 2 0 3
   1 0 2 2 0 2 0 4 2 4 2 3 5 0 3 3 1 0 3 4 3 5 5 1 2 5]
  [0 1 5 4 5 5 1 3 3 3 4 2 5 5 1 5 3 0 4 2 5 0 0 0 1 2 3 4 0 4 4 2 0 4 3
   1 4 3 3 4 4 3 2 4 1 1 1 1 5 3 3 2 4 2 2 5 1 2 5 3 4]
  [0 3 2 3 0 1 3 2 5 1 0 1 4 4 4 1 0 2 0 1 2 4 5 1 0 5 5 4 5 3 0 4 4 1 5
   2 0 3 3 3 1 3 3 4 3 1 5 2 1 4 5 1 2 5 4 0 5 0 4 5 3]
  [0 0 5 4 5 5 0 0 3 0 3 5 4 5 3 4 5 4 4 0 0 1 0 0 1 2 4 3 1 4 0 3 1 4 4
   2 3 3 1 4 5 0 3 5 0 5 5 3 2 5 5 0 0 1 2 4 2 1 2 5 5]
  [0 3 1 1 5 2 5 4 4 2 0 4 1 5 4 5 3 4 5 5 0 1 2 3 1 2 3 5 1 0 2 3 0 4 1
   0 4 5 0 5 0 3 5 3 2 5 5 1 4 3 4 2 3 1 0 1 0 2 4 3 4]
  [0 0 1 5 4 3 4 1 4 5 3 3 0 5 3 5 2 3 2 2 3 0 4 4 2 0 0 5 1 1 5 0 1 2 1
   4 4 4 0 2 4 4 4 1 1 2 5 5 2 2 1 1 3 4 3 2 2 5 5 4 0]
  [0 2 4 3 1 2 3 0 1 0 3 4 4 4 2 4 0 2 3 3 1 0 0 3 1 3 2 1 5 5 2 1 5 0 2
   3 2 3 0 3 0 0 0 4 0 3 4 3 0 1 5 1 5 5 5 5 3 3 5 2 3]
  [0 2 0 4 2 4 4 3 4 3 1 2 4 2 1 4 3 1 2 0 1 0 1 0 2 2 1 1 5 3 2 1 2 0 3
   1 3 3 3 4 3 0 3 4 2 1 1 3 5 5 2 4 4 4 2 1 1 5 3 4 4]
  [0 4 3 0 1 2 3 5 2 3 5 1 5 3 4 3 3 1 5 5 4 4 5 4 0 3 3 2 4 0 0 3 4 0 2
   2 4 0 2 0 2 5 0 4 1 4 3 5 2 2 2 4 5 1 1 5 1 5 1 2 2]
  [0 0 3 4 5 4 5 3 1 4 5 4 3 2 3 3 3 5 0 2 2 4 0 5 3 0 5 3 3 1 5 3 2 5 4
   1 0 5 2 5 5 5 5 3 4 4 3 2 0 3 1 0 0 3 2 5 3 3 4 3 5]
  [0 0 0 4 1 5 5 3 5 5 3 1 3 2 2 1 1 2 2 1 1 1 5 5 5 2 0 5 2 4 2 3 1 2 1
   0 3 3 2 0 2 4 0 3 5 1 0 0 4 2 2 3 5 1 4 0 0 2 3 2 0]
  [0 5 1 2 5 0 1 3 2 2 0 0 4 3 5 3 1 1 4 5 4 1 4 1 5 4 5 0 0 4 5 2 3 1 0
   5 3 3 2 4 3 1 0 4 1 3 3 0 4 2 5 2 4 5 1 3 4 3 4 2 3]
  [0 4 5 5 0 4 4 2 3 3 2 5 0 5 3 4 4 4 0 1 2 1 4 0 5 1 0 4 0 5 5 4 2 1 5
   3 0 3 2 5 1 4 2 4 0 4 2 5 0 4 5 3 3 0 5 5 4 5 0 2 2]
  [0 3 2 4 5 4 3 1 3 3 1 0 1 2 0 4 4 0 5 1 3 0 1 1 0 1 2 3 4 0 3 1 2 2 0
   2 1 1 4 0 3 1 1 0 3 2 5 2 4 2 3 1 0 3 2 1 2 4 5 2 1]
  [0 3 1 0 3 5 1 1 4 4 0 5 1 3 1 0 5 2 4 0 5 5 4 2 5 4 4 0 1 0 0 3 3 3 0
   1 4 5 2 4 2 5 2 3 3 4 5 2 4 4 1 2 0 0 1 5 5 4 1 2 0]
  [0 0 4 4 5 1 4 2 2 0 2 3 3 5 3 3 0 4 5 0 1 0 1 4 2 1 3 5 5 4 4 0 2 2 1
   1 5 4 4 5 5 5 1 0 1 4 3 1 4 2 4 3 5 1 2 1 5 0 5 2 2]
  [0 2 3 3 5 3 1 5 4 5 1 5 4 0 2 0 2 4 5 3 1 3 5 0 2 3 5 2 4 0 5 1 0 1 4
   5 5 4 4 1 5 5 4 1 1 5 5 3 3 0 5 5 5 5 3 5 0 1 0 1 0]
  [0 3 5 4 1 1 2 2 0 4 4 1 1 4 1 4 2 0 5 2 2 2 3 0 1 0 0 5 4 4 3 2 5 0 3
   4 4 2 3 1 0 0 2 3 0 4 0 1 1 2 5 4 4 2 1 4 5 1 1 5 3]
  [0 5 4 0 1 2 2 1 1 5 3 4 5 1 5 5 5 4 3 2 1 2 0 3 2 0 0 2 1 4 2 3 1 3 0
   1 1 2 1 4 4 3 5 1 4 0 4 4 3 0 2 1 5 5 0 4 4 4 3 0 1]
  [0 4 5 2 2 3 4 1 2 5 1 4 3 2 0 4 1 5 3 5 2 4 1 3 0 2 3 0 3 2 0 1 2 0 5
   0 0 0 2 1 2 2 2 4 2 0 2 4 0 5 1 1 5 4 3 5 3 2 2 2 2]
  [0 2 4 3 3 2 0 1 4 1 1 3 0 2 2 5 4 4 2 2 4 1 5 2 5 1 0 4 1 5 3 4 3 2 0
   5 0 5 1 4 1 1 5 3 2 4 5 1 0 2 3 3 0 3 4 3 5 5 1 0 5]
  [0 4 3 3 1 4 2 5 2 0 0 0 0 4 0 1 1 3 5 1 4 1 3 2 3 3 0 0 2 3 5 1 4 2 1
   2 4 0 4 4 3 3 5 3 5 3 5 5 0 3 4 4 1 2 0 5 4 3 4 3 2]
  [0 3 3 0 4 0 0 1 0 2 0 1 4 2 3 2 0 2 1 1 5 2 0 1 3 3 2 2 4 5 5 5 0 2 1
   5 2 1 0 1 5 0 0 2 3 1 1 4 0 3 0 4 4 1 4 3 1 3 3 0 3]
  [0 2 4 2 2 4 4 3 0 3 2 0 4 2 5 5 3 0 3 3 1 4 0 1 3 0 4 0 5 0 2 4 1 3 4
   2 4 3 3 0 5 5 0 3 5 2 4 2 1 0 0 5 2 2 2 5 2 2 1 0 3]
  [0 0 0 2 5 0 0 5 3 0 2 2 2 4 5 2 2 2 0 4 0 1 1 1 3 5 1 4 4 4 4 2 4 2 0
   2 2 1 4 2 0 4 3 3 2 1 3 5 4 5 5 0 4 0 3 0 2 3 3 4 2]
  [0 1 1 1 0 4 1 5 5 5 2 3 5 5 4 3 4 5 0 1 1 1 0 5 0 3 1 1 1 5 3 5 0 3 2
   0 2 3 4 4 5 0 0 3 0 1 1 5 5 3 5 1 4 3 1 0 0 2 4 2 3]
  [0 4 1 0 5 2 3 1 2 5 3 0 2 2 2 5 2 1 1 3 3 1 5 3 5 0 5 3 2 3 2 1 5 3 5
   3 1 4 1 5 5 5 0 3 5 2 4 0 2 5 5 2 1 2 4 0 5 2 3 3 3]
  [0 2 1 1 5 2 1 4 2 3 5 3 0 4 2 4 2 5 4 5 4 2 5 3 2 4 5 0 3 2 1 1 4 0 3
   5 1 2 1 3 0 5 2 0 1 5 1 2 4 3 4 0 2 0 2 3 4 4 4 5 1]
  [0 3 0 5 2 1 4 1 0 1 1 3 5 1 5 0 1 5 4 3 1 0 0 0 3 5 0 5 1 0 5 2 2 2 2
   5 3 1 3 0 3 1 3 4 0 5 3 2 4 3 1 3 3 5 3 5 3 0 2 4 5]
  [0 2 2 2 5 0 5 2 5 3 2 1 2 5 1 4 2 3 0 3 0 2 0 3 5 4 1 3 2 1 0 2 5 4 3
   5 0 5 3 0 0 3 5 5 1 0 2 4 1 1 5 0 0 2 4 3 3 2 1 3 2]
  [0 4 2 4 1 4 3 3 4 0 3 1 2 1 3 0 2 1 3 5 5 1 1 2 4 4 2 4 1 4 4 3 1 2 4
   3 4 0 0 3 2 2 4 5 0 1 0 3 1 1 3 2 5 2 2 2 3 0 0 3 4]
  [0 3 2 5 0 5 3 5 1 1 0 0 4 3 1 5 5 4 2 5 2 2 4 4 0 2 1 1 2 0 3 0 1 5 1
   2 3 0 3 3 2 1 5 4 2 5 3 0 3 0 2 0 4 1 1 1 1 5 3 2 0]
  [0 5 0 2 1 1 3 3 2 0 4 3 1 2 2 2 5 1 1 3 2 3 0 3 2 5 3 1 4 1 1 3 5 2 4
   2 5 0 3 2 2 3 3 0 5 4 3 2 0 5 2 0 5 3 0 5 0 3 4 3 4]
  [0 5 2 3 0 5 1 4 1 3 0 2 4 3 2 1 1 3 0 1 0 5 1 2 5 1 5 5 2 3 0 2 1 4 0
   5 0 0 3 3 3 0 4 3 3 3 5 4 5 0 1 4 5 4 5 2 0 2 5 5 5]
  [0 0 5 2 5 5 1 5 3 3 5 5 2 2 0 5 1 3 4 4 5 1 2 2 4 2 0 4 5 2 5 1 4 5 4
   0 0 4 2 1 2 1 1 4 4 4 3 4 4 4 0 4 2 5 3 2 1 3 4 1 0]
  [0 2 1 0 4 3 3 1 2 5 0 3 2 1 0 5 1 0 5 3 5 5 1 4 5 2 1 1 1 4 0 3 2 5 5
   4 1 2 0 3 0 5 1 1 1 3 3 3 5 4 5 0 1 4 0 2 4 5 1 0 5]
  [0 2 4 2 3 3 2 5 0 3 5 5 5 3 5 4 5 5 4 0 2 2 0 0 3 1 1 1 4 5 4 3 2 0 5
   5 2 3 2 1 0 1 5 0 5 0 1 1 4 3 2 0 0 0 2 4 1 2 4 4 1]
  [0 5 4 4 4 0 0 0 5 5 3 1 3 2 4 5 5 1 4 1 2 4 5 2 1 4 0 0 4 1 5 0 2 5 4
   3 3 5 5 0 4 2 2 5 2 3 4 2 4 5 5 4 2 0 1 0 4 4 0 5 0]
  [0 1 2 5 0 3 1 5 1 0 0 1 1 3 0 1 4 3 1 2 3 1 1 1 0 1 3 3 3 5 1 4 3 0 0
   5 1 3 2 4 4 4 1 1 5 0 5 3 2 0 0 0 1 2 0 2 1 0 3 1 5]
  [0 1 0 2 3 1 4 3 5 3 2 2 1 0 1 1 5 4 2 2 5 4 5 3 2 0 4 5 3 1 0 4 2 2 4
   2 4 4 2 0 0 3 3 4 2 3 0 2 2 2 2 1 2 3 5 0 5 4 0 5 3]
  [0 4 0 4 0 1 2 0 2 4 4 1 0 0 2 5 0 0 0 2 1 0 1 3 4 3 5 1 5 3 1 0 0 5 3
   0 2 5 5 5 4 4 4 0 4 5 4 1 3 1 1 3 3 5 1 1 0 3 0 2 0]
  [0 3 5 3 0 1 3 3 5 2 1 4 3 0 2 2 4 1 2 1 0 2 3 4 0 4 0 3 4 4 4 0 2 1 0
   4 1 2 3 1 2 3 5 4 5 2 1 0 1 4 5 0 2 3 1 2 2 0 3 1 1]
  [0 5 1 0 2 4 3 5 0 3 4 4 4 5 3 2 3 2 2 2 1 1 1 3 0 5 4 3 4 4 3 0 5 4 4
   3 4 2 1 1 0 2 3 1 4 5 1 5 1 4 5 4 4 0 1 5 0 2 0 3 4]
  [0 4 4 2 3 4 4 5 5 1 5 2 3 2 2 1 0 4 3 0 3 5 5 5 3 4 5 3 1 4 4 5 1 2 1
   5 3 2 4 1 5 3 3 4 4 5 2 4 0 2 0 1 4 2 2 3 2 2 4 0 4]
  [0 2 4 2 1 5 2 4 1 5 4 2 0 4 0 1 4 1 0 1 3 4 3 5 1 1 0 1 2 4 1 5 2 3 0
   5 5 1 1 3 1 5 2 1 4 1 5 1 0 3 5 5 1 5 3 0 1 1 2 3 0]]]
release_time
[   0  867  533  863 1026 1121  196  355 1015 1083 1034   28  777 1211
  827  795  941  869  703  938  978  993  185   70  957  864  845  590
 1072  198  953 1059  706 1038 1009  528  884 1098  822 1138 1001  955
  807  164  954 1005 1049  845  614  951  406  915  499 1042  913 1046
  825 1148 1114 1176  947]
due_date
[   0  963  633  896 1077 1188  309  455 1117 1107 1127   29  869 1223
  935  885 1005  923  707  940 1061  998  210  110 1055  876  857  614
 1127  257  991 1091  747 1117 1095  560  923 1170  843 1165 1036  995
  866  240 1039 1052 1097  879  704 1020  431 1005  558 1116 1028 1110
  895 1177 1204 1195 1029]
unit_emission
[ 2  3  2 12 19]
emission_limit
20591.0
setup_severity
0.02
due_tight
0.3
due_range
1.0
release_tight
1
degree_constr
0.5
