mach
5
job_rate
12
weight
[ 0  2  2  7 10  2  9  3  6  9  3  8  6  9  4  6  4  6  2  8  3  4  9  2
  3  5  8  2  1 10  9  4  8  3  7  8  4 10  5  5  4  3  9  8  1  7  5  3
 10  3  2  4  3  2  9  9  6  2  2  4  7]
proc_time
[[  0  51  70 136  86 103 132 121  73  75 117 112 133 119  54  66 131  81
  115 126  94 108 111  79  86 119  70 144  50 137 142 142 131 124  96  99
  127  93 121 128  59 112  70  84  54 144 117 129  69  91 132  53  75  75
   91 112  90 150 121  53  97]
 [  0 131  86 106 128 133  75  99 125  72 133 129  81 133  72 115  60  57
   99 122  54 131 145  57 134  85  59  93 148 104  80 130  53  92 147 121
   67 121  95  63  56 143  84 138  96  51  98  66  56 149 112  67 140  51
   67 137  93 124  88  57  57]
 [  0  75  52 110 136  88  52 133  60 142  83 133  78  69  94  68 150  59
  119  96 150 134 135 145  64 130 101  52 109  96 106  61  61  89  54 135
  140 121 115 122 131  53  99 147  80 130  78  90  93  54  83 108 102 139
  137  75  99 131 148 128 119]
 [  0  67  70  81 135  84 103 128 116 113  83 142 117 145 136 108 100 146
   69  59 132  66 130 133  52  90  74 127 131 130 133  59  64 105  94  72
   70  87  58 111  53 140  57  97  73  80 143  67  91  53  63  54 132  66
  132  93  84  63  76  51 130]
 [  0  52 128 117  56 146 116  89  55  83 113  58  74 115  63 126 137 110
   59  70 131  82 122  94 115 129  95  50  92  80 111  84  93 104  91 132
   69  58 120 138  71  54  56  64 111  65 119  59  56  67 138  50  86 110
  103  50 150  60  92  85  60]]
setup_time
[[[0 3 0 0 0 4 3 4 3 4 3 1 3 1 0 0 1 1 1 3 0 0 4 3 0 1 4 2 1 0 0 1 3 3 3
   4 2 1 3 1 3 3 0 2 3 0 1 0 3 4 0 0 3 0 1 1 4 2 0 4 1]
  [0 0 2 1 0 4 4 3 1 3 2 2 3 4 4 2 4 3 2 3 3 1 3 2 2 2 1 3 3 1 4 3 4 0 1
   4 3 0 3 3 1 0 0 3 4 2 2 4 0 1 0 1 4 4 0 2 3 4 2 0 3]
  [0 3 0 1 3 4 3 0 3 4 0 2 1 0 2 2 4 1 2 0 2 0 3 4 0 1 0 3 0 2 0 1 0 4 2
   3 1 1 4 1 2 0 2 4 2 2 0 1 4 4 4 2 1 1 3 3 4 0 3 2 3]
  [0 0 2 0 0 1 4 2 4 3 4 0 1 3 0 2 1 0 0 0 4 0 0 4 4 4 0 0 1 3 0 4 3 2 4
   0 4 4 4 2 4 2 1 1 3 0 1 3 4 4 0 3 3 4 3 2 4 0 4 0 4]
  [0 0 2 4 0 1 2 4 4 0 3 2 2 0 2 1 2 3 1 0 4 4 2 2 0 1 2 1 4 3 3 1 0 1 0
   3 2 2 0 3 4 1 4 4 3 1 3 2 0 3 3 3 4 4 1 1 2 1 0 2 3]
  [0 1 3 2 4 0 4 1 2 0 4 4 1 3 1 2 2 4 0 0 4 4 0 1 0 2 1 2 2 0 1 0 0 1 0
   0 4 2 3 2 2 2 2 3 3 0 2 0 2 1 0 1 3 4 1 2 4 0 2 0 2]
  [0 2 2 4 2 1 0 3 1 4 0 3 1 3 2 2 1 2 3 0 3 4 3 0 0 3 3 4 3 1 1 4 2 4 1
   2 1 1 3 4 0 4 2 0 3 1 1 3 2 1 4 4 4 4 3 2 1 4 3 0 4]
  [0 1 4 2 0 2 2 0 4 0 4 4 2 3 0 1 1 3 1 2 2 0 3 4 2 4 0 4 4 4 0 4 4 0 2
   0 4 2 2 4 0 4 3 0 3 3 1 1 1 1 2 0 0 1 4 1 0 4 1 2 0]
  [0 0 2 2 3 3 0 3 0 2 4 1 1 4 2 0 4 1 1 4 4 1 0 1 3 1 3 2 0 0 3 2 0 1 2
   3 2 0 1 2 2 4 1 3 4 4 0 0 4 2 1 1 4 0 2 0 0 2 2 3 2]
  [0 0 4 4 4 4 1 3 2 0 4 2 3 0 1 3 1 4 1 0 4 3 1 1 0 1 0 2 3 1 0 2 4 1 4
   4 1 2 4 0 0 3 1 2 4 4 3 3 2 1 0 2 1 2 0 0 2 1 4 3 3]
  [0 2 3 1 2 2 0 4 1 2 0 1 1 1 1 1 3 1 0 2 0 3 2 0 2 0 0 0 4 2 4 0 3 1 1
   2 0 3 4 0 2 2 4 2 0 4 0 1 3 2 1 3 1 1 0 3 3 2 1 4 1]
  [0 3 3 0 1 3 2 0 4 3 2 0 2 3 2 4 0 0 0 2 4 3 2 2 3 2 2 2 0 4 3 2 0 4 0
   0 3 0 3 3 1 2 3 2 1 0 4 2 3 2 0 3 0 0 4 1 2 2 3 0 1]
  [0 1 1 4 3 3 4 4 2 2 2 1 0 0 3 0 2 4 0 3 4 0 2 3 4 1 2 3 1 3 3 0 4 4 4
   1 0 3 4 3 1 4 0 2 1 4 1 2 0 0 2 1 2 2 0 2 1 1 2 3 3]
  [0 0 2 1 3 1 2 3 4 2 3 4 0 0 3 2 4 0 1 4 0 1 0 3 4 2 0 0 0 3 4 1 1 0 2
   0 2 2 2 2 2 0 4 3 2 4 3 3 3 0 1 3 2 4 1 3 2 3 2 0 4]
  [0 1 2 3 1 1 4 3 1 1 1 3 1 1 0 4 4 3 4 3 1 3 3 2 0 1 0 3 0 1 3 2 0 2 4
   3 0 3 3 4 0 0 3 4 1 1 1 1 0 3 2 0 0 1 2 3 4 1 1 2 2]
  [0 4 4 4 4 1 1 2 0 0 1 2 2 2 0 0 3 3 3 1 4 3 3 4 3 2 3 4 4 1 3 0 1 1 4
   0 2 2 1 1 3 2 4 2 4 3 1 3 0 2 3 0 3 3 2 0 3 4 1 0 2]
  [0 2 1 0 2 1 2 4 2 1 0 0 0 1 0 2 0 3 4 1 2 3 0 4 2 3 1 3 1 3 1 2 0 2 0
   1 0 4 0 3 0 2 3 2 2 0 0 0 1 4 1 1 0 3 2 2 2 1 3 4 0]
  [0 2 2 1 0 4 3 0 0 3 3 1 2 0 4 1 3 0 3 1 4 2 2 1 3 0 2 3 3 3 0 1 2 3 1
   3 1 4 0 1 3 3 2 3 2 2 1 1 2 1 4 1 2 0 4 2 1 1 2 4 4]
  [0 0 2 0 0 0 1 4 2 3 2 1 3 1 4 1 2 1 0 2 2 4 4 0 4 0 0 2 0 3 4 0 1 0 0
   2 2 0 0 1 3 2 4 2 4 0 3 3 3 1 1 3 0 4 4 4 1 1 2 3 1]
  [0 0 3 2 1 3 3 2 3 3 4 0 4 1 0 4 0 1 1 0 4 1 4 1 0 4 3 2 2 4 4 4 2 4 2
   1 3 2 2 2 4 2 4 3 4 0 3 1 3 0 1 3 1 2 1 3 0 3 0 4 0]
  [0 0 4 0 4 0 0 1 3 4 4 4 1 4 2 0 0 2 4 1 0 2 3 0 0 3 2 3 0 2 4 0 3 4 0
   3 2 1 0 2 3 3 2 0 2 1 1 4 4 4 4 4 4 3 0 3 0 0 4 3 3]
  [0 1 4 3 4 4 3 0 3 3 4 4 3 0 2 0 4 0 3 1 1 0 2 0 0 2 3 4 2 0 2 4 3 2 4
   2 2 0 1 0 0 3 2 0 4 3 2 0 1 3 1 0 1 3 4 1 1 0 2 0 4]
  [0 1 4 1 2 1 1 4 4 0 4 2 0 2 1 4 3 0 2 3 1 3 0 3 3 1 0 4 4 4 3 3 4 1 1
   2 4 0 1 3 3 1 1 4 3 1 3 4 2 3 1 2 2 0 1 4 3 0 4 1 0]
  [0 1 4 4 4 0 3 2 0 3 1 4 2 4 3 0 3 1 3 2 2 4 2 0 1 4 1 3 0 4 4 2 2 4 4
   3 4 1 2 2 1 3 0 4 4 0 2 2 1 2 0 2 1 2 4 2 2 4 2 1 2]
  [0 2 4 4 4 4 4 2 4 3 2 2 3 0 4 1 3 3 1 0 2 0 1 2 0 2 0 1 4 3 0 4 3 0 2
   3 3 1 0 0 2 1 1 0 0 1 1 4 0 3 4 0 3 0 1 4 3 2 1 1 3]
  [0 2 2 3 2 3 2 1 3 2 0 1 0 4 0 3 4 4 1 0 2 0 0 3 0 0 3 0 1 4 2 1 0 2 3
   2 1 1 4 2 1 2 4 2 2 2 3 1 3 4 0 2 4 0 0 0 0 4 1 4 2]
  [0 2 2 1 4 0 3 2 0 0 1 4 4 4 2 4 4 2 1 3 0 3 4 3 3 1 0 4 2 4 0 0 3 0 3
   1 3 3 2 4 4 3 3 2 2 2 2 1 3 2 3 0 3 1 1 0 1 0 3 1 4]
  [0 2 0 2 2 3 2 2 0 0 3 0 0 0 1 3 4 3 2 4 4 4 3 1 2 2 2 0 0 4 1 3 1 3 3
   0 0 2 2 3 0 1 1 1 4 2 3 4 0 4 4 1 3 1 1 2 1 2 2 4 2]
  [0 1 0 3 2 4 2 2 0 3 2 1 2 4 0 4 3 1 2 1 1 2 2 3 1 2 1 4 0 1 2 4 0 3 3
   1 3 4 3 2 3 4 4 3 1 3 4 2 4 3 1 3 4 2 1 3 0 3 3 3 0]
  [0 3 1 2 2 3 0 4 4 2 3 4 1 0 1 2 1 1 0 4 2 4 3 3 1 4 3 0 3 0 2 1 1 0 4
   4 3 3 0 1 3 1 4 2 3 3 0 0 3 4 4 0 2 0 3 1 1 0 2 4 0]
  [0 4 3 3 0 0 1 2 0 4 3 0 0 2 1 2 2 4 2 3 0 2 4 3 3 2 2 4 2 3 0 2 2 0 2
   0 1 4 2 3 0 1 3 3 0 3 3 4 4 1 0 3 0 4 3 3 0 4 1 2 3]
  [0 1 0 1 1 4 0 1 2 0 2 2 3 2 1 4 2 4 2 4 3 2 4 0 3 2 4 1 1 0 3 0 1 1 0
   1 0 4 2 3 4 0 2 4 3 4 3 0 0 1 0 1 0 0 0 3 3 3 4 1 2]
  [0 2 2 2 3 3 1 2 2 2 3 4 3 3 1 2 2 4 1 1 1 4 4 0 4 3 4 2 2 3 2 4 0 3 4
   2 2 0 2 3 1 2 3 1 2 1 0 3 2 1 4 4 2 2 1 2 2 4 2 3 3]
  [0 4 1 1 3 3 2 3 3 3 3 1 2 4 2 0 0 2 1 2 0 4 1 2 2 1 3 0 0 3 4 2 0 0 2
   2 4 4 1 4 3 0 4 4 0 1 3 1 4 3 3 2 3 1 3 2 4 2 2 1 0]
  [0 2 3 4 3 1 1 3 0 4 1 0 0 2 1 4 1 3 0 0 0 2 4 0 3 1 4 2 4 2 2 2 1 3 0
   4 0 0 2 3 3 2 2 1 4 0 2 0 2 0 4 2 2 4 3 3 2 2 3 0 4]
  [0 4 2 2 0 4 0 3 3 0 3 2 4 2 4 1 2 3 3 4 3 1 2 1 2 2 0 3 1 3 2 1 1 3 2
   0 4 1 1 3 4 2 1 3 0 3 2 3 1 4 1 2 0 4 1 0 1 4 4 3 1]
  [0 1 2 1 4 4 4 3 3 2 1 1 2 2 4 3 1 2 4 1 1 1 4 3 4 2 4 2 4 1 4 3 3 4 1
   3 0 0 3 4 3 4 2 2 3 4 2 0 4 1 1 2 2 1 3 2 4 1 1 2 4]
  [0 2 3 0 2 1 1 1 2 3 2 3 0 4 4 0 4 0 0 4 0 3 2 3 1 3 0 0 1 3 0 2 3 2 4
   0 1 0 0 4 2 4 3 0 2 2 4 1 2 3 3 2 0 0 4 3 2 4 3 3 3]
  [0 0 2 1 4 2 2 1 0 1 0 3 0 2 0 2 1 3 1 1 4 4 4 2 0 1 2 1 4 0 2 2 1 3 2
   0 2 1 0 0 4 2 4 3 4 4 0 2 2 1 3 4 1 2 2 2 0 2 0 1 4]
  [0 2 2 4 0 2 0 0 3 2 4 3 1 2 2 0 0 0 0 0 4 4 1 4 3 0 1 2 3 2 2 1 3 2 2
   4 3 2 1 0 1 2 4 0 1 0 3 1 1 4 1 4 3 4 1 2 3 2 4 2 2]
  [0 1 1 2 4 1 2 2 3 1 0 2 1 3 2 2 0 0 4 4 2 2 0 4 1 3 2 4 2 3 3 3 2 2 1
   2 3 0 0 4 0 0 4 2 1 1 2 3 3 4 0 1 4 4 3 4 1 2 4 2 0]
  [0 0 4 3 3 1 0 4 0 0 2 4 3 2 3 3 1 3 2 0 3 2 1 0 2 3 1 1 0 2 2 4 1 2 2
   0 1 3 0 4 4 0 0 3 1 0 1 4 1 1 2 2 4 0 3 1 3 0 1 3 1]
  [0 4 0 4 3 3 1 2 4 4 1 4 4 0 3 1 1 1 2 0 1 2 2 2 0 4 1 2 1 0 4 4 3 2 0
   2 2 2 0 1 2 1 0 4 0 0 1 1 1 3 1 4 1 4 4 0 1 2 0 3 4]
  [0 0 4 1 2 4 3 1 4 1 4 2 3 1 2 3 2 0 2 0 0 0 3 2 0 3 4 2 2 2 0 3 4 4 0
   2 2 0 2 4 2 3 1 0 4 2 2 1 0 3 2 2 4 1 2 3 3 0 4 2 1]
  [0 4 1 2 3 0 0 3 4 3 3 4 1 1 4 0 3 2 1 2 3 3 4 0 3 0 0 2 1 4 4 4 4 0 1
   0 1 2 4 0 2 3 4 4 0 2 3 3 0 4 4 4 1 1 4 3 1 4 0 1 3]
  [0 0 0 3 4 2 1 2 2 2 2 4 0 0 4 1 1 1 1 2 1 1 4 2 3 1 0 0 0 3 1 2 1 4 3
   1 1 3 1 3 4 1 1 0 0 0 0 3 3 4 2 1 2 1 3 4 0 4 2 4 4]
  [0 2 4 0 3 2 1 1 0 3 3 1 2 4 0 0 0 3 0 0 4 4 1 1 4 1 0 3 3 2 3 0 2 1 3
   1 0 3 3 3 2 3 0 1 0 3 0 1 4 3 0 4 1 2 1 1 0 4 1 4 2]
  [0 2 0 2 1 1 0 4 1 2 0 0 3 1 0 3 1 4 1 0 0 3 4 1 1 0 2 1 1 4 0 1 4 3 2
   2 4 0 3 4 2 1 1 1 1 2 3 0 1 2 2 0 1 2 2 1 4 4 1 0 2]
  [0 0 2 1 4 1 4 3 4 2 4 4 2 3 3 3 4 3 3 4 4 0 3 2 1 2 4 3 3 3 4 1 0 4 1
   0 3 1 4 3 4 3 0 2 0 0 4 1 0 0 0 3 3 0 4 3 1 4 0 3 2]
  [0 4 2 3 4 1 4 2 3 3 1 0 0 1 1 4 2 0 3 1 0 4 0 4 2 3 1 4 0 0 0 2 3 1 4
   4 0 2 2 1 3 3 1 1 2 4 0 4 4 0 3 1 3 0 0 3 0 2 3 2 0]
  [0 1 1 2 4 2 1 1 3 0 4 1 3 2 1 0 4 2 0 2 0 1 3 0 2 3 1 3 1 1 0 0 3 4 1
   2 4 2 0 3 2 4 3 2 4 0 0 4 4 0 0 0 3 1 2 0 1 1 2 3 3]
  [0 0 3 3 3 2 0 4 1 3 4 2 4 1 4 0 4 3 3 4 4 1 2 0 0 1 3 4 3 2 1 1 0 2 4
   1 4 0 2 4 1 1 2 0 3 3 4 2 0 1 3 0 1 3 4 4 2 4 0 2 3]
  [0 3 3 1 3 0 3 2 3 1 0 2 1 4 4 4 3 1 2 0 1 0 2 1 3 1 0 2 4 2 4 4 0 4 4
   4 4 0 3 2 3 1 4 1 0 0 1 0 0 3 2 3 0 2 4 0 3 4 3 4 0]
  [0 3 1 1 1 4 1 0 4 4 0 0 1 4 2 4 1 0 3 3 2 2 2 2 0 3 2 0 3 3 4 0 0 0 2
   2 1 3 1 4 0 1 3 1 1 0 1 2 4 2 4 2 2 0 4 4 1 1 1 4 0]
  [0 3 0 3 2 4 0 4 2 0 3 4 0 2 0 1 4 2 3 2 4 3 1 0 1 0 2 0 1 2 2 0 0 0 1
   1 1 2 2 1 3 0 3 0 4 4 1 1 1 4 2 4 4 3 0 4 1 2 1 1 3]
  [0 0 3 3 3 2 0 1 2 1 1 4 1 4 2 4 2 4 4 0 1 3 2 3 1 4 3 0 0 3 0 2 2 3 1
   0 3 3 3 4 1 1 0 2 1 2 1 3 3 3 1 1 3 0 2 0 4 2 1 0 4]
  [0 1 1 3 2 4 0 0 3 3 2 1 4 2 0 3 1 1 4 4 0 4 1 2 2 3 2 1 2 3 1 4 0 3 4
   2 1 0 3 1 1 4 2 3 4 0 0 3 4 1 4 4 2 2 2 3 0 3 1 3 1]
  [0 0 2 0 4 2 4 1 4 0 0 4 3 3 0 1 4 1 2 1 3 0 0 3 3 3 2 2 2 4 0 1 3 4 4
   3 1 4 0 0 1 4 3 2 4 3 4 0 2 0 0 0 2 1 1 2 3 0 4 4 0]
  [0 0 0 4 0 1 0 4 3 0 4 2 1 1 4 4 2 3 3 2 3 2 2 0 3 4 0 1 1 4 4 1 4 4 1
   0 1 4 0 4 1 3 2 2 1 3 3 4 0 2 2 1 4 4 2 1 3 4 0 0 4]
  [0 3 2 1 4 2 2 2 1 3 2 1 2 3 2 3 4 1 1 0 2 2 0 2 4 3 0 4 4 4 3 2 2 2 1
   1 2 3 4 1 4 1 3 1 2 4 0 1 0 3 4 3 3 0 2 0 4 3 0 0 4]
  [0 4 0 1 3 2 0 0 0 3 1 4 0 0 1 0 2 3 3 0 1 3 3 3 4 0 3 2 3 0 4 4 4 1 0
   4 2 0 1 2 1 4 3 4 3 0 4 3 1 3 4 3 4 2 3 4 4 4 0 1 0]]

 [[0 2 0 2 2 1 3 4 3 4 1 0 0 0 1 2 4 1 0 1 0 2 3 3 4 2 4 4 2 1 0 1 0 4 3
   1 3 3 1 3 2 1 3 3 3 2 2 1 1 2 4 3 4 2 2 3 4 1 1 0 1]
  [0 0 3 0 1 1 1 2 3 3 4 2 1 0 1 1 2 2 1 1 0 3 0 2 3 1 1 3 4 1 4 2 2 0 2
   3 2 3 3 0 1 1 1 0 3 4 2 3 0 4 0 2 3 4 4 0 2 3 0 0 3]
  [0 2 0 3 2 1 2 1 2 1 4 4 2 2 3 3 3 1 2 4 0 3 0 3 0 3 2 2 4 3 0 1 1 3 3
   2 2 1 2 4 4 4 1 2 4 1 4 1 3 0 3 2 0 1 3 0 4 1 2 1 0]
  [0 1 4 0 3 4 2 0 0 2 3 1 1 1 0 0 4 4 4 0 3 1 3 4 2 4 2 2 2 0 0 1 4 3 4
   1 0 2 1 2 1 3 4 0 1 0 0 1 4 2 1 1 4 0 0 4 0 2 4 2 2]
  [0 4 1 1 0 3 4 2 3 2 4 2 4 0 2 2 2 3 0 4 0 0 0 3 0 4 1 1 1 4 0 4 2 0 2
   0 2 2 4 4 1 2 4 0 3 3 3 4 4 3 1 2 3 2 3 1 1 4 0 1 4]
  [0 0 3 4 3 0 4 2 2 1 0 0 3 4 4 1 3 2 2 2 4 0 3 1 3 0 3 1 1 0 1 2 2 3 4
   2 2 0 4 0 3 4 4 0 2 0 3 1 0 0 2 4 1 0 3 0 1 3 0 0 3]
  [0 0 2 2 3 3 0 4 2 1 0 0 4 3 3 0 2 4 0 1 1 3 3 2 1 1 1 4 1 3 0 2 4 3 3
   0 2 4 1 0 2 1 0 4 0 2 1 0 4 3 2 3 1 2 4 4 2 2 3 0 4]
  [0 3 1 2 3 3 2 0 0 2 4 4 2 0 4 0 4 2 1 4 4 1 0 0 4 0 3 1 4 1 2 0 1 3 3
   0 4 1 4 0 1 1 1 4 4 3 1 2 3 0 0 0 1 1 1 4 0 3 4 1 4]
  [0 2 4 4 3 4 0 3 0 3 0 3 1 3 3 2 2 2 0 4 3 4 3 0 1 1 0 2 4 4 1 2 1 4 0
   2 2 2 4 1 2 0 3 1 0 0 3 2 3 1 1 0 0 3 3 0 0 3 4 1 3]
  [0 0 2 1 1 0 4 0 4 0 0 2 2 3 2 2 3 1 1 4 0 2 2 4 4 1 4 4 3 2 1 2 3 4 0
   3 3 0 2 2 4 2 0 0 0 4 4 2 1 3 2 2 3 0 0 0 2 3 3 1 1]
  [0 4 1 2 4 0 0 0 3 0 0 3 4 3 3 1 2 1 1 0 0 3 3 0 1 3 4 4 3 2 2 0 4 0 0
   2 2 3 1 1 4 0 4 3 0 4 0 0 2 4 4 0 0 1 1 1 1 4 1 1 4]
  [0 0 2 4 0 2 4 0 1 1 0 0 4 4 2 0 2 0 3 2 2 2 1 4 2 1 2 0 4 1 1 3 2 2 4
   3 0 2 3 4 3 4 3 1 1 4 2 3 4 1 2 4 2 3 0 0 4 1 0 2 2]
  [0 2 1 2 1 3 0 1 0 2 4 1 0 4 3 3 1 0 2 0 0 3 2 3 0 4 4 0 4 0 4 4 4 4 3
   1 0 4 4 4 4 2 0 1 4 2 1 0 0 1 2 3 4 1 2 4 1 4 0 3 4]
  [0 2 2 4 4 4 1 1 4 2 1 1 2 0 3 4 1 0 4 3 1 3 3 0 2 4 2 3 1 1 2 4 3 1 4
   4 3 3 4 1 1 4 2 2 0 4 3 2 4 2 2 1 4 0 3 2 2 4 3 4 2]
  [0 0 0 1 3 1 3 2 1 1 0 0 0 0 0 2 1 3 1 3 0 1 3 3 0 1 0 2 2 2 3 3 4 0 1
   3 0 2 1 4 2 1 1 2 1 3 4 3 2 1 3 1 3 4 3 4 1 1 0 4 4]
  [0 0 0 1 2 4 1 1 3 3 0 1 3 4 2 0 1 2 0 4 4 4 3 1 3 1 2 4 4 2 0 4 1 4 0
   4 1 3 3 2 3 3 1 3 1 1 3 3 0 0 4 4 2 1 2 4 0 1 3 3 0]
  [0 3 2 4 1 3 4 0 3 3 3 0 1 4 0 1 0 2 3 0 1 4 2 1 3 1 3 0 3 3 1 0 4 2 3
   2 3 0 1 4 3 3 2 4 2 1 4 3 3 2 2 4 2 0 4 3 4 2 4 0 4]
  [0 4 3 1 4 1 1 1 1 2 3 3 1 0 1 1 1 0 4 2 1 1 3 4 4 0 0 4 2 1 0 0 4 1 2
   0 1 2 4 1 3 1 4 0 0 0 1 1 0 4 3 1 1 2 2 1 0 4 1 2 0]
  [0 1 2 3 1 4 2 2 1 4 0 2 0 3 3 4 2 2 0 2 2 3 2 3 4 1 4 1 1 3 0 0 0 3 4
   3 4 2 3 1 4 3 4 4 3 0 1 4 3 4 3 2 2 3 3 1 2 0 1 3 1]
  [0 0 3 0 3 0 3 1 0 1 3 3 1 1 1 0 4 2 2 0 1 4 4 1 1 1 4 4 0 1 4 2 3 0 4
   1 3 4 1 0 2 4 1 1 2 0 3 3 1 1 3 1 4 3 4 1 4 0 2 2 4]
  [0 3 0 3 1 0 3 3 4 0 2 4 3 3 3 2 3 1 0 0 0 2 0 3 1 0 2 0 0 3 4 4 2 1 4
   0 3 1 0 0 3 0 1 0 2 3 3 2 4 0 0 2 3 4 1 2 4 0 1 2 2]
  [0 3 0 0 2 3 4 0 2 2 2 4 2 3 4 3 2 2 1 4 4 0 4 2 0 2 2 1 4 2 0 1 1 1 3
   2 4 2 2 3 4 3 1 2 3 4 4 1 3 3 4 1 1 3 2 3 3 3 3 3 3]
  [0 3 4 4 3 2 2 3 4 0 2 2 1 3 1 0 2 3 4 0 1 2 0 3 1 3 2 2 2 3 1 2 2 3 2
   0 2 2 2 1 0 1 3 2 3 2 3 4 2 1 1 0 2 3 0 2 1 0 3 3 2]
  [0 4 2 0 0 4 3 2 4 4 0 0 1 1 1 1 3 4 2 1 3 3 1 0 3 1 1 0 4 4 4 1 2 1 1
   1 2 1 4 0 3 0 4 3 4 0 2 4 3 3 0 2 0 0 2 2 0 3 1 3 3]
  [0 3 2 2 2 3 1 1 3 0 1 2 1 2 4 1 2 1 1 3 1 2 4 3 0 2 4 0 2 4 0 0 3 4 0
   3 1 4 1 4 2 2 2 0 0 2 4 3 1 2 1 1 0 0 3 1 2 4 1 3 1]
  [0 3 3 2 1 1 0 3 3 2 1 1 0 2 2 3 1 3 2 3 2 2 4 3 4 0 4 1 4 3 4 0 3 0 2
   3 4 4 3 3 3 2 1 0 0 3 4 0 0 3 0 3 4 0 1 4 2 2 2 1 4]
  [0 4 0 0 1 3 3 1 1 2 1 2 0 4 4 0 4 3 3 2 1 0 1 1 3 0 0 4 3 2 4 1 2 0 2
   1 4 3 1 3 2 1 0 2 3 2 2 1 1 0 4 0 1 2 4 1 3 2 2 4 0]
  [0 3 4 3 4 2 3 0 1 2 1 2 2 4 2 3 1 0 3 1 0 3 3 1 0 3 4 0 1 2 1 2 3 4 2
   4 4 3 1 1 4 2 0 0 0 0 4 0 0 3 3 2 3 4 4 0 4 0 3 4 1]
  [0 4 4 4 4 2 1 0 3 1 1 2 4 3 2 4 0 4 2 1 0 4 2 0 0 4 1 3 0 3 0 3 2 4 3
   2 0 4 1 4 2 1 2 2 3 3 0 1 0 1 1 3 2 4 3 1 1 1 2 2 2]
  [0 3 3 2 1 1 0 3 0 1 0 2 3 4 2 3 0 4 0 1 2 4 3 2 1 1 0 0 3 0 2 2 3 0 1
   0 2 0 4 1 3 2 1 2 3 3 1 3 1 1 4 1 0 1 0 3 2 4 2 2 4]
  [0 2 1 2 0 2 1 4 1 1 4 0 2 2 1 4 0 0 0 3 3 1 1 1 2 2 2 1 2 2 0 3 0 0 2
   3 2 1 0 2 3 4 4 1 4 4 0 2 1 2 1 0 3 1 2 3 0 1 2 1 0]
  [0 3 4 3 0 0 1 2 4 4 1 4 3 2 2 0 1 0 0 2 2 1 1 2 2 4 3 0 1 4 1 0 4 3 1
   2 4 2 1 2 0 1 2 4 2 2 3 4 2 2 1 0 4 0 4 3 0 3 2 2 1]
  [0 4 0 3 2 3 0 1 2 1 4 2 2 2 2 2 2 0 2 3 3 0 2 3 0 1 2 1 1 0 2 2 0 1 4
   4 4 3 0 3 3 0 0 3 0 0 0 1 3 0 1 4 4 3 0 0 3 2 4 3 1]
  [0 2 3 1 3 0 1 2 3 0 1 4 1 0 2 1 3 0 3 2 1 1 3 0 4 0 0 2 1 0 3 3 1 0 2
   4 2 3 2 0 4 4 0 3 0 1 4 4 4 0 3 1 4 4 0 2 4 4 2 2 4]
  [0 2 4 1 4 1 2 4 0 3 1 4 1 4 0 4 1 3 0 4 4 2 1 1 0 1 1 1 0 0 2 2 3 3 0
   0 1 3 3 0 4 0 0 2 3 2 4 0 4 0 4 4 4 2 1 1 4 1 3 1 3]
  [0 2 1 4 1 3 2 3 4 2 2 3 1 3 0 1 1 1 2 4 3 1 0 3 1 1 2 4 2 2 1 2 2 4 1
   0 1 3 3 0 3 0 0 4 4 4 0 3 1 4 4 2 3 1 4 4 2 4 2 1 1]
  [0 3 0 0 3 4 2 1 0 3 0 4 2 4 3 0 2 4 0 3 0 2 4 3 3 2 3 4 3 0 1 4 3 4 1
   4 0 1 1 4 3 4 4 0 4 3 1 2 4 2 1 1 4 3 1 4 4 4 0 1 1]
  [0 1 3 3 2 2 2 1 3 2 3 4 0 1 4 3 4 3 4 0 4 2 0 0 3 4 2 1 2 3 1 4 3 3 0
   0 0 0 1 3 1 1 3 1 3 1 1 2 1 2 1 0 0 0 0 4 0 4 1 4 4]
  [0 3 1 4 3 4 2 4 3 3 0 4 2 0 2 0 1 2 0 3 3 2 3 4 2 2 3 0 1 4 0 3 1 1 2
   4 3 3 0 1 0 0 3 4 4 4 3 2 3 0 2 4 0 2 4 0 0 1 2 3 3]
  [0 4 1 2 3 1 2 0 4 0 3 4 3 1 1 4 3 2 0 4 1 2 1 1 0 0 3 2 0 2 0 3 2 4 2
   0 2 1 3 0 1 3 1 4 3 0 3 3 4 3 2 4 1 2 3 3 1 3 2 4 4]
  [0 0 0 4 1 3 2 4 3 2 2 4 3 4 4 0 1 3 4 2 2 0 0 4 4 2 2 4 0 3 4 2 2 0 2
   4 4 3 4 4 0 0 4 2 0 4 3 4 3 2 4 3 0 4 2 0 1 4 4 2 1]
  [0 2 0 4 3 0 2 3 4 4 1 1 4 0 4 4 1 4 0 1 1 2 1 1 4 3 3 3 3 1 0 3 0 2 0
   0 3 0 0 0 3 0 2 0 0 3 3 3 2 2 4 4 0 1 4 1 0 2 3 1 1]
  [0 0 4 4 1 0 4 0 0 1 4 2 4 4 2 4 0 0 0 4 3 2 1 0 2 1 4 2 4 2 4 3 3 4 3
   4 4 2 3 4 1 2 0 2 2 0 0 3 1 4 2 2 3 1 4 1 0 1 4 1 2]
  [0 2 3 1 3 2 1 3 3 3 0 4 4 2 0 0 1 2 3 1 2 2 4 4 2 2 3 4 3 3 1 3 2 2 0
   1 3 1 1 0 3 3 4 0 3 4 4 3 0 0 0 3 3 4 3 1 3 1 1 4 4]
  [0 0 2 3 0 1 3 1 0 2 0 0 2 1 1 1 0 2 3 3 3 3 2 4 3 4 4 0 3 2 3 3 0 4 4
   1 4 2 4 1 4 0 4 2 0 2 4 4 3 1 2 1 0 4 1 2 2 1 3 3 1]
  [0 2 1 4 2 4 3 4 3 0 3 4 4 3 4 4 1 1 3 2 1 0 2 2 4 1 3 3 1 0 0 3 1 4 0
   4 4 0 3 1 4 1 1 3 0 0 2 0 2 4 3 4 4 1 0 1 0 0 0 1 1]
  [0 1 3 2 2 3 2 1 3 4 0 1 3 2 4 3 2 1 2 1 3 2 4 4 3 0 1 4 4 3 4 0 0 0 4
   2 4 0 0 1 3 2 2 3 1 0 0 3 2 3 1 0 1 3 0 0 1 1 0 3 1]
  [0 4 3 0 0 3 0 4 2 0 0 4 1 2 1 2 0 3 0 2 4 4 2 3 1 1 0 1 2 4 4 4 1 4 3
   1 0 0 4 0 3 1 0 0 2 1 0 0 0 0 1 0 4 3 4 3 3 2 4 0 2]
  [0 3 2 2 2 0 4 4 2 0 2 2 3 3 2 3 4 3 0 2 0 2 4 2 3 0 0 4 2 2 2 3 1 4 3
   0 3 2 4 1 1 4 3 0 3 2 2 0 0 4 2 0 0 1 0 0 3 2 4 3 2]
  [0 4 2 4 0 4 3 2 4 2 4 1 2 0 4 0 4 2 4 2 3 0 4 0 2 4 4 2 0 4 1 2 4 2 4
   2 4 4 3 3 1 2 4 1 0 2 4 3 2 0 0 4 4 2 1 4 4 2 1 0 3]
  [0 1 4 2 1 3 2 0 1 1 3 2 4 1 0 2 4 2 0 0 2 2 3 0 4 1 0 3 3 0 4 0 0 1 0
   2 1 3 3 4 4 0 2 4 2 4 1 1 4 0 0 3 2 1 2 4 4 1 0 4 2]
  [0 3 1 1 2 0 3 0 1 0 1 0 0 2 0 3 4 0 3 2 0 1 1 2 0 4 0 2 3 4 2 2 3 2 1
   0 0 4 1 1 4 1 1 3 1 1 2 3 1 4 0 0 4 3 4 2 0 3 4 0 1]
  [0 1 1 2 0 4 1 3 4 3 0 2 4 2 3 2 4 4 3 3 4 2 0 4 4 4 1 3 2 4 1 3 2 2 4
   2 1 3 1 2 2 4 2 2 2 4 3 1 4 2 3 4 0 2 2 0 0 1 3 3 1]
  [0 2 2 4 1 4 2 2 3 2 2 0 3 3 1 4 1 0 2 0 1 1 1 1 4 0 3 2 0 2 0 3 4 3 0
   0 2 3 2 0 2 1 4 0 0 2 0 1 4 1 3 2 0 0 2 0 2 1 1 2 1]
  [0 4 0 0 2 2 2 3 2 4 4 2 2 1 0 0 0 1 4 1 1 0 1 2 2 2 0 2 4 0 3 1 0 0 4
   1 2 3 2 4 4 3 4 3 0 2 4 3 4 2 0 2 2 0 0 1 2 3 4 3 1]
  [0 3 2 0 4 0 1 2 0 3 3 0 0 1 1 3 4 3 1 2 3 0 0 0 0 2 3 4 0 4 2 0 4 4 2
   3 1 2 1 4 0 4 4 3 0 2 4 1 0 1 3 1 3 2 1 0 4 3 0 0 0]
  [0 2 4 4 1 0 4 1 1 1 1 2 4 4 4 4 3 3 3 1 4 3 4 0 0 3 1 2 2 1 1 2 0 2 4
   2 3 1 3 1 1 2 1 2 2 4 1 3 1 4 4 2 1 1 0 4 0 1 3 2 0]
  [0 0 4 1 1 2 1 2 3 3 3 2 3 1 2 2 1 1 1 0 0 2 1 4 2 2 1 2 2 1 0 3 1 2 2
   3 4 4 0 2 1 3 0 2 2 4 3 1 0 1 4 3 4 4 2 4 0 0 1 0 1]
  [0 1 2 0 2 3 1 4 2 2 2 2 4 3 2 2 2 0 2 4 3 0 4 4 4 0 4 0 3 0 4 4 2 4 3
   4 2 0 0 3 1 3 3 0 0 4 2 0 2 2 3 4 0 0 2 2 0 2 0 2 3]
  [0 4 2 0 4 3 0 0 3 0 0 3 0 2 3 0 4 0 3 1 3 3 4 0 2 2 4 3 2 1 4 2 0 3 1
   3 3 2 1 4 3 3 4 2 3 1 2 4 1 2 3 4 4 0 0 3 2 2 2 0 2]
  [0 0 3 3 0 3 4 4 3 2 0 3 3 1 0 2 2 2 1 0 1 0 3 1 2 3 4 2 0 3 2 2 2 1 4
   3 1 2 4 4 1 4 0 0 0 3 0 4 3 1 1 1 4 1 3 2 4 4 3 3 0]]

 [[0 4 0 2 2 2 0 3 0 0 3 2 4 1 2 4 0 1 3 1 4 1 1 1 2 3 4 0 1 1 4 1 1 1 4
   3 2 3 4 2 4 0 0 4 4 4 4 3 0 3 0 4 4 2 4 2 4 3 3 2 2]
  [0 0 2 2 2 0 3 0 1 1 3 2 0 4 2 4 1 0 0 0 4 4 1 3 1 3 4 1 0 1 0 3 2 1 1
   0 0 0 4 2 2 0 4 3 3 2 2 0 4 4 2 1 4 1 1 0 2 4 4 2 0]
  [0 1 0 1 2 2 0 0 2 3 4 2 2 0 3 0 4 2 4 0 4 3 0 2 2 0 0 4 2 3 2 0 3 0 1
   2 2 0 0 0 3 4 2 3 2 0 0 2 4 0 2 4 0 3 1 2 1 3 0 3 3]
  [0 4 4 0 1 2 2 4 3 0 2 0 2 3 2 0 4 0 3 0 0 2 2 4 2 3 2 4 3 0 1 3 1 4 3
   4 2 4 0 1 1 1 4 3 1 3 1 1 0 0 2 0 3 1 2 4 3 2 3 1 4]
  [0 4 1 2 0 3 3 3 3 1 2 3 0 4 0 0 1 0 1 3 3 3 4 0 4 4 2 2 0 2 1 3 0 2 3
   2 1 4 2 1 4 2 0 0 0 1 4 3 0 4 4 3 1 3 1 4 2 3 4 4 4]
  [0 3 4 2 2 0 2 2 2 1 4 0 3 1 3 3 3 0 0 2 2 0 3 2 0 2 2 1 1 1 0 2 2 3 1
   3 3 4 0 0 0 0 4 0 1 4 3 2 3 3 4 1 2 4 2 0 0 1 4 0 1]
  [0 3 1 0 0 3 0 2 0 3 1 1 4 2 0 1 0 2 0 0 3 3 2 3 4 1 0 0 3 2 4 1 2 3 3
   1 4 0 1 4 3 2 3 0 2 0 3 2 0 0 1 4 1 2 1 3 4 4 4 0 1]
  [0 1 2 1 4 1 3 0 3 0 2 2 0 0 3 3 2 4 3 1 2 3 1 2 0 0 4 4 2 2 0 0 3 4 1
   0 4 3 3 1 1 0 0 2 3 0 3 2 1 3 3 2 4 0 0 2 2 3 0 3 2]
  [0 3 1 2 4 4 4 1 0 2 2 3 1 3 2 0 1 2 3 2 1 3 4 4 1 3 2 2 3 3 4 0 4 0 2
   3 0 3 3 4 2 0 0 4 0 1 4 0 0 4 1 2 3 2 1 4 1 0 0 1 3]
  [0 0 1 0 3 3 1 4 3 0 3 0 0 1 0 1 1 2 0 3 3 4 0 0 2 3 1 4 0 0 2 1 3 3 4
   0 2 1 1 2 2 3 2 0 3 4 2 4 1 3 2 4 1 1 1 1 1 3 3 2 3]
  [0 0 0 0 3 0 3 3 4 1 0 2 2 4 1 0 0 4 0 1 3 0 3 4 0 4 2 0 0 3 3 2 2 3 0
   4 2 0 3 2 3 4 3 2 0 2 4 4 2 2 0 1 0 0 4 1 0 4 1 2 4]
  [0 4 2 0 1 3 3 0 0 1 2 0 1 0 2 1 1 2 1 0 2 0 3 1 1 0 0 2 0 1 1 3 1 3 0
   2 2 1 4 3 3 0 4 4 2 1 0 4 0 2 2 1 3 1 2 2 3 1 4 0 1]
  [0 1 1 3 3 4 0 3 3 3 3 0 0 2 3 3 0 4 4 0 2 3 0 2 3 2 2 3 4 0 1 1 2 4 4
   0 4 4 1 3 0 3 2 0 1 2 1 4 0 2 3 1 4 0 2 3 0 4 2 3 3]
  [0 1 0 0 4 4 3 2 2 4 1 1 1 0 1 4 2 2 4 2 4 2 4 0 1 4 0 1 4 3 0 4 2 1 1
   0 0 4 0 2 2 3 2 0 2 0 2 0 0 0 1 4 0 2 0 0 3 4 4 1 1]
  [0 0 1 4 1 0 4 0 1 2 0 1 3 3 0 4 0 0 0 3 1 1 2 2 2 0 2 3 0 2 0 4 0 3 0
   1 4 3 2 2 1 2 4 2 0 2 1 2 1 2 0 3 1 2 0 0 2 4 4 2 1]
  [0 4 2 2 3 4 0 0 1 0 0 0 3 4 1 0 1 0 2 1 0 3 1 3 1 0 4 1 1 3 0 2 1 2 0
   1 3 0 0 4 2 3 0 3 3 4 1 0 2 3 2 2 3 3 4 4 4 0 4 0 1]
  [0 2 3 0 4 3 1 4 1 2 4 0 2 4 4 1 0 1 4 2 0 1 0 1 3 4 4 2 4 2 3 4 2 2 3
   1 3 1 3 2 0 3 3 2 2 3 3 4 3 1 0 1 2 0 2 2 4 0 2 0 4]
  [0 1 4 1 3 1 2 0 3 4 0 1 4 1 3 2 4 0 4 1 1 2 0 3 4 0 3 4 0 0 1 0 2 0 4
   3 3 4 0 4 2 3 3 0 3 0 3 3 2 3 0 3 0 2 0 2 3 3 4 4 2]
  [0 3 0 1 4 1 4 4 4 0 3 2 2 1 2 4 1 2 0 3 4 1 0 0 2 4 0 4 2 4 1 4 0 2 0
   4 4 3 3 4 0 4 3 1 4 3 3 0 2 1 1 0 1 4 0 0 2 2 2 4 4]
  [0 1 4 0 2 0 2 3 2 2 1 4 0 3 2 0 2 3 3 0 1 2 0 4 2 4 2 3 2 0 2 3 4 3 0
   0 0 2 4 1 1 2 0 3 3 1 4 3 4 1 4 1 4 4 0 3 2 1 2 4 2]
  [0 3 1 4 3 3 3 2 4 1 4 3 1 0 3 1 2 0 1 1 0 3 0 4 3 4 3 1 2 2 2 3 3 0 2
   2 4 0 1 1 2 0 1 4 1 0 4 0 0 0 2 0 0 2 3 0 2 4 3 3 1]
  [0 4 2 1 2 2 1 1 2 1 2 0 0 2 4 2 0 2 3 3 3 0 3 2 3 0 2 3 3 0 0 2 3 4 1
   1 2 2 2 2 4 1 4 2 2 0 2 1 2 4 2 0 4 0 3 4 1 0 0 3 4]
  [0 4 3 2 1 3 1 4 2 0 3 3 1 3 0 1 4 0 4 4 0 3 0 4 0 2 1 0 3 2 0 0 4 1 2
   3 3 2 2 3 1 3 2 3 1 1 2 0 1 3 3 2 0 0 1 3 1 4 4 0 1]
  [0 3 3 0 3 3 3 0 3 2 2 4 3 2 1 4 0 2 0 4 0 0 3 0 1 4 3 0 0 1 4 4 3 2 1
   3 2 3 1 0 1 1 4 1 2 1 0 0 0 3 0 1 3 3 2 1 2 4 3 2 0]
  [0 1 1 3 3 3 4 1 3 1 0 1 1 0 1 0 3 0 0 4 4 4 4 4 0 0 3 1 3 0 0 4 2 4 2
   1 3 4 4 3 0 3 4 4 2 1 3 2 4 4 1 4 0 3 3 4 2 2 3 0 0]
  [0 1 0 0 4 2 1 2 1 2 2 0 4 1 0 3 1 1 0 2 0 3 0 3 1 0 4 2 4 1 1 3 1 2 4
   1 1 2 4 1 3 0 1 3 1 2 4 4 3 2 2 1 3 2 2 4 1 4 1 0 2]
  [0 2 0 1 3 1 1 1 3 3 4 2 4 2 0 1 2 1 3 4 2 4 1 2 3 0 0 4 3 1 3 3 4 0 4
   0 2 2 3 4 2 0 2 1 4 0 0 3 0 2 1 1 1 0 0 4 0 0 0 4 0]
  [0 3 3 4 3 0 4 4 4 2 2 3 2 1 1 4 4 0 2 1 4 0 0 3 1 3 1 0 1 1 1 2 3 3 0
   0 3 2 0 2 0 4 2 2 1 1 2 0 4 3 0 3 1 0 4 2 4 1 2 1 1]
  [0 0 3 0 1 1 2 1 1 0 1 3 4 3 2 2 0 3 4 3 1 4 4 0 4 0 1 0 0 2 1 3 4 4 2
   2 1 3 1 4 4 3 0 3 4 4 1 0 3 1 2 4 4 2 1 2 4 4 2 0 2]
  [0 0 2 1 4 2 0 4 3 1 4 1 4 0 1 3 3 2 4 3 1 0 4 0 0 1 3 3 3 0 1 0 3 4 2
   2 0 2 0 1 2 2 4 1 3 1 1 0 3 3 1 0 0 3 4 0 1 4 3 0 4]
  [0 2 3 0 2 1 1 0 4 0 4 1 4 1 0 0 1 0 0 3 2 2 2 4 3 4 4 2 0 0 0 3 1 4 1
   4 1 1 4 2 1 3 4 3 1 1 2 4 3 1 4 4 3 0 4 1 0 2 2 4 2]
  [0 1 2 2 3 1 2 3 0 4 2 4 0 4 1 0 1 0 0 2 0 0 1 2 2 1 3 0 2 4 4 0 3 2 1
   1 0 1 2 4 2 0 2 1 4 1 3 1 3 3 4 4 3 2 1 0 0 2 0 1 4]
  [0 0 2 0 3 2 1 1 4 0 2 1 4 2 3 3 1 0 4 2 4 0 2 2 2 0 1 0 0 0 3 1 0 2 4
   3 1 0 0 2 1 1 1 2 2 2 0 1 2 0 0 4 3 0 0 2 4 1 0 0 4]
  [0 0 4 4 0 1 3 1 2 0 0 4 0 4 2 0 0 0 0 4 0 4 1 3 1 1 3 3 2 0 0 3 4 0 2
   1 2 0 0 4 4 4 1 2 1 0 3 0 0 1 4 1 4 0 3 3 4 4 2 4 4]
  [0 4 2 2 3 3 1 0 0 2 1 0 4 4 1 2 1 1 3 1 4 0 0 1 0 2 2 3 3 3 2 3 4 1 0
   2 2 3 1 1 2 3 1 2 2 1 1 3 0 2 3 3 4 0 4 0 1 4 3 4 1]
  [0 1 0 1 0 2 2 3 2 1 3 3 0 3 4 0 3 1 0 1 0 1 3 1 1 1 3 3 4 4 2 4 4 1 3
   0 3 4 3 1 4 0 4 1 2 4 4 2 3 3 3 1 4 3 0 3 2 1 2 3 0]
  [0 1 1 3 4 0 0 4 3 1 4 3 0 4 0 4 3 3 2 0 2 4 2 0 0 1 2 0 1 0 2 2 1 4 4
   1 0 0 2 4 1 0 2 0 1 0 4 1 4 2 0 0 0 0 4 3 0 1 3 3 4]
  [0 2 1 2 4 4 1 1 2 4 0 4 1 3 2 0 0 4 3 4 4 3 2 2 4 1 4 3 3 1 1 4 2 0 3
   4 1 0 3 1 4 1 0 3 2 3 1 3 0 3 0 0 0 2 2 1 1 0 3 0 3]
  [0 2 2 4 3 2 3 2 1 4 2 0 4 4 0 3 2 1 0 2 3 1 2 0 2 2 3 3 3 0 2 2 1 0 2
   2 1 1 0 2 0 4 2 3 3 2 1 3 4 2 4 2 3 3 0 4 1 3 3 4 1]
  [0 4 0 0 1 1 2 4 4 3 0 4 2 3 4 0 3 1 3 2 4 0 4 3 1 1 2 4 2 2 4 4 4 2 1
   1 3 3 4 0 2 3 1 0 2 3 2 4 0 4 0 1 3 0 2 2 2 1 1 3 0]
  [0 2 0 1 4 1 0 1 2 1 3 0 2 2 0 2 2 1 2 1 3 0 3 3 0 2 1 4 1 3 0 2 0 0 1
   0 0 4 2 0 0 3 0 1 3 4 0 1 4 3 2 2 0 0 2 3 1 0 1 2 0]
  [0 0 1 2 3 1 2 0 4 2 1 4 0 2 2 2 2 1 0 4 1 4 3 2 2 0 2 2 4 4 3 4 4 1 4
   3 4 3 2 2 2 0 0 1 0 2 3 0 3 1 4 3 4 2 4 2 1 2 3 2 1]
  [0 4 3 2 1 1 3 0 0 0 4 1 4 4 2 0 1 2 3 2 1 2 3 1 1 4 0 1 2 1 1 2 2 1 2
   2 2 3 4 4 3 0 0 0 3 4 2 0 4 4 0 4 3 4 3 3 2 4 2 2 4]
  [0 0 1 3 4 1 1 4 2 4 2 2 0 3 1 1 0 3 2 3 0 1 2 1 0 2 0 3 1 3 1 1 4 2 0
   1 2 3 2 1 3 1 1 0 1 2 0 4 1 0 1 4 0 4 2 3 2 4 3 4 0]
  [0 4 0 4 0 0 3 2 1 1 2 4 4 0 1 3 1 1 2 2 4 1 2 1 1 4 2 2 1 3 0 3 4 3 0
   2 1 4 4 3 4 3 1 3 0 3 3 2 2 4 4 2 4 0 3 2 0 4 0 2 3]
  [0 0 1 3 3 0 2 2 0 1 2 4 0 4 2 1 3 4 1 1 2 1 4 2 2 1 0 2 3 1 3 1 4 4 1
   1 4 3 4 0 1 4 1 4 3 0 2 4 4 2 0 4 2 4 4 2 2 2 2 2 1]
  [0 4 3 1 0 2 3 3 0 2 4 4 4 2 2 1 1 2 1 2 2 4 4 1 4 4 2 2 3 1 1 4 4 0 1
   1 3 1 0 2 0 3 2 3 2 3 0 4 2 4 1 0 0 3 0 2 3 0 4 4 3]
  [0 4 4 2 3 1 0 2 3 2 4 3 0 1 3 3 1 1 4 3 3 0 2 0 0 1 3 1 1 2 2 0 1 1 0
   3 1 0 3 4 4 2 0 0 2 1 0 0 3 4 0 3 2 3 4 0 2 4 1 4 2]
  [0 3 2 1 1 3 2 0 4 1 3 2 3 2 2 4 1 3 0 2 1 3 1 0 4 1 1 4 1 2 0 1 1 4 0
   1 3 0 2 0 4 3 4 2 3 4 2 2 0 4 0 3 2 3 2 4 3 2 4 2 1]
  [0 0 0 0 2 4 0 0 1 2 2 4 2 0 2 2 3 2 3 3 0 0 0 3 0 1 3 3 1 1 4 4 0 1 4
   3 0 3 0 1 2 3 1 0 3 2 3 3 3 0 0 4 0 2 4 3 0 3 2 2 1]
  [0 1 4 2 2 2 4 0 1 4 3 4 2 1 0 3 3 3 4 2 1 4 2 3 1 1 0 1 4 1 2 0 2 3 2
   2 2 3 3 3 2 2 0 1 0 4 3 2 4 3 0 1 3 1 4 1 4 3 4 2 4]
  [0 4 0 1 1 3 4 4 3 0 0 0 4 4 2 0 1 1 0 1 4 4 1 4 4 4 4 0 3 3 4 3 4 3 0
   3 4 0 3 2 3 0 0 4 3 2 4 2 2 2 0 0 3 2 1 4 4 3 1 3 4]
  [0 1 1 2 0 3 3 4 4 3 1 0 4 1 4 4 3 2 0 1 3 2 1 3 0 1 0 2 2 1 4 2 0 1 3
   1 3 1 2 3 3 4 1 0 2 0 3 3 2 1 3 2 0 2 1 1 2 2 2 0 1]
  [0 1 4 1 1 0 3 2 2 0 4 0 1 2 2 4 2 4 1 4 4 1 1 2 4 3 3 4 3 0 3 1 3 4 0
   4 4 3 0 2 0 1 2 2 2 2 3 4 4 4 0 3 3 0 0 3 3 3 4 0 2]
  [0 3 1 2 2 0 2 4 4 2 2 2 0 1 1 0 3 1 1 4 4 0 4 2 1 3 4 2 0 1 1 0 0 0 4
   1 1 1 0 2 4 1 1 4 4 2 3 1 1 0 3 0 1 2 0 3 3 0 2 0 2]
  [0 1 4 4 0 1 0 1 2 2 1 4 3 4 4 3 1 0 4 4 1 2 2 4 4 1 2 1 0 4 3 0 3 2 1
   4 1 1 4 3 1 1 1 0 3 3 0 4 0 0 4 2 2 3 3 0 1 2 4 2 1]
  [0 2 3 2 4 0 1 4 0 2 1 0 1 4 2 4 1 2 1 0 1 2 0 0 3 4 0 3 0 2 1 0 3 0 4
   1 1 0 2 0 0 2 1 0 0 4 0 2 1 1 2 0 3 1 3 3 0 1 0 2 3]
  [0 4 3 0 0 0 4 0 1 0 2 1 4 3 0 3 3 2 3 3 4 0 0 2 1 1 2 0 0 1 4 4 4 1 2
   4 4 1 0 3 0 0 2 4 3 0 1 1 0 0 2 4 4 2 3 1 3 0 4 2 2]
  [0 4 2 2 0 3 2 0 3 3 1 0 4 0 1 0 3 2 4 2 4 1 2 2 1 0 0 0 2 0 4 1 0 0 3
   4 1 0 1 2 2 2 1 1 4 0 2 4 4 2 1 1 2 3 3 3 3 3 0 0 2]
  [0 1 2 2 1 3 1 1 1 2 0 4 3 1 3 4 4 3 3 0 4 1 0 0 4 0 3 2 1 4 2 0 2 1 3
   2 2 3 1 1 0 0 3 1 2 0 4 1 3 0 2 4 0 1 0 0 1 3 1 0 2]
  [0 2 3 3 3 3 4 4 3 3 4 2 3 4 4 3 4 3 0 3 0 3 2 2 3 0 0 4 3 3 1 4 0 0 2
   4 1 3 2 0 2 1 0 0 0 0 4 0 3 4 0 4 1 0 2 4 2 3 2 1 0]]

 [[0 0 0 4 4 2 3 4 1 2 3 1 4 0 0 4 0 3 3 1 2 0 2 2 0 2 4 3 3 0 4 4 3 1 2
   0 4 2 3 2 3 2 2 2 3 0 3 3 4 2 2 2 3 4 4 3 3 4 4 0 1]
  [0 0 1 2 0 1 2 0 0 3 1 3 4 3 1 1 4 0 2 3 4 4 0 2 0 0 3 3 2 4 2 4 4 0 2
   1 1 4 1 1 3 4 0 2 2 4 4 2 2 0 0 0 4 2 1 1 2 0 0 1 2]
  [0 2 0 0 0 3 3 1 3 4 3 3 3 3 2 3 1 1 3 1 3 1 4 1 4 4 3 1 4 1 3 4 2 0 1
   1 3 0 0 3 2 3 2 4 0 4 4 2 4 3 1 2 2 4 0 1 3 2 4 3 4]
  [0 0 4 0 2 4 3 3 0 2 2 1 1 3 4 3 0 1 3 1 1 0 1 1 2 0 0 3 3 1 1 3 4 4 1
   2 3 3 2 4 0 3 3 3 1 1 3 3 1 1 3 2 1 1 0 3 4 3 4 1 1]
  [0 2 0 0 0 4 0 2 4 4 0 2 2 0 4 3 3 1 1 3 0 3 3 0 3 2 4 1 1 1 4 3 2 3 4
   4 3 3 4 3 2 0 2 0 0 0 2 4 1 2 3 1 2 2 1 3 2 0 3 1 1]
  [0 4 0 0 2 0 0 4 4 3 1 3 2 3 3 1 1 4 1 0 3 2 3 0 0 0 3 4 3 2 4 1 4 3 1
   3 1 2 4 3 2 0 4 1 1 2 3 2 3 3 0 3 1 0 3 4 0 2 1 0 1]
  [0 0 2 3 0 1 0 3 1 4 0 3 0 4 3 0 1 0 1 3 3 0 0 1 1 3 2 0 1 2 3 1 2 4 1
   4 4 2 1 1 3 3 3 0 3 3 0 1 1 2 3 1 2 0 4 4 4 4 2 4 4]
  [0 0 4 2 1 2 4 0 0 4 1 2 3 4 1 1 4 4 2 0 1 0 4 2 4 0 1 2 3 2 3 3 1 2 3
   1 0 0 1 2 2 0 1 1 3 3 2 0 2 4 2 0 2 4 4 4 2 2 4 3 4]
  [0 3 3 0 2 4 2 2 0 3 2 3 2 2 0 4 1 4 3 2 4 1 2 2 0 1 4 4 2 4 3 0 2 3 0
   0 0 4 0 3 4 1 0 3 3 1 3 0 3 4 3 4 4 4 3 4 4 1 4 3 0]
  [0 3 2 4 2 0 1 0 3 0 0 1 3 4 0 1 2 4 0 4 2 3 3 0 4 4 2 1 0 2 2 1 2 2 3
   0 0 0 0 3 3 0 1 1 4 0 0 0 3 1 2 1 4 4 3 2 0 0 2 0 2]
  [0 0 4 3 4 0 0 2 0 2 0 4 4 3 3 3 3 4 2 4 4 4 4 0 1 2 2 4 0 3 4 2 3 0 4
   1 1 2 4 2 1 2 2 0 0 0 3 2 0 2 3 3 0 4 2 1 1 1 3 1 3]
  [0 1 1 3 0 2 0 1 4 0 1 0 2 1 2 1 2 3 3 4 4 0 0 4 3 4 3 4 2 1 0 4 1 0 1
   4 3 4 2 1 3 0 0 3 1 3 1 4 2 2 1 1 3 1 1 3 4 2 4 3 3]
  [0 4 3 3 0 2 2 4 3 3 2 4 0 3 4 4 4 4 1 4 0 1 4 3 3 0 4 3 3 3 3 0 1 1 4
   2 3 1 4 0 2 3 0 1 1 2 4 2 0 3 1 0 4 2 1 0 4 4 0 4 2]
  [0 1 3 1 1 2 4 4 0 2 2 0 0 0 1 4 0 4 3 0 3 2 1 0 2 1 2 1 0 3 2 2 1 0 3
   2 2 4 0 3 3 3 2 1 2 4 1 0 1 3 1 4 0 2 1 2 3 4 3 1 1]
  [0 3 2 2 4 2 4 2 1 4 1 2 3 3 0 4 4 0 2 2 4 0 1 3 4 0 0 2 4 1 3 1 4 2 3
   0 0 0 1 1 1 2 4 3 1 1 0 1 1 3 2 4 0 4 2 2 3 3 3 1 3]
  [0 2 0 1 4 3 4 3 4 1 0 4 2 0 2 0 3 0 0 2 3 2 0 3 0 1 3 2 0 0 3 1 3 3 0
   1 2 3 4 1 1 4 4 3 4 3 0 4 3 1 1 2 1 4 4 0 2 3 1 2 2]
  [0 4 3 0 1 0 0 2 0 4 0 3 3 3 3 1 0 1 3 3 4 0 2 2 4 0 2 4 0 3 2 0 2 0 3
   4 1 3 0 1 3 4 2 1 0 4 0 4 1 3 0 1 0 4 2 1 2 2 0 2 2]
  [0 3 2 1 4 2 0 0 0 2 0 3 4 1 2 1 0 0 4 3 1 1 3 2 1 0 0 4 2 4 1 4 3 0 0
   0 0 2 2 2 2 0 4 1 2 3 0 4 4 0 1 3 3 3 1 4 0 3 2 3 3]
  [0 3 2 2 0 1 3 4 0 1 3 1 2 2 0 0 2 1 0 0 1 0 3 4 1 3 2 1 0 4 1 0 4 4 3
   4 4 4 4 1 3 1 1 0 3 4 2 2 0 1 3 3 1 4 1 0 3 3 3 3 4]
  [0 2 0 2 2 4 0 3 4 2 4 1 4 0 0 0 3 4 1 0 1 0 4 2 0 4 0 2 2 3 1 3 2 0 2
   4 0 4 2 0 3 2 4 4 1 0 4 0 1 4 2 1 2 0 4 3 4 2 2 3 4]
  [0 4 0 3 4 1 3 2 1 0 0 3 0 0 3 1 4 2 3 3 0 1 2 2 4 3 1 2 0 0 2 0 1 0 2
   1 0 3 3 4 1 0 2 4 4 3 0 3 1 1 4 0 1 4 0 1 2 3 1 1 0]
  [0 0 3 2 2 1 2 0 0 1 2 2 0 2 0 3 1 2 2 4 1 0 0 3 0 0 1 0 1 4 0 3 2 0 2
   2 3 1 2 0 3 0 0 2 2 4 3 0 0 1 3 0 2 4 1 3 2 2 1 4 3]
  [0 2 2 4 2 0 1 4 1 3 3 2 0 2 2 4 0 1 0 3 3 2 0 3 1 2 0 4 0 2 4 4 1 2 1
   3 4 2 0 4 2 3 3 1 4 0 0 3 1 0 4 4 4 2 1 1 0 1 1 4 4]
  [0 0 3 2 1 3 0 0 1 2 4 4 4 1 0 1 3 1 0 2 0 1 1 0 4 0 3 2 3 1 0 3 0 2 0
   1 4 0 3 2 1 4 0 0 1 3 3 2 0 4 4 4 0 3 3 2 0 1 3 2 3]
  [0 0 3 3 3 3 4 0 4 2 0 4 1 4 4 0 0 1 1 3 2 2 0 3 0 4 2 2 4 4 1 3 2 1 2
   4 3 4 2 2 3 2 3 1 1 1 0 2 2 1 4 1 1 2 2 1 4 2 2 4 1]
  [0 3 2 2 3 1 2 4 1 2 4 4 2 3 1 2 3 1 0 2 2 4 3 1 4 0 0 3 3 4 2 4 0 3 1
   2 3 4 3 4 2 3 2 2 2 1 4 0 3 0 0 1 3 4 3 2 1 3 1 3 0]
  [0 1 3 2 2 2 1 4 2 4 0 0 1 4 1 1 4 4 2 3 0 3 0 3 4 4 0 1 2 3 0 1 2 0 1
   3 0 4 0 0 2 0 4 4 0 1 2 2 0 1 2 1 1 4 3 2 4 0 4 0 4]
  [0 2 1 1 3 2 4 2 1 2 3 4 1 0 2 3 1 1 2 1 3 0 4 2 3 2 0 0 1 1 2 0 4 2 1
   3 4 2 3 0 2 0 0 1 3 2 2 3 2 2 0 1 4 1 4 4 4 1 2 0 0]
  [0 2 2 1 4 4 2 4 0 1 3 3 2 4 2 4 4 1 2 4 4 0 0 2 2 0 1 4 0 0 3 0 0 1 4
   3 2 3 4 0 3 2 4 1 1 1 4 4 1 1 1 4 0 0 2 1 1 2 3 4 2]
  [0 4 0 1 2 1 1 4 2 3 1 2 1 4 0 3 0 1 0 0 3 0 1 2 3 3 1 3 4 0 2 2 3 4 1
   0 3 0 4 3 2 3 2 2 1 2 2 2 1 1 2 0 0 3 4 2 2 1 2 1 3]
  [0 2 1 3 3 0 4 1 4 0 2 2 3 0 4 2 0 2 3 2 2 4 2 3 1 4 0 2 1 4 0 2 1 2 2
   0 0 3 4 1 0 1 2 3 4 1 2 1 3 2 0 0 1 2 2 3 3 1 0 2 0]
  [0 3 1 4 2 3 0 0 1 2 2 0 4 4 3 0 2 0 3 0 2 1 2 4 2 0 4 2 2 0 3 0 2 2 0
   3 3 3 4 0 0 2 2 2 4 2 3 4 2 0 2 1 1 1 2 4 1 0 4 2 4]
  [0 4 4 2 0 4 3 2 1 2 1 2 4 4 2 3 1 1 2 4 2 4 2 1 0 2 1 2 0 0 1 2 0 1 1
   0 4 2 3 0 0 2 2 2 4 3 2 3 1 1 4 2 3 1 2 4 2 1 0 4 3]
  [0 2 3 4 4 0 0 0 1 2 0 4 3 4 0 2 2 0 1 3 4 2 1 1 3 1 3 1 2 3 4 1 3 0 3
   1 2 1 0 4 2 3 0 0 0 2 3 3 1 2 3 2 4 3 4 2 4 0 3 4 2]
  [0 4 0 2 0 4 4 3 4 4 4 0 2 0 0 2 4 1 4 4 3 4 2 3 3 4 2 3 1 3 3 4 4 0 0
   1 1 3 2 1 3 2 0 0 4 3 4 4 4 2 2 0 4 3 4 1 3 2 1 0 3]
  [0 1 4 3 1 1 4 2 3 0 3 2 2 2 0 0 4 4 1 2 4 1 2 1 1 3 2 2 4 1 3 1 4 4 4
   0 2 2 3 0 4 3 0 1 4 4 4 0 4 1 4 0 3 1 4 3 3 2 2 2 3]
  [0 1 1 4 3 1 1 2 0 2 1 4 2 2 0 3 0 1 4 3 0 0 1 1 4 1 0 1 1 1 1 0 2 2 3
   4 0 2 4 4 2 1 2 0 4 0 2 0 0 0 4 2 3 0 0 1 1 2 0 0 0]
  [0 4 2 4 4 1 1 2 2 1 4 1 4 2 3 0 0 0 4 1 3 0 0 4 2 1 1 0 4 0 4 0 0 3 0
   0 1 0 3 2 2 2 0 0 4 1 4 0 1 4 0 4 4 0 3 4 2 4 0 3 1]
  [0 2 3 4 0 4 0 3 3 2 1 2 1 2 2 0 0 3 2 0 2 2 0 4 4 1 2 1 0 1 1 4 3 4 3
   1 2 2 0 0 4 2 1 1 3 4 1 4 4 1 4 2 3 2 2 0 4 4 2 0 4]
  [0 3 3 3 0 4 4 0 0 0 3 4 3 3 4 4 2 2 3 0 1 3 1 3 4 3 0 4 4 1 3 1 3 0 2
   3 4 4 0 0 2 1 3 4 1 1 2 4 3 4 0 1 2 2 3 0 1 2 3 3 3]
  [0 0 4 0 4 3 0 3 2 1 3 1 4 0 2 0 1 2 3 1 2 3 3 3 2 2 4 3 4 1 2 0 0 0 4
   1 2 4 1 1 0 3 0 4 2 0 3 1 4 0 2 4 1 1 1 3 2 3 2 3 3]
  [0 4 2 4 2 2 2 2 1 0 4 3 0 1 3 3 3 4 0 4 2 4 0 1 0 1 0 2 4 1 2 0 1 1 0
   0 0 1 4 4 3 0 3 0 1 0 4 0 4 3 3 4 1 2 2 2 0 2 1 2 4]
  [0 0 0 0 4 2 1 4 4 2 0 3 0 3 0 0 3 1 2 1 3 4 0 1 4 0 3 0 4 0 4 2 0 2 2
   1 3 3 2 2 0 1 0 4 0 2 2 3 0 4 0 0 0 1 1 0 0 4 2 3 2]
  [0 3 1 4 3 1 0 0 3 3 0 0 4 0 1 3 2 3 2 3 4 3 4 0 4 3 2 3 1 4 3 4 2 0 3
   4 0 0 4 4 1 1 3 0 2 2 0 2 1 3 2 1 2 0 2 0 4 4 3 3 1]
  [0 2 4 4 3 0 4 0 2 0 0 4 2 0 0 3 3 4 0 0 4 3 0 0 2 4 3 1 4 2 0 3 4 1 1
   4 3 2 3 2 2 0 4 2 0 1 4 0 2 3 0 1 2 2 2 3 4 2 4 3 0]
  [0 4 0 3 2 1 4 2 3 2 0 1 3 1 2 3 4 1 3 2 0 3 1 4 4 1 4 3 4 0 3 0 3 2 0
   1 2 2 1 4 1 4 2 2 3 0 2 4 2 4 0 0 0 3 2 0 0 3 4 3 0]
  [0 2 3 2 1 4 4 0 2 4 0 1 1 2 1 0 1 2 1 0 0 1 3 0 1 3 0 2 2 0 4 0 4 2 1
   4 3 3 0 2 1 0 1 1 0 1 0 1 1 2 3 0 1 0 1 0 1 1 4 3 0]
  [0 2 0 3 2 2 3 3 2 3 3 4 3 2 1 1 3 4 1 4 0 1 1 3 1 1 3 0 4 3 4 1 3 4 1
   1 3 2 0 4 0 1 2 3 1 4 0 0 0 1 2 2 3 1 0 1 0 4 3 4 0]
  [0 3 0 4 3 0 3 0 0 1 0 3 0 3 3 1 1 0 1 2 1 2 3 2 2 0 1 1 0 0 3 2 3 1 3
   1 0 4 4 2 4 3 0 2 2 0 3 1 0 3 1 2 2 4 1 1 1 4 1 1 4]
  [0 0 0 0 0 0 3 1 2 1 1 2 1 4 3 3 2 0 4 3 1 1 2 1 3 4 1 4 4 0 0 0 0 4 4
   3 1 3 2 4 2 4 4 0 4 2 4 0 3 0 2 1 1 1 0 2 1 4 3 2 3]
  [0 0 1 1 2 1 4 4 3 2 3 4 4 4 4 0 0 4 1 2 1 4 2 0 0 4 1 4 1 2 0 1 1 2 2
   1 2 0 0 3 3 0 4 4 1 1 4 0 4 1 0 3 2 3 3 4 1 1 2 2 0]
  [0 3 2 0 3 2 4 1 0 4 0 1 1 0 0 0 1 0 0 4 0 3 1 4 1 0 2 3 0 3 4 2 3 3 2
   0 0 1 4 4 0 0 0 4 4 4 1 0 0 3 0 0 3 0 0 2 1 1 3 3 1]
  [0 0 1 3 0 3 4 2 3 0 3 0 0 2 2 3 0 3 4 3 0 3 0 1 1 1 1 2 4 2 3 3 1 1 4
   3 0 1 2 2 4 0 0 3 3 0 1 3 0 0 2 2 0 3 1 2 1 2 4 3 1]
  [0 4 1 4 4 3 2 4 1 3 4 0 3 0 4 4 1 2 0 4 4 2 0 0 4 3 2 3 3 3 4 3 2 1 2
   0 1 0 3 0 4 4 3 0 4 4 3 3 4 2 2 2 3 0 4 2 0 1 2 2 1]
  [0 4 0 3 0 0 4 3 3 4 3 2 0 3 2 1 0 0 4 1 1 3 3 0 4 2 2 1 0 1 0 3 4 2 4
   4 2 4 4 4 2 3 0 2 4 3 3 0 0 3 4 3 3 4 0 1 4 1 2 2 3]
  [0 0 0 4 1 2 3 1 0 1 2 0 4 0 2 2 0 1 3 4 0 1 4 0 4 0 2 0 0 3 4 0 4 3 2
   2 0 4 3 4 0 2 3 3 4 3 4 4 0 0 0 2 0 4 0 0 4 4 0 1 2]
  [0 3 0 4 4 0 1 3 1 4 3 4 3 0 1 4 3 1 2 4 2 2 1 1 2 2 4 0 3 3 0 4 1 1 1
   4 3 3 2 0 0 1 2 3 2 3 0 0 0 3 2 4 3 0 2 4 0 2 4 2 3]
  [0 2 4 2 2 1 0 0 3 2 0 0 4 0 1 1 4 1 1 4 1 0 0 3 4 0 2 3 0 4 4 1 0 1 4
   2 1 1 3 2 3 4 1 4 3 2 2 1 1 0 1 1 2 2 1 1 1 0 2 2 1]
  [0 1 3 3 4 4 4 4 4 1 4 1 1 4 3 1 1 1 2 4 1 3 3 3 3 3 1 3 2 0 0 4 4 3 2
   0 2 2 1 3 2 3 1 2 2 4 2 4 3 3 0 2 1 0 3 3 1 2 0 0 4]
  [0 4 2 2 1 1 0 0 3 4 4 1 2 2 3 2 3 1 4 0 2 0 3 2 0 2 3 3 3 3 1 0 4 4 0
   2 4 3 2 1 2 1 4 1 2 0 2 4 4 2 3 1 3 2 4 1 2 4 3 0 2]
  [0 1 3 3 1 0 0 3 2 0 4 1 3 0 1 0 4 0 3 3 1 1 4 3 0 2 1 4 0 3 0 4 0 3 1
   0 2 2 3 1 2 1 0 3 1 2 1 0 1 2 0 1 3 3 3 1 3 3 1 2 0]]

 [[0 4 3 1 3 2 3 2 2 4 4 2 1 1 4 1 1 2 4 0 0 3 4 0 2 0 0 1 1 2 3 4 2 3 4
   3 0 2 4 1 0 4 1 0 4 3 3 4 4 0 4 0 4 2 0 2 1 4 1 1 4]
  [0 0 1 2 4 2 0 3 3 2 3 1 1 1 2 2 4 1 1 3 4 1 2 2 4 3 0 4 1 0 3 4 4 0 2
   3 0 3 4 3 1 3 4 0 0 4 3 2 3 2 2 2 3 2 3 1 2 1 1 2 3]
  [0 0 0 0 2 4 0 1 3 4 4 3 3 2 2 0 4 3 2 2 0 4 2 0 0 2 3 4 4 1 3 3 3 1 0
   4 1 3 3 2 4 3 4 2 0 1 2 1 1 0 2 2 4 2 2 3 0 4 2 2 3]
  [0 0 2 0 1 4 1 3 3 2 1 4 1 3 2 0 1 4 4 3 4 2 3 2 4 0 2 2 3 0 1 4 3 0 2
   0 3 1 3 0 0 0 2 0 0 3 4 0 3 2 4 4 4 1 3 2 1 3 0 2 1]
  [0 2 3 4 0 3 3 2 4 3 1 3 4 4 4 4 4 4 2 1 4 3 3 1 2 4 4 1 2 0 3 2 3 0 1
   2 1 1 0 3 0 1 0 4 2 3 2 0 1 3 0 4 0 3 3 0 0 0 1 3 1]
  [0 0 3 1 0 0 0 3 4 1 3 1 1 1 2 4 4 3 3 3 1 4 2 1 0 0 3 0 1 0 4 3 0 3 3
   2 2 4 3 0 2 4 3 2 4 4 4 3 0 0 4 3 3 3 3 4 0 2 3 1 1]
  [0 4 4 2 3 0 0 4 2 4 1 3 0 3 2 4 2 0 4 1 0 3 2 2 2 3 2 2 0 1 0 3 4 2 4
   0 3 3 2 2 0 0 3 4 3 3 3 2 4 2 0 1 2 0 2 3 1 1 4 1 2]
  [0 4 0 2 4 1 1 0 3 4 4 1 1 4 4 0 3 2 2 0 3 4 2 0 0 4 2 1 1 1 4 3 0 3 0
   3 1 4 4 2 2 4 4 4 2 0 4 2 4 1 3 2 2 2 3 3 3 2 3 0 3]
  [0 4 2 0 0 2 1 3 0 0 0 0 2 2 2 4 0 0 3 0 1 4 2 4 0 3 3 0 4 3 0 3 4 2 1
   3 3 2 0 1 1 3 0 3 2 3 4 1 4 4 3 1 1 3 2 2 2 3 1 0 1]
  [0 3 4 4 4 0 3 4 0 0 0 3 4 3 0 2 3 0 2 3 2 1 4 4 1 2 3 2 3 0 1 0 3 4 2
   0 1 2 3 2 4 4 1 1 0 3 0 2 2 4 4 2 3 4 2 0 4 2 4 2 3]
  [0 4 1 3 1 0 1 1 0 1 0 1 1 2 0 2 2 2 0 1 2 4 1 4 2 3 2 0 1 1 0 4 1 4 3
   3 4 2 3 4 1 2 4 4 3 2 3 4 2 3 3 0 2 1 2 3 0 1 2 1 1]
  [0 4 3 4 0 1 1 4 3 3 1 0 2 1 3 0 2 2 1 1 2 0 0 3 1 2 1 3 2 0 0 3 4 3 3
   1 1 0 3 0 0 3 1 2 2 0 1 0 0 4 3 1 0 4 4 1 2 3 4 1 4]
  [0 4 3 4 4 1 4 2 1 0 0 2 0 2 0 2 4 1 2 0 2 1 2 4 4 0 0 4 1 3 0 3 3 4 3
   3 4 0 4 4 4 0 0 3 0 2 4 2 1 2 4 2 3 0 2 2 1 3 2 1 1]
  [0 0 0 0 0 1 1 1 3 2 4 2 0 0 2 1 4 3 4 0 3 1 4 2 2 4 1 2 0 1 1 3 4 2 0
   3 4 2 4 3 1 0 1 3 2 2 0 2 1 0 1 4 2 2 4 2 3 1 3 0 4]
  [0 2 4 0 0 3 0 1 3 4 4 1 0 4 0 4 0 3 3 0 1 2 1 3 1 4 3 4 3 1 4 4 3 3 1
   0 4 2 3 0 4 2 1 1 3 1 3 4 4 2 2 3 1 0 3 0 4 3 0 1 4]
  [0 4 4 4 2 2 3 3 4 4 1 0 1 1 0 0 3 4 3 3 1 0 2 0 4 3 0 1 1 1 1 4 0 4 4
   0 1 0 1 3 3 2 0 3 3 2 3 1 0 2 1 3 3 3 4 3 0 0 2 4 1]
  [0 4 2 2 0 3 2 2 3 3 0 0 0 1 2 3 0 3 4 2 0 1 0 4 0 2 0 1 4 2 2 3 4 1 3
   0 0 4 1 0 1 3 2 0 2 3 2 4 0 1 1 3 1 0 3 1 0 0 3 0 1]
  [0 0 3 4 2 4 0 2 2 1 2 4 0 1 1 1 4 0 4 1 1 0 4 3 3 0 2 4 0 0 1 3 3 2 1
   1 1 0 3 0 1 4 2 4 2 4 3 0 0 2 4 2 4 0 4 4 0 3 3 0 4]
  [0 3 3 3 1 3 1 2 4 4 0 3 0 2 4 4 2 2 0 0 0 0 4 0 4 2 3 2 0 3 4 0 0 3 4
   1 4 0 3 4 0 2 2 1 3 1 4 3 3 0 1 0 3 3 2 3 4 1 0 4 3]
  [0 0 2 2 0 1 0 0 2 2 0 2 4 1 0 0 1 1 3 0 1 3 0 0 0 2 0 2 1 4 1 4 1 1 4
   2 3 1 3 0 0 0 1 4 3 2 4 0 4 2 1 3 3 3 4 4 2 4 3 3 2]
  [0 3 2 4 3 0 3 1 1 1 2 2 2 1 4 4 3 4 3 4 0 2 0 1 2 3 0 2 2 4 0 1 0 2 3
   3 3 1 4 3 3 0 3 2 4 3 1 1 1 0 2 3 0 3 2 3 3 4 4 2 4]
  [0 1 1 2 0 4 2 3 3 3 0 2 0 3 3 1 3 0 2 3 2 0 1 2 2 4 1 0 0 0 4 0 2 2 4
   4 4 1 3 2 3 4 2 1 1 3 0 1 4 0 4 2 0 3 3 2 2 0 0 0 2]
  [0 2 2 2 0 0 1 4 3 2 4 3 3 3 2 1 3 2 4 3 2 0 0 2 0 0 3 0 1 4 4 4 0 3 0
   0 1 4 1 2 1 4 0 4 4 3 1 0 1 3 4 1 2 0 1 2 2 1 3 0 0]
  [0 0 4 0 4 3 4 1 3 1 1 3 4 3 4 4 3 2 0 1 0 1 1 0 3 4 3 4 0 3 1 3 4 2 2
   3 0 4 2 0 0 1 2 4 3 1 3 2 1 1 2 4 2 3 3 1 3 4 3 1 4]
  [0 4 4 2 0 3 3 3 3 2 0 1 1 0 1 2 0 2 4 3 4 1 4 3 0 2 0 0 4 2 1 1 1 1 0
   2 1 4 4 1 1 0 1 2 2 4 1 4 1 4 1 3 4 2 0 2 1 4 3 2 0]
  [0 0 4 2 3 1 0 0 4 0 3 2 3 4 1 4 4 2 3 0 1 3 4 2 3 0 3 4 1 4 1 3 2 4 0
   4 1 1 0 2 3 3 3 2 1 3 0 2 2 3 2 1 2 2 3 4 0 0 0 0 3]
  [0 3 1 1 1 0 2 1 4 2 2 4 1 3 2 1 1 4 2 3 4 1 1 4 3 3 0 1 2 3 1 3 1 4 3
   4 0 3 2 2 1 0 2 3 2 2 4 2 1 3 2 0 0 1 4 1 2 3 1 2 2]
  [0 0 4 4 1 1 1 0 0 3 3 0 3 3 1 2 4 3 1 3 3 4 2 2 1 2 0 0 4 3 3 1 2 2 3
   0 1 2 0 1 1 3 3 0 4 2 4 4 0 0 3 0 3 3 2 1 2 2 3 2 2]
  [0 0 1 3 3 4 3 1 0 1 4 1 0 2 3 4 2 1 1 0 2 0 1 4 2 1 1 0 0 0 3 2 3 1 4
   3 1 2 2 1 2 3 0 4 1 4 0 2 0 2 3 1 4 0 0 0 1 3 4 0 2]
  [0 3 3 1 1 2 3 0 1 2 2 2 3 0 3 2 2 4 0 2 4 1 0 1 4 2 0 2 2 0 3 1 1 4 1
   0 4 0 0 0 1 3 4 0 2 1 2 2 1 2 4 2 4 3 0 2 0 0 1 3 4]
  [0 1 4 2 0 2 2 4 1 4 2 0 1 0 2 2 1 1 0 3 1 1 1 0 1 2 2 4 4 1 0 1 3 4 2
   2 0 3 0 3 2 4 1 0 4 0 3 0 4 1 0 0 0 2 0 0 4 4 4 1 4]
  [0 2 1 2 2 3 4 1 2 3 4 3 3 2 2 2 3 4 0 3 0 0 1 2 4 1 0 1 2 4 1 0 3 0 4
   4 2 2 4 3 0 1 4 2 2 2 2 0 4 3 3 2 0 1 1 0 0 2 0 2 1]
  [0 0 2 0 4 1 1 3 1 3 0 2 1 3 2 2 4 2 4 1 2 2 0 1 0 1 4 2 0 0 1 3 0 4 1
   4 2 0 1 1 3 2 4 4 4 1 4 4 1 1 4 4 3 1 1 2 2 0 3 4 3]
  [0 3 3 3 1 3 0 0 0 1 3 0 1 4 1 1 2 1 1 1 2 0 3 0 2 2 2 4 2 2 2 4 4 0 4
   2 0 2 2 3 3 2 3 3 0 1 1 1 2 4 3 0 2 2 1 2 2 4 1 1 3]
  [0 0 1 2 4 4 0 0 3 3 1 2 1 3 4 0 0 3 1 3 1 1 1 4 4 0 3 3 3 2 3 2 2 2 0
   2 0 4 3 3 4 0 0 4 2 1 1 1 4 2 0 2 4 0 1 0 3 1 3 4 4]
  [0 3 0 3 0 2 1 4 2 0 0 1 0 0 4 3 4 2 4 1 1 4 3 2 4 2 0 0 2 4 2 4 2 2 3
   0 4 0 4 1 4 2 4 1 2 0 3 3 0 1 0 0 0 1 4 4 4 2 1 3 0]
  [0 2 1 2 3 2 3 4 2 3 2 1 4 0 0 1 0 3 3 2 1 0 2 1 3 2 0 3 4 3 4 3 0 1 4
   0 0 4 4 2 3 1 1 4 0 0 1 1 1 4 0 2 2 4 3 2 2 0 0 2 2]
  [0 3 1 0 1 3 3 0 0 0 0 0 4 1 2 2 0 4 0 3 3 4 3 2 4 0 1 1 2 1 1 1 0 2 0
   1 0 0 2 0 4 0 4 0 2 1 3 0 0 2 2 2 3 1 3 2 3 3 4 0 2]
  [0 1 0 0 3 2 1 1 3 1 2 0 2 2 2 0 3 4 4 3 4 0 3 1 2 3 2 4 3 4 2 0 3 3 2
   4 2 1 0 2 0 3 0 1 1 0 0 2 4 3 0 1 0 4 1 2 2 1 4 4 3]
  [0 3 4 0 1 3 4 3 1 4 2 3 2 4 3 4 4 4 1 0 1 0 1 3 1 4 0 0 1 0 3 1 0 3 1
   1 4 0 0 0 1 2 2 3 1 3 4 2 1 1 1 3 1 4 2 4 3 4 3 1 3]
  [0 4 2 4 3 2 4 1 4 0 4 3 2 2 1 0 1 2 3 0 3 3 4 1 3 3 3 1 0 3 0 4 3 1 2
   0 3 0 1 0 0 3 0 2 2 3 2 4 0 4 4 0 2 4 0 3 2 2 4 2 0]
  [0 1 4 1 1 4 2 1 2 0 2 4 0 4 1 4 0 4 1 1 2 2 0 0 3 0 2 0 2 2 1 4 2 1 0
   4 1 4 0 4 4 0 4 3 1 3 4 2 1 3 1 1 1 4 0 3 0 3 0 1 2]
  [0 1 2 3 4 4 2 0 1 1 2 2 4 3 1 1 2 1 1 4 3 4 2 1 2 4 4 4 3 1 2 1 1 2 3
   1 1 1 2 3 1 3 0 3 1 4 1 2 3 3 0 4 0 0 3 0 1 0 1 0 3]
  [0 1 1 2 3 2 4 3 2 0 3 2 1 3 0 0 1 3 1 0 1 1 4 1 2 0 0 3 2 2 3 1 1 4 3
   4 4 3 4 3 3 4 1 0 4 4 1 0 4 4 4 2 2 2 2 2 2 0 4 3 4]
  [0 3 3 1 4 3 3 4 1 4 2 0 0 1 4 3 1 4 0 2 1 2 1 3 4 2 4 1 1 2 1 3 2 2 3
   3 3 3 3 0 1 0 0 2 0 4 2 4 1 2 0 3 4 1 1 1 2 2 4 0 0]
  [0 1 3 0 0 1 1 3 3 2 1 4 4 3 2 2 4 0 4 0 4 1 4 1 3 3 0 4 2 0 1 2 2 0 0
   4 0 4 4 0 3 4 1 4 2 0 4 4 2 2 2 1 1 2 4 0 2 2 3 3 2]
  [0 0 3 0 4 0 4 1 0 4 3 4 3 3 2 4 3 0 1 3 4 0 3 0 2 0 4 1 2 3 3 4 0 4 1
   1 0 3 1 4 3 4 2 2 1 3 0 4 2 3 3 1 3 0 3 4 1 4 3 0 0]
  [0 3 3 3 2 4 3 1 1 1 2 3 4 0 3 2 0 3 0 1 3 2 3 3 2 2 3 3 4 4 4 4 1 0 0
   2 0 2 0 0 4 4 2 3 4 2 1 0 1 4 0 2 2 2 3 0 1 2 2 4 2]
  [0 1 2 0 1 3 4 0 3 1 4 0 4 3 4 0 3 3 1 3 0 0 3 2 3 1 3 1 3 4 0 2 3 1 3
   4 1 0 4 0 4 2 4 4 0 2 1 3 0 3 1 3 4 4 3 0 2 2 3 3 3]
  [0 3 4 1 3 0 3 0 2 4 1 4 4 1 1 4 0 2 3 1 0 2 0 0 1 4 2 1 1 2 1 1 2 0 3
   2 3 4 2 3 2 3 1 0 4 3 4 0 0 0 4 4 2 4 4 2 0 2 2 1 1]
  [0 3 3 0 2 1 3 1 0 2 0 4 0 4 4 1 0 2 1 0 1 1 2 0 2 4 1 3 1 1 0 4 1 4 0
   2 2 0 0 0 2 1 4 0 2 4 0 0 4 4 0 0 2 1 1 1 3 1 0 4 1]
  [0 3 1 0 4 4 0 2 1 4 3 1 3 1 0 3 4 2 3 1 0 2 0 1 1 3 2 4 3 2 4 0 4 3 1
   3 2 0 1 2 2 0 1 3 3 2 1 1 3 1 3 0 4 3 1 0 0 4 0 0 0]
  [0 0 0 3 0 4 0 4 1 2 0 2 0 4 3 0 3 0 3 3 2 1 1 4 4 0 3 1 1 4 4 1 2 0 2
   2 1 2 4 3 1 4 1 4 2 3 3 0 0 2 3 4 0 2 1 1 4 1 4 1 2]
  [0 1 2 1 2 1 0 1 4 3 0 4 3 3 3 0 2 2 2 2 0 3 0 2 0 3 0 1 4 1 3 0 0 4 0
   1 3 3 4 4 1 3 4 2 1 2 4 1 0 3 1 1 0 0 2 4 3 0 0 1 1]
  [0 1 1 4 3 3 0 2 1 4 1 2 0 3 1 4 2 1 1 4 1 4 4 4 2 0 2 0 2 2 2 3 4 4 4
   4 4 2 4 0 3 4 3 0 2 0 2 2 0 1 1 2 3 2 0 2 2 0 3 0 0]
  [0 2 1 3 3 0 3 0 3 1 2 0 1 1 0 0 0 4 1 1 4 4 0 2 4 2 3 0 1 2 0 3 0 4 2
   4 0 2 3 0 4 2 3 4 2 4 4 2 1 0 4 0 4 3 4 0 3 1 1 0 3]
  [0 4 1 2 4 3 0 3 2 0 4 4 0 3 0 0 0 2 4 3 2 0 2 3 2 0 4 1 4 4 3 2 4 4 4
   3 1 0 3 3 4 0 2 0 4 3 1 1 0 3 3 1 0 3 0 0 0 1 4 3 0]
  [0 1 2 2 4 4 0 1 2 3 1 4 0 1 4 1 4 3 2 1 3 2 1 3 3 0 4 0 1 0 3 2 0 2 0
   1 3 0 2 4 2 4 0 0 3 0 2 2 2 3 1 0 2 0 1 2 3 0 2 4 0]
  [0 1 2 0 0 3 0 0 0 0 2 4 0 2 2 4 4 4 2 3 0 3 0 4 3 0 3 1 0 3 2 4 2 0 0
   3 3 2 2 1 2 4 0 1 0 4 1 3 3 3 1 2 3 0 4 0 2 4 0 0 4]
  [0 3 1 2 2 2 0 2 3 2 0 1 1 3 1 3 3 4 2 0 2 3 2 4 2 4 1 0 4 4 2 0 3 4 4
   3 1 2 2 1 0 3 4 1 2 0 4 0 1 3 2 4 1 3 0 0 0 0 3 0 1]
  [0 0 3 4 0 3 3 1 3 3 4 2 1 3 0 3 0 1 1 0 1 0 3 1 2 3 4 4 0 3 1 0 4 3 2
   2 3 0 0 0 3 1 0 2 2 0 4 0 2 4 0 4 0 0 2 0 2 4 0 3 0]]]
release_time
[  0  42  92   7  17  54  45  52   8  14  27   7 100  20 325  10  49 111
  21   0 105  23  42  64 109  77  26  38  19  26  88  33  19  46  64  34
  79  55  53  54  19 109  45  91  27  63  77  56  92  77  16  69  35   0
   5  92  78  90  75  89   6]
due_date
[  0 112 100 208 101 106 108 108 112  95 109  95 106 103 376 101 104 117
 108  97 105 101  99 108 114 117 101 113  93  97 105 105 106 112 164  91
  90  95  93  94 102 112 109  96  91 111 110 115 117  95 104 113 106 105
  97 107 118 100  92 112  92]
unit_emission
[15  6  5  8  1]
emission_limit
14584.0
setup_severity
0.02
due_tight
0.9
due_range
0.25
release_tight
10
degree_constr
0.5
