param: 
proc_time: (1, 100)
setup_rate: 0.5
setup_time: (15, 30)
delivery_time: (100, 200)

mach
5
job_rate
5
fam
5
setup_rate
0.5
proc_time
[[ 0 14 47 71 72 42 51 19 66 47 65 42 38 13 44 24 96 30 70 38 97 23 74 57
  79 23]
 [ 0 57  1 72  3 14 81 34 70 69 51 29 99 82 48 94 79 79 16 57 97 10 19 67
  36  4]
 [ 0 33 28 96 80  9 75  6 49 91 76 22 48 21 33 81 56 29 53 40 74 18 47 13
  27 62]
 [ 0 96 45  3 22 27 55 67 33  2 75 46 74 33 58  7 15 26 11 38 27  7  1 74
  21 79]
 [ 0 94  8 88 83  3 55 15 36  6 42 50 18 83 50 30 77 39 12 98 59 76 44 88
   4 36]]
setup_time
[[[ 0 30 28 15 15 17]
  [ 0  0 27 23 19 23]
  [ 0 15  0 30 25 26]
  [ 0 22 30  0 28 18]
  [ 0 28 28 26  0 18]
  [ 0 30 29 23 16  0]]

 [[ 0 27 17 24 18 16]
  [ 0  0 22 24 22 15]
  [ 0 20  0 20 21 29]
  [ 0 23 22  0 29 24]
  [ 0 18 18 26  0 15]
  [ 0 21 26 21 23  0]]

 [[ 0 30 24 21 29 16]
  [ 0  0 30 21 19 18]
  [ 0 24  0 20 26 29]
  [ 0 20 15  0 17 18]
  [ 0 26 26 25  0 23]
  [ 0 16 22 23 16  0]]

 [[ 0 23 20 16 22 24]
  [ 0  0 26 22 16 29]
  [ 0 17  0 23 27 23]
  [ 0 23 18  0 28 21]
  [ 0 22 29 29  0 29]
  [ 0 19 27 29 29  0]]

 [[ 0 23 20 17 17 28]
  [ 0  0 15 27 22 16]
  [ 0 15  0 28 25 23]
  [ 0 22 22  0 21 23]
  [ 0 23 26 25  0 20]
  [ 0 22 24 23 29  0]]]
delivery_time
[[  0 145 156 153 191 145 109 103 166 124 186 190 177 160 137 131 122 136
  102 198 112 133 187 164 175 107]
 [  0 108 127 177 190 117 141 140 169 132 200 188 176 153 186 135 196 184
  197 155 199 116 109 186 143 101]
 [  0 113 140 101 118 179 188 100 101 126 101 193 150 109 118 179 112 147
  155 171 155 149 194 144 188 158]
 [  0 120 154 156 140 192 169 181 148 143 134 190 104 170 173 173 150 156
  157 191 135 109 149 198 198 136]
 [  0 112 174 118 191 155 144 159 167 156 153 136 182 136 113 194 191 199
  143 182 141 100 122 163 127 103]]
job2fam
[[1 0 0 0 0 0 0 0 0 0 0 0 0 0 0 0 0 0 0 0 0 0 0 0 0 0]
 [0 0 0 0 0 0 0 0 0 1 0 0 1 1 0 0 0 0 0 0 0 0 0 0 0 0]
 [0 0 1 1 0 1 0 0 1 0 1 0 0 0 0 0 0 0 0 0 1 0 0 0 1 0]
 [0 0 0 0 0 0 0 1 0 0 0 1 0 0 0 1 0 0 0 1 0 0 0 0 0 0]
 [0 0 0 0 0 0 1 0 0 0 0 0 0 0 1 0 0 1 0 0 0 0 1 0 0 1]
 [0 1 0 0 1 0 0 0 0 0 0 0 0 0 0 0 1 0 1 0 0 1 0 1 0 0]]
unit_cost
[ 9 12 10 15 13]
pre_factor
0.5
