param: 
proc_time: (1, 100)
setup_rate: 1.0
setup_time: (30, 60)
delivery_time: (170, 200)

mach
10
job_rate
10
fam
8
setup_rate
1.0
proc_time
[[  0  40  98  20  15   5   4  15  57  80  77  75  60  49  32  44  59  15
   63  72  90   1  81  63  94   4  99  78  78  91  14  32   3  23  37  19
   45  14  55  74  15  68  79  88  31  20  72  55  37  72  81  83  53  32
   64  77  17  66  53  97  34  54   9  99  59  87  21  70  71  54  63  63
    2  54  34  88  75  76  55  14  43  10  16  30  44  65  55  60  41  89
   60  88  11  61  20  28  93  26  95  36   7]
 [  0  25   7  39  29  42  68  98  73  87  67  65  92  75   2   6  34  46
  100  11  64  53  11  68  30  13  32  31  37   1   7  33  15   2  22  82
   95  49  34  14  86  70  28  14  13   5  55  64  63  15  73  61  54   9
   24  29  69  47   8  82  40  79  11  55  41  81  51  11  37  17  64  63
    6  44  54  37  99  29  81  77  85  81  50  82  40  72  33  29  73  83
   32  44  29  61  18   1  37  95  55  62  75]
 [  0  33  42  89  81  16  54   8   3  42  38  84  96  19  83  18  82  72
   15   6  60  91  81  17  57  91  33  93  80  68  98  78  65   4  23  86
   26  84  45   5  43  89  13  82  71  11   6  20  79  51  93  29  73   3
   38  20  43  34  72  89  75  43  18  40  33   3   8   4  97  82  12  50
   88  70  95  22  78  78  50  65  11  65  91  54  54  75  49  56  71  52
   84  44  14  97  27  29 100  13  86  30  53]
 [  0  68  83  33  95  62  64  28  54   3  11  52  85  66   2  25  63   5
   15  48  40  96  28   6  10  64  78  31  71  12   1  43  22  97  71  11
   27  73  29  53  70  80  75  60   8  86  37  20  74  10  94  23  77 100
   55  12  20  64  96  95  33  96   7  78  34  66  93  11  10  33  72  51
   24  65  68  18  14  82  18  30  60  94  40  34   6  14  26  27  92   7
   52  13  17  30  48  51  54  99  34  78  28]
 [  0  92  60  51  53  15  86  75  14  35  10  86  89  65  70  50  87  75
   77  42  22  58  94  39  28  98  92  64  59  61  53  54   2  16   3  61
   84  80  34  36  73  19  60  71  56  17  16  16  42  60  55  56  64  59
   68  24  88   2  64  94  42  79   8  16  52  65  79  63  72  93  70  78
   92  36  41 100  71  47  83  56  75  32  14  13  96  98  82  10  82   6
   55  62  97  18  57  15  65  22   4  59  26]
 [  0  40  24  55  20  84  49  39  63  27  97  17  49  84   6  34  89  15
   89  74   3  51  74  77   5  37  12  16  41  39  24  28   4  99  67  71
   74  22  20  62  43  70  14  46  77  39  59  60  72  50  77  95  48  52
   70  13  42  93  88   6  53  40   4  66   1  93  78  98  75  67  50  44
   76   3  78  41  86  45  63   7  36  71  36  58  38  90  17  42   6  59
    5  42  34  69  91  11   3  36  15  92  86]
 [  0  48  25  79  21  42  55  58  55  53  11  75  71  38  55  80  80   3
   28  99  96  28  26  42  24  48  27  77  50  54  18   9  45  19  45  79
   72  36  93  38  58  72  61  36  29  24  54  88 100  28  33  51  94   6
   43   8  32  16  88  60  60  25  17  46   9  92  56  28  51  23  18  99
   38  61  80  16  26  55  85  33  11  28  13  70  11  41  82  19  90  77
   97  80  67   4  28  29  90  27   5  73  19]
 [  0  61  32  92  90  12  81  52  26   6  35  87  91  63  11  66  17  92
  100  81  98  66  70  17  45  24  28  74  94  12  17  50  97  69  73  83
   41  16  10  70  63  20  14  38  37  65  59  87  73 100  81  81  49  65
   26  61  65  39  22  69  39  92  20  51  84  11  81   1  62  63  74  81
   10  43   8  56  23  44  40   9  55  33  25  14  89  58  65  12  86  67
   53  76  72  59  31  74  43  54  71  17   9]
 [  0  76  74  35  63   5  15  98  84  44  92   5  40  65  86  51  14  29
   66   6  62  92  29  13  88  54  15  60  45   2  51   9  33  51  31  11
   62  61  77  38  11   4  27  54  72  64  85  46  24  44  39  73  82  85
   51  37  78  78   4  60  49  43  79  90  93  44  87  26  53   8  62  92
   58  10  75  76 100  15  58  52  36  10  91  12  61  15  51  43  63  28
    5  55  31  79  85  16  37  74  59  59  77]
 [  0   2  28  59  43   6  11  15  37  33   2  67  64  41  52   5  85  66
   46  35  97  45  94  31  96  55  94  81  53  59  40  31  65  39  58  77
   46  76  75  34   5  26  58  72  19  78  83  72  83  50  37  46  32  95
   99  98  20  62  20  66   8   8  93  38  68  44  91  74  44  91  12  92
   40  44  41  73  13  43   7  61  38  48  75  10  40  80  95  28  68  65
   61  15  63  69  66  39  93  84  80  28  54]]
setup_time
[[[ 0 41 50 41 52 59 32 51 47]
  [ 0  0 36 56 55 33 52 58 49]
  [ 0 44  0 60 38 39 43 38 39]
  [ 0 48 58  0 50 50 40 52 45]
  [ 0 35 33 54  0 31 59 51 48]
  [ 0 37 38 59 36  0 57 53 34]
  [ 0 49 41 51 45 44  0 40 53]
  [ 0 55 50 35 54 43 60  0 56]
  [ 0 34 41 56 58 31 42 51  0]]

 [[ 0 36 31 49 31 30 32 59 53]
  [ 0  0 50 46 56 54 38 57 33]
  [ 0 59  0 55 53 33 36 35 50]
  [ 0 50 38  0 50 41 32 60 34]
  [ 0 58 30 35  0 59 45 43 44]
  [ 0 60 50 36 38  0 46 58 50]
  [ 0 55 37 52 57 46  0 59 55]
  [ 0 53 48 44 42 47 35  0 38]
  [ 0 34 58 32 55 44 50 34  0]]

 [[ 0 39 59 30 57 47 31 56 48]
  [ 0  0 58 41 55 58 41 57 41]
  [ 0 33  0 34 43 44 40 45 45]
  [ 0 46 45  0 51 48 47 55 33]
  [ 0 39 60 59  0 47 44 31 38]
  [ 0 41 45 48 49  0 55 37 30]
  [ 0 41 51 47 33 32  0 55 39]
  [ 0 47 32 58 35 55 42  0 36]
  [ 0 44 31 38 56 51 42 37  0]]

 [[ 0 59 38 36 52 47 59 52 57]
  [ 0  0 33 34 57 59 43 39 46]
  [ 0 60  0 35 34 33 37 35 44]
  [ 0 51 51  0 33 32 49 53 37]
  [ 0 41 34 36  0 32 53 59 35]
  [ 0 48 32 43 31  0 48 57 56]
  [ 0 37 53 56 35 44  0 40 56]
  [ 0 42 56 38 60 54 55  0 46]
  [ 0 34 56 55 40 31 50 42  0]]

 [[ 0 57 32 34 60 60 33 41 32]
  [ 0  0 39 35 57 58 48 36 30]
  [ 0 54  0 56 42 37 41 57 38]
  [ 0 54 53  0 43 51 60 58 53]
  [ 0 46 55 55  0 55 60 60 52]
  [ 0 34 40 51 33  0 39 35 50]
  [ 0 36 41 52 48 60  0 35 55]
  [ 0 47 54 52 31 52 42  0 47]
  [ 0 42 41 34 37 33 42 45  0]]

 [[ 0 53 53 42 39 40 60 51 42]
  [ 0  0 53 46 55 52 58 53 34]
  [ 0 51  0 47 40 56 50 41 42]
  [ 0 51 31  0 55 60 49 41 34]
  [ 0 39 40 56  0 43 48 42 40]
  [ 0 56 40 52 52  0 37 41 34]
  [ 0 31 57 33 44 52  0 41 44]
  [ 0 36 53 58 53 45 53  0 36]
  [ 0 57 52 60 36 38 44 43  0]]

 [[ 0 44 42 33 41 35 55 37 44]
  [ 0  0 52 58 53 44 54 55 31]
  [ 0 60  0 33 42 58 57 32 33]
  [ 0 48 44  0 54 35 41 57 42]
  [ 0 33 52 53  0 33 50 51 31]
  [ 0 53 35 56 52  0 43 35 30]
  [ 0 56 32 40 43 44  0 50 30]
  [ 0 42 49 51 47 58 31  0 54]
  [ 0 43 58 36 32 57 44 53  0]]

 [[ 0 40 46 55 41 46 53 52 50]
  [ 0  0 58 36 39 44 54 35 30]
  [ 0 58  0 55 51 39 48 30 60]
  [ 0 53 57  0 45 43 35 59 55]
  [ 0 55 60 38  0 39 41 60 47]
  [ 0 30 48 40 47  0 53 36 48]
  [ 0 43 44 53 39 50  0 47 31]
  [ 0 36 33 56 40 60 60  0 35]
  [ 0 58 30 54 44 33 49 45  0]]

 [[ 0 38 40 47 51 57 55 48 52]
  [ 0  0 46 60 38 35 40 34 58]
  [ 0 53  0 34 39 30 49 58 51]
  [ 0 33 30  0 55 46 47 58 32]
  [ 0 47 40 37  0 40 35 52 49]
  [ 0 37 39 56 56  0 54 33 36]
  [ 0 48 57 43 38 57  0 52 38]
  [ 0 54 37 41 50 43 51  0 30]
  [ 0 36 47 50 30 34 37 46  0]]

 [[ 0 50 44 41 57 47 30 55 34]
  [ 0  0 48 34 52 57 34 56 56]
  [ 0 42  0 54 60 30 32 35 38]
  [ 0 42 52  0 60 40 57 38 56]
  [ 0 47 48 55  0 42 35 49 58]
  [ 0 55 48 45 38  0 49 43 30]
  [ 0 52 40 42 49 45  0 49 40]
  [ 0 47 47 37 58 51 40  0 43]
  [ 0 55 36 32 33 45 55 48  0]]]
delivery_time
[[  0 192 183 181 184 195 196 176 184 183 188 185 187 178 191 179 174 189
  193 184 195 187 189 171 196 192 188 187 171 170 171 184 194 177 189 199
  193 180 197 197 170 197 178 184 188 191 178 191 173 171 195 171 187 193
  172 182 172 195 195 200 190 192 176 170 171 194 197 184 178 171 178 190
  176 171 184 186 183 176 199 199 196 171 176 186 176 180 198 187 186 179
  191 183 178 180 183 196 170 174 180 182 192]
 [  0 193 172 173 195 179 182 177 178 178 171 171 178 194 170 185 184 195
  175 193 173 181 172 192 184 174 195 189 185 179 196 178 186 181 175 173
  174 196 187 200 190 191 187 199 197 181 185 188 177 185 191 185 170 189
  178 192 174 186 175 190 200 183 190 176 187 181 179 171 194 187 182 199
  195 197 196 182 190 175 174 175 198 192 191 180 177 171 171 181 200 195
  197 170 180 171 179 186 183 196 194 190 182]
 [  0 175 175 193 176 187 186 200 188 188 183 186 174 181 175 200 192 171
  199 176 171 194 191 172 186 184 178 197 186 181 179 189 198 190 181 187
  188 173 183 189 186 189 193 181 194 175 197 191 183 187 180 190 187 187
  177 183 185 192 182 200 176 174 199 170 185 182 188 179 184 178 196 183
  189 183 198 182 188 183 184 194 181 172 183 187 180 176 174 197 187 185
  172 184 200 173 174 197 194 182 185 200 192]
 [  0 191 195 185 183 176 180 170 192 172 188 179 182 180 195 173 176 177
  195 176 182 190 176 188 182 187 187 174 183 187 198 188 177 194 193 187
  195 173 181 199 185 198 191 179 174 181 174 199 180 195 185 171 177 199
  190 176 177 178 183 183 197 177 175 199 178 196 186 185 193 178 191 186
  195 175 187 182 193 182 175 193 183 190 195 175 186 197 174 176 195 196
  171 171 180 184 188 190 187 192 183 181 182]
 [  0 176 170 184 182 174 187 176 191 192 172 174 170 183 195 170 173 194
  171 198 182 197 194 174 184 177 190 172 181 189 192 192 191 170 182 171
  174 183 172 174 182 184 196 188 181 193 181 199 180 188 191 174 189 184
  187 181 197 193 177 177 187 195 199 196 190 188 187 171 197 198 187 193
  184 188 191 193 190 170 172 195 172 185 182 191 190 174 185 192 187 172
  175 186 199 171 197 199 200 180 197 173 197]
 [  0 189 185 190 183 182 170 178 176 178 187 193 177 186 197 185 189 198
  187 178 193 196 181 190 179 196 185 188 180 191 184 198 192 184 171 190
  188 195 197 194 179 189 175 187 179 191 183 179 194 183 178 180 190 174
  200 188 177 179 175 172 184 184 176 189 198 174 190 178 187 179 170 177
  187 186 193 185 198 187 174 190 195 176 191 188 194 171 173 187 179 170
  189 192 193 172 179 184 195 189 171 177 182]
 [  0 187 191 171 178 187 192 184 180 177 200 193 171 185 183 195 198 199
  182 189 182 183 176 189 193 200 182 198 185 195 184 178 186 186 181 186
  192 189 189 196 193 175 185 192 185 197 197 175 188 191 182 195 177 187
  180 187 187 194 188 182 179 172 178 181 180 179 189 170 178 197 179 197
  170 183 187 196 200 200 186 189 199 172 170 198 188 179 190 176 199 174
  181 185 197 177 192 195 200 178 185 173 189]
 [  0 200 190 189 175 197 192 196 190 183 179 197 189 197 188 180 191 199
  178 177 184 189 192 193 192 171 185 183 181 175 196 197 172 171 192 172
  177 197 182 184 182 173 171 191 170 177 184 193 200 199 179 185 178 171
  173 193 200 171 181 189 193 171 198 172 177 195 172 178 181 182 181 195
  192 191 184 184 176 191 171 180 185 183 180 174 188 187 180 183 184 187
  175 172 183 196 178 200 171 199 186 171 196]
 [  0 171 170 179 197 177 194 182 171 185 194 198 198 198 200 196 195 176
  191 199 178 184 186 176 194 193 170 187 193 185 200 171 170 174 177 182
  184 174 171 170 176 174 177 194 180 180 174 193 181 170 173 181 196 199
  188 171 198 179 171 177 183 173 180 199 181 188 179 192 188 182 189 200
  173 177 171 188 172 199 187 188 198 189 174 184 183 187 191 195 182 172
  197 173 175 195 195 197 196 191 180 197 191]
 [  0 180 176 181 173 180 196 191 172 174 187 194 185 173 178 183 177 176
  190 177 185 182 172 181 176 199 174 180 180 189 187 193 175 174 189 177
  184 197 186 195 199 184 195 200 194 186 177 199 178 187 192 196 187 199
  191 185 181 199 184 191 192 175 184 194 191 170 176 177 173 172 193 199
  178 188 182 185 180 188 180 189 184 180 181 183 187 184 175 190 179 186
  176 171 185 198 195 186 194 194 198 187 194]]
job2fam
[[1 0 0 0 0 0 0 0 0 0 0 0 0 0 0 0 0 0 0 0 0 0 0 0 0 0 0 0 0 0 0 0 0 0 0 0
  0 0 0 0 0 0 0 0 0 0 0 0 0 0 0 0 0 0 0 0 0 0 0 0 0 0 0 0 0 0 0 0 0 0 0 0
  0 0 0 0 0 0 0 0 0 0 0 0 0 0 0 0 0 0 0 0 0 0 0 0 0 0 0 0 0]
 [0 1 0 0 1 1 0 0 0 0 0 1 0 0 0 0 1 0 1 0 0 0 0 0 1 0 0 0 0 0 1 0 0 0 0 1
  0 0 0 1 0 1 0 0 0 0 1 0 0 0 0 0 0 0 0 0 1 1 0 1 1 1 1 0 0 0 0 0 0 0 0 0
  0 0 0 0 0 0 1 0 0 0 0 0 1 0 0 0 0 0 0 0 0 0 1 0 0 0 0 0 0]
 [0 0 0 0 0 0 0 0 0 0 1 0 0 0 0 1 0 0 0 0 0 0 0 1 0 0 0 0 0 0 0 0 0 0 0 0
  0 0 0 0 0 0 0 1 0 0 0 0 0 0 0 0 0 0 0 0 0 0 0 0 0 0 0 0 1 0 0 0 0 0 0 1
  0 0 0 0 0 0 0 0 0 0 0 0 0 0 0 0 0 1 0 0 1 0 0 0 0 0 0 0 0]
 [0 0 0 0 0 0 0 0 0 0 0 0 0 0 0 0 0 0 0 0 0 0 0 0 0 0 0 1 0 0 0 0 0 0 1 0
  0 0 0 0 0 0 0 0 0 0 0 0 0 0 0 1 0 0 0 0 0 0 0 0 0 0 0 1 0 1 0 0 0 0 0 0
  0 0 0 0 0 1 0 0 0 0 0 0 0 1 0 0 0 0 0 0 0 0 0 1 0 1 1 0 0]
 [0 0 0 0 0 0 0 1 1 0 0 0 1 0 0 0 0 0 0 0 0 0 0 0 0 0 0 0 0 0 0 0 0 0 0 0
  0 0 1 0 0 0 0 0 0 0 0 0 0 0 0 0 0 0 0 0 0 0 0 0 0 0 0 0 0 0 0 0 0 0 1 0
  0 0 1 0 1 0 0 0 0 0 0 0 0 0 1 0 0 0 0 0 0 0 0 0 0 0 0 0 0]
 [0 0 0 1 0 0 0 0 0 0 0 0 0 1 0 0 0 0 0 0 1 0 0 0 0 0 0 0 0 0 0 0 0 0 0 0
  0 0 0 0 0 0 0 0 0 1 0 0 0 0 0 0 0 1 0 0 0 0 0 0 0 0 0 0 0 0 1 0 1 0 0 0
  0 0 0 0 0 0 0 0 0 0 0 0 0 0 0 0 0 0 0 1 0 0 0 0 0 0 0 0 0]
 [0 0 0 0 0 0 0 0 0 0 0 0 0 0 0 0 0 0 0 1 0 1 1 0 0 0 0 0 1 1 0 0 0 0 0 0
  1 0 0 0 0 0 1 0 0 0 0 0 0 0 0 0 0 0 0 0 0 0 0 0 0 0 0 0 0 0 0 0 0 0 0 0
  0 0 0 0 0 0 0 0 0 0 0 0 0 0 0 0 0 0 0 0 0 1 0 0 0 0 0 0 0]
 [0 0 1 0 0 0 0 0 0 1 0 0 0 0 0 0 0 1 0 0 0 0 0 0 0 0 0 0 0 0 0 0 0 0 0 0
  0 0 0 0 1 0 0 0 1 0 0 0 1 1 1 0 0 0 1 0 0 0 1 0 0 0 0 0 0 0 0 1 0 1 0 0
  1 1 0 1 0 0 0 0 1 1 0 1 0 0 0 1 1 0 0 0 0 0 0 0 0 0 0 0 1]
 [0 0 0 0 0 0 1 0 0 0 0 0 0 0 1 0 0 0 0 0 0 0 0 0 0 1 1 0 0 0 0 1 1 1 0 0
  0 1 0 0 0 0 0 0 0 0 0 1 0 0 0 0 1 0 0 1 0 0 0 0 0 0 0 0 0 0 0 0 0 0 0 0
  0 0 0 0 0 0 0 1 0 0 1 0 0 0 0 0 0 0 1 0 0 0 0 0 1 0 0 1 0]]
unit_cost
[32 31 24 26 29 32 32 30 24 29]
pre_factor
2.0
