mach
5
job_rate
12
weight
[ 0  9  4  7 10  6 10  7  9  3  6  4  3  8  4  9  7 10  9  6 10  5  2 10
  9  8  9  8  5  2  5  7  3  1  2 10  4 10  2  9  9  7  9  5  9  3  1  4
  4  8 10  8  6  7  4  2  4 10  4  9  9]
proc_time
[[  0 110  97  50 116  95  91 136 108 141  58  72  68 110  64  87 109 135
   96 140 138  81 147 142 115  94  95 110  65  87  60 100 130  52  79  78
   87 133 102  67 110  75  73  60  95  74  60  83  98  97 140  99  78  86
   97 112 108  67  58 146 103]
 [  0  66 145  92  83  94 144  81  55 104 105  77  50 112  74  68  99 107
   88 117  65  89 143 138 142 145 117  50 103 148 101 109 117 113  79  66
   68 134 137  85 127 149 145  89  65 102 137 115 133 101 122  87  98  68
  108  99  64 118  85 124  83]
 [  0  91 124 129  68 110  85  75 122  66 120 133  59 102 119 106 113  97
   81  67 107  69  69  92 117 143  66  60  65 144  91  81  67  89 139 127
   57  54  91  64 147 135 126  76 109 129  75 123  75  95  84 127 104  91
  114  50 149  80 129  70  62]
 [  0 125 107  51 115  60 149 140 146 150 108  52  76  89  60 118 122 143
   66 144  80 142 148  66 108 111  55  67  53  58  61 101 130 132  99 150
  150  78  57  77  54  52  53 150 100 136  61  68  60 147  87 150  79  59
   57  88 100  60  63 134 141]
 [  0 101  50  86 109  86 109 141  54  52  67  83 103  53 103 118  97  64
  150  98 121  87 108 116  80 131 113  53 140 137 144  95  55  60  72 117
   92 141  89  71 126  61  62  56 139 135 130 107 147  80 118  73 116 148
  119 110 118  72  98 141  87]]
setup_time
[[[0 0 2 0 4 2 3 2 3 1 3 4 4 3 0 3 1 1 1 1 1 0 2 0 3 2 4 0 4 4 0 0 3 0 3
   4 2 2 0 2 1 0 4 2 0 3 3 3 0 4 2 2 1 3 0 0 0 2 4 1 3]
  [0 0 1 1 2 2 2 1 0 3 0 1 2 0 4 0 3 0 1 2 4 0 3 3 3 0 4 0 0 2 1 1 4 4 4
   3 3 3 4 2 0 2 0 1 1 4 0 4 0 4 0 3 4 3 4 0 0 3 3 4 4]
  [0 4 0 2 4 4 1 1 1 2 4 2 4 0 2 3 0 1 1 3 3 1 3 2 1 1 1 3 0 2 4 2 2 4 1
   3 1 2 0 3 3 2 1 4 1 2 0 1 3 1 3 4 0 1 4 1 2 3 1 0 2]
  [0 3 2 0 2 3 1 1 3 3 0 2 1 3 1 0 1 4 3 3 3 3 3 3 2 0 3 0 4 3 3 4 1 0 4
   3 1 0 4 3 4 1 1 3 3 2 2 0 3 1 1 0 3 4 0 1 1 1 4 3 4]
  [0 4 2 1 0 0 2 2 3 0 0 3 4 0 3 2 3 2 3 3 1 4 2 3 4 1 4 3 0 0 0 4 0 4 3
   4 1 1 2 0 4 2 3 1 2 1 4 1 4 1 1 2 0 2 2 4 4 0 0 1 1]
  [0 2 0 0 0 0 0 0 0 4 3 1 4 0 0 2 0 1 1 2 3 2 4 4 4 0 1 0 3 2 0 1 0 1 2
   1 0 4 3 2 1 1 4 0 3 4 1 0 0 2 0 4 2 1 0 0 3 3 4 1 3]
  [0 3 1 3 1 4 0 2 0 4 1 4 3 1 1 3 0 4 1 3 3 4 0 0 4 4 3 0 0 2 3 0 0 0 0
   1 4 0 4 4 3 3 3 1 1 0 2 2 2 3 0 0 1 1 2 0 0 0 1 2 1]
  [0 1 3 3 3 2 3 0 1 2 0 0 2 2 3 0 4 3 1 4 3 2 4 1 2 0 0 3 1 3 4 4 2 0 2
   0 0 1 3 0 2 4 2 1 2 1 1 3 2 4 4 1 0 2 2 1 3 3 4 3 1]
  [0 4 1 2 2 3 4 2 0 1 4 1 2 0 2 0 4 3 0 4 0 4 1 3 2 2 0 1 4 2 2 4 1 1 1
   1 2 2 1 2 4 3 1 0 4 1 1 0 4 2 2 4 4 1 4 4 2 2 4 0 3]
  [0 4 4 3 3 4 0 4 0 0 4 1 2 2 1 1 1 2 4 1 1 4 2 2 3 0 3 2 4 4 2 2 0 1 0
   1 1 3 0 0 2 3 2 1 0 2 4 0 3 3 0 0 3 2 0 2 1 1 0 3 4]
  [0 2 4 2 4 0 4 3 2 4 0 1 1 0 4 3 3 3 4 0 2 2 2 3 0 2 4 4 4 2 4 0 3 1 1
   4 1 4 1 1 0 1 2 4 4 4 0 4 1 0 1 1 4 1 4 1 3 1 0 3 1]
  [0 4 2 2 4 2 4 2 2 2 3 0 0 3 2 3 4 3 0 2 1 0 0 0 0 0 2 4 2 4 0 2 4 0 0
   4 1 1 0 3 0 4 4 1 3 1 1 1 0 4 0 4 2 2 3 2 1 2 4 0 2]
  [0 4 4 3 2 2 3 2 0 0 0 1 0 2 0 2 3 4 0 1 3 0 4 3 3 3 2 0 1 2 4 2 2 2 4
   2 4 3 2 2 1 4 2 3 4 2 1 3 4 0 4 0 4 0 2 2 4 2 0 0 1]
  [0 4 3 0 0 3 4 1 3 0 0 1 4 0 4 2 3 4 3 1 1 2 3 3 3 3 0 0 3 0 0 1 1 3 2
   1 2 1 2 0 0 2 4 4 0 0 0 4 3 4 3 4 3 0 4 2 2 2 4 3 2]
  [0 0 2 4 4 1 0 4 0 1 3 2 0 3 0 2 3 2 4 1 1 0 1 3 4 4 4 3 0 2 4 3 2 4 1
   0 2 1 3 3 0 4 2 3 0 0 1 3 3 2 1 2 1 0 0 1 1 4 2 4 3]
  [0 4 2 1 4 4 2 0 2 1 0 3 2 4 2 0 3 1 3 3 2 0 4 4 2 3 3 2 0 0 3 3 3 4 1
   0 4 1 3 2 3 0 0 2 3 0 3 1 4 1 1 4 1 0 2 4 4 1 1 2 1]
  [0 1 2 0 1 2 0 2 4 0 0 3 0 1 4 3 0 3 2 3 3 0 4 0 3 4 4 0 1 3 2 3 3 3 1
   3 1 2 4 0 0 4 1 4 3 0 1 1 2 0 1 3 0 2 0 2 2 4 2 3 1]
  [0 0 3 4 3 0 1 3 4 0 1 0 2 1 4 0 1 0 3 4 1 0 0 0 1 1 2 1 4 0 0 0 3 3 3
   3 4 3 1 1 0 3 1 4 1 0 3 4 3 0 2 3 4 0 2 1 1 3 3 2 0]
  [0 4 0 2 4 0 2 1 3 1 4 4 4 1 1 2 3 4 0 4 4 4 1 4 3 0 3 3 2 2 2 1 4 0 3
   0 1 0 2 3 2 0 1 2 1 3 0 0 4 1 3 4 4 3 2 3 0 3 2 1 0]
  [0 1 4 3 2 4 0 4 1 4 3 1 1 2 1 1 3 2 1 0 3 1 1 1 2 2 4 3 3 1 3 1 0 0 3
   1 1 1 1 2 0 4 2 4 4 4 1 2 4 4 1 1 2 4 2 2 3 2 3 4 4]
  [0 1 4 2 2 1 4 3 3 0 4 1 2 3 0 2 0 1 0 3 0 2 0 1 3 2 4 0 2 3 4 3 4 3 2
   1 0 3 2 2 2 1 3 0 1 0 2 0 0 1 3 1 2 2 3 3 1 0 2 0 0]
  [0 0 1 0 2 3 2 4 3 2 2 3 3 3 3 0 0 4 2 2 0 0 0 1 3 4 4 2 2 3 0 1 4 3 0
   0 1 2 4 3 3 1 4 2 2 4 0 0 3 1 4 2 2 0 2 4 2 0 2 4 1]
  [0 4 4 3 2 4 0 0 0 3 4 1 1 3 4 2 4 0 3 1 3 2 0 4 0 2 1 1 0 4 3 1 1 3 4
   2 0 3 2 1 1 4 1 2 4 4 3 3 0 1 3 3 0 3 4 0 3 4 0 4 4]
  [0 2 1 0 4 4 4 1 4 0 0 2 1 2 4 2 1 2 0 1 2 1 1 0 3 4 4 2 1 1 2 2 1 4 2
   4 2 3 0 4 4 3 4 4 3 1 4 2 3 4 4 3 0 0 2 1 0 4 4 0 2]
  [0 4 3 1 0 3 2 3 4 2 0 4 1 3 1 1 2 0 3 3 3 3 0 0 0 0 1 1 2 1 2 2 2 2 2
   2 0 4 0 3 4 3 1 4 0 3 0 3 1 4 3 3 0 4 1 1 1 2 4 1 1]
  [0 3 0 1 4 4 1 0 2 3 0 0 2 4 3 0 3 4 2 2 0 0 4 2 0 0 4 3 0 4 0 0 4 0 0
   3 3 2 2 3 4 0 2 4 4 2 0 3 0 3 1 2 0 0 0 3 1 3 4 2 4]
  [0 4 3 0 0 2 4 2 0 3 0 0 3 0 0 0 1 2 2 4 1 4 2 2 2 4 0 2 2 2 4 2 0 3 2
   0 2 2 2 3 1 2 0 0 2 0 4 1 3 4 2 2 3 3 4 2 4 4 2 0 1]
  [0 0 2 2 3 0 4 4 1 3 4 4 2 4 2 0 3 4 2 3 2 3 2 1 0 2 0 0 2 0 0 3 3 2 3
   3 2 3 4 2 3 1 2 0 4 1 3 2 4 2 0 0 1 2 3 3 4 1 1 2 0]
  [0 4 2 3 0 4 0 2 0 3 2 1 1 2 4 3 3 1 3 1 4 2 4 0 0 3 4 1 0 3 2 3 0 3 1
   1 0 1 0 4 3 4 1 4 1 4 1 1 2 0 0 2 4 2 4 1 2 2 0 3 3]
  [0 3 4 4 3 4 4 4 0 2 0 4 4 2 4 4 3 4 1 0 0 2 1 1 4 2 3 2 3 0 4 3 1 0 2
   1 3 0 4 0 2 0 4 0 3 4 0 2 0 1 1 2 2 2 4 0 1 0 4 1 0]
  [0 3 1 1 4 3 0 4 4 1 3 4 0 3 3 0 2 2 1 1 4 1 2 1 0 3 3 4 3 1 0 0 3 4 4
   0 2 2 1 0 0 4 2 3 4 0 0 4 3 4 0 4 0 2 0 3 3 1 2 1 2]
  [0 2 3 4 2 4 0 1 1 1 3 0 4 0 4 1 2 2 0 1 0 2 1 0 4 3 3 1 3 2 4 0 2 3 3
   1 3 4 0 1 2 3 0 1 4 3 1 0 1 2 3 2 2 4 0 4 4 0 3 2 3]
  [0 0 3 2 2 3 4 3 1 0 0 0 3 1 0 0 0 4 0 1 3 0 4 1 2 3 3 3 0 4 3 1 0 4 2
   1 4 4 1 2 1 1 4 1 0 3 2 4 0 1 2 1 1 4 4 2 0 2 2 1 3]
  [0 1 4 0 1 1 1 3 2 2 1 3 4 0 4 3 4 4 4 2 4 0 3 1 4 3 3 4 1 0 3 2 0 0 3
   0 1 4 0 1 3 3 0 1 4 1 3 4 1 3 1 0 1 3 0 1 3 0 2 3 3]
  [0 1 2 2 2 0 2 0 2 2 2 2 1 3 3 0 3 2 0 4 2 0 1 4 4 3 1 1 3 2 2 2 2 1 0
   2 3 2 1 1 3 2 2 4 3 3 4 1 1 4 2 3 2 1 0 1 2 1 1 4 2]
  [0 2 4 0 4 4 1 4 2 3 0 0 4 2 3 1 3 4 1 0 2 4 3 1 4 0 4 2 4 1 4 0 4 0 3
   0 3 4 4 2 0 0 4 0 1 3 0 3 2 3 3 3 4 2 4 3 4 0 0 4 0]
  [0 4 1 1 4 3 3 0 0 4 4 3 1 4 4 4 1 1 0 3 3 0 0 1 3 1 1 0 4 4 4 0 1 3 3
   2 0 3 2 2 0 4 3 2 2 4 2 2 4 1 4 0 1 1 2 2 3 4 4 1 3]
  [0 4 0 2 0 4 0 2 0 1 4 1 3 2 1 3 3 3 1 3 3 1 0 1 3 2 0 0 0 0 1 0 2 0 0
   4 1 0 2 3 1 1 2 3 0 3 0 2 3 1 1 4 1 0 3 3 4 4 4 2 4]
  [0 0 1 0 4 4 2 4 3 4 4 4 3 3 0 1 1 2 0 3 0 3 1 1 1 0 1 1 0 1 1 0 1 3 4
   3 2 0 0 3 1 4 3 1 0 4 2 2 4 0 4 2 1 0 2 2 2 3 3 1 1]
  [0 2 4 0 0 1 0 2 1 1 3 3 4 2 3 1 4 2 0 2 4 3 2 1 1 0 4 4 0 3 2 1 1 4 2
   2 4 1 0 0 0 1 2 3 0 4 0 1 1 3 0 1 3 4 2 0 4 1 4 0 3]
  [0 0 1 0 4 4 3 3 3 4 0 4 4 1 2 1 4 3 2 4 0 2 3 2 1 4 4 1 4 0 3 4 2 1 4
   2 1 3 1 4 0 0 2 4 0 0 1 0 0 3 3 0 4 0 1 2 0 1 1 1 1]
  [0 4 3 2 0 2 0 4 4 2 1 4 2 4 3 0 1 0 1 0 4 2 2 4 1 1 1 0 0 0 0 4 4 2 0
   2 3 3 4 0 0 0 0 4 3 3 1 1 3 4 3 2 2 0 0 3 1 1 3 3 4]
  [0 1 2 0 2 1 2 4 4 0 3 2 0 2 4 4 0 4 3 1 2 2 4 1 0 1 2 2 3 4 1 3 1 1 1
   3 3 3 2 3 4 0 0 3 3 2 1 3 0 3 0 1 1 1 4 3 2 0 1 3 0]
  [0 1 4 0 1 3 0 3 3 2 4 4 1 2 0 4 3 2 2 1 1 0 0 0 3 1 0 4 3 3 3 4 3 0 1
   0 4 2 4 4 0 1 0 0 1 3 3 4 2 3 4 2 4 4 0 0 3 3 3 0 1]
  [0 3 4 2 1 4 2 3 1 1 0 1 1 2 0 1 4 3 3 3 2 0 4 2 1 4 3 4 4 3 0 3 1 2 2
   2 3 4 2 0 4 1 0 4 0 1 4 4 3 1 3 3 4 3 4 2 3 0 0 4 2]
  [0 1 4 3 2 4 0 0 3 3 1 2 0 4 4 1 3 0 1 2 3 1 1 4 2 3 1 3 0 3 4 1 1 3 0
   1 2 3 0 3 3 0 1 1 1 0 4 3 0 1 4 2 0 3 3 1 0 4 0 4 0]
  [0 3 3 3 1 4 0 2 4 0 3 4 1 2 0 0 3 2 0 3 1 4 0 3 0 3 1 0 3 2 0 2 4 0 0
   1 4 3 4 3 4 1 3 3 1 1 0 3 3 0 3 1 3 0 2 3 1 4 4 2 3]
  [0 4 4 2 3 4 2 3 1 4 1 3 0 1 4 2 2 3 1 0 4 2 0 3 2 3 0 3 4 4 2 3 0 1 2
   3 0 3 3 2 1 4 3 4 4 0 2 0 2 2 0 1 3 1 3 3 0 2 1 2 2]
  [0 1 3 2 0 4 3 2 0 4 3 2 3 3 3 3 3 2 1 2 0 3 2 1 4 2 4 0 3 1 0 1 4 1 3
   2 2 4 4 2 2 2 3 2 3 2 1 0 0 0 2 0 4 4 2 3 2 4 1 3 4]
  [0 3 2 1 1 4 2 3 4 2 3 4 2 2 3 4 4 0 1 3 0 0 1 0 1 0 4 1 2 3 1 2 2 0 3
   2 1 0 0 4 0 0 3 3 0 0 2 2 4 0 2 4 2 1 3 0 0 4 3 0 0]
  [0 3 3 4 1 1 1 2 0 3 1 1 3 3 0 0 4 1 4 0 3 3 4 3 4 4 2 0 1 3 3 3 3 3 0
   0 2 0 2 0 1 4 0 0 4 2 1 1 2 1 0 4 4 2 4 0 4 2 3 4 1]
  [0 3 0 0 2 4 1 3 3 1 4 0 1 3 2 4 4 1 4 1 0 3 3 3 1 4 4 2 4 2 3 4 2 3 1
   1 1 2 1 4 0 4 1 3 4 4 4 1 0 0 4 0 0 2 2 3 4 1 4 3 2]
  [0 2 0 3 2 0 1 1 2 2 0 4 0 3 3 3 1 1 4 0 1 4 3 0 3 4 1 1 0 0 4 2 4 2 2
   1 4 2 0 3 1 0 4 1 1 2 3 3 1 3 3 1 0 0 2 1 1 1 0 0 0]
  [0 2 3 2 0 0 1 0 3 3 3 1 4 2 0 2 2 4 4 2 0 0 3 1 3 1 4 1 4 4 4 3 4 1 1
   4 2 3 4 4 2 2 0 2 2 3 2 2 0 4 2 3 4 0 3 3 3 4 3 0 1]
  [0 4 1 1 0 1 4 4 2 1 0 0 0 2 0 1 0 0 1 2 3 3 2 1 0 3 3 2 3 0 4 3 2 4 3
   2 3 4 2 1 1 2 0 0 3 3 4 1 1 2 4 0 4 4 0 3 2 2 4 2 2]
  [0 3 4 4 0 2 1 0 4 0 2 2 3 0 0 1 1 2 0 4 3 1 4 4 4 1 2 2 0 2 1 2 0 4 3
   4 4 1 1 0 4 2 0 0 0 3 4 4 4 2 2 4 3 1 3 0 0 4 1 1 2]
  [0 2 3 4 2 1 4 2 2 4 1 2 4 4 2 2 3 2 4 1 4 0 0 3 1 1 3 1 1 0 2 2 2 0 0
   2 2 1 3 0 0 1 0 1 3 2 0 4 4 3 3 2 0 1 4 0 0 2 3 2 2]
  [0 4 4 4 1 2 1 2 1 0 2 3 3 0 1 1 2 0 1 3 1 3 2 4 4 1 2 3 1 4 4 1 2 4 4
   2 1 2 2 3 3 2 4 2 4 0 4 4 3 0 3 2 1 3 4 4 2 0 4 3 0]
  [0 0 3 3 3 4 4 4 1 4 3 2 1 2 1 0 3 1 4 0 0 3 3 2 1 2 3 2 0 3 4 1 3 1 0
   3 1 4 4 2 4 4 4 0 0 1 3 0 1 4 1 2 3 2 1 1 1 4 0 2 1]
  [0 0 0 1 1 1 4 4 1 3 3 4 0 0 1 1 1 3 0 4 2 2 3 0 3 3 0 0 1 1 0 1 0 4 4
   2 1 4 0 0 2 3 1 2 1 1 1 3 3 2 3 3 3 3 1 2 3 0 4 0 2]
  [0 3 2 4 3 0 3 4 2 2 3 2 0 1 2 3 0 4 3 1 4 3 2 0 1 2 1 1 1 2 4 0 3 2 2
   1 3 2 3 1 3 3 4 3 1 3 1 3 2 2 2 0 2 4 3 2 4 2 2 4 0]]

 [[0 3 0 4 3 0 4 4 3 3 2 4 4 0 2 2 2 0 0 2 2 3 4 0 3 3 1 0 1 2 1 3 0 3 3
   1 3 2 0 3 0 2 0 0 2 1 2 1 2 2 1 1 2 1 3 0 1 3 1 2 0]
  [0 0 1 2 4 3 0 4 1 1 4 0 2 3 0 4 0 0 4 2 2 2 3 0 3 0 4 0 2 2 3 0 0 4 3
   3 3 2 2 0 4 0 3 3 0 1 2 1 0 4 2 0 2 2 4 4 4 4 1 2 4]
  [0 1 0 3 4 1 4 0 1 3 1 2 0 3 0 3 3 3 3 3 1 2 1 2 2 3 0 4 4 1 4 3 1 4 4
   2 0 0 0 1 3 2 4 1 1 3 2 0 2 2 2 4 3 0 2 0 2 4 4 0 1]
  [0 1 0 0 1 1 2 1 1 1 3 0 1 2 4 3 1 1 2 0 3 2 2 3 3 0 0 4 4 1 4 0 0 1 0
   1 3 0 0 4 3 3 3 1 1 1 3 2 3 0 3 0 2 3 2 2 0 1 3 0 2]
  [0 0 1 2 0 2 3 0 0 0 4 1 3 1 4 3 1 3 1 2 0 1 0 2 4 4 2 1 2 1 2 2 2 1 0
   0 3 4 1 3 1 2 4 0 3 4 1 3 3 0 1 4 2 0 2 2 0 4 2 2 4]
  [0 1 0 1 1 0 4 2 2 0 1 3 4 1 2 2 0 0 1 4 3 4 0 3 1 4 1 1 0 1 1 3 0 1 1
   0 3 2 0 4 1 3 2 0 0 3 3 1 3 4 2 3 3 0 3 0 0 0 3 1 2]
  [0 0 1 2 3 3 0 0 3 1 3 2 3 2 3 2 3 0 2 0 2 0 1 0 2 4 1 1 1 4 0 4 4 3 1
   0 2 1 2 2 3 3 3 1 3 1 4 1 0 0 1 1 4 1 1 2 0 4 1 2 3]
  [0 1 4 3 3 0 3 0 4 2 2 1 4 2 3 2 2 2 0 4 2 1 2 3 2 1 4 2 4 2 1 3 2 0 3
   3 3 4 0 1 1 2 2 0 0 2 3 3 0 0 4 1 1 4 4 2 3 0 0 3 3]
  [0 0 1 0 3 2 1 2 0 1 4 1 2 4 4 2 3 1 2 4 4 3 4 4 4 4 4 0 4 3 1 4 4 0 4
   2 0 4 1 4 4 4 4 4 2 2 2 3 3 3 0 1 1 4 3 2 0 0 4 0 2]
  [0 2 0 3 4 4 4 4 2 0 2 1 2 1 1 1 2 3 3 4 0 2 3 4 1 1 2 3 4 1 4 4 3 2 2
   3 1 2 2 1 3 0 2 3 4 2 2 0 3 3 0 0 4 1 4 3 4 0 4 3 1]
  [0 3 0 0 0 4 2 2 3 4 0 4 2 0 2 3 2 1 3 4 2 4 4 1 1 2 1 4 1 1 1 4 0 1 2
   1 2 3 2 1 4 1 3 4 0 2 1 4 1 2 1 0 4 1 4 4 4 3 1 2 0]
  [0 4 0 2 0 3 0 3 4 2 3 0 4 3 1 3 1 1 2 3 2 0 3 3 3 4 1 2 1 3 4 1 4 0 2
   2 1 0 1 1 1 2 1 3 0 0 0 4 0 0 2 4 0 3 3 3 1 1 2 2 3]
  [0 2 3 0 0 1 0 4 0 1 1 4 0 4 1 2 2 0 2 4 1 4 2 2 4 1 0 1 3 3 0 4 1 1 3
   2 1 4 1 0 2 3 4 0 0 1 4 2 0 0 3 1 4 3 0 2 0 2 4 4 0]
  [0 2 0 2 1 0 2 2 2 4 3 0 3 0 0 4 3 3 2 2 3 0 3 0 2 0 3 4 0 1 0 0 3 2 0
   2 1 2 0 2 0 2 0 1 4 3 1 2 3 3 1 3 2 4 1 1 1 4 4 0 4]
  [0 1 4 0 0 1 3 2 3 0 1 4 3 2 0 1 1 1 3 1 0 4 1 0 4 0 4 0 3 0 0 2 3 4 4
   4 1 2 1 2 2 4 2 4 2 1 3 1 3 1 2 4 0 3 2 3 4 1 3 1 2]
  [0 4 0 4 2 3 4 1 0 3 1 1 2 2 0 0 2 0 2 0 4 1 0 3 1 2 1 0 3 1 3 1 4 3 1
   2 2 1 2 3 1 0 0 0 4 3 0 0 4 3 0 3 3 3 0 3 0 4 1 1 2]
  [0 1 1 2 3 0 2 1 4 1 4 2 3 3 2 1 0 3 0 3 4 4 4 0 3 2 2 1 3 3 3 0 2 1 0
   4 1 0 2 0 0 0 4 3 2 4 4 2 3 1 3 3 2 2 3 4 3 1 2 0 4]
  [0 4 1 3 3 2 1 3 0 0 2 4 4 4 4 4 1 0 0 3 0 3 4 2 4 1 3 3 2 1 1 4 3 2 1
   2 3 4 4 4 1 4 4 2 4 4 4 1 2 2 4 4 0 4 0 1 0 2 3 3 2]
  [0 0 3 1 4 2 0 2 2 1 0 2 0 4 0 0 3 2 0 4 2 2 1 3 0 2 3 1 2 3 1 3 0 3 1
   1 2 4 0 3 1 0 2 4 3 2 2 4 4 1 3 3 4 1 2 4 4 3 1 2 2]
  [0 1 1 0 1 4 3 0 4 0 3 1 3 2 1 4 1 0 0 0 3 1 2 2 1 4 2 1 3 2 0 3 1 3 4
   2 1 1 2 0 2 1 4 0 1 3 2 2 0 4 2 4 4 2 2 1 3 2 2 2 4]
  [0 2 3 0 0 0 3 2 0 3 1 2 1 0 4 1 4 1 3 3 0 2 4 3 3 3 0 3 0 2 1 4 2 2 1
   1 4 0 2 0 3 3 2 3 3 2 4 0 0 0 3 1 3 3 1 3 2 4 3 4 1]
  [0 2 2 0 2 0 1 4 0 4 3 0 1 0 2 4 4 1 3 1 4 0 0 4 0 1 2 0 0 0 1 4 2 2 3
   1 4 4 0 0 3 1 0 2 0 4 2 2 4 2 4 3 0 1 0 3 0 2 2 2 2]
  [0 0 1 3 2 0 2 0 4 3 2 0 1 1 0 0 3 1 3 4 1 3 0 3 1 2 0 1 0 4 0 2 0 4 2
   4 2 4 3 2 0 2 3 4 4 2 2 0 1 0 1 3 0 3 3 2 1 0 4 4 4]
  [0 0 1 0 0 4 3 2 2 1 4 1 4 4 3 0 1 1 3 4 1 0 2 0 1 2 2 0 4 1 4 2 3 1 4
   3 0 0 0 2 2 4 4 1 1 4 2 3 0 4 3 4 1 3 3 4 3 0 4 4 3]
  [0 0 2 0 3 1 2 2 0 3 0 1 0 3 1 0 0 1 2 4 4 3 2 2 0 3 4 1 3 1 2 4 0 1 4
   0 0 0 1 1 4 2 0 2 4 2 2 0 0 4 4 3 2 1 2 2 2 0 4 4 2]
  [0 1 3 1 1 3 2 2 3 2 0 2 3 0 3 1 1 3 4 3 3 4 0 0 1 0 2 1 2 4 3 2 2 3 0
   4 0 4 0 4 4 0 0 4 0 2 0 2 1 3 3 1 0 4 3 0 4 2 4 3 2]
  [0 4 3 0 4 3 1 3 1 4 3 2 2 1 4 0 1 1 0 4 1 2 1 0 3 3 0 1 3 2 4 4 1 4 1
   4 0 3 1 2 2 2 4 0 1 1 1 3 3 1 4 1 0 0 0 4 3 4 0 0 1]
  [0 1 1 3 3 2 0 0 2 0 2 1 4 2 4 1 3 2 1 0 1 2 4 3 3 4 2 0 4 4 4 1 3 3 0
   3 2 2 4 0 3 2 0 3 0 4 0 3 3 2 2 0 4 4 0 4 1 0 4 4 0]
  [0 3 4 1 4 3 0 0 2 2 2 4 2 1 0 1 1 1 1 2 0 1 2 4 0 1 0 4 0 0 4 0 0 3 4
   0 2 2 4 3 1 4 1 2 0 0 1 2 1 4 3 3 4 4 0 4 4 3 4 4 4]
  [0 0 3 3 3 0 2 3 3 0 1 0 4 3 1 4 4 4 3 1 3 0 1 2 1 1 2 4 4 0 3 0 1 0 4
   3 0 3 0 4 4 0 1 4 1 3 1 2 3 2 0 4 3 1 4 4 0 0 2 2 4]
  [0 4 3 2 3 1 1 3 1 1 2 2 4 4 2 4 0 2 0 1 0 2 3 0 1 1 3 2 0 3 0 1 2 2 1
   4 4 2 1 3 3 3 2 0 3 2 4 0 3 0 4 1 1 3 3 4 0 2 1 0 2]
  [0 1 0 1 0 2 0 3 1 2 2 4 1 1 0 4 2 0 2 4 3 0 0 0 2 2 4 4 3 0 2 0 1 1 0
   0 3 4 0 2 0 0 4 0 0 4 4 0 3 3 1 2 3 1 2 3 2 4 0 1 0]
  [0 3 1 0 1 3 1 3 4 4 0 0 2 0 4 2 0 3 3 0 1 3 3 2 3 1 3 4 0 3 1 2 0 3 3
   1 4 2 0 1 0 0 3 2 0 0 3 2 1 4 4 2 1 2 4 3 0 0 4 2 1]
  [0 1 1 1 1 3 4 0 4 1 2 3 4 2 3 0 0 0 3 2 2 0 3 4 4 4 3 1 4 0 3 2 4 0 0
   0 0 0 2 4 3 2 0 0 1 2 3 4 1 3 3 1 4 0 2 4 1 1 0 0 3]
  [0 1 2 1 4 4 2 2 4 0 1 1 4 0 0 3 1 4 3 3 0 2 4 4 1 2 0 4 1 0 0 2 2 0 0
   0 4 4 2 3 2 2 1 4 1 4 4 2 3 2 3 3 2 0 2 0 4 3 1 0 0]
  [0 1 3 2 4 2 2 2 2 2 4 2 1 4 2 1 1 4 4 0 0 4 2 3 4 3 4 2 1 1 0 1 2 1 1
   0 4 1 4 2 1 4 3 1 0 3 3 0 0 0 1 1 0 3 1 3 1 4 4 0 3]
  [0 3 3 4 4 0 2 2 0 3 4 4 2 0 2 2 1 3 3 4 2 4 3 1 4 3 3 4 3 0 1 3 3 3 4
   0 0 1 3 3 1 4 0 1 1 3 1 3 4 3 4 3 3 2 0 1 1 0 0 0 1]
  [0 1 3 1 1 4 2 3 0 1 4 0 4 1 2 4 0 0 2 0 1 1 3 1 3 4 1 0 0 1 3 4 0 4 1
   2 1 0 4 1 1 0 0 2 1 2 3 4 4 1 0 3 0 2 1 2 3 3 4 3 4]
  [0 3 3 0 4 3 3 1 1 3 3 3 3 2 1 4 1 1 0 1 3 3 3 3 2 4 0 1 0 2 3 0 4 3 0
   1 3 4 0 3 2 1 3 2 0 1 1 3 4 3 1 3 1 3 0 0 0 0 0 3 2]
  [0 0 1 2 4 0 2 4 4 1 2 1 3 1 4 2 3 4 2 1 4 1 2 4 1 2 2 2 1 2 4 4 4 1 4
   0 1 3 3 0 3 0 4 3 0 0 2 0 4 0 4 1 2 4 3 1 4 0 1 3 3]
  [0 2 2 1 3 1 1 4 2 4 2 2 0 3 3 2 1 3 3 1 1 3 1 2 0 0 3 1 3 3 2 3 2 3 2
   4 2 0 1 0 0 2 0 2 4 2 1 1 3 2 3 1 3 3 1 1 2 3 4 4 4]
  [0 3 3 0 1 3 3 1 1 1 1 3 0 4 4 1 2 0 3 2 4 4 1 2 0 4 3 2 2 2 1 1 4 2 0
   0 1 3 3 0 4 0 2 3 1 1 2 1 1 4 0 1 2 0 0 2 2 3 4 0 0]
  [0 3 2 2 3 0 4 2 4 2 0 0 2 3 3 1 2 0 1 4 3 2 1 1 3 0 3 4 3 4 1 1 4 0 0
   2 2 3 4 2 0 0 0 3 1 4 4 4 2 4 3 3 4 1 4 3 0 0 3 0 1]
  [0 2 2 0 2 1 0 1 1 1 3 4 1 4 3 1 2 0 2 2 3 3 2 0 3 3 3 0 1 2 2 0 1 3 2
   2 1 4 4 1 0 3 2 0 0 3 4 1 4 4 4 2 4 4 1 1 2 4 4 4 4]
  [0 4 3 4 3 3 1 2 1 3 0 2 0 1 3 1 1 3 1 2 0 0 4 2 0 3 2 2 3 4 1 3 2 3 0
   1 2 3 3 3 1 1 4 3 0 4 0 3 0 4 0 3 0 1 1 2 2 4 0 2 4]
  [0 3 1 1 4 3 0 3 4 4 2 0 4 2 4 4 1 3 0 2 1 4 1 2 4 2 3 1 0 3 4 4 4 4 4
   0 4 1 0 1 1 4 1 1 0 0 1 2 0 1 0 2 2 0 3 4 2 4 1 0 0]
  [0 1 0 2 2 4 0 4 1 0 0 0 3 4 1 2 2 2 1 0 1 0 1 1 3 3 4 2 2 1 1 4 3 0 3
   1 0 4 2 2 0 1 0 2 4 4 0 1 1 0 2 3 1 0 0 2 2 4 1 3 0]
  [0 2 4 1 1 2 3 0 1 2 3 4 0 2 3 1 4 0 1 3 2 3 0 3 3 4 4 3 1 4 4 4 3 3 3
   3 1 4 2 1 0 2 1 3 4 2 3 0 0 1 1 1 3 1 0 0 3 2 1 1 3]
  [0 3 3 3 4 3 1 1 0 0 1 0 3 2 4 1 1 0 2 1 3 2 1 0 3 2 4 3 2 1 4 3 0 0 4
   1 4 2 1 2 0 2 1 0 0 2 4 4 0 1 4 0 1 2 0 0 4 4 3 4 2]
  [0 0 1 4 1 2 3 0 1 2 0 2 0 3 4 0 3 4 0 2 2 1 3 0 0 0 3 3 0 2 3 3 3 1 0
   3 3 4 2 0 2 3 1 1 1 3 0 4 4 0 1 1 3 3 4 0 2 0 0 4 4]
  [0 0 2 0 3 4 4 0 3 0 4 2 4 1 2 0 0 0 4 0 1 1 1 4 1 1 2 2 3 1 4 4 1 0 0
   2 0 1 4 3 1 0 4 0 2 4 1 0 0 1 0 4 4 2 2 4 4 1 3 4 2]
  [0 1 2 1 3 2 2 2 4 4 3 0 2 1 4 1 2 3 4 2 4 4 2 0 0 3 4 4 4 1 4 0 3 4 4
   0 2 3 1 0 0 2 0 3 2 3 4 3 2 1 3 0 0 4 0 0 4 4 0 4 1]
  [0 1 3 1 4 3 0 1 0 3 1 1 3 0 1 4 3 3 2 0 0 0 3 0 2 3 1 2 0 4 4 0 4 3 4
   0 3 2 1 3 0 2 0 2 3 0 3 3 2 4 1 0 0 3 3 1 3 1 4 2 3]
  [0 2 0 0 1 1 0 1 0 4 0 0 4 1 0 4 4 0 3 2 4 3 2 2 2 3 2 0 4 3 0 0 1 1 1
   0 4 1 4 0 0 0 3 2 1 0 2 3 4 1 0 4 0 0 1 1 2 0 0 4 0]
  [0 2 2 4 0 4 3 3 4 2 2 4 1 4 0 0 4 4 0 3 4 4 1 3 0 1 2 3 3 1 3 2 4 0 4
   0 4 1 4 1 0 4 2 1 4 2 3 2 1 4 2 4 0 3 0 2 4 4 0 2 0]
  [0 4 2 1 3 0 4 3 4 2 0 4 3 4 0 4 1 2 3 4 3 0 1 3 1 1 4 1 3 4 2 0 3 2 4
   0 3 1 0 4 1 0 2 2 4 0 0 4 0 2 0 0 4 1 2 0 2 1 4 2 2]
  [0 1 3 3 4 4 1 3 4 0 3 2 4 0 2 1 3 0 2 3 2 1 4 0 2 1 1 0 3 4 4 3 0 3 2
   0 4 2 4 4 1 4 0 4 0 0 0 1 3 4 0 0 0 1 1 2 0 2 2 2 4]
  [0 1 0 3 3 0 1 0 1 4 4 2 3 1 0 0 3 3 0 4 4 0 2 0 3 3 3 4 2 4 2 1 3 3 3
   4 1 0 4 3 1 3 0 4 3 4 4 0 2 4 3 2 3 4 1 3 3 0 4 1 0]
  [0 3 4 0 1 3 1 2 2 2 4 4 4 0 1 0 3 2 0 3 1 3 4 4 3 1 3 3 3 4 1 0 3 4 3
   3 4 3 1 0 2 1 1 4 0 0 0 2 4 0 4 3 1 3 0 0 1 2 0 2 1]
  [0 4 3 4 3 1 0 1 4 1 2 4 0 3 1 0 1 4 3 2 2 1 2 2 0 0 2 1 3 2 4 2 0 4 1
   4 3 1 4 2 4 0 4 0 2 2 2 3 3 1 0 2 3 3 0 2 0 2 4 0 0]
  [0 2 3 0 3 3 2 3 0 1 4 0 2 2 0 0 3 0 2 0 4 1 4 0 4 0 0 1 3 1 1 0 4 0 4
   0 2 2 1 1 3 4 1 3 2 2 3 0 0 2 3 2 3 3 2 4 3 1 1 3 0]]

 [[0 1 0 0 4 3 4 2 2 0 2 3 4 1 1 4 0 1 0 1 3 1 0 2 4 0 3 1 2 0 3 2 4 0 2
   0 1 3 0 1 1 2 1 2 2 4 4 1 1 0 1 1 0 0 4 1 2 1 1 3 1]
  [0 0 0 3 3 0 2 4 3 2 3 0 1 0 2 0 2 3 0 0 2 2 4 1 3 4 2 0 0 0 0 1 0 4 1
   1 2 3 1 3 4 1 2 1 0 1 1 0 3 1 2 1 3 0 3 3 4 4 3 4 4]
  [0 4 0 3 4 4 4 0 4 1 1 3 2 3 4 2 4 3 0 2 4 3 3 4 0 2 3 0 0 3 4 0 3 3 2
   2 4 2 3 4 4 0 0 3 2 0 0 3 4 3 2 3 4 2 2 1 3 3 4 1 4]
  [0 0 2 0 2 4 2 0 3 2 0 3 1 4 1 4 3 4 1 0 3 4 3 2 4 0 3 0 1 2 0 1 1 0 3
   2 1 0 0 1 0 0 4 2 0 4 0 0 4 0 4 0 4 4 1 0 1 4 4 2 3]
  [0 4 3 0 0 3 1 3 1 0 4 0 1 1 1 1 4 4 3 3 2 1 1 2 2 4 1 4 4 0 0 1 3 4 4
   0 4 2 4 2 3 3 1 1 1 1 3 0 2 2 3 3 1 2 3 0 4 3 1 3 2]
  [0 3 3 4 2 0 0 1 1 1 1 4 3 2 4 3 3 1 1 4 4 1 4 2 4 3 3 0 3 2 4 0 2 2 0
   3 2 0 3 2 4 0 1 1 0 0 2 0 2 1 4 3 1 4 4 2 2 2 0 3 0]
  [0 3 4 4 2 2 0 3 4 0 0 3 0 0 3 2 3 3 2 0 0 3 3 4 1 1 4 3 3 0 1 2 2 3 0
   1 4 4 1 2 2 2 4 0 4 4 1 4 0 3 1 1 4 2 2 0 3 3 1 2 1]
  [0 2 3 1 1 3 2 0 3 3 4 2 3 2 1 2 3 1 2 2 0 3 3 3 4 2 0 1 4 2 0 1 1 4 2
   4 0 2 3 1 3 0 3 4 4 2 4 4 3 1 0 4 2 0 3 4 0 1 4 3 3]
  [0 0 4 2 4 3 3 3 0 4 0 4 2 4 1 4 4 2 4 2 2 0 3 3 1 2 3 2 1 3 3 1 3 0 2
   0 2 4 2 1 0 0 1 1 2 4 3 3 0 0 3 2 4 0 2 4 0 0 0 4 1]
  [0 4 0 3 3 3 4 3 4 0 0 0 4 2 1 3 0 4 3 2 1 3 0 2 4 4 4 0 0 4 3 0 2 4 0
   1 2 0 2 0 0 3 4 3 2 3 1 2 0 1 4 4 4 0 3 4 4 2 4 0 4]
  [0 1 4 3 2 2 4 2 0 2 0 2 1 3 0 1 0 4 1 1 2 3 3 1 2 1 2 1 2 4 3 1 3 4 3
   3 3 4 3 0 2 1 2 3 1 4 3 2 1 3 1 0 1 2 0 1 0 1 0 3 0]
  [0 4 2 3 1 0 4 2 3 4 0 0 3 3 0 0 4 0 3 4 0 1 3 0 2 1 0 3 0 3 2 4 0 3 3
   0 2 0 3 2 3 4 3 2 2 3 2 3 0 3 2 3 4 3 2 4 4 2 1 3 0]
  [0 4 3 2 2 0 1 1 2 2 0 1 0 3 1 0 2 3 4 1 2 2 0 3 4 1 2 0 1 2 0 3 1 1 4
   1 1 2 2 4 1 0 2 1 0 4 0 1 2 0 1 2 2 0 3 2 3 0 4 0 0]
  [0 0 0 2 4 2 4 0 2 2 0 3 3 0 3 2 4 1 0 2 0 2 3 0 0 1 0 0 2 2 4 2 0 1 3
   2 4 0 4 2 1 1 0 1 2 4 4 0 3 2 1 0 3 2 3 4 4 0 4 0 1]
  [0 1 1 2 3 0 1 1 4 4 3 4 0 0 0 3 4 2 4 0 3 1 3 4 2 0 2 2 1 2 2 1 0 1 3
   2 0 1 3 2 2 4 1 0 1 2 2 4 4 3 3 0 2 0 2 1 4 1 0 4 3]
  [0 1 2 1 4 2 2 3 3 0 0 0 4 0 3 0 0 2 0 2 4 4 4 2 4 3 1 3 3 2 3 4 4 2 3
   2 0 4 4 0 2 1 3 0 2 3 1 3 0 4 1 2 1 3 1 2 1 0 4 0 3]
  [0 3 0 2 1 2 0 0 1 2 2 4 4 1 2 4 0 1 4 2 0 0 4 2 2 4 3 3 1 4 0 2 1 2 3
   2 0 1 2 3 4 2 2 0 3 4 2 3 2 3 1 1 3 2 0 4 2 3 3 0 1]
  [0 1 0 4 3 3 1 4 0 0 4 1 3 3 3 4 1 0 0 2 4 3 3 2 3 0 0 1 0 4 3 4 3 0 0
   2 4 3 1 0 2 2 2 4 0 3 1 4 4 1 4 1 2 1 2 3 3 1 1 4 0]
  [0 1 2 2 1 4 1 4 1 2 0 2 0 0 0 0 4 0 0 4 2 2 4 3 2 2 4 0 0 0 1 0 1 4 4
   4 1 4 4 3 2 0 3 4 0 3 2 1 2 3 3 0 3 4 4 1 3 0 4 3 4]
  [0 4 1 1 2 2 0 2 1 1 1 4 0 3 0 3 1 2 2 0 0 4 1 2 1 0 4 4 4 4 1 4 1 1 4
   0 4 2 1 1 4 2 0 3 4 2 3 2 3 3 3 3 1 2 0 2 2 1 4 4 0]
  [0 4 4 2 4 2 4 2 0 4 1 3 2 2 2 0 2 4 0 4 0 1 2 1 2 3 3 0 0 0 1 4 1 3 2
   3 1 1 0 2 0 2 2 2 2 3 1 1 2 1 4 2 4 1 0 2 3 1 4 1 0]
  [0 4 0 3 0 3 1 3 1 0 3 3 1 2 2 1 3 0 1 0 4 0 4 2 4 0 4 0 1 2 4 3 4 4 3
   3 0 1 3 2 1 3 1 2 2 2 2 1 0 4 4 3 2 3 2 0 1 4 2 0 0]
  [0 2 1 4 2 0 3 4 0 2 3 3 4 4 0 4 3 4 3 3 4 0 0 1 4 4 2 4 3 1 2 4 0 2 0
   4 4 2 4 3 0 4 0 3 1 0 0 1 4 3 3 3 4 1 4 2 1 3 3 3 1]
  [0 3 3 0 2 3 1 2 3 2 3 3 2 4 0 2 3 2 2 4 1 2 2 0 0 1 2 0 4 0 0 1 2 4 3
   3 1 2 4 1 0 1 4 3 1 3 4 4 1 3 4 0 3 2 0 3 3 3 1 1 1]
  [0 4 1 2 0 2 1 0 3 4 2 3 0 3 0 4 0 0 4 2 2 3 4 0 0 1 0 4 1 4 0 1 1 3 3
   4 4 4 0 2 1 3 2 4 0 0 3 3 0 2 1 0 4 1 3 4 1 0 4 0 2]
  [0 1 0 0 1 4 0 1 4 1 3 1 3 0 4 3 1 3 1 4 0 3 2 1 0 0 2 4 0 2 1 3 3 1 2
   0 2 3 0 0 4 2 1 4 2 2 1 2 0 0 0 2 3 4 4 4 2 2 3 2 4]
  [0 1 3 1 0 2 3 1 3 0 4 1 2 0 2 0 2 2 4 1 0 0 4 0 3 2 0 3 4 4 3 2 4 4 1
   0 4 1 1 3 2 1 0 0 4 0 4 0 2 4 4 4 2 4 0 2 1 1 2 0 0]
  [0 1 1 0 4 2 2 3 1 2 0 3 1 0 3 4 0 3 2 3 3 4 1 2 4 2 2 0 4 3 3 2 3 2 3
   4 1 4 1 1 2 4 2 1 0 0 0 2 4 3 1 2 3 0 2 1 4 2 3 3 2]
  [0 0 4 3 2 2 2 4 1 0 0 0 2 2 4 4 1 3 2 2 0 3 2 1 0 3 3 0 0 0 3 1 4 1 0
   1 1 2 1 1 1 1 1 3 2 0 1 2 2 3 4 2 3 4 1 0 4 3 4 2 1]
  [0 4 3 4 3 4 4 1 1 0 4 2 1 2 2 0 1 4 0 1 3 3 4 0 3 3 3 1 2 0 4 1 1 2 4
   3 3 1 1 4 1 4 0 3 4 3 2 0 0 0 2 2 4 4 1 1 4 4 3 3 2]
  [0 1 4 0 3 2 2 2 2 2 0 0 1 4 0 1 0 4 2 1 4 2 3 1 3 3 1 0 3 2 0 2 1 3 0
   4 2 0 0 0 0 1 2 4 0 4 2 1 3 4 0 3 1 2 1 2 4 1 4 2 3]
  [0 3 2 3 0 4 1 2 4 0 4 0 2 2 2 1 4 2 4 4 4 4 0 1 1 4 4 4 4 4 1 0 3 1 4
   0 0 1 2 0 0 4 0 3 4 0 2 1 1 2 4 1 0 0 0 2 1 1 3 1 4]
  [0 1 1 3 4 3 4 3 3 2 3 1 4 3 2 4 2 4 1 2 1 0 1 3 2 0 0 0 3 2 4 3 0 3 0
   1 3 2 4 1 4 2 4 0 0 1 4 2 4 0 4 3 3 2 1 1 4 0 2 3 1]
  [0 0 0 1 1 0 2 1 3 2 0 1 4 2 4 4 1 3 1 3 2 0 4 0 1 4 2 0 2 1 1 1 4 0 1
   4 1 2 3 1 0 0 3 2 1 4 4 4 4 0 3 0 2 3 4 2 0 3 2 1 3]
  [0 4 3 3 1 1 4 3 2 3 3 0 2 2 0 4 2 1 0 2 2 4 2 0 4 3 2 0 1 3 3 3 4 4 0
   0 1 1 4 1 0 0 4 2 1 2 4 3 3 3 0 3 3 2 0 0 1 4 3 0 1]
  [0 2 2 0 3 3 0 0 0 2 3 3 3 4 3 1 1 4 0 4 1 2 2 1 3 1 0 0 3 4 1 0 2 4 0
   0 1 2 1 4 1 1 4 2 1 4 0 3 1 1 2 2 1 4 0 1 0 1 2 4 0]
  [0 2 0 2 1 2 2 3 2 2 4 0 3 4 2 4 0 0 3 2 4 3 0 4 1 4 2 4 0 0 3 1 0 4 2
   4 0 1 3 3 1 2 1 2 3 2 2 1 4 4 2 0 1 4 0 1 3 2 2 1 0]
  [0 2 2 2 4 3 0 2 1 0 2 1 2 4 4 2 1 0 0 3 3 0 3 2 3 0 1 3 1 2 1 2 1 0 3
   4 3 0 1 1 0 1 2 2 2 3 4 1 3 1 2 4 2 0 1 2 0 3 0 4 2]
  [0 4 2 1 2 1 4 4 2 4 3 3 0 2 3 3 0 0 0 0 3 0 2 4 0 4 4 4 4 2 2 0 4 2 0
   3 2 4 0 4 3 4 1 4 0 2 4 1 3 2 2 2 2 1 1 1 3 4 3 2 3]
  [0 0 4 0 1 1 1 3 3 3 0 2 4 0 2 0 1 3 4 4 3 0 4 0 3 2 0 2 2 4 1 2 2 1 1
   1 1 1 0 0 2 3 1 1 3 2 1 4 0 2 0 3 2 3 1 1 3 4 2 3 4]
  [0 0 0 0 1 2 1 3 0 3 0 4 1 3 0 2 0 2 4 3 3 4 1 2 0 2 1 3 0 2 2 4 2 2 3
   0 4 1 0 2 0 3 3 3 0 4 2 2 1 4 2 3 2 1 0 2 4 0 0 2 4]
  [0 3 1 3 3 2 1 2 2 0 3 3 1 4 3 4 0 0 1 0 0 4 3 1 4 0 0 3 0 4 2 3 0 4 3
   0 2 2 3 0 3 0 4 4 1 4 2 3 2 2 3 1 0 2 2 2 3 1 0 3 2]
  [0 3 4 2 2 3 1 0 0 1 3 1 1 1 4 3 4 0 4 1 0 1 1 3 4 2 3 4 0 4 3 3 3 4 0
   1 1 4 0 0 3 0 0 0 2 3 1 1 2 3 4 4 3 0 0 1 3 0 4 2 4]
  [0 3 0 1 3 2 2 0 3 3 2 3 1 2 3 1 4 4 4 1 2 0 0 0 4 3 0 1 4 2 4 0 4 1 1
   3 4 4 0 4 0 2 3 0 2 1 0 1 1 3 3 3 4 0 2 4 0 0 0 2 1]
  [0 3 2 4 3 2 0 1 4 2 1 4 2 3 1 2 1 2 1 0 1 4 2 2 3 3 1 2 3 1 1 4 2 2 3
   0 3 2 2 4 2 2 3 4 0 2 0 1 4 1 1 2 3 1 3 1 1 1 4 3 4]
  [0 2 2 1 4 3 4 2 0 4 2 0 1 1 4 2 4 4 0 2 0 1 4 2 2 1 1 3 1 1 1 3 1 0 4
   1 1 0 0 4 0 3 1 2 0 0 1 4 1 3 4 1 3 0 0 0 3 1 2 4 1]
  [0 1 1 3 3 3 1 4 1 4 2 1 0 1 1 2 4 1 3 1 2 2 0 1 3 3 2 0 0 4 3 1 2 4 1
   3 4 0 1 0 3 3 4 4 4 0 0 0 3 2 0 1 2 1 1 4 3 3 1 4 3]
  [0 1 2 1 0 0 1 0 4 3 2 0 1 0 4 2 1 2 1 1 0 1 4 3 3 0 1 1 3 0 0 2 3 1 2
   3 4 4 1 2 4 2 4 3 0 0 3 0 2 1 2 4 2 2 2 1 2 0 2 1 2]
  [0 1 2 2 1 0 4 3 4 2 2 4 1 2 4 0 0 2 0 4 0 0 3 3 1 0 4 2 3 1 1 1 4 0 0
   2 4 3 4 2 1 1 2 1 1 1 1 1 0 4 3 1 3 2 3 0 4 3 3 0 1]
  [0 3 3 1 3 2 0 4 0 2 1 4 1 3 2 3 4 1 0 1 1 1 3 3 2 4 2 2 2 0 0 3 4 0 0
   1 1 3 1 3 4 2 4 1 0 0 4 1 3 0 3 2 1 4 1 0 3 3 2 4 1]
  [0 0 4 1 0 1 4 0 0 4 0 2 0 1 0 2 4 1 0 4 1 1 3 2 3 0 0 4 1 1 3 1 4 1 3
   4 0 4 3 1 1 4 0 4 2 4 2 1 3 2 0 1 3 1 2 3 1 1 3 0 0]
  [0 0 3 1 4 0 4 2 1 2 0 2 0 3 2 3 3 3 2 4 0 2 4 4 4 3 0 1 4 3 4 2 3 2 0
   3 2 0 3 2 0 3 4 2 3 0 4 2 3 3 1 0 3 3 2 2 3 4 3 1 1]
  [0 3 3 4 3 2 2 4 1 2 3 1 3 4 1 1 1 3 0 1 0 3 1 4 2 1 2 1 2 4 3 4 0 1 4
   3 4 2 4 2 1 0 3 3 4 4 0 2 4 3 2 3 0 2 2 3 2 4 1 0 0]
  [0 3 1 2 3 0 0 4 3 2 1 4 4 3 1 1 0 1 0 2 3 4 4 2 3 1 0 1 4 0 3 2 3 4 4
   1 4 1 1 4 0 1 1 1 3 4 0 4 0 0 2 2 2 0 2 3 1 2 2 1 3]
  [0 3 4 2 3 1 1 3 1 3 1 2 3 0 1 4 4 4 3 4 3 0 2 2 4 3 3 3 0 0 0 4 1 3 4
   3 3 1 0 0 0 3 0 4 0 2 2 1 4 4 1 2 0 2 0 0 1 3 3 1 4]
  [0 3 2 3 0 4 0 0 1 2 2 3 0 0 2 4 1 0 2 1 1 1 4 2 3 3 4 2 4 1 1 2 2 1 2
   4 3 4 0 4 1 1 3 3 2 0 3 1 3 2 0 2 2 3 2 0 0 2 1 1 4]
  [0 3 4 2 0 3 3 4 0 4 4 4 0 3 3 0 3 1 2 4 1 1 1 0 3 1 0 1 0 2 3 3 2 0 0
   3 0 2 3 2 1 4 3 0 4 1 4 0 0 3 3 1 4 1 4 3 0 0 2 4 4]
  [0 3 3 0 1 3 3 3 0 4 4 2 3 4 4 4 2 2 4 2 1 1 4 0 1 4 2 3 1 2 1 3 2 1 1
   0 3 0 4 2 1 1 2 1 4 1 0 0 0 4 4 4 2 0 1 3 0 0 1 3 0]
  [0 4 2 0 0 4 3 3 1 3 4 1 2 3 1 2 3 3 1 4 4 2 1 0 0 0 4 1 1 4 0 1 3 0 0
   4 2 4 2 1 0 3 1 4 2 1 0 3 3 4 3 1 1 1 4 3 4 2 0 0 2]
  [0 4 2 2 4 4 0 1 0 1 3 4 2 2 0 3 1 4 4 2 1 0 4 0 2 0 1 2 0 2 0 1 2 1 2
   4 4 3 1 3 3 3 3 4 1 4 1 4 0 2 1 1 0 3 4 1 2 3 1 0 3]
  [0 0 3 3 1 4 2 0 4 1 1 4 4 2 2 1 2 3 4 4 2 1 1 1 3 2 0 3 2 4 3 0 2 4 2
   0 3 3 1 2 0 1 3 0 3 1 2 4 3 3 2 4 0 0 1 0 4 4 1 3 0]]

 [[0 4 3 2 0 4 0 1 4 3 4 2 3 4 0 4 1 1 4 4 1 3 4 0 2 2 0 2 1 2 3 2 1 1 1
   1 0 1 1 1 1 1 1 0 2 3 0 3 0 2 2 2 4 1 1 0 3 2 1 2 0]
  [0 0 0 1 4 4 3 2 0 2 4 1 3 2 4 3 3 4 3 3 3 2 3 3 3 1 4 2 2 2 0 0 0 3 3
   3 0 0 0 2 0 1 4 1 0 3 0 2 4 2 1 3 0 4 3 0 0 2 2 2 3]
  [0 2 0 0 4 2 4 0 1 2 3 4 0 2 4 0 0 3 3 4 4 0 0 3 3 4 3 1 3 0 2 1 2 0 1
   3 2 0 4 0 3 3 1 3 0 2 2 3 0 4 0 1 4 1 0 3 1 2 2 3 0]
  [0 1 4 0 2 3 0 1 1 4 0 0 1 3 3 0 2 2 3 1 0 3 3 3 2 2 4 2 1 1 3 0 4 0 1
   0 3 1 2 1 1 2 4 3 4 2 2 2 2 2 0 1 2 4 0 4 1 0 4 0 1]
  [0 2 2 1 0 4 2 0 3 0 3 3 0 3 3 3 3 2 0 3 0 0 2 0 2 4 2 2 4 4 1 1 2 1 1
   1 3 3 4 3 4 4 4 4 2 3 0 0 3 3 4 1 3 0 1 3 1 2 1 2 0]
  [0 4 4 0 3 0 3 3 0 2 0 0 3 2 4 4 1 4 4 4 2 2 1 4 2 0 0 2 4 0 4 3 1 2 0
   3 4 3 2 4 1 2 2 3 1 0 3 0 0 2 4 4 4 4 4 3 3 1 2 1 4]
  [0 4 3 2 3 1 0 1 0 1 2 0 1 1 0 2 4 0 4 2 0 3 4 1 3 1 3 2 4 0 1 0 0 0 0
   4 3 4 1 1 0 1 2 2 4 1 0 1 4 2 1 4 3 1 1 4 3 1 4 2 3]
  [0 1 0 4 2 2 4 0 0 2 2 3 1 2 4 1 3 2 2 1 3 1 4 2 3 2 2 0 4 0 1 2 1 1 2
   2 1 3 4 1 1 2 4 4 0 4 3 2 0 1 4 3 3 2 3 2 2 3 1 1 4]
  [0 2 4 1 1 4 0 1 0 4 3 0 1 3 3 0 1 2 4 4 1 3 0 3 3 3 0 3 2 0 3 2 4 2 0
   3 1 0 0 4 3 3 3 4 3 4 1 3 0 0 0 3 4 1 1 2 3 0 1 3 2]
  [0 1 4 2 1 1 1 0 2 0 0 1 4 2 2 2 0 0 4 1 1 0 3 3 4 1 1 0 0 4 1 1 3 4 2
   2 4 0 3 1 2 2 3 1 0 1 0 0 0 1 2 2 2 2 4 0 2 4 3 0 0]
  [0 0 1 0 0 3 3 4 1 1 0 0 0 2 2 2 1 3 1 4 1 3 1 1 2 3 1 0 4 3 4 1 4 2 4
   3 1 4 0 2 4 3 3 2 0 3 0 0 2 1 0 0 1 2 1 4 3 1 2 1 2]
  [0 3 0 4 4 4 2 2 1 0 2 0 2 4 3 4 0 4 2 0 0 2 2 3 0 4 0 2 1 2 3 1 0 3 2
   2 3 1 1 0 2 3 3 1 2 2 2 3 1 0 2 0 3 2 2 4 2 1 3 0 0]
  [0 3 3 0 2 3 1 0 2 0 0 3 0 3 1 2 0 4 3 3 1 0 1 2 1 4 4 3 2 3 0 1 4 2 0
   2 2 3 0 3 0 3 4 0 3 1 1 2 2 2 0 2 1 0 0 0 4 2 3 0 4]
  [0 3 1 0 2 0 2 4 4 3 0 2 3 0 4 0 4 1 3 0 3 2 2 3 3 3 0 3 1 3 0 1 3 1 4
   4 0 1 2 4 3 1 0 2 3 1 1 4 1 1 4 0 0 0 4 2 2 4 4 1 4]
  [0 4 3 0 2 3 3 3 3 4 2 4 1 1 0 1 4 3 1 0 2 4 0 4 4 3 0 0 0 2 3 3 0 1 0
   2 4 3 4 2 4 3 1 1 1 2 4 3 4 4 4 4 3 4 0 3 4 4 3 4 0]
  [0 0 4 4 1 1 2 0 0 4 0 4 2 4 3 0 2 0 4 0 0 1 1 1 3 3 1 1 1 4 2 1 1 4 1
   1 0 0 2 2 3 4 4 1 1 1 3 2 4 3 1 1 0 2 1 1 2 2 0 4 2]
  [0 0 0 1 4 3 3 4 1 0 1 4 2 2 2 2 0 0 4 2 0 1 3 2 1 2 2 2 0 3 2 2 0 3 4
   0 4 0 1 0 0 3 4 4 2 0 1 2 2 4 3 3 1 3 1 3 3 2 2 2 4]
  [0 4 0 2 2 3 4 0 2 4 0 0 0 3 3 2 4 0 1 0 0 4 1 0 1 4 0 3 0 3 2 0 1 4 3
   3 3 0 0 0 3 4 0 2 2 4 1 1 2 2 3 1 3 2 4 0 1 3 0 2 1]
  [0 0 3 2 3 1 2 1 4 2 2 3 3 4 4 4 1 2 0 1 4 0 2 1 4 2 3 0 0 3 2 3 0 4 4
   0 4 4 0 4 0 3 1 2 0 2 2 2 3 3 3 1 0 4 3 4 4 3 3 1 0]
  [0 3 4 4 3 1 4 2 3 2 2 4 4 1 4 3 2 2 3 0 3 0 0 2 2 1 1 1 3 4 1 4 2 4 1
   2 1 0 3 2 2 4 3 2 3 4 4 2 1 1 3 1 3 3 2 1 2 0 1 1 2]
  [0 0 1 4 4 1 3 0 3 2 3 2 4 0 3 4 1 0 1 1 0 3 0 1 1 3 0 2 1 3 4 4 4 2 4
   1 4 0 4 1 1 2 1 1 0 1 4 2 0 1 4 4 0 0 2 2 3 2 4 1 1]
  [0 2 2 2 3 0 4 0 3 1 2 1 4 2 3 4 2 2 2 2 1 0 0 1 1 3 2 2 4 2 4 4 0 1 3
   2 0 2 1 1 2 0 1 2 2 0 2 2 4 0 3 4 4 4 1 3 0 1 1 1 2]
  [0 3 0 4 0 4 2 0 1 0 0 3 1 1 1 0 3 3 3 3 2 4 0 3 3 0 0 0 4 1 4 2 2 0 0
   4 3 2 3 0 4 3 4 3 0 4 4 1 4 4 1 3 0 2 1 0 1 3 2 4 2]
  [0 3 4 2 2 2 3 1 3 2 1 1 1 0 1 2 3 0 4 1 2 4 2 0 2 4 2 0 2 0 0 1 3 0 2
   4 2 0 2 2 1 2 1 1 3 0 3 4 4 1 3 1 0 2 4 0 0 0 3 3 3]
  [0 0 2 4 2 0 4 1 2 1 4 1 1 0 1 4 2 2 0 0 4 1 0 3 0 1 4 3 4 2 1 3 3 4 4
   3 0 3 2 0 2 0 2 2 4 3 1 4 1 4 3 0 0 2 0 3 3 3 4 0 4]
  [0 0 3 4 1 3 3 0 1 0 2 4 3 3 2 3 1 3 4 4 0 1 4 2 4 0 4 4 4 4 0 1 0 3 3
   2 3 3 4 4 2 0 2 0 2 3 0 2 1 0 0 1 0 4 1 0 1 2 4 0 1]
  [0 3 1 1 3 4 4 1 3 1 3 4 1 4 1 0 0 0 1 1 4 4 4 1 4 1 0 4 2 0 1 1 2 4 1
   3 0 4 0 1 2 3 4 4 4 2 0 0 1 0 3 1 2 0 1 1 4 3 1 4 1]
  [0 2 1 1 4 3 4 0 4 2 2 4 3 1 0 2 1 1 4 0 1 1 2 2 4 4 4 0 0 1 1 1 3 1 4
   1 2 1 4 4 3 1 0 2 0 4 0 1 0 3 4 4 4 3 3 2 4 0 3 1 0]
  [0 0 3 1 1 1 2 2 4 4 3 0 1 2 4 1 4 1 1 2 2 0 1 0 2 3 4 1 0 1 3 4 2 3 1
   0 0 2 3 0 0 3 2 1 4 4 1 2 1 1 3 3 2 3 0 1 2 3 3 3 0]
  [0 0 1 0 1 1 2 3 3 4 4 0 2 4 1 2 2 1 4 2 2 0 4 4 3 4 1 0 0 0 0 1 1 3 4
   4 1 3 2 2 2 1 2 2 0 1 1 0 3 2 2 0 2 3 2 4 3 3 2 3 2]
  [0 0 3 3 2 3 3 2 4 2 1 2 3 0 2 0 0 0 0 1 0 1 1 3 4 2 3 4 2 2 0 2 0 4 2
   1 1 0 2 0 2 2 3 4 4 0 3 4 3 0 0 3 4 3 2 4 1 1 3 2 2]
  [0 0 4 2 3 4 3 0 0 2 2 2 0 0 4 1 3 3 1 4 2 1 2 3 2 1 1 1 2 2 4 0 4 3 3
   0 4 2 0 4 4 0 1 4 4 2 1 2 0 2 3 2 0 1 4 1 1 3 2 1 4]
  [0 4 3 1 2 0 0 2 1 0 2 2 2 0 2 2 1 0 1 1 4 0 2 4 3 3 1 0 2 3 2 0 0 4 0
   1 0 0 3 3 2 0 1 1 2 4 4 3 0 3 1 2 4 2 3 2 4 3 3 1 4]
  [0 1 1 2 2 0 3 3 3 3 1 2 2 1 0 4 0 2 0 2 1 2 4 4 0 3 1 3 4 4 3 3 4 0 2
   3 2 3 1 4 4 0 0 4 4 2 3 4 1 1 0 3 3 1 0 0 3 1 0 2 0]
  [0 0 1 4 2 2 3 0 3 3 1 1 3 4 0 3 2 4 4 2 1 4 0 3 0 1 1 4 3 0 2 3 2 0 0
   0 3 1 3 1 0 4 1 0 2 1 1 3 3 4 3 1 2 4 1 2 4 1 3 2 2]
  [0 4 4 3 3 0 1 1 3 0 0 2 2 0 2 4 2 1 1 1 3 3 3 2 1 4 0 3 0 3 3 4 1 3 2
   0 4 3 1 2 2 0 3 1 0 0 4 0 3 0 2 2 0 1 1 0 0 0 4 1 3]
  [0 0 3 4 0 0 2 0 1 1 4 1 1 3 1 3 2 2 1 2 3 1 2 0 2 2 1 2 2 0 4 4 2 1 4
   2 0 3 1 2 2 3 1 3 2 2 1 3 4 1 1 4 0 0 4 0 3 1 4 1 3]
  [0 2 4 4 3 1 4 3 4 2 4 0 4 0 1 1 3 1 4 1 2 4 4 2 1 0 3 3 0 1 0 2 1 2 3
   4 0 0 0 1 1 1 0 2 1 4 3 2 0 0 2 4 2 1 1 0 0 4 4 4 2]
  [0 2 4 4 4 3 0 2 2 1 3 3 0 1 3 1 0 4 1 0 3 1 4 0 2 1 2 2 2 3 0 0 2 0 0
   3 1 3 0 1 3 1 1 4 4 1 4 4 2 3 1 3 2 4 2 4 1 0 2 2 0]
  [0 1 0 4 1 2 4 4 2 0 0 1 4 3 3 4 3 3 4 4 3 0 4 1 3 4 3 1 1 1 2 4 0 0 2
   2 2 2 1 0 3 4 3 2 2 4 0 4 1 2 1 4 0 1 2 3 0 4 2 3 2]
  [0 1 1 0 1 4 3 0 1 1 1 3 3 2 1 2 3 4 2 4 0 0 1 1 2 1 1 4 3 2 2 1 2 2 3
   2 2 4 0 0 0 0 1 1 0 4 1 4 2 3 0 3 2 2 3 3 4 1 3 2 4]
  [0 1 4 1 4 3 0 2 0 1 3 4 1 4 0 2 1 0 4 0 4 0 2 1 0 0 4 0 2 3 3 3 0 3 3
   2 1 0 1 3 0 0 4 4 1 0 2 2 4 4 0 1 3 4 1 4 4 0 1 0 0]
  [0 0 4 4 4 1 3 3 3 1 4 3 0 1 0 1 4 0 3 2 4 2 3 0 4 2 1 0 4 0 4 4 3 1 2
   4 2 1 0 4 3 4 0 2 3 2 1 3 2 2 3 1 1 3 4 3 2 3 4 4 3]
  [0 0 1 2 4 3 3 1 3 3 0 2 0 1 0 3 2 0 0 1 3 0 3 4 0 0 3 1 0 1 0 1 4 3 4
   4 3 1 0 4 2 2 3 0 3 3 0 2 4 0 3 3 3 0 3 0 0 4 2 3 4]
  [0 3 3 4 3 0 2 1 2 3 3 0 3 1 2 4 1 3 0 3 0 1 2 3 3 1 4 3 1 1 1 1 2 0 2
   4 0 1 2 1 0 2 1 3 0 0 2 4 0 1 0 2 4 2 3 1 3 3 3 0 3]
  [0 0 4 0 2 1 3 2 0 2 1 0 3 2 1 2 3 4 0 0 2 0 1 2 4 1 4 3 3 1 3 3 3 1 2
   1 3 4 2 3 3 1 2 4 4 0 3 0 1 2 2 0 2 3 0 2 0 0 2 1 2]
  [0 4 4 3 3 3 3 1 3 0 0 1 3 2 3 4 0 0 3 2 0 0 0 3 2 2 4 0 0 4 2 1 2 4 2
   2 3 0 3 0 0 2 3 2 0 4 0 3 2 2 1 4 4 1 3 4 2 1 0 1 2]
  [0 2 4 0 1 0 0 4 3 4 1 4 2 2 0 2 2 2 1 4 3 0 2 3 4 2 2 3 0 4 1 2 1 4 3
   1 1 3 1 1 3 0 1 4 4 1 2 0 1 4 1 2 1 0 3 0 4 1 3 4 1]
  [0 3 4 4 1 0 2 2 2 1 4 4 3 1 3 3 3 1 0 0 2 4 2 1 0 2 1 1 3 0 0 3 4 2 1
   4 3 1 3 1 4 0 4 3 0 2 2 3 0 4 3 3 4 0 1 1 3 4 0 4 2]
  [0 2 0 4 3 1 4 0 0 0 2 0 1 3 1 3 2 2 0 1 0 2 4 2 4 2 2 4 0 2 3 4 2 0 2
   1 0 3 0 0 2 1 1 4 4 1 4 0 2 0 4 1 3 2 0 4 4 4 3 2 0]
  [0 2 1 1 2 4 3 4 4 4 1 3 0 2 4 2 4 0 3 1 4 4 3 0 1 1 2 4 1 0 4 4 1 1 4
   1 4 1 3 1 1 2 4 0 0 4 1 1 0 2 0 4 4 1 0 1 2 4 4 2 0]
  [0 2 2 2 2 3 0 0 4 4 0 2 0 4 4 4 0 2 3 2 0 1 0 4 0 1 2 0 4 3 2 3 0 0 3
   0 3 4 1 0 0 3 0 4 4 2 2 1 2 2 3 0 1 2 0 3 1 0 3 4 2]
  [0 4 4 4 4 2 3 4 4 1 1 0 0 1 2 0 4 4 1 4 4 3 2 2 0 4 4 3 3 4 4 4 3 1 2
   0 0 1 1 2 3 0 2 4 4 3 3 2 3 4 2 0 0 1 4 0 3 1 3 2 1]
  [0 0 0 4 4 1 4 4 3 3 2 2 4 0 1 1 3 2 0 0 3 2 1 0 0 4 3 3 3 1 0 4 4 2 1
   0 4 1 4 4 0 3 0 0 3 3 1 4 4 3 2 0 0 0 1 4 3 1 3 1 2]
  [0 2 2 1 4 1 4 2 4 3 4 3 2 2 0 0 0 4 2 4 1 4 1 1 0 1 2 3 1 3 3 3 0 4 3
   3 0 3 2 0 3 1 0 3 1 3 0 1 4 4 2 2 1 4 0 3 4 4 2 2 0]
  [0 3 3 4 3 0 3 0 0 4 3 4 3 2 4 4 2 2 1 3 1 4 1 1 0 1 1 1 1 4 0 3 1 2 0
   1 1 1 4 0 2 0 1 3 2 4 1 4 4 3 2 4 3 2 4 0 3 3 0 0 0]
  [0 3 2 1 0 3 1 2 4 1 4 3 2 4 1 3 3 0 1 4 2 2 4 1 2 3 1 3 2 4 2 2 0 1 1
   3 2 1 2 1 3 2 1 0 3 2 0 0 4 2 4 2 3 4 3 3 0 2 3 0 0]
  [0 1 4 2 1 2 3 3 0 3 1 2 0 2 2 0 0 0 1 2 0 4 0 1 2 1 4 2 3 1 4 2 0 3 0
   4 4 0 4 2 2 2 3 3 1 3 0 0 3 0 0 3 3 3 2 4 1 0 4 2 1]
  [0 3 1 3 2 4 3 0 4 3 4 4 3 2 0 3 3 1 2 3 2 2 0 2 4 4 0 3 4 1 2 3 3 3 1
   2 0 1 0 1 4 4 3 2 4 0 2 2 0 3 3 0 3 3 0 0 4 0 0 4 4]
  [0 3 1 0 0 1 2 2 2 3 4 1 2 4 1 0 3 1 0 2 3 3 0 1 1 3 4 3 3 4 2 2 1 3 2
   4 2 0 3 1 3 0 2 1 3 2 3 2 2 3 0 4 0 4 0 2 2 1 4 0 2]
  [0 1 3 2 1 0 1 1 1 0 3 1 0 4 2 4 1 4 3 0 2 4 4 4 4 1 3 0 1 1 4 3 3 3 2
   3 3 0 3 1 1 3 1 2 0 1 4 4 1 3 4 4 4 3 1 4 0 1 0 2 0]]

 [[0 2 0 2 2 1 0 3 3 4 4 2 3 2 2 3 1 0 1 3 2 1 1 4 2 1 2 1 2 3 2 0 3 3 0
   2 0 1 4 2 4 0 3 4 0 4 2 1 3 4 3 1 1 4 3 4 0 0 0 3 2]
  [0 0 2 2 1 2 1 0 4 2 2 1 3 3 0 0 1 3 4 0 3 3 4 3 4 4 2 2 0 4 4 3 1 2 3
   3 1 4 2 0 0 3 2 3 2 0 1 0 0 4 4 3 3 2 3 2 0 3 4 0 1]
  [0 1 0 4 0 3 2 1 4 4 1 3 2 2 2 4 1 2 3 0 2 1 0 2 2 0 1 2 0 2 1 0 3 1 4
   2 2 4 0 1 4 0 1 1 2 1 2 1 2 3 2 1 0 3 2 2 0 4 2 2 4]
  [0 3 2 0 4 2 3 2 3 2 3 0 0 0 3 4 4 0 0 2 2 3 2 4 1 3 2 0 4 1 1 0 1 0 4
   2 4 3 2 2 4 3 4 2 2 1 3 1 2 3 1 0 3 1 1 1 4 3 3 3 4]
  [0 3 3 2 0 4 1 1 1 0 4 1 0 3 1 1 0 2 2 0 4 0 4 0 0 2 2 4 3 0 0 1 0 2 0
   2 0 4 0 2 3 4 4 1 3 0 3 0 2 1 4 2 4 1 4 2 2 3 3 4 4]
  [0 4 0 1 1 0 3 4 3 4 0 1 2 1 0 0 4 4 3 1 1 3 3 4 2 2 4 0 4 1 2 1 2 3 2
   4 0 0 4 1 4 1 2 0 2 4 1 2 3 3 2 2 4 1 1 4 0 4 0 0 0]
  [0 2 3 1 4 2 0 1 1 3 1 2 1 4 4 2 3 4 2 1 2 3 3 1 2 1 0 0 2 1 2 4 4 1 4
   2 1 0 1 1 2 2 0 2 1 4 3 0 2 0 1 3 1 1 2 0 2 3 2 0 3]
  [0 3 3 2 1 3 2 0 4 1 3 2 2 0 2 3 2 0 1 0 0 2 0 2 0 0 1 3 2 4 4 2 4 4 2
   1 2 4 0 1 3 1 0 0 0 1 2 1 4 2 0 4 3 2 1 3 2 4 0 0 4]
  [0 4 0 0 2 0 0 2 0 4 3 2 2 2 3 1 3 4 3 1 4 4 0 0 1 1 0 3 0 4 4 2 0 2 4
   3 1 2 1 4 1 2 0 4 0 4 1 0 0 0 4 4 4 0 2 1 0 1 2 3 0]
  [0 3 1 1 1 4 2 0 2 0 1 3 2 0 4 4 0 4 0 1 2 3 0 4 2 0 1 4 1 0 1 2 2 3 0
   1 0 0 2 0 3 1 1 2 3 3 4 1 4 3 0 2 0 4 3 2 1 1 3 3 2]
  [0 1 2 0 4 1 0 1 4 0 0 0 2 1 3 3 3 3 3 0 3 2 2 1 4 2 1 0 1 1 1 2 0 3 0
   3 4 3 4 1 1 2 1 2 4 3 3 1 1 3 3 4 0 2 0 2 0 1 0 4 4]
  [0 0 1 0 1 1 0 0 4 0 2 0 4 2 1 0 2 4 0 4 3 4 2 1 0 0 3 2 4 3 1 4 2 2 3
   0 0 4 2 1 1 2 1 3 2 2 2 4 3 4 2 1 1 0 3 4 3 4 4 1 4]
  [0 2 4 0 2 3 2 0 1 2 3 4 0 0 2 0 0 3 2 1 0 1 1 1 3 3 1 0 1 1 3 4 1 2 0
   3 4 2 1 0 0 1 2 4 4 3 1 0 0 0 0 3 1 1 2 0 3 1 2 3 3]
  [0 3 3 0 1 1 3 1 3 4 0 4 1 0 2 2 4 4 0 4 0 0 2 4 3 2 1 0 3 1 4 3 1 1 2
   1 3 4 1 2 1 2 4 1 1 4 1 1 1 3 0 4 4 3 3 2 4 4 1 4 4]
  [0 0 1 1 2 1 4 3 0 2 0 4 1 1 0 0 3 4 1 3 4 4 3 2 0 4 1 1 1 3 2 0 0 0 0
   3 0 4 2 3 3 1 2 3 3 0 0 3 3 0 0 3 3 3 3 2 3 3 4 3 4]
  [0 3 2 3 1 3 0 2 0 2 4 1 1 3 2 0 3 4 3 1 4 0 4 2 4 4 2 3 4 0 2 3 1 0 3
   1 4 4 2 3 3 3 1 3 2 4 4 1 1 1 1 4 2 0 4 1 1 4 4 1 1]
  [0 2 3 4 0 1 3 2 1 0 2 2 4 0 1 4 0 3 2 0 1 4 3 4 3 3 2 4 2 4 1 1 4 4 3
   2 0 3 3 0 1 3 3 4 3 3 0 4 3 2 0 0 3 2 4 4 3 4 3 1 1]
  [0 2 4 3 2 1 2 2 1 4 1 1 3 2 3 0 1 0 4 3 0 4 0 4 4 2 3 4 1 3 0 3 1 0 3
   3 3 2 1 0 4 2 2 0 4 4 1 3 0 0 1 1 3 3 1 3 4 1 2 3 2]
  [0 2 2 0 4 0 3 1 1 3 1 1 4 1 1 3 0 0 0 4 4 0 3 0 0 0 2 4 0 3 1 0 0 3 2
   4 1 2 1 4 0 1 0 2 4 4 0 4 3 4 4 1 4 2 1 4 4 0 4 1 0]
  [0 0 4 4 1 1 3 3 1 3 1 2 2 0 0 0 3 4 4 0 1 1 2 3 4 2 3 3 4 1 4 3 3 3 0
   4 1 1 3 2 0 3 3 2 0 1 0 3 2 4 3 2 1 2 1 2 4 0 3 0 2]
  [0 2 1 2 2 4 0 4 3 1 3 3 0 1 3 2 2 3 0 4 0 1 3 4 2 4 1 0 2 2 3 0 1 4 2
   3 0 4 4 3 2 2 4 2 2 1 3 1 0 1 1 1 1 3 4 4 4 3 1 2 0]
  [0 2 4 3 1 1 2 3 3 2 2 4 4 2 0 4 1 0 4 2 0 0 1 2 0 2 0 0 3 0 2 2 3 0 3
   4 0 4 1 4 1 0 3 3 2 0 3 1 3 0 1 3 3 0 4 0 4 4 1 4 0]
  [0 1 1 0 3 1 0 2 1 1 0 4 2 2 1 2 1 2 0 0 1 3 0 3 3 4 2 1 2 4 2 4 0 3 2
   2 3 0 4 2 0 2 4 1 4 4 1 0 4 2 0 0 1 2 1 4 3 0 1 4 0]
  [0 3 3 0 0 3 1 1 0 2 0 0 3 4 3 1 1 0 2 3 4 2 1 0 4 4 4 0 4 0 1 4 0 1 3
   3 3 0 3 4 1 2 3 0 1 3 0 2 2 2 2 3 4 4 2 1 2 2 3 2 2]
  [0 4 4 2 4 2 3 0 4 3 4 3 1 1 4 4 4 0 3 4 4 2 0 4 0 2 1 1 2 3 4 1 2 2 0
   0 2 4 3 1 1 1 3 4 4 0 3 3 3 3 3 2 0 3 1 2 0 4 3 2 1]
  [0 4 4 0 3 1 1 3 0 2 4 4 4 1 0 1 1 2 3 0 4 0 4 4 0 0 1 1 2 0 4 2 3 0 1
   0 3 3 1 1 4 2 4 4 4 4 2 1 3 1 0 2 2 4 2 4 0 1 0 2 4]
  [0 2 4 3 1 0 3 1 4 2 1 2 4 4 2 3 2 1 1 4 0 2 0 1 1 1 0 3 1 1 0 0 1 2 4
   1 2 3 0 1 1 1 4 0 3 3 1 2 3 1 3 3 4 1 4 3 3 1 1 3 3]
  [0 3 0 1 1 4 0 3 4 0 3 3 2 2 4 2 3 3 2 1 0 0 2 3 2 0 1 0 1 0 4 2 3 4 2
   0 3 4 0 4 3 4 1 3 1 2 2 4 4 4 0 3 0 4 1 0 2 2 2 1 4]
  [0 4 3 3 3 1 3 1 2 1 1 4 1 4 3 4 3 4 0 2 0 3 1 4 0 2 3 2 0 2 3 0 0 1 0
   0 1 1 1 3 4 4 0 4 4 3 4 3 4 2 2 3 3 3 2 1 3 3 3 4 0]
  [0 3 4 1 2 3 3 4 0 4 2 3 1 1 4 1 4 3 3 0 3 0 2 4 0 0 3 1 2 0 0 3 0 2 4
   3 3 4 1 0 3 4 2 3 3 0 1 1 0 4 0 2 0 2 3 3 3 2 1 4 4]
  [0 1 3 1 1 1 2 0 4 1 1 2 3 1 3 3 0 0 1 3 2 2 4 2 1 3 1 1 2 1 0 3 1 1 0
   4 2 3 3 1 1 4 1 2 0 1 1 1 4 2 0 2 3 0 2 3 3 4 3 0 4]
  [0 2 3 1 0 3 2 2 4 1 3 4 0 0 4 3 2 2 0 1 4 0 2 3 2 0 0 2 2 2 4 0 2 3 3
   2 0 0 0 1 4 4 0 3 3 4 1 3 0 4 4 0 3 1 0 3 3 1 3 0 2]
  [0 4 0 2 3 4 3 0 3 2 1 1 4 4 4 4 2 3 4 4 0 3 0 4 3 1 3 4 2 0 1 4 0 0 2
   4 2 0 1 2 3 1 2 0 3 3 2 1 3 0 1 2 0 3 3 0 0 1 0 2 3]
  [0 2 3 3 3 1 3 4 0 4 0 2 0 2 3 4 2 3 3 1 3 4 3 1 1 2 1 4 4 4 3 3 1 0 4
   2 2 1 4 2 1 0 4 0 4 0 1 2 3 3 1 0 2 1 2 4 3 2 1 0 3]
  [0 2 0 2 3 2 4 1 4 2 3 2 4 1 1 4 0 0 1 4 3 4 3 1 4 4 3 4 4 0 1 1 0 0 0
   2 2 1 4 0 3 4 3 0 2 4 3 4 1 1 4 2 1 1 0 4 1 2 0 2 1]
  [0 2 4 3 1 0 0 2 3 2 4 3 4 2 1 2 1 3 1 2 2 3 4 0 3 1 2 4 3 3 1 2 2 0 3
   0 1 3 2 0 3 1 2 4 4 4 4 0 1 0 0 1 2 3 2 1 1 2 2 0 4]
  [0 4 0 3 4 1 2 3 4 1 2 0 4 2 3 4 1 2 3 4 1 4 0 3 2 2 1 4 1 1 2 1 0 0 3
   1 0 2 0 2 2 1 1 1 2 0 2 2 0 1 0 3 1 3 1 0 0 2 2 3 3]
  [0 4 3 0 2 2 0 3 2 0 3 3 2 3 3 1 3 1 1 0 2 4 4 1 4 2 3 4 3 4 3 1 0 1 4
   1 2 0 3 1 0 0 2 3 3 3 4 1 1 4 2 4 0 4 1 0 4 0 0 0 2]
  [0 0 2 4 4 0 2 1 3 0 1 1 4 2 2 4 4 1 2 3 4 0 0 0 4 4 4 4 2 2 3 2 2 2 2
   0 0 4 0 4 4 3 2 2 1 3 3 0 2 1 3 2 2 2 4 2 1 3 4 3 4]
  [0 4 1 0 3 4 0 3 0 2 3 3 0 0 3 0 2 0 3 2 0 3 4 4 4 3 4 3 4 4 3 4 0 4 1
   3 2 0 2 0 2 4 4 0 4 2 0 1 3 1 4 4 4 2 0 1 3 1 1 4 2]
  [0 0 3 3 1 1 3 0 1 4 3 1 1 3 0 3 2 4 1 2 1 1 2 4 3 1 3 4 4 3 3 4 0 4 0
   1 4 4 0 3 0 2 0 2 1 3 0 2 0 2 4 0 3 0 1 1 3 0 2 0 4]
  [0 1 4 4 2 3 3 3 3 4 0 0 2 4 2 3 3 3 0 2 2 4 3 1 2 4 3 2 4 1 3 3 4 0 4
   2 1 1 3 3 1 0 0 4 3 3 0 3 3 1 2 1 4 4 3 1 4 2 1 3 2]
  [0 2 4 3 2 4 1 2 1 4 0 4 3 1 3 3 0 4 0 3 4 3 4 0 3 4 2 4 4 1 1 3 3 4 0
   2 4 2 0 4 4 2 0 3 0 3 1 2 4 3 2 2 2 4 2 1 4 1 3 0 0]
  [0 4 3 0 3 3 4 0 0 3 4 3 3 0 1 4 2 0 1 3 2 2 3 0 0 2 2 4 3 1 0 2 1 3 0
   1 0 1 2 4 1 0 2 0 1 1 4 2 3 3 2 4 4 3 0 3 2 0 0 2 3]
  [0 2 2 1 0 1 4 4 2 1 0 0 4 0 3 0 1 0 1 1 0 4 4 3 2 0 1 0 2 3 2 0 0 1 3
   3 2 3 0 1 2 4 4 1 0 4 4 3 1 2 2 1 2 1 2 3 2 4 1 3 0]
  [0 2 0 1 3 0 3 0 1 0 0 1 1 4 1 2 3 1 3 3 0 2 0 4 4 0 3 4 4 4 1 0 3 0 1
   0 1 1 1 1 1 2 4 1 1 0 1 0 1 2 1 2 1 0 3 0 3 4 2 3 1]
  [0 2 1 4 1 1 1 1 1 1 4 4 0 0 4 0 2 3 3 1 0 0 4 2 3 4 3 0 0 0 0 2 2 0 0
   4 1 2 1 2 4 3 1 0 4 2 0 3 2 4 2 0 1 3 4 1 1 4 4 4 4]
  [0 3 3 4 0 0 0 3 2 0 2 2 4 3 1 3 4 4 0 1 1 3 2 4 0 0 2 3 4 4 4 3 4 3 1
   0 4 1 1 3 0 4 1 3 0 3 4 0 3 1 4 4 0 0 4 0 4 1 4 1 3]
  [0 1 3 4 3 0 0 2 4 2 0 2 0 2 4 3 1 4 4 3 4 2 3 1 3 0 2 4 1 0 4 0 1 0 1
   3 3 2 4 4 1 3 2 4 2 0 1 0 0 1 4 1 2 4 4 1 0 3 1 4 2]
  [0 0 3 4 1 3 2 0 3 4 1 0 0 1 3 1 1 2 0 0 3 2 3 1 3 4 0 3 4 0 4 2 2 0 3
   1 3 1 4 2 0 4 1 2 2 3 3 0 1 0 1 2 3 0 3 1 1 0 4 3 4]
  [0 4 1 1 3 2 1 1 0 4 1 4 4 4 1 1 4 0 3 2 4 0 0 1 0 2 1 3 4 1 4 0 3 2 0
   3 0 0 1 1 2 0 3 1 0 3 4 2 2 1 0 1 4 0 2 3 3 0 0 0 4]
  [0 3 3 0 2 2 2 3 3 3 2 1 0 1 1 3 2 0 2 1 1 0 1 4 2 4 1 0 4 0 3 3 4 2 4
   0 0 4 1 2 0 0 3 4 1 0 1 1 4 1 0 0 4 4 1 3 0 2 2 0 3]
  [0 4 2 1 3 0 2 0 1 1 1 4 4 0 0 1 2 1 2 1 1 2 0 1 0 0 2 1 1 1 2 2 1 4 4
   3 2 3 4 3 4 4 4 2 1 4 2 2 3 2 4 3 0 4 4 1 0 1 2 0 1]
  [0 3 4 1 0 3 0 2 3 1 2 2 1 4 0 0 4 1 1 4 2 2 1 1 0 2 0 0 2 4 1 2 3 2 4
   4 4 3 0 3 3 3 0 4 3 3 2 3 2 2 4 0 3 0 1 2 0 4 2 1 2]
  [0 4 0 2 2 1 3 1 0 3 0 1 1 4 4 2 1 3 2 0 3 0 2 0 3 1 3 3 1 2 3 2 1 3 1
   1 3 0 0 1 1 1 4 2 1 2 2 4 4 4 0 0 2 2 0 2 3 3 2 4 2]
  [0 3 0 3 1 3 2 3 4 1 0 3 0 2 4 0 0 3 2 4 2 0 0 2 2 1 1 2 1 4 1 0 4 2 0
   2 3 2 3 1 4 2 0 3 3 1 1 2 0 1 3 1 0 0 3 0 4 3 4 4 3]
  [0 0 1 1 3 3 4 4 2 1 3 4 3 1 0 2 2 2 4 3 2 2 0 0 3 2 4 2 2 0 4 1 4 1 0
   3 1 4 4 3 4 2 0 4 0 2 3 4 1 0 0 3 1 1 4 2 0 1 3 1 2]
  [0 3 1 1 2 1 2 3 1 4 2 3 0 4 2 2 0 2 0 4 2 1 1 4 1 3 3 1 1 1 2 4 4 2 4
   2 1 3 4 3 1 2 2 4 1 2 0 4 1 0 0 0 3 3 2 0 4 0 1 4 0]
  [0 2 3 4 3 0 1 1 0 2 4 1 2 3 0 0 2 1 2 3 4 3 0 1 3 3 0 4 2 3 1 1 4 1 0
   0 0 1 1 0 3 1 2 2 3 0 4 4 0 3 2 0 0 0 3 2 2 4 0 3 2]
  [0 0 4 2 0 2 4 3 0 0 0 4 0 2 0 2 4 1 3 2 1 3 0 0 0 1 0 3 1 4 4 4 1 4 1
   3 2 2 3 4 1 3 1 0 4 1 1 3 1 4 3 1 4 3 1 3 4 1 2 0 1]
  [0 2 2 2 2 2 0 0 1 2 4 4 3 2 3 4 0 4 1 3 3 3 0 3 2 2 3 0 0 1 3 4 2 0 3
   2 2 2 4 2 4 0 0 3 0 3 0 0 2 3 1 0 0 2 4 3 4 0 4 3 0]]]
release_time
[  0 785 854 756 801 907 749 644 786 813 814 804 738 840 847 731 794 777
 840 752 871 820 783 783 797 783 852 683 836 820 876 883 834 748 848 841
 865 800 852 884 839 795 867 720 612 855 790 635 746 786 791 817 776 578
 816 841 783 843 846 774 791]
due_date
[  0 801 886 797 863 919 825 660 836 845 851 857 768 878 872 746 868 844
 899 855 907 889 864 864 887 856 859 702 843 923 913 900 901 787 886 913
 876 901 870 886 862 884 897 771 669 869 868 636 843 855 896 837 856 652
 870 863 800 865 869 855 847]
unit_emission
[18 20  4 20  3]
emission_limit
40364.600000000006
setup_severity
0.02
due_tight
0.3
due_range
0.25
release_tight
1
degree_constr
0.8
