param: 
proc_time: (1, 100)
setup_rate: 2.0
setup_time: (60, 120)
delivery_time: (100, 200)

mach
10
job_rate
10
fam
8
setup_rate
2.0
proc_time
[[  0  28  61  54  61  14  56  11  16  91  40  11   8  13  64   7  80  62
   58  20  15   4  62  76   4   5  37  99  92   1  35  83  85  75  19  77
   38  19  66  44   2   3  50  64  72  42  77   4  99  61   8  80  38   1
    4  62  42  29   5  16  73   7  93  58  51  10  80  33  75  94  39  91
   15  70  99  45  33  24  48  48  75  43  83  79  50  59  93  62  26  79
   18  52  37  92  27  39  46  54  56  28  56]
 [  0  12  49  82   6  52  73  87  37   2  37  32  49  23  45  99   2  68
    2  73  31  67  33  28  81  77  95  38  18  92  11  53  80  16  68  39
   66  13  67  88  72   2  38  42  15  77  69  89  84  36  10  46  88  67
   99  38  43  25  99  98  22  92  66  69  14  61   1  52  72   4  50  22
   37  15  54  44  67 100  83  19  81  97  64   2  11   7  31  22  60  49
   69  98  15   2  42  84  12  52  66  46  73]
 [  0  82  80  89  12  30  23  61  62  90  57  13  47  80  43  61  38  61
   11  50  15  27  68   6  31  80   6  90  60   7   5  78   8  67  14  35
   60  48  31  22  18  77  16  96  12  56  73  25   2  77  72  91  18  12
   33  46  47   7  81  31   6  23  62  70  59  68  13  25  75  32  98  85
   82  37  10  87  92  25  64  46  73  13  90  81  75  97  35  23  38  56
   15  81  27  61  48  34  68  88  18  71  34]
 [  0  84  23  49  19  59  46  42  28   2  70  81  60 100  52  55  49  26
   61  93  12   1  19  32  80  89   4  52  81  79  47  62  16  90  28  64
   37  60  21  75  35   5  59  29  36  52  72   4  21  32  43  88   4  47
   68  17   9  83  71  16  55  89  66   8  52  30  59  45  74  47  79  31
   95  79  58  68  66  58  31  24  57  48  92   2  18  37  42  86  15 100
   74  10  93  77  72  58   9  81  65  52  90]
 [  0  18  92  78  19  82  63  39  88  93  53  84  12  47  98  42  20  89
   58  58  17  41 100  41 100 100  83  16  69  49  30  86  79  15  60  52
   44  96  84   2  16  90  15  54  35   2  31  38  96  55  20  41  79  70
   44  62  44  63  93  42  98  43  32  77  54  99  74  39  87  83  64  33
   55  86   2  50  10  38   8  60  62  51  81  29  19  88  95   4  96  41
   20  55  27  63   3  37  95  63  63  57  70]
 [  0  48   6  18  79  50  83  34  48  92   5  71  69  76  95  47  20  38
   24  40   4  17  70  16  65  16  37  60  71  72  13  44  73  69  98   3
   38  35  37  82  85  54  65  30  50  65  34  82   9  20  60  32  14  72
   96  14  44  80  92  50  28   7  48  29  99  59  54  41  61  82  70  69
   31  86  43  25  36  59  15  40  57  48  82  20  28  48  66   2  63  92
   78   3  99  74  67  33  76  59  42  95  26]
 [  0  26  33  60  84  65  78  56  93  20  32  19  37  86  70  25  34  62
   83  60  96  87  42  86  12  59  51   7  52  30  62  44  45  38  90  17
   95   6  49  41  93  34  90  10  77  17  50  20   2  20  64  85  24   8
   25  37  75  98   1  64  99  39  68  64  78  50  62  35  13  35   6  83
   28   7  75  90  52  13  35  68  54  78  48  21 100  80  18  74  70   7
   78  74  94  90  59  30  62  84  93  70  99]
 [  0  68  92  95  39  87   2  82  75  50  69  21  61  49  99  21  41  87
   57  36  74  77  96   5 100  65  66  43  56  53  43  53 100  17  49  72
   53  91  46  31  73  23  23  55   2  81  65  90  93  88  88  62  41  80
   68  95  77  69  98  12  57  85  58  68  67  50  61   6  19  61  23  99
   21  39  92  89  33  28  75  25  82  13  76  92  81  16  56  84  61  94
    2  57  41  46  35  37  99  45  93  57  34]
 [  0  32  60  43  76   2  94  29  71  37  35  99   2  53  20  48  53  44
   69  89  29  90   1  42   4  65  43  50  25  88  41  38  30  91  45  88
   56  61  12  75  57   2  88  62  30  25  17  54  29  63  67  96  95  96
   33  87  75  79  22  10  69  73  51  19  62  41   3  49  59  91  88  92
   17  13  66  42  75  84  37  49  78  79  23  65  64  50  14  51  33  15
   56  73  93  34  80  99  44  38  67  32  27]
 [  0  99  10  65  73  76  74  25  11  25  20  53   1  26  42  13  13  70
    3  11  82  14  91  90  37  28  40  90  45  70  43  17  38  49  80  29
   42  87  47  42  75  58  13  34  59  44  92  36  64  76  13  87  96  70
   28   6  38   4  92  83  45  80  41  20  12  60  71  74  67  49  68  75
   19  73  21  15  13  35  82  92  13  90  58   7  59  62  40  22  33  94
    2  39   3  26  57  25  89   4  50  23  28]]
setup_time
[[[  0  82  67 104  76  99  63  88  71]
  [  0   0  80  90  81 103  74 116 115]
  [  0  65   0 115 110  98  70  63 102]
  [  0  75  77   0 117  69 111  62 120]
  [  0  73  67  96   0  75  64 101  70]
  [  0  92 114  88  86   0 109  70  66]
  [  0  94 107 113  72  90   0 107  90]
  [  0  84 110  99 108 119  68   0 107]
  [  0  65  96  87 114  88  77  87   0]]

 [[  0  89 116  89  85  64  78 114  65]
  [  0   0  66  71  97  75  60  65  65]
  [  0  82   0  66 104  85  69  78  67]
  [  0  72  82   0  62  71  91 106 100]
  [  0  95  79  63   0  82  69  98 118]
  [  0  60 118 103  79   0 101  83 118]
  [  0  65  92  75 103  67   0  63  78]
  [  0 117  68  97  93  63  99   0  75]
  [  0 114 114 106  91  84  87 101   0]]

 [[  0  64 116  82 102 109 108 111 120]
  [  0   0  88 120  68  66  93  79 105]
  [  0 102   0  81 111 114  85  78  97]
  [  0  67 117   0  67  85  97 120  99]
  [  0  67  96  72   0  71  83  84  66]
  [  0  89  83  72 100   0  75 119 119]
  [  0  84 105  73  60  78   0  87 112]
  [  0  83  76  82  99  63 110   0  84]
  [  0  61  69  90  92  72 113 120   0]]

 [[  0 119 120  60  62  74  77  93 106]
  [  0   0  85  75 116  86  68 100  63]
  [  0  71   0  93 113 119  60 107  62]
  [  0  99  90   0  66  85 101  83 108]
  [  0 120 108  85   0  84 114  99 106]
  [  0  81  79  71 107   0  71  61  64]
  [  0 120  76  98  92  91   0  66  91]
  [  0  66  72  63  88 100 118   0  73]
  [  0  79 116  81 112  62  93  96   0]]

 [[  0  89  65  67 116  98 102 114  65]
  [  0   0  75  66  61  73 118 117 103]
  [  0 101   0  72 100 110  71  78 114]
  [  0  73  66   0 108 120  87  88 116]
  [  0  77  62 105   0 118  81  61  91]
  [  0 105  60  81  99   0 111  71 104]
  [  0  63 110  82 117  89   0 105  78]
  [  0  85  81 113  72 106  87   0 107]
  [  0 106 111  79 102  96  67 111   0]]

 [[  0  73  90 106  96  96  89 111 120]
  [  0   0 110 109  87 120 100 111  97]
  [  0  85   0  71  69  61  67  86  71]
  [  0  86  77   0  86  70  70  60  97]
  [  0  64 107 114   0  67  77  91  77]
  [  0 102  88  63  72   0  85 119  80]
  [  0  70  72 115  61  98   0  90  74]
  [  0  61 109 102 112  65  66   0  82]
  [  0 101  81 106  95 104  92 108   0]]

 [[  0 101  91  89  89 115 105  69  64]
  [  0   0 102 116 114 102  68 108  64]
  [  0  80   0 116 100  72 106 114  95]
  [  0  67  92   0 105 118  95 100  60]
  [  0  75  86  81   0 113 116  65 103]
  [  0  68  76  70  75   0 103  72  87]
  [  0 117 102 100  90  66   0  91 102]
  [  0  68 115 101  91  83 117   0 101]
  [  0  81 111 104  63  91 118  83   0]]

 [[  0  86  75  60  93  76  83  80  74]
  [  0   0  67  61  62  61  73 100 106]
  [  0  93   0 115  63  71 110 106 118]
  [  0  90 105   0  89  69  81  70 107]
  [  0  90  85 117   0  82 120 110  88]
  [  0 104 108 112  96   0  86  85  66]
  [  0  89  88 117  95 106   0  89  92]
  [  0  95 102 110  79  86  90   0  99]
  [  0  92  75  62  83 104 105  85   0]]

 [[  0  98  79  80 118  87 103  79 110]
  [  0   0  86 110  63 111 119 102  62]
  [  0 114   0  84  87 117 114  92 117]
  [  0 117 112   0  66 104  63  74  94]
  [  0  86  85  66   0  77 117  70  67]
  [  0  83 118  86  67   0  65 102 102]
  [  0  92  97  71  80 100   0  91 101]
  [  0 108  66 103  61 116  85   0  76]
  [  0  74 117  76  63  97  66  98   0]]

 [[  0  81  66 102 113  73 103  75  76]
  [  0   0  64  69  84 114  97  64  61]
  [  0  88   0  99  87 110  96  79  76]
  [  0 114 103   0 117  81 105 102  62]
  [  0  92  90 117   0  74  85  89  66]
  [  0 116  67  77  80   0 114 111  67]
  [  0 105 113  67  63  68   0  69  66]
  [  0 104 120 105 112  76  67   0 101]
  [  0 117  67  89  60  77  81  84   0]]]
delivery_time
[[  0 192 151 153 163 124 163 190 148 179 132 136 153 196 162 100 177 134
  145 114 151 119 184 159 127 129 122 155 134 197 108 195 153 159 130 107
  182 198 145 187 106 142 178 186 153 200 155 165 141 175 101 184 189 161
  187 103 200 131 129 111 187 171 103 129 114 154 170 178 124 155 168 165
  175 144 188 190 141 100 142 135 196 185 125 156 112 161 120 117 143 191
  200 132 102 154 186 133 169 111 162 104 155]
 [  0 199 146 119 137 144 169 115 125 178 197 113 100 200 149 161 163 158
  180 196 136 121 186 166 172 102 190 159 151 137 105 150 121 179 165 171
  183 123 112 190 184 119 120 160 139 112 114 115 136 147 152 162 198 121
  128 108 110 174 142 187 150 152 115 158 193 105 124 181 118 166 173 189
  121 193 106 146 140 155 198 106 186 113 100 187 170 158 197 193 162 131
  151 103 107 110 130 139 175 167 161 100 131]
 [  0 142 164 122 120 192 172 198 134 153 156 135 117 186 159 144 144 158
  154 107 155 136 175 145 200 180 135 147 121 136 104 138 151 149 185 182
  126 184 195 144 119 137 197 175 105 174 115 163 181 182 147 146 187 100
  135 188 134 134 195 179 137 182 199 130 110 189 197 105 189 103 168 103
  142 187 182 179 128 151 132 156 109 175 111 189 158 140 196 188 188 200
  129 104 183 197 170 184 126 114 183 195 173]
 [  0 200 181 171 172 108 131 152 140 158 163 153 181 151 111 132 124 111
  200 104 171 180 190 118 143 138 106 100 190 138 119 109 116 158 132 156
  115 172 131 168 111 141 147 149 191 101 103 153 104 143 119 154 114 131
  129 155 153 127 197 136 179 122 141 173 157 149 127 149 123 181 127 200
  124 103 174 160 165 197 139 199 121 160 109 109 179 108 191 187 198 184
  110 183 159 109 191 107 100 196 186 185 103]
 [  0 149 163 109 132 116 175 178 139 150 103 199 159 195 143 158 189 104
  112 178 141 161 136 172 157 198 163 159 120 118 118 175 104 167 141 125
  192 115 107 136 168 141 200 148 200 117 152 179 151 173 128 127 177 130
  190 194 156 163 174 124 184 142 142 128 161 125 124 100 117 112 145 193
  190 113 174 162 101 117 172 162 113 116 154 169 179 157 103 106 182 147
  166 173 145 122 149 162 144 180 134 189 166]
 [  0 128 183 194 142 136 149 151 120 132 154 186 148 200 109 139 114 190
  189 135 131 185 111 118 119 123 187 175 145 142 184 162 194 178 124 133
  193 130 155 151 135 130 190 163 108 141 130 172 198 198 139 186 117 140
  196 170 182 188 191 135 191 164 146 189 135 148 103 129 107 144 147 200
  120 134 194 164 136 119 161 191 150 173 190 151 102 121 134 183 180 105
  168 174 200 137 144 195 139 102 200 200 190]
 [  0 194 100 102 134 104 103 191 107 136 176 140 139 108 198 140 151 166
  114 198 195 157 115 116 101 184 110 117 138 193 196 147 162 120 142 127
  102 101 175 118 167 116 183 107 118 168 129 119 142 124 178 179 114 166
  144 113 148 177 159 111 107 174 154 149 190 159 185 126 145 200 170 118
  176 114 158 132 110 178 168 167 125 137 174 117 150 186 165 162 147 121
  126 185 164 127 171 146 165 155 136 119 169]
 [  0 163 122 147 149 177 188 197 152 154 172 118 163 176 196 119 109 191
  172 133 118 186 185 133 169 171 123 135 195 189 193 132 126 137 183 181
  155 133 145 129 179 118 156 159 124 162 154 155 148 138 145 178 191 140
  160 129 200 199 177 156 177 153 105 100 137 141 157 190 143 183 103 126
  122 136 173 149 159 151 144 143 158 121 181 177 166 188 161 145 155 178
  118 174 165 196 155 169 125 144 168 185 162]
 [  0 193 152 171 180 153 129 118 133 120 132 103 102 145 192 132 199 199
  200 198 181 167 143 101 100 106 134 163 145 181 154 187 154 118 183 137
  114 191 174 197 102 100 185 167 156 106 141 153 146 110 137 154 167 131
  114 169 100 144 182 138 100 198 175 132 136 100 147 151 150 178 116 199
  151 117 193 159 194 115 153 150 196 188 198 191 169 121 184 175 118 114
  191 125 129 143 114 105 158 154 165 127 147]
 [  0 163 165 169 162 172 152 139 122 162 130 170 144 131 194 102 190 107
  139 119 138 174 130 107 189 100 177 111 106 155 117 100 198 194 129 177
  116 160 111 182 175 100 160 147 106 159 155 165 199 187 185 137 141 194
  189 128 137 142 114 179 127 187 120 174 167 118 140 117 199 153 142 174
  149 155 194 119 119 152 190 192 124 111 114 144 149 187 197 135 188 101
  170 153 139 110 187 105 130 173 135 172 151]]
job2fam
[[1 0 0 0 0 0 0 0 0 0 0 0 0 0 0 0 0 0 0 0 0 0 0 0 0 0 0 0 0 0 0 0 0 0 0 0
  0 0 0 0 0 0 0 0 0 0 0 0 0 0 0 0 0 0 0 0 0 0 0 0 0 0 0 0 0 0 0 0 0 0 0 0
  0 0 0 0 0 0 0 0 0 0 0 0 0 0 0 0 0 0 0 0 0 0 0 0 0 0 0 0 0]
 [0 0 1 0 0 0 0 0 0 0 0 0 0 0 0 0 0 0 1 0 0 0 0 0 0 0 0 0 0 0 1 0 0 1 0 1
  0 0 0 0 0 0 0 0 0 1 0 0 0 0 0 0 0 0 0 0 0 0 0 0 0 0 0 0 0 0 0 0 0 0 0 0
  0 0 0 0 0 1 0 0 0 0 0 0 0 0 0 0 0 0 1 0 0 0 0 0 0 0 0 0 0]
 [0 0 0 0 0 0 0 0 0 0 1 0 0 0 0 0 1 0 0 1 0 0 0 0 0 0 0 0 0 0 0 0 0 0 1 0
  0 1 0 0 0 1 0 0 0 0 0 0 0 1 0 0 0 0 0 0 1 0 0 0 0 0 0 0 0 0 0 0 0 0 0 0
  0 0 0 0 0 0 0 0 0 0 0 0 0 0 0 0 0 0 0 1 0 1 0 0 0 0 0 0 1]
 [0 0 0 0 0 0 0 0 1 0 0 1 0 0 0 0 0 0 0 0 1 0 0 0 0 0 0 1 0 0 0 0 0 0 0 0
  1 0 0 0 0 0 0 0 0 0 0 0 0 0 0 0 0 1 0 0 0 0 1 0 0 0 0 1 0 0 0 0 0 0 1 0
  0 0 0 1 0 0 0 0 0 0 0 1 0 0 0 0 0 0 0 0 0 0 0 1 0 0 1 0 0]
 [0 0 0 0 0 1 0 0 0 1 0 0 0 0 0 1 0 1 0 0 0 0 1 0 1 0 0 0 1 0 0 0 0 0 0 0
  0 0 0 0 0 0 0 0 1 0 0 0 1 0 0 0 0 0 0 0 0 0 0 1 0 0 0 0 0 0 0 1 0 1 0 0
  0 0 0 0 1 0 0 0 0 0 0 0 0 0 0 0 0 0 0 0 0 0 0 0 0 0 0 0 0]
 [0 1 0 0 0 0 0 1 0 0 0 0 0 1 0 0 0 0 0 0 0 1 0 0 0 0 0 0 0 0 0 0 0 0 0 0
  0 0 1 0 0 0 0 1 0 0 0 0 0 0 1 0 0 0 1 0 0 1 0 0 0 0 0 0 0 1 0 0 1 0 0 0
  0 0 0 0 0 0 0 0 0 0 1 0 0 0 0 0 1 1 0 0 1 0 0 0 0 0 0 1 0]
 [0 0 0 0 1 0 1 0 0 0 0 0 0 0 0 0 0 0 0 0 0 0 0 1 0 0 1 0 0 0 0 0 0 0 0 0
  0 0 0 0 0 0 0 0 0 0 1 1 0 0 0 0 0 0 0 1 0 0 0 0 0 0 0 0 1 0 0 0 0 0 0 0
  1 1 0 0 0 0 1 1 1 1 0 0 0 0 0 1 0 0 0 0 0 0 0 0 0 0 0 0 0]
 [0 0 0 1 0 0 0 0 0 0 0 0 0 0 0 0 0 0 0 0 0 0 0 0 0 1 0 0 0 1 0 0 1 0 0 0
  0 0 0 0 1 0 1 0 0 0 0 0 0 0 0 0 1 0 0 0 0 0 0 0 1 1 0 0 0 0 1 0 0 0 0 1
  0 0 1 0 0 0 0 0 0 0 0 0 0 0 1 0 0 0 0 0 0 0 1 0 1 1 0 0 0]
 [0 0 0 0 0 0 0 0 0 0 0 0 1 0 1 0 0 0 0 0 0 0 0 0 0 0 0 0 0 0 0 1 0 0 0 0
  0 0 0 1 0 0 0 0 0 0 0 0 0 0 0 1 0 0 0 0 0 0 0 0 0 0 1 0 0 0 0 0 0 0 0 0
  0 0 0 0 0 0 0 0 0 0 0 0 1 1 0 0 0 0 0 0 0 0 0 0 0 0 0 0 0]]
unit_cost
[26 26 29 27 27 19 20 25 19 21]
pre_factor
2.0
