param: 
proc_time: (1, 100)
setup_rate: 0.5
setup_time: (15, 30)
delivery_time: (100, 200)

mach
10
job_rate
10
fam
3
setup_rate
0.5
proc_time
[[  0  41  41  89  57  88  31  66  36  35  82  33  45  95   6  51  50  85
   46  42  10  67  28  69  18  85  18  44  85  77  40  38  31  63  83  56
   97  82  93  32  75  93  39  47  95  86  64  54  59  50  71 100  58  56
    8   5  86  29   8  44  83  15  98  39  79  24  70  48  67  34  70  43
   18   3  72   4  33  52  90  79  68  54  95  24  57  70  55  18  41  74
   36  16  12  72  86  98  32  18  93  72   7]
 [  0  90  54  54  75   5  79  60  60   6  63  17  87  21  78  61  18   4
   56  61  81  33  16  64  85  29  22  41  65  49   3  94  17  26  92   4
   18  38  51  96  60  73  55  60  62  30  56  76  17   4  80  44  26  47
   33  22  50  15  59  72  76  73  95  27  37   8  81  28  75  11  32  66
   53  70  46  36  97  40  90  69  29  78  15  46  21  13  32  98  21  76
   76  55  80  90  39  12  50  76  43  69  23]
 [  0  53  34  29  23  51  61  19  86  15  96  57  18  41  69  44  39  28
   46  81  33  90  29  42  84  87   3  57  18  80  80  74  52  95  90  82
   57  12  77  33  74  76  26  10  36  53  50  79  86  41  91  95  69  92
   35  35  42  77   7  12  75  84  40  97  47  32  50  44  83  78  53   7
   11  20  99   8  31  43  20  19  80  63  48  45  34  96  93  89  33  23
   24  73  32  73  58   9  64  72  46  55  51]
 [  0  40  25  32  77  75  50  80  11  89  85  69  97  11  31  12  90  82
   87  21  37  23  13  30   6  29  77  91  11  25  22  29  76  41  41  73
   95  60  84  34  30  84  35  84  19  36  82  95  75  59  54  32  27  52
    3  11  28  96  31  83  22  70  90   2  57  89  90  19  93  43  79  31
   36  13  69 100  83  25  41  51  37  24  92  20  96  57  65  72  25  32
   63  29  57  91  43  12  41  11  47  53  59]
 [  0  59  87  86  66  20  72  15   2  13  71  97  27  17  15  54  87  96
   38  69  49  58  18  64  72  20  63  21  31  13  57  36  86  96  83  94
   49  56  85   4  14  35  62  99  64  24  42  85   6  95  13  71  67  83
   15  78  25  18  52   5  32  45  77  78  59  91  41  94   5  36  32  43
   56  53  94   7  69  62  89  76  49  53   6  36  37  37  76  21  49  45
   70  64  29  97  61  29  13  94  24  44  57]
 [  0  23  47  20  43  24  20 100 100  19  80  85  23  89  46  71  39  85
   82  11  51  20  67  77  40  51  18  12  67  78  80   8  77 100  60  90
   42  98   6  54  33  99  92  75  12  32  85  62  24  34  66  14  61  12
   95  42  91  10   1  53  54  93  23   3  22  25  25  43  59  99  90  80
   26  27  78  10   7  72  67  11  64  49  26   8  84  84  32  50  75  27
   10  99  87  27  19  47   8  18  53  82  45]
 [  0  94  62  11  59  97  31  52  11  59   7   3  21   2  43  60   7   7
   37  47  64  29  37  28  60  77  60  61  20  89  39  17  12   2  46  56
   62   2  12  12  74  84  59   5  89  89  96  98  10   1  32  46  56  45
   66  66  73  27  25  33  34   6  79  15  54  89  70   5  45  13  16  67
   43  76  32   5   7  92   9  11  79  15  10  25  93  86  74  25  51   5
   85   7  28  83  31  42  27  68  18  12  61]
 [  0  50  20  31  55  70  46  93  44 100  47  34  27  94  45  82  87  50
   88  18  95  15  67  43  22  78  54  91  28  31  38  29  79  48  25  57
   19  67  29  62  20  53  81  74  79  41  60  69  77  29  70  84  40  11
   55  29  21  50  40  28  81   6  90  65  13   8  77  65  42   8 100  23
   22   1  38  54  94  73  10  99  93  13  68  31  10  18  92  13  60  75
   39  74  47  61  98  57  64  93  92  45  14]
 [  0  96  77  14  20  20  40  90  68  90  31  47  25  30  71  55  24   5
   26  19  62  95  22  84  67  61  20   1  58  71  16  85  58  11  46  25
   52  20  38  60  31  89  45  90  79   1  11  40  41  51  71  50  56  37
   41  65  76  24  30 100  20  80  27   1  76   6  10  30  57  37  21  78
   56   6   8  95  71  80  89  86   9  16  86  26  74   3  27  69   8  48
   27  96  64  18  40  85  63  16  80  59  59]
 [  0   8  84  59  75   4  60  80  83  75  59   7  93  54  77  62  43  22
   71   3   4  62  40  64  11  18  76  86  15  20  18  58  83  10  13  50
   26  79  88  77  73  54  93  12  38  51  68  71  12  34  51  76  73   3
    5  34  64  73  92   6  88  35  66  67  67  31  23  80  17  30  77   6
   52  79  14  72  78  46  66  27  90  52  57  50  65  53  47  13  95  88
   56  74  54  87  33  54  27 100  11   3  19]]
setup_time
[[[ 0 25 16 20]
  [ 0  0 30 23]
  [ 0 24  0 19]
  [ 0 19 18  0]]

 [[ 0 20 23 26]
  [ 0  0 22 25]
  [ 0 22  0 30]
  [ 0 26 30  0]]

 [[ 0 19 18 30]
  [ 0  0 27 24]
  [ 0 23  0 27]
  [ 0 17 20  0]]

 [[ 0 23 25 20]
  [ 0  0 20 18]
  [ 0 27  0 16]
  [ 0 23 20  0]]

 [[ 0 19 23 24]
  [ 0  0 18 15]
  [ 0 23  0 18]
  [ 0 23 26  0]]

 [[ 0 16 17 15]
  [ 0  0 28 27]
  [ 0 24  0 24]
  [ 0 21 28  0]]

 [[ 0 16 21 19]
  [ 0  0 26 21]
  [ 0 29  0 19]
  [ 0 22 17  0]]

 [[ 0 19 20 28]
  [ 0  0 29 29]
  [ 0 16  0 27]
  [ 0 30 18  0]]

 [[ 0 24 24 18]
  [ 0  0 19 29]
  [ 0 28  0 22]
  [ 0 22 16  0]]

 [[ 0 20 17 28]
  [ 0  0 17 30]
  [ 0 19  0 28]
  [ 0 18 17  0]]]
delivery_time
[[  0 192 103 129 129 120 151 168 180 110 145 160 159 126 155 149 116 115
  115 198 182 166 144 150 121 155 104 120 119 197 133 115 196 140 163 171
  107 147 160 166 181 155 108 196 186 119 131 173 163 143 173 113 177 168
  183 193 162 101 177 150 103 107 125 112 188 163 150 183 169 197 172 128
  141 135 108 181 171 129 186 161 187 195 122 141 198 149 160 178 178 160
  192 157 181 195 161 171 131 160 132 153 196]
 [  0 136 107 124 178 109 163 105 135 121 163 109 147 155 133 165 193 169
  152 159 162 191 178 135 168 168 177 136 159 182 117 140 136 104 181 120
  132 134 193 155 155 187 127 127 124 103 160 100 116 188 197 133 140 154
  142 127 194 179 200 138 168 169 113 137 156 177 112 160 150 170 175 118
  126 154 191 192 154 100 174 106 184 161 193 128 110 184 170 196 152 141
  162 140 186 176 188 141 179 130 194 199 129]
 [  0 195 163 200 198 102 100 137 150 142 146 132 152 154 192 169 186 196
  102 106 181 189 174 182 185 200 170 136 106 114 161 166 137 173 113 109
  188 140 142 190 159 191 171 159 185 185 119 170 189 165 106 190 130 168
  164 157 158 193 181 116 145 181 177 119 196 195 166 154 120 137 140 197
  110 136 156 177 182 146 124 172 108 137 124 149 114 117 170 200 115 182
  114 183 112 102 137 193 200 114 193 187 200]
 [  0 108 152 127 157 106 128 111 194 125 101 132 129 173 122 103 180 115
  148 111 142 162 166 164 186 146 139 106 170 180 161 171 103 127 176 154
  106 133 176 200 179 186 109 107 137 147 133 140 146 104 151 183 168 165
  112 197 135 175 108 171 145 130 188 107 199 192 135 107 111 183 157 151
  169 143 160 156 104 196 106 153 130 177 181 173 180 161 118 120 134 200
  134 196 196 180 113 153 173 114 107 115 179]
 [  0 131 191 149 107 138 105 133 138 158 104 103 189 200 200 111 169 197
  137 184 186 100 179 123 121 112 183 162 115 198 193 193 154 199 127 101
  143 112 176 129 103 171 180 121 111 120 128 159 130 100 115 115 161 185
  101 102 176 104 154 131 143 150 149 144 126 167 144 194 128 105 103 163
  116 123 109 109 170 118 188 134 112 116 131 148 122 179 159 115 151 115
  133 147 171 174 167 149 108 178 135 186 161]
 [  0 159 154 197 172 200 151 133 196 108 128 194 141 102 152 171 104 120
  110 117 164 125 180 161 175 199 154 146 178 141 108 142 106 161 120 139
  104 185 142 114 156 186 119 113 143 145 188 184 101 150 181 173 114 107
  173 144 191 125 136 124 116 104 186 145 173 102 156 197 113 115 145 149
  140 192 155 152 112 179 121 138 180 118 199 141 109 139 144 112 116 124
  130 174 165 173 115 189 133 125 158 161 153]
 [  0 129 123 142 195 153 137 105 173 126 118 176 115 103 183 171 181 172
  142 173 147 107 131 106 121 159 113 119 135 136 162 168 160 171 174 133
  142 102 137 108 156 176 189 150 164 171 157 187 200 179 116 110 134 124
  191 155 194 176 182 145 184 132 188 128 125 112 100 196 137 161 190 107
  149 157 180 151 124 198 181 193 109 120 186 151 166 130 191 175 118 184
  102 190 189 138 173 172 113 154 187 183 133]
 [  0 180 176 121 115 152 113 185 107 111 105 159 182 193 189 110 160 111
  192 121 199 155 112 166 135 121 192 160 139 113 135 135 109 195 129 140
  151 128 112 187 146 160 111 174 171 133 145 168 138 118 199 193 187 111
  155 150 130 134 194 149 125 119 123 127 191 190 126 169 114 177 160 125
  100 134 187 130 167 130 153 125 170 174 149 149 123 187 140 116 172 159
  181 123 172 137 164 196 101 152 172 167 170]
 [  0 199 190 175 166 126 174 156 109 180 184 140 177 160 125 128 181 133
  162 144 170 139 100 123 136 176 109 105 166 116 137 148 132 124 171 178
  173 121 199 195 169 180 177 162 133 161 115 127 189 113 174 175 163 128
  151 119 134 101 131 123 195 141 105 135 190 147 194 122 149 198 193 189
  198 119 182 103 153 177 164 125 115 122 101 117 136 192 189 127 152 170
  165 128 123 199 117 158 121 185 117 155 159]
 [  0 114 172 106 148 164 143 158 163 146 100 162 186 196 182 113 149 115
  195 156 104 182 126 114 116 176 157 198 167 145 187 166 163 122 142 177
  181 193 144 160 196 194 126 117 129 174 191 160 184 135 167 132 116 129
  196 151 141 107 117 151 121 189 136 161 145 102 200 183 101 127 181 115
  200 108 149 129 143 123 193 132 132 144 200 173 189 183 125 105 180 100
  194 173 147 158 195 179 116 172 156 164 139]]
job2fam
[[1 0 0 0 0 0 0 0 0 0 0 0 0 0 0 0 0 0 0 0 0 0 0 0 0 0 0 0 0 0 0 0 0 0 0 0
  0 0 0 0 0 0 0 0 0 0 0 0 0 0 0 0 0 0 0 0 0 0 0 0 0 0 0 0 0 0 0 0 0 0 0 0
  0 0 0 0 0 0 0 0 0 0 0 0 0 0 0 0 0 0 0 0 0 0 0 0 0 0 0 0 0]
 [0 0 0 1 0 0 1 0 0 1 0 0 0 1 0 1 1 0 0 0 0 1 1 1 0 1 0 0 1 0 0 0 0 1 0 0
  0 1 1 1 0 0 0 1 0 1 0 0 0 1 1 0 0 0 0 1 1 0 1 0 1 0 0 0 0 0 0 0 0 0 0 0
  0 0 1 1 0 1 0 0 0 0 1 1 1 1 1 0 1 0 0 0 0 0 0 1 1 0 0 0 0]
 [0 1 1 0 1 0 0 1 0 0 1 1 0 0 1 0 0 1 0 1 0 0 0 0 0 0 1 0 0 1 1 0 0 0 1 0
  0 0 0 0 0 1 0 0 0 0 0 1 1 0 0 1 0 1 1 0 0 1 0 1 0 1 1 1 1 1 1 1 1 0 0 1
  0 0 0 0 1 0 0 1 1 1 0 0 0 0 0 1 0 0 1 0 0 1 0 0 0 0 1 1 0]
 [0 0 0 0 0 1 0 0 1 0 0 0 1 0 0 0 0 0 1 0 1 0 0 0 1 0 0 1 0 0 0 1 1 0 0 1
  1 0 0 0 1 0 1 0 1 0 1 0 0 0 0 0 1 0 0 0 0 0 0 0 0 0 0 0 0 0 0 0 0 1 1 0
  1 1 0 0 0 0 1 0 0 0 0 0 0 0 0 0 0 1 0 1 1 0 1 0 0 1 0 0 1]]
unit_cost
[20 28 29 23 26 23 23 20 27 25]
pre_factor
2.0
