param: 
proc_time: (1, 100)
setup_rate: 0.5
setup_time: (15, 30)
delivery_time: (170, 200)

mach
10
job_rate
5
fam
8
setup_rate
0.5
proc_time
[[  0  69  67  98  81  35  44  32   4  78  99 100  20  66   5  62  72  92
   17 100  30  17  55  84  62  66  62  71  50  87  34  27  87  48   9  37
   96  20  78  99  15  74  19  84  70   9  65  59  22  98  89]
 [  0  24  37  63  75  43  83  50  40  88  40 100  12  73  61  51   5  80
   92   3  28  24  46  60 100  71  36  18  41  87   3  34  42  68   5  24
   25  26  72  96   6  94  14  28  62   5  67  58  86  47  42]
 [  0  86  74  49  53  52  31  20   3  16  51  63  89  88  30  68  98  67
   29  87  86  65  88  74  45  21  96  61  86  93   8  10  21  59  19  60
   47  21  85  33  65   7  35  60  82  75  49  28  62  37  71]
 [  0  99   8  78  79  67  50  16  85  71  31  48  64  16   5  53  71   8
   47  34  77  11  60  97  86  60  96  18  33  39   9  29  22  13  69  76
   15  14   3  64  56  95  35  58  88  37  60  25  39  31 100]
 [  0  43  68  98  74  71  88   5  21   1  43  75  89   1  92  81  96  70
   55  51  94  92  90  40   9  95  41  57  44  22  30   3  40  45  51  94
  100  54  68 100  97  72  97  25  33  86  12  24   1  40   5]
 [  0  31  18  81  77  70  38  99  91  22  19  82  65  93  87   1  27  94
   87  92  46  76  96  47   1  87   8  30  87  43  62  17  27  20  96  49
   64   5  96  62  90  76  54  69  76  20  83   3  99   7  18]
 [  0  34   8  18  11   5  56   6  84   1  31   5  43  24  90  34  73   7
   26   4  41  37  42  56  12   1  75   2  31  69  23  88  75  57  59  34
   94  56  17  68  20  19  59  33  86  86  41  46  30  58  92]
 [  0  30  29  40  38  94  73  15  97  10  40  78  93  64  48  42  86  25
   61  76  82  58  37  76  33  81  68  13  88  54  68  80  72  44  61  59
   86  12   9  48  24  98  97  56  91  87  16   9   2  23  58]
 [  0  88  27  28  29  91  32  17  55  44  51  35  73  75   9  22  46  94
   87  23  83  49   1  40  73  83  26  21  87   2  77  62  49  95  39  56
   41  55  16  97  90  57  27  36  43  66  81  43  64  86   6]
 [  0  51  94  50  60  37  17  98   9  78  22  18  46  13  77  29  71  87
   34  84  21  43   5  34  26  96  99  87  27  76  48  97  83  17  56  69
   19  44  60  17  42  63  47  74  68  64   3  74  67  84  46]]
setup_time
[[[ 0 20 25 29 22 17 26 17 15]
  [ 0  0 26 23 26 15 24 27 22]
  [ 0 24  0 21 21 19 16 17 27]
  [ 0 22 19  0 21 19 19 22 23]
  [ 0 24 29 20  0 23 26 29 24]
  [ 0 24 17 19 30  0 22 29 22]
  [ 0 15 29 24 15 29  0 22 23]
  [ 0 23 19 26 20 18 27  0 16]
  [ 0 15 22 28 17 17 27 21  0]]

 [[ 0 19 25 24 28 30 30 25 15]
  [ 0  0 28 26 27 20 16 23 30]
  [ 0 18  0 24 30 29 27 28 28]
  [ 0 26 26  0 21 19 21 21 15]
  [ 0 28 30 17  0 24 29 26 30]
  [ 0 16 17 21 17  0 24 17 25]
  [ 0 30 20 25 29 21  0 18 17]
  [ 0 26 21 30 20 17 19  0 18]
  [ 0 22 19 19 26 21 21 26  0]]

 [[ 0 23 15 16 28 27 21 27 17]
  [ 0  0 26 24 17 30 22 19 27]
  [ 0 30  0 21 29 29 29 18 16]
  [ 0 23 15  0 17 27 27 23 15]
  [ 0 30 25 16  0 26 17 27 24]
  [ 0 27 15 22 15  0 28 16 15]
  [ 0 28 23 15 20 27  0 19 16]
  [ 0 22 30 20 18 23 28  0 26]
  [ 0 30 25 29 29 22 30 26  0]]

 [[ 0 28 18 15 30 27 25 29 28]
  [ 0  0 30 28 18 15 25 19 21]
  [ 0 16  0 16 16 20 22 20 30]
  [ 0 23 29  0 29 29 26 15 29]
  [ 0 16 22 29  0 22 23 20 29]
  [ 0 28 22 30 24  0 19 20 29]
  [ 0 18 24 16 17 29  0 27 20]
  [ 0 20 28 18 21 22 22  0 27]
  [ 0 22 27 30 28 15 16 20  0]]

 [[ 0 27 28 28 27 15 16 15 22]
  [ 0  0 29 28 21 15 27 22 30]
  [ 0 20  0 21 21 28 30 19 19]
  [ 0 19 18  0 18 29 26 29 23]
  [ 0 21 27 21  0 21 25 25 17]
  [ 0 15 15 22 17  0 26 25 24]
  [ 0 16 29 16 30 25  0 15 23]
  [ 0 21 30 29 23 22 23  0 27]
  [ 0 24 25 17 29 30 30 24  0]]

 [[ 0 15 18 18 26 15 21 19 22]
  [ 0  0 23 23 28 23 20 25 27]
  [ 0 16  0 18 29 27 23 19 20]
  [ 0 23 23  0 17 21 25 27 23]
  [ 0 19 21 25  0 28 21 26 24]
  [ 0 28 18 28 18  0 26 26 18]
  [ 0 27 30 20 21 22  0 16 22]
  [ 0 25 23 25 20 30 25  0 28]
  [ 0 28 18 22 30 25 23 18  0]]

 [[ 0 18 30 29 26 19 25 30 23]
  [ 0  0 30 17 18 16 23 20 26]
  [ 0 17  0 27 23 19 28 27 29]
  [ 0 28 25  0 21 20 19 26 20]
  [ 0 22 29 16  0 23 16 18 15]
  [ 0 27 22 26 18  0 23 19 29]
  [ 0 18 20 21 18 25  0 22 24]
  [ 0 19 21 15 15 28 17  0 28]
  [ 0 23 22 26 23 17 30 24  0]]

 [[ 0 26 23 20 16 26 15 30 19]
  [ 0  0 19 15 15 20 20 16 26]
  [ 0 24  0 25 25 28 20 24 19]
  [ 0 19 24  0 16 27 21 27 19]
  [ 0 17 24 28  0 29 19 25 23]
  [ 0 16 18 20 17  0 17 15 22]
  [ 0 15 27 17 19 18  0 25 24]
  [ 0 25 17 27 30 21 20  0 27]
  [ 0 19 23 22 22 18 27 26  0]]

 [[ 0 21 27 28 26 30 17 25 16]
  [ 0  0 23 22 25 28 30 25 25]
  [ 0 24  0 23 29 21 30 17 16]
  [ 0 19 30  0 17 17 30 24 28]
  [ 0 20 25 17  0 15 19 17 15]
  [ 0 20 30 20 23  0 29 30 23]
  [ 0 15 22 29 15 29  0 23 21]
  [ 0 23 19 16 16 22 30  0 26]
  [ 0 28 17 16 25 25 18 29  0]]

 [[ 0 27 19 22 26 22 30 17 25]
  [ 0  0 28 30 28 27 18 21 23]
  [ 0 20  0 30 26 27 19 18 23]
  [ 0 22 23  0 23 28 23 23 22]
  [ 0 24 24 24  0 30 25 19 21]
  [ 0 21 23 27 19  0 30 19 24]
  [ 0 29 18 28 21 19  0 21 16]
  [ 0 20 20 16 15 26 22  0 27]
  [ 0 30 16 29 30 26 21 16  0]]]
delivery_time
[[  0 174 191 175 189 176 185 170 176 184 173 190 180 181 186 183 182 192
  194 197 200 186 193 196 190 183 183 177 184 187 188 196 178 178 180 183
  194 177 185 195 193 180 187 175 191 173 182 187 183 175 177]
 [  0 196 170 170 197 171 177 177 176 200 181 177 193 180 195 197 184 193
  199 196 188 194 171 178 199 181 184 171 178 188 198 170 191 181 183 176
  196 172 189 193 197 184 182 179 198 175 179 182 180 173 170]
 [  0 174 170 180 180 176 196 176 179 191 182 199 198 186 197 199 170 188
  196 181 193 199 171 185 199 196 197 182 186 172 198 191 177 199 176 199
  186 177 174 179 179 199 197 200 181 184 192 180 181 179 179]
 [  0 184 183 172 182 183 184 176 180 175 172 187 170 186 179 187 181 196
  171 183 179 185 191 172 195 177 172 187 172 193 200 176 189 184 172 193
  174 198 173 182 193 184 178 197 178 184 194 180 191 198 183]
 [  0 185 178 173 192 198 174 174 200 187 175 177 183 173 197 193 196 186
  177 197 187 187 195 188 200 173 200 188 193 172 171 175 183 196 189 199
  187 198 191 175 170 200 187 190 185 173 190 174 172 174 188]
 [  0 188 193 191 199 170 199 200 185 186 200 180 196 193 199 177 197 173
  192 200 188 184 191 194 175 196 191 198 180 194 199 172 176 184 189 184
  177 189 180 186 185 181 173 199 179 177 172 178 171 180 186]
 [  0 177 171 184 171 180 181 171 187 176 178 184 196 188 172 170 183 189
  197 190 179 189 179 178 183 182 192 190 190 196 193 188 176 192 185 199
  188 179 176 173 178 198 197 190 184 173 200 178 176 190 172]
 [  0 195 186 200 198 191 173 182 187 186 192 183 191 200 173 188 198 179
  176 195 183 197 176 189 182 176 190 178 178 177 172 182 197 180 175 172
  178 190 170 198 179 186 176 172 198 188 170 185 175 170 198]
 [  0 171 185 189 196 178 200 191 186 173 182 180 200 180 195 170 198 200
  189 192 183 183 200 190 197 180 195 184 185 177 189 183 173 181 187 176
  171 170 171 185 199 180 194 173 200 189 175 176 184 171 199]
 [  0 200 199 175 175 177 183 186 188 193 194 186 170 170 178 195 179 194
  185 185 193 178 200 185 184 183 200 182 194 188 195 195 187 171 174 186
  174 200 189 195 196 198 175 179 178 186 170 179 188 189 189]]
job2fam
[[1 0 0 0 0 0 0 0 0 0 0 0 0 0 0 0 0 0 0 0 0 0 0 0 0 0 0 0 0 0 0 0 0 0 0 0
  0 0 0 0 0 0 0 0 0 0 0 0 0 0 0]
 [0 0 0 0 1 0 0 0 0 0 0 1 0 0 0 0 0 0 0 0 0 0 0 0 0 0 0 0 0 0 0 1 0 1 0 0
  0 0 0 0 0 0 0 0 0 1 0 0 0 0 0]
 [0 0 0 0 0 0 0 0 1 0 0 0 1 0 0 0 1 0 0 0 1 1 0 0 0 1 1 0 0 1 0 0 0 0 0 0
  0 0 0 0 0 0 1 0 0 0 0 1 0 0 0]
 [0 0 0 1 0 0 0 0 0 0 0 0 0 0 0 0 0 0 0 0 0 0 0 0 0 0 0 0 0 0 0 0 0 0 0 0
  1 1 0 0 0 0 0 1 1 0 0 0 0 1 0]
 [0 0 0 0 0 1 0 0 0 0 0 0 0 0 0 0 0 0 0 0 0 0 0 0 0 0 0 1 0 0 0 0 0 0 0 1
  0 0 1 0 0 0 0 0 0 0 1 0 0 0 0]
 [0 0 0 0 0 0 1 0 0 0 1 0 0 0 0 0 0 0 0 1 0 0 0 0 0 0 0 0 0 0 0 0 0 0 0 0
  0 0 0 1 1 0 0 0 0 0 0 0 0 0 0]
 [0 0 0 0 0 0 0 0 0 0 0 0 0 0 0 0 0 0 1 0 0 0 0 1 0 0 0 0 0 0 1 0 0 0 0 0
  0 0 0 0 0 1 0 0 0 0 0 0 0 0 0]
 [0 0 1 0 0 0 0 0 0 1 0 0 0 1 1 1 0 0 0 0 0 0 0 0 1 0 0 0 1 0 0 0 1 0 0 0
  0 0 0 0 0 0 0 0 0 0 0 0 1 0 1]
 [0 1 0 0 0 0 0 1 0 0 0 0 0 0 0 0 0 1 0 0 0 0 1 0 0 0 0 0 0 0 0 0 0 0 1 0
  0 0 0 0 0 0 0 0 0 0 0 0 0 0 0]]
unit_cost
[16 17 12 17 12 15 11 11 12 13]
pre_factor
2.0
