param: 
proc_time: (1, 100)
setup_rate: 1.0
setup_time: (30, 60)
delivery_time: (1, 100)

mach
10
job_rate
5
fam
8
setup_rate
1.0
proc_time
[[  0  64  35  41  69  77  65  55  66  24  78  21  90  51  14  71  79  61
   13  28  92  91  15  72  42   6  19  10  84  24   3  56  56  24   2  47
   44  24  48  83  42  60  79  93  10  76  35  16  55  32  57]
 [  0  20   2  73  88  91  51  84  20  52  42  29  94  34  53  85  83  40
   78  16  13  20   8  49  19  89  98  53   8  44  97  82  65  96  16  34
   18  69  53  55  23  17  93  46  26  99  50  55  43  14  18]
 [  0  91  75  31   4  43  39  92  63  68   2  10  41  78  18  87   7  36
    3  91  58   5  29  30  29  80  63  49  81  25  76  52  35  26  85  59
   47  50  41  43  96  17  66  82  80  52  39   6  90  46  10]
 [  0  33  36   9  51  93  31   7  46  96  20  82  65  59  80  70  19  62
   15  55  62  67   2  58  60   5  11  34  74  20  50  66  92  94  60  57
   41  65  67  84  46  24  97  54  98  42   4  70  58  67  27]
 [  0   5  15  82  14  15  69  88  31  24  49  45   5   2  49  86  74  81
   38  15  79  21  33  31  29  32  58  19  88  95  93  71  52  50  75  52
   74  33  40  31  53  29  54   6  93  46  60  51  65  99  84]
 [  0   1   9  49  57  94  35  24  47  57   4  40  81  70   9   8  30  40
   38  35  57  42  26  76  55  11  63  95  47  22   6  91  58  96  45  12
    8  16  98  45  32  20  69  39  51  98  68  30  19   2  10]
 [  0 100  20  74  68  33  99  55  20  40   5  35  70  53  77  47   5  54
    9  69  14  52  12  28  68  86  93  84  13  79  23   2  42  17  37  78
   11  35  28  62  94  15   7  44   6  42  86  83  89  92  81]
 [  0  43  57  30   5  11  11  60  93  20  48  23  91  52 100  41  14  79
   48  62   7  65  60  85  50  32  16  51  69  82  30  81  33  27  59  97
   59  86  80  15  68  16  70  65  49  57  37  64  73  79   6]
 [  0  59  84  99  17   7  25  90  53  88  28  51 100  22  85 100  20  55
   23  55  58  56  49  43  74  48  57  28  39  81  43  16  47  61  28  57
   20  54  19  23  80  30 100  49  30  95   2   1  63  29  83]
 [  0   6  26  72  13  96  42  38  60  30  24  46  73  73  54  27  39  42
   34   4  43  72   8  74  78  31  17  31  26   2  87  34  19  33  34   6
   44  46  48  75  16  25  90  12  39   5  74  31  67  45  75]]
setup_time
[[[ 0 31 54 58 39 36 53 51 52]
  [ 0  0 45 59 39 59 39 59 55]
  [ 0 47  0 59 52 39 54 38 30]
  [ 0 34 48  0 41 32 37 42 30]
  [ 0 59 35 58  0 39 58 47 35]
  [ 0 44 58 38 55  0 41 52 52]
  [ 0 32 40 39 40 38  0 47 38]
  [ 0 57 40 47 51 36 59  0 32]
  [ 0 32 38 37 37 38 57 30  0]]

 [[ 0 40 47 54 42 55 56 42 44]
  [ 0  0 59 47 35 41 59 31 53]
  [ 0 35  0 37 50 37 52 36 34]
  [ 0 33 59  0 51 55 30 54 54]
  [ 0 37 57 50  0 47 43 55 34]
  [ 0 50 49 48 60  0 30 42 48]
  [ 0 45 34 44 53 36  0 47 53]
  [ 0 35 55 57 57 39 35  0 53]
  [ 0 31 49 52 35 56 50 42  0]]

 [[ 0 51 36 57 39 52 36 50 34]
  [ 0  0 41 59 40 54 59 41 41]
  [ 0 41  0 50 31 48 43 38 57]
  [ 0 33 32  0 42 31 59 52 60]
  [ 0 51 34 56  0 51 47 31 47]
  [ 0 58 31 39 57  0 47 45 39]
  [ 0 43 48 52 39 38  0 57 36]
  [ 0 44 39 46 53 39 39  0 47]
  [ 0 39 46 59 41 35 35 31  0]]

 [[ 0 33 42 36 41 51 31 47 32]
  [ 0  0 40 50 36 35 47 44 54]
  [ 0 34  0 53 59 39 43 37 34]
  [ 0 55 38  0 60 38 36 33 50]
  [ 0 39 33 41  0 46 38 54 31]
  [ 0 34 60 53 37  0 39 47 53]
  [ 0 40 50 51 41 43  0 45 32]
  [ 0 53 30 46 46 47 36  0 52]
  [ 0 35 44 39 53 44 58 31  0]]

 [[ 0 45 38 51 60 38 44 52 52]
  [ 0  0 56 33 51 42 54 40 55]
  [ 0 39  0 32 41 32 47 45 60]
  [ 0 47 52  0 45 39 54 41 39]
  [ 0 35 48 59  0 44 55 44 34]
  [ 0 32 37 46 49  0 31 52 30]
  [ 0 59 33 56 34 55  0 50 50]
  [ 0 30 51 57 34 50 33  0 58]
  [ 0 46 49 30 36 47 41 37  0]]

 [[ 0 48 46 41 57 37 57 48 58]
  [ 0  0 57 59 53 39 52 30 54]
  [ 0 45  0 52 58 44 57 39 54]
  [ 0 30 47  0 46 42 55 35 55]
  [ 0 52 47 41  0 35 51 43 59]
  [ 0 35 40 54 55  0 34 43 30]
  [ 0 54 58 58 43 56  0 37 35]
  [ 0 40 38 51 54 45 59  0 44]
  [ 0 48 45 58 58 34 51 46  0]]

 [[ 0 57 30 52 39 42 39 60 30]
  [ 0  0 42 59 47 45 41 33 39]
  [ 0 38  0 56 46 42 39 34 47]
  [ 0 60 54  0 58 34 31 36 44]
  [ 0 57 30 45  0 36 52 37 40]
  [ 0 43 52 36 43  0 39 40 48]
  [ 0 45 49 55 39 37  0 49 49]
  [ 0 47 31 47 40 38 33  0 36]
  [ 0 58 54 36 59 39 44 38  0]]

 [[ 0 45 49 49 60 48 48 60 53]
  [ 0  0 53 37 43 40 45 31 37]
  [ 0 41  0 59 32 52 59 57 50]
  [ 0 35 52  0 40 40 44 54 46]
  [ 0 40 55 42  0 31 39 50 55]
  [ 0 35 41 57 41  0 42 48 53]
  [ 0 46 34 34 41 41  0 31 43]
  [ 0 38 55 44 46 33 49  0 40]
  [ 0 35 38 34 35 40 37 39  0]]

 [[ 0 45 30 48 47 42 59 30 53]
  [ 0  0 38 50 43 30 33 47 33]
  [ 0 31  0 40 57 58 57 59 60]
  [ 0 43 37  0 47 43 49 44 32]
  [ 0 50 52 42  0 57 30 54 43]
  [ 0 45 30 50 43  0 34 38 40]
  [ 0 52 58 48 41 57  0 60 53]
  [ 0 41 58 48 56 42 38  0 51]
  [ 0 43 35 30 44 47 38 51  0]]

 [[ 0 44 39 31 57 37 47 36 43]
  [ 0  0 60 33 31 41 39 53 49]
  [ 0 53  0 55 30 56 48 32 32]
  [ 0 52 30  0 33 49 41 48 56]
  [ 0 43 47 42  0 54 55 48 49]
  [ 0 38 59 52 54  0 33 52 31]
  [ 0 56 31 50 50 56  0 43 37]
  [ 0 38 45 30 58 51 56  0 32]
  [ 0 30 46 48 31 32 53 32  0]]]
delivery_time
[[  0  60  59  18  43  92  10  73  20   2  33  56  52  84  76  39  56  61
   76  67  31  36  99  69  87  43  70  37  12  63  32  66  21  78   7  22
   39  12  41  68  36  43   7  93  41  85  33  63  36  11  31]
 [  0  35  92  65  95  72   7  31  99  15  78  97  58  26  47  19  72  62
   67  57  88   9  92  50  50  62  84  44  11  67  52  55  59  60  70   2
   70  98  46  10  58  95  43  43  28  33  31  42  83  86  61]
 [  0  13   4  43  19  68  77  67  82  66  57  55  25  45  28  73  21  69
  100  11  52  46  20  77  80  96  16  79  89  43  84  43  73   8  39  66
   60  51   5  77  87 100  49  75  33  32   3  23   6  71  22]
 [  0   4  44  18  26  45  61  34  33  11  21  58  98  60  39  95  67   7
   12   4  78  11  84  58  20   6  68  45  21   5  74  31   9 100  70   1
    4   9  48  65  81  86  44   1  18  86  34  67  44  79  55]
 [  0  85  56   8  47  81  44  23  86  45   6  71  32  99  71  46  82  68
   87  96  34  38  22  83  26  96  57  13  10  86  13  61  95  59  80  95
   61  13  34  69  90  36  70  25  14  21  43  73  18  26  95]
 [  0  12  60  53  47  71  62  24  12   8  18  37  76  48  18  76  84  76
   80  99  32   8  93   9  35  33  25  73  68  47  56  80  96  39  47  92
    8  88  28  14  83  99   1  73  97  33  69  82  37  48  89]
 [  0   4  50  49  89  16  90  97  81  42  49  84  94  11  60   8  75  89
   52  66  35  18  19  87  84  51   6  29  10  23  32  84  38  24  87  81
   86  76  62  43  62  16  46  53  26  45   2 100  61  75  10]
 [  0   4  64   2  16  60  30  75  58   3  30  37  84  55  12  15  81  14
   15  70  23  68  91  98  71  53  93  20  23  35  14  59  29   8  68  56
   98  35  54  65  42  10  20  71  53  77  77  10  92  87  76]
 [  0   1  58   1  90  84  37  89  44  81   1  66  15  96  82  63  91  27
   51  45  32  37  42  85  21  77  71   4  65  75   4  61  83  67  83  69
   74  54   7  39   4  50  62  41  45  76  53   9  99  31  14]
 [  0  12  73  28  96  19 100  26  28  47  79  99  75  22 100  67  82  47
   95  22  87  28  55  38  82  81  80  19  57  55  43  86  85  26  51  69
   18  46  81   3   2  54  19  36  96  46  11  12  92  64  72]]
job2fam
[[1 0 0 0 0 0 0 0 0 0 0 0 0 0 0 0 0 0 0 0 0 0 0 0 0 0 0 0 0 0 0 0 0 0 0 0
  0 0 0 0 0 0 0 0 0 0 0 0 0 0 0]
 [0 0 0 0 1 0 0 0 0 0 0 0 0 0 0 0 0 0 0 0 0 0 0 0 0 0 0 0 1 0 0 0 0 0 0 0
  0 0 0 1 0 0 0 0 0 0 0 1 0 0 0]
 [0 0 0 0 0 0 0 0 0 0 0 0 0 0 1 0 0 0 0 1 0 0 0 0 0 0 0 0 0 0 0 0 1 0 1 0
  0 0 1 0 0 0 0 1 0 0 0 0 0 0 0]
 [0 0 0 0 0 0 0 0 0 0 0 0 0 0 0 0 0 1 1 0 0 0 0 0 1 0 1 0 0 0 0 0 0 1 0 0
  0 0 0 0 0 0 0 0 0 0 0 0 0 0 0]
 [0 0 0 0 0 0 0 0 0 0 0 0 0 0 0 0 0 0 0 0 0 1 1 1 0 0 0 0 0 0 0 1 0 0 0 0
  0 0 0 0 0 0 0 0 0 0 0 0 0 0 1]
 [0 0 0 0 0 0 0 0 0 0 0 1 0 0 0 1 0 0 0 0 0 0 0 0 0 0 0 1 0 1 1 0 0 0 0 1
  1 1 0 0 1 0 1 0 1 0 0 0 0 1 0]
 [0 0 0 0 0 0 1 1 0 1 0 0 0 1 0 0 1 0 0 0 0 0 0 0 0 0 0 0 0 0 0 0 0 0 0 0
  0 0 0 0 0 0 0 0 0 0 1 0 0 0 0]
 [0 0 0 1 0 1 0 0 1 0 0 0 1 0 0 0 0 0 0 0 0 0 0 0 0 0 0 0 0 0 0 0 0 0 0 0
  0 0 0 0 0 0 0 0 0 1 0 0 1 0 0]
 [0 1 1 0 0 0 0 0 0 0 1 0 0 0 0 0 0 0 0 0 1 0 0 0 0 1 0 0 0 0 0 0 0 0 0 0
  0 0 0 0 0 1 0 0 0 0 0 0 0 0 0]]
unit_cost
[8 6 6 7 6 9 9 7 6 5]
pre_factor
2.0
