param: 
proc_time: (1, 100)
setup_rate: 2.0
setup_time: (60, 120)
delivery_time: (170, 200)

mach
5
job_rate
5
fam
5
setup_rate
2.0
proc_time
[[  0  11  14  60  36  41   2  57  60  20  22   4  56  93  58  88  65  88
   58  30  76  19  62  68  79  84]
 [  0  84  61  21  10  30  24  48  55  52  38  67  93   8  29  10  69  75
   68  49  58  35  50  40  12  85]
 [  0  78  85  48  91 100   1  65  22  15  84  67  14  73  19  40  98   4
   33  43  37  66  27  45  81  50]
 [  0  63   6  95  67  67  97  59  13  21  64  37  80  85  48  56  44  13
    4  95  73  33  37  53  24  89]
 [  0  41  29  59  40  51  50  36  79  60  18  20   5  18  40   1  19  87
   26  29  59  63  98  83  62  48]]
setup_time
[[[  0  61 119  86  65  98]
  [  0   0  65  90 100  99]
  [  0 115   0  80 100 103]
  [  0  82  97   0  87  95]
  [  0  66  77 120   0  64]
  [  0 101  99  92  74   0]]

 [[  0 105  60  80  67  66]
  [  0   0 103  99  99  89]
  [  0  94   0 105  67  97]
  [  0  96  80   0  68 104]
  [  0 100 115  83   0  71]
  [  0  78  89  75  83   0]]

 [[  0  82 115  97  90 112]
  [  0   0 108 108  62  85]
  [  0 103   0  81  80  88]
  [  0 105  98   0  73  77]
  [  0  92  98  79   0  95]
  [  0  63  94  67 111   0]]

 [[  0 108 106  95  65 115]
  [  0   0  65 101  95  68]
  [  0  98   0 118  97  92]
  [  0  71 113   0 106  60]
  [  0 106  86  75   0  60]
  [  0  62  71 119  87   0]]

 [[  0  90 119  90 117  92]
  [  0   0  99  70 105  88]
  [  0 114   0 110 103 113]
  [  0 117  95   0  63  62]
  [  0  97  96 102   0 100]
  [  0  88 100  88  71   0]]]
delivery_time
[[  0 196 171 192 200 187 191 198 195 181 178 180 174 195 176 198 170 193
  194 200 198 174 175 182 180 177]
 [  0 171 184 179 177 171 190 184 198 175 174 191 191 172 180 180 185 172
  178 172 188 180 183 171 176 179]
 [  0 189 170 175 190 183 196 171 175 170 172 173 182 172 184 182 191 180
  173 199 186 174 190 194 193 200]
 [  0 190 193 199 179 176 186 197 176 196 193 188 178 193 171 191 189 188
  196 175 179 182 200 194 171 179]
 [  0 195 174 191 173 192 171 176 187 186 180 190 187 177 197 197 181 193
  170 189 199 194 190 181 196 195]]
job2fam
[[1 0 0 0 0 0 0 0 0 0 0 0 0 0 0 0 0 0 0 0 0 0 0 0 0 0]
 [0 0 0 0 0 1 0 1 0 0 1 0 0 0 1 0 0 0 0 0 0 0 0 0 0 0]
 [0 0 1 1 0 0 1 0 0 0 0 0 0 0 0 1 0 0 0 0 0 1 0 0 0 0]
 [0 0 0 0 0 0 0 0 0 0 0 0 0 0 0 0 1 0 0 0 1 0 1 0 1 0]
 [0 1 0 0 1 0 0 0 0 1 0 1 1 1 0 0 0 0 1 0 0 0 0 0 0 1]
 [0 0 0 0 0 0 0 0 1 0 0 0 0 0 0 0 0 1 0 1 0 0 0 1 0 0]]
unit_cost
[15 16 13 15 16]
pre_factor
0.5
