mach
5
job_rate
12
weight
[ 0  1  4  3 10 10  6  5  3  8  8  4  3  6  8  2  3  1  6  4  5  6  2  5
  6  5  9  2  5  3  8  8  4 10  1  1  5  1  6  7  5  4  6  9  6  3  8  7
  8  5  6  3  5  8  3  8  7  2  6  5  6]
proc_time
[[  0  69  90  55 121  88  84  52  55 145 144  75  73 106 136  96 105 148
  106 128  61  75 122  80  81 100 144  78 128 134 113  54  76  81 132  80
   55  88 111 101  57  78  52  67 132  92  51 141  69 148 149 136  87 132
  117 149 124 126 127 131  68]
 [  0 145  93 141 122  71 140  84 115 128  58 102  92  56  63 150  65 100
  103  56 139 138 128 115  54 141 114 143  72  69 148  87  60 110  98 150
  134  98  75 102 127 134  94 116 104  53  81  97  53 143 129 124 136  51
  118  80 104 144 144 150 139]
 [  0  91  93  74  85  92  96 113  85 123  66 100  53 119  54 123  63 131
   57  65 108 100  83 143 105  58 137 101  80  95  66  86 101  99  56  92
   96  93  75  71  90  51  64 103  74 142 132  95  70  74  90  96 104  80
   63 126 140 101 123 115 138]
 [  0  87  65  78 124 122 101 127  59 112  56  66 145 109  60 134 121 147
   63 134  66  96 119  68 138 100 129  71 117 124 112 135  56 107 111  97
  149  92 139 143  87 116 110 112  77  76  57  62 133 134  76 124 148 150
  104  69  83  75  56 147 134]
 [  0  61 115 100  94  96  85 113 104  83  78 131  70  90  70  89  51  70
  113  63  67  98  54 109  76  74  96  74 123 114  65  75  56  64  88 103
  135 145 100  53 107 142 138  84  84 130 120  70 130  87  86  97 147  57
  118 113 129  92 138  59 127]]
setup_time
[[[  0  63 116 219  55 383 368  26 146 111  19 133 396 101 118 102 281
   172  80 238 275   4 129 305  90 263 239 327 274 229 138  75  94 294
   209 329 340 220  74 269 259 250 121 347 152 176 265 108  98 353 223
   287 163 156 183 113 193 313 261  31 378]
  [  0   0  99 379 171 336  65  51 199 120 188 218 218 240 364 151  43
   138 343  52 100 211   4 298 130 252 383 144 260 189  72 166 149 178
    17 389  62 273 190  35 102 175 136 274 348 387  66  61  42 113 248
   311 357 134 322  15 100  54   0 300 296]
  [  0 295   0 217 113 295  46  47  27 239  64  80 225 338 293  58 319
   345 119 333  99 371 284 305 152 302 212  35 148 144  76  96 272 345
    97 191 388 134 136 328 265  34 238 375 322 338 347 124 390 231 228
   303 151 101  50 169 307 379 330  51 205]
  [  0  32 343   0 211 198 240  89 338 369 216 158 100 226   2 182 383
    79  46  58 140 379 288 223 295   9 385  13 165  88 138  33 253  72
   189  56 182 235 326 391 280 144 240  41 231 177  19 294  18 306  87
   378 190 350 240 168 127 263 164 345  49]
  [  0 214  62 153   0 122 295 333  46 236  89   4 218 114 261  52 358
   191 128 160 106  57 323 355 132 158 165  98 265 240  69 211 186 329
    62 269  83 187 343 110 164 331 133 288  17 200 125 301 347  45 292
   278 378  27  68 306 358 296 187 178 211]
  [  0 195 369 172 347   0 261 354  80  70 383 302 341 210 326   1  91
   287 291 283 118  92 378  73 255 122 280 359 350 103  93  50 157 285
   338 396 337 258 189  49   0 379 110 333 148 328 289   6 286 148 326
    58  93  42 381 396 291 351 356 179  79]
  [  0 186  49 138 298 382   0 272 256  40 270 267 359  17 168 386  62
    87 109 298 354 340 140 358  17  14 129 330  99  50  47 107 187  80
    16  22 341 309 334 225 247 167 145 373 327 253 259 269 131 360 241
   129 211 251 171  60 117 284 397 397   6]
  [  0  67 183 105 302 170  94   0 189 348 122 227 136 196 301 105 270
   383 188 227  76 286 320 251  72 165 384   8 352  87  55 273 137 160
   114 150 356 340 289 281   2  11 336 120 386  62 150 152   9  43 107
   374 233  36  37 305 134 329 131 373  63]
  [  0 355 375 151 227 327 103 176   0  96 165 154  46 360 182  37 153
    71 119 213 179  98 104  31 281 223 158 103 197  56 197 327 325 312
   207  33 162 146 373  18  50 208 381 207 130 216 232 352 382 229 139
   226 119  13  67 229 127 228 124   4  81]
  [  0 189 283 311 167 189   4  63 149   0 155 151 283 377 253  48  63
   163  76  44 233 363 250 244 135 290 179 121 283  82   4 145 399  95
   195 352 144 390 381  84  15 176  90  84 178 114   3  28   5  60  81
   211 162  42  62 151 379  30 242 338 313]
  [  0 107 389 311 343 386 213 283 140 294   0 252 251 368  24 128 367
   152 328 294  20 295 342 329 230 112 315 334 138  76 395 161  97   6
   251 298 153  49 381 344 374 350 191 332 100 200 348  49 331 261  67
   164 194 215  94 250 297 171 390 177 216]
  [  0  11 398 105 384  66 349 110 123 128 316   0 306 260 105 222 295
    29 202 108 299 359 330 158 242 115 399 308 376 376 111  57 221 265
   301  46 281  61  22 254  84 128 296 201 304 171 176  45 320  83  32
   370  40 194 218 338 394 220  22 304 204]
  [  0   0  41 232 221 254 313 377 316 296 119  31   0 102  32 246  24
   105 133 331 140 187 107  78 336 267 242 225 379 112 189  87   9  83
    27 289 108 316 274   9 266 213 346 130 369 275 373 269 333  18 234
   242 394 147 275  10 293 394  59 117 223]
  [  0 146 273 234 121 124 350  59  38 283 127   7 331   0  93  97   6
   146  56 214 200 291  46 325  73 234 111 150 285 377 354 153 292 223
   276 197 378 315 137 158  72  25 199 363 234 230 338 298 104 267  71
   205 261  87 323  90 101 213  76  67 269]
  [  0 360 176 252 138 158  35 200 306  63 373   6 324 282   0 136  15
   351 269  22 387  30 158 138 326 328 218 302 261 153  40 221 221 100
    20  64 140 163 282 187  70 296  83 363  93 332  50 354 171 104 299
    51 129  82  86 251 169  17 103  58 280]
  [  0 139 270  11 216 160 370 346 201  56   7 236 153 263 197   0 385
   364   0   5 373  74  27 249 143 202 190 279  91 227 140 247 342 205
   317 142 114 379 298 287 322 360  49 263  71  64 295  36 192 153 292
   360 315  59 106  34  86 273 323  78  31]
  [  0 156  49 228 284  96  42 141 208 394 268 147 369 360 289  49   0
   147 290 169 171 394 169 220 317 232  62 337 102 106  66 255 338  69
   116 358  65 150 369   1 391 254 158 378 128 332 111 384 398 134 322
   269 105 142  20  63 123 212 211 333  59]
  [  0 388 387 285 239  73 323  32 259 144 339 104 192 256 255  12 306
     0  51  20 338  69  11 323  93  15 387 172 314 301 265 156  40 258
   395 153 129 379 131  92 344 239 141 328 256 108  98 243 120 191  50
   318 273 320 344  94 383 318 173 169 311]
  [  0 199 176  54 293  95 248 213 274 300 358  56 289   8  29 246  66
   266   0 158 171  15 299 269 127 387 368 166  83 212  38 179 272 352
   186 217 348 334 386 371 191 188  23 225  21 152  69  36 169 113  86
   393 332 156 179 361 358 145 321 134 303]
  [  0 274 356  70  40   0 273 266 111  93 378 191 247 333  75  99 188
    49   4   0 320 295  60 310 283 102  64 140  22 335  42 239  81 203
   122 176  24 197  32 127 112 208 120 206 183 356 161 110 292 113 239
   198 277 153 233 274 210 159  68 181 394]
  [  0  64 323 145 251   3 127 221 273 243 225 377 288 285  70 398 245
   387 112 128   0 320 260 356 175  16 133  89 144 227   0 321 261 240
   203 239 282 214 207 146 313 102 106  18 164 201   9  96 188 208 233
   162 184  56 277 300 394 150 386  87 265]
  [  0 241 144  42  92 155 212  95 174  93 334 379  60  58 235 230 270
   238 223  26 396   0 151  98 122  91 331 113  83 211 243 323 350 222
    76  52 141 321 364 132  96   4 368 136 330 299  28 319  44 173  68
   277 107 167 322  31  34  53  20 109 233]
  [  0 221  72  47 264 351 113 261 202  92  81 314 130 314  84 126 166
   315 132  66  63 136   0 243 154 352 377 399 283 388 376  45 114  28
    18  44   4 267 216 387 323 369 133 206  33 199 240 322 205  58  33
   227  92 237 314 216 144  72 378  47 100]
  [  0 306  17  58 313 313 295 311 257 132 163  65 147 147  40 212 318
    58 116 396  47  41  34   0 368  24  73 124 314  63  44   5 207 273
   165 190 347 351 303 130 298 144 211 336 121  77 319  42 264 359 173
   266  85 226 110 192 248 146 127  91 125]
  [  0 250  71  97 153 307 376  10 286 384  28  49 351 354 303   1 299
   121 184 358 381 335  22 207   0 187 227 188 183 130 344 298 238 205
   277 200 357  98 155 274  51 165 207 196 144  70 199 240 233 387  74
   161 158 157 174   1  84 281 306  92 225]
  [  0 161 362 143 217 264 334  40 169 178 156 314 395 164 397 141 172
   117 160 142 134 385  70 284  48   0 392 358 378 256 384  42 153 211
   298 108 341  51 187 100 186 143 370  45 215  20  49 122 384  87 101
   313  68 141 221 218 312 203 348 358 201]
  [  0 223 341 127  24 115 198  88 262 383 343 258 112  36  79 104 347
   132 120  55 300  13  35 123 300 201   0 217 275 169 188 175  56  66
   383 230  21 222 213  94 264 325 199  86 164 396 307 222  25 351 214
   390 324 334 272 113 243  83 289 199 114]
  [  0 189  45  89 172  34  92 139  34  28 181 376 151 316 263   9 124
   218 209  93  10 161  62 377 134 180 220   0 325 112  62  63   6 357
    12 140 371 361 234 235  63  29 289 257  79 316 144 242  12 369  10
    83 331 303   1 186 305  33  91 173 242]
  [  0  11 364 196 101  65 145  98  82 232 103 233  35  55 240 275 381
   284  11 387 397 155 241 237 356 265 297 180   0 208  65 100  88  10
   252  68  17  13 358 304  43 360 342 265  70 194 159  65 112  64  24
   237  26  75 337 180 148  12 116 326   5]
  [  0  75  99 334  38 314 276 108  47 148 281 342 229 359  65 393 273
   381 340 358 272 186  85  89 232 323 143  60 355   0  48 347 189 342
   187 275 356 130 108 321 146 382  47 290  37  52 330 272  18  75 326
   287 192 174 371 199  70 251  28  70 173]
  [  0 357 322  44 292  30  24  50 254 189  96  76 137 380 328  11 101
   233   7 270 148 154 320 285 294  24 107 168 325 113   0 342 178 367
   257 302 322 345 238 374 259  27 225 219 170  59  63 102 380 389 369
   390  84 223  64  63 177 209 369 396 246]
  [  0  14  85 170  11 231 133 105 307 281 263 356 214 266  80 268 379
   144 320 301 317  14  30 194 253 296 223 159 326 125 135   0 165 293
    69 227 138 220 156 113 143 344 263  36 211 157  11 150 314 289 221
    64 120 266 112 168 209  15 132 375 288]
  [  0 399 119 165 226  99 142 245 298 226 299 269 387 222 361 206  11
   360  64 376 363 302 356 381 116 324 137 147 363 120  12 381   0  32
   159 382 181 323 151 143 211 327 259 330 323 390 391 380  91 113  86
   214  47 123 190 166 174  17  99 300 251]
  [  0 239  86 383 323  92  52 246 367  19 254 300 362  79  95 355 166
   383 232 111 210 323 111 372 122 269 392 234   0 373 324 197 194   0
   110 325 235 325 365 146 304 303 228  45 153 329   6 326 170 237 251
   243  14 324 234 324  49 334 188 369 266]
  [  0  97 282  96 265   6 218 345 253  57  44 359 350 218 379 285 360
   260 273 361 228 155   2 351   8 330  40 157 118 193  75 186   9   6
     0  19 225  86 104 167 349 156 319 153 340 362 275  51 335  71 188
   398  62 274 204 114 154 247 203 252  47]
  [  0 330 365  75 277 391 385  36 118 397  11  91 158 286 179 384 111
   275  32 362  26 377 241 368  15 277 110 242 181  99  42 250  34 363
   327   0 335  14 213 119 187 164  63 215  78 190  20 133  92 376  69
   107 261  59 344 346 374 340   0  95  65]
  [  0 160 322 214 192  99 307  98 151 332 331 295  72  17 128 299 172
   233 136 137 253   2 248 278 324  97 284 142  16 131 155 293  66 388
    74 321   0  20 111 327  31  83 260 381 168  76 345 214  69  25 272
   368 319 297 199 257 276  99 363 101  45]
  [  0  91 155 335 352 172  77 246 150  37  25  54 213  22 366 176  62
    48 273 362 161 344 284 217  93 159 315 183 143  77 213 270 331 386
    42 220  27   0  25 199 126 335  93 285 170 344 367 385 343   3 239
   276 154  70 224  73 367 180  27 323 116]
  [  0  76 309 189  25 325 378 112 311 192 105  58 200 223 170 156 128
   231 204 189 113 197 376 228 360 203 335 284 312 294 300 222 246 179
   362  81 380 243   0 333   4 262 368 251  68 311 111 270 225 152 316
   348 289 148 117 118  68 311 300 208 343]
  [  0 113  88 170 151 255 219  44 314  68  55 272 371 276 133 358 249
   159 138 162  77 190 120 371 102 129  25 202 120 305 147 219  61 160
   152  78 316 150 219   0 200  81  91 334 104 334 143 299 289 306 181
    81 377 117 122 317 250 172 343  42  39]
  [  0  35  38  56 159 147  50 349 140 285  51 122 215 205 148  11  50
   164 264 140  80 218 116 116 117 268  89 167  76 273 311 215 388  80
   255  61 262 179 156 105   0  83 265  96 234 143 131 308 222 158 216
    53 359  31 184   6 262  21 170 360 232]
  [  0  26 238 212 373 310  82 208 295 117 117 232  14  51 312  80  83
   143  74 129 229 269  16 365 258  37 175  13 359 316 166 182  34 269
    80 106 344 389 129 292 148   0 287 315 370 398  36 223 106  50 294
   149 273 309  44 127 342 298 122 257 150]
  [  0 330  16 176  62 174 319 395 381  45 326 383  28 230 207 230 174
   321 181 249 339  21 191 163 157 195 111 253 360   8  67  35 272  49
   175 115  86 176 135 229 165 118   0   8  81 375 146 158 301 349  64
   351 195 312 293  36  43  33 332  16 230]
  [  0  84  14 340 184  51 265 367 257 267 264 379  75  75 365 369 258
    16 336 251 154 140 367 115 351 242  34 334 318  69 204 165 384 117
   317 313  46 361  98 130 184  20 275   0 162 156 314  80 105 171 181
   257  60 251  22  17 254 222 127 282 122]
  [  0 237 200  42 236 116 333 125 328 398 154 212 123 122  98 348 332
   273 253  54 144 272  34 149 380 289 169 283 327  43 141  52 102 212
    20  84 163  85 268 110 130  48 136  17   0 320 268 280 371 166 105
    55 370  34 214 136  88 148 284 383 158]
  [  0  91 298 333 288  64 389 212 174 333 102 142 125  77  51 138  72
    41 326   8 250 199  37 222  39 392   0 190 398 355 124  36  67  30
    83 329 265 218  81 309 360 225  95 337  89   0 394 312 254   2   1
   111  25 276 295  53 349 390 226   5 161]
  [  0 360 305 321 193 150  61 320 325 349 104 285 158 157 302  39  57
   204 301 184  27 289 260 377  53 167 211 131 361  48 349 295  69 199
   374   3 221 346 314 259 175 260 290 322 244 204   0 124   7 185 389
     6 120 271 257 239 276 245 247 361  50]
  [  0 184 261 191 235 354 252 320 192 178 375  70  16 185 399 132 360
   114 350 330 138  49 139 392 235  52 207  87  80 297 283 236 173 332
   263 259 216   4 104 113 144 112 132  20 256 372 224   0  62 183  26
   275 266 339 163 253 102 135  54 341 334]
  [  0  42 200 173 275  67 345 121 347 200 145 330 147 264 134   8 321
    94 269 107 102  92 185 281  89 185 251 250 323 102 178 218 214 256
   327 190   3 130 199 300  23  82 269 361 131 341  59 243   0 136 365
   326  76  49 162 390 191 342   7  78 217]
  [  0 307  17  10  72 172 152 231 173 133  97  83  59 128 399  46  63
   292 317 336 391 283  20 159  97  86 186   9 247 357 175  64  34  28
   188 118 229 365 365 385 228 210   5 251 281 231 357 104 103   0  97
   154 307 259  72  35 202  53 314  69  25]
  [  0 217 377 117 253 253  11  62 310 164 163 330 350  42  91 365  91
   214 208 304 291  77 146 175 380   3 219 376  69 243 382 204   5  52
   159 244 152 213 295 178 250 358  15  77 359 139 247 345 255 321   0
   289 158 302  14 369 109 376 290 330 278]
  [  0 305 188 159 308 272 249 384   9 101 355  82  78  61  67 339 201
   128 205 217 272 288 346 150 267 284 375 326 252  63 213 385 340 373
   230 170 231 320 136  28 379 226 135 142 297 170 339 254 178  97 259
     0 113 240 123 379 222 286 397  93 349]
  [  0 265 151 187  84 392 169 263 372 377 355 132 295 335 129 245 321
   208 115 385 344 195  13 293  13 395 244 374  81 137 127 212 157 343
   139 196   5 297 166 290 251 316  56 102 328 377 393  99  97 356 290
   110   0 289 369 181  88 251 245 224 374]
  [  0  82  74 175 105 350 379 249 170  93 156 238 261 359 102 195 154
    89 161 336  92 275 311 145  24 288   7  91 343 334 161 353 154 127
    35 140 105  92 209 322 373 296 227 271  83 387  55 321 303 125 236
   156 263   0  90 118 166  10 193  71 367]
  [  0 180 346 315 145  50 364 318 133 176 325 303 328 369 378  93 369
    75  19  46 134 295 336 326 149 356 259 195   9  91 123  91 200 200
   221  99  53 276 349 283 173 190 382 399  97 254 164 151 197 359 359
   276 185  23   0  32 316 120  40 344  51]
  [  0 199 227 396  65 271 105   4  37 226  96  48 225   6 388 151 210
   349 368  26 286 147 160 220 291 160 345 224  20   0 331  43 113 202
   106 339 275 128 169 266  45 298 337  52 218  53 339  77 224  27 377
   147 200 363 315   0 185 212 193 349 274]
  [  0  46 142 319 210 336 353 147 271  70  50 142 355 333 371 236  78
    98 318 344 232  45 104  33  74 329  52 120 267 324 387  42  69 284
    99 301 355   3 394  67 151  72 364   0 207  90  83 150 232 233 169
   270  86 259 184 157   0  30 216 249 313]
  [  0 278   3 287 165 267 255 368  84  14  79 233  84 220 359 296 172
    71 165  95  12 102 127 298 390 398 237 166  22 300 305 387 157 127
   199 190 141  90 113  24  76  82 384 102  68 385 373 336  97 233 133
   328 356 368 185 211 190   0 317 122 342]
  [  0  71 254 212 138 226   2 330 284 306 198 121 391 123 172 148  84
    74 259   7 287   9 299  23 316  95 203 279 158 129 359  90 324 394
   189 392 357 106 135 357  67 264 259 236  93 357 248  20 344 221  75
     9 253  26 289 177 390  63   0  55 225]
  [  0 391 265 368  20 258 274 116  17  59  52   6 136  94 140 229 246
   354 373 356 309 291  33  31 208   9 217 162 316 180 124 130   2 199
   114 389  76 330 183 388  36 234 113  39 315  32 312 285 153 105  13
    57  89 128 129 309 341 285 142   0  36]
  [  0 183 265 176  33   3 124 285 318 204 234  51  23 211 306 187 258
   254 112 125 195 203  70 336  24 162 393 255 118 384 382  57  60 242
   156  23 139 136 366  30 296 147 190  96 314  67   6 208  11 197 214
   208 374  34  81 305  70 383  29 211   0]]

 [[  0 374  87  90 173  37  48  67 391   9 141  16 144 347 201 288 245
    84 376 292  97 216 364 356 197  67  67 282 299 167  15 391 115 348
   354 130 301 115  26 210 372  81  16 225 167  60 249 336  83 186 339
    91  24 245 215 264   6 300 338   9 215]
  [  0   0 339 280 282 226 354 232  15 241 138 391  75 269 353 113 226
   204 252 213  62  23  39 273 267 313 355 291   2  64 318 222 141 281
    26 380 335 364 278 192 284 329 105  87  96  26  49 364 307 233  39
   263  19 325 380 193  91 279 300 114 176]
  [  0 289   0  11 371 318 374 277  41 355 323 169 220 127 159 153 244
    97 206 162 134  44 301 331 267 261 346  94 220 226 152 134 254 236
   189 291 136 238 321 315 253 252  27  28 327 298  99 259  88 161  83
   332 243 107  91 146 276 305   7 111 181]
  [  0 368 373   0 265 224  70  60 174 345 163 325  20 300 350 220 315
   166 211  23 370  60 375 397 109 353  21  34 350 329  37 180   7 295
   378 240 173 154 332 249  52 314 264 210  71  19  44  19 109 104 218
   320 145 230 188 254 169  89 334 393 132]
  [  0 328  93 327   0 285 250 211 252 247 155  76 374 331  90 281 310
    96 129 272 232  45 123 383  34 157  60 350 308  75 125 110  42  24
   172  64 211  56 339 369 230  97 320 308 285  57 362 372 382 268 376
   189  94 274  26 150 231 179 310 109 312]
  [  0   6 163  30 309   0 337 382 359 206   1 258 158 337 264  53 222
    54 264 305 231 162  58 362 390 271  54   5 128 289 155 260 293  30
     9 251  99 157 371 249 332 269 105 320  85 228 152 313 208 362 116
   358 261 265 240 129  52 344 376 187 291]
  [  0 348 145 195 307 224   0 286 174 102 323 131  52  73  29 341 179
   327 145  66 159  76 376 155 123 360 385 274 260 337 289 323  72 335
    62  98 399  37 216  11  35 359 144  35 121   4 241 290 163 325  84
   105 391 225  69 218   0  26 186  49 171]
  [  0 270 282 200  71 317 351   0 367 271 102  17 370 389 106 332 332
   344  34 274 318 150  73 263 396 318 305 280  47 302 312  65  53 229
   388  43 157 231   7 357 253  37 331 212 240 346 301 273 383 170 291
   115 254 260 195 126 317 228 340  43 285]
  [  0 259 382 140 331 167 237 171   0  36 332  59  68 253 256 226 218
   142  46 162  43 142 325 266 337 200 165 295 112 309 343 393 335 330
   306  14 328 185 219 237  72 191  37 369 142  63 251 108 363  90 283
   108  44  12 353 210 231 237  56 134 343]
  [  0 169  54 295 290 176 305 303  50   0 111  95   4 233  59  40 130
   324 167 393 349 172 278 223 133 231  87 198  18 318 245 124 114 238
   178 108 177 107 357 156 309 368 354 254  65 273 123   5 101 178 174
    83  12 205 228  55 395 135 320  24 184]
  [  0 130  25  95 265 218  29 382 217 156   0 104  30  50 149  93 294
   158 288 160 341 121  56 374  39   2 292 385 297 187  94 383  82 333
   382  61 223  27 219  89 221 230  20 374 255 124 361 144 226 300 372
   156  76  40 135 124  90  56  95 361 351]
  [  0 347 262 346 361  43 191 380  21 386 353   0  67 396 248 271  74
   268 357 126 252 336 237 185 136 267 380  94 289 190  82 186 100 259
    76 149  56 114 257  92 297 350   4 263  15 256 329 352 323   4 222
   129  75  39 287  91 222 201  97  66  82]
  [  0 373 238   1  33 124  44 131  43  67 205  46   0  20 116 323 350
   373 102 141 382 298  92 173 182 146   4 388   5 281 356 125  32 324
   385 324 192 108  27 153 197 390  57  60 101 176 259 246 246  73 380
    82  12 268 214   6 269  20  26 301 290]
  [  0 374 372 268 292 191 219  31 166 129 260 195 309   0 107  47 125
   350  20 395 347 372 297 117 258 138 372  50 159 188 354 121 329 225
   264  31 349  75  57  68  73 165 154 127 191 342 276 264 303 311 139
   267 256 276 373 189  61 254  60 299  27]
  [  0 353 222 192 151 176 243 372 380 276 161  73 257 219   0 144 266
   112 352 224  18 211  33 319 387   1 327  51 318 191 355 318 344 358
   183 379  76 324 272  67 265 303 230 355  87 375 193  40 128  27 375
   168 361 166  64 125 181 152 323 108  40]
  [  0 375 296 191 290 128  15 304 341 387 202  46  84  51 352   0 243
    61 212 311 345 102 258  90  25 258 324 393 218   9  27 242  77 268
   112  44 125 147 262 351  51 221 364 265 387 102  50 246 321 173 343
   237 184 387  88 139  89 252 293  49  15]
  [  0 244  78  87 267   2  89 347 169  62  33 371  59 182  97 205   0
   217 361 391 367 221 191  81 372 134 322  94  69   7 250 310 230  47
   132 180  14 169   3 197  58 170 242  56  31 224 104 221 159 389 245
   104 260 288 351 204 307 135 392 323 311]
  [  0 276 348 140 112 375 312 221 284  87 138  69 337 383 320  78  31
     0  83 269  32  24 352 260 136 328 180 160  28 100 301 128  38  88
   230 126 174 388 209 170 384 108  15  82 238 163 177 375 162 161 306
    95 292 180 256 325  69  85 171   0 282]
  [  0 348  15 363  82 218 169 189 163 151 268 210 331 174 291 294 288
   285   0 257 354  96 299 182  77  96 147 184 281 271 198 343 325  60
   172 108 237 384  97  48 141  23 344 246   6 125 315 173 322 187 173
    24 258 344 232 319 333  95 252 334 223]
  [  0 361 156  55 298  88   9 334 354  63 152 266  19 287  55 106 389
   231  42   0 181 334 123 393 288 239  57 160 324  70  31 399 359 254
   208 196 156 393 261 155 236 206 139  43  12 333 381 198 282 279 253
   100 176 378  43 227 260 260 340 182  23]
  [  0 177 126   2 296 131 282  98  93 114  85 332 259  29  12 351 367
   337 367  18   0 317  98  77 321  19 245 277 244 282  82 258 171  75
   243 119 362 278 349 323 118 395 300 263 207 391  22 156  85 261 355
   223  61 122   5 127 200 310 200 337 259]
  [  0 258 174 268 109 306  43 161 377 241 376  29  39 389 332  84 137
   394 177 317  16   0 249  64 298  61 248  77 378  65 352 251 391   9
    12 122 375 161 217 260 339  13 203  16  86 143  45  24 302 113 302
   199  88 268  12 211 311  94 143 256 303]
  [  0  24 115 221 219  12 359 126 291  63 173 218  55  49  98 171 187
   324 220  81 324 120   0  19  46 377  23 363 366 345 260 351 394 140
   168 387  32 253 122  41 346 204  15  37  11 231 222 109 236 279 194
   320 135 382  42 359 117  37 217 335 128]
  [  0 196  57  15 144 319 210  22 315 278  57  65 100 228 274 204  40
    20 227  23   1  31  49   0 299   8 300 258  10 185 209 123 369 218
   142   5 206 157  73  38 216   7 132 184 193  84 148 340 128 180 174
    97 338 103  51  91 240 239  75  24 294]
  [  0 283 145 267 335  16 132 272 255 362 265  31  85 272 296 206  30
   250  74 156 254  67  74 194   0 349 113 135 111 355 199 291 322 137
   290 292 336 203 334 368 300 299  81 313 271  55 219 101  22 216 107
   343 114 158 335 389 298 272 276 251 272]
  [  0 109 201  99 279 181  45 248 249 253  69 349 113  42 373 283 258
   197 106 234 309 145 318 179 334   0 329 281 322 277 118 214 121 165
   373 326  63 153 189  97 240 140 188 276  76 188 177  16  56 165 361
   302 185  11 123 306 126 196  60 299 166]
  [  0 379 272 337  35  25 266 274 350 172 240 141 102 225   6 396  45
   361 183 111  59 384 135 215 203  60   0 213 201 323 288 340 349 186
   162 212 206 351 121 296 397  10 100 385 237 168 241 189 219 193 387
   377 374 394  49 166 262  66 324 231 204]
  [  0  45 298  16 366 175 129  34 251 309 360 218 316 209 225 249 122
   199 269 208 287 323 389  22 327 267 343   0 269 244 249 372  60  67
    74 317 192 322 252 289  58 266 380 147 147 391 263  47 371   5  55
   252  71 215  77 214 287 351 221 295 124]
  [  0  47 129 242 391  93 160 285 121  43  75 372  76 195 248  68 101
   337  14 121 177 148 395 394 174  26 225 201   0  90 246 336 346 104
    22 195 330  17 341  42 155  23 356 178 337  78  42  50   2 276  80
   202 374  23 202  47 243 106 161 130  15]
  [  0 312 387 211 135 386 182  97 144 195 325 387 346   0 118 298 166
    20 192 353 219 139 126 185  21 302 286  90  63   0  32 316 157 181
   322 267  30  81 250 137  76 369 190 268 158 160 181  26 298  32  35
   257 309 295 258 334 224 142 140  97  27]
  [  0 103  60 361 297 102 336 350 326 111 288 128 333  16   2 362 291
   167   7  22 346 106 240 280 145 187 247 215 281 219   0 344 394 162
    55 221 168 177 369  18  38 381  77  61 239 192 227   5  95 251 289
    86 183 358 360 333 381 211  16 380 173]
  [  0 231 392 316 351 240 369 331  75 257 159 206 387 176 228 184 194
   230 344 310  11 194  90 133  18 292  60  30   3 140 339   0 307  88
   280 289  62  11 246 149   5 222 388  82 322  23 304  25  91  80  58
   217 388 242  43  20 298 257 112 119 264]
  [  0  95 125 107 237 363   2 179  43  34 394 139 324 116 225 271 330
    72 161 193 235 288 335  89 269 382 333 192  60 234 377  34   0 377
   355 352 215  78  30 180 279 317 204 271 223   3 103 133 260 363 133
   179 109 104 330 335 173  43  34 351 361]
  [  0 260 377  30 148 192  28   9 267   9 374 366  40  12 107  48 222
    81 268 128 352  31 282 226  81 274 393 365 388 387 112   8 171   0
    64 296 301 378 294 359 151 359 393 175 139 258   1 189 378 270 131
    12 359 212  79 310 204 311 152 294 284]
  [  0 136 237 316  85 267 297 325  78 114 243 283 239  24 223 259 342
   219 268  72 359 360 342 284  17 208  49 118 277  60 395 307 131 239
     0 340  89 131 198 378 245 392   2 222 362  56 183 378 108 154 111
   154 268 222 282 219 345 198 269 277  26]
  [  0 341 133 234   7 369 370  66  63 160 344 176 294 166 228 100 214
   234 119 148 114 210 241 152 367 266 249 257 161 357 178 272 301 269
   376   0 109 331 254 212 228 298  98  21 314 352 200 217 153 132 145
   280  60   7 327   6 212  38 387 308 278]
  [  0 267  74   9  60 125 266 130 353 131  99  92 349  35 278 148  13
   167  93   5  13  28 151 305 171 266  94 183 292 312 380 125 388 388
    66 121   0 138 281 122  46 337 212  38 377  35 136 273 147 329 335
    84 151 178 117 245 135 331 314 170 341]
  [  0 183 310  99 147 178 247 364 170  65 351 197 239 120 215 192 193
   277 307 370 162 287 387 282 322 398 146 383 292 149 373 210 174 310
    50  34 278   0 350  42 226  39 372 360 188  50  22 359 250 386  95
   395  10 273  30 349 313 270  26  25 167]
  [  0 381 310 231 201 260  60 108 107 247 119 392 102 227 207 101  36
   356  10  69 173 236  92 178 105  94 272 121 272 256 215 340 169 136
   362 304 276  52   0  86 247  26  29 326  26 298 274 386  15 282  54
   198 200  81 109  63   6 248 182 302 238]
  [  0 185 187  77 376 238  20 351   8  46 308 223 359 393  34 290  37
   174  86 204 399 159  76 292 108 276 345 290 139 201 344 373 127 242
   100 148 178 386 307   0 328 108 237 106 199 342 349 177 297 139 302
   310  45 174 397 290 130  28 295 158 179]
  [  0 207 271 289  67  48 249 188 302 326 187 293 140  58  76 365 134
    98 138 195  45 169  39 206  98  60  28 197 174 385  29  85 327 231
   322  47 148  63 254 192   0   3 394 282 360 324 374 304 205 302 228
   211  22  97 315 352 286 286 312 261 295]
  [  0 355 350  52 380   5  91 244  75 128 171 300 374  39  20 389 194
   139 189 203 229 257   7  52 325   7 243 183 255 205 354 328 191 154
   133   4 133 300 291 298 265   0 277 156 363  14 273 318 172 382 236
   103 160 270 194 188 107 180  97 159 391]
  [  0 299 289  53 160 387 330 245 312 334 237  14  79 239 105 185 302
   196  87  81  27 276 157  40 360 357  30  47  49 302 272 357 344 173
   195 145 137 312  92 249 375 234   0 377  29 243 324 110 334 138  13
    78 280 319 284  12 215 113  52 139 384]
  [  0 379 333  69 206 148 118 170 148 173  71 130 322 113  21 176 382
   370 134 344 298 222 182 311 117 136 209  46 245 201 116  80 332 258
   200 301 276 158 302 312  87 122  51   0 174 185  54 232 301 342  74
    48 238 158 301 216  22 226 345  38 118]
  [  0 345 181  52 316  44  27  90  36 309  85 310  11 187 148  25 154
   186 295 260 105 278 347 157 398  38 111 203  33 237  78  13 112 137
    76 166 143  38 198 398 274 297   4 372   0 259   7 385 284 398 358
   317 247 178 137 391 138 209 290 109 266]
  [  0 136 133 205 182  47 172 125 263 355 107 387 222 156 101 203 227
   141 111 369  94 384  38 384 342 144  42 105 292  64 214 131 127 153
   339  31   0 236  98 341 247 310 139 330 237   0 375 334 247 197 211
   391 381 185 247 342  65 367 218 121 367]
  [  0 282 296 391 253 332  44   0 189 107 310  51 163  18 194 313 326
   275 203 328 170  60 226  98 279   5 218 334 118   4 159 355 154 102
   280  65 319 241 337 378 153 284  49 210 106 150   0 350  31 102 152
    22 266 233 274 320  36  41 160 286   9]
  [  0 144 142  16 337  42 305 338 214 199 132 141 289  13 272  75 210
   106  11 333 252 178 225  35 158 303  19 264  47 164 351 156 133 296
   262 325 361 208 267 312 136 351 227   5 270 131  76   0  82 331 254
   113 332  18  97 144 202 249 214 255  84]
  [  0  53 217 266  38 245 320 287 176 140 168 175 266 375 143 399  72
     7 273 120  97 380 192 164 226 324 383 388  96 346 327 381 171 161
   175  90 254   1 152  48 312 394 148 115 203 348 150 225   0 170 290
    55 247  84 315 307 160 124 266 216 169]
  [  0 104 202  93  90  86 245  11 213 280 349 317 138 338  99 316  12
    21  26 245  25 382  50  82  29  92  63 327 332 279  91 244 292 306
    23 254 244 129 211 277 303  48 379 253 253 259 156   6 305   0 351
   235  29  63  34  70 296  15   2 206 323]
  [  0 235  10  51 262 308 394 393 155 272 354 335   8  86 229 279 340
     7 237  98  73 375 258 363 118 146  51  27 364 306  93 302 140  86
   102  40 169  59 158 331 152  33 143 147  36 386 121  41  90 377   0
    93 176 350  76 283  53 117 372 314 335]
  [  0  12 357 231  58 180  86 145 123 247 175 216 378  69 391 254 362
   291 383  60 266 247 377 178  88  61 393 348  81  87 199 338 236 187
    31 319 196 219 299 108  64  82 325 282 134 179 254 156 391  40 281
     0  37 203 168 363  61 334 344 208 155]
  [  0 125 331 223 156 336  88 376  41 106 146 330 281 306 358 186 188
   245  21 293 355  24 258 281  42 185 119 371 189 216 227 126 193 247
    35 112 296 234 390 315  10  43 153 333  43 147 329 179 335 272 313
   370   0 348  61 189 150  81 250 375  76]
  [  0 399 119 237 323 254  41  54 139 399 343 156 350 264  19   9 368
    49 366 257 144 254 105 115 138 302 352 217  81   1 389   1 383  65
   328  67  16 353 180 377 327 148  79  15 350 391 325   2 268 159 356
   108 312   0 260  56 158 381 228  54 282]
  [  0  31 301 327  88 212 300  48 379 161 188 294  29  62 276 184 186
   290 140 215 303  60 381 189  67 303 273   3  66  83 321 276  27 392
     7 342 336 133 156 121 227 275 331 127 252  72 125 337 234 131 117
   133  36 266   0 339 281 165   8 308 354]
  [  0 195 235  69 245  47 285  90 140 136  65  84 233  56 325 239 224
   340 297  92 227 278 360 315  14 189   3 171 319 145  99 218  41 106
   124  70 394 333 147 160 303  25 196 267 246 153 166 279 382  89 263
   291  36 146 174   0  20 224 127 144 372]
  [  0 368 371 113 303 399 200  43 159 396 384 245 140 115 226 317   6
   279 149  26 373 235 152  55 255 275 221 263 240 371 267 174 231   9
   216  70 200  86 321 111 227 344 174 385 127 203  89 162  65 129 117
   273  66 373 127 304   0 204 366 351 187]
  [  0  93 328 294 343 198 291 303 173  69 220  95 154 351  41 123 133
   165 331 172 164 190  23 282 131 283 224 271 157 309 172 165 363 336
   210 195 186 130  41 269 201 136  72 311 222 243 241  91 272 152  80
   323 170 187  35  23  88   0  89 105  38]
  [  0 261 288  34 120 211 254 217 395 325 233 337 238 282   8  40   0
    30 274 344  43 275 195 396 233  69 246 264 153 104 239 280 259 388
    27 300 153 301 208 339 288 177  30 244  23  52  46 100 136 383 258
   222 318 259  94 216 297 368   0  68 369]
  [  0 223 335 164 295 244 263 110 114 195 398 112 259 113 325 357 311
   381 184 321 327   2  41  67 305 111 377 279 346 266 259  77 320 231
   266 230 203 189 221  98 195 155  80 233 233 246 178 327  69 293   7
   188 110  84  33  80 147 247 323   0  57]
  [  0 330 281 118 369 267 308 248 318 236 359  38 280  62 140 229 371
   259 136 103  18  68 166 113  91  69 338 237 240 180 198  90  50 186
   384 265 153 180 123  15  60 311 102 184 397 371 106 232 207 329 134
   366 244 290  42 232 376 321 346 158   0]]

 [[  0   2 303 132 261   1 302 251 193 268 144 339  72  76 249 252 299
     4  78 223 306 262 334  11 133 240 399 383 323 272 222 299 362  55
   122 296 321 240  67 354 238 129 287 130 347 350 203 398 129 360 173
   138  52 365  20 138 101  16 362 184 295]
  [  0   0  39  11   6 288  31 335 124 142  71   6  52 150   0   1 256
   198 339 209 201 218  54  43 378  27 230  96 399 272 188 124  97 276
   137  36 389  56 304 303 253 226 285 303 247 349 118  11 393  95  25
   202 230 212 285 276 210 264  45 256 231]
  [  0 234   0  64  16  81 342 154 308 237  87  52 159  97 147  22 112
   237 194 192  45 155  84 300 133 305 108 380 231  39 180 361 101 128
   163 382 322  90 252 234 377 340 242 349 227 163 380 107 141  27 330
   233  85 325 249 234 360 280 387 159 277]
  [  0 256 172   0 297 174  23  53 213 220 348 118 328 303 243 352  16
    36  75 136  88 148 257 356 373 199 387 344  58 115 178  43   1 356
    63 287 319  31 379 111 217 322 197  57 329 391  51   4  91 229 174
   388 309 200 126 238 329 300  13  83 241]
  [  0 328 126 253   0 178 121 203 142 112 353 183 248 275 237 125 256
   290 349  75 229 324 200 154 156  92 286 195 347 359 249 129 370  24
    96 220 165 172  66 131 161 187  64  83 135 192   5 104 211  22 367
   143 255 334 222  75  55 147  41 274 148]
  [  0 133 234  61 361   0  85 349 206 345 252  75 138 197 206  77 118
   380 348  58 129  81 197  86 181 235 349 202  12 151 145 323 199 341
   107 315 327 118 251  90 269  34 304 316  34 275  68 367 284 358 216
   367 349 259 135 247 338  74 298 144  37]
  [  0 303  80 355 156 284   0 394 232 323  21 333 131  26 289 171  94
   362 276  98  33 133 169 162 358 380 377 380 215 123  17 170 221 136
    58 332 356 181  67 200 100  61 182 156 384 114 307 212 232 239  83
   197  86 371 155  95 251 308 389 164  36]
  [  0 390  49  48 277 184 364   0 168  35 250 136 341  83  69 203 233
   288 259 162 264 260 250  30 280 190 272 145  39 180 139 224 360  75
   209 185 265 233 350 162  51 154 398 375 339 254   1  18 129 293 201
   146 174 276 373 221 201 124 189  96 172]
  [  0  55  75 101 192  20 351   6   0  34 383 369 124 353   2  69 381
   321 330  32 190 380  11 362 395 144 235 296  30 181  57 152 292  31
   323  10  18 375 301 388 328 354 303 155 147  27  49 297 264 394  27
   134 237  11 246   6 278 333 273 366 124]
  [  0 315 136 164 198  86 366  62 309   0 190   4  29  97 364 374 362
    73 113  50  63 310 218   3  74 366  71 240 214 102 228 105  11 277
   202 304   7 183 209 365  64 342 180 185 274 218 261 371 247  31 116
   323 372  60 259  47  89 238 176 351 245]
  [  0  90 213  46 135 215  21 159 181 268   0  38 226  67 325  21 253
   278 230 364  48 359 199  10 388 344 344 282 368 289 260 399 227 148
   138  18 147 232 175 338  56 238 181 115 357  10  41 273 182 398 249
   348 231 132 292  44 214 368 111  99  11]
  [  0 208 389  35 264 225 252  35 265 213 116   0  61  73  93 293 233
   374  60 372 312  23 299 348 197 230 141 292 387 326  45 312 188 252
   193 123  41 253 109 158 318  72 128 233 191 207 138 238 180 114 156
   357 356 367  56  60 215 337 105  97 102]
  [  0 217   4 178 217 343   3 377 292 350 114  53   0 204 243 393 286
    56  66 166 350 159  32 158 259 206 376 330 143 169 150 383 188 185
   369 150 232 116 356 302  60 267 159 383 309 382  98  86  54 211 270
   199 192 119 225  29 339  60 361  90 300]
  [  0 304 129 116 385 104 126 228  90 324  34  83 182   0  62 268  64
   146 155 181 294  69 110 190 285 312 169 190 227 103 382 146 274 300
   271 361 186 109  51 298 205  26 186 399  48 244 382  36 158 328 385
   384 222 120 382 154  25 171 183 101 318]
  [  0 249 396 297 174 341 243 156 399 215 389 221 205 361   0  33  85
   101 326 381 186 266 320 158 286  14 263  41 308  60 238 279  51 247
   102 184 236 300 225 201 328 148  61 235  16 121 321 140 322 310  50
   298 255  96 135 360  27 336 176 107 279]
  [  0 367  40 343 165 353 100   3 198 338 164 391 292 301 388   0 137
    19 183 216 303 306 102 153 116 285 280 398  31 294 391 110 280  22
    77  29  43 219 336 136  53  19  21 159 238 345   0 188 298 245 153
   241 387 163 126 116  78  81 203 337  71]
  [  0 134 129 218 219 376 135 389 294  23 238 102 309 303 138 329   0
   346 396  62 201 165 380 334 264 397  33 242   8  58 239 291  88 205
   225  32 180 345 260 170 277  61 277 343 312   2  48 178 211 274 319
   239  83  46 167 210  46 346 381 100 316]
  [  0 101 390  12   6 307 107 238 306 276 357 266  57   3  76  23 215
     0  53 126 208 196 321 230  58  20  39 210 246  82 221 271 121 237
   364 233 347 220 251 165 222 324 283 387 339 377 296 342 340   5  51
   321 129 176 124 171 126 360 114 359 367]
  [  0 332  88 195 192 198 214 387  93 367 230 365  22   6 222 165 270
   333   0 302 184  63 220 260 314  96 145 333 353   4  13  25 216 143
   373 372  17 227   8 153 310 135 355  36 281 337 353 106  67  93 147
   382   4  40 323 259  88 297 250 184 317]
  [  0  20 288  72  20 337 255 346 107 211  80 233 391  73 284 310 390
   288 145   0 160 193 307 387 189 202 337  90 158 353  92  38 118 338
   336 199 242 131 198  96 367 304  56 234 178 267 223 203 122 131 236
   123 320 341 340 332 137 388 103 233 279]
  [  0 145  29  28 394 175  11 333 115 167  70   9 315 311 205 185 370
   385 399  53   0  46   7 205 267 189 261  47 233 206 337 196  68 343
   381 278  36 277 171 211  62 329 267 311 129 340  34 264  53 112  51
    99 128 256 364  44  96 148 375 333 329]
  [  0  64 383 125 272 188 102 163 241  99 147 283 180 364 216  27   2
   305  84 253 111   0   2 388 235  41  83 271  54 101  60 378 149   6
   188 329 357 272 395 381 234 240 204 357 314 217 151   2 302 287 342
    94 292 301 162  96 166  40 245  93 177]
  [  0  99  67 219 227 351 212 270 352 135 152 142  22 362  20 109 104
   109  54 398 228 235   0 202 123 314  78 125 154 338  65  57 167 203
   326 363 312 317 315 121 200 123 245 127 199  99  77  75  78 332  84
   247 378 208 294 298 123  55 333 214 244]
  [  0 137  55 353 122  19 155  70 399 184 218  23 152  49  38 185  88
   203 218  58 100 266 127   0 391 177  16 173 341 367 259 261  50 170
   263 140 199 274 126 277 269 124 178  25 126 281 138 370  23 246  84
    34  51  17  75 126 261 187 134 233 303]
  [  0 374 154   7 332 139 102 213 285  59 145 359 232 228 222 204   9
    72 204 321 355 291  64 108   0 217 371 350 128 157 218  43 265  23
    12 335 230 116 291 174 156 239  57 141  83 373 347 181 220  19  86
   246 153 142   1 132  23 211 275 348  96]
  [  0  78 197 283 316 239  17 276  85   6  82  80 186 119 167  15 184
   322 229 346 307 305 329  99 191   0  52 152 268 368 325 287 100 337
   168 160  22 168 335 297  40 200  90  58 137 102 171 277 178 155 147
   284 243 198  32 193  63  18  65 228 326]
  [  0  46  93  88  31 174  49 225 129 385 399  80 255 237  29   4 203
   346 131 202 364 231 392 114 114 227   0 347 165  95   8 338 139 259
   115 102 305 200 174 332 391 327  85 384 255 392  61  66 342 230 143
    27  99 261 154 392 399  76 336 319  92]
  [  0 165 287 166 337 108 246 166 332  71 168 259 302 302 324 291  35
   270 172 366 195  65   4  70  92 373  88   0 360 159  17 111  46 269
   331 229 241 349 141 367  73 136 303  72 173 219  53 181  50   6  17
    51 357 258 272 363 174 210  41 141  13]
  [  0 137 108 265 323  82  88 130 144  37 309 227 225 376 230 322 364
   241 284 153  73  90 112 202  65 258 358 251   0 275  68  83 371 195
   205 326 397 173  42 232   6  98 106  33  52  56 321 293  46 389  85
   316 366 204  17 377  76 201 374  15 107]
  [  0  77 200 110  36 170 259 217 334 122 279 359  89 359 302 390 397
    32 140 147 222 244 371 252 353 347 201 288  63   0 180 241 270 336
   310 353 206 154 206 284 355 221 121 273  55 255 103 205  86 106 271
    62 278  44 236 285 311  37  11 173 153]
  [  0 117  15 291 333 163 163 209 227 214 101 357 323 109  19 299 250
   327 320 210 169 318 255 230 226 240 305 155 321 367   0  80 203 200
    71 361 313  22 246 170 188 322 180  95   0 325 202 299 109 169 309
   277 354 279 127   0  83 329 396 250 109]
  [  0 172 359  35 386 239  58 214 280 164 256  99 102 127 109 128 233
    19 290  38 333   9 351 221 114 216 311 117  11  44  63   0  34 149
   319 234  69 352 353  53  56 226 342 114   1 335  78  98 179  81 177
   211 292 169 104 134 147 148 303 127  35]
  [  0 127 313 375 229  84 164 306 369 373 118 114 299 323 135 161 333
   169 336 390 219  16  27 178  25 385 287 165 241  25 166  43   0 378
   394  41 175 301 346 303 102 347   8 233 270 345  22 154 378 175 241
   135 186  76 331 220 298  22 255  58 242]
  [  0 353 232  57 261 167 241 279 158 271  97 249 345  47  83 221 317
   327 138 182 362 216 351 296 176 190 343 384  50 243  22 263   5   0
   316 231 196 137 152 328 269 305 238 160 192 193 130 276 369 333 380
   251 236 327 257 236 297  47 342 391 205]
  [  0  80 294 156 228 269 266 104 217 118  12 384 378 154 137 386 217
   102 115 321 267  14 196 270 229 142  33  31 249 327 379 115  57 163
     0 147 162 297 176 228 312 216 282 235 169 353  92  85 197 129 279
   307 293 150  17 281 305 300 307 369  66]
  [  0 128  10 221 369 336  48 139  86 171 222 342 370 299  71 111 157
   265 128 146 102 367  71 169  66  32  95  78 154 262 234 213 119 363
   154   0 358 276  71 321 210 165  59 337 103 379 253 128 147 143 287
   150 391 273 266 117 329 363 357  98  31]
  [  0 102  50 123 131 157 248  32 378 207 349  89 284 393 368 231 228
   229 194 178 201 318 353 200 287 191   2  59 383 265 177 279 186 274
   114 154   0 268 281  82  40 284 182 273 197 164   5 135 154 366 172
   279 192 335  62 103 270 309 392 263 268]
  [  0  14 299 155 313 285  45  39 242 162  77 117 392  86 375 344 274
   263 215  55 269 212   3  98 260 158  74 291 330 255 288 237 393 158
   149 158 295   0 331 368 132 382 321 134 328 285 397 290 313 266 367
   190 148 166  28 196 385 237 298 119  51]
  [  0 215 310 208 218 259 386 122 139 201  70 141 297 253  52  67 196
   110 156  52 143 347 217  52 203  68 144 132   1 113  91 254  23 122
   186 105 216 189   0 193 296 392 357 231 389 370  21  19 277  58 330
   348 220 323 359 389 198 264 338 383 231]
  [  0  35 229 106 213  54  57  99  23 129 201 225 343 222  36 326 350
   322 336 144 194 162 341 354 361 285 140  86 286 281  33 314 360 177
   268  97 129 136 168   0 236 322 321  59 238  65  42 148 198 302 111
   216 169 219 220 276 227 250  12 337 120]
  [  0 242 261 334  35 106 351 138  38 240 320 392  78 153 345 299 386
   118  46 334  63 216 216  22 170  82 320 119 283  50 204 199  47  31
   351 125 255 358  33 137   0 340  57  12 104  50  30 113 235 106 197
     3 102 205  83 249  10 379  77 303 286]
  [  0 236 138 106 289 243  38 310 272  63 133  70 110   9 248  30 131
   142 292 251 135 377 318  45 261  46 226  76  52 305 382 355 202 148
   125 356 344 379 311  91 275   0 241  69 394 210  83 368 307  79 138
    55 350 159 161 381 215 332   3 376  91]
  [  0 335 101 193 136  26 379   9 251 104 305 228 291 152 230 393  62
    73  69 314  31 143 300 327 377 209  32  82 178 206 258 396 383 160
    15 323 124 184 232  27 360  40   0  73 370  64 240  61 298 322 186
   372 109 348 340 370 182  32   9 239 206]
  [  0 168  35 363   3 324 364 281  49   7  55 250 390 354  61 321 235
   194 386  71  52 208  70 233 398  20 168 218 258 122  30 197 358 346
   155 168  19 284  20 359 259 260 130   0 229 250  61 339  52  57 137
   322  98 188 179 153 342 138 168 123 395]
  [  0  66 391  21  50   9 122 331 202 349 270 363 152 396 212 254 242
   264 276 340 183 206 136 101 239 273 210 347  15 349 243 280 274 148
   371 166 352  77 259 151 104 159   9 228   0 298  74 363  34 374 219
   192  86 212  51  53  46  93  42  58 141]
  [  0 192 168 257  30 191 246 246 366   7 340  98  74 100  30  79 361
   364 305  37 298 275 134  83 103 192  40 241 206  74  51  69 354  12
    19 270 362 190 194 329  69 291  23 282 365   0  86 238  63 308 177
   367 381 134 345  72 268 109 168 328  25]
  [  0  71 105  87  42  44 344  66  75 380 188 382   0 245 200 117 331
   202 303 162  27  27 247  31  42 280 154 333 344 347 312 143 114  85
   169 378 227 203 172 167 101 296 297 118 149 341   0 122 306 122 117
   243 224 346 319 307 164 240 354  44 266]
  [  0 291 358 252 385 230 201  41  44 173 268 339 235  72 396 248  51
   304 132  31  61 153 388 213 368  61 170 391  74  48  86 376 389   7
   188  91 366 231  55 271  63 303 127  93  72 319 326   0   7 361  97
   384 205 121  48 342 155 214 153 290 165]
  [  0 205 246  45  51 152 361 370 220 194  50 291 334 139 325  52 320
   209 115 299 266 357 223 314 199 200 290 251 306  52 247 219 218 159
   373  16   1 202 235 238  79 101  81 379 376 156  82  37   0 291  92
   325 375 353 162 139 355  14 327 115 152]
  [  0 288 258 188 391  93 178 306 160 114 214 102 266 129 165 288 345
   239 231 262 239  86  60 330 206 361 239 182 283  70 396 202 194 273
   343 219  68 259 213 252 316  44 143   6 214 210 199  91 293   0 381
   116 131  56 370 389  82 332  44 374  66]
  [  0 315 190 317 123 127  97  73  13 174 167 373 133 371 307 234 377
   271 288 103 179 143 310 225 347 100 306  33 147 197 130 170 392 375
   398 311  46  38  28   0  31 367  91 393  88  91 150 327 231 317   0
   197 354 325  37 334  69 289  46 197  99]
  [  0  51  49 268 289 342 314  95 221 145  66 297 194 392  55 105  55
   238 297 246 369 203 281 336  42 134 185 389 277 207 190 336 301 369
   245  16  10 333 188  36 321 348 262 336 335  26 170 290 270 396 329
     0   8 301 348 309 117  63 193 266 131]
  [  0 375 163 246  40 273 278 264 369 318 238 246  84 121 240 139  71
   131 139  26  62  45 168 127 170 187  86 141 334 171 314 244 279  75
    36  35  48 221  15 388 150 378 123  80 132 351 332 109 219  94 230
   346   0 310 160  32  15 222 254 350  89]
  [  0 193 136  98 167 294 268 339 353 194 110 177 122  23 305  15 151
   194  87  65 383 254 266 133 152  81  50 110 364 336 187  36 300  10
   162 194 307 378 171 395 286 323  76 112  13  54   5 148 384 290  58
    83 316   0 228 221 344 102 369  90  70]
  [  0  65 129 374 384  34  18 386 173 105  99  91 363 261 131   3 138
    46 386 109 380 294 131 369 151  58 199 250 293 167  88  33  35  90
   391 328 251 147 151 390 161 354 197 277 277 157 239 380 262 270  39
   162 196 287   0 344 353  57  97 104 284]
  [  0 383 381 140 180  99 169  31  65  71 236 345 359  86  48 180 184
   399  82 294 136 224  10 160 307  76 335  85 358 205 122  32 239 274
    27 343 247 285 273 240  56 202 147 303 168 195 372  98 317 258 239
   100 176 255  64   0 163 208  60 361 137]
  [  0 164 122  47 211 150 216  26 306 399 250  33 121 165 349 315  71
   308  21 218  40 367  38  65  39 179  52 124  72 226 234  16 101 101
   243 208 261 289 210  45 335  73 341 295 310 373 194 140  45 335  55
   147 387 168 355 127   0 121 353 213 183]
  [  0  84 183 203 130 127 223 226  83 339  86 250  96  72 313  47 150
    58 283 116 195 287 191  76  13 223  77 135 291  79 347  30 231  23
   138   2 173 354 191   0 363 147 124  23 371 177 398 115   4 150 187
   344 277 393 274 320 212   0 308 142  50]
  [  0 396  75 307 197 248 183 330 152 149 128 220 331 351 297  48 331
   206  92 126 155 118 347 151 375 147 146 290 397 259  55  64 359 206
   336 201 184 361  64 147 240 179  97 131 379 296 295  63  89 284 294
   321 321 268 294 330 254 130   0 386  14]
  [  0 299 240   0 168  90 392 227 227 115 118  36  87 222 237  11  76
   333  71 242  24  52 270 154 120 238 364 271 364  70 117 255 119 148
   373 359 265 279 233 175  14 107   7 289 372  98  19 132  73 172 135
   355  11   0 242 379   0 247 253   0 175]
  [  0  52 331   9 133 322 176 194 263 291 251 363 334 291  82   6 256
   166  26 275 268  94  97  79  99 362 128 329 103  35 248 275 264 265
   163 164 370 134 300 183  70 142  67  78 386   7  72  48  87  11   7
    33  90 311  11  39 177 384 211 162   0]]

 [[  0 371  59 310  44 166 210  85   0 350  45 120  64  33 125 283 339
   329  62  74 318 223 398 277 158 382 119 209  28 165 227 282  11 282
   192 361 266  66  87 361 309 343 338 130 383 148 128 175  19  98 117
    26 149 339 254 331 350 288  50 262 317]
  [  0   0 238  93 286 107 140 114 196 392 291  85 283 253 229 247  94
    81 189  99 275  94  83 362 129 376   9  69 295 293 122 361 391 258
   254 355 195 383  30  78  57 227 113 361 169  97  13  25 127 196 392
   198  15  40 255 272 243 387 228  24 193]
  [  0 380   0 203 283  50 316 356 134 374 120 163 390 383 198 222 170
   112  85  45  80 186 130  36 200 178  91 153   7 215 175 230 163 343
   117 194 393 151 242 144 197 181  91 366 359 346  70 238 156 351 219
   253  13 302  47 257  46 257  81  87 188]
  [  0 253  84   0 296 302 359  35 316 141 355  63 348 192 268  44 217
    81 137  90  39  65 269 319 390 391  45 281 377  44  84 148 261 334
   392 244   9  49  73 205 389 302  97 105 312 174 398 130 173 123 285
    43 391 344  34 218  75 120  32 238 265]
  [  0 226 201 340   0 140 246 180 364 140 212 131 375 372 335 287 336
    97 369  17 282 167  64 379 176 383 305 246 149 112 102 310 289 206
   263 281 372  88 268  16 156 345  19 107  68 256 351 215 353 274 222
   100  52 389 112 375 318 182  66 170 304]
  [  0 318 354 134 279   0 156  48  21 328 345  66 219 374 303 128 110
    66  35 216  70 187 346 379 202 279 164 235  57  44  76 289 246 195
   120 122  75  42  52 250 198 218 331 112  59 325 377  30 316 339 216
   286 375 172 173 397  47  99 301 245  90]
  [  0 273 379 245 177  68   0  61  13  65 162 251 304 152 152  52   0
   139 349  68 349  34 168 380 172   7 154  37 241 141 359  99 160 144
   236 151 394   9 126  65 363 181  32 115 386 254 385 287 214  89 360
   239 287  67 346 264 256 156  78  66 329]
  [  0 382 348 388 127  20 356   0 383 262 297  72  31 167 396 134 300
   271 330  36 358 193 128 293 170  40 335 258 283 396  64 270 290 356
   314 149 100 342 111 173 322 146  36 157   2 391 219 309 360 360 182
   159 143 312 229  38  17 145 104  96 389]
  [  0 172 306 134 360  91  25 281   0 361  49 292 187 352 243 127 349
   163 199 281  40  48 152 233 214  86 366 190 189 365   9 113  96  29
   369 321 244 131 310   7 220 302  17 232  24  31 392  20  64 319  68
    96 151 110 219 383 340 177 134 119 348]
  [  0 304 240   0 236 336 153 398 223   0   0 389  55 183 272 177 358
    16  39  89   5 217 225 191 360 231 169 203 179 381 133 341 261 204
    88 276  96 109  84 135  39 196 177 191 184  66 105 101 126 237 252
   338 213 223 208 328 297 250   4 197  64]
  [  0 195 150 277 392 237  21  92 250 122   0  54 188 127 121 160 330
    76  22 126   0 173 322  64 218  85 300 373 120  60  89 183 349  11
    81 304 352 185 189 112 350  39 191 108 129 159 233 250 252  27 366
   357 199 137 273 300 203 299 386   6 208]
  [  0 151 266 269 242 310 231  49 314 165 349   0  48 285 150  21 213
   356 138 121 359 307 224 375 231 225  36 270 179 326 317 136  68 146
   280 130  84  77   7 116  24 300 221 115 300  63   4 334 226 366   1
   164 354 163 180  10 199 123 143 330 156]
  [  0  32 127 138 229 354 240 161 342   5 368 395   0 284 309 384  47
   147 272 348 361 348 173 119 227 279  55 243 233  55 199 207 353 259
    87 249 152 236 169 356 318 171 331  76  67  55  56 254  58 126  13
    38  85 137 294 122  61  92 126  75 206]
  [  0 377 130 158   0  33 251 221 395 336  92 385  65   0 394 339  69
    58 378 199 168 102 276  64 270 242 203  13 259 235 226 210 257  67
   118  84 279  86 191  38 361 303 314 159  51 163 372 342  57 214 110
   141 137   1  83  83 200 145 364  42 182]
  [  0 196  17 254 145 108 365 139 333  22 237 204  57 280   0 177 121
   387 158 100  47  54  81 312 380 159 265 335  67 332 371  42 131 151
   237 378  40 160 240 333 245 358 229 360 115 139 321 345 264 262 105
   193 370 366 320 196 250 354 121 216  95]
  [  0 322 364 111 343 272 181  69  29 367 325 347  70  51 139   0 203
   109 119 162 124 154  76 380 312 303 326  24  34 308  15  18 248 274
   169 179 157 357 365 354 306  78 185 180 393  56 395  50 196 293 133
   360 377 260  43 304  26 316  62 295  70]
  [  0 361 178 278 296 395 252  69  51 221 316  46 252 189 181 103   0
   176 271  24  96  70  61 214 285 342 125 386 150 110 379  79 177  14
   187 342 335   3  33 241 382 316 111  71  95 241 297  94   0 199 354
    21 218  19  71 250  13  76  99 171 119]
  [  0 303 256 293 145  31 164 262 388 108 271 110 152 287 303 377  45
     0 187 310  78  61  74 109  64 147  46 117 198 153 380  54 177 122
   271 390 143   6 332 302  91 161 113 233 150 310 319 375 228 198 107
   165 263 272  49 127  25 294 115  30 262]
  [  0 247  95 355 207 186 306 105 369 328 299 188 141  84 356 271 231
   323   0 340  33 157  88 209 320 296 375 268  53 342 211 311 306  81
   374 127  17 320  79 235 285 117 372 119 203 214  80 299  34  52 250
   135  21 399 277 386  90  14 326 113  94]
  [  0  11 293  40 101  44 180 165 152   4  90 363  92 166 346 119 218
   259  36   0 232 237  28 368 263 178 210 361 323 353  27 302 378 236
   389 274 323 375 115  10  44 272 371 280 223 131 328 261 149 242 299
   389  88 296 332 248 198 279 224 287 145]
  [  0 234 329 396 119 269 143  39 363 132 268  82 216  25 328 297 289
   195  87 361   0 262 222  68 294 255  88 322 326 284 350 299   3 101
   258 272 216 336  66  97 267 194  78  60 220 347 382  80 263  19 390
   236 301  40 375 325 149   8  73 367 256]
  [  0 253 313 279  95 190 187  93  40 248 395 240 291 193  18 297 187
   394 109 379  89   0 277 246 257  56 281 356 125  58 398 149  25 142
   374 327 167 110 137 250 234 261 306 225  31 122 323 269  61 253 160
   241 306 322   1 322 189  73 142 263 178]
  [  0  44 379 182  28  57 285  14 145 281 232 332 202  70 214   9 386
   339   8 263 208 380   0 367  79 301 119 191  64 373 325 272 158  74
    51   8 214 363  85  83  20  76 169 398 371 267 101 123 316 398 256
   133 303 370 138 139 164  64 148 244 107]
  [  0 140 195 276   8 376 209 285 364  76 357  91 372 298 299  48  21
    87 316 258  57 358 171   0  10 336 106  63 399 357 228 155 145 100
    51  50 300 268 388 128 183 364 185 353 338 177 305 283 102 380 113
    68  20 325 165 215 153 138 259 177 361]
  [  0 131 109 166 175 242 289  25  76  33  95 284  83 186 346 124 135
   232 359 228 132 114  13 149   0  50  35 153 188  80 384 127 371 199
    38  70 274 319 224  71   7 120 368 386 167 196 288 258 190 309  85
    77 286  91 391 142 261  89 371 217  10]
  [  0  18 336 269 311 132 396  50 259 267 147 245  83 160 218 232 130
   112 222 110 202  76 136 138  15   0 148 339   4 197 177 316 239 279
   201 291 182  75 289  70 160 190 150 242 114  31 235 173   9  81 286
   228 212 353 166 346  79 175 200 389 115]
  [  0 374  41 188  22 208  73  43 235  61 159 112 326 355 275 240  68
   294 256 154 286  76  35 110  50 274   0 110 399 381 183 227  55  61
    17  41  84 324 368  79 260 350 325  62 189  56 392  62  85 209 374
   398 333 383  85   2 310 106 379 114 189]
  [  0 264 306 141  95 355 283  97 259 322  53  50 220 363 345 224 149
    92  68 346 350  70  67 317 207  36  78   0 292 261 243 321  20 110
    13   3 183   3  17 193  52 336 125   6  76 110 385  37  42 176  94
   216 141 228 284 161 390 366 389 286 315]
  [  0  48 200 296 100 158 162  86 285 201 276 368 117  58 189  46 151
   350 370 323 277 282  22 163 277 388  23 150   0 360   6 296   3 296
    68 312 292 272 315 190 271  78 329  71  89  10  67 100 187 139 321
   278 221  93  41  12  49 118 396 229  65]
  [  0 228 149 372   5 251 375 269 349 159  16  51 334 207 251 148 195
   207   9  97 110 198 303 134 198  48 272 211 183   0  38 267 165 215
   136 152 380 167  77  45  15 294 208  81  50 361  41 116 170  75  16
   237 151 251 144 105 375 273 399 240 111]
  [  0 322 366 248 244  95 105 323 233 261 194  40 203  50 156 135 210
    72 251  60 332 213  54 247  91 265 327 261 310 323   0 342 132 183
   283 382 350 241 308 322 290  59 376 167 386 188 358 230 368  75  16
   107 131  26 256 294 332 188 117  78 381]
  [  0 180 191 299 353 251 173 100 330  13 165 178 229 104 341 211 157
   300 211  99 254 351  85  82 217 333 170  33 366 350 329   0 233  24
     0 354 327   8 304  11 338 248 257 157  27 312 320 113 299 275 285
   203 314  75 309 295 315   9 137  35 267]
  [  0 188  20 354 252  59 300 204  74 369 226 249 301 224  54 240 375
   295 256 129 246 200 238 253  71 272 171 255 275 219  25  87   0  80
    75 127 313 224 312 153 339  96  51 261  37 178 166  81 318 281  71
   251 211 190  11  84 228 127 232 251  58]
  [  0  82 283 255 285 297 141 212 284 386 210 117 134 231  96  85  92
   208 130  63  39 246 148 357 350   5 383 125 231  28 305 292 129   0
    95  38  84 114  88 296  91   8  11 327  68  31  91 132 275 303   7
   283 200  40 227 393 225 191 307  70 349]
  [  0 144 314  47 184 257 233 230 241  73 385 147 306  26 182 235 392
   103 198 132 240 160 354 208 328  17 136 393 171 147  10 264 264  92
     0 218  90 182  35 215  26 148 211  16 396 192  62  20 129 392 360
   352 380 341 268 126 283 233  70 164 171]
  [  0 339 115 149  44 239 160 201 136 299 320 109 147  75 272  46 288
   116 273 197 179 256 247  87  80 216 167  97 274  31  28 104  44  92
   103   0  91 239  11 164 381  81 336 307 305 229 364 144 123  36  90
   141   0 301 326 192  37 339  13 337 127]
  [  0 179  88 175 373 291 196 371  85 311 145  77 193 238 195 307 187
   296 375 294 231 281 303  69  35 184 246 131 354 221 112 186 178 312
   170 305   0 224  46 190 357 278 306  29 115 134 229 326 109 323 340
   119  69 179 288 388 132 223 388 370 136]
  [  0 354 257  54 165 240   2 366 347   9 323 137 159 333 204 338  80
   161 364 275 316 323 121 157 275 207 261  60 305 110  79  91  20 393
   357 122 314   0 118  47  49 137 204 308 100 229  12 325 228   9  12
   106 204  30 102 204  70 243  25  54 194]
  [  0 287 371  14 330 286  53 276 345  39 324 347 156 137 259 351 120
   271 378 386  19 198  20 374 158 143 105  24  19 396  13 312 166 360
   383 268 300 162   0 115 345 145 156  39 172 286  99 374 126 323  80
   321  88 263 354 278 112 371 263 125 132]
  [  0  53 191  45 251 180 218 224  30 103 266 249 213 212 222 333 326
   347 270 334 346 190  60  51 325 139 320 318 338 391 229 225 342 232
   333 260   3 275 215   0 167 343  94 198 372 361 252 376 377 330 323
    57 168 243 230 226 199 151 290  78  68]
  [  0   5 193 314 252 140 256 317 257 380 395 349 221 220 334 338   4
   391 256 271  74 241  24 294 242 263 255 110 245 224 239  86 360 386
   282  35 358 247 327 158   0 334 363 121  21  80 114  71  18 204 136
   184 381 297 269   9  59 352   9 394  24]
  [  0 106 268 269 310 362   8 177 373 363 330 262 173 289 289 237  69
   107 344 104 291  79 300 358 316 173 298 336 373 213  58 345  11 289
   128 294 398 165  63 394 272   0 172   6 278 331 152 342 134  31 367
   265  47   8  48 218 320 156  72 207 314]
  [  0 141 118  98 304 268 364  40 165 188 360 162 112 143 300 334 200
    98 114 203  68 307  98  48 236 288 177 265 376 200 348  26 163 194
   180 354 290  18  88  53  68  69   0 339 138 201  96 390 375 354 280
    15 120 358 368 129 324 274 340 296  19]
  [  0 339 302 299 369 175 260  56 229 306  18  37 288  65 343 206  74
    18 369 111 177 312 218 193 105 359 372 310 100  39 123 211  98 160
   148  16 185 266 397 277 123 135 191   0  68  81 194 323 336 122 305
   242  34 348 282 211 230 155 158  41 193]
  [  0 319  95 146 305 358  46 218 113 224  96 309 115  26 199 282 321
    30 234  36   9 314  51 157 116 143 269  44 162 248   9 371 108 132
   200 273 341  29 368 123  84 366  33 326   0  88 198 185 235  32  73
   243 240 123  41 258  47 255 318 130  98]
  [  0 349 265 227 339 118  13 257  87 142   4 118 268 351 125 101 396
   263 395 389  93 136 136 205 355 186  66  32 217 392 167 210 200  84
    70 320 314 202 269 205 214 233 219 123 286   0 337  49 273 122 374
   392 359 192 111 306 344 163 145 142 300]
  [  0 216 296 113 226 271  11 269 113 210 295 312 252 192  74  43 253
   232 274  99  47 197 104 126 343 283 136 328 148 150 361 326 256 293
   196 175 345  40 283 393 288 188  15 267 272  67   0 354 315  54 210
   343 232 354 130  32 196 320 117 382 359]
  [  0 119 374 387 235  32   7 191 314  20  24 265 135 177 369 150 114
    37  11 382 335 381 364 167 379 217 365 297 375 194 328 358  40  85
   284 200 395 382  27  41  10  74 337 208 186  40 143   0 158 318 154
   202 340 101  57 168 301  53 180 141 247]
  [  0 117  27 395 160  39 218 132 343 116   5 352 292 388 328 291 350
   154 290 338  66 312 360 200 154 392 175  56 154 230  59 247 219 243
   161 245  91 361  23 399 167 274  68 290  89 349  71 234   0 246  71
   298  15 286 394  57 216 307  88 313 176]
  [  0 324 272 320  34 180  58 231 233 144 166  90 359 120 228 309 290
    27 363  47 256  36  77  92 384 235 397 290 137 145  56 115 148 364
   196 106 182 373  33 194 143  36 387 353  26  66 225 207 179   0 125
    53 308 324 386 175 364 200 389  63 161]
  [  0  17 116 106 268 380 315 239 314 157 373   0 334 124   5  23 250
   258 236 241 228 299 181 389  77  16 123 378 241 327  84 241  71 151
   364 310 337 158 139 366  21 396 240 233 396 102 228 337 142  76   0
   308 257  21 109 274 339 192 179 390 370]
  [  0 112 298  72  68 379  17  67 213 289  68 149 364  32 177  33 231
    67   3  89  88 347 188 382 246 257 215  22  83 157 349 186 155 376
    77 283 254  24 169 179 287 241  54 353 274 274 249  32 176 109 182
     0 324  68 256   7 360 205  80 213 321]
  [  0  83 113 362 287 314 196 385 329 307 162 342 318 148 375 108 226
   147 248 294 289 128 207 201 349 289 160 140 309 212 334 244 274 197
   304 124 336  26 395 312 329 284 354 207 351 363  29 387 186 109  90
   337   0  14 229  96 306 353 119 221 241]
  [  0 292 220 313  87 121 393 369 107 342  52 246 148 246 175   5 275
   356 193 276 245  53 175 256  23 103 305 306 334 260 308 352 371 363
   187 216 254 374 148 206  73 158 243 260 258  58 126 176 194 332 238
    99   9   0 252 295 198 108 262  56 209]
  [  0 123 354 132 239  15 304 105  49  85 341 294 152 271 219 338 226
   244 199 142  68  60 122 223 213 272 329  68 146  40 304 264 301 164
    24 136 207 349  35 235 369  68 227 208 240 332 376   4 291 199 364
    59 265 127   0 110 182 170 244  55 183]
  [  0 292 200 237 257 240 135 259 269 112 399 238 281 186 312 342  48
   219 332 290 265 147 158  19  24 346 340  50 360  62   1  77 201 275
    22 256 366 227 378 305 246 390 329 179 369 279 214 359 360  46  30
   394 248  20 113   0 272 291 283 194 262]
  [  0 146 244 263 104  73 345 327 145 193 168 385 223 137 185  23 264
   163  51 318 339 297 282 310 147  37   4 302 277 231  62  30 165  23
   289 330 163 271  21 119 170 201 197 386 385 254 261 119 370  94 295
    17 246 144 238 117   0 371  96  77 353]
  [  0 306 269 360  11 156 296 309  54  84  14   2 309 395  55  24  52
   382  72 350  93 103 261 184 139 293 391  43 271  87 252 250 130 206
   154 200 382 172 169 131 192 384 124 262  73  88  97 209 289 356 333
   218 257 374 241  67 105   0 199 356  62]
  [  0 342 355 227 219 369 148 152 238 170 355 185  16 145 109 189  78
   350 320  11 145 329 352 362 303 268 362 120  82 366 246  80 168 100
    24 162 318 317 357  90 168 314 180 228  47 140 181 279 385 165 345
   348 141  22 194 216 377  76   0 102 134]
  [  0 382  62 379  31  99 121 241  71  59  61  20 294 326 108 121  34
   351  94 366 387 341  10 270 304 342 260 236 297  21  21 294 324 278
   388 258 247 181 191 222 138 147 172 157 176 271 302 225 226  87 161
   169 213 274 243 330 281 318 373   0 295]
  [  0 257  11   5 296 100 236 181 231 227 213 193 253 282  36   1 387
    58 142 264 115 215 341 120 291 182 221 174 310  31 244  12  40 218
    38 300 282 175 203  63 282 324 201 239 310 151  91 199 181 382  31
    94  70 124 174 174 305 320 189 374   0]]

 [[  0 138 293 254 210  70 314 323 181 189 101 248 183 307  64  15 290
   231 389   7  63 320 222 131 381 219  74  27 166 282 260 356 171 398
    17 322 110 205 114  31 220 133 372  82 282 371 155 170 308  24 225
   244 398 174  31  39  55 327 364 146 363]
  [  0   0 295 295 330   0 156  88 291  52 357   6 129 230 145 355 166
    64 398 216 249  12 294 102 110 355 112 122 300 277  17 366 376 257
    71 171 371  59 141 143 117 121 219 361  94  43 203  44 131 278 243
   293  42 355  56 233  83 370  35 135 148]
  [  0  34   0 347 140 377 144 153   7  33 176 249 289 192  17  75 269
   173 162  67 349 142 114 173 104  31 278 399 267 229 363  85 311 147
    72 151 175 367  68 330 311  70 208 237 157 218 175 338  33  23 386
   341 341 162 214 164 360 181 196 328 183]
  [  0 316 155   0   4  74  48 126   7 312 360   3 224 337 264 285 161
   294 261 165 238 344 358 102  55 262 123 231  26 349  55 216 259 265
    82 282 279 233  39 169  90  62 312 254 179 202 117 346 316 224 254
   258 320 257  59 315 120 185  85  22 343]
  [  0 135 274 249   0 394 286 287 315 194 112  71 216 160 361 366 282
   138 387 354 294 134  32 274  16 368 149  95  97 212 373 357 321 125
   107 176 259 384  69 178 383 186 212 103 344 228 369 140  21  12 220
   211 285  66 321 226 107  30 381 193 383]
  [  0  89  32 370 236   0  41  47 177 261  97 334 120  25 324 334 127
   374 120 225 355 215 279 248  88 219  58 216 198 181  92 100  30 342
   392 200 381 282 187 325  75 294 158 227 394  74 142   2 162 398 397
   221 377 378 116 152 133  19 229 200 353]
  [  0 388  53  89 202 254   0 373 372 209 364 282 112 217 106 213 386
   262  49 210 196 186 111 188  66 345 352 348  41 272  80 200 336  21
     2 360 326 182 360 284 236 253 327 268 139 218 196 217 383 204  95
   239 366   3 269  64 279 280  27  72 119]
  [  0  94  31 357 283 211 371   0 120 352 153 106 370  68 207 172  41
   369 355  20  91 146 281  94  51 370 143 201 389  82 202 329 216 108
   297 211 264  93   7 300  54 238 259 279 339 124  95 246 101 393 140
   178 271  94 379 375 328 351 387  87 185]
  [  0 356 312 274  63 329 139 258   0  97 140  87 291 204 124 182 313
   399  14  35 176 236  20  77 367 205 388 157 191  92  67 103  22 365
   203 326 112  82   9  14 126  53 118 171   3 195 250 260  24  68 384
    60 103 287 328  70 106 312   6 305 232]
  [  0 149  58  78 100  49 250  76  53   0  27  27 300 276 292 291 338
    49 325 364 100 359 136  68 155  23 341 278 143 183 100 215 295 243
    84 203 386  15  91 375 331 376  79  95 323 345 251 255 292  42  17
    95 110  42  33 251 271   5 333 399 190]
  [  0 306 130 368  97 385 352  19 270 300   0  97 292 240  85 344  41
   302 396  12  55 233 361 106 202 340 396 225  43  25 219 301 349 259
   348  50 336 110 384 161  74 158 391 336  54 147 279  35 332 195 118
   236 355 229 124  50 154 322 335 317  31]
  [  0  56 359 121 314 258 377  91 301 326 362   0 156 151 239 163  31
   287 254 317 354  38 144  90  18 319 142 192 319 297 374 255 399 218
   399 126 266 348 305 248 375  79 318 132 294  47 128  64 205 343  64
   181 226 396 273 198  42 195 205  78 189]
  [  0 286 128  28 116 144 189  48  11  80 139 143   0  24  78 234 372
   112  33 142 142 323 376 115 357 264 270 377  95 327 235  97 138 212
    48 383 257 273   4  20 108 140 267 269 125  43 367  28  71 133 304
   265  97  24 139 393 215  65 388  62  76]
  [  0 260 211 120  30 285 261 205 195 350 204 310 141   0 252 129  77
   268  31 233 180 189  83  95  35 326  12 247 378 318 362  66 338 278
   268 212  86 337 325 164 300 391 183 170 207  47 253 316 174 243  18
   272 159 334 376 268 302 305 203  85 206]
  [  0 260  95  10 346 121 157 203  35  40   6 288  51  42   0 100 333
   124  38  96 202 293 327 257 124 205 139 234  22  94 120 174 346  69
   291 388  56 106 199 284 362 104 387 385 258 360  81 374 379 282 320
   281 109 247  82 397 245 318 212 101 346]
  [  0  10 204 231  95 149 187 394   1  11 112 328  33 231 104   0  51
   220 226  91  17 152 225  84 218 179  76 217 105   3 364   6 251 353
     0 131  94 399 268 117 174 349 197 168 362 176  62 119 338 184 379
   104 316 276 371 109 330  17 254 279 139]
  [  0 198 264 368  45 381  41 100 367 366 383 320 327 241 176 272   0
   221 195   2 173  49 134 149 203 122 242 390  25  47 272 294 148 206
   198 393  78  94  12   7   8  33 133  98 195 313 325  41 318 265  51
   231 311  16 310 193  67 150  23 223  13]
  [  0 266 225 352 169 346 113 164 336 330 303 172 387 350  61  16 301
     0 125  41 193 326 363 101  53  26 382  99 107 213 376 276 172 107
   307 215 279 195 363 216 116 184 335  38 260 336  10  88   9  18 299
   184  79 249 265 197 275 212  88  38 244]
  [  0  30 390 254 219 249 373 220 359 281 377 174   2 331 287  88 263
   358   0 161 210 222 248 391  20 336 308 147 211 381 237 172 148 337
    95 128 132 350 143   4 133  23  68 381 145  18 226 227 289 357 181
   392 393 350 227  76 272 131 210 166 286]
  [  0 214  56  26 399 270 222 243  99 137 338 297 167 340 243 331  76
   201 371   0 393 276  81 331 314  67 263 200  76  60  52 223 293  95
   205 279  53 104  24 305 380 263 228 258 115 252 247 220 282 202  74
    75 398 396  97 188   2 350 241 101 160]
  [  0 196 318 184 356 300   7  20  42 239 317  84  62 217 135 124 170
   108 200 396   0 177 190  12  83 169 310  56 247 155 148  69 228 170
   235 246  23 385 372 115  62  24 367 173  49  87 100 107 252 299 341
   299 299 389  24 196 356  50 258 165 322]
  [  0  68 226  54  88 288 159 380 388 338 214 352 297 228 159  55  79
   343  40 225 181   0 343 257  70 257 319 131 329  73  93   6 263  85
   167 338 349 233  61 380 208 242 302 267 393 292 339 287 258 189  51
    45  83 277 161 207 367 117  75 285  93]
  [  0 281 319 263 329 307  81 339  51 341 256 303 331 201 128  15 248
   110 384 366 265 105   0 135 215 317   4 206 377 304 123 110 271  12
    46  69  22   0  42 245 303 119 200 312  68 240 186 342  94 305 192
   193 151  81 148 275 131  17  80 148  91]
  [  0 288  17 219 160 371  45 173  50 249 307  68 193  77 151 185  84
    50 336 105  40 163 332   0 394  34 140 287 107 301 360 384 204 217
   256   8 230 388  49 269 268 233  20  53 278 204 193 385 102 203 350
    52 185 218 157 162 349 290 257  67  63]
  [  0  66 378 344 247 264  64  33 290 146 149 141 374  68 244  15 286
   316 132 250 356  80 210 374   0 218 130  46  39 267 366 320 200 200
    87 130  17 383 304 162 168 394 222 341 230 261 170 113 238 176 132
   264 353   2 120  89 150  49 259 103  65]
  [  0 219 163  44 193 177 327 251 311 253 186  32 306  20 269 177 363
   225  58  82 198  23  72 220  29   0 150  58 199 386   5  83 267 389
   282 231 330 119 191 223 295 189 257 323 251 157 345 164 119 308 294
    73 393 348  80  22 202 176   3 284 366]
  [  0 338 262  15 348  20 226 224 262 159 257 272 254 143  37  27 249
    78 158 381 231 317 372 218 363  88   0 169  14 265 335 135 190 260
   370  34  69 165  43 157 108 389  48 261 230 200 337  50 121 255 363
   343 337  74 135  98 114 304 324 327 337]
  [  0 202 104 172  79 125 232 312 267 122 100 336 383  52 334 367 326
    54 278 163 150 279 124  24  32 148  66   0 240  66 347 245 317 269
    39 349 171 238 304 245  20  85 297 395 287 366 229 358 182 319 131
    44 162 139 226 220 246 390 359 199  45]
  [  0  81 263 304 148  36 113  62 146  10 270  98 279 343 397 239 349
   151 293  25 239 241 330 368 117 343  96 127   0  49  43 191 306  71
    10 277  21  72   2 351 107 290 220 320  20 325 351 341 143  51 315
   157 208 210 286 212 337 313 326 397 161]
  [  0  36 189 239  37  78 163 365 294   0 198 126  95  69 295 291  73
    59  52 218 353 175   0 303  52 229 372 173 252   0 100  92 378 388
   128 273 292 278  96 222 264 190 278 276 392 296 219 309 337 288 324
   218 389 279 348 345 320 159 151 300 306]
  [  0  86  58 202 240 162   6 149  60  21 216 169 352 263 308 151   5
   351 319 203 335 231  91 115 151 251 160 350 360 397   0 172 266  29
   353 238 132 311  22 300 398 315 238 381  63 127 313 171 185 300 178
   192  13  84  56 309 255 148 301  37 124]
  [  0 215  96 314 388 253 229 343 256 272  90 121 290 306  58 125 121
   331 161 113  22 399 371 178 315  54 392 361   7 256  58   0 345 215
   157 116  78 206 395  48  60 376 188 171 200 238 213 113 379 282 226
   373 336   0 389 378 136  30 147 190  18]
  [  0 263   5   2   3  78 261 119  55  31  49 200 205  86  88  28 135
    46 354 342 119 367  79 332 138 304  24  71 108  74 380 321   0 293
   333 184 310 272  77   0 385 222 160 323 277  75 210 142  68 205 347
   143 179 152  35 175  86 381 155  73  96]
  [  0 277 215 320 204 163 225 389 174  56 134 170  96 218 150   6 114
   195 121 161 334  29 258 218 316 169  60 206 166 127 193 382 272   0
   331 278 347  44 222  47 139  54 137 240 344 246 126 327 186  47 277
    95 114  44   4 362 150 147  10  37  80]
  [  0  10 394  56 253 250 321 289 143 129 120 283 237 316 344 147 311
   385 217  56 174 129 231 398 118  43  47 235  23 191 269  71  24  90
     0 129  83  60 106 339  57 357 386 228 331 122 173 216 300 342 173
    26  86 195 380 215 230 137 287 146 332]
  [  0 388 321 347 376 251 108 159  38 368 242 333 326 377 188 304 127
     4 140 250 352  30   4 346  50 227  28 159  16 208 249 291 178 339
   369   0 305 351 139 228  75 222 177 102  52 312  75 326  42  57 154
    67  46 384 361 159 176 374  67 142 350]
  [  0 298 206 115 250 113  49 134  23  10 299  66  51  67 234  71  79
   328  39  33 122  55 197 361  75 182  19  68 261 322 375 304 153 122
   239 226   0  33 191 367 296 269 345 330 110 188 111 116  50 202  47
    96 331 390 240 181 279   0  43  89 165]
  [  0 116  59 345 125  56 127  43 326 194  12  31  48  34 144 395 122
   239  24 353 167  47 291  46 118   8 242  98 323 203 315 213 100  56
   296 227 314   0  19  91 243  34 325  32  82 303 157  39 389 359 353
   249  49 383 364 201 175 350 207 325  86]
  [  0 268 293 395 343 355 201 170 269 175 236 250  75 125  98 198 188
   396 304 227 243  95 228 251 365  80  27 377 345   7  25 373 299 327
   287 321  24 131   0 299 165 359 384 285 292 210 310 106 345 230  54
    83 297 152 132 381 326 142 177 128 142]
  [  0 170 372 245 253  68  67  58 291   8 132 139  22 194  60 365 356
   159 188 375 113 137 131 266 375 259 242 207   7 319 210 108 343 123
   272 168 212 131 234   0 307 145 393  51 145 374 382 204 114  17 210
   131 160 136 181 252 384 132 362 207  40]
  [  0 145  20 140 270 273 103 155 124 372  61  53 209  78 129  58 243
   327 284  84 263 132 294 279  22 345  44 131 291 350 351  66 105 133
   228  22 365 242 268 209   0 168 349 173 195  65  67 210 110  95 286
    66 334 335 263 256 126  86 111 285  22]
  [  0 103 346 339 100 325  22 238 236 180  30 256 396 282  96  65 399
    76 324 230 245 154 143 119 291  45 251 197 390 196 197 233 217 298
   258  72 308 375   6 196 218   0 358 115 149  72 359  61 253 230  64
   298 227 388 254  27 268 143  11 316 194]
  [  0 173 252  34  43 132 194 203 328 180 102 293 156 141 276 344 281
   202 120  86 194 129  73 202  92 186 135 234  76 206 247 123 279  51
   301  46  21 134 350 185 237 166   0 212  60 319 224  76 363 148 200
   115 207 203 388  87  16 318 241 129 363]
  [  0 357   4 222 210 288 268 159 273  69  35 199 112   1 390 204  60
    80 111  35 118  39 365 393 167 132 108  52 198 104 147 295 336 237
     5  57 238 272  69 240  24 196 118   0 364   4 311 214 322 142  51
    73 140  71  13 120 102 168 369 199  89]
  [  0 357  29 199 373 187 367 315   5 282 107 216 311 333 217 164 106
    95  56  13   0 121  77 141 170   9 328  59  11 259 292 191 323 275
    46 135 180 136 211  80  99  24 116  97   0  25 100 309 223 319 295
    68 212 124 250 363 217 283 203 223  56]
  [  0 359  67 128 392 138 272 374 355  87 255  52 364   2 280 390 375
   104 303 160  88 273 186 330 298 381 187 364  78 368  18  30 320 113
   151 287 379 245 387 114 197 205 218 209 352   0 301 131 301 336 153
   277 302 124 169 120   6  49 134 278 153]
  [  0 129 170 114  28 102  19 396 140 381 261 256 297  83 188  91 174
   347  84  23  81 305 321 344 127 302 247  92 285 352 280 209 376 157
    71 392 313 301   4 339  88 287 356 314  92  51   0 125 123 323 231
   355 346 182 317  57  53  51 182  57  21]
  [  0 379 162 147 164 334 100 134 114 358 348 195 304 215 212 136 301
   137 187 226 161 190 200 163 321 173 110 303  77 199 282 215 264  32
   364 392 358 153 373 150 393 319 236 118 398 383 208   0 354 289  96
   205  15 207 214 358 372 366 279 365  25]
  [  0 254 239 399 273 252 337 309  79 240 203  33 297 262 303 378 191
    77 262 205 364 155 136  46 107 232 216 145 345 152  20  78 303 182
   164 198  17 309 253  45 323 307 108  43  13 369 312  38   0 234 398
   212  79 308 173 238  95 254 199 373 336]
  [  0  67  52  29 297  53 294   8 373  62  41 361 379 326 319 292 394
   278 290  52  13 188 366 351 252  11 268 149 214 208  63  14  13 188
   223  88 206 281 218 291 227 229 105 239 316  53 387 388 335   0 356
   370 299 138  19 163 128 149 288  74 278]
  [  0 310 130   1 302  94 317 267  33  69  30  46 349 117  15 295 362
   330 313 240 125 343 178 106 376 105 335  41 382 244 197 144 201  37
   291  26  70 231 108 365 364 111 233 289 131  66 345 263 179 213   0
   356 312 388 209 193  12 311 297 297 365]
  [  0  71  64 112 358  27  81 292 263 396 253 304 246 295   7 347  35
   240 192   9 193 323  50  51 229 359   4 320  58 223 309 141 291  41
   244  35  62 379 196 174 107 378 274 160 320 107 387 223 154 317 387
     0 108 318  50 359 345 382 297   8 144]
  [  0 345  28 309 208 165  35  43 128 147 357 335 104 252 305 117  73
    25 241  21 111 154 189 141 252 165 251  15  56 143 247 329 236 133
   148 108 250 239 166  94 138 362 197  16  21 114 240  86  61 266  70
   298   0 269 244  46 385 202  51 179 133]
  [  0 391  73 326  86 166 196  93 284 190  29 382 295 193 139 160   0
   114 104  85 311  72 346 238   1 340 212  54 136  50 272 174  67 309
   312  61 148 329 329  49 201 362 344 313 198 253 170 150 278 126 143
    60 117   0  77 375 206 380 387 219 394]
  [  0 263 238 135 223  95  43 193 283 373  69 114 236 268  81 177 297
    65 115  55 298 101 232 100 184 339 146 226 338 218 118 231 204  88
   194 149 373  80  33 240 288 375 198 381  90  30 296  54  74 323  29
   367 222 280   0 159 206 235 397 323 361]
  [  0 318 235 102 344 322 343 354 301 387 342 227 227 199 195 259 128
   228 153 318 250 135 188 367 106  74 112 304 213 370  21 129  34  44
    22 342 282 296 361 227 306 228 386 219 376 246 385 360  22  31 392
    68 196 225 180   0 336 293 301 347 371]
  [  0  34 348  88 307 375 166 322  21 280  98 154 161 122 270 288 184
    95 190   8 285 214  33  95 239 311 220 176  29 146 135  28  85  30
   223 171 319 246  98 284 358 248 296 314  35 398 366  20 218 179 365
   208  28 239 219 374   0 197  17  58   0]
  [  0 223 200 288 143  39 319 364 264 360 264  58 373 119 261 213 371
   237 148 397 363 288 194 387 253 148 311 173 203 311 259 235  28 258
   274 223 388 295  90 341 245 351 166  87 100 127 249 256 357 209 194
    14 266 131 241  97  58   0 122 176 217]
  [  0  83 242 101 124 251 326 292 362 229 191  37 372  49 262 188 180
   112 279  44 388  81 181 221 233  62  88 363 399 218 170 398  93 106
   378 172 369 147  44  39 357 371 179 216 224 290 111 341 174  20 368
    69 210 304 319 329 222 225   0   2 381]
  [  0 163 146 185 176  63 272 245 239 348 395 285 251  38 349 160 128
    73 261 397 157 200 181 282 119 225 389 306 385 208 379  80 237 306
   108  51 113 316 211 119  86 350 383 223 163 182 280 196 220 175  50
   204 316 208  50  54 193 243 259   0  98]
  [  0  34 378  69 159 371  11 270 271  98 300 361  12 167  48   6 339
   389 233 290 130 195   9 285  50 183 228 154 370  21 232 101 260 161
   272 289  32 260  50  57  57 194 295 143 212 304  20 207 323 238 201
   337 365 275 220 223  48 208   2 186   0]]]
release_time
[   0  830 1193 1193 1122  825 1202  890 1127 1142 1200 1117 1178 1211
 1124 1137 1139 1132 1162 1145 1142 1160 1172  867 1124 1020 1170 1124
 1219 1150 1081 1070 1078 1137 1172 1180 1087 1056 1074  828 1169 1128
  947  978 1108 1160 1139 1183  894 1076 1203 1134 1176  967 1205 1160
 1144 1167 1169 1146 1237]
due_date
[   0  919 1214 1207 1159  912 1234  944 1203 1189 1202 1211 1184 1222
 1146 1153 1139 1214 1210 1186 1208 1217 1193  890 1174 1097 1194 1178
 1219 1241 1149 1104 1089 1206 1224 1243 1184 1079 1159  876 1199 1211
 1015  991 1138 1169 1216 1265  933 1148 1239 1200 1178 1023 1243 1166
 1250 1233 1187 1230 1246]
unit_emission
[ 3 17  9  1  5]
emission_limit
15359.5
setup_severity
2.0
due_tight
0.3
due_range
0.25
release_tight
1
degree_constr
0.5
