mach
5
job_rate
12
weight
[ 0  6  5  3  7  6  4  3 10  3  2  3  5  6  6  1  2  3  4  8  4  6  6  2
  4  4  6  1  2  8 10  7  5 10  9  8  4  9  5  9  8  1  6  6  2  6  9  2
  4  4  1  3  5  6  6  8  3  5  5  7  5]
proc_time
[[  0  92 144 117 133 102 120 141 125 138 147  91 141  76 142  53  79  97
   82  63 104  94 118 132  75  74 101  92  80  59  51 125 109 107 131 133
  127 108  68 134  72 128 105  94  73  86  87 117  58  57  77  60  76  94
   88  83  57 130  69 116  63]
 [  0 101 128 138  66 146  76  53  93  51 104  68 105  67  53  93  86 146
  148  55 107  79 115 127 129  75  75  90 107 137  77 103 124  63  95 102
  114  67  95 143  66  59 102 114  88  93 124  53 133  56 115  89  68 107
  137 142 129 121 103  83  78]
 [  0 109  86 120 133  63 141  86 107  88  68  64  75  68 127 148  81 135
  117  66 127 111  52 140 106  55  64  79 121 148 149  77  62 137 136  65
   80 111 117 124  89  95  67 107 147 142 112 117 117  76 129 139 147 124
  142 113 109 111 117  64 105]
 [  0  61 116  93  76 116 128 106  85  72 107  93  94 110 144 126  83 127
   58  56  90  52 107  65  64  51  80  77  75  98  98 108 149  86  80 101
  109  60  99  73  77  89  71 147 145  52 142 115  95  61  99  96 137 138
   62 127 115  98  95  62 114]
 [  0  88 106 147  67 106 129  66 107 121  79  80 149 119 104 123 148 102
  116 143 100 140  85 137  83 109 127  91  75  63 150 102 125  86 127  51
   63 133 132 122  83  62 101 146 130  76 100 143 118  97  53  74 140  57
  140  58 134 127 149 102 124]]
setup_time
[[[0 0 5 5 3 1 3 4 5 4 1 1 0 1 0 3 2 1 5 1 2 0 3 1 2 2 0 1 2 1 4 3 5 3 1
   2 2 1 1 2 0 5 0 1 2 1 2 0 2 5 4 0 3 3 4 4 1 0 5 2 1]
  [0 0 4 3 3 5 3 1 4 4 2 2 5 2 2 0 4 0 0 0 1 0 5 3 2 4 2 0 3 0 0 0 1 1 4
   1 1 5 0 5 1 2 1 0 2 1 2 2 2 2 4 5 0 2 3 5 4 2 0 4 4]
  [0 3 0 0 2 0 3 4 0 4 4 1 4 4 0 5 4 2 1 4 1 3 4 1 0 4 4 4 4 2 1 2 1 2 4
   5 3 2 3 2 0 4 3 5 2 5 0 4 0 0 0 5 0 0 0 4 0 2 1 3 1]
  [0 3 0 0 1 2 4 4 5 4 4 1 5 1 2 4 4 1 2 4 2 2 4 3 1 1 4 4 5 3 1 4 0 1 3
   1 0 0 5 3 3 2 0 0 3 2 2 1 3 0 4 3 3 0 0 5 0 4 2 1 3]
  [0 4 0 0 0 1 3 3 3 5 3 5 0 3 0 0 2 2 1 1 2 3 5 0 1 2 4 0 4 3 5 2 0 3 3
   5 4 5 0 5 5 4 5 2 1 0 0 3 2 5 3 1 0 4 0 2 4 0 5 0 3]
  [0 4 3 5 3 0 1 3 1 0 3 0 3 2 3 2 2 1 3 3 4 4 3 1 0 5 1 1 2 0 4 2 2 3 3
   1 4 0 1 5 0 1 4 4 2 4 5 0 3 1 2 4 3 3 2 0 3 4 1 3 0]
  [0 0 5 5 5 5 0 5 0 4 0 0 2 4 1 2 5 2 4 3 4 3 1 5 3 0 1 0 4 4 2 5 0 3 0
   4 2 4 2 3 3 5 4 5 2 2 3 2 5 0 4 5 3 2 0 5 0 4 4 0 1]
  [0 3 3 1 3 5 1 0 0 3 3 4 2 1 3 4 3 3 5 1 4 2 1 0 0 3 0 4 4 3 4 2 2 5 0
   4 1 2 3 2 0 4 0 0 1 2 0 3 0 3 2 1 4 0 0 0 0 0 4 5 2]
  [0 4 4 2 3 5 5 2 0 0 4 3 1 5 1 2 3 4 1 1 2 3 1 4 5 2 1 4 0 3 5 4 5 1 0
   5 0 5 1 4 0 3 4 3 0 4 0 0 5 2 5 4 3 3 5 1 3 5 0 3 3]
  [0 4 1 2 0 4 1 4 2 0 5 3 0 0 5 2 3 5 5 0 1 1 3 2 3 5 1 1 4 3 3 5 4 3 1
   0 0 0 0 0 0 5 0 2 5 0 4 3 1 2 1 0 5 2 0 1 0 5 5 2 5]
  [0 2 2 3 4 5 2 5 4 5 0 4 3 3 5 0 1 3 5 5 3 3 5 1 2 0 2 5 5 1 5 5 5 1 3
   4 3 5 3 3 5 2 2 4 1 3 5 3 3 4 1 2 5 0 5 1 2 2 1 0 3]
  [0 5 3 3 1 2 5 0 1 0 3 0 4 2 3 5 0 1 3 4 0 1 1 5 5 3 3 5 2 3 4 4 4 5 0
   2 2 4 4 1 1 1 3 5 2 0 1 1 1 2 4 1 2 2 1 4 3 2 1 5 0]
  [0 3 4 3 1 2 3 4 0 1 1 4 0 2 1 0 5 0 5 4 2 3 5 2 4 0 3 5 3 2 1 1 3 2 0
   3 4 1 3 2 1 0 1 1 5 4 5 1 5 3 5 1 1 1 2 0 5 5 4 5 5]
  [0 1 1 3 2 1 2 1 0 5 0 5 3 0 0 1 1 0 0 2 3 5 2 5 4 3 0 0 1 1 4 3 4 2 1
   4 5 3 3 2 1 4 0 0 5 2 1 3 1 2 5 2 5 5 1 2 3 5 3 1 3]
  [0 1 0 2 4 1 1 1 2 2 4 4 5 1 0 4 3 0 4 5 0 1 5 1 0 0 0 4 0 1 1 3 4 0 0
   1 5 1 5 1 0 0 5 4 3 2 1 0 0 1 1 4 3 4 4 5 0 3 0 0 0]
  [0 3 3 4 1 2 4 0 2 1 2 0 0 3 3 0 2 1 4 4 2 2 3 1 0 4 0 3 4 1 2 1 4 0 1
   1 3 3 4 4 2 5 5 2 5 2 2 2 0 2 0 2 4 0 0 1 0 5 0 2 2]
  [0 1 2 4 5 1 0 2 0 5 2 2 1 1 4 3 0 3 5 4 4 2 3 2 1 0 4 1 3 1 3 4 3 1 3
   1 3 4 5 3 5 3 5 2 3 4 0 0 3 3 0 1 1 0 5 0 0 3 2 3 0]
  [0 2 4 5 1 3 0 5 5 0 5 3 0 2 5 2 1 0 4 1 2 1 4 4 2 3 0 0 4 5 0 4 4 1 1
   1 3 1 4 4 3 1 2 3 0 0 1 0 2 2 4 5 2 5 0 4 3 2 5 3 0]
  [0 0 0 3 0 4 5 0 0 2 3 4 1 4 0 4 0 3 0 4 5 4 0 5 3 2 2 5 1 0 5 5 3 1 5
   1 0 3 4 5 4 1 4 0 0 4 5 1 1 2 0 4 0 1 1 1 3 0 3 3 2]
  [0 3 3 5 4 5 0 2 4 3 4 4 1 5 3 1 4 1 2 0 0 3 2 3 4 0 0 4 3 2 5 0 2 3 1
   5 1 4 0 5 5 4 1 1 4 5 3 3 4 2 5 1 3 3 2 0 4 2 0 1 4]
  [0 3 4 3 3 5 5 2 2 4 3 0 0 0 5 3 4 3 5 5 0 2 2 5 3 1 3 3 1 0 1 2 5 5 1
   4 0 5 1 1 4 2 5 0 4 0 4 5 5 0 5 1 3 1 4 1 4 4 4 3 2]
  [0 2 5 4 0 3 1 0 3 3 2 1 2 4 1 3 0 1 0 2 3 0 0 1 2 0 1 3 4 4 3 1 3 3 4
   0 2 2 0 0 0 2 2 3 1 2 3 2 1 1 0 4 4 1 5 5 4 3 3 4 4]
  [0 3 3 0 1 1 2 3 1 5 1 0 5 5 5 0 2 4 4 0 1 3 0 2 5 4 5 1 3 2 1 0 0 5 2
   1 2 4 5 4 0 1 4 3 2 3 3 3 3 1 4 4 4 1 2 5 2 5 4 2 4]
  [0 0 3 1 1 4 5 5 2 4 5 1 0 5 3 3 5 0 3 3 5 2 3 0 0 4 5 4 2 0 4 4 1 3 5
   0 0 4 5 5 0 0 3 0 0 2 5 4 3 3 1 4 1 0 0 5 1 0 0 5 0]
  [0 4 0 3 5 5 1 0 5 4 4 1 4 0 1 4 2 4 3 1 3 0 1 1 0 0 5 1 3 3 4 2 2 4 0
   0 2 4 4 4 1 2 3 1 4 1 2 3 5 0 5 2 4 1 1 0 5 3 1 3 4]
  [0 2 0 2 3 3 2 1 2 0 1 1 1 5 0 1 1 1 4 1 2 5 2 0 0 0 5 2 5 5 3 0 4 1 5
   1 1 5 1 0 3 0 2 2 4 2 5 2 0 4 0 1 4 0 0 3 4 5 2 2 4]
  [0 0 5 2 5 2 3 1 4 0 1 2 3 3 4 1 3 2 0 3 3 4 1 4 5 1 0 5 1 1 4 3 2 0 0
   4 1 0 5 4 0 4 2 2 5 5 0 2 0 2 1 4 1 4 0 0 0 0 3 4 5]
  [0 5 2 4 3 3 1 0 1 0 1 3 0 5 4 3 4 0 0 3 5 1 4 0 4 1 1 0 2 5 3 1 3 0 1
   3 0 0 5 1 2 0 4 0 3 3 5 5 1 5 2 1 2 4 0 5 5 4 2 5 4]
  [0 4 3 2 1 0 3 2 4 5 3 5 0 0 2 3 0 3 3 3 3 3 0 2 1 4 4 2 0 4 3 4 2 5 2
   2 1 0 5 4 3 1 4 0 4 4 4 0 1 4 5 5 4 0 1 3 2 1 0 1 2]
  [0 1 1 3 4 5 3 0 2 1 5 2 1 5 4 0 5 0 1 2 2 3 2 5 0 2 1 3 5 0 1 1 1 5 2
   5 1 5 2 1 3 5 5 5 1 1 2 4 3 1 5 5 2 3 1 0 5 3 5 3 0]
  [0 0 4 5 5 3 5 1 1 3 5 4 4 2 3 1 4 2 3 2 0 3 2 2 5 2 2 1 0 2 0 2 4 2 3
   2 3 5 1 1 5 4 5 3 4 4 0 0 1 1 2 2 1 3 5 1 4 2 1 1 4]
  [0 2 2 3 0 5 4 2 5 4 1 0 1 4 2 4 3 3 5 3 3 3 0 5 3 4 1 0 3 3 2 0 3 1 0
   2 4 0 3 3 2 1 5 1 1 5 4 3 2 2 3 0 2 0 4 5 3 0 2 5 4]
  [0 4 2 0 2 5 0 5 4 1 3 5 5 0 2 0 1 4 2 1 2 4 4 4 2 0 0 1 3 5 1 1 0 3 3
   4 3 4 4 4 1 1 5 1 0 4 3 2 4 4 0 1 0 3 3 2 1 0 2 0 5]
  [0 0 3 2 1 1 2 2 1 0 3 3 0 1 4 4 1 0 5 5 2 2 2 0 3 2 4 1 3 1 1 5 4 0 3
   5 5 5 0 3 5 3 1 3 0 3 4 5 4 3 4 0 2 1 5 5 4 5 2 4 1]
  [0 2 3 5 3 1 5 2 4 3 2 3 5 5 2 0 0 1 5 0 5 1 1 2 5 3 0 3 1 0 2 1 5 5 0
   5 2 4 5 0 2 3 5 5 1 1 0 2 1 3 5 1 3 3 3 5 3 4 3 1 0]
  [0 0 4 5 5 5 2 4 4 1 5 5 2 3 4 1 3 2 0 5 3 4 5 1 5 3 4 5 1 0 0 3 1 2 5
   0 4 4 3 0 5 0 2 0 5 5 1 0 2 5 1 0 4 2 0 2 2 4 4 1 0]
  [0 2 1 5 0 4 0 5 0 3 5 4 4 5 2 1 1 1 1 1 1 3 1 2 3 5 2 5 5 0 5 5 2 3 4
   3 0 0 2 2 3 3 0 0 3 5 2 2 4 4 2 2 2 2 2 5 4 4 2 1 0]
  [0 5 4 4 2 0 3 4 2 3 2 3 5 4 0 4 5 3 0 2 4 5 2 3 5 5 0 2 1 3 1 2 2 1 4
   4 3 0 2 1 0 2 0 5 0 4 4 4 0 2 0 0 0 0 0 4 3 2 5 5 4]
  [0 4 4 1 4 0 3 1 1 5 3 3 3 3 5 5 5 0 1 1 1 1 0 1 4 3 0 2 3 0 3 5 3 3 3
   2 2 0 0 3 2 5 4 1 3 3 2 1 4 4 1 5 4 1 3 4 2 5 3 1 4]
  [0 1 3 0 2 4 0 2 0 3 4 1 0 1 1 1 4 4 2 3 3 3 5 2 0 4 1 2 2 1 1 0 4 3 1
   5 2 1 3 0 3 3 1 3 2 0 3 2 4 5 4 4 1 0 2 2 0 3 1 2 2]
  [0 2 2 4 4 2 4 1 3 5 2 0 1 2 0 1 2 1 0 1 3 4 3 4 1 1 0 4 0 0 1 3 1 3 1
   4 5 3 0 3 0 4 3 3 4 0 4 1 1 5 4 5 2 2 0 2 2 4 1 3 4]
  [0 0 5 1 5 1 5 3 5 2 4 2 2 0 2 2 5 2 0 5 2 2 2 5 5 0 5 1 3 3 1 2 2 1 4
   1 4 4 2 4 5 0 5 4 2 0 5 3 1 0 4 5 2 0 3 0 5 0 2 1 0]
  [0 5 0 0 0 0 0 1 2 1 3 0 2 1 5 3 0 5 5 1 1 1 3 5 3 3 4 4 1 3 1 2 3 4 1
   4 1 0 1 5 2 5 0 2 5 2 0 2 4 3 2 5 0 0 4 1 4 1 4 1 5]
  [0 4 0 0 5 5 5 4 1 3 5 3 3 3 4 3 3 4 0 3 0 1 4 5 3 3 1 5 5 0 0 5 3 0 1
   4 5 1 2 3 0 5 0 0 1 4 0 4 4 1 2 0 5 2 0 2 0 4 3 2 5]
  [0 5 1 0 1 5 1 5 4 3 2 5 5 3 0 4 5 2 4 3 4 4 2 3 2 5 2 5 0 2 5 3 0 3 4
   0 2 0 3 4 5 0 2 5 0 1 1 3 4 3 0 3 1 0 1 4 2 3 2 5 1]
  [0 4 2 4 5 2 1 2 5 5 2 4 4 2 3 5 5 0 2 5 1 0 4 5 5 2 5 0 3 1 1 3 3 2 5
   2 0 4 1 4 4 3 2 2 2 0 1 1 5 1 4 1 1 0 0 2 4 2 3 2 2]
  [0 2 2 0 3 3 1 4 5 1 5 4 4 3 5 5 3 5 2 5 1 2 0 0 4 0 4 3 5 0 0 4 2 2 2
   1 5 5 4 2 2 5 1 1 3 1 0 0 2 5 5 0 1 4 3 5 2 0 2 3 0]
  [0 3 5 5 2 5 1 3 5 0 0 0 5 2 4 1 5 4 0 5 5 5 5 4 5 3 3 4 0 2 0 3 0 5 5
   1 5 5 5 2 4 1 2 3 5 5 4 0 5 0 4 0 0 5 2 1 2 1 3 4 2]
  [0 3 2 5 5 0 3 2 5 4 0 3 4 2 5 4 3 1 5 5 0 1 0 3 2 1 0 0 4 2 3 1 3 1 2
   1 1 5 4 3 2 2 4 5 5 2 0 3 0 0 1 4 1 4 4 4 0 1 4 3 2]
  [0 5 2 3 5 4 3 5 4 3 0 0 3 5 1 3 5 2 4 5 5 1 4 5 3 0 0 0 3 3 4 4 5 1 5
   4 1 1 5 5 3 2 5 5 5 5 3 0 2 0 4 0 0 1 4 0 3 0 4 4 0]
  [0 0 1 3 1 0 5 1 4 5 1 1 4 1 1 4 4 0 0 3 3 4 0 2 2 3 0 4 0 0 4 2 1 0 5
   3 4 4 4 1 0 2 4 2 0 5 0 4 1 4 0 0 4 2 1 3 0 5 0 2 3]
  [0 0 3 4 3 3 1 4 2 1 2 2 2 0 3 2 3 0 3 4 2 1 1 5 3 3 3 2 1 2 4 1 4 4 4
   5 4 4 1 0 3 1 2 0 2 0 2 0 4 1 5 0 4 0 3 0 1 1 3 4 1]
  [0 0 4 1 0 0 1 0 0 0 2 2 3 2 3 4 1 1 1 5 5 4 4 1 4 2 0 5 0 5 1 3 4 4 1
   1 4 0 4 5 4 0 4 1 4 4 3 3 4 2 0 4 0 1 4 5 0 1 1 2 4]
  [0 1 1 1 4 2 0 2 0 0 1 5 5 1 4 5 0 4 3 0 5 4 2 1 5 2 2 3 2 0 0 2 0 3 0
   1 5 4 0 5 1 3 4 4 2 1 5 4 3 2 1 2 4 0 0 5 5 1 4 1 5]
  [0 0 3 1 0 4 5 1 1 3 0 5 4 5 1 2 4 2 5 4 5 4 5 4 3 4 3 1 4 3 0 2 5 3 0
   1 1 5 1 4 0 2 0 5 3 1 1 0 1 0 0 3 1 5 0 3 5 4 5 0 1]
  [0 4 5 5 3 1 0 1 1 3 2 1 4 0 3 5 0 4 3 2 2 0 2 4 3 2 5 1 1 4 4 2 0 0 1
   4 0 2 5 0 5 5 2 5 3 1 1 1 1 5 1 5 0 1 1 0 3 2 3 4 0]
  [0 0 4 3 0 2 0 3 2 1 2 3 0 5 2 2 5 4 3 2 3 1 5 0 0 0 0 3 3 0 2 2 2 5 2
   3 0 1 5 1 3 5 3 1 3 4 3 4 3 0 0 4 4 2 4 4 0 2 5 2 0]
  [0 1 0 5 1 3 1 2 1 0 1 3 3 4 5 1 2 5 0 2 5 1 4 3 4 4 2 3 0 2 5 5 4 2 1
   4 3 0 1 4 2 3 1 4 1 3 2 4 4 3 4 1 1 0 0 1 5 0 1 2 2]
  [0 5 4 4 1 4 0 5 1 0 3 1 2 2 0 1 3 0 3 0 3 5 2 2 3 1 3 1 5 5 5 0 0 1 1
   2 3 3 3 3 1 3 3 2 1 3 2 5 2 1 2 0 5 2 3 1 3 4 0 3 4]
  [0 5 1 0 3 2 3 4 0 4 0 0 2 5 1 1 4 1 1 2 2 1 2 4 5 0 1 0 4 5 1 0 4 3 3
   0 1 1 2 3 0 3 2 3 3 0 5 5 0 2 3 0 1 0 3 4 2 3 3 0 0]
  [0 1 5 0 3 4 1 4 2 1 0 1 4 5 1 0 3 3 1 2 1 3 3 4 1 5 2 2 2 2 3 0 3 0 5
   4 5 2 2 3 1 3 4 0 2 4 5 4 2 0 0 3 4 3 1 4 3 4 5 3 0]]

 [[0 2 0 4 0 2 1 3 5 3 0 2 4 5 4 4 2 5 4 3 3 2 5 2 2 2 2 5 0 0 0 5 2 0 0
   3 1 1 4 0 2 5 2 5 2 1 1 0 5 0 5 0 4 2 3 2 0 4 4 1 0]
  [0 0 2 2 4 3 5 0 3 3 2 5 4 5 2 2 5 4 5 2 4 5 3 0 1 0 0 1 2 3 1 3 1 0 5
   2 5 3 2 4 5 4 2 0 5 1 5 0 3 2 5 5 0 3 4 5 0 3 3 5 3]
  [0 5 0 1 2 3 1 1 3 0 4 2 0 2 2 1 1 5 5 0 1 4 3 0 5 1 5 1 1 0 0 1 3 2 3
   4 5 0 2 1 5 1 5 1 0 1 4 1 5 5 1 4 0 4 1 0 0 3 1 2 4]
  [0 3 2 0 2 2 1 5 0 1 3 2 2 5 5 3 1 2 1 2 0 3 3 1 1 5 2 5 3 5 3 3 2 1 0
   2 0 0 3 5 1 3 0 3 1 3 2 1 3 2 3 5 0 2 4 2 2 3 0 4 4]
  [0 0 3 1 0 5 0 2 2 3 4 2 5 1 0 2 5 2 2 2 0 3 0 5 0 1 3 5 3 2 5 0 5 4 0
   5 0 4 0 0 3 0 4 2 3 4 2 0 5 5 5 4 2 5 3 5 1 0 4 0 0]
  [0 3 3 0 0 0 5 3 4 0 5 1 5 3 2 2 4 0 0 2 2 1 0 1 2 3 5 0 3 3 1 2 5 4 2
   0 1 1 2 3 3 0 2 3 0 4 3 5 2 2 3 3 1 3 2 1 4 2 5 0 0]
  [0 4 3 3 4 4 0 3 4 3 5 4 3 1 2 5 2 3 3 1 0 5 3 4 4 2 4 3 1 5 4 4 5 5 0
   5 1 5 0 2 0 1 2 3 5 0 1 2 0 0 1 4 4 4 1 1 5 0 1 1 0]
  [0 3 0 5 1 0 2 0 1 4 3 4 0 1 0 3 5 4 4 3 1 3 0 3 4 0 2 0 4 0 5 4 3 3 1
   5 0 2 1 4 5 5 5 1 1 0 1 5 5 5 4 4 5 4 3 4 4 1 0 3 0]
  [0 1 5 5 2 1 1 0 0 1 3 5 0 0 4 5 4 5 1 0 0 1 4 5 5 4 2 4 5 4 4 0 0 3 2
   3 2 0 4 3 0 5 4 1 5 4 3 0 0 1 3 0 2 1 0 2 2 5 2 5 5]
  [0 2 0 3 1 2 2 1 3 0 1 4 0 4 3 4 1 0 2 4 0 4 4 3 5 5 4 1 4 4 4 4 4 3 4
   3 5 3 2 4 5 2 3 2 0 4 2 2 2 0 0 4 1 0 1 0 1 4 3 2 1]
  [0 3 0 0 4 2 1 5 1 0 0 3 0 3 2 5 0 5 1 4 0 0 2 1 0 2 0 1 2 2 4 5 3 3 2
   2 3 1 2 4 4 0 3 2 5 3 2 3 1 0 1 0 2 2 1 1 0 0 3 5 3]
  [0 3 5 3 3 4 4 1 1 5 1 0 2 0 5 0 1 3 2 3 3 4 0 0 4 4 4 1 5 4 0 2 5 2 1
   1 3 4 1 2 2 0 0 5 0 5 5 0 3 1 2 0 3 5 1 1 2 2 1 3 2]
  [0 5 0 3 5 5 5 0 2 1 1 4 0 1 5 3 1 0 3 3 4 3 4 0 1 3 3 3 1 5 1 5 3 1 5
   2 4 0 5 4 2 3 5 0 5 1 1 4 0 5 3 4 0 0 3 0 0 3 2 1 2]
  [0 5 0 1 4 3 5 3 3 2 5 2 1 0 5 1 3 3 1 5 3 5 0 1 2 0 1 3 1 2 4 4 5 3 5
   5 5 0 0 0 5 3 4 1 3 2 5 5 0 3 0 3 3 0 5 3 0 3 1 1 4]
  [0 5 4 4 3 4 2 0 1 3 5 1 5 5 0 2 0 2 4 4 2 1 4 2 4 0 2 2 1 0 2 2 4 5 0
   2 3 1 2 4 1 5 5 1 5 0 0 0 1 1 5 0 4 2 2 3 5 1 0 5 0]
  [0 4 2 3 0 0 5 0 2 4 1 3 2 4 3 0 1 4 1 5 5 2 2 4 0 4 3 3 4 4 4 2 1 5 2
   1 0 1 3 2 0 4 1 3 4 3 5 3 3 0 2 1 5 1 5 0 4 5 5 5 1]
  [0 0 2 2 2 4 1 5 3 0 4 1 5 3 2 3 0 0 4 3 2 3 1 3 3 2 0 1 0 1 3 5 1 3 5
   3 0 2 0 4 0 2 2 4 3 1 2 2 0 5 2 2 2 2 0 1 0 2 3 0 0]
  [0 0 5 5 2 2 2 4 5 3 3 5 1 1 5 3 0 0 3 3 3 0 2 3 2 0 2 1 2 5 3 2 4 0 2
   2 3 3 2 3 3 2 1 2 5 1 2 2 5 3 1 5 2 1 5 4 2 2 1 1 5]
  [0 2 0 0 3 5 4 4 2 1 3 2 1 0 4 3 4 2 0 1 2 4 2 0 5 4 0 0 3 0 0 4 3 0 2
   3 3 5 5 3 1 2 5 5 4 4 3 1 3 3 3 5 5 4 2 1 2 3 3 3 4]
  [0 5 4 0 5 0 2 0 3 0 4 2 3 5 5 3 5 3 2 0 5 5 0 2 5 4 1 5 2 1 2 5 5 4 2
   2 3 1 5 2 3 3 4 1 1 1 5 0 2 1 2 2 3 4 0 1 0 5 5 0 4]
  [0 4 5 0 4 5 2 0 4 5 4 2 0 1 2 5 5 1 3 3 0 2 0 2 0 2 5 1 0 2 3 4 1 0 0
   0 1 2 4 5 1 4 1 5 2 5 5 5 1 5 4 3 5 0 1 5 0 1 4 5 0]
  [0 0 0 5 4 2 1 0 1 0 1 5 3 0 3 5 0 0 0 3 2 0 2 1 0 3 3 3 1 2 5 5 3 5 4
   4 2 5 2 1 2 3 3 3 5 1 0 2 1 2 2 5 5 4 5 1 4 2 3 3 4]
  [0 0 0 3 1 1 0 3 2 1 3 2 1 3 3 5 4 1 1 2 1 0 0 5 1 2 4 0 3 4 5 2 1 3 0
   3 1 5 3 1 5 2 0 5 2 2 5 3 0 1 0 5 1 1 4 0 5 2 4 1 2]
  [0 3 5 0 2 0 0 3 2 0 4 2 4 5 2 1 0 1 1 2 4 1 2 0 3 4 5 0 2 0 5 2 3 4 5
   5 2 0 3 1 4 3 1 2 5 1 1 1 2 1 1 4 0 1 0 4 3 2 3 3 2]
  [0 1 5 5 3 4 5 4 2 0 1 3 5 1 5 3 4 2 5 2 1 3 4 5 0 3 4 2 4 0 2 4 4 3 2
   2 0 2 3 0 4 1 1 1 1 4 2 1 1 1 0 4 3 4 0 2 3 0 4 1 3]
  [0 3 4 1 3 3 3 5 3 1 5 4 1 5 3 2 4 3 1 0 4 5 4 4 5 0 4 3 4 1 5 4 5 5 5
   0 4 1 4 2 1 1 2 3 1 3 2 1 5 1 3 1 2 1 4 0 0 1 1 2 3]
  [0 5 0 3 3 5 4 0 2 1 1 4 5 1 3 2 1 2 4 4 4 2 5 3 5 1 0 2 1 2 2 1 2 1 1
   0 4 3 3 3 5 4 0 0 0 3 0 0 3 1 5 1 2 2 5 1 3 0 0 3 2]
  [0 4 4 0 0 3 0 5 2 4 0 1 5 2 0 4 5 4 0 0 3 3 4 2 4 1 4 0 3 3 1 3 3 2 2
   4 1 5 2 0 4 1 0 1 1 1 0 5 0 0 1 2 1 4 1 4 1 5 2 4 5]
  [0 4 0 4 1 4 4 5 5 0 2 1 1 4 1 0 1 5 1 4 4 5 4 1 4 2 5 4 0 4 2 1 0 2 0
   1 0 0 2 3 3 0 5 1 1 4 5 0 1 2 3 5 1 2 0 2 4 5 0 1 0]
  [0 0 3 1 2 2 2 0 5 0 5 5 2 3 3 0 0 4 4 1 5 4 2 3 5 2 3 1 3 0 3 2 0 2 2
   1 5 2 3 0 4 3 4 1 1 5 4 3 4 5 2 5 3 2 3 2 0 3 0 4 4]
  [0 2 2 5 2 1 2 2 2 2 1 5 3 3 5 4 1 4 2 4 0 1 4 3 2 0 2 4 4 3 0 3 4 2 5
   5 5 5 4 0 1 2 1 0 3 3 0 2 3 1 3 5 3 0 4 3 0 1 5 4 2]
  [0 4 4 4 2 1 2 5 1 1 3 2 5 5 0 1 2 1 1 1 5 3 3 3 0 5 0 0 0 0 4 0 4 3 1
   3 5 3 3 5 4 1 5 2 4 3 1 2 3 0 1 4 5 3 0 3 2 5 0 1 4]
  [0 2 3 1 0 0 4 1 2 3 3 0 4 2 5 5 0 3 5 0 3 5 3 1 0 2 3 1 0 1 0 4 0 0 5
   1 4 0 4 5 5 0 2 2 0 1 2 2 3 3 3 5 2 2 1 5 1 1 2 0 1]
  [0 2 5 1 2 0 4 0 3 4 4 2 2 3 5 2 3 2 0 5 1 0 5 3 2 2 1 2 3 4 5 5 0 0 3
   3 5 0 0 1 4 3 3 0 4 5 2 5 1 4 4 3 2 3 3 1 3 3 0 0 3]
  [0 5 2 0 0 5 0 2 1 3 1 3 5 3 3 0 2 1 1 4 2 5 4 2 1 4 2 3 1 1 3 2 4 5 0
   1 0 2 5 3 2 1 4 2 0 3 5 0 2 3 4 4 4 4 2 2 2 2 3 1 0]
  [0 2 1 0 5 3 0 3 1 3 2 4 5 4 3 2 5 5 2 5 4 3 2 4 2 0 4 1 4 4 3 0 3 2 4
   0 0 0 2 0 0 0 0 5 1 3 3 5 2 5 5 4 3 0 1 3 0 4 5 1 2]
  [0 3 4 3 5 0 4 2 1 1 2 5 2 1 3 3 5 5 1 2 2 4 4 1 2 0 0 3 4 4 5 2 4 0 4
   4 0 3 0 3 4 3 1 3 4 0 0 2 3 4 2 3 4 2 5 4 0 3 3 3 0]
  [0 4 4 1 4 4 2 0 4 5 1 0 2 2 1 3 1 0 3 2 3 3 5 5 2 0 5 4 5 2 4 0 0 2 1
   0 5 0 0 0 1 3 0 5 3 1 5 4 4 1 3 5 4 1 5 0 2 5 3 0 3]
  [0 4 2 5 2 4 1 1 1 5 5 5 0 4 3 3 3 0 3 0 1 4 2 2 5 1 4 4 2 1 1 3 5 1 4
   5 3 0 0 4 5 1 3 5 3 5 1 4 2 3 1 1 1 3 5 0 1 4 4 4 4]
  [0 1 1 5 2 5 5 4 3 2 3 4 3 1 1 3 2 3 2 1 3 1 4 4 5 5 1 4 1 0 0 2 4 2 0
   1 1 5 5 0 4 4 5 2 1 1 3 0 3 3 5 0 1 5 0 2 4 2 1 5 1]
  [0 5 2 0 2 1 1 0 3 2 3 3 2 4 3 1 3 0 3 0 3 1 5 4 4 0 3 2 2 5 1 5 3 0 0
   0 5 1 3 3 0 4 0 5 0 2 4 2 5 3 1 4 0 0 4 5 0 4 1 4 2]
  [0 4 2 1 0 0 1 4 1 4 2 0 5 0 4 5 0 5 3 4 1 2 5 1 2 5 5 3 3 0 2 3 5 0 1
   4 3 5 0 4 2 0 2 5 5 3 4 3 1 5 0 3 0 3 1 1 4 3 2 3 1]
  [0 2 0 5 0 5 3 5 4 1 3 1 0 1 1 0 5 2 5 2 0 3 4 1 1 3 3 4 4 2 3 5 3 5 3
   0 3 3 2 0 1 2 0 0 1 0 3 3 5 3 1 0 0 3 4 3 4 5 4 5 3]
  [0 5 1 0 5 3 0 4 2 1 3 2 3 3 4 3 4 5 2 1 5 5 3 4 0 5 0 1 1 5 4 5 5 1 0
   5 1 3 4 0 4 0 2 0 4 1 2 3 1 0 2 0 3 4 5 0 5 5 1 5 2]
  [0 3 2 4 2 5 4 5 4 4 3 2 0 3 5 2 5 5 4 2 0 1 5 4 1 5 2 0 0 4 1 3 0 5 5
   3 5 0 2 3 1 1 0 5 0 3 2 1 4 4 2 0 0 3 5 1 1 2 2 4 2]
  [0 1 0 2 2 1 1 0 0 3 0 5 2 0 4 1 5 0 4 5 0 4 0 0 1 3 0 3 1 4 2 3 1 3 5
   5 4 1 0 0 4 4 2 3 3 0 0 0 0 0 1 5 1 5 1 2 1 1 3 0 2]
  [0 0 1 2 0 1 3 2 2 1 4 4 3 1 5 1 1 5 3 0 3 2 4 5 4 5 1 1 2 1 1 2 3 5 0
   2 5 4 4 3 5 4 2 1 2 4 0 2 0 0 0 1 0 4 5 2 4 0 1 1 4]
  [0 3 1 1 5 4 1 4 1 2 4 3 3 4 1 2 1 2 0 1 0 4 5 1 5 5 4 4 5 3 2 4 2 1 5
   1 4 4 1 4 3 3 4 1 2 4 2 0 3 4 2 0 1 0 0 4 0 5 1 5 5]
  [0 0 1 0 4 2 0 4 4 3 2 2 4 4 3 4 4 5 2 4 5 3 1 5 2 2 4 4 1 1 5 4 5 4 5
   3 5 1 2 1 1 0 4 4 0 3 5 2 0 1 1 1 2 5 4 0 1 4 4 1 5]
  [0 2 0 0 1 4 3 4 4 3 4 4 0 1 5 0 5 1 3 0 1 3 4 4 5 3 3 4 3 5 5 3 2 0 1
   1 5 4 5 4 0 5 4 5 1 3 5 3 4 0 5 4 4 0 2 0 4 4 5 5 3]
  [0 2 1 0 3 4 3 3 1 4 2 1 5 3 5 1 1 0 4 3 1 3 1 2 4 2 0 5 5 0 2 0 5 2 3
   3 1 4 1 0 2 0 3 2 2 3 1 5 5 1 0 3 3 3 1 3 3 5 1 5 5]
  [0 3 3 2 0 2 0 4 1 3 1 0 3 0 2 5 4 4 3 1 3 2 0 5 1 5 3 1 1 3 2 0 1 5 0
   5 3 1 0 3 4 3 4 0 5 3 5 2 5 5 0 0 1 0 1 0 0 4 0 3 0]
  [0 2 3 5 5 5 2 5 4 1 5 3 0 2 5 4 2 0 0 4 2 2 2 3 2 5 0 3 3 3 2 4 1 1 4
   2 3 5 4 3 5 1 2 3 3 4 1 4 1 0 4 2 0 0 4 4 4 1 4 0 2]
  [0 2 5 5 1 1 5 4 3 1 5 3 5 2 4 1 0 2 3 1 4 5 2 2 2 4 3 1 2 5 1 5 0 2 4
   3 3 1 1 2 2 4 4 3 3 1 2 5 3 2 5 0 0 0 4 1 0 0 0 0 1]
  [0 3 3 5 2 1 5 3 4 4 3 1 3 1 2 4 1 3 4 5 2 4 0 2 1 3 0 5 3 4 5 3 0 4 5
   5 4 3 3 1 3 4 3 2 2 2 5 0 2 5 0 2 3 2 0 5 2 2 2 0 2]
  [0 2 1 5 0 3 4 2 0 5 0 0 4 3 0 5 0 2 1 3 3 1 5 5 5 3 1 0 0 4 3 5 5 2 3
   0 5 2 4 4 3 2 0 1 5 4 3 0 3 3 3 5 3 5 5 0 5 3 4 1 1]
  [0 4 0 0 4 4 3 2 4 1 4 5 4 1 2 4 1 4 1 5 3 3 1 1 5 2 1 2 4 3 0 1 4 5 2
   3 5 5 3 2 2 3 0 5 0 1 0 4 1 0 5 1 4 1 3 4 0 0 4 5 2]
  [0 4 2 4 4 2 3 4 4 3 4 1 3 4 4 0 3 1 1 5 0 1 3 1 1 5 0 5 1 4 1 5 4 5 5
   5 1 4 3 1 3 1 4 4 4 3 5 1 2 4 0 0 4 1 1 0 2 0 2 4 4]
  [0 2 1 4 0 0 4 0 0 4 0 3 0 1 5 1 0 0 2 5 3 4 4 1 5 2 1 4 1 1 2 1 2 3 3
   3 1 4 5 2 3 0 0 4 3 4 5 3 0 4 2 3 3 1 0 4 1 4 0 1 0]
  [0 4 2 1 1 0 1 3 0 1 0 0 5 0 1 2 3 4 2 3 3 2 2 3 4 0 0 1 3 4 2 4 4 2 0
   0 2 1 4 4 5 5 5 5 2 0 2 0 2 4 0 3 0 4 0 5 0 2 5 0 5]
  [0 2 2 0 1 3 2 1 0 4 3 2 3 5 0 1 2 1 3 1 2 4 3 5 0 2 2 1 4 4 5 3 2 5 5
   2 1 5 5 2 5 1 3 0 5 0 0 3 1 2 2 3 4 0 2 5 5 4 5 2 0]]

 [[0 4 5 4 4 4 0 1 1 3 3 4 5 3 5 1 5 5 2 2 0 5 0 2 0 4 2 4 0 5 3 5 1 1 5
   2 1 1 4 0 3 4 5 5 4 2 4 1 0 5 3 0 2 0 5 2 2 1 1 4 5]
  [0 0 2 2 4 5 5 1 0 1 2 1 1 1 4 4 2 2 2 2 4 4 4 0 3 3 4 2 5 0 3 3 1 5 4
   5 1 4 4 2 4 4 3 5 2 0 4 4 4 5 3 4 0 3 3 0 0 1 2 5 2]
  [0 4 0 2 0 5 2 2 2 3 5 3 5 4 1 3 3 2 1 2 1 4 4 1 0 0 0 2 1 0 0 3 1 5 2
   1 4 3 0 0 5 5 2 2 2 4 2 3 5 1 1 4 4 3 1 3 5 4 5 5 3]
  [0 3 5 0 2 5 5 5 2 1 5 3 2 0 1 3 5 4 5 0 5 5 3 0 5 3 0 2 4 3 2 4 4 1 0
   5 5 2 4 1 1 3 5 1 4 1 0 2 5 1 4 0 2 2 0 1 5 5 1 2 3]
  [0 0 5 1 0 2 1 0 3 5 5 2 2 4 3 5 5 5 2 5 1 3 5 1 3 4 2 3 0 0 2 5 5 0 4
   1 4 5 3 1 2 4 5 4 2 3 5 3 3 5 2 1 2 3 2 1 0 1 3 3 4]
  [0 1 0 1 2 0 4 0 1 3 1 0 0 0 4 5 5 2 3 0 0 4 4 1 3 4 5 0 5 5 1 1 4 1 5
   1 4 3 0 4 4 3 5 5 5 2 4 3 1 5 2 2 3 0 1 2 5 1 1 2 5]
  [0 3 4 5 1 1 0 5 0 4 3 0 0 4 4 0 1 0 1 3 5 5 5 3 4 4 4 0 2 0 3 0 5 2 4
   0 5 2 0 0 3 5 5 3 4 2 0 1 5 3 3 4 0 0 4 4 3 1 1 0 0]
  [0 1 2 2 3 0 3 0 5 5 5 2 2 0 3 2 4 0 1 1 0 0 1 3 0 4 3 0 2 0 4 2 4 0 5
   3 4 3 1 4 5 2 0 4 3 5 4 3 1 5 5 4 2 2 2 5 1 5 4 2 3]
  [0 4 0 0 5 5 2 3 0 0 3 0 5 0 0 5 5 5 3 5 2 2 5 4 1 1 4 0 3 5 5 3 4 1 1
   2 2 0 0 5 2 3 3 1 4 3 2 5 2 4 4 2 2 4 2 1 0 3 2 2 2]
  [0 3 4 5 2 2 3 5 5 0 2 0 1 3 4 3 2 0 3 1 2 2 4 2 4 0 5 0 5 3 3 3 0 2 1
   2 2 1 0 1 5 1 0 3 4 4 3 1 2 5 4 3 0 4 3 3 4 0 4 0 4]
  [0 1 5 3 5 2 1 0 1 1 0 4 5 4 1 0 1 2 0 4 4 0 2 2 3 0 4 0 3 0 5 1 4 0 5
   3 3 5 1 3 2 0 4 2 5 4 3 2 4 2 4 4 2 4 0 4 2 0 3 5 2]
  [0 1 2 4 0 0 0 0 5 0 4 0 5 2 5 3 2 5 4 2 5 2 4 4 0 3 5 3 4 5 1 5 5 5 0
   1 0 2 5 0 3 1 4 5 1 2 3 5 5 4 4 5 1 5 0 0 0 5 5 1 0]
  [0 3 0 2 2 3 5 5 3 4 1 3 0 2 0 1 1 4 3 5 5 5 0 0 5 3 0 1 3 1 0 0 1 0 4
   3 1 0 2 1 4 0 0 0 4 0 5 3 0 4 1 0 5 3 2 5 1 3 0 1 3]
  [0 3 1 4 3 3 4 0 3 4 0 1 4 0 3 1 3 4 3 1 1 5 3 2 1 5 5 0 5 3 2 4 3 2 4
   1 3 0 5 2 5 5 2 3 5 4 3 2 5 3 3 2 3 0 3 4 2 4 2 3 4]
  [0 3 1 3 3 1 4 5 1 4 3 4 5 0 0 4 5 3 3 5 2 0 0 5 0 2 0 4 5 1 4 5 3 5 4
   5 2 0 0 1 5 3 5 4 4 2 4 3 2 1 2 5 1 0 0 2 3 4 5 1 2]
  [0 5 4 4 5 2 0 4 3 3 3 5 2 0 4 0 4 5 5 1 5 3 2 3 4 4 5 1 3 1 5 4 4 5 0
   0 4 1 2 1 1 2 5 3 1 5 4 0 0 4 0 2 5 3 4 5 4 4 3 0 3]
  [0 5 3 0 0 3 5 0 0 5 1 5 2 5 3 2 0 2 0 3 2 0 3 2 4 0 3 4 2 5 0 3 0 4 4
   1 5 2 3 2 2 3 5 1 4 3 5 3 3 3 4 3 1 4 2 0 3 4 0 0 3]
  [0 5 5 2 1 0 3 1 1 4 3 4 1 2 2 2 0 0 3 4 2 5 3 0 2 3 0 4 1 1 1 4 0 4 2
   0 3 5 4 0 4 3 5 2 0 4 5 1 4 0 0 5 2 5 3 3 1 3 5 4 5]
  [0 4 5 5 5 5 3 4 4 2 2 3 1 0 3 1 1 2 0 5 2 2 1 5 2 3 5 1 5 0 0 5 2 2 3
   0 0 5 3 3 0 5 2 5 0 5 2 4 1 4 2 2 5 1 0 5 2 2 4 2 1]
  [0 5 5 5 3 5 5 1 2 1 4 5 0 1 5 3 5 2 5 0 0 3 0 0 5 0 1 1 1 2 0 5 2 2 0
   4 0 4 2 5 1 5 2 1 2 5 4 1 3 5 0 1 0 0 0 1 4 1 3 5 3]
  [0 2 2 5 1 4 4 3 3 5 1 3 5 2 5 5 5 5 4 4 0 3 2 5 1 1 2 5 0 4 0 0 1 4 2
   2 0 1 2 5 2 2 1 5 2 0 3 1 3 2 3 3 4 0 1 5 1 4 0 0 3]
  [0 2 1 3 3 5 5 4 5 3 2 4 1 5 5 5 4 5 5 5 2 0 0 3 5 3 3 1 2 0 0 5 3 1 1
   3 4 1 3 2 2 2 0 3 2 3 1 3 2 4 2 0 5 0 2 4 1 5 1 0 5]
  [0 1 4 0 2 1 1 3 3 4 0 4 0 3 0 4 1 3 2 2 2 4 0 3 0 4 5 0 5 5 3 5 2 5 1
   2 4 0 4 0 0 3 2 1 3 4 3 2 2 1 2 5 3 1 4 3 2 1 0 1 2]
  [0 5 0 5 1 2 0 2 2 2 1 1 2 5 0 5 4 3 0 2 3 1 5 0 5 0 1 5 5 5 1 0 0 2 4
   2 0 4 3 4 1 3 0 5 1 2 2 5 0 4 3 0 5 1 1 3 3 3 1 5 2]
  [0 4 5 1 2 0 3 3 0 1 4 1 3 1 3 3 0 2 3 0 4 2 3 1 0 3 1 2 2 1 4 5 1 3 4
   1 0 1 4 1 3 0 0 4 0 0 5 5 5 0 5 3 3 2 3 1 2 0 1 5 3]
  [0 4 5 3 1 1 4 5 3 2 3 4 0 2 1 1 1 5 4 4 4 1 3 5 0 0 0 0 2 1 5 1 2 0 2
   5 4 3 0 0 4 3 0 3 5 1 3 3 2 5 5 4 3 1 3 3 5 1 0 3 5]
  [0 2 5 0 3 1 1 3 4 1 0 4 0 0 0 5 4 5 5 0 2 1 1 2 0 3 0 4 3 5 5 0 3 1 4
   4 5 1 0 5 1 0 3 0 1 5 5 2 3 2 1 5 3 1 5 2 4 1 4 2 0]
  [0 5 5 1 5 1 1 0 4 4 0 1 5 5 1 3 2 5 5 5 2 5 3 4 0 0 4 0 2 0 5 0 5 5 4
   5 3 2 3 1 1 2 5 0 1 1 2 1 2 3 0 0 4 3 4 5 4 5 5 5 5]
  [0 3 3 2 5 3 2 5 1 0 2 3 1 4 3 2 1 5 2 2 2 3 3 3 1 3 5 5 0 3 5 2 0 0 4
   0 5 1 5 3 2 5 3 2 0 5 0 3 1 3 0 5 0 0 0 5 2 2 4 4 0]
  [0 4 4 1 2 3 1 3 4 1 3 2 0 3 4 5 2 0 2 5 1 0 5 3 1 0 0 4 3 0 1 0 4 4 1
   0 2 3 3 5 5 0 5 2 1 5 3 5 5 5 1 0 1 0 4 1 5 5 5 4 4]
  [0 5 5 5 4 0 4 0 1 3 0 3 5 1 5 5 0 5 0 1 5 2 1 4 3 3 3 2 1 4 0 2 0 4 1
   2 1 5 4 4 0 0 3 2 3 1 5 0 5 5 0 0 4 5 5 4 4 4 1 5 3]
  [0 1 0 4 3 0 5 0 0 0 4 2 2 1 1 5 5 4 3 2 4 5 3 4 0 4 4 4 2 0 0 0 1 0 0
   1 2 1 4 2 3 1 4 3 5 3 1 1 5 4 4 4 1 1 1 1 5 0 3 4 5]
  [0 5 2 0 5 5 3 4 1 4 1 0 3 0 4 1 1 2 3 1 4 5 1 4 4 5 4 3 3 5 0 3 0 2 3
   2 3 0 0 4 2 2 2 3 4 5 2 4 3 2 2 5 3 3 5 3 4 1 4 3 2]
  [0 0 3 3 4 5 4 0 4 4 1 0 1 2 3 0 1 2 2 5 1 3 2 1 3 4 0 5 0 2 2 0 5 0 5
   1 5 3 0 5 1 1 3 0 1 4 4 4 3 1 2 5 2 5 5 5 0 4 0 0 1]
  [0 3 0 4 5 5 4 4 1 0 4 2 5 2 4 5 2 3 2 3 0 3 3 1 0 4 3 4 0 1 3 4 2 0 0
   4 3 1 3 0 5 3 3 4 0 1 0 4 5 0 2 2 4 0 5 0 2 4 4 3 2]
  [0 0 0 4 0 5 0 2 2 0 1 1 4 3 4 0 3 5 0 5 0 1 0 1 0 4 4 1 0 2 2 4 1 0 2
   0 5 5 3 5 5 2 0 4 3 1 3 0 5 4 2 5 2 2 2 5 3 0 5 5 4]
  [0 5 1 1 3 3 3 0 1 5 4 4 2 2 1 0 1 0 4 5 4 3 1 4 1 5 0 0 3 5 1 2 1 0 0
   2 0 2 2 2 5 5 1 5 1 3 2 1 1 4 0 1 2 0 3 2 1 5 4 1 2]
  [0 3 1 2 3 0 2 0 3 5 2 3 3 0 3 0 1 3 3 3 0 2 4 1 5 3 0 3 1 2 0 4 3 4 5
   0 0 0 4 1 5 3 0 2 2 4 4 4 3 3 4 2 3 0 5 1 4 5 1 3 4]
  [0 0 5 5 2 0 1 2 4 0 5 3 4 4 1 2 4 5 3 3 4 2 2 5 4 5 1 0 5 5 4 1 1 1 5
   0 0 1 0 1 4 0 0 3 4 2 3 0 2 1 5 4 3 4 2 4 5 2 3 4 5]
  [0 3 4 2 1 1 5 1 2 4 3 4 4 5 4 5 0 4 1 0 2 2 5 0 4 5 3 1 1 4 5 4 4 0 5
   0 0 5 5 0 4 4 0 3 2 0 4 0 3 0 5 1 2 4 4 3 3 3 5 2 4]
  [0 0 5 0 2 5 3 1 5 3 1 3 4 3 1 2 1 4 4 4 4 4 0 2 2 3 5 1 2 4 3 1 0 3 4
   4 0 3 1 4 0 5 2 0 2 5 5 4 1 4 4 0 0 3 2 2 4 0 5 2 3]
  [0 2 4 5 3 2 5 4 3 5 1 5 3 1 5 3 2 5 3 2 2 5 1 1 2 0 4 2 2 5 2 3 3 5 0
   2 3 1 3 1 3 0 4 4 2 1 5 0 1 4 3 2 1 2 3 2 3 4 3 3 5]
  [0 0 3 1 2 4 5 0 3 0 3 3 2 1 5 3 3 1 0 1 3 0 0 5 1 0 4 1 3 1 2 2 4 3 3
   0 1 5 3 0 0 0 0 5 3 4 1 2 3 1 3 0 2 2 3 3 2 4 5 5 2]
  [0 5 1 0 5 3 5 3 5 5 2 5 0 2 2 5 4 2 3 5 4 5 4 0 1 4 1 5 1 3 2 3 3 4 1
   1 5 3 4 0 3 4 0 0 3 1 5 2 5 1 4 2 4 5 0 3 4 0 4 1 5]
  [0 3 1 1 4 4 2 5 2 5 3 1 0 1 1 1 0 4 4 0 2 0 0 5 2 3 1 5 4 3 1 3 2 2 2
   4 5 1 3 2 4 5 1 3 0 1 2 5 5 2 2 2 0 2 3 4 1 1 0 0 1]
  [0 5 0 1 3 0 1 4 5 4 2 3 4 4 5 2 5 4 0 3 0 1 2 0 4 2 2 2 5 4 4 3 5 0 0
   3 4 5 4 5 4 3 1 0 5 0 4 5 4 0 1 0 4 2 2 3 5 1 4 3 5]
  [0 2 3 5 5 4 2 3 1 0 4 4 1 2 4 1 1 2 2 0 0 0 1 2 4 3 1 2 1 5 0 4 5 0 1
   5 0 0 5 1 3 2 3 1 2 5 0 3 3 5 1 0 1 0 0 2 0 4 5 3 1]
  [0 2 0 1 1 3 4 3 5 3 4 4 5 3 2 4 1 1 2 1 5 5 5 4 3 4 0 1 5 3 3 0 2 1 5
   5 3 0 1 1 5 3 4 2 0 1 0 0 2 5 3 1 0 1 0 5 0 3 1 1 4]
  [0 4 3 1 2 3 2 0 0 0 1 1 0 2 3 2 1 0 0 0 2 3 4 3 1 0 1 0 5 5 0 3 0 1 4
   5 0 2 3 1 1 3 0 0 1 2 5 0 0 3 1 5 0 0 1 5 4 3 1 5 4]
  [0 4 2 2 0 1 3 0 1 1 3 1 3 2 1 5 1 2 5 2 4 2 1 2 5 3 3 4 5 3 1 1 3 5 1
   4 3 1 4 4 4 0 5 3 1 3 4 3 3 0 5 5 1 2 3 4 3 5 1 0 3]
  [0 5 4 3 0 5 4 1 1 0 5 1 2 5 0 5 4 2 3 3 5 1 5 5 4 4 2 4 1 3 0 0 2 1 2
   1 0 5 1 4 4 3 0 5 0 2 0 4 2 2 0 1 0 0 5 3 4 1 1 0 2]
  [0 3 4 5 3 4 2 3 5 5 3 1 4 3 3 3 5 4 0 4 3 2 4 0 5 4 0 0 2 3 2 3 2 2 4
   0 1 5 0 0 4 3 3 0 1 4 3 2 4 4 4 0 0 5 5 4 0 5 1 4 3]
  [0 1 2 0 1 4 3 1 5 0 2 4 1 0 0 3 3 1 5 0 3 1 5 2 3 3 5 4 5 5 5 1 1 1 1
   3 1 3 5 2 3 2 4 0 4 4 4 1 0 2 1 0 0 2 5 3 3 2 5 0 0]
  [0 4 4 2 4 0 4 1 3 5 1 2 3 4 3 0 2 2 3 2 0 1 1 3 0 1 1 1 2 3 0 0 5 3 2
   4 0 3 5 0 3 0 5 3 0 2 3 0 3 2 1 3 1 0 3 1 0 0 5 3 1]
  [0 4 5 4 3 0 4 3 0 3 1 2 2 5 3 1 1 1 2 2 2 4 0 5 2 4 4 4 3 0 1 0 5 5 0
   0 4 5 1 5 3 3 0 0 2 4 1 0 4 4 2 0 2 5 0 4 4 0 5 4 3]
  [0 4 1 2 0 2 0 3 5 1 5 5 2 0 0 3 2 5 1 1 3 5 3 1 0 4 2 3 3 2 0 1 4 2 1
   0 2 5 4 2 5 2 0 4 0 1 4 1 2 4 0 4 0 3 5 0 0 1 3 3 0]
  [0 0 0 1 5 4 2 0 3 0 1 1 1 1 2 2 3 1 2 5 1 4 5 1 0 4 1 5 0 3 0 4 4 2 4
   3 2 2 1 0 1 4 4 0 3 5 0 5 2 1 4 3 1 0 4 5 0 5 2 2 2]
  [0 4 3 3 1 4 0 0 2 3 5 1 3 1 3 4 0 5 2 1 1 0 0 1 0 5 4 2 3 1 0 2 0 1 4
   1 2 4 4 3 5 3 1 1 4 1 4 5 1 1 1 2 2 4 4 4 5 0 5 2 4]
  [0 2 3 1 5 2 5 5 3 1 1 4 5 0 5 2 1 4 5 4 0 0 5 4 2 0 4 1 2 4 4 4 2 1 1
   4 2 0 4 2 3 0 4 2 5 2 3 2 0 1 2 0 5 4 3 5 3 2 0 1 3]
  [0 2 1 0 0 2 3 3 2 4 3 4 1 3 5 2 4 2 2 2 1 0 1 5 4 5 0 2 1 2 4 0 4 3 3
   2 5 4 0 0 4 0 2 3 1 3 3 3 2 3 3 5 0 2 0 2 2 5 0 0 5]
  [0 2 1 4 0 3 0 0 1 0 5 1 4 0 5 5 1 5 2 5 2 4 1 3 1 1 4 5 4 0 0 2 5 2 5
   3 1 5 2 4 2 4 5 5 2 3 1 3 5 3 5 1 4 4 2 5 5 5 2 0 0]]

 [[0 1 2 1 2 4 4 2 2 5 2 2 5 2 5 4 2 0 4 4 5 4 0 3 3 0 0 3 4 2 0 2 5 3 5
   3 1 1 0 4 4 0 1 5 5 0 5 4 0 3 3 1 5 0 2 2 5 4 3 0 2]
  [0 0 5 4 3 0 0 2 3 2 2 5 1 1 5 0 1 1 3 4 4 2 4 4 4 5 3 2 0 3 4 0 5 1 0
   0 3 3 0 1 4 2 1 2 0 1 5 4 4 5 0 4 2 2 4 4 1 0 0 4 5]
  [0 2 0 3 4 3 4 1 2 3 4 1 0 1 3 0 4 1 2 5 4 5 5 2 1 2 1 3 1 2 0 1 1 1 5
   0 3 4 5 3 2 5 2 2 1 2 3 1 3 4 3 3 5 0 2 1 2 1 4 3 1]
  [0 4 2 0 4 0 0 5 5 4 2 4 2 4 5 4 0 0 0 2 4 2 3 2 5 2 4 5 4 0 1 0 2 1 0
   3 4 4 2 4 3 3 0 1 1 1 3 0 2 2 0 3 2 3 4 5 1 2 5 3 5]
  [0 5 2 5 0 4 1 2 5 4 2 2 1 0 5 5 1 0 5 5 3 1 0 4 4 4 3 1 1 2 0 0 3 4 1
   2 4 4 3 5 1 3 5 4 5 4 4 2 0 4 4 1 5 3 4 3 4 3 5 4 1]
  [0 5 0 3 1 0 4 5 5 4 3 0 0 3 0 5 4 3 3 1 4 3 3 4 0 4 2 1 2 4 5 1 5 5 4
   3 0 1 4 2 2 5 1 1 5 0 0 0 3 4 3 1 3 2 5 3 0 4 2 2 5]
  [0 1 5 4 0 3 0 3 2 2 3 0 3 1 5 2 1 3 5 1 0 1 4 2 5 2 0 0 1 3 5 3 5 2 4
   3 0 0 2 0 5 4 2 5 3 3 0 2 1 0 0 2 2 1 2 2 0 2 3 2 4]
  [0 0 1 3 5 4 5 0 1 1 3 1 1 3 5 1 2 0 2 3 4 3 1 0 1 3 1 5 1 3 5 5 2 2 4
   3 3 1 1 1 0 5 3 4 2 1 3 1 5 5 2 1 5 4 1 5 1 0 2 3 4]
  [0 0 2 2 4 5 5 4 0 2 2 2 5 1 3 5 4 5 0 0 1 0 5 3 4 3 1 3 0 4 1 1 3 3 0
   5 4 0 2 3 1 0 2 4 1 3 4 4 1 2 0 5 5 1 3 5 0 3 0 3 2]
  [0 1 5 3 0 1 5 0 0 0 0 3 5 2 4 5 2 5 5 2 5 3 5 1 1 4 1 1 5 3 5 2 1 3 0
   3 0 5 3 5 2 3 5 4 3 4 4 2 5 1 2 4 4 2 0 1 2 5 2 5 0]
  [0 0 1 2 3 4 2 1 3 0 0 0 1 5 4 3 3 2 5 4 3 2 5 5 1 5 2 0 0 4 1 3 5 2 3
   0 0 3 2 2 4 3 4 5 5 5 0 0 3 1 5 3 1 0 2 5 4 0 2 3 1]
  [0 3 1 1 4 4 2 4 2 3 5 0 0 4 5 4 1 0 0 1 3 4 2 2 5 5 2 5 3 0 5 0 5 5 3
   0 4 1 2 0 2 5 2 3 5 5 3 1 0 1 3 2 0 4 3 0 5 3 2 0 4]
  [0 0 0 5 5 4 5 3 1 5 2 0 0 3 0 5 2 0 0 2 4 1 0 4 0 5 3 5 3 4 3 3 5 1 4
   4 2 1 0 1 1 0 4 1 4 0 3 5 5 2 1 5 5 2 0 1 5 4 4 2 4]
  [0 0 0 5 1 2 5 2 0 2 3 4 4 0 1 3 2 0 0 2 5 4 1 3 2 1 2 3 5 1 4 2 2 0 5
   2 2 4 5 0 0 4 5 3 3 0 1 1 2 4 1 4 3 2 4 2 5 2 0 4 4]
  [0 1 1 2 4 0 4 2 2 4 0 0 1 4 0 3 3 3 4 1 5 4 0 0 2 5 4 1 1 2 2 5 0 4 4
   4 1 4 4 3 5 3 5 5 4 5 4 2 5 2 3 3 2 1 4 5 2 5 4 5 4]
  [0 1 1 1 3 4 5 2 0 0 3 4 3 1 1 0 3 5 1 1 0 1 0 1 0 1 5 3 2 5 5 4 1 2 4
   1 3 5 2 5 4 3 3 3 5 0 3 5 0 4 3 2 1 2 3 1 2 4 3 5 3]
  [0 5 2 0 4 0 2 2 2 5 4 3 4 0 0 4 0 1 0 2 1 1 4 1 2 2 5 0 5 3 3 3 2 5 1
   0 3 0 2 0 5 0 3 4 3 5 5 3 3 5 2 5 3 3 1 1 5 2 0 3 1]
  [0 4 1 5 1 5 1 2 5 1 2 0 3 2 2 0 2 0 2 3 1 0 4 1 0 4 0 5 2 3 1 0 4 2 5
   2 2 5 1 4 2 5 5 5 3 3 3 1 3 5 0 0 3 4 4 4 2 5 5 5 2]
  [0 1 5 5 4 0 5 1 0 4 3 0 5 5 2 4 0 3 0 5 2 3 5 2 5 2 0 0 3 4 3 4 2 5 3
   2 3 0 3 3 0 5 4 5 1 4 1 1 0 3 2 0 3 4 2 3 2 0 4 1 4]
  [0 3 3 4 4 2 5 5 5 5 3 0 4 5 5 1 2 2 1 0 4 2 4 5 4 0 5 2 3 4 2 1 0 4 2
   5 1 3 1 4 0 4 0 2 2 3 5 4 1 1 2 4 3 1 5 2 3 4 5 3 2]
  [0 4 1 0 0 3 2 3 1 0 3 1 3 0 4 0 5 2 4 0 0 0 1 2 4 0 1 5 0 2 0 4 1 2 2
   4 4 4 4 0 4 5 0 0 5 1 4 5 0 0 0 1 3 1 5 4 5 2 1 5 4]
  [0 1 2 2 3 3 1 4 2 1 4 2 1 4 1 0 1 5 4 5 3 0 2 5 1 0 5 4 0 1 3 4 5 2 3
   5 0 4 5 2 5 5 3 5 5 5 3 3 2 2 4 5 2 5 4 1 0 3 2 5 1]
  [0 2 5 2 1 1 4 5 1 5 1 4 5 3 3 4 1 0 5 1 2 4 0 1 3 2 5 4 0 4 3 0 3 0 2
   5 0 5 4 3 2 1 4 0 1 3 3 2 0 0 4 5 4 5 4 1 4 1 0 0 3]
  [0 3 4 1 3 3 5 0 5 5 5 4 4 5 4 2 1 0 5 4 4 4 1 0 1 3 2 0 2 0 4 2 3 5 4
   4 1 5 3 2 2 0 2 5 3 3 2 0 4 2 2 0 5 3 3 1 5 1 3 5 3]
  [0 3 0 5 2 2 0 3 5 3 5 2 5 2 1 3 0 5 1 2 3 5 2 5 0 2 1 2 4 2 2 0 5 3 2
   3 4 1 4 2 2 2 3 5 2 2 0 3 3 2 4 2 4 1 2 4 1 3 2 1 5]
  [0 0 2 0 0 3 2 2 4 0 4 3 1 5 1 5 2 1 5 5 2 2 3 5 5 0 3 4 1 1 5 1 3 1 0
   0 2 0 5 2 3 4 1 5 2 3 5 1 4 3 2 3 2 4 4 5 2 0 2 2 0]
  [0 5 3 2 3 1 0 1 4 4 3 3 1 2 2 5 1 0 0 0 5 5 1 0 0 4 0 4 5 4 4 4 4 2 3
   5 3 2 5 2 5 4 3 4 1 0 4 2 5 4 5 0 5 4 5 3 1 3 1 5 0]
  [0 3 5 4 2 4 1 3 3 3 0 1 0 4 5 0 2 5 3 1 3 2 5 3 5 0 3 0 1 5 4 5 3 3 5
   3 0 5 0 1 5 0 4 1 3 0 0 4 4 1 2 5 5 2 0 3 0 2 4 3 3]
  [0 0 0 0 4 1 3 4 2 4 1 1 5 5 4 5 3 2 3 2 2 5 2 5 1 5 4 1 0 3 1 0 3 1 3
   0 5 1 5 2 1 2 3 1 3 0 1 5 3 0 3 1 1 1 3 2 1 2 0 2 5]
  [0 5 1 3 3 3 5 1 2 1 4 5 3 2 0 3 3 2 4 4 1 4 1 3 1 1 3 5 2 0 0 1 0 0 3
   2 4 4 1 1 1 3 3 2 3 4 5 1 3 3 5 3 4 3 2 1 0 5 3 2 3]
  [0 0 5 0 1 4 5 3 0 4 4 0 3 1 3 1 0 4 2 0 3 1 4 1 0 3 4 2 3 5 0 1 4 0 1
   3 3 5 2 0 0 4 0 5 4 5 1 2 3 1 1 3 4 1 0 5 5 4 5 3 5]
  [0 2 4 1 2 5 0 2 1 5 0 0 0 2 1 0 3 3 0 4 1 1 3 1 2 2 3 0 5 5 3 0 1 5 1
   1 5 0 3 0 4 0 4 1 0 2 4 5 5 0 1 4 3 3 0 5 2 5 5 0 4]
  [0 1 5 2 1 5 2 3 0 4 0 5 1 4 2 0 0 3 1 2 5 3 5 4 3 5 4 5 5 5 5 1 0 5 0
   0 3 1 3 0 0 0 5 0 5 4 3 2 2 0 3 3 0 3 0 0 0 0 3 1 0]
  [0 4 2 4 0 3 2 1 2 4 2 5 0 3 1 0 0 2 4 4 3 1 4 1 1 1 1 2 3 3 4 0 0 0 0
   5 1 3 0 4 5 3 0 2 5 4 3 0 3 2 5 1 5 3 4 2 2 2 4 1 4]
  [0 3 5 5 5 0 5 2 4 1 5 1 2 2 2 3 0 5 4 4 2 1 0 4 3 5 0 1 1 4 3 2 0 0 0
   1 5 5 5 0 1 1 0 4 1 5 1 5 5 4 4 2 1 1 0 1 2 0 2 2 2]
  [0 0 3 0 4 5 1 1 4 4 3 4 2 2 3 1 0 1 3 5 5 0 4 4 1 0 3 3 4 3 1 3 0 3 0
   0 2 2 0 5 3 4 2 4 1 4 3 0 3 0 2 0 3 5 0 1 1 2 2 4 4]
  [0 4 3 1 0 3 3 5 0 5 0 4 4 1 4 3 2 0 4 1 3 3 2 5 0 0 1 0 1 1 0 5 0 1 3
   0 0 5 5 1 5 4 0 5 2 0 2 3 5 1 4 3 5 4 2 5 1 5 0 2 0]
  [0 0 0 4 1 3 1 4 5 1 2 4 4 4 1 2 0 0 0 1 3 4 5 5 1 2 3 4 3 2 5 5 5 3 2
   3 3 0 4 2 3 4 0 5 0 0 2 3 2 1 2 1 3 2 2 1 4 3 4 5 0]
  [0 0 1 1 1 5 0 0 1 5 0 3 2 3 5 1 3 3 2 4 1 4 1 1 5 2 4 2 5 4 1 4 5 4 3
   3 3 0 0 0 5 3 3 3 2 0 2 5 0 3 5 2 5 5 4 4 1 1 0 4 3]
  [0 4 1 5 5 2 3 0 5 2 0 5 3 4 5 1 1 1 0 3 4 3 3 0 4 4 5 4 1 4 5 1 3 0 1
   5 2 1 2 0 1 0 4 5 1 3 4 2 4 2 4 2 3 5 4 4 0 4 5 0 0]
  [0 4 2 5 2 0 5 4 2 0 4 3 4 4 2 2 2 0 2 3 0 0 1 1 4 1 1 2 1 3 1 4 0 0 1
   3 3 2 0 0 0 4 2 1 5 0 4 0 2 3 1 3 2 5 3 4 1 3 5 2 3]
  [0 4 3 1 3 4 4 0 5 4 4 2 5 3 2 1 3 2 2 0 3 3 5 3 4 2 3 4 1 5 2 4 2 0 5
   0 1 5 2 5 5 0 1 4 4 2 1 1 5 2 1 3 3 1 2 0 3 5 5 2 2]
  [0 3 0 2 3 3 2 1 0 5 1 4 5 4 0 0 4 3 4 1 2 1 3 2 5 1 4 2 5 1 0 3 4 0 1
   1 5 1 2 3 2 5 0 0 4 3 3 1 3 5 1 2 5 2 5 2 0 5 2 4 3]
  [0 4 0 0 4 0 5 4 0 4 1 1 1 1 5 5 5 3 1 5 3 3 1 2 4 1 5 2 5 3 4 1 0 2 5
   2 3 4 5 4 5 5 0 0 4 3 5 3 0 2 5 1 5 0 3 1 3 2 2 2 4]
  [0 5 4 1 4 2 4 2 5 3 1 4 5 1 2 3 4 4 5 4 0 0 0 2 4 2 2 4 4 3 2 5 4 0 3
   0 1 2 4 3 5 5 0 1 0 0 0 1 0 3 1 0 3 0 0 4 0 0 3 4 2]
  [0 0 5 0 0 0 3 5 3 4 1 0 3 0 5 1 5 2 4 2 3 3 1 2 4 4 4 0 3 3 3 0 5 1 5
   5 0 4 5 5 4 3 4 2 4 0 0 1 0 0 2 2 5 5 5 1 5 1 2 2 0]
  [0 5 0 5 5 3 4 1 0 0 2 5 2 3 5 4 1 1 5 4 1 3 2 3 3 4 3 2 2 5 2 2 1 4 2
   5 0 3 1 4 0 3 4 1 4 3 0 2 3 1 3 2 3 3 4 3 0 3 3 0 2]
  [0 5 1 0 0 2 1 4 5 3 3 0 4 5 4 0 4 3 5 4 0 3 5 4 4 1 1 2 0 3 2 3 2 2 2
   1 3 1 2 3 3 2 0 0 5 1 3 0 2 2 2 3 5 1 0 2 1 4 0 5 2]
  [0 1 4 0 3 1 0 2 0 2 3 3 4 1 3 1 4 1 5 3 4 5 5 1 5 1 4 2 0 1 1 0 2 0 3
   0 5 4 2 3 2 1 3 1 2 4 3 3 0 0 1 2 3 1 4 4 5 2 0 0 5]
  [0 4 0 1 5 5 5 5 4 4 3 4 1 5 5 4 3 0 1 4 1 0 4 4 3 0 4 5 1 2 0 4 1 0 5
   4 0 5 4 2 2 3 3 4 1 3 1 3 2 0 5 1 5 1 5 0 5 1 3 2 0]
  [0 0 3 4 3 5 1 2 3 4 5 3 5 2 5 0 4 4 2 5 5 0 5 1 1 4 4 1 4 5 4 2 0 4 5
   0 1 1 2 2 3 0 0 5 2 4 5 1 2 2 0 3 2 4 2 0 2 1 3 0 2]
  [0 3 4 3 5 5 1 1 1 1 5 4 4 3 0 2 3 5 5 1 3 5 0 2 3 3 4 2 5 3 3 1 1 3 3
   0 3 4 3 4 0 5 0 2 3 0 3 0 1 1 1 0 3 1 1 2 0 5 2 2 2]
  [0 2 1 3 4 5 2 5 1 4 5 5 2 0 5 0 2 3 3 1 3 0 4 5 4 0 4 5 3 2 3 3 2 0 4
   3 4 5 1 0 2 5 1 3 4 2 1 4 5 5 2 5 0 0 0 4 0 0 4 3 5]
  [0 0 4 3 3 3 1 4 5 3 1 2 4 5 2 0 3 1 2 5 5 1 0 0 5 1 3 5 3 5 1 4 3 3 2
   2 1 0 4 0 2 2 2 1 2 1 1 2 1 1 4 2 0 0 2 0 3 4 3 5 1]
  [0 3 0 0 4 4 3 2 0 0 0 0 4 1 5 0 0 2 3 2 4 4 3 5 2 4 5 1 2 2 2 4 5 0 1
   3 4 1 3 1 5 2 1 4 2 1 3 1 4 0 1 2 4 0 0 5 1 2 5 4 1]
  [0 5 5 2 1 0 0 0 3 5 4 5 2 3 5 0 3 5 2 5 4 0 5 1 0 2 1 4 0 1 1 5 5 1 4
   0 4 1 5 4 1 4 1 4 0 2 3 5 1 1 1 1 5 3 4 0 0 2 5 0 0]
  [0 5 1 0 2 1 3 5 0 1 4 2 1 3 2 3 5 3 1 3 2 1 1 4 5 1 0 2 2 1 2 2 0 3 2
   3 0 4 0 1 4 1 1 0 0 5 1 1 4 1 4 3 0 2 0 5 0 4 4 1 2]
  [0 2 0 3 0 3 4 4 2 5 5 3 0 1 1 3 4 3 0 5 3 0 5 0 3 1 5 5 5 1 2 1 3 2 3
   2 0 2 5 1 2 4 4 1 1 1 5 1 1 5 1 4 0 2 1 3 4 0 2 2 1]
  [0 2 2 3 2 4 4 1 3 4 4 2 0 4 1 4 2 4 3 2 1 5 4 1 4 1 3 3 4 3 3 3 3 1 4
   5 5 4 3 0 1 2 2 3 0 3 4 1 4 1 4 0 1 0 3 5 2 2 0 2 5]
  [0 5 4 5 5 1 2 2 3 4 4 2 3 0 2 0 4 5 0 5 0 5 5 5 3 5 3 0 1 5 0 5 5 3 2
   1 4 2 0 5 4 4 1 1 0 3 5 4 4 3 5 0 4 0 3 5 1 3 2 0 5]
  [0 2 2 5 0 5 4 2 3 1 2 4 2 2 2 0 1 1 2 4 4 3 4 0 1 3 4 2 4 4 2 1 3 1 1
   4 2 0 0 5 1 2 0 5 3 1 3 5 5 2 3 0 3 4 5 0 3 3 4 3 0]]

 [[0 4 2 1 4 4 3 3 4 3 5 5 0 5 3 2 3 0 3 3 2 4 2 0 0 3 2 2 4 3 2 1 3 0 2
   3 5 5 0 2 1 3 4 4 5 5 0 4 1 1 0 0 1 5 4 1 5 0 4 5 0]
  [0 0 5 0 4 0 4 4 2 3 2 5 2 3 4 0 0 2 5 4 1 4 3 5 5 4 3 5 3 1 4 1 4 2 0
   4 3 4 1 2 0 0 3 0 2 5 4 2 1 2 5 5 2 3 2 0 5 0 2 5 5]
  [0 0 0 5 5 4 2 2 3 2 2 5 3 2 3 2 2 0 2 1 2 2 0 4 3 3 2 4 3 1 3 5 3 5 0
   0 4 2 0 0 4 4 3 4 0 4 1 5 0 0 5 2 0 0 5 3 2 4 2 1 0]
  [0 2 1 0 4 3 4 4 1 4 5 0 5 3 3 3 1 2 0 4 0 3 3 2 0 0 4 2 3 1 1 5 1 4 2
   1 4 2 5 0 1 5 1 5 1 1 0 1 5 5 0 5 4 4 5 5 0 1 2 5 3]
  [0 3 1 1 0 3 2 2 1 4 3 5 2 1 5 4 3 4 2 0 0 5 4 4 0 4 5 5 4 1 0 4 2 2 2
   3 0 3 5 2 4 4 2 2 0 1 4 1 5 1 1 3 0 0 4 4 2 1 5 0 5]
  [0 5 2 5 2 0 5 2 5 0 0 4 3 2 0 3 2 3 4 3 5 3 2 5 4 3 0 5 3 0 5 5 5 5 5
   1 2 0 2 5 0 1 2 3 5 0 2 3 5 0 4 3 0 1 5 0 1 3 2 0 2]
  [0 4 5 4 5 3 0 5 1 0 0 0 3 0 4 2 2 5 3 4 5 5 4 1 5 3 4 5 1 4 5 2 1 2 1
   0 3 5 3 3 2 2 1 0 0 4 2 0 3 2 4 4 0 2 1 4 5 4 4 4 0]
  [0 4 0 1 5 0 3 0 0 3 3 0 5 0 2 2 4 5 1 0 3 4 3 0 1 5 0 3 1 1 0 1 0 1 2
   1 5 5 5 5 5 3 3 4 4 5 2 5 1 1 0 3 5 3 5 1 1 2 3 3 0]
  [0 5 5 3 0 3 3 3 0 4 3 1 5 1 0 2 4 3 5 2 1 4 5 3 1 5 3 0 4 1 3 3 0 4 5
   4 4 5 1 1 0 4 1 0 0 2 3 1 1 5 5 0 4 5 1 2 2 4 0 3 2]
  [0 1 0 2 0 4 0 2 3 0 2 2 0 0 2 5 4 2 5 5 4 1 2 2 0 1 4 3 1 2 5 4 4 2 4
   5 0 0 2 2 1 5 2 1 1 1 2 5 3 4 3 5 0 4 1 4 2 2 0 1 0]
  [0 4 3 4 2 0 1 5 0 1 0 3 0 4 1 2 0 5 1 5 2 0 4 1 2 3 3 1 1 3 0 5 4 5 4
   2 1 3 4 1 1 3 0 2 2 5 0 1 2 2 5 1 1 0 4 2 4 0 4 2 2]
  [0 1 2 4 3 2 5 5 2 2 1 0 5 3 1 1 2 2 3 5 3 0 5 2 5 3 4 3 0 5 4 3 5 3 2
   2 0 4 5 5 2 1 4 1 5 4 1 1 1 3 1 3 1 1 4 3 5 1 5 2 3]
  [0 1 4 3 5 5 0 4 2 0 2 3 0 1 2 2 5 0 4 4 3 5 5 1 5 4 2 3 2 0 4 4 0 0 5
   5 3 3 0 1 3 5 4 2 4 1 1 3 1 3 3 0 1 3 5 0 0 1 2 0 0]
  [0 3 4 1 0 2 1 0 0 5 1 2 5 0 5 0 3 4 0 1 2 0 2 2 5 2 4 3 5 2 1 3 4 1 3
   3 1 1 0 2 1 0 0 1 1 5 0 5 3 0 4 0 1 5 3 2 1 5 0 4 0]
  [0 2 1 5 2 2 4 3 4 3 2 5 5 0 0 2 5 4 0 5 4 0 1 3 0 3 5 1 3 0 5 5 1 4 0
   5 0 5 1 5 2 3 1 4 0 5 0 4 1 4 0 0 5 4 0 0 2 5 4 3 1]
  [0 1 1 4 4 1 1 5 0 1 2 3 4 5 0 0 1 3 1 0 1 2 5 3 2 1 4 0 1 1 3 5 4 2 1
   0 0 1 3 0 4 0 2 0 0 1 4 2 4 5 1 1 4 1 1 4 5 2 4 3 3]
  [0 5 1 2 2 1 2 4 2 1 4 4 4 0 3 2 0 4 3 3 2 5 3 4 0 5 0 0 5 3 5 1 1 4 5
   1 3 0 1 4 3 3 3 1 5 5 2 3 0 2 5 3 3 2 2 1 3 2 2 0 3]
  [0 5 5 3 5 0 1 5 4 4 1 5 1 3 4 3 5 0 2 2 2 1 5 1 4 1 3 0 1 5 1 5 4 4 1
   4 2 3 3 5 4 1 2 5 1 4 5 1 4 3 5 5 5 4 4 1 0 1 3 5 4]
  [0 5 4 2 0 3 1 0 0 5 5 0 1 4 2 1 1 2 0 2 5 5 3 0 3 3 0 2 1 2 0 1 2 4 5
   2 2 0 3 2 5 0 2 0 5 0 1 2 1 4 1 0 4 1 3 3 1 3 1 3 2]
  [0 2 3 1 1 1 0 5 2 4 4 0 3 1 5 5 3 5 1 0 1 1 5 0 1 0 3 1 3 0 1 5 5 2 0
   1 4 1 5 0 0 2 1 2 4 3 2 0 0 3 2 4 1 1 5 1 3 0 1 0 2]
  [0 2 0 0 2 2 5 5 3 2 0 2 1 4 4 2 2 5 5 1 0 2 3 4 1 2 2 4 2 5 1 4 3 0 3
   5 5 4 2 4 1 3 5 2 2 3 3 2 0 5 3 5 2 3 5 2 0 1 0 4 4]
  [0 2 0 2 2 0 4 3 1 5 0 2 4 4 5 1 4 2 3 3 3 0 4 0 0 0 3 4 2 0 0 1 3 2 2
   1 2 3 0 5 1 1 0 3 4 1 2 2 3 5 2 1 4 0 3 1 4 2 2 2 1]
  [0 0 1 2 1 4 1 3 2 1 1 3 2 2 5 5 4 4 0 0 4 4 0 3 4 1 5 5 0 4 0 4 1 4 4
   5 5 3 1 0 3 1 1 1 5 1 5 2 5 3 0 3 5 2 5 4 0 5 5 1 2]
  [0 0 4 5 2 5 3 5 4 1 1 5 4 1 3 0 2 2 0 3 3 1 5 0 5 4 1 2 5 5 2 1 2 0 0
   5 2 3 1 0 3 3 3 5 3 1 3 5 5 4 4 1 0 2 3 4 2 3 2 2 1]
  [0 5 4 3 1 4 3 4 4 3 0 3 2 3 3 5 5 1 1 1 0 2 2 3 0 2 2 3 4 3 1 0 3 2 1
   3 1 4 5 5 4 4 5 1 2 5 2 0 0 2 0 3 3 4 2 3 1 2 2 2 1]
  [0 0 4 5 0 4 1 2 2 1 0 3 2 3 4 5 5 5 5 3 1 5 3 2 4 0 0 4 4 5 5 5 5 2 0
   2 1 3 4 2 4 1 0 5 2 4 4 5 2 4 3 1 0 1 1 4 1 1 2 3 2]
  [0 2 4 3 3 4 2 3 5 0 3 5 5 5 0 4 3 1 0 3 3 1 5 1 2 3 0 4 1 2 0 0 0 5 0
   1 0 2 2 2 3 2 0 2 0 2 1 0 4 5 1 2 4 3 3 5 5 0 1 3 1]
  [0 5 5 4 3 0 3 2 1 0 4 4 1 4 4 4 4 0 2 2 2 3 4 4 0 2 5 0 0 5 3 2 2 0 3
   5 5 2 2 4 5 4 5 0 5 1 4 3 3 5 5 5 4 2 4 1 4 4 0 3 5]
  [0 4 2 1 4 3 1 0 4 3 2 5 2 0 1 0 1 5 0 1 5 3 4 4 1 5 2 4 0 3 0 2 2 0 3
   3 1 5 4 1 5 5 3 1 3 0 3 1 2 4 3 2 1 5 1 1 0 3 1 4 1]
  [0 5 2 2 2 5 2 3 1 3 2 5 5 5 0 4 4 2 1 1 5 3 0 3 5 1 2 0 4 0 3 0 4 0 4
   5 1 2 4 1 5 5 1 3 1 2 0 5 1 5 1 5 1 2 0 1 4 5 2 3 4]
  [0 0 4 0 5 1 0 2 1 1 5 1 5 2 3 4 3 0 4 2 4 1 1 5 3 2 4 1 2 0 0 3 1 1 2
   1 5 4 3 5 5 3 2 1 3 0 2 4 0 2 4 4 4 0 3 3 2 3 3 0 4]
  [0 1 3 5 3 5 3 2 5 2 3 0 4 2 2 3 1 0 0 3 3 5 5 2 3 3 0 1 4 0 5 0 1 0 4
   4 0 5 3 4 1 2 1 5 1 2 2 4 4 0 2 1 3 0 3 4 5 3 4 1 2]
  [0 2 1 4 5 3 1 5 0 2 4 1 5 1 0 4 3 4 3 1 3 4 1 5 1 1 5 3 4 4 0 3 0 0 3
   2 3 3 1 5 5 3 2 3 4 1 2 2 2 2 5 3 0 4 5 5 2 1 4 3 3]
  [0 1 3 0 0 0 3 3 1 2 4 1 0 1 0 0 2 4 5 0 0 2 1 3 4 2 0 0 1 0 3 1 3 0 4
   0 3 4 1 0 4 3 3 2 1 1 1 4 5 3 3 4 5 4 4 5 4 1 5 2 4]
  [0 3 5 0 5 1 3 5 1 4 4 5 0 5 3 1 1 0 1 3 2 1 4 2 5 1 3 0 2 3 0 1 2 3 0
   2 5 5 5 1 2 4 1 0 4 4 0 5 5 4 1 2 2 5 3 3 4 1 5 4 4]
  [0 3 4 3 2 0 2 0 4 5 5 1 4 5 5 3 4 4 5 1 3 2 4 5 5 0 3 1 3 5 3 5 4 5 3
   0 2 3 3 0 3 1 3 4 2 4 4 3 1 5 1 4 3 0 1 4 2 2 2 3 3]
  [0 0 3 0 5 1 2 2 5 1 4 1 0 1 1 4 2 2 2 0 3 5 4 0 0 2 3 2 1 0 1 4 3 0 2
   0 0 4 3 3 2 3 4 3 1 5 3 3 2 0 3 5 4 3 1 0 3 5 5 1 5]
  [0 1 1 3 0 0 0 1 3 5 5 5 5 1 4 3 2 5 2 5 5 2 5 1 5 2 3 3 3 0 5 2 4 1 5
   5 5 0 1 3 1 0 1 1 2 4 1 2 5 5 4 3 4 4 2 5 0 3 0 1 3]
  [0 5 1 5 2 3 5 3 5 3 3 5 4 2 3 3 0 4 2 5 2 5 4 5 4 5 4 0 4 5 3 1 4 4 2
   4 0 4 0 5 3 2 3 4 2 2 4 1 5 4 5 0 3 1 2 0 3 2 5 4 3]
  [0 5 4 4 3 5 1 1 1 4 2 1 0 1 2 2 0 1 0 4 2 5 1 2 5 1 1 4 4 3 3 1 4 2 0
   4 5 4 0 0 2 0 5 3 1 2 5 3 3 2 4 4 4 5 3 1 2 5 2 2 1]
  [0 3 1 3 4 5 2 4 5 4 2 1 5 2 4 2 0 2 0 3 0 5 5 4 3 5 2 2 5 0 2 5 2 5 3
   4 2 4 4 0 0 5 2 3 1 1 5 0 2 2 4 5 1 0 5 2 2 3 3 0 4]
  [0 0 0 0 0 0 5 1 3 3 3 3 1 4 1 0 2 5 3 4 4 0 4 0 4 1 2 2 5 3 1 0 4 4 3
   2 5 0 5 0 5 0 5 2 5 0 1 4 2 4 3 2 5 3 3 1 1 5 3 3 1]
  [0 4 4 0 3 1 5 1 1 5 5 3 2 4 3 3 1 4 0 0 2 4 1 1 2 4 0 5 0 0 2 1 4 2 1
   3 0 2 2 4 2 5 0 4 0 5 1 3 0 3 2 3 4 4 2 1 0 2 5 2 2]
  [0 0 3 4 5 1 5 1 5 3 1 4 5 2 2 1 3 1 3 1 1 1 4 1 2 2 3 5 2 4 0 3 4 4 0
   4 5 2 3 0 0 2 4 0 1 4 1 0 3 3 3 1 3 0 5 4 4 5 2 2 5]
  [0 1 4 4 0 0 5 2 5 2 1 2 5 3 4 1 4 4 3 2 4 1 4 3 5 3 1 2 1 2 0 1 3 0 5
   1 3 2 0 1 3 1 0 5 0 0 2 1 0 5 0 1 5 3 2 2 1 2 4 5 3]
  [0 3 0 3 5 1 3 3 5 4 2 0 3 5 5 5 4 0 0 3 2 1 0 3 2 0 1 5 5 5 1 1 0 4 4
   0 2 3 3 3 1 3 2 3 0 0 5 0 5 1 3 2 1 2 4 1 5 1 3 0 0]
  [0 2 2 1 0 5 3 1 5 5 2 1 1 4 5 2 2 4 4 5 4 2 2 3 5 1 4 4 3 3 4 4 5 4 3
   4 5 5 0 5 1 2 5 3 0 4 0 0 2 1 3 1 0 4 1 0 1 0 5 1 5]
  [0 1 2 2 2 4 4 4 0 0 5 5 5 1 4 0 2 5 3 2 1 4 3 5 2 0 4 0 4 4 3 0 2 0 2
   1 0 1 1 0 0 2 5 4 4 4 3 0 5 4 4 0 0 3 4 4 1 4 1 3 5]
  [0 4 0 5 2 1 2 4 1 2 5 1 4 5 3 4 5 1 2 3 0 5 5 4 2 0 0 0 4 5 2 2 4 5 4
   2 3 1 1 5 1 1 3 3 2 2 5 5 0 4 1 2 1 2 3 3 4 0 5 0 2]
  [0 0 2 2 1 5 1 1 1 3 2 0 4 2 5 2 5 2 0 1 3 4 0 2 5 3 0 0 1 3 5 0 5 3 2
   2 5 1 0 5 4 4 2 3 5 5 0 4 1 0 0 5 1 3 2 1 3 0 5 2 2]
  [0 5 4 4 0 4 3 2 5 3 5 5 1 5 2 3 2 3 2 1 0 2 4 1 0 0 2 2 2 4 2 0 5 5 0
   4 0 0 3 3 5 3 0 4 5 3 4 5 4 4 0 1 5 1 0 0 2 0 5 0 4]
  [0 2 4 3 0 3 0 4 1 2 0 4 3 1 1 1 1 1 4 5 5 0 4 4 2 1 3 5 1 3 2 3 4 2 2
   4 4 4 4 1 1 4 4 2 4 2 0 0 2 3 0 0 0 5 0 2 3 0 2 5 4]
  [0 0 5 2 3 5 5 0 5 2 3 3 3 4 2 1 1 4 3 2 1 1 0 1 4 4 4 3 1 2 1 0 1 1 0
   1 5 2 0 4 2 3 4 2 2 4 5 1 5 5 4 4 0 0 2 3 4 2 2 4 0]
  [0 0 1 4 4 4 5 1 1 2 2 4 3 2 3 4 2 0 3 5 0 0 5 5 0 3 3 2 2 5 0 5 0 1 1
   3 1 1 3 1 5 1 5 1 0 2 2 3 3 3 3 5 1 0 4 3 2 3 5 2 0]
  [0 0 0 5 1 5 3 0 4 3 2 5 5 3 1 4 4 1 3 3 0 5 5 3 5 4 4 4 1 4 1 4 5 2 5
   1 2 3 4 2 1 5 0 0 3 4 0 4 5 0 5 1 5 1 0 1 2 4 0 0 3]
  [0 2 3 3 0 1 3 2 5 0 0 4 5 0 1 3 0 2 4 1 4 0 3 2 0 4 3 4 4 3 3 1 1 1 1
   4 5 5 2 1 1 1 3 3 1 4 1 0 3 5 1 3 3 4 4 0 2 2 0 5 0]
  [0 3 5 5 3 3 1 4 4 5 1 2 0 3 1 5 4 1 3 1 4 5 0 1 2 3 0 0 2 1 2 3 3 4 3
   5 2 2 4 2 5 2 0 2 5 5 0 5 0 0 3 1 4 1 3 1 0 5 3 4 3]
  [0 0 2 1 2 4 5 4 5 0 3 2 2 2 3 2 5 1 2 5 2 0 3 5 5 4 2 1 3 2 3 0 4 1 1
   1 5 0 4 2 1 1 5 5 2 0 3 2 4 3 5 2 1 5 4 4 4 0 1 0 4]
  [0 1 5 3 3 2 5 2 4 3 0 2 5 2 0 2 1 2 5 1 1 3 4 1 3 2 2 1 3 1 0 0 5 3 5
   4 0 1 1 4 5 5 4 0 2 3 5 5 3 4 0 0 2 4 0 1 4 0 0 3 5]
  [0 4 5 5 5 2 3 0 3 0 0 2 2 5 3 1 4 2 2 2 5 5 5 4 0 0 0 1 0 5 3 3 2 3 0
   0 4 5 5 0 2 1 2 5 3 4 3 2 1 2 1 1 1 0 1 1 5 0 4 0 0]
  [0 5 5 1 3 5 3 0 4 2 4 4 1 1 4 2 2 5 0 2 1 4 5 2 0 2 5 2 1 2 2 4 3 4 4
   1 3 1 2 0 5 0 5 0 3 5 1 3 5 2 1 0 2 1 3 0 1 5 0 3 0]]]
release_time
[  0   0  80 391  14  37  32  29  13  29 547  13  14  10  20  12  17  22
   2   8  23   4   8  38  80  16  26  92   3  93  14  53 359  26 108  14
  19   0  11  24   5  53  47  18   5   0 784  60   9 103  19  92  53  83
  62  14   2  11  19   4  42]
due_date
[  0   0  94 653  18  86  35  30  21  47 652  27 108 118  40  12 115  36
  31  10  40  57 104  64 247  30  65 105  36 103  28  56 482  33 113  31
 119   1  16  78  21  68  92  50  23   3 810  74  65 103  32  98 100 100
  79  45 110  37  19  45  83]
unit_emission
[ 7 13 19 13  7]
emission_limit
38012.0
setup_severity
0.02
due_tight
0.9
due_range
1.0
release_tight
10
degree_constr
0.2
