mach
5
job_rate
12
weight
[ 0  6  6  5  4  2  6  1  3  3  7  8  1  7 10  3  4  6  5  8  9  1  8  5
  1  5  1  7  9  5 10  2  5  2  4  4  8  7  6  2  4  2  5  5  3  5  7  4
  8  8  1  2  7  1  3  1  1 10  1  2  5]
proc_time
[[  0 123  98 106 143 144  75  65 119 117 131  58 139 105 101 121 116  91
  110 131 147  92 143 141 133  55 126  86  98  65 111 127  77 139 119 139
   89  99 126  78  66 101  88  64  52  84 147  67 121 149  84  85  53  81
  108 101 129 100  83 126  94]
 [  0  95  77 140  55 120  98  54  75  92  69 109 105  84  98 101  79 149
  129  80  77 121  98  71 128  97  70  79 129 142  50  86 129 128  88 102
   95  82  99 114  85  87 136  50 140 136  90  73  88  74  89  76  78  97
  120 105 106 105  62  50 103]
 [  0 139  60 144  98 126 149  81  60  51  73 147  71 123  62  83  56  97
   77 147 125 119  70 142  81  56  57 142  60  91 131 135  82 131 137  59
   70 141 112 114 137 123  68  69  79 112 109  73  93  83  84 122 136 117
   65 148 114 105 145 141 141]
 [  0  61 114  83  56 127 112 112 122  87  80 144 149  91  51 145 141  55
  146  51  66 133  66  93 133  77 101 131 105 113  55 134 131  88  95  97
  128  65  77  93 142  53 121 104 103  58  95  82 106 116  75  53  95  60
  107 115 106 123 109 144 141]
 [  0  98 135 133  52 146  92 148  61  84  87 100 131 134  93  64  73  85
  114 146  92 139 148 108  79 116  85 145 124 132 108  94  89 140  75  91
   76 144 137 115 115 121  57  54 127 101  97 143 103 150  56 121  91 106
   51  62  78 116 147 108  94]]
setup_time
[[[  0 313  87 228  70 139  57  45  69 190 296 174  14  18 239 244  92
   211 238  13 367 126 280 159 190 361 181 324 174 228   2 215 185 164
   224 221 174 245 387 363  91  81 323 331  43 157  32  96 280 251 368
   218  71 161 367 192  78 301   4 195 237]
  [  0   0  59 109 298 125 119 212 268 224 344 180 298 165 386 207 391
    86  80 338 272 315 111 312  96 324 160 145 181 227  98 343 190 159
   145 258  62 377 350 187 280 343 188 174 305  37 381  36 363 309 174
    79 176 318 186 292 295  77  63 232 201]
  [  0  50   0 174 335 315 167 385 321 201 205  23 128  24 168 207 384
    53 286 190 154 387  13 386  43 388  54 136 397 281 359   3  71 392
   199  83 108 312  98  13 350  74 378 316  63 320   4  15 136 158 394
   103 152 316 245  88 368 332 337 154 254]
  [  0 269  88   0 333  68 136 400 177 197  48 247 306 340 196 115 109
   261  54 132 373  49 385 176   6  34 219   2 165 341 307 285  17 365
   138 216  86 221 230 323 106 171 251  20 272 380  32 165 148 283 162
   307 330 307   7 311 203  24 362 119 248]
  [  0 333 117 355   0 198 135  18 268 161  17  41 362 235 318   6 144
    76 398 224 235 233 322 233 135 196 400 405 398 351 244 388  10  81
   322 334 406 125 352  75 288   8 343 358 151 326  38 268  71 395 133
   345 191  48 318 346  45 229 122 348 294]
  [  0 181 384 346 220   0 244  64 341 249  65 172 284  76 245 323 233
   345 366 160 110  83 159 134 363 150  44 160 209 309 217 145 330 339
    69  77 268 288 208 203   7 105 331 352 184 227 381 241 352 273  10
   368 218 201 354 151 399 141 217  43 143]
  [  0   5 213 365 251 201   0  92 400   5 371 351  49 142 236 407  67
   347 347 385 296  45 222 126 349 224 131 172 363 393 295  80 204 275
   292 342 218 345 397 116 206 357 351 295 346 260 347  46 172 273 304
   334 232 334  96 144 368 114 116 261 101]
  [  0 206 329 104 265 242 138   0  58 382 233 276  67 260 334 116 342
   375 334 237 131 287  21 130  49 336  45  27  17 395 401 125 140 219
   312 233 135 372 300 103 235  80 379  76 203 206 130 368 342 154 200
   212  65  57   7  43   9 160 170  67 148]
  [  0  61 210  19 199 277 272 329   0 141  36 275 203 159  24  80 334
   217 149 260 180 336 266 250 113 274 299 195 201  49 214 346 363 367
    18 178 283 220  99 147 195 359  70 247 170 135 210 251  95 127 319
    59 233 186 244 321 233 375 295  91 407]
  [  0 146 154 358 256 357  29 128 379   0   9 324  76 259 110 241 103
   165 261 135 392 339 215 210  83  30 157  53  39  65 351  47 378 196
   232 321 131 226 154 203 190 247  17 320 160  53  92 286 240 276 337
   293 140 369 111   3  88 331 379 208  38]
  [  0  95 285  35 321 236 131 249 282 119   0 118  30 252  26  57 362
   201 304  53 292 203 229 361 291 310 216 313 277 286   4 262 232 170
   319 327 171 292 198   5 364  12 154 104  36 117 134  61 123  74 216
   287 124 142 181 268 375 323 300 142  52]
  [  0 339  34 348  71 386 241 238 297 196 204   0 395 160 405  23 112
    62 226 273 344 289 300 121 106 275 170 372  22 182 311 261  67  80
   124  50 156  82 349 372 223 170 126  59 392 248 163 350 343 163 174
   277 195 235 329 215 277 316 398 163 394]
  [  0 402  78   1  57 181 118 177  21 204  68  87   0 101 128 114 164
   136 365 284  88  39 149 183  30 155 288  15  77 301  48 301  87  86
   329 217 274  96  96  71 252 219 334 170 247 149  62 345 143 242  49
   135  18 143 153  66 374 177 204  55 266]
  [  0  70  95 179  30  54 301 109 144 155 402 110  19   0 174 375 356
   392 354  92 251 263 321 268 328 235 350 328 247 338  18 380 321 237
   377 354 133 162 258  58 311  15 211 294 314  26 119 374 283 171 185
   305  90 346  70 238 193 175  30 393 250]
  [  0 115 129 204  81  23 236 178   2 164 332 229 395 109   0 306 262
    16 222 127 320  44 161 159 361 139 112 123 196 187 105 147 380 250
   141 337  51 281 137 188 196 151 385 191 191 391 126 267 367  44  23
    83 181 259 246 346  90 286 109  22  24]
  [  0  64 295  15 324 185 211 238 132 227 245 172 157 127  62   0 249
   324 293 155 393 243  75  42 205 251 270 239 319  92 292 140 289 319
   195  25 276 339 389 356 374  98 401 265 174   1 306   5 345 281 208
   190 134 293 350 158  68 325  79 138  33]
  [  0 115 134 284  44  32 278  64 258  88 364 271 110 265 308 247   0
   137 152 222 253 208 387 212 240 363   3 323  47 392   7 312 106 181
   252 396 285 317 366  63 185  88 106 208 406 317 175 114 105 253  22
    62 260 360 180 349 316  27 199 159 258]
  [  0 367 346 321 319 287  29 252 101 373 137 113  32 283  18 337 289
     0 135 239  96 343 383 115 355  88 307 294 392 381  13 346 119 292
   385 173  89   1 376  84 234 365 167  96 260 334 177 240  61 306 337
   266   3 312 233 327 358 397 130 177  60]
  [  0 117  91 233 364 226 264 385 281 274 123 279  88 383 288 398   6
   275   0 389 109 325 102 270 232  40 123 235  92 122 324 250 295 392
   291 284 165 211 135 144 174 330 396  88 171 160 325  29 300 110 343
    32 134 371 199  99 407  55 194  52 280]
  [  0 161  19 228 228 164 135 107 140 171  30 339 368 112 335 232 405
   349 373   0 115 402 147 163 273 100  18 167 190 228 404  41 121 157
   245 189  72 251 338 127 307 128 326  12 114 300 116 126 195 144 401
    12 290 277   8 111 237 166 385 397 217]
  [  0  82 201  48 151 104  43 315  17 119 172 107 307 330 207 167 187
   144 267  58   0 311   2 236 320 361 272 282 208  96  69 216 211 306
   127  88  69 147 144 243 390  92  15 311 103 205  65 185 318  66 184
   377 279  31 270 347 271 406 349 161 349]
  [  0 237  91 372  35 351 291 353 297 318 241 103 132 139 281 101 180
   357 179 269  65   0 307 392 370 146 259 181 105  41 153 380 183 104
   381  58 347 350 366 227 246  87 198 326 291 299 337 380 359 171 280
   322 311 197 363 391 354 108  80  73 279]
  [  0 365 252 156  36 322 324 310 230 239 181 133 288 276   8  83 334
   306  27 122 386 390   0 147 312  95  88  58  88 120 152 110 317 295
   265 174 277 184 219  37 390 334 159 175 216 242 314 385  27 295  67
    63 402 307 393 170 309 373 172 212 301]
  [  0  70 191 296 283 370 364 328  35 188 304 153 322   1 317 362  89
   312 256 382 378 249 271   0 337 238 234 260 137  28  75 247 195 263
    98 407 131 370 368 255  14 309 268 275 219 299 101  19  52 330 181
    63 340 188 108  51 214 365 117 228  76]
  [  0 207 115 106 119 316  56 277 154 197 176  49  49  83 281 241 196
    93 188  94 146 199 225  65   0 208 400 267 244 379 331  61 348  75
   182 137  18 338  56  48 338   3 406 107 259 370 242 232 224 281 130
   282 229 186 395 222 351 335 130 326  55]
  [  0 159 171 104  91 151 268 406 294 121 247 300  24 285 374 301 384
   207 286  93 109  81  26 132  31   0 136  15  78   3 185  63 371 150
   119 249  85   6 204 209 120 308 121 144  96   7 345 171 345 130 315
   158  34 228  75 246 243 180 283  45 335]
  [  0 346  40 167 349 212 205 405  58  38 356 233 386 307 112  28 263
   329 153  91 244 107 210 137 319 243   0 403  20 163 241  55   9 145
   114  41  32 151 199 315  40 346 115 120 396 406  92 379  18 263 100
   323 180 281 235  10 288  41 357 175 224]
  [  0 295 343 277 209   6  29 383  36 115  57 277 193   1  33 276 222
    92 385 116 231 244 228 221 253 164 354   0  18 378  45 349  28 178
    91 198 385 177 348 255 363 322 285 183 193 376 221  66  81 330 149
   137 109 234 318 383 298 207  75 321 407]
  [  0 243 332 153 182 271 262 380  32 122  91  75   0 243 382  95 206
   394 297 256 290 173 222 383 132 203 297 351   0  60 288 365 134  71
   257 320 148 275 243  79 196 238 158 333 257 288   5  12  39 111  43
    79  92  66  88  62 329  64 136  82  12]
  [  0  15  39 142   5 363 242 374 149 349 376 273 261 240 242 305 223
   374 252 140  12 354 189 148 341 255 179 159  67   0 200 184   4  33
   214 178 145  34 162 272 125 281 278 299 382 250 351 311 180 208 159
   364 386 132 110 210 231  11 225 174 273]
  [  0  14 201 210 185  32  35 239  38 110 337 291 231  23 309 224   0
   273 369 348 257 120 124 166  75  47  29  84 139 189   0   4 115 328
   316 109 238 293 221 202 217 381 237 349  74 171 228 243 358 289 153
   234  60 122 181 199 333 148 169 295 208]
  [  0  79 241 174 339 398 199 125  99  56 344 387 268 207 364 336 377
   275  73 310 398 211 325 125  24  60  23 160 265  12 269   0 213  17
   336  23 100 222 214  94 331 206 393 353 153  51 213 118  98 347  21
   301 284 230 286 267 324 148 381 111 246]
  [  0 120 222 201 147 211 259 358 145 280  76 331  56 289 262 279 235
   211 270 151 326  47 246 171 298 289 388 108 384 339 238 210   0 208
   204 325  29 198 113 337 173 124 240 318 101  26 353 332 405 374  98
    26 219  59 321  65 283  50 103  92 240]
  [  0 302 286 168 344 222  86 357  71  23 250 125  74 212  61  41 362
   257 315 293  17 327 141 109 276 195  25 389 274  76 266 296 391   0
   196  36 106 215 367 120 144 319 137 267  64 151 102 144 329 168  69
   381 187 100 364 220 401 188 266 106 390]
  [  0 253 295 316 267 242 276 200 371 174 281 101 147 309 162 138 376
   323 365 245 379  95  96 125 284  49 307 307 109 275 348 169 150   3
     0 108 186 197  76 333  71 302 220 234 258 241 281 404 139 313  10
   260 365 242 387 362 226 306 129 104 386]
  [  0 176  34 125 106 122 380  15 203 326  49  11 350   0  47 206 326
     7 339  74 315 221 248 113 117  93  33 141 171  81 172 193  10  51
    34   0 325  24 239 102 336 141 311 171 372 362 304 207 366 140 306
    89 223 282  84 235 116  79 217 109 212]
  [  0 313 366 407 168 341 172 406 149 319 208 159 390   3 338 252  13
     2 217 329 211  65  56  28 407 257  88 246 297  20   3 220  23 150
   279 107   0 289  72 271 319  91 397 108 253  57 279  41   6  24 143
   161 178  12  87 331 338  29 324 362 286]
  [  0 148  71 185  35   1 312  50 275 271 241 123 380   7 358 280 132
   145  83 299 282 121 152   7 210 135 120 404 385 226 352 266 242  74
   174 191  45   0 258 156 235 280   3 213 188 401 404  94 149 155 364
   383 131 399 208 259 141 232 110 264 332]
  [  0 231 379 107 392 304   4 101 262  25 122  64 347 154  87 268  95
   248 292 306 210 161  53 341 249  25 307 166 342   7 146 325 126  47
   239 208 255  24   0 273 162 402 405  63 126 277  82 382 104 314 225
   407 167 274 284 206  25  51 365 341  95]
  [  0 331 146 282 384 370 386 115 389 255 144 306 280 203  41 115  13
   396 329 389 406  13 349  28 365 317 274  34 238 215 282 281 230 307
   114 224 137 270 192   0 250 273  42 117 134  44 362 207 188 145  12
   345 275  33 110 158 153  11  52 393 255]
  [  0 242 232 341 365 164 171 323 395 227 101 112 294 246 204 379  28
   266 347 349 174 386 126 262 250  55 272 300   5 138 209 328 364 325
   330 119  19 340 378 147   0 394 206 203 100  39 190 376 338 111 208
   176 223 273 179 268 285  46 253  28 123]
  [  0 269   8 204 322 193 149  38  11 177 378 287 362 310 162 377  54
    30  75 184  56 141  25 195 326 349 395   8 107 311   5 242  51  87
    67 179 379  24 122 184 105   0 243 121 402 396  57 221 304 251 300
   182 111 148  94 368 398  60 217 198 175]
  [  0 130 116 169 375 243  90 266  75 158 137 275   9 118 343 127 231
   312  61 247  37 105 189 341   7 355 193 127 226 136  11  88  74  51
   318 403 147  54 102  19 237 259   0   8  57 158 319  85 155 320 267
    77 232   9  45 158   1   4 190 140 345]
  [  0 164 155 287 298 365 149  25 114  18 110  53  24 341 355 128 220
   286 318 297  66 350 212 115 234 250  13 287 343 384 252 213 244 361
   188 211 214 372 208  32 196 315 145   0 272 155  26 192  15 113 175
   312 190 250 354  87  20 164 100 264 309]
  [  0 335  33 325 205  92 398 118 120 140  82  68 330 165 134 374 286
   266 300  63 121 167  17 266 160  87 299 290 131 222 379 280 318  34
   286  93 152 102 285 383 154 278 134  46   0 314 260  92  33 264 148
    64 403  27 272 404  42 392  97 234  49]
  [  0 258 289 176 109 174 277   1 165 217 322   2 101  83 324  19 369
   134 306 227 110  17  16 390 159  12 229  24 189 219 109 159 405 297
   341  22  25 187 272 146 265  54 133  10  93   0 311 140 294 396 279
   311 362  12 346 181 220  22 247 400 351]
  [  0  63  53 254 310 407 208 243 242  65 402 148 390 313 273 268 274
   212 135 146 335 299 296 142  52 168  15 301  23 100 202 248 216  35
   377 397 149  43 292  69 395 348  99 132 247 174   0 305  35 193 175
   168  62 387 121 345 110 221  28 236  70]
  [  0  34 206 125 316 250 381 262  40  56  34 125 402 103 390 303 320
    80  74  76 369 152 188 199 156 156 103  21 380 167 319 148  70 404
    91 204 349 361  20 148 216 367 239  80 148  95 167   0 136 366  35
   388 151 128 119 148 154 247 395 302  44]
  [  0 265 362  21 102 346 352 332 108 369 345 130 250 220 126 239 155
   387 373 370 138 163 232  78 372  43 100 347  79 132  75 304 380 219
   316 232 290 277 184 309 123 242   5 341 300 302 134  26   0 152  93
   224 350 116 250 124 245  32 357 255 392]
  [  0 181 370 159 138 380 298  99 367 306 197  17 379 337 275 315 337
   231 125 101 260 360 154 123  19 181 252 271 378 200 380 217 158 150
    65  95 287  99 112 210  20 101  62 328 155 309 191 317 250   0 250
   115 171 331 324  60 331 406 376  70 222]
  [  0 400 285 133 307 400  49  73 369  86  12 284 362 371  41 304 144
   348 117 162 237  80 326 312  28  36 158 123  22  12 101  36  57   5
   389 150 312 302  80 214 402 295 145 406 363  80 315  81 143 304   0
   406  66 159 245 253  88 117 128 264 271]
  [  0 176  89 387 249   3 346 235 105  62 295 207 287  27 140 107  76
   281  85  64 204 394 404 185  54 186 328 194 356 241 301 277 244  72
   375 390 173   2 121 264 187 156   6 236 220  53   9  31  70   3 407
     0 360  42  52  77 293 198 118 120 129]
  [  0 344 292 227 402 197 218 173 129 174 264 203 307 404 133 323 382
   202 160 168 164 333  60 149 105 190 173 158 284  27 377  75 108 142
   321 241 383 339 135  54 281 181 158 234 203  63 308 303 158 141  26
   211   0 148 246  62 400  31  51 291  74]
  [  0 318 308  33 371 303 303  15 371 123  97 138 120   7  77 185 386
   386 196 387  95 353  55  18 360 140 306 348 387  25 105 261  43 103
   400  62 398 318 270 328 169  57 155  17  69  14 262 357 398  27 161
   224  33   0 113 206 316 213 264 236 277]
  [  0 399 102 235 144 315 210 191 121 352  85 128 129 245 314   8 314
   144 166  77  64 309 169 287 103  14  99 128  51  98  79 219  23 385
   280 178 162  41  38 258 197 250 320  45 161 345 243 299   6  14 153
   158  30 223   0 388  45  34 124 272  57]
  [  0 347 149 121 224   7 188 107 287 396 382  61  39 170 156 205 247
   128  11 343  67 226 107 172 221 138 303 303 148 220 242 392 162 166
   334 372  59  58 267  80 167 139 164  23 162 173  78  71 357 305 199
   213 347  76  41   0 226 385 252  76 366]
  [  0  78  65 145 266 388  22 281 141  34  90 151 370 310 304 320 228
   241 101 154  46 101 177 234 128 352  73 214 344 204  57 249 380 344
   138  80 276 268 179 162 150 201 333 292 317 160 221 237 133 369 256
   192 403 113  91  66   0 239 350 247   2]
  [  0  40  50 178 260 233 279 308 403 268 330  29 260  50 375  82 194
   373 399  36  85 135 191 112 150  27  24 243 155 104 101 244 284 365
   389 315 338 375 186 112 368 260  40 213 180 369  85 372 399 160 174
   400 243 178 169 143 284   0 352 343  31]
  [  0  13  18 211   5 380 229 269 321  29 147  41  86 382   1 264  82
    78 310 262  77  24 387 183 269 277 127 239 269 172  23 290 279 266
   165 101  10 322  78 211 139 301  16 242 234  70 246 230 294 135 163
   107 203  30 121 393 295 366   0 392 297]
  [  0  87 223 403  76 277 215  83  48 373 126 118 274 333  23 349 243
   179 281  28 165 249 208 227  57 175 220  24 305  24 153 328 406 351
   157  89 242  94 246 167 238 357 303 351 257 196  67 174 203 298 407
    52 237  77 125  70 263  69  47   0 130]
  [  0 344 368  32 306  89 266   9 394 174 118 361  35 340 355 328 213
    45  42  21 193 130 256  62  96 363 144 263 406 350 365 171 205 355
    73 250 169 221 316 186 310 388   7 145 281 254 261 145 159 219  85
   374  17 106 323  22 116 314 344 182   0]]

 [[  0   0 389 382  11 392 194  44 213 321 379   1 340  38 124  27 234
   333 320 143 289 175 155 328  76   3 350 291  61 250 343   5  25 187
    71 180 388  79  64 145 248 229  39 244 248  63 103  31  20 400 142
   180 382  50  18 181 268  16 158 168 100]
  [  0   0 320 327 198  36 110 378 338 100 213 270   8 227 236 298  51
    86  17   5  14 196 173  84 191 103 286 129  83 405 249  50 197 401
   295 161 202 174 375  16 259 403  71 372  96 376 176 115 217 213 334
   168 354 113 125 168 322 128 322  60 361]
  [  0 141   0 349  15 268  96 343  61  66 209 355 248 245 269 182 215
   112  75  94 312 113 278 319  99 252 296 358  84   5 231 199 279  76
   179  13 195 171  16 133 306 318 334  73 124 107  91   0 385 147 377
   162 360 402 372 313 320 198 258 131 327]
  [  0 197 129   0 178 319 104  51 150  69 140 344 223 105 395 109  39
   231  66 255  38 291   6  85 308 223  54 249  71  80 109 305 296  58
     9 236 153 165  19 145   1 217 326  70 185  77 215 102 156  41  47
   250 371 114  87 290  10 356 101   1 239]
  [  0 101 250 340   0 381  42 296 335 297  33 355  71 377  19 220 383
   342  60 295 107 385 203 179 179  44 191   8 164 218 329 394  73  80
   335 231 123 167 396 156 294 286 267  24 137 222 128 240 326 241 406
   131  71  84 209 233  70 332 385 195 316]
  [  0 350 405 339 174   0 386 107 252 251 207  22 325 146  68 143 186
   215  59 401  93 247 364 359 314  85 183 303  36 382 218  99 251  77
   215  28 144  33 293 343 179 342 270 403  77 123 286  17 387 359 219
    33 406 217 264 128 334 285 187 188 320]
  [  0 253  72  71 218 118   0 365  67 205 395 228 404 314 109 385 249
   358 146 402  86 353  84 318 260  42 365 182 234 221  94 263 258 379
   309 397 220 187  62 369 295  61  97 154 295 370 315  58 171 357 327
    28 196 396 360 392  81 221   1  91 377]
  [  0  19 164 275 157 191 375   0  73  52 270 137 389 250 309 108  90
   387 129 310  38 187 353 191  87 105 299  59  76 306 388 350 135 374
   257  22 239 228 387 124 194 159 175 211  40  24  60 232  20  89 248
    47 237   4 110 114 211 149 291 101  40]
  [  0 340 304 216 253  90 241 339   0  82 405 406 396 202 125 120 174
   227 312  21  90 230 240 132 186 311 153 360  40 131 167 273 306 169
     1 180  57 232 224 125 234 117 291  20 321 192 407 240 163  85  75
   375 189  53 165 288 321 184 316 344 384]
  [  0  33 391 273  60 212 230 171 252   0 141 376 398 182  15  56 217
   281 153 283 178 345 199 167 170 370 317  65 145 395 199 120  97 143
   382 379 220 295 359 177  71  99  73 121 149 389  98 215 258 225 322
     9 306 346 191 224 172 288  45 397 218]
  [  0 270 364  33  33 136 362 360 304 173   0 266 376 191  36 371 237
   364 355 325 402  32  68  17 312 157 153 256 196 381 262 169 122 355
   296 203 304 221 248 120 311 196  43 181   8 151  41 308 306 255 364
   211 291 401 377 195 271 278 204 345 395]
  [  0  39  56 145 183  19  68 280   0 202 129   0 265 376 193 386 117
   102 256 258 261 364 191 351 164 172 125 215 152 116 246 166  67 124
   206 396 250  44 168 300 115 280 327 377 267 205 109  73 243 303  10
   183 222 275 219 240  43 380   3 263 331]
  [  0 384 234 272  90 322 209 125 225 225 284 365   0 146  11 143 306
   339 258  55  47  56 216 307  39 123 251 377 399 301  97 103 115 259
    57 171 273  28 166 168  86 307 290 360 341 158  53 134  97   4   7
   164 342 198 274 258 121 277 296 151 232]
  [  0 343  59 330 387 168 402 212 212 390 222 278 240   0 102 251 405
   313 378 278 222  92 341 198 254 200 198 141 142 152 169  92 334 169
   183 405 223 266  22  56 308 233 252 369 203  44 145 258  26   6 334
    31 199 239 224 203 184 105  24 136  98]
  [  0 163  85 102  73 308 200 265 343   9 350 153 296 354   0 214  10
   402 142 107 272  84 236 170 390 337 248 375 204 270 188  39 402 366
   333  69 390 174 332 389 322 158 305 199 292  12 380 245 285 250   8
    50  82  28 379 331  88  50 398  61 406]
  [  0  80 397  56 238 167 339 135 378 370  84 173  70 237 202   0 321
   156 353 353 103  37 372  69 216 153 116 151 162 256  48  33 224 263
   311  85 398  27 376 153 105 357 123  32 291 371  38 350 366 141 359
   130  57 383 375  58 152  61 326  84  63]
  [  0 144 367  40 231  70 238 258 217 214 374 232 353 399  64 102   0
   173 224  61  70  33 400 386 314 152 117 357 278 109 113 176  82 174
   394  86 275 211 333 390  72 301  87  86 179 356  50 356 169 209 393
   341 102 366  62 313 289   4 407 277 354]
  [  0 187 156 343  74  11  35 219  44 402  79 131 385  68 232 267 326
     0  22 224 264 294 213 319  71  32  32 233   5 241 371 272  91 184
    31 368 353 237 214 267 272 184   1  93 365 182 251 323 275  82 231
   368 303 404 187 180  84 362 318  39 124]
  [  0  45 294 187 247 234 205  28 161 398 161  24 344 207 259 377 307
   365   0  43 239  43 167  57 106  24 148  84 125 364  67 344 158 108
    85 336  36 204  31 144 129 233 170  56 334  76 148 128 119 118  78
   151 213 159 231 401 211 169  98 215 340]
  [  0 211 386 189 298 313 171 345  51  25 125 176 347  51  41 372 373
    57 263   0 336 298  78 292 373 399 221 168 116  68 341 266 385 395
   216 125 137  79 146 192 269 160  94   5 149 131 236  57  96 116 184
   232 149 235  57 371 285 226 134 186 386]
  [  0  88  62  82 341 209 236 404 174 327 225 159  82 334 207 104 363
   120 256 370   0 358 216 393  93   1 406 276 237  11 125 348 341 343
   354 262 233 357 372 136  13  20 190  64 303 117 377  28   9 376 347
     8  91 209 204 191  85 302  23 296 350]
  [  0 270 132 135 285 205  93 155  78  10  91 204  79 160 206 155 321
    89  18 254  35   0 376 393 111 328 248 123 236 114 250 213 330 179
   125 379 173  32 307 339 339 344 369  58 225  82 383 398  55 266 106
   354  97 284 189 316  78 227 383 200 240]
  [  0 146 114 301 307 152 238  89  12  64 265 195 193 315 325  80 391
   192 395 313 233 400   0 297 139 165 201 173 394 248  27 401  14  34
   382 200 297 209 118 327 329 168 150 256 204 193   0 117 274 154 147
    10 340 127 271   8 377  70 103  63 160]
  [  0 204 372 262 237 304 265 322 248  80  36 180 294 290 325 122 188
   115 107 111  82 235 295   0 106 244 316   6   9 186  68 230 222 136
   215 251 335 274 352 275 341 314 126 143 401  51 325  40  74 261  88
    73  73 154 150 300 146 230 346 383  65]
  [  0 281 323 390 187  90 407 279 311 305  17  57 290 206  53 233  35
   131 126  75 238 396 170 407   0 209 126  64 398  69 146 127 384 210
   283 122 197 201 108   2  53 108 400 148 166 263  69 117  59 383  19
    31 392 188 118 136  53 163  11 167 333]
  [  0 289 406 378 372 255 318 265 278 228 226 377 269 176 322 349  89
   312 265   6 114   8 153  59  47   0 291 183 115 314 384 342 302  99
    68 104 216  90 118 122  13 144 115 177 222 312 189  57 391  14 380
    54  82  62  80 131 304 280 110 297  68]
  [  0 360 343 240 270  38 357 153 152  63 182 243 332 379  37 240  93
    93 389 171 248 352  58 204  74 286   0  47 355   8 264 145 103 240
   337 101  74 285  20  50 396  63 369  44  93 381  40 182 254  90 269
    68 361 182  10 288 252 206 288   1 160]
  [  0 196 336  55  82 310 332 373 367 133 309 334 332  20  56 187  24
    51 272  78 275 169 357 260  46 149  46   0  86 347 129 384 342 181
   163 205 378  53  83 389 242 194 404 215 384 144 296 340 185 391 275
   220 299 394 407 375 368 405 248  53 195]
  [  0 171  13 384 390 245 308 204 208 326 138 101 236  70 196 403 157
   356 334 246 339 271 214  58 249  45  93 328   0 152 359  41 101 265
    80 208 344 342 168 255 195 221 309  61 376 188 363 384  20 241 265
   340  49 370  98 112 349 256 360 101  90]
  [  0 141 144 151 210 380 146  38  87 319 236  21  70 305 129 384 356
   180 285  71 343  56 168 141  47  92 163 245 177   0 193 293  88 228
   242  99 146 223 307 283 258  37 200 102 151 192 386 304 296 368 344
   247  19 186  66 243 370 403 379 369 338]
  [  0 225 391 308 245 377 105 188 336 192 225 273 211 383  99  63 404
   326  84  10 227  95 164 179 318 240 373 177 387  58   0 350 187 285
    91 332 215 199 348 160 331 149 308  12  11 360   0  70 310  74   4
   303  20 156  56 153  33  46 233 365 161]
  [  0 151 244  19 195  96 359  76 139 148 321 322   5  41 206  81 198
   397  40  63 200 370 273  52  29 383 304 331 193 132 147   0 194 240
    37 217  54 294 180 378 228 258 314 108   4  69 171 139 335 195  66
   371 355  77 403 289 352 185  91  74 184]
  [  0 339 397 310  19 213 169 181 263 394 219 372 300 191 407 121 293
    10 176 325 267 165  83 201 403 137 275 191 339 113 376 347   0 193
   336   2 127 161 120 205 248 224 136 149 263 187 190 349 163 273 108
   190 220  64 177 192 367 130 119 384 130]
  [  0   6  43 388   1  43 196 286 104  53  65 351   1 351  80 205 286
   364 292  40 300 309  51  52 287  23 106  28   9 357 122 149  15   0
    69 150 269 354 105 384 390 166 274 255 261 157 171 238 187   1  52
   124  73 121   2 286 279 136  59 288 341]
  [  0 248 239 128 215 163 133 308  89 139 344 186 231 320  40 263 352
    33 209 190 239  99 354 164 328   5  51 379  17 163 383  37 318 400
     0 241 215 255 368 100  52  27   4  40   0  53 304  17 131 112  91
   222 212 358   8  73 179 286 113 336 152]
  [  0 216  83  25 271 368 393  44  13 404 235  95 132  32 381  32 397
    61 363  83 349  61 168 163 105  54 156 107  58  68 298 223  89 258
   397   0 275 283 104 280 305 181 236 179  25 309 249 144 366  43 111
   195 101 263 349 147 324 363  72 258  77]
  [  0 248 390  52  58 273 171   3 170 375 368 385 180 287 167 380  71
    16 230 393 371 187  77 135 336 348 150 268  94  73   7  87  87  44
    61 175   0 268 368 174   6 183 174  13  67  82 341 309 313 324 143
   108 213  45  40 333  20 330  61  27 283]
  [  0 153 202  30 282 171  72 407 199  60  62 236  55 264  26 145 265
    17 323 300 133 268 134   2 328 286 279   4 164   4 152 225 129 291
   302 207  79   0 165 380 193 237 343 302  51 337 333  65 216  35 360
   374 173 394 132 259 270 168 402 321 171]
  [  0 111  80 317 235  28  95 141  57 244 119  38 148 391  71  56  39
   287 127 268  75  67 115  12 300 225  36 345 240 351 397 117 349  73
   328 251  82  21   0 160  18 399  88  11  12 297 126 298 154  65 281
   224 238  78 222 112 230 280 311 365 185]
  [  0 157  33   6  85  68  88 374 139 360  30 386 256 137  93 169 252
   139 190 284 137 142 233 140  94  58 269  79 224 289 283 381 398 384
   244   5 217 322  69   0 329  60 277 372  55  34 100  76 151  48  96
    68 123 247  45 126 308 377  84 337  55]
  [  0 196 297 251 131 292 275 301 189 230   8 218 123 194 182 180 305
   348  39 341 154  24 238  56  44 321 314  87 228  75 178 303  15 403
   198 119 231 245  83 317   0  74 293 321 236 263 100 182 321 280 134
   281 193 323  77 367 398 297 197 250  93]
  [  0 202 144 115 376 358 197 351  19 344  67 240  21 374  20 199  24
   221 401  63 217 106 276 162 225 353 150   8 273 193  11 326 347  70
   152 146 264 351 164 208  66   0 343  59 383 392 406 372 113 113 270
   133 211 108 165 338 319 349 289 241 214]
  [  0 180 233  97 278 192 352 247 304 282 151 307 296  51   6 285 187
    16 100 161  74 102 121 401 258  15 373 208 169  82  31   8 386 341
   295 325 371 135 269 129 388 367   0 283 359  17 269 290 311 295 122
   184 263 227 180 159 354 286 245 330 167]
  [  0 395  45 162 247 145 397 152 211 313 268 208 268 205  31 119 195
   137 257 389 303 277 124 303  69  12 316 298 385 126 322 239 298 225
    31 280  65 242 357 242 262 185  83   0 252 257 262 341  54 242 309
   254  62 340 232 291 273 263  59 298 157]
  [  0  53 220 189 106 354 173 381 136 171  17 128 179 256  23 107  15
   261   5 369 372 376 123  81 278 315 353 176 188 316 170 266 219  19
   283  85 111 121  13 370 238 282 248 373   0 310 240 321 369 266 319
   352 163 348 333  52 363 224 175 265 372]
  [  0 202  10 196 142 155 176 195 153 366 396 341 245 113 167 165  17
   120 116 132 176 158 374 403 180 278 165 251  13 176 396 202 312  20
    76 307 288 308 299 141 365 157 292  26  63   0 327 284 298  35 296
    80 210 184 385 277 290  76  63   3 299]
  [  0 117 351  79  89  41 372   1 379 143 366 360 192 119 224 339 338
   168 367 378   9 124 121 221 400 376 269 311 136 305 191 141 248 125
   225  80 159 243 234 249  94  28 152 244 238  54   0  85  98 282 369
    48  64  79 308   6 151 389 153 211 284]
  [  0 387 263  28  33 252 157  37   0  60 164  57  31 340 185 354 375
    57 203 378 300  62 184 101 381 211 202  15 145 141 218  38  92  16
    20 363  90 310  39 360 375 386 308 352  31 316 201   0   4 225 194
   166 115 258 146  64  25  29 320  12 317]
  [  0 167 162 383 226 387  76 220 216 240  47 252 327 277 228  74  23
   349 284 163 321 336 186 284 157 109 134 176 280 222 364 176 285   4
   295 325 145  91 229 336  22 161 199  88 136 373 337 271   0 155 268
   106   7 136 154 159 333  85 387 273 253]
  [  0  65 270 352 269 357  57 323 205 240  68 241 153 113 298 152 221
   142 148  46  52 137  89 192  25  23  23 228 373 218  95 135  31 255
   238 365 367 245  29 347 100 361 201 321 386 267 107 203 323   0  22
   390 347 195 173 162 300 192 307 302  42]
  [  0 146 104 239 309 303 341  95  35 340 303 339 148 384 322 336 407
   143 106 172  42 407 198 392 384 237 130 130   2  72 375 197 392 287
    87 304 310 315 362 320 331 291  65 255 234 403  20 164  44 237   0
   268 124 383 369  39 122  15 185 375  43]
  [  0 191  55 384 405 170 218 124 134 388 297 168 371 120 341  29 309
   257 214 121 210 368 220 323 291 246  32 116 403 351  54 221 125 174
    56 324  59 182 233 328 395 117 263  81 271 178  86  99 156 107 195
     0  21 159  48 182 306 126 389 391 346]
  [  0 327  27 176 405 193  81 339  49 281 142 131 143  18 214 357  63
    37 344 380 112 369 353 404 402 248 115 389  18 159 361 352 245  27
   227 106 214 249 378 275 388 286 280  81 271 135  27 288  68 194  91
   152   0 242 319 119 211 233 382 226 332]
  [  0 234 132 398  40 153  25 271 347   0 287 226 400 241 158   4  12
   405 343 384 144 194 252 168  84 186 400  58 172 106 299 333 115 287
   100 138 178 301 370  54 144 274 406 254   9  77 381  12 323 355  26
   196 237   0 381  59 391 255 319 157   5]
  [  0 285 328  27 357 242 210  41 117 307 170 297  37 204 268 369 144
   304 403 256 111  53  48  61 126 122 160  39 335 396 386 140 239 225
   314  72 302 307  71 384 161 266 294 274 118  43 382 190  45  60  89
   131  46 115   0  76 218 342  12 101 157]
  [  0  98 288 204 184 335 333 100 224 204 341 308   1 314 364 205  17
   387 366 240 334 260 164 229  86 176  61 189 284 364  88 123  39 173
    87 381 176 190  41   1 201  39 203 151 354 212   3 266 200  23 129
   153 202 274 225   0 152   5 260  64 152]
  [  0 252  79  23  68 346 237 134  95 334 257 256 278 151 351 218  70
   145 249 162 376 297 313  17 169 321 253  48   3 278 313 303  99 176
   309  40 159 404 176 169  12  63 236  17 363 333 177 340  84 399  28
    97  74 213 281 358   0   7 351 248 329]
  [  0 170 352  69 399 319 254 234 364  42 378 167 142 198 325 359 383
   114  56 119 223 269 109 131 273  55 387  56 183 116  51 346  87 108
   136  98 374 222 166 273 381 319 163 392 342 300 251 192 382  38 125
   162  52 353 190 232 248   0 404 285 404]
  [  0 375 275 248 180 140 313 295  81 386 272  51 150  41 243 309 146
   385 259 160   4 208 381 236 285 244 249 371 239 390  12 368 193  98
   333 343 243 207 313 365 212 257  34  17 128 108 230 394 162 363  67
   219  70 219 182 245 192 199   0 220 105]
  [  0 291 319 219 299 291 329 201 176 391 318 288 157 188 187 192 211
    38 324 394 163  69 205 232 371 355  54 199 109 400 379 379 234 272
   134 200 372  12 101 150   8  27 147 311 245 119 288  74  32 177  65
   367 366 123 158 250  85 151  96   0  17]
  [  0 104 213 127 129 109 373 216 163 398 173 123 399 318 354 283 240
    43  69 172  75 351 290 312 341 301 192 205   1 381 150 163 396 383
   123 398 246 202 210 296 154 164 287 137 153 364 228 344 407 313 124
   399 251  81  46 200 345 228   3 231   0]]

 [[  0 200 174 270 113 302 367 399  94 243 241 395 198  64  85 319 162
   245 123 176  82  62  95   0 157 363  68 357 351 120 312 393 349 139
   288 334  65 132  41  20 261 298 100 371 266 153 117 273 370  28 285
   199 238  10 223 375 228 182 282 290 179]
  [  0   0  36 120 354 337 309  76 306  63  73  24  61 210 323 386 382
    35  81 339 377 121 285  18  80  34 107 344 238 316 342  71   7 129
    62 155 406 370 301  67 175 214 146 165 160 311  25  22  13 206 296
    37 245  68 345 177 178 304 160 295  85]
  [  0 149   0  78 245 126 128 342 208 187 123 381 315 263 369 142 171
   251 353 147  23  43 196 194 257 296 185  67 271  98 401 271 203 169
   360 214 269 142  12 250 395 110 289 280  29 333 321 203 247 264 301
   100 214 279 360 227 350  34 247  52 140]
  [  0 296 295   0 362 382  85 213 336 129   6 128 173 187 215 404 333
    97 328 268 349  87 145  28  82   4 167 194 160 131  83  80 154  96
   307 281 259 341  31 168 249 321  16 281 193  65 332 405  33 241  41
   404 321 143 215 389 381 326  74 288  56]
  [  0 348 336 106   0 101 208 244 367 134 384 272 194  59  19  72  72
    78 185 114 240 153 318 143 378 273 154  46 165  81 358 332 261 177
   351 100  86 407 338 202 395 178 378  12 374 393 142 189  60 237 293
   351 220  14 236  52 379 265 115 365  39]
  [  0 294 277 320 349   0 139 255 332 132 206 160  56 329  28  15 260
   401  61 201 198  22 202 335  56 142 131  39 130 252 224  61 149 156
   328 405 369 211 206 322  47 262 137 373 221  36 342 374 350 366 373
   191 318  82 199 340 319  77 390 379 357]
  [  0 338 169 324 202 126   0 150  38 223  42  89 359 323 402  42  42
    75 263 184 196 279 398 361 366 390 210  85 130 193 317 374 138 227
   195 246 367  17 283 112 193 331 200 344 144 384  87  40 387  84 405
   380  17 160 329 161 302 407 168 119 152]
  [  0 190 165 264 133  74 401   0 242  84  99 222 309 100  94 220 369
   102 224 291  41 348 338  23 152 243 345 396 224 188 335 401 401 322
   367 107 203   0 155  46 402   9 199 287 239 216 350 132 339 190 154
   327 105  49 218 379 368 376 105 247 236]
  [  0 195 228 405 235 171 108 274   0  88  78  73  46 207 262 128 319
   312 117 205 147 402  71  11  42 157  47  22 162 339 268 354 122 381
   314 256 385 284 276 378 108  28   2 247  48 273 305 231 252  19 164
   367 292 241 183 265 339 353 183 146 340]
  [  0 298 117 199 323 189 335 326 363   0 167 282 369 383 227 292 195
   251 249 393 170  65  19 262 121 220 149  22 324  84   4 118 169 213
   286 218 324  63 266 366 201 206 380 210 378 269 382  77 358 155 206
   100 117 253 174 323  65 100  41 220   9]
  [  0  71 320   4 190 144  14 392 131 317   0 176  26 319  10 290  86
    43 246  47 300 286 188 311 167 166 105 383 285 403  70 192 126  17
   385 276   5 255 217 390 282  67 354 298 353 175  79 217 306 239 181
    94  73 109  24 138 165 140   8   3 368]
  [  0 338 194 149 364  60 370  84 273 117 198   0 124 403  94 306   4
   118 374 204 402 235 113 163 122 304 277 298 125 346  40 138  54 378
   110 233  36 165  39 264  41 304 181 393  96 385 405 227 303 160 256
    51 385 297 232 405 244 385 361 194 263]
  [  0  35 213 371 370  27 221  51   0 193  26 304   0 284 345 275   0
   220 121 173  83  67  74 177 235 361 101  97  48 294 384 207  40  55
   229 236 259  87 241 207 187  16 276 392   7  82 111 154 350 210  93
   119 391 180 256  97  89 174  23 200 209]
  [  0 211 254  43 282 383 296  51 162  22   8  20 171   0 140 156 256
   139 144 137 198 389 270 340  77 251 353 199 341  43 177 158  72 135
    56 136 246 265 376  19 188 152  85 402 303 333 113 350 294  59 308
   138  13 316 309 382  36 301 153 132 270]
  [  0 372  38 162 401 376 263  48 306 115 406  24  85  26   0  32 314
   203 371  69 114 198 164 192  37 178 383 373 299 394 124 194 234 109
   369 327 165 263  95  36 251  52  17 390 174 326  41   0  25 397 234
     1  80 353  73 306  94 115 286 338  82]
  [  0 245  76 197  34 388   9  45 207  73 348 222  21  40 350   0 136
   215 370  45  94 151 179 268 279 323 380 290 159 273 105  66 252   6
    74 204 229 304 200 102 226 233  72  23  30 271  15 197 111 203 268
   198 126 145 104   5 356 351 255  58 217]
  [  0 283  88 304 205 106  28 140 300  93 359 124  27 199 304 218   0
   300 193 277 345  29 184 333 378  21  51 253 343 278 270 273  38 379
   273 204 155 227  91 125 243 144 166 101 274  61 302 113 259   9 210
   171 168 118 294 251 351 130 266 174 134]
  [  0 148  49   9 174 118  24 386 278  84 378   0 205  43 355 183  74
     0  68 313 405 395 170 215 406 213 405  20  63  66 238 304 378 407
   217  59  56 299 309 100 369 174  80  76 242 389 304 137 373  98 405
   152 135 353 105 275  74  25   8 102 402]
  [  0  89 103  47 141 363 297 370 143 296  19   1 354 169 251 334 203
   231   0 367 150  47 334 369 389 369  78 333 398 212  16 270 198  53
    19 274 318 179 203  15 170 190 351  38 108 322  10 352 263 331 184
   250 180 154 124 379 336 190 374 193  91]
  [  0 114 104  39 137 103 390 259   0 335 274  31 393 133  22  59 165
    66 372   0 370 243 204 367 318 315 159  64 329 347 320 105   9 332
   376 127  87 242 109 360 260 376 321 165 369 250 346 250 394 254  15
    30   0 311  72 402   4 255 197  19 317]
  [  0 237 132 176   3 186 402 395 391 351 241  51 395 304 186 245 125
     4 218 242   0 153 308 348 272 256 387 235 255 276 197 324  59  17
    96 138 356 217 178 322 324 344 233 177 245  30 399 207 177  22 124
   106 282 246 101 251 254 267  84 150  98]
  [  0 260 372 143 389 220 212 158 231 163 230 376 148  49 338  56 323
   270 179 158 328   0  29 303 214 113   8  40 208  38 231 379 317 379
   143 146 232 226 262  68  41  46  88 246 325 346  72 263  86 184 141
   313  48 363  60 131 402  25 244 325 222]
  [  0 243  32 129 325 272 378 316 401 234 105 236  34  82 224  51 256
   158 120 379 297 128   0 109  86 338 290 104 103 142 121 157  42 190
    43 404 319 274 226 107 207 139 173 380 180 284  31 171 122  20  86
   145 262 377 403 303  14  98 149 107 334]
  [  0 188  41 359  85 394 252 208  41 377 268 201 118 140 129 247 103
    24 180 263  98 355  42   0 244 123 229 168 187 254  51 172  99  95
   390  35 312 329  78 120 388  98 289 259  54  12 345 125 391  31   2
   198 241 206 319  18   6 398 154 148 310]
  [  0 345 377 120  46 382 179 249 364 360 235 117 230 276  94 329  47
    46 232  64 229  37 161 176   0 200  29 162 176 127 401 195 161 316
   348 104 203 245 121 276 194 207 264 379 306 103 185 276 199 389 298
   276 406 229 350  92 150 173 284 407 187]
  [  0 104 311 285 210  66  16 147  25 202 180 402 126 220 264 397  52
   349 219 338 140 197 307 386 257   0 281 192 149 281  39 240 247  42
   115 288 186 201 193 357   0  25 367  23 407  90 385 196 213  82 137
    19  32 328  34  87 153 353 356 316 278]
  [  0  12 403 200 143 287 278 390  43  43  81 321 149 341 238 352 259
    54 354 182 183 378  25 156 130 127   0 341 347 246 193 200 327 135
   222 151 203  81 395 231 106  44 302 341 226 130 356 327 339 133 200
   358 390 360  17 270 249 180  37 245 134]
  [  0  16  54  65 144 333   2  85   0  55 145 248 141 268 350 359 143
   343 375 286 310 283 354 286 159 139 141   0 401  30  60  91 251  36
   110 187 230 276   2 292 236 302 108 321 155 182 372  95 399 114 160
   330 277 377 371  69 369 202 259 247 324]
  [  0  47 242 266 297 375 340 177 248 289 374 119 293 247  11 180 254
   238  32 302 397 204 402 375 265 222 336 161   0 183 298 304 314 290
   387 265 122  81 319  65   7  53 351 380 183  53   8 260 332  43 154
   151  41 344 241 306  84 123 263 301 274]
  [  0  60  51  13 389   8 314  62  45  51 176 274 101  61 387 184 218
   284 220 190 258 305 389 284 148 237 117 273 299   0 163  21  69  16
   105  45 170 125 280 259 171  12 269 235 319 355 291 255 105 274 268
   219 195 122 209   4 131 192 269  28 147]
  [  0 372 344 181 376 162 260 210 294 232 237 178 213 230 347  99 236
   108  78  65 208 158 344 373 175 347  48 270 240 341   0 167  95 268
   226 330 226  41 186 170 166 111 195 177 119 367 236 244  62 304 131
   127 294 169   5 252 226 164 272 399 251]
  [  0 168 177 159 229 328  11 257 385 328 292 218 372 114 114 138 341
   286 305  51 138 247 278 196 255 276 290 136  13 372 327   0 371 359
   218  44  95 134  42 140  51 160  63  29 326  44  74 201  24  97 185
   136  53 297 254 314 235 193 189 190  12]
  [  0 321 107 165 291 194 370 234  38 365  19  95 184 216 294 152 293
    72 270  79 125  40 255 145 213 263 275 105 188 290 184 349   0  81
   278 137 400  34 195 144 166 235 206 172 255  43 308 359 165 372 325
   277 126 244 192 348  18 185 388 179 235]
  [  0 334 368 398 249 274 255 191  24 130  39 382 232 186  69  65 252
    76 403 313 166  51 235 393 326 302 228 124 337 154 110  36 197   0
   142 332 235 273  52 359 379  81 285  59 291 254 160  59 305 131 288
   121 201 162  53 250 235 271  99 250 260]
  [  0 401  33 112 222 341 104 335 113 244  28 333  88 123 362 209 116
   266  49 245 158 376 365 268 373  43 394 113 226 245 154 197 144   6
     0 109 166  22 375  62 135 167 212  94 367 253  36 281 222 351 340
    90  43 158 310  68 356  46   6 244   2]
  [  0 362   3   5  36 118  97 241 277 112 193 313 377 268 100   9 135
   253 232 127 204 196 143 327 117 189  87   1 118 201 116 290 350 194
    81   0 319 156  29 206  41 307 156  18 381 225 118  36  50  17  58
   208 247 275 354 254 201  70 143  20 259]
  [  0  97 179  42 114  75  85  98 113  58 152 345 117 344 388 246 164
   282 162  18 238  83 324 251  70  11 226 211 154 399  82  47   4 321
   275 244   0 204 390  96  85 297 123 400 281 312 290 248 328  94 292
   245 346 134 154 163 273 401 294 204 334]
  [  0 139 338 233  10 101  72 362 121 276 274 321  88 371 155 106 393
    13   8 220 311 134 108 180 338  80 261 310 169 295 215 305  54 322
   264 183 167   0  28  21 329 280  43 146 163  16 227 172 190 330  74
   368 147 334  25 178 382 364 364 339 215]
  [  0 388 404  10  35  34 285 356 125 386 259  94 380 268 324 161  53
    28 311  36  30 389  53  74 180 405 198 387 307 309 289  11 136 141
    22 391 320 301   0 242 210  85 159 320 323 401  61 316 376 176 243
   176 311 234  98 193 304  25 153 253 277]
  [  0 155 156 208 182  39 135  45 197 167 376 132 374 295 332 377 181
   172 386 251 366 386 196 148 373 294 367 156  85 329 394 333 394 363
   285 214 248  20 167   0  85 313 157 355 277  12 115 283 255  57 397
    60 192 403 284 215 168 259 127  34 144]
  [  0   8 229 326  50 109 341 269 339  56 342  88 117 219  14 162  61
   304 213 220 170 384 117 174 337 212  12 291 179 284  59 184 307  94
   275 106 334 236  49 384   0 138 254  78  96 298 218  83 251  65  73
    79 150  26  41 321 288 116 283 290 315]
  [  0  92 381 280 340 224   8 149 269 319   9  99 178  42 359 172 100
   308 115  72 191 315   2 186 313  27 299 146  60 320  90  16 156 151
    20  51 303  43 186  55 148   0  73 244 324 391 204  37 273 357 240
    69 242  64 228 357  21 297 182 296 320]
  [  0 206  86 188 139 269 196 201  77 287 375  88 225 167 338  26  24
   233 211 134 272 241 117 152  58 105 118 325 143  48 162 182 281 118
   253 124 101 407 390 157 124 321   0 184 315 209  39 350 194 358 222
   141 157   7  36 281  65  92 259 287  75]
  [  0 245 311 355 156 224   8 183  11 232 214 140 106 373  54 235 134
   372 374 352 252 240 220 324  30 296 290 252  24 281 384 271 329 271
   389 135 290 397 212 121  99 142 338   0   5 395 147 175  35  28 263
   126 308 315 345  58 255  48  14 339  64]
  [  0 299 177  81 220 396 213 232 243 393 306  10 252 236  65 326 124
   171 199 283 403 167 361 298 148   7 300 137 133 353 184 302 250 251
   246 202 218 329 100 165 259 366 346  83   0 132  62 156 197  74 257
   346 275 344 186 350 406 380 316 230  32]
  [  0 116  24 368  21 147 203  18 193 387 217 352 268 351 329  11 113
   110 344 304  15 216 309 307 372 316 377 122 205 139 142  73 328  17
    14 388 401 166 348 130 373 149 177  59 365   0 140   2 275 405  33
   250  42 179 139 276  61 333 185 297 120]
  [  0  10 258 253 345 251  47 191 317 364  18  76 212 155  19 213  89
   392  79 107 335  60  80 375   8 253  70 136  57   3  42  97 217 162
    36 385 260 381 343 280  13 367 105  59 353 128   0 114   9 281 191
   399 145 275 387 256 153  57 201 246 151]
  [  0 189 328 367  66 280 174 242 399 215 181 403  72   4  35 399 146
   152 310 154  80 232  12 267 249 344 383 190 399 216 231 140 380  89
    72 238  26 267 310 150 322 103  72 164 397  21  97   0   0  86 264
    48 108  15 371 198 130  12  39 212   4]
  [  0   6   0 276 304 391 401  42 310 343 286  27 209 127 308 211 258
   332 389 202  95 144 292  51 134 170  34 337   7  63 114 147 226 403
   204  45  61 127 214 337 387   8  40 186   9 295 143 254   0   6 150
   386 240  60 232 327 236 247 180  18  80]
  [  0  48   4  58 404 362 172 182 362 399 243 181 242 201 403 276  17
   197  15  14 319 403 209  65 359 185  85 132 347 403 403 137  94  38
    15 208 372 144  28  39 398 296 341  86 148 195 126 383 329   0 249
   251  43  10 383 201 244 253 209 130 191]
  [  0 227  37 240 239  73 194 346 119 346 355 269 345  33 324 156 300
   379 233 406  21 326 324  30  67 199  34 109  71 129 380 108 270 109
   348 245 153 199  28 219 277 158 351 352 299 221 332 335 304 403   0
   139 377 175 172 271  74 190  99 354 152]
  [  0  37 344 338 315 365 199 250   9 182 383 202 130  99 288  58  13
    64 360 384  19 161 349 142 277 320 400 120 338  45 239 207 313 389
   165 217 228 393 101 126 190 142 111 401 321 402  87  27 207 315   0
     0  93  33 249 355 132 167 296  59 237]
  [  0 159 254 230 400 244 161 353 196 253  65 283 204 150 302 120  16
     7 291 344  81 262  69 251 375 151  73 151 195 191 346 320 398 268
   344 373   4 168 268 100  51 119 295 406 211 251 315 310 249  36 166
   361   0 195 281  42 359 265 175 322 180]
  [  0  62 237 194 253 357  39  85 227 230 263 146 131 135 216 204 238
   335  19 296 342 162 175  92 190 170 171 287   5 342  10 171 326 268
   167 301 186 396 303 141  93 276 209 292 319 393 143 353 372 400  63
   350 345   0 313   4 222   7 319 268 205]
  [  0 146 150 315 384 330 280 120 366  60 242 353 266 228 306 268 197
   252 349 157 195 189  75 381 123 333 144 253 378 126 215 287 239 385
   397 107 120 270   2 225 123  12 396 236 150 380 226 151 144 159  68
   157 232 220   0 219 145  60 248 128 241]
  [  0 364 284 355 288  86 391  28 150 334 310 155  35 183 364 169 350
   283 269 256 178 176 161 258 352 303 127 276 395 326 108 374 138 155
   346 170 100  91 284 153 200 202 392  68 203 228 241  44  83 241  82
   391 354 383 385   0 308 172 360 363   1]
  [  0 187 282 344 353 210 341  15 184 283 385 331 352 201  35 326 404
   404 202  98  54 349 356 109 149  58 123 299  11  25  89 315 404  14
   238 284 211  20 187  96 127 156 219 282  47  35 196 240 102  23  38
    94 208  40 251 190   0 370  22  68 327]
  [  0 167 225 376 292  50 297 124 112  15  76 342  36  72 347 317 248
   141 129 323 162  57  48 293 119 371 341  51 243 215 239 267 218 203
   308 158 296 371   4 330  70 340   9 200 267 209 155 175  31 223  81
   166 116 185 151 150  82   0 195 333 303]
  [  0 327 253  76   7  44  85 128 287 376 374   7 309 383 380 130 265
   173  43 121  99  18 237   5 125  43 297  63 300 154 286 383 361  71
   266 214 210  87 118 191 374 218  35 330 270 257 196 157   4   3  26
   318 359  29 369 203 203 404   0 153 137]
  [  0  31 250 153 399 298 330 150 247 211 313 305 291  17 241 135 208
   352 208  53 227 251  83  22 250 211 178 366  35 391 160 375 334 390
   332 395  35 115 229 293 315  68 255 134 318 182 180 201 148  37 192
    88 190  68 123  24 315 274 185   0  11]
  [  0 193 298 115 201 263  54  21  25 288  58 119  64 256 391 254 244
   365  47 308 320 133 302 168 323 183 197  17  55  58  52 347 351   2
   402 371 257 379 357  27 402 317  51 351 391  18 130 197  63 369 397
   268 223 301  29 295 214 110 368 185   0]]

 [[  0 338 161 318 191 370 275 315 192 308 212 317 340  53 115 269 344
    14  27  32 107  38 241 296 131  68 304 199 367 224 402   6  76 275
   289  65 368 234 290  40 265 203  57 322 358 402 107 205 233 125  98
   119  19 139  34 395  34  59  91 371 216]
  [  0   0 366 273 222 332 401 145  89  73 210 300  80 130 242  43 171
    80 106 184 161 404 288 140 108  14 291  99 374 217 303  32  75 205
   177 240  68 151  15 299 383 313 376 277 277 377 264 262 243 374 178
   343 172  73 191 125 315 172 241 100  29]
  [  0 275   0   8  12 192 156 266 116  14  56 105 349 292  85 237  28
   105 138 142 341 286 231 214 131 349  84 258 235 169  66 268  35 310
    82  15 263 348 137  59 115  71  29 282 125 318 276 243 126 167  32
   245 108 120 224 211 156 307  13 276 202]
  [  0 199  24   0 119 403 179 158  34 139 191 160 110  82 281 240  55
   329 231  93 163 354 140 255 291 240 196 384  49  79 384 307 195 139
    48 191  58  69 112 163  16 249  46 375  22 276 340 354 225 177 393
    59 362 343  40 139 104 317 294 353 214]
  [  0 159 401  51   0  15  57 376 358 263 158 205 376  52 101 160  23
    77 327 276 183  79 388  54 384 397 387 215   0 258 301  77 394 254
   236 197 285 266 362 160 292  17 182 137  71 293 270 326  40 292 253
   183  18 177  56  41 352  75  40  94  45]
  [  0 243 199  92 286   0 176  39 140 205 319 363 140  40 330 242 293
   365 295 220 288  27 279  29 126 123  57 102 141 197 246 247  69 246
   106 167  67 133 369 386 263 279  90 181 126 352 152  22 176 266 391
   315  30 171  34 360  24  72 253 264 271]
  [  0 154 308 125 234  48   0 335 364 356  98 252 246  46  96  83 325
   351  86 108 373 286  47  61 387 103  74 404 270 373 296 332 165 368
   175 290 147   7 334 242 382  19 184  77 397 117  91 242 350 194 405
   359 308 195 212 157 176 190  19  73 304]
  [  0  65 240 199 131 206 224   0 208 395  82 391 325 195 406 217 318
   302 369 337 302 334 183 272 374 378 156 340 303 230 395 198 310  76
   142  95 256 381  79  76 318 378 344  54 266  57 349 133 350 158  41
   395 265 138 187 182 318  74 269  41   6]
  [  0 355 186 256 246 117 252  41   0 389 246   8 280 362 189 175 402
   219 100 272  62 308 187  65  83 337 162 273 315 143 298  78  36 297
   121  32 374 264 392 178 366  21 207 183 327  75 336 143   7 319 199
    83 252  42 133 208  48 156 333  32 277]
  [  0  56 279 115 190  21   6 372 379   0 163 249 333 347  13 119  35
   203 389 323 266 229 173  27 241 361  99 368 382 182  53  81 338 129
   396  55 103 129 119 403  69 219 267 158 387   7 338 388  75 164 122
    35 234 387 250 402  79  54 125  44 110]
  [  0  55 100 187 228  63  54  38 194  43   0 195  95 366 132 105  91
   396 388  23 154 258 324 207 337 143 358  36  47 372 378 325 183 283
   106 270 248 144 287  63 286 393 137 225 165 396 285 122 248 192  86
   275  90   3 313 375 340 205 192 141 221]
  [  0  49 138 198 156  58 398 353 362 219 125   0 313 148 324  62 223
   237 320 334 367  28 155 302  57  17 279  60 210 393 330 347 236 243
   332  28 139 383  62 117 193 234 335 296 120 341 393  26  16 264 369
   166 314  72 369 395 250 343  62   7  37]
  [  0 159 272 193 190 289 318 362  73 245  73  92   0 347 219 164 103
   257  28 269 296  61   6 240 227 214 354 186 181 336   8 352  42  59
    11 169 161  15 338 343  89  83 301 317 310 185 198 229 407 260  15
   337 328 358 396 108 383  91 273 159 393]
  [  0  30   5 148 340 170 329 139 383 215  38 257 348   0  52 384 257
    97  91 259 223 258  89  20 152  17  90  22 244 246 214 187 393 201
    35 210 218  64  33 186 221  39 257 306 400   5 299 161 220 155 255
   306  45 140 168 159 217  95  96 372 225]
  [  0 210 237 271  92 284 308  95 310 372 198 124 235 287   0  23 240
   276 252 317 221 183 340 229 334 123 316 253 268 270 190 127 120 364
   248 244 187 180 362 239  64  21  27 328 120 382 151 344 372 175  79
   365 189 106  39 156 133 199  99 119 154]
  [  0 185  99 279 103 316 345 163  90 122 214 161 212  50 228   0 209
   317 141 198  80 326 267  41 318 300 323 199  40 196 213 287 294 224
   399  34 359 181 378  87  83 236 343 190 290 376  83 310 367  96 281
   346 251 290  33 148 194  19  21 316 262]
  [  0 108 153 395 348  52 331 318   9 264 328 144 147 224  25 212   0
   289 371 199  75 407 162 209 289 128 230 342   0 400 307 288 294 210
   186  81 359 383 336 324 163 333  82  90 146  14  12 304 349 197 329
   178 101 309 239  78 275 139 169  99 115]
  [  0 304 136  30 278 349 101 343   9 209 101 318 175  66  27 180 375
     0 395 235  42 387 374 397  66  21 118 221 336 188 176 331 267  39
   389  71 229 339 113 289 288 162 178 135 172 109 183 170  60 407 142
    65  28   3 101 322 242 124 368  81 388]
  [  0 166 107 292  25 137 371 132 142  81 202  75 398 101 342 132 343
   212   0 225 310 334 363 291   6 312 287 344  50 202 344 293 321 142
   343 152 299 292 325 387 185 181 130 268 110 151  52 231 289 206 240
   357   8 243 228 113  86  38 271  86  65]
  [  0 256 289  24 362  14  96 394 121 346  47  98 189  87  79 226 225
    80 289   0 265 299 156 200 137 168 356  64 162 253 235  94   0  74
    43 195 140  89 356  30  61 348 101  83 184 205 124 108 183  52 357
   148 362  78 374 343  33 275  58  43  19]
  [  0 125 230  11 267 152 157 185 214  62   4 216  94 233  41 405 197
     5 386 319   0 251 298 285 295 368 164  40 238 126   7  29 139 163
    95 318 190 317 265 302   4  19 144 338 347 387 387 400 150  34 159
   167 208  73 366 120 378 151 288  81  69]
  [  0   4 343 374 343 161 185 249  62 212 396 358 249 343 391 350 237
   377 399 345 389   0 318 326  87 209 264 305 146 136 231 317 221 104
   274 173 359 222  66 129 352 183 190 291 151 294 315 174  70 338 124
   339 100 388 352  23 118  30 402 110 209]
  [  0 142 350  45 198 178 218  88  34  30 146  35  44  20 383 110 213
   374 368 168 184  96   0 314 118  41  56  41 180 246 108 391  52 367
   131  12 165 246 383 256 170 336 392  30 131  91  89 188 375 255 136
   228 313  56 242 388  38  99  60 309 239]
  [  0 386 158  92 367 391  79 297 294 348 263 294   6 362  20 158 159
   362 282 136 255 369  61   0 245 309 237 284 135  35 211 241 133  92
   336 130  61 385 338  16  95  59 118 251  77  45  38 162 262 168 316
   386  10  53  30  48 159 143  96 402  35]
  [  0 242 386  37 142  96 256 118 341 384  63  90  14 322 357 214 204
   195  75 193   1 306  87 133   0 105 317 252 284  41  92  80 373 229
   298 321 190 239 277 149 103  40 345 189 144  32 189  27 133 112 118
   308 268 304  61 141 273 226 271 395 206]
  [  0 175  83 227 372  64  94 213 388 328 281 236  71  66   2 117 344
   402   6 152 225  84 385   4  82   0 313  76  86  24 151 309 140 273
   169 246   0 378 256 365 354  93 214 213 143 130 320 188  88 371  97
    97 192 161 286 301 330   4 103 301 278]
  [  0  66   2 214 290  17 383 104 378  61  38 172  27 346 192   7 361
   297 164 118  34 311 109 120  23 397   0 366 237 198 300 117 325 227
   305  97 103 309 181 120  27  47 292  38  36 377  51 116 119 253  17
   382 130 315 355 216 315 290  91 328  10]
  [  0 161 107 223  93 193  25 182 299  73  85 317 129  65   1 378 291
   184 406 355 398 279 136 190 151  37 379   0 369 131  49  65 335 186
   291 155 232 189 364 134 113 398 374  20  64  70 276 157  33  93 287
    82 148 344 347 300 272 359  14 337 126]
  [  0 109 169 247 381 155 180 388  95  13  94 127 255 182 302 285 122
    14 287 267 314 100  88 294 253 270 200 332   0 343  14 185 400 191
   152 156 219  25 288   2 231  52 340 341 181 252 329 126  29 163 222
   129  12 344 330 314 380  61  98  69 237]
  [  0  13 208   6  43 371  87 105 327 291 343  92  82  37 133 272 198
   364  82  17 319  22  55 223 366 320 403 391 405   0 402 396  33 348
   291  38 269 225  42 220  36 222 258  56 317  24  11 295 305 267 256
    69 310   6  35 388 291 349  55 358 297]
  [  0 372 139  49  16 183 227 229 257 342 136 179  38  18 277 187 232
   280 374 183 311 194 205  20  98 366 337 382 229 119   0  91 102 104
   162 130 379 190 198 316 125 210 141 312 287 406 109 120 110  82 125
    66 373 358 331 202 144 214 147 211 224]
  [  0 186 313 389  29  91 344 132 105 291 369 316 386 363 231 208  63
   247 154 345 192 315 372   9 266 169 126 204 183 395  54   0 238  64
   285   8 170 336 257 231 230 373 247 304 117  22 330 273 101 382 193
   268 122 133 288  30 198 384 307 268 221]
  [  0 342 340 256   7 156 240  58 322 318  46 174 339 401 287 398  10
   170  89 331 125 121 313  44 178  20  44 111 135  41 280 167   0 382
   122 225 273  57 367  55 191 134  46 165 324 112 227  82  92  85 302
   161  97 231  65  96  43  66 129  55 251]
  [  0 378 372   9 223  13 132 300  24 111 396 243 187  63 402 295 102
   239  53 164 407 160  92 302 161 134 403 157 138 326 391 167 265   0
   119  97  51 142 173 235 137  76 376  29 251 149 388  81 264 380 312
    64  32 261   8 108 239 150 168 379  87]
  [  0 277  45  29 248 179 268  30  91 277 282 366  23 300 180 360 137
   290 180 201 303 181  99 290 292  97 304   5 269 315 141  96  19 113
     0 216 214 120 157 128  99 374 106 366 344 139 107  31 321 162 145
    72 358 365 393  88 247 341 200  94 345]
  [  0 302 106 101 281 368 215 249 283 253 377 157 242  27  96 353  43
   282  26 118 404 272  51 153 311 174 395 273 103  15 113 390 195 329
    23   0 306 212 212 187  56  68  13 292 250 123 223 129 229 195 184
   300 242 330 233 248  35  88  97 224  65]
  [  0 139 232 269 404  10 396 279  93  19 267 181 403 380 236  71 366
   286 330 393  64 128 194  27  54 268 275 212 291 302 103 333 249 365
     0 226   0  54  46  18  89 257 327  90 274  93  63 152 215 375 126
   272 398 215 359 369 189 211 365 302 244]
  [  0 194 149 293 136 142 334 385  75 322  50 144 376   2 124  63  62
   405 295 203  11 124  52 129  25  60 177 385  95 247 238  43 170  66
   338 292 306   0 177 296 224 127 265 249  16 372 291 325 405 102 177
   407 226  87 120 133 115  19 287 196   2]
  [  0 225 156 343  23  10 107  64 139 183 253 382 110  73 393 311  42
    59 145  28 152 349 324 405  50  72  31 287  41  91 335 147  73 325
   175  90 192 147   0 193 389 201 130  61  14 376 397 228 207 118 382
   127 269 170 316  54 288  87 316 234  48]
  [  0 162 217 123 285 183 292 149  74 201 268 219 121  66  36  40 236
   188 104 325 199 155 183  25 287  47  35 108 288 165 186 139 164  83
   169 228  69 290 234   0 129 310 340 287 216 395 344 274   7 196 104
   191  62 235  65  50 129 281 326   8 236]
  [  0 262 284 166 211 228 279  36 213 169 147 369 129 143  59 241  55
   255   5   9 396 350  35 281 384 204 132 248   5 248  15 344 124 287
   230   9 257 119  92 282   0 391 171 316 334  55 200 189 288 304 157
    62 149 156 317  71 167 185 215 306 198]
  [  0 300 161  15 404 375 399  38 361 245   5  50 303 272  49 277 232
   353  65 158 217 383 199 297  12 407 263 159  67 332  14 349 297  41
   164 342 188 100 321 206 105   0  79 126 151  74 347 255 170 144 202
   387 149 375 141 134 305  97 243   1  42]
  [  0 292 276  38  90 316 312 267 400 216 147  36 381 403 268  46  30
   159  69 250  51 194 171   4 309  66  72 123   9 248 251 342  54 292
    11 290 148  68  13 175 381  49   0  34 303 214 286 329  96 208 119
   109 322 254 350 138 150 365 368 273 362]
  [  0  39 175 258 374 313 168 361 240 273 255 300  29 153 185 136 394
   153 381 211 200 209 172 100 269 345  98 288 311  34 212  15 163 268
    62  42 146 112  40  22  12  96 193   0 225   1  20  65 402 270 158
   227 125 278 180 328  22 377 355 302   2]
  [  0 387 281 282 276 216 382 317  91 394 351 218 288 340 272  85  15
    62  77 210 150 358 304 184 273 322 210 282 407 198 237 194 264  63
   329 320  36 407 329 219 300  74 265 340   0 165  96 126 292 298 343
   305  74 353  37 115 385 302 352 162  83]
  [  0  32 323 310 235 374 302 135 176 300 123 262 311 281 350 100 396
   306 231 200   1 123 122 139  24 219  11  11 137 269 272 301  48 241
   157 140 242 155 152   9 182 196  61 314 362   0 365 292 328  77 157
   373 270 109 159 327 168 137 178 138 307]
  [  0  45 274  50 142  77 314 145 395 150 237 330  72  48 404 133 375
     9 103  32 359 357 197  20  78 231 251 359 133 261  26  77 230 143
   247 324 218 116  85 357  25  40 207 160  16  10   0 251  74   3 115
    99 133 103 404 362 296 296 168 231 283]
  [  0  62 275 179 224 319 315 107 404 176  98 267  53  35 163 279 243
    87 362 322 321 353  86 206 297 198 190 158 176 154 379 279 214   4
    38  22 358 337 102 250 339 216 363 348 326 315 329   0 310 133 377
   216 279 357 249 279 242 252  46 310 376]
  [  0  63 370 353  78 352 144  81 308  80 240 143 401 389 158 171 130
   271  78 205 103  43   2 237 374 174   3 337 157 180 291  21 230  96
   209   5 398  57 187 348 102  79 125 365 236 150 202 196   0 313 111
   257 181 399 366 253 405 147 139  73 224]
  [  0 326 111 197 170 311 213 362 219 228  68 407 107 357  11 144 124
    77 155  24 208  80 160 211  98 184 358  97 130 313 202 365 119 237
   105   6 160 227 193  90 109 108 111 158 230  27 192  89 387   0 210
   283 268 312 141   7 139  74 319  37  83]
  [  0 117 369   3 278  43  47 298 180 249 329  22 206 382 170 105 405
   304 141 114 308 247 289 192 233 353  42 139 348  81 223 172  24  36
    16 215  87 330 176 194 137 271 361 239 356 326 346  94 185 361   0
   402 100 327 368  51 397 301 378 259 105]
  [  0 161 274 107 231  73  82 265 401  33 276  24 405 327  62 277  44
   196 312  19 313  67 362  21 220   4 354 150 231  25 286 227 385  95
   313 104 369 289 355  76 159 296 110 355 245 240 344 265   3 109  68
     0 134 110 321 233  66 249 326 181  46]
  [  0 244 292 216   0 396 366 294 160  83 227 387 370  69 172 168 205
   205  82 273 249 327 181 109 371  23 341 312  97  32 286 184   7 156
    70 120 179 108 312 245 281 245 153 306 240 145 237 280 306 164 241
   292   0 289 154 365 142 167  10 346 161]
  [  0 381 131 154  64 143 358  42 215  81 134 135 251   8 375  76 230
   163 297 220 132   1 143 119 285 249 398 175 389  40 271   8 111 315
   406 263 354  46  37  17 144 399  40 339 248 176 230 138 356 188 277
   263 123   0 214 116 141  70 264 209 140]
  [  0 158  18 334 210 246  69 199 104  60 250 188 116 227 354 255  68
   156 383 276 354 167 311 244  35 265 260 211 188 267 352 274 305  14
   398 388 187 335 230 281 393  12  43 278  12 227 157  87  46 221 395
   354  45  70   0  14 368 229  66 246 366]
  [  0 129 317 106 240 304 120 353 351 330 363 289 128 381   4 279 131
   353 116 330 188 177 228  24 115 230 127 307 201  91 292  47 245 158
    96 341  30 127 321 107 227 206 118 377 340  39 268 239 353 313 172
   261 329 341  35   0 386  74 340 182 274]
  [  0 348 262 364  85 378  89  82 389 132 241   7 389 383  28 240 365
    22 316 137  29 202  90 301  33 279  10 312 376  64  75 238 295 100
   213  67 145 242  78 337  47  39 103  70 328 100  33 306 292 228  51
   390 187 381  14 250   0 241 198 325 100]
  [  0 406 314 186  46 307 118 221 212 208 257 165 281 326  50  17 289
   385 184 209 389 300  52  13  12  98 165 115 204 128  49 267 126 318
    85  49 159 339  16 342   4 167 174  38 147  41 193   4 387  51 395
   122 242 278 209 306 259   0  21 108  44]
  [  0  23  78 199 312 346 169 247 289  73 126 394 400 140 241  84 343
   150 280  50 394  35 343 321  95 260 202 194 304   1 161 365  21 297
   289 184 186 208  63 218 322 202  58 314  24 223  46 317 235 157 258
   224 204  15 360 363 288 287   0  28 104]
  [  0  92 222 137  58  66 204 202 313  47 199 308 156 122 291 159 151
   348 156 378 341 191  52 222 305 385 320 258 262 171  78 289  72 312
   233 308 163 365 400  62 396 190 116   0 395 226 177 282 111 317 355
   353  85  27 140  68 266 182 221   0 392]
  [  0 204  69  55 239  69 173 323  79 177 371 245 111 191 368 341 384
   320 147 127 157 321 237  78 281 331 339 146 169 380 160 232 248 346
   307 119 119 106  43 108 399 238 227 101  98 267 263  77   4 111 177
   132 290  17 203 384 330  59 348 132   0]]

 [[  0 163 254 239 177 255  75 140 267 395 364 211 245  73  26 152  32
   155 145 234 321 159 168 140 230  30  73  76 347  86 151 316  62 153
     7  58   6 180 339 103 296 126 100  73 299 386 246 247 199 398 331
   277 237 328 359 167 379 333 322 336 162]
  [  0   0  40 372  61 378 392 242 276  50  85  61 297 207  39 146 182
   368 139  69 248 321 230  17  68  91  83 358 255 263 185 275   4 323
   261 193 138 309 312 343 308 368 119 347 360 247 308 254 349 235 206
   239 236 299 103 332 298 145  69 298 101]
  [  0 378   0 181 128 223 293  31 368 300 395 222  70 255 177 287 235
   253 234 267 336 108 301 177   1 386  90  87  46 127 391 203   9 169
   327 175 326  48  29  66 126 345 297 317 334 240 154  99  28 133 196
   254 165 204 364 285 341  66 315 391  41]
  [  0 390 314   0 366 377 117  95   3 325  71 205 345 300 308 276 335
   313 246  20  82 167 189 166 149 100  77 145 298  30 258  53 113 344
   141 345   1 397 346 347 240 319 331  93 106  85 350 183 209 307 219
   325 312 247 323 115 296 310 321 238 257]
  [  0  84 310 222   0 341 153  91 331 335  64 258  92 203 172  79 309
   111  17  93  26  42  92 323 333 230  68  46 272 260  19 278 166 132
    85  22  89  90 218 177 176 335  32 362  98 184 176  17 213 381 392
     2 110  62 222 368 162 276 205  63 202]
  [  0 190 136 141 333   0 215  68 101 223 300 166 400 123 380  20 290
    24 126  11 396  18 334  18 258 184 342 256 168  83 306  47 194 315
   187  49 116  24 183 334 244  71 177  51  60 169  57 358 317 164 354
   162 388 122  89 296 225 332  24  74  28]
  [  0 202  10  20 163 293   0 377 114 161 142 255 307 318 133 202 125
   365   0  84 400 356  79  72 387 115 125 352 132 271 387 325 165  98
    21 103  45  73  84  89 278 133  70 142 137 377 158 154  71   3 219
   187 402 268  23 183 160 115 248 305  69]
  [  0  69 146 250 390 115 331   0  39 235 312 407 116 331 387 264 401
   390  89 310 202 181 270 385 344 303 376 317 178 255 381  45 250 363
   376 232 194 258 307  94 377  34  15  92  63  14 109 160 249 176   9
    98  54 175 106 276 156 405  23 197 175]
  [  0  61 322 373 288 336 185 108   0  88  83 261  56 368 114 329 315
   391 317  81 294 180 186 280 229 206 138  73 285 217 166 277 216 187
   294 355 326 210 137 140 267   5 279 351 117  36 195  10 166 222 133
   222 328 166 296 245 304 331   0 331 343]
  [  0 106 390 252 279  83 203  23 178   0 328 185 290  72 277 126 204
   262 258 271 387 257 192 253 207 395 120  62 140 162 265 388 380 199
   395 128 177 181 387  74 392 176 306 187 150 313  66 162 407 128 244
   200 205 253 163  60  53 378  45 123 317]
  [  0 148 206  98 231  97 114  60 150  67   0 240 348 353 175 150  62
   154 364   2 406 175 385 199 253 154 242  92  75  54 392 340 287 362
   184 372 234 289 140 376 358  96 386  72 405 353 401 288 280 170 333
   124 188 189 175  32 345 216   6 366 102]
  [  0 285 265 142 272 335  56 232 208 222 302   0 204 232 393 322 260
   103 238 384 352 301  19 113 403 171 120 331 346 326 215  97 303 169
   319  60 403  41  41 259 124  26  55 239 393 288  88  65 245 203 353
    39  95 176 103  61 403 350  45 139 140]
  [  0 396 277 210 373 361  14 388 230 356 123  98   0  17 104 333 146
   148  53 192 389  65 390 321 398 353 146 148 125 289 149 332 134 349
     7 184 294 270  10  36 261 292 104 160 262 236  90 375 300 275 336
   327 386 130 336 405 203 131 138  16 208]
  [  0 113 275 350 288 210  87  63 164 265 345 337 354   0  10 159 136
   132 337  82  32 233 355  19 239 181 167 178 162 213 307 351 406 248
   389  89 165 300 177 269 231 192 318 328 221  32 166 283 360 364 143
    53 368  51 166 183  14 316 403 279 156]
  [  0 390 271 119  60 200 309  25  99 262 198  23 108 389   0  81 134
    36 284 161  53 156   3 266 227 355 312  54 217  40 165 247 173 178
   363 132 314 137  88 327 366 273  17 242 258 305 289 405 157 113 243
   386 201   1 184 138  53 207 241 389   2]
  [  0 390 184 338  12  71 318 130  50  19 102  19 296 150 211   0 269
   133 302 248  94 352 109 128 102 210  76 275  61   2 263 378  45 292
    51 135  81  44 293 168 186 319 154 340  21 403 114 259 125 243 277
    41 193 254 197 231  22 385 202 200  21]
  [  0 400 353 262 277   2 303 132 372 334 202 236 338 357 101 102   0
   373 282 372 390  22 312 165 140 347 142 239 347 167  49 127 256 306
   343 297  70 188 383 349  70 286  40 405   9 286 396 406 353 382  86
   397 400 384 251 407 167  76 186 318  32]
  [  0 101 340 172  40 176 132 189 380  69 105 383 354  97  94 110  15
     0   0 239 349 288 173 135 110 353 395 188 393 377 372 258 387 397
   171 207 320 138 201 239 338  74 240  15 387 340 292 168 273 239 107
   380 333 320  97 309 306  72 370 280 218]
  [  0 281 261 207 241 388 320 274 316 394 387 233 214  65 335  17 367
   244   0 176 105 272 407 242 374 164 140 294 266 116 311 219   7 250
   178  83 172 120   1 185 114 166  26  76 193  87 259  39 169 128  12
   403 235 307 132 240 234 125 149   0 213]
  [  0  15 229 366  74  67 108 206 269 155  39 365  47 248 311 154 102
   238 282   0 341  75 338 309  59 239 153 195  95 368 242  77 190 366
   223 356 173 261 128 315 263 138  99  21  32  45 226 213 216 205   6
    92 199 147  53 288 360 386 132  84 359]
  [  0 144 126 150 287 244  83 377 279 294 378 256 260 205 398 175 338
   100  86 122   0 315   2  28 291  95 275 314  35  69 226 166 156  70
   392  24 107 209 180  73  42 178 133 183 168 195 287 165 312 318  99
   294 372  29 248 356  77 350 187 338 275]
  [  0 100 101 362  76 194  25 349 349 347 332 350 391 319 195 349  12
   100 305 347 191   0  41 301 136 333 261 239 112  33 346  61 172 305
   232 188  88 111 196 290 106  67  13 233 216 328 141 191 327 310  71
   318 199 144 275  33  68 268 214 335 136]
  [  0  99 130  63 350  52 148 354 149 204 134  44 282 218  97 182  15
    21   7 235 324 360   0 360 136 247 364 249  44 286   9 240  37 296
   407 151 146  92  36 134 158 132 254 375 260 159 309 187  87 260  56
    72  48 291 320  69  23 326  17 141  82]
  [  0 327  57 261 109 166 340 210  61 238  14   9 289 115 223 271 193
    12 198  44  39 164 271   0  33 324   3 192  95 252 205 181 313 123
   224  38 343 193 396 353 115  37 207 144 351 398   7 375 396  88 306
   252   4 146 275 301  15 317  79 395  63]
  [  0 186 322 383 235 237 316 392  20 402 175 227 125  81 221 135 327
   278 208  63 128  14 226  44   0 148 179 312 368 169 155  26 264  53
   334 121 330 164 203  53 380 278 161 322 169  41 160  37 178 165 224
   337  14 335 157 261 282  93 190  61 264]
  [  0 113 146 319 372 269 340 127  24  99 146 358 107 348 103  20 210
   131  82 129 231 256 266 112 151   0  38 277 367 225 299  13  32 395
   214 394 150  98  11  55 190 295 402  22 383 269 407  44 276 156 282
   116 312 211 399 383 367 334  16 226  46]
  [  0 221 290 325  74 167  11 283 288 235 331 125 354  59 181  36 275
   252 284 108 276  69 356 112 164 219   0 383 164 122  70 372 183 264
    35 406 131 171 308 225  10 158 101  96  89 253   5 304 241 102 390
   290 196 243  64 381 343 347  94 217  81]
  [  0 239 234 352   0 139  17 125 323 278 136 362  45 352  31 345  79
   245 386 172  36 337 312 262 324 374  39   0  93 160 366 398  58 322
   303 343 205 309  91 407  35 402  28  73 186 203 231 331 315  84  35
   167 244  94 288 306 242  44   5 156 103]
  [  0  44 236 214 110 265 258 239 298 402 404 148  98 219 159 245 322
   160 128 279 271  25 345  88  21 258  38 186   0 333  87 227 245  30
    27 104 353  62 101  78  11 314 183 141 111 208 112 231 232  44  45
   340 387 121 378  22 331 305  27 163 238]
  [  0 219 273 130  51  44 294 233 159  41 396 317 313  38  54 405 159
   223 238 172 289 342 258 161 334 113 255 201 297   0  37 328 144  17
   120 245 326 281 258 340 142  38 217  11 184  67 145 301 160 375 388
   384 339 354 132 324 400 260 335 254 185]
  [  0  45 272  78 161 208  95  74 120 229 365 244 306 271 303 142 188
   251 359 125  94 297 327 271   6 261 157  28 170 271   0  45  26 385
   271 260 175 138   0  64 270  24  84 214  69  34 279  81 160 139 282
   232 277  63  35 109 231 221  45 288 107]
  [  0  92 254  45   0 294 243  13 334 375 225 142 160 176 217 319 117
   150 286 182 197 394 213 335 170 197  20 129 322 312  94   0  14 136
   180 180  57  70  57  55 250 185  74 245 155 165 404 104  75 101 141
   223 314 287 342 150 124 108 262 330 220]
  [  0 327 405 220 144 119 351 202 259 283 264 340 141 122 289 127 395
    70 307 349 355 178 130 102 307 184  77 174 155 267  53 260   0 386
   328 212 277 186 124 298  93  27 252 186 135  20  65 171 249 393 349
   247 128 150 148   7 364 214  29  69 395]
  [  0 142 192  18 178 169 223 155 394  43 243 348 281  36 147 349 297
   367 224 305  60 227   2   5 398 313 139 201 222 188 258 323 284   0
    55 386 239 295 347   4 114 335  47 167  69 309 122 111 385 187 357
   406 270 210 189  39 285  70 142   6 162]
  [  0 332 105  69   2 271 366 190 260  65 316 118 252 407 380 390 246
   330 195 193 346 123 202 285  24 194 288 166 339  69 215 140 388 312
     0 331 163 360 318 193 200  29 235 236 267  70 393 400 278 351 158
   136 201 139 110  63 342 290   8 315 139]
  [  0 236  61 339 254 326  28  36 132 228  92 227 230 381 100 283 328
    93 393 125 362 100  99 320  55 329 228 165 120 381   9  27 139  66
   397   0 199 189  15 390 281 248 365  25 119  91 329  99 310 299 313
    69  44 114  17  67 275 144  19 337 130]
  [  0 378 395  32 287 390  55  42  47 291 274  13 101 349 130 199 387
   107  87 214 343 361 393   5 324 265 110  18 313 386  16 191 188 351
   230 169   0 216  31 253 248 373 192 293 381 391 383 366 259  54 312
   395 105 303 335 288   2 191 318 164 297]
  [  0 119 278 238 164 306  46 270 174 255 236 120 404 260  86  53 145
   218 202 289 352 107 252 112 385 304 108 369 106 317 231  35 190 177
    49 170 351   0  61  88 246  40  73 113  81 323 375  40 141  51 284
   333  22 118 164 225 378 295  87 282 340]
  [  0 236 177 159 232  91 196 109 365  18 401 279 397 389 101 398  23
   183 158 142 261 229 242 296 149 370 202   1 170 126 324 326 301 318
    74 152  28 208   0 405 314  82  91 159 288 393 400  92 340 341  82
   254 379 167 130 269 298 282  13 130 253]
  [  0 290 241 394 379 139 344 222 102 263  11  29 304 179 138 297 225
   376 186  82 214 118 188 185 223 295 251 141 200 348  56 237 132  72
   252   9 125  89 203   0  97 144  98 319 348 352  22  24 267 341 136
   126  99 230  73 283 208 293 245 118 106]
  [  0 330  35 128 200 365 383 347 236  61 262 328  15 377 355 248 159
    47 281  17 156  89 326  32 177 206 356 225 204 319  15 341   7 231
   271 366 216   6 140  85   0 151 327 182 360 134 241  65 374 270 193
   245 327   7 219 297 345 385 334  47 293]
  [  0 383 372 406 169 274  50 242 220 167 396 304  23 150 300 128 246
   391  11 299 142 269 325  74 378 264 299 160 170 129 138 280   8 392
   238 305  64 191  63 380 339   0 392 167 146  86 105 371 154  60 155
   313 281  25 148  93 145 207 122 243 157]
  [  0 214 133 340  41 329 171 122 110 142 169 168 130 314 396 385 167
   222 142 275 281 103 404 235 267 296 226  21 207  61 356 337 121  46
   386 346 151  69 259 109 204 216   0  17  31 381  96   4 187 353 247
   254 274 194 255  14  10  51 273 283 352]
  [  0 189 132 153 293 386 187 224 213  91 336  10 258 142 290  52 189
    69  79 194 292 162 355 274 152  65 359 166  47  63 237 101 397 293
   109  83 244 168 346  50 406 312 281   0  28   3 160 248 164  38 226
   275 359 128   7  78  68 172 142 369  49]
  [  0 102 393 105 165  97  65  84 131 152 306   3 265 279 312 364  68
    20 366   5 285   1 294  50 382 124 294 234 370 165  89  33  96 253
     4 150  50 291  27 277 367 164 349 198   0 355 116 202  11 276   2
   376 397 133 155 368   3 183 284 199 365]
  [  0 372 193  54 162 294 265 385 230 220  40 285  89 147 308 300 353
   165 114 319   6 405  75 316 128 115 212  23 166 159  49  26 221 285
   270 384  37 124 261  84 279 405 209 294 304   0 337 275 179 299 257
   286 108 221 406 222 233 382 165 140 173]
  [  0  42 274 171  25  33 389 326 259 338 237 184 112 217 351 385  66
   284 379 238 358 312 244 226   6 308  63 138 182 186 288 277 291 198
   302  63 357 199  31 231  87  85 273  11 232 386   0 164 334 162  33
   258   6 300 228 243 336 267 132 194  65]
  [  0 253 174 333  15 242 275 245 385 180 366 267 336 187 273  11 252
   237 245 272 398  58 211 323 372 323  36 284 116   6 184  81 358   4
    29 141 101 360 141 393 163 338 191 255  68 393 155   0 173 262 284
   123  68 272 108 227  17 325 131 391  29]
  [  0 242  87 107 167 175 244  61 332  81 211 125 295 249 138 251 274
   323  24 189  86 139 289 102 407 199 354  85 214 282  78 393 276  22
   320 262 169 182 330 272 159 301 310 390 260 346 320  24   0 380   7
   404 105 322 287 265 301 350 384 114  54]
  [  0 257 218 118  89  30 130 256  54 246 325 183   7 147 308 288 282
   136 225 171 281 365  29 154 250 225 137  60   8 236  66 377 142 154
    83 193 385 331 288  96 392 161 303 206 331 288 377  99 184   0   0
   293   9 228  61 301 398 396 139 278 230]
  [  0 158 106 132 180 397  82 208 366 219  68 215 126  85 395 161 372
   150 232 191 400 255 386 152 143 384 380 399  20 252 333 232 358 260
   384  22 290 250 271  70 282 134 283   7 183  22  76 156 219 249   0
   388  62 163 162 138 360 359  80   3 323]
  [  0 204 137 367 282 322 138 110 303  20  40 349 297 250 131 305 105
   213 143 371 108 133 136 241 118 203 149 166 229 342 139  16 117 384
   352 133 180  25  26  30 362 146 196 324 226 363  90 372 101  44  17
     0 281 200 381 328 225 173  77 343 320]
  [  0  88 320  10 181 214 267  76  76 148 230  91 222 251  85  92 318
   220 233 260 264 270 398  57 110 223 321 285 383 249  36  53 191 323
   171 131  71 171  42 314  17  37 305 137 142 236 190  61 174 353 150
   308   0 138 120 317  47 256 320  36 288]
  [  0 340 397 197 246 116  42   9 134 109 397 328   4 100 318 385  58
   162 211 142 396 153 377 299 151 150 242 198 277  15 109 353  76 120
    54 358  34  80 203 333 117 360  95 370 332 236 261 132 340 406 357
   348 230   0 231 240 323 315 384 298 397]
  [  0  24  37 332   0  16 154 237 114 267 287 287 289 180 395  49 143
   329 175 135  17 186 265  94  40 370 337 335 358  80 197 258  56 331
   375 124  11 326  41 196 389 179 338 251 250  51 176  66 157 374 382
   267 327 295   0 162 277 116 102 165 235]
  [  0 355 130 376 211  96 188 172 169 237 142 186 399 407 350 159 364
   261  31 363 104 210 376 383  44 154 282 367 159 216 348 186  93 340
    84 120 313 180  73 330 182 304 252 264 369  41 168 311 386 310 196
   282 313 315 296   0 356 199  31   6 341]
  [  0 357  37   1 214 160 283 276 284 292 170  52 146 373 243 232 341
   130  77 269  75  26  52  23  56 250 268  20 269  83 249 218 398  32
   290 351 394 345 115 394 182 244  87 294  77 133 384 136 159 170 344
   365  58 195 309 250   0 203  71 383  49]
  [  0 166 373   2 264  97 144   6 278 195 131 283 305 374  58 382 171
   315 233 123  81 312 362  31  77 223  38 159 299  37  35 389  55 213
   278  87 232 278  14  78 272  38  81  82 223 187 121  49 339 262 217
   314 119 181   5 221 209   0  49 131 265]
  [  0 105   2  15 114 324 172 325 357  63 205 381 166 208 248 155  86
    73 155 239 158 104   2 314 333 261  66 303  96  11 188  18 216 191
   292 250 101  61 130 317   1  79 159 153 278 237 401 228 270 331 173
   376 224 349  77  38 387 300   0  87 295]
  [  0 169  15 194 338 401 327 202  48 368 189 166 172 130 259 156  68
   360 266 144 111 393 176 113 140 226 295 125 226 104 353 328 183 221
   225  30 138 209 328 356 264   6  47 111 358 155 226  59 205 381 314
   188 147   8 170  61 348 261  37   0 202]
  [  0  66 234  10 173 279  92 372 238 241 211 126 328  15  28 356  40
   279 272 149 127 302 245 347 188  26  10 248 307 400 128 369 304 274
   395 390  54  48 142 256 349 193 342 246 191 196 327 204 293 108 326
   186 339 135  32 234 106 386 210 117   0]]]
release_time
[   0 1024  848  917  771  689  486  487  559  440  448  401  133  848
 1191  417  436  737  896  771  828  739  340  163  887  574  882  309
 1042  870 1040  852  876 1133  516  456  489  715  494  354  418  997
  619 1256 1143 1052  444  616  769  246 1123  778   77 1043  373  766
  337  460  650  947  198]
due_date
[   0 1192 1167 1217 1174 1168 1133 1182 1219  947 1213 1262 1181 1177
 1198  992  883 1167 1112  932 1241 1269 1063 1206 1238 1180 1224 1183
 1256 1103 1242 1168  904 1265 1128 1260 1028 1167 1139  894 1241 1271
 1207 1290 1293 1248 1266 1188 1176 1207 1215 1267  911 1168 1141 1236
 1287 1245 1106 1232 1237]
unit_emission
[12  8 11 18  5]
emission_limit
37594.5
setup_severity
2.0
due_tight
0.3
due_range
0.25
release_tight
10
degree_constr
0.5
