mach
5
job_rate
12
weight
[ 0  5  6  9  9  1  7  7  1  1  5  9 10  8  4  6  8  1  3  9  4  2  4  7
  2  5  4  1  7  8  8  6 10  8  9 10  4  1  8 10  6  7  1  7  4  3  8  8
  3  8  6  3  9  8  6  8  8  1  1  1  2]
proc_time
[[  0 143 131 123  97  92  78  51 147 126 110 107 117 113 137 139  90  90
  119  50  83 115 142 133 115  88 113  91 100 138 101 146 105 141  94 116
   58 122 100  81 109  98  79 148  71 146 142  73  92 137  89 122 124 102
   74  78  74  76  73  60 140]
 [  0 138 121 122 105 131  98 115  78  55  52  84  54  71 107 138 100  62
  103  98  73  78  64  82 139 136 102 105 127  97 146  63 136 127 148  65
   57 100  63 110  79 137  61 132  75 148 124  63 149 142 128 115 111  90
   85  74 109 110 132 111 106]
 [  0  84 107 147 107  67  88 147  82 116 145  91 110  74 131 135 133 102
  126 139  64  50  60  64  53  91 110 139 128 129 138 114  71 106 143  51
   98 145  84 125  64 135 110  89  87 123 133 124 111  84  51  95 124 119
   86 106  66 132 110  60 121]
 [  0  85 122  52 109  83  83  78 144  78  58  53 102 125  92 118 142  92
  122  89  62 138  92  78 100 122 137 108  52  74 105 146  98 134 118  82
   73  86 138  87  67 134  76  89  92  76  64  79 106 135 110 102  83 108
   76 131 109 104 113 122 112]
 [  0 133 149  90  61 127  68 104 131 142  59  77 118  91 121 135  88 104
   90  71 138 100  99 131 110  68 108 126  62  53  53 106  66 114  94  77
  115  83  91 125 132  91 124 114  51 107  57  69  76  70 138  87  67 104
   92 134  76 126  84  50  58]]
setup_time
[[[  0 275 193 253 379  65   6 334 111 199 240  46  67 302 395  33  25
    37 307  63  72 193 234 216  25 340 190  51 209  70 191 402  42 372
   262 262 252 249  70 276 212  16 259  74 239 114 360 402 176   2 308
   401  80  16 123 104 280 306 329 291 321]
  [  0   0  81 295 222  10 114 194  40 217 236 345 242  17 291  74 166
   203 196 369 382 274  24 321 119  65 264 238 169 322 157 195 391 394
   276 203  25 396 388 274  28 359 244 181  33 141  46 354  76 386 310
   312  54 113 233 319 250 398 107 269 193]
  [  0 144   0 313 116  46 196 304 178  62  42  25 379 150   0 340 374
   326 195 128 188 241 298 279 230 132 385 197 185 292 236  90 267  24
   318 348  39 190 165  15 250 291 285 342 240 360  53 174 376   4  34
   296 120 120 114 386   9   6 175 397 234]
  [  0 371 279   0  38  73 321 154 406 155 199 187 132 201  33  90 289
   267 101 399 184 339 178 333 339 148 301 243 243  40 113 193 174  28
   371 398 177   0 338 139  55 365 140 180 368  86  31 324 139  92  62
   314 264  48 383 357 271 293 114   4 182]
  [  0 124  28  92   0 283 240  29  88 208 235  98 344  12 212 373  62
    17 182 191 286  48 125  61 165 299  98 316 273 132 342 184 394 196
   240  37 215 405  13 165  65 233  73  32 243 385 370  22  74 197  10
   167  16 404 146 136 232 201  93 361 287]
  [  0 375 182  82 383   0 203  98  23  16 398 403 278  65 401 191 197
   333 336 317 371 239 142  40 337  15 190 118 385 401 174 174 121   7
   165 317 176 264  22 273  86 346  99 306 357 146   5 300  54 352 188
   133 402  30  36  27 219 289 177 268  52]
  [  0 173   5 282 306 155   0 155 337 118   3 352 223 156 100 299 156
   368  64 111 248 140 235  91 353  99 342 104 143 162 201 266 150  53
    69 342 319 214   1  51 248   7 107  26 174 260 224  44  28 110   8
   295 331 143 357 282 318 204  64 340 372]
  [  0  74 147 317 302 389  51   0  75  58  62 158 109  64 345  39 126
    21 213 167  20 314 358 343 358 404 223  92 298 205 398 379  41  10
   261 241 152  87 154 308 170  61 282 136 125 237 327 232 242 374 365
    42 385 101 183 202   7 169 247 373 370]
  [  0 293 405  95  45 315 118 187   0 383 305 190 173  99 137 147 126
   315 107 159 210 406 175  55 213  66 274 296 273 338 164  21 307 265
   271 316 188 299 275  30  85 322  51 189 155 135 344  79 131 247 352
   287 180 223 116 233 196 363 104 136  12]
  [  0 219  87 103 174  15 101  56 222   0 137 172 333 320 158 393 296
   265 248 332 283  96 181 127 296 203 168 155 401 359 393 157 165 256
   285 108 403 331 374 310  15 233 341 301 223 348 180 322 272 367 335
   270 164 176 179 204 231 125 199 400  78]
  [  0   2 168  79 360 241 374 186 375 108   0  46 151 124 177 366 290
   383 377 187 348  66 364 369 138 184  84 285  78 388  87 290 371 356
   392 174 196 252 249 292 279 168 303 214 159 310  68   9 258 150  40
   215  79 130 180 240 151  15  30  73 272]
  [  0 274  60 173 159   9 403 377  48   3 103   0 278 142 143 289 389
   382 362 227 149  20 327 207  79 163 381  72  25 383 370   7 147 102
    60 111 218 212 332  75   7 142 323 192 233  96 217  82  87 114 200
   172 383 129 352 187 202 228 254 217 234]
  [  0 386 273  48 164  21 174 158  29 210 157 246   0 333 390 137  25
   396 397 381 366  54 284 241 212  95  51 176  76 335 204 256  10 361
   261 215  16 211 303 168 105 389 185 183 275 257 194 227  89 158 108
   126 161 246 338 190  54 275 294 383 403]
  [  0 137 246  32 101 298 325 170  88 148 321 345  54   0 151 400 130
   315 174 233  94  79 117 255 262 382 352 337 366 335 330 342 238 339
   374 139 259 218  27 201 302 307  39 190  75 361 342  46  55 237 271
   130   2 233 308 383 385 331  99 143 170]
  [  0 406 311  71 319 109 324  34  74 186  71  38  30 221   0 184 388
   190 303 177 156 195 400 392 124  35 106 131 144 356 363  41 367 402
   254 356 330 345 122 401 392 405  37 248 204  70  49 160 158 401 230
   332 163 321 102 374 213  89  64 104 251]
  [  0 185 233 133 353 277 273  12 182 239 211 282 107 248 347   0  26
   190 204 300 361  35 230 285 234 130 316 248  19 294  41 290 255 336
    15 331  23  93 364 108  68 268 176 221 119 154 327 275 172  14 328
   148 108 163 138 154 262   1  21  51 375]
  [  0 217 383 200 151 290 273 295  81 303 154 297 381 240 194 203   0
    46 251 367 207 374 114 155  51 121 150 354  93 275 120   0 384 270
    94 213  96  71 210 276  18 155 211  28 322 192 126  86 331 205 321
     6  92 284 347  26 327  31   5 185 297]
  [  0 239  41 188 404 159 394 229 293 177 341  21 314 227 406 171 263
     0 204  79 325 227 175  28 386  89 254 396 349 330 268  13 185 238
   259 231 220 286 225 334 383 346 347 124 361  85 172 158 249  48 144
   276 108  18 108 365 134 135 112 175 253]
  [  0 320 216 121 251 265 385 296 149 398 176  51  68 235 195 189  12
    57   0 146  90 199   0 264 316 335  80 151 239 219  50  28 388 325
   101 327 251 193 229 396 305 251 198 388 341  14 351 327 263 358 253
    40 383 189 221 339  33 153 229  96 324]
  [  0 268 158 163 346 248  32 326 229 259 230 382 254 206  67 115 162
   160 387   0 187 169 287 350  83 405 285 176  73 349 297 192 174 235
    84 186 236 349  84 325 368  20  57 213 264 268 173 103 110 210 163
   178  72 299  95 257  71 126 378 214 306]
  [  0 228  23  64 245  73 394 302 379  62  30 401 316 282  15 247 287
   198 289 132   0 143  47 396 217 110 187 210 305  84 162 323  83 155
   168 379  18 331  48 175 347  15 180 401  80 191  76 306 285 196 402
    19 238  22 152   5 238 300  70 395 201]
  [  0 119 193 112 317 398 143 284  37 226 377 329 286  86 361 174  31
    18 379  16  76   0 186 132  42 251  33 117 383 372 396  83 326 321
   258 176 116 179 142 133 205 366 218 287 269 130 389 101 159 398 256
   144 247 273 360 157 319  11 292 239 252]
  [  0  81 191 397  95 109  81 168 337 230 331 153 281  53 182 107  12
    21 369 232 107 130   0 321 319 364 163 401 239 385 395  37   6  40
   134 119 334 160 117   0  83 292   5 228 334   4  55 227  93  67 385
   387  24 288 267 139 222 290 337 262  70]
  [  0 373  64 129 290  78 379 151 228 318 135 166 149 254 319 388 184
   318  17   3 238 214  54   0  82 354 121 389 272 328 341 289 331  98
    76  95 278   5 391 332  60 116 127 277 174 306 341 174 358   7 364
   178 360 391 179  43 357 248 141 333 179]
  [  0 248 110 402 317 130 255 282 340 257 279 269 109 295 107 373 105
   371 254   1 403 134 271   3   0  17 181  40 364 113 278 353 170 269
   398  82 133 298  84 257 384 292 153 188 306  60 284 201 251 142 126
   107 219 229 105 199 318  45  66 361  92]
  [  0 199 179 319 255 269 361 169 300 126 390 387   9 334 318   4 223
    39  44 145 330 322 278 292 240   0 394 296  36 366 321 388 179 322
   176 406 274   0 301 218  72 236 242 368 164 306  49 267  13 364 359
   347 177  65 294 320 254 281 207 143  10]
  [  0 231 142 134 312 292  42 231 242 265 383 168 353 315  11 200  32
   202 103 315 222 302 341 150 320 394   0  23 330 224   7 143 291 225
   247 103 296 354 378 396  56 394  95  54 190 178 139 369 280  66 268
   224 205 261 366  46  79 338 145  77 244]
  [  0  53  34 259 312  38  36 177 280 362 255   4 240 185 348 385 386
   369 255 402 350 255  83 168 310 383 357   0  29 103 231 324 333 377
   303 287  44 129 254 263   9 390 256  47 329 204 193 339 369 338  84
   359 360  12   1  57 193  71  90 358  97]
  [  0  62  94  67 301 279  29 384  56  73  93  23 162 255 372  71   5
   314  19 325 266  15 141 230 220 245 148   7   0 398 277  19 349 144
   323 361 116 247 283   2 151  63  90 201  78 216 271 267 137  86  38
    47 401 333 402  42 134 144  63 307 262]
  [  0 342  67 284 141 392 399 359 235  91  47 311 372 128 218 160  46
    36 226 154 390  81 387 393 195  20 181 202  31   0 225  43 279 265
   346  39 222  23 400 248  33 297 255  94 243 194  37 343 266  86 293
   230 239 135 371  57 380  78 236 111 223]
  [  0 129  78  49 194  74 196 232 225 150 221  65 239 323  11 297 238
    19 167  27 273 385 346 243 268 378 172 163  59  70   0 188  14 369
   318 190   5   3 336 144 303 171 169 148 106 175 284  41 157 387 300
   365 294 381 152 223  47   3 347  36 138]
  [  0 251 401 306  23 196 179 245  36 256 223  98 162  22 378 277 129
   350 319 117  88 214 212 290   8  42 154 323 208 295 259   0 210 156
   152 262   1  66  20  57  64 278 294 136 124 231 216 199 267  76 177
   106 387 305 395 388 274 189 297  69  10]
  [  0 177 163  70 382 162 133 181 290 233 151 267 170 397 308 205 121
   303 404  68 226 274 151 178 122 133 191  87 392 162 287 285   0 366
    86 154 321 166 247 232 281 273 349   6 134 146  86 174 280 160  83
    32 176 249 271 395 262 204 266 150 222]
  [  0 308 179 385 279  64  33 142 103  76 283   1 272 307 312 167 252
   306 279 273 405 397  28 339 341 181  38   7 319 166 273  85 377   0
    20 311  10 394 324 343 237 258 193 288 271 120 164 266 323 100 136
   148  87 195 171 278 322  93 210 104 381]
  [  0   4  55 342  93 331 269 190  53  63 152 396 103 359   0 255  97
    98 218 191 283  28 267 362 178 135  85  43   7  35 206 370   4 367
     0 185 353 313 322 226 375 135 157 388 155 206 282 301 329  24 167
    90 317 350  46 158   8 265 346 116 348]
  [  0 257 219 315  62 179 284 323 246 103  11 335  31  11 386 394 303
   263  43  18 227  71  75 169  57 333 362 384 387 149 324 126 282 281
   328   0 336  64 321 234 234 343  47 379 112 379 236 403 388 324 206
    42 375 324 131  15 306  97 294 319  70]
  [  0 255  94 171  59 350 366  29  60  46 399 105 404 220 310 273 268
   227 282 196  76 217 382  77 315  75 396 247 172 115 272 109 255 210
   261 248   0  50 201 277 218 393 294 326 327 242  52 233 111 168 259
   137 239 164 184 136 122 124 114 241  15]
  [  0 114 324   5 305  90 118 290 337 302 238  38 404 255 115  66 245
   240 372 331 141 200 172 309 284  70 283 338 355  13 139  31 282 357
   155 219 383   0 107  50 155 316 157 185 362  88 374 190  66 157  39
    45 259  21 338 216  53 400 399 249  66]
  [  0 268 284 156 214 352   2 149 212 233   5 381 344 104 338 250 294
    89  70 182 335  28  27  43 172  56 405  91 251 179 364 355 397 369
   163 265 224 172   0  75   7 164  22 240  40 117  65 111 252 240 352
   303  57 186 400 163 309 265 288 143  54]
  [  0 376 343  23 290 371 206 292 226 337  85 127  67  49 200 399 346
   296 188 244 341 334 205  70  11 206   6  54 334 163 123 114 401 151
   372 220 329 359 261   0 147 134 195   0 203 294 118 193 226  50  20
   402 403 359 289  40  85 173 399 340 175]
  [  0  77 315 132 383  22  10 400 106 344 296  70  79 167 151  83  93
    61 292 158  57 222 238 234 354 312 112 188 253 147 147   0 295 199
     7 350 237 373  87 193   0  34  34 397  79 226  23 174 396 129 132
   267 188 312  24 279  84 104 217 330 101]
  [  0  38 213 160 244 201  19  13 194  20  96 376  75 326  57  78 281
   229 306 299 317 133  28   8 252 320 384 197  83 372  40 159  96 120
   142 328 339 185 326 371 210   0 220  40  16 303 121 389 262 260 129
    95 295 361   0  76 399 307 196  36 285]
  [  0  24 316 282  58 329 287 147  19 164 266 397 393   1  53  67 334
    91 341 120 243 350 239  37 167 361 318 147 376  36 377  75 252 303
   126 349  93 297  78 297  25 287   0 109 338 134 107 244  45   0 336
   404 246  53  11 137 107 202 192   2 399]
  [  0 267  45 256 392 329  85 202 328 206  43 263  23  33 265  44  31
   191 320 360  60 279 123 375 147 388 307 311 345  32 157 137 183 406
   339 318  99  40 187 252 365 294 350   0 239 123  88 218  22 161  12
    64 106 324 289  86  85 152 262 330 208]
  [  0 384 405   8 181 313 342  11 251 277  64 103 279 396 342 318  76
   213  67  16 281 321  25 395 102 166 273 383  67 239 208  24 276 207
   100  54 318 193 142 347 259 136 153  17   0 182 360 104 337  32 150
   370 238 236 114  19 259 205 318  87 222]
  [  0 241 328 319  72  52 140 223 349 262 263 336 193 318 283 198 100
   397 228   0   2 288 239 301 175  67 169 261 406 390  56  80   3 238
    81 252  67 187 399 189 190 283 370 276  45   0 270 265  81 226  35
    82   3 358 267 393 400 357 122 177 385]
  [  0 366  72 339 387   4 315  91 101 202 286 136 319  39 211  89 355
    29 400 307  30 338 124 273  50 343 371 379 136 205 233 333  81 314
    66 325  10 145 138  63  94 217 150 114 174  11   0 301 199 259 220
    89 403 137 289  76 148 324 241 177 209]
  [  0 281 112 362 202 183 320  73  12 252 368 330 390  30 340 255 312
   228 218 140 160 217 132 291  54 149 163  96 190  79 384 331 400 110
   268 252   7 389 321  85 168 337 366 322 361 228  93   0 282 275 243
   257 391  39 397 194 368   1 213 366 388]
  [  0 388  37 163 161 168 331 123 227  79 148 381 294 188  14 189  25
    51 185 401 244 232 153 299 140 397 292 164 112   1  27 195 304 383
   208 216 224 324 313 388  41 170 211 270  69 290 277 284   0 311 277
   109 397 222 401  83 154 232 132  23 131]
  [  0 370  60 206 201 386 211 317 201  34 258 269 185 401  70 228  69
   278 372 219 302 302 257 134  76 338 135  37 136 259 213 279 113  55
   232  21 306  10 133 167 188 367 128  31 104  83 113 326 101   0 292
   198 220 399  80 283 105 359 382 354  14]
  [  0 198  13 267 317 402 159 392 394 147 227 297 111 234 151  97 372
   115 247 189  56 139 154 375   9 379 367  91  33 133 156  33  70 335
   292 199   9 401 405 272 285 258 255 190 384 313 165 399 120  68   0
   211 185 225 190  89 207 177  23 177 329]
  [  0   9 106 398 307 156  27 304  71  67 319 266 360  95 187  98  31
   387 282 311 368 348 396 394 228 198 265 405 144  14 180 305  25 328
   191  12 126 140   1 384 393 366 280 273  48 367 339 182 174 302 168
     0 173 232 359 180 333 177 399 117 180]
  [  0 382 272 322  34  56  35  62 376  20 361 296 227   7 207  40   0
   373 177 354  82 365 361 234  53 389  51 216 354 279   1 236 230 230
   339  35 222 174 333   1 175  87 401 227 116 251 352 177 155 105 162
   355   0 116 244 329 174 350  52 325 227]
  [  0 373 261 323  92  29 368  51 337 379 368 144  59 159 167 246  37
   298 270 115 324 305 140  58 124 361 327 172 299  67 287  64  71 374
   278 171 273 381 232 320 269 108 328 380 116 362 155 378   7  59 253
   233 286   0 185  76 347 153 380 280 142]
  [  0 232 196 203 294 389  33 305 381  93 107 229 124  18 395  28 208
   223 223 398  39 233 325 150 173 172 164 221 159 197 376 387 385 226
   167  83 248 227   2 136 364 117  83  56  26 115  39 103 333 153 290
   126 223 343   0 288  52  43 165 176 274]
  [  0  54 110  29   0   3 386 293  63 101 174 399  38  87 243 132 321
   111 392  80 250 378  86 393 331 385 126 155 387 281  54 324 166 179
   322 155  50 348  76  44 195  91 402 227 150 122   6  17 313  55 158
   204 266 238  27   0  77  71 362 177  19]
  [  0 186 316 231 101 394 136 293 365 147 202 161 306 307 359 360   9
   262 312 189 110 312 348 285 341 127 157  56 395 304 381  94  61 173
   178 348  84 300 283 145 252  55 208 138 107 343 278 132 387 289 207
   166 154 399 394 241   0 374  23  47 169]
  [  0 273 305 357 301 376 139 276 319 142 131 253  11 183 125 149 197
    35 172 225 216   9 107 190 198 273 282 330 365 160  30 268  55 406
   163 239 112 376 117  86 242  78 303 225 277  90 380 377 367 279 383
   364 183 370 144 133 181   0 290 155  59]
  [  0  76  91  41 284 196 189 228 296 324  38  53 295   1 136 233 192
   406 371 297 186  91 283  52 282  64 138 327 153 169 288 216 338 102
    61   9 153 277  14 120 149 305 223 289 247  35 206 268  98  52 308
   317  79  77 399 183 273 192   0  16  65]
  [  0 242 171  28 224 138 386 317 217 177 211 382  37 361 355 258 385
   276  70 150 236 142 170 391 134 223  35  72 343 339 145 133 317  47
    70 393 273  94 315 271  24 113  51  83 209   3  37  22 335 124 400
   195 367 297  89 131 168 250 148   0 396]
  [  0 218 153 198 165 157  82 145 354  66 133 293 261 301 198 327 148
   125 380   5 265 184 271  59  19 383 117 189 235 375 287 296 254 261
   218 109 381  39   3   8 385  16 374 308 158 299 199 398 156  48  71
    85 115 299 184 120  33 278 256 331   0]]

 [[  0 137 200 277 290 365  45 129  84  85 205  96 402 329 292 374 294
   103 164 373 120  39 289 256 176 360 148  88 181 318 183  91  61 201
   257 386 282  79 138  50  67   9 362 287  50 398 226 339 271 259 256
   305  58 257 104 252 304 186 126 203  52]
  [  0   0 263 154 219  80 172 331 133 203  83  78 404 348 159  62 294
    95 182  53  85 118 311 168 192 147 371 186 394 332  67 173 263 188
   139 143 182 198 167 404 263  10 158 164 286 318 192 274 298 284 222
   121 278 357  99  24 346 137 401 182 146]
  [  0  85   0 290   5   8 228 189 267 209 121 357 381 107 203 200 363
   249 397 242  97 207 366 388  60 177 377  19 216 390 404 166  25  74
   284 327 142 321 391 280   4   2 371 282 388 232 113  56 329 265 207
    65 372  88 320 353 168 123  36 163 302]
  [  0 395 177   0 242 348 350 142 136 132  96  49 302 153 249 134 300
   189 355 342 292 406 357  72 264 208 380 359 198 365 243 157 308 340
    93 275  51 350 380 281 274 227  56  84  30 162 336  36   5  32 383
   155  92 402  42 380 215 177 326 306 119]
  [  0 124 394  41   0  41 303 223 341 400 237 113 135 400 293 178 312
   133  67 185 165  74  69   5 192  31 292 393 392  66 389 269 178 259
    60 189  74 335 296 402 271 178 378 115  83  29  52 349 170 334 133
    16  50 278 164 109 288 207  34 305 312]
  [  0 150  92  54  11   0  75 332  93 283 288 174 244  12 197 172  74
   350 166  12  39 259 351 304 115  55 291 219 171 346  63  80 138 370
   285  91 167  19 142 135  68  27 204  41 268  75 303 266 161 102 323
   344  27 115 132  15 322 293 378 202 148]
  [  0  53 393 231  82 352   0 210 208 211   8 160  16  40 255 335  28
   223 386  12  26 204  56 154 362 215   4 355 119 176 244 179 351 223
   394 373 276  59 213 114 327  11 173 251 158  41  10 169  21 246 362
   189 204 281 107 377 241 235 322 175 112]
  [  0   1 144 211 341 215  81   0 211   6 348 328  60 102 271  69 180
   393  17 130 223 139 334 245 155 201 101 260 236 303 189 110 160  34
   325  84 270 156 321 288 135 261  47 290 235 276 315 288 362  48 331
   321  98 133 158 296 209  82 130   9 165]
  [  0 115 404 161 347  66 315 275   0   9 315  20 200  98 236 199  66
   209 304  83 113 201 335 394  97  63 204  99 279 315 175  38 120 179
   117 122  49 274 140 150   2  71 284 312   1  85 392 122   2 187 153
   168  86 291 110 340  71 275 187  55 311]
  [  0 373  84 203 406 318 178 277 102   0 352 266 371 229  98 268 120
   386 324 278 352 190 106 284 176  47 401 139 187  52 115 391 343 173
   330 298 198 105 405  41 121 102 169 140 163 361 100  67  12 205 133
    75 381 206  87 391 403 258 144 209  88]
  [  0  21 158 364  97 125 239 325   8 147   0 294 250 333  68 181 355
   336 262 374 304 252 147 232 352 298 263  24 279 218 269 261 130 382
   400 138 200 381 198 392  37  54 106 142 190 130 223  58 265  46 168
   223 174 231 283 388  70 186 224 390 109]
  [  0 236  50  76 119 242  95 313   3 199  24   0 237 106 272  73 224
    18 256 379 132 169 147 176 109 285 352  19  85 225  58  30 249 288
   365 107 241  86  74  20 202 290  69  74 247 129 197 351 114  85 147
   234 140  36 188  24 221 224 150 282 159]
  [  0 281 170 212  93 215 231 326 226 249 392 320   0 262 405 404 317
   136 144 288 181 321 245   2 291  15 112 203 202 157 235 242 152  30
   180 291 163 235  46 403 228 332  43 333  84  97 103 316  35 177 165
   186 406 337 221 118 395 179 187  32  25]
  [  0 330  83  77 395 401  38 222 143   1 378 167 338   0 315  51 381
   221 165 210 318  60 156  53 337 340 230  14  68 230 360 182 379 141
    45 125 331 366 326 292  45 232 401 366 109  64 366 363 332  22 309
    61 381 262 100 137 260 335 135  18  74]
  [  0  75 347  94 182 120 128 358 393 275 215 332 105  57   0 311 195
   201 355 388  63 190  71 224 187 265 290  81 170 222 148 306 247  75
    57  45   0   3 164  32 280 228 131 112 370  15 163 288 182 239 308
   173  14 294 333 347 301  24 305  64 262]
  [  0 401 139 353  84 190 161 171 190 391 262 354 110 355 269   0 272
   189 346  47 277 366  27  64 353 165  65 219 351 392 266  50 170 273
   220 231 195 166  89 387 125  56 211 275 222 399  42 120  39 215 406
   131 242 210  66  62  85 120 243 246 160]
  [  0 326 273 143 138 110 277 156   1 203 245 391 270 260  45  93   0
   171 309 104 169  13  68  52 249  68 253  82 328 103 355 168 378 260
   366  60 278 370  77  27 309 160 325 361  20 144  31  87   4 341 184
   320  98 304 341 402 138 342 176 206 342]
  [  0  34 156 281  43 132 290  40 103  62 273 232 192   4 141  66  95
     0 283 186 238  90 300 297 290   2 350 175 297 269 299 205 227 354
   181  14 391 352 209 272 366  79 240 118  29 155 279  14 341  47 354
   163 134 398 212 352 120 259  23  12 259]
  [  0 387  67 136 124 314  35  44 211 340 310 248 284  66  13  92 272
    89   0   7 328 385 314 301 217 340 238 111 177 277 126 122 229 257
   306 294  51 388 396  54 395 318 118  73 226 331 198 132 405 283 216
    13  51 323 242  54 153 314  70 121 139]
  [  0 291 231 345 182 348   6 317  13 330 188  56 127   7 134 195 186
   343 110   0 110 271 222 276 361 404 155  76 160 227 355 368 358 170
   274  43 331 196 248 282 298 269  92 135 160  62 185  25 341  13  25
   145  96 182 318  32 332 391 237 383 134]
  [  0   8  96 317  97  46  50 312 223 373 275 265 398 188 212  89  34
   353 364 250   0 270  28 282 300 256 365 214 364 383 122 171 384 198
   342 283  81 103 143 385 193  61 242 128 393 176  15 272  60  60 360
   201  41  79 349  82 195  97  46  68  35]
  [  0 239  83 239  13 397 259 104 177 151  97 374  30 266 234 120 303
    14 135 372 264   0 262 389 369   4 144 166 160 343 301 284 159 304
   150 320 325  46 110 364  37 370 134 124  71 326  50 101  36  16 269
   309 116  54 339 256  65 172 205 176 170]
  [  0  41   2 330  65 225 310  73 144 166 342 374 134 292 141 201 286
   372 383  82  71 251   0 346 160 100  15  94 289 340 144  66  22 269
   125 249 119 149 141 102 237 381 170 210 198 401  56 285 252 352 137
   342 124 221 364 367 344 162 323 169  70]
  [  0 309 168 371 277 273 392 261 211 280 387 394 129 389 207 333 355
    57  99   4 104  16 369   0 175 405  81 339 207 252 251 280 158 199
    37 150 166 316 340 158 106   0 297 215 370 227 306  15  62   3 344
   265 198 372 139 270  67 182  19 190 201]
  [  0 256  25  35  77 215 348 319 167 356 131  12 284 246 123 103 198
   390 254 139 379 237 191  78   0 301 153  31 164 237 290 152 205 178
   144  73  81 167 339 193 287 301 389 361  42  51 115 315 121 249 212
    35 261 199  91  98 337  54 359 368 272]
  [  0 283  65 278 372 373   3  20 129 239 142 215 247  89 224 379 179
   376 326 109 187 207 285 393 213   0 289 319 252 296  40 255 273 379
     9 161  70 276  79 259 265 275 172 193 328 374  14  21 123  65 207
   297  72 400  58 319  14 300 390 148 218]
  [  0 344 142  73 260 112 189 189 267  85  53 345  22 338  95 301 237
   386 101 345 105 228  81 139 121 261   0  61 306  13  18 230 138 402
   393 361 116  98 192  98  72 129 357 301 155 404 344  76 126  41  73
   361 376 116 289 131 327  93  46 295 219]
  [  0 118 223  22  29 311 151 305 184 231 328  57 223 389 308 263 357
   140 221 333 209  34 175 247 291 172 343   0 159 280  10 251 371  31
   358  11  69 122 243 251 142 349 403 209 250 238 359 127 236 134  37
   157 282   6 199 371 297 334 327 392 141]
  [  0 108 366 275 229  58 151 328 177  49 139  22 396 125 274 113 205
   310  77   5 382  50 207 111 274 161 384 384   0 219  68 305   5 365
   370 123  74 216 337 384 249  18 201 264 367 174 404 139  43 288 179
   352 293 121  59 377 405  40 280  25 169]
  [  0 157 402 105  63 169  40 164 156 263   4  56 390 371  89 101 102
    20 235 151 117   1 225 179 160 267  52 287 195   0 180 262  45 134
   143 322 135 316 268 324  97 193 325 175  31 247 104 231 194 252 271
   165 284 204 152 145 345 274 304 106 226]
  [  0 114 391 379 172 183  38 342  71 131  30 338 106 120 297 285  93
   240  96  53 134   0 120 391 237 194 290 329 220 285   0 204 291 168
   187 214 244 373 238 100 386 326 296 151 312  26  36 255  20 174 351
   364 364 102  39  37 191  67 388 293 237]
  [  0  89 153 206 250 161 315  22 344 300 222 209 353 331 127 274  91
    27 129 217  76 355 401 139  45 140  18  73 382 180 239   0 308 394
   185 298  12 160 344 287 160 118 218  11  76 363 364  36 335  33  52
   370 179 145 277 234  87  93 138 119 152]
  [  0 296 322 362 157 281 126 268 297 127  70  68 231 309 393 220 215
   109 219 106  93 270 120 248 208 126 202 116 378 241  28 253   0 235
   184 250  79 197 281 222 235 127 240 261 364  45 129 153 365  21 122
   205 167 400 275 328  79  39 364 271 207]
  [  0 218  48  77 378 386 347 241 395 208 226 280 284 147 129 211 385
   354 347 243 115 385 203 267 381 406 202 130 216 311 348 201 329   0
   250 163 370 213 129 223 136  75  77 404  89 193 358 134 201 111 256
   222 137 400 232 111  42 233 406 115 402]
  [  0 299  15 195 185 150 124 165 148 125 263 401 222 292 367  54   7
    22 247  11 221 365 171   5  50  95  17  27 217 286 151 142  77 294
     0  16 234 129 125 367 292 332 294  83 396 383 170 392 150 233 342
    49 317 200 263 154  51 240 159 378 303]
  [  0 104 295 380 399  76 186 268 320 345 298 122 251 165 261 378  30
   215 220 131 322 327  22 313 139 147  20 204 131 320 308 347 153  23
   239   0 315 318   8 273 205 198 348 196 234 299 335 357 212 371 259
    42 321  11 163 207 243 179  55 116  46]
  [  0 350 297 333 117  70  71 352 188 341 268 209 236 168 217 368 354
   322  53 147 233 145 361  79 204 235 139  16  79 376 130 215 258  56
   234  55   0 186  74 146 366 108  86  12 133  26 111 356 296  61   4
   246 334 400 169 312 279 207 151 329  97]
  [  0  23 289  64 193 146 330 361  73 145 221 178  81 136 284 333  35
   280 275 310 236 255 165  71 299 322 348 180  45  84  11 405 133  64
   113 248 120   0 140  30 291  90  81 293 292 276 372 120 175 110  13
   248 251 311 296 141 194  94 321 229 254]
  [  0 247 108 212 257  17 267 118 392 385 259 312 353  48 195  39 113
   201  92  79  74 184 135  55 328 143  34 381  83 259 139 285 104  41
    63  77 360 186   0 200 188  59 176 373  97 338 244 150 206 258  90
   101 365 305 311  19 252 188 334 321 326]
  [  0 360  48 151  65  38 370 287 333 286 358 397 158 262 196 240 270
   276 160 300  10 158 352 383   7 253 246 148  48 243 207 242  70 388
   173 218 296  33 147   0   4 203 344 236 140   4 304 333 201 211 206
   214 111  52 154 361 344 345  99 254  42]
  [  0 255 348 252  70 122 320 388 392 260 224 333 162 353 378 267 253
   242   3  61 229 201 387 152 380 143 216   9  84 327 140 356 177 310
   101 202 170 107 313 376   0 210 204 398 358 122 126 140 340 144 160
   111  72  94 197 162 280 238  94   9  42]
  [  0  18  87 236 122  20 201 256 105 159 389  66 385  60  52 158 269
    66 292 138 113 202 310 283 293 361 121 341 392 270 382 134 126 200
   116  89 275  34  84 156 254   0 274  25 345 281 343 314 398 225  71
    47  14 403 134  21 216 380 254 322 171]
  [  0 193 361 248 374  41 161  72 345 394  90 362 239 183 166 372 240
   333 358 404  14 175   0 406 275 211  97 384 322  38  87 238  80 190
    81 127 306 208 329 204 360  25   0 212  63 228 357 404 224 303 144
   309 186 331  33 254 399  74 364 186 377]
  [  0 139 218  17  73 355 359 281 396 315 216 252 338 352  16 113  76
   180 289 279 185 160  54 303 211 283 224  31 395 403   9 240 331  95
   282 212 339 281 217 348 148 377  79   0 378 352  86 263 304  90 402
   267 256  93 405  30 142  46 204 295 263]
  [  0   5 240  88 211 273 161 117 402 384 230 335 364  26 116 147 327
    41  77  71 219 101  56  46 170  54  24 185 341 260 180 345 250 330
   358 263 211 120  44 192 206  84 389 327   0 201 115 391 206  10  65
     8 332 173 194 241 230 144 381 245  84]
  [  0 335 367  14 334 386  71  65 385  39  20  23 195 324 319  49  85
    68 230  40  28  69 139 404 101 149 214 125 132 406 107 355 159 150
   108 223  94  17 314  55 257 354 398 197 287   0  83 254  78 208 254
    70 206 187 389 250 161 134 310  77 209]
  [  0 363 340  51 280 322 396 393 266 210   1 196 383 205 205 238 302
    24 263  58 218 217  27 196 308 364 269  66 285 316 168 394 182 285
    48 238 255 268 264 304 203 348 359  72  91 285   0   1 294 190  14
   396 171 165 179 274 203 335 342  72  83]
  [  0 150  87  37 170 218 212 345 381 104 167 355 270 245 215  80 126
    75 307 146  61 242 184 322 294 385 245 303 125 178  75  37 226  86
   178 125 297 402  10 323 245 262 211 275 305 144 256   0 240 170  92
   310 162 253 261 180  80  83 273 133 240]
  [  0 403 275  25 141 163  15 386  79  12 214 182 235 347 279  86 297
   173 288 206 217 251  41 286 278 363 359 403 348  16 185 315 382 117
   359 211  61 125 266 235 210 232 255 154 184 349 202 343   0 165 278
    43 174 361  15 298  24  60  67 176 339]
  [  0 355 144 387 234 131  96 151  95  92 234  31 120 286 210 358 116
    63 329 374 284  26 122 389 156 397 359 312  96 161 387 311 128 321
   317  17  26  76 368 122  55 372  44 356  26 253 188 139 339   0 381
   164 265 256 340 273  17 114 153  79 246]
  [  0  78 365 290  84 345 384 285 167  85   1 157  25 401 251  61  34
   396  51  63 276  76 357  36 379 280  15 382 289  86 129 168  56 283
    62 371 127 219  63 344 140 207 312 335 380 111 320 194 269 345   0
   369 317 372 177 124 373  68 296 265  21]
  [  0 324 102 153 372  30 145 198  87 379 255 126 342 402 371 399 266
   287   4 369  68 361  62 205 131 138 334 212 380 191 362 159 309 167
   301 232 189  52  88  94 297 321  32 253 280 224 322 203 324 123 175
     0  15 389 144 265  70 205 406 236 215]
  [  0 310 166 167  81  91 278 265 264 254 281 395  59 206 133 192  44
   353 112 139 344 356  10 227 123 348 165 115 280 392 173 124 256  52
   196   4 117 204 151 243 123 118  37   2  56  22  92 172 405 352  27
   120   0 308  25 205 221 222 366  25  65]
  [  0 197 175 402 392 142 156 122  53 315 262 180  64 320 386 383 371
   166  24 120 225 308 282 174   4 115  97 368 267  81 331 336 236  44
    95 327 213 313 139 193  13 269 357  95 240  16 184   6 315 289 218
   271 109   0 124 256  45 302 209 143 314]
  [  0 311 174 375 207 120  41 204 300  45 406 367 136  35 151 334 272
   155 130 287 155 178 168 263 100  21  63 270 307  47 332   7 261 117
   191 298 257 340 122 345 235 363 168 174 395 297 295 153  94 383 252
   238 163 330   0 246 157 348   4 134  18]
  [  0  37 296 126 214 334 398 306 136 139 121  71  60 172 108 189 179
   318  49 285 190 384 403 377  48 205 269 114 194 313  42 394   5 232
    20 311 383 355 188 236 236 135  27  28 281 373 159 198 205 356 320
   257  45 308 253   0 167 113 289 371 321]
  [  0 266 383 371 345 403 246 240 203 349 339 137  73 351 199  10 254
    89  80 159 380  26 403 253  46 153 270  48 393   0 260  74 122  76
    99 253 230 341 123 345  74 390 364  73 280  82 221 367 163  60 387
   401 259 295 173  59   0  31 125  78  34]
  [  0 230 402 355 231 115 114 316 332 336 356   0 254  87 256 356  93
    43  77 314 220 232 320 316 282  12 156 322  65 169 114 304 276 339
   394 401 326 229 294 247  93 259 205 168 112  45 401 243 219 346 214
    27   9   4 197 156 397   0 356  36 390]
  [  0  48 135 384 113 229 305 170  79 166 315 405 167 395 101 350  87
    71 183 183 114 210 259  85  85  89 305 219  56 115   0 116 297 329
   104 398 292 375 378 253 369 280  68 389 233 186 354 344 347 307  31
   397 162 108 108 122   3 404   0 187 251]
  [  0  80 264 188 123 193  11 338  16 389 235 337 288  92 220  86 388
   280  86 299 352 191 213  71  47 386 170  78  77 103 313 258  94 373
    91 257 388 384 291 365 197 339 377 266 341 365 247 182 404 297 213
   276 209 225 336 321 110  80 194   0  21]
  [  0  99 356 175 280 217  88 190   9  16  38 273 391   2 360 380 260
   236 127 115 401 178  86 319 152 276 161 265 141 341  71   6  55  73
   234 241 262   3 391 405 194 215  71 273 251 109  60 102 250 379 267
   366 258 139  41 161 298 216  45 397   0]]

 [[  0 160 100 169 388 224 342 306 404 219 212  39 246 212  76  83 289
   112  26  52  40 392 161 378  48 194 173 270  32 247 282 249 101 270
   252 165 336 300  88 305 228 129 143 175  15  60 166 377 402  82  45
    56 230 133 195 153 345  43 184 134  78]
  [  0   0 279 389 376  61 394 319 113 377 149 115 205 389 180 322 306
   181 390  27 100 211 310 339 282 333 145 151  86 129 132 249  67 246
   388  30 206 240 236 183 111  25 107  77  29 272  40 348  64 271 280
    63 293 361 392 216 263 102 111  92 346]
  [  0  20   0  80 267 403 139 109 297 246 127 227  85 303 144 372 101
   221 311 219 165 275 112 256 139 103 327 109 358  40 253 208 218 123
    72 193  18 140 237 358 285 228 111 116 225 264  18  92  10 196 255
   286 384   2 109 172   9 345 325 344 334]
  [  0  56 278   0 142   7  14 155 357 392  87 316 258 118 212  65  51
   193 196 253 254 280 323 177 256 105 168 375  33 212  63 170 272 183
   199 351  87 400 312 349 387 304 372 223 154 397 305 326 330 375  26
   138 159 354 101 190  36 254 280 102  35]
  [  0 152 188 149   0 167 159 177 148 397 380 388 353 353 349  14 170
   283 379  80 147 293 219  90 163  63 114 187   3 397 354  15 191  65
   376 243 259 156 200  35 275 152 234 364  37 158 339 330  42  91 363
    69 342 390 382 110 377 122  34 194  32]
  [  0 230 262 241 170   0 196 150  75  10 226   7 361 310   3  83 223
   269 339 281 156 207   8 335 158  66 134 402 390 106 120 365  53 210
   225  67 226 333  25 399 378 151 391 271 177 191  26 162  69  30 389
   156 100  27 349  22 271 243 205 392  85]
  [  0 115   2   5 386 324   0  55 149 361 187 270 209 252 231 146 250
   252 159 320 132 266 118  18 326 131 207 298 399 222 399 105 123 201
   336  70  24 342 256 102 320  35 247  75 276   1   8 326 224 378 200
   182 298 195 230 301 401  20 219 358 287]
  [  0 325 405  34 149 106 131   0 324 237 157 112 133 316  97 107 294
   168 335 382 133 336 374 320  91 172 400 171 224  33 346   5 229 309
   304 179  37 165  36  58  49 193 133 396 302  17 273 258 206 297 390
   147 296 381 184 287 282 170  76 207 331]
  [  0 283 405 195 243 161 169 308   0 405 179 371 136 326 299 100 131
   258  65 368 233 282 142  75 136 101 146 271  47 238 196 168  82 208
   373 326  21 354 303 403   6 261 371 248 331 104 151 375 194  45 183
   179   9  93  63 136 104 352 131 221 152]
  [  0 260 342 279 280 272 298 253  23   0  24 243 149 403 148  51 294
   387 362  44  18 308 383 180  97 294 285 212 261  84  72 285 236 121
   386  65 324  24 363 348 174  61 329 153 261 338  28  65 346 144 389
   140 329  18 163 356  85 110 128 381  64]
  [  0 347 177 319 262  71   3 342 110  18   0 335 347 231 403 346 371
    76   3 276 168  77 365 183 135 320  69 125 302 127 270 397 102 392
   119 226   5 393 160  72 107   1 303 191  87  38 164  75 207 292  57
   248 303 131 299 351  70 380 217 242 300]
  [  0   8 227 197 396 294 110 268 236 253  41   0 184 329 157 105  89
    39 367 115  65 180 283 365 356 400 371 126 107 169 355 241  93 104
   210 278  62  10 323 402 186 153 209 297  57  90 338 183  19 385 375
   243 226 196 122 247 148 256 370  11 282]
  [  0 160 340 404 170 343   9  18  59 324 114  50   0 188 367 230  56
   293 375  84 183 101 281  56   7   9 191 292 278 334  93 278 400 339
   346 325 265  30 147 286 209 247 364 141  11 263 233 155  78  28  26
   154 240 226 240 378  18 166 374 109 331]
  [  0 120 181 391  89 221 186 294  76 253  75  49 359   0 101 216 222
   212 134 333 132 112 395  15 242  14  39 307 102 220 259 102  96 201
   192 305 360 371 205 328 220  24 204 186  77 190  40 215 105 293  97
   256 163 222 330  48 178 236  81  47 387]
  [  0 290  78 362 268  19  40 398 153 349 320 213 272 124   0 196 374
   157 287 285 253 208  25  40 399 244 136 195  97   9 105 237 296 194
    29 144 172 339   7 132 323 327 141 366  47 192 298  14 165  98 299
   402 280   8 142 340   8 336 167 347 213]
  [  0 202 107 105 355 320 100   0   3 314 357 258 381  33  25   0 402
   140 278 181 101 323  74 313  82 282  43   6 383  28 113 185 235 215
   361 383 175  38 158 329 347 241 221 210 235 287 168 141  49 125  25
   341 325 294  78 404 371  37 313 380  92]
  [  0 107 154 284 319 316  19 355  12 331 308 141 174 149 200 183   0
    87  41 124   5 200 396  24 367 195 360  69 147 320  54 157 126 373
   105 355  39 184 247 210 281  72 203  62  73 297 387 399 130 362 145
   264 286 390  17 168 218  84  31 144 249]
  [  0 404 229 127 209  64 369 288 252  49 356 173 370 200  69 293 122
     0 200 256 130  36 241 276  52 404 330 343 171  35  24 144 169  99
    56 355 179 198 173 329 401 156 314 399 287  89 304  58 259  24 193
   309 301 117  31 256 376 405 195 221 325]
  [  0  67   5 215  53 247 235 251 348 242 249 104 205 357 162 223   1
   140   0 331 322  11 323 292 337 276 239  29 318 198 270 268  75  43
   314 132 237 170 175  91 141 108  44 146 275 134 223 291 258 158   0
    19  91  57  94  11  99 151 168  49 161]
  [  0 356 314 337 295 208 206 291 253 221 143  90  19 165 403 159 256
   363 282   0 315 308 266 334 113  30 393 406 124 210  30 310 298 270
   256  31  60 319 393  38  71 175 347  76 288 299 173 299 347 138 122
    46  40 173 375  76 344 182  61 336 342]
  [  0  27 180 131 288 208 236 156 206  73  31  27 374 304  55 180 284
   184  42 401   0 380 397 318 344  43 403 399 183 190 221 206  40 209
   199 172 190 216 221  49 397 138   2 355 199  75 242 236 160 210 225
   240  43  52 373  83 228 284  43 358  64]
  [  0 207 406 254 297 150 230 303 284 316 111  41 307 117 127 104  30
   194  55  73 329   0 101 309  49 345 146  46 265 222  13   5 162  31
    57 381 277 113 335  34 316  82 290 208 393 217 117 231 374 274  16
   144 363 235 252 155 218 255  67 127 341]
  [  0 132 169 214   0 109 200 322 404 311 160 217  56 387 331 266 204
   334 193 222 210 113   0 244 301 247 186 211 249 177 341 205  36 166
   144 276  99 311 201 391 236 191 273  23 207 350 294 129 293 258  27
   260 200  94 111 106  73 160 145 253 230]
  [  0 278 331 174 174 332 329 275 267 402 101 223  29 226  86  72  45
   245 120 163 402 293 193   0 331 128 301 229 336 282  80 289 256 138
   362  65  98 290 377 134 313  94 187 223 311 210 239 393 124 189 304
   105 295 212 191 165  10  25 276 224 396]
  [  0 331 127 108 312 116  37  60 294 378  57  47  62 204 403 241 168
   375 130 344 340  76 161 376   0 231 318 288 323 143 358   9 236  15
   308  21  29 266 369 369 375 199  63 108  45  56  69 133 250 289 405
   358  22 204 360 382  44 366  61 255 397]
  [  0 314 355 216 147 368 333  61 252  48 245  84 198 182 355 350 120
   257   0 105  37 356  96 137  52   0 315 192 160 339 350 281 139 344
   377 294  63 406 191  77 312 222 126  93  29 330 361  41 269  30 138
   334 276 127 274 323  13 235 358 397  47]
  [  0  92 391  55 297 127 355 165 183  49  48 322  85 167  20 115 102
   380  94  58  14 229 124 186 400 236   0 217 351 107   1 142 133 314
   346 179   3 243 166 162  49   1 318 298 209 237 221 400 392  90  99
    55 143 355 249  78  10  72 305   0 230]
  [  0 296   1 379 116 179 145 162 106 371 201 396 385 211 296 162 196
     3  49  11 109 242  47 109 262 282 209   0  83 251 205 118  46 235
   402  61 293 193 157  50 119 175 126   0 284 142 362 375 402 305 309
   312  52  41 226 406 198 245  63 300 328]
  [  0 272   9 363 191 358 279 105   6 357 212 203   3  76 211 216 150
    34 261 230 192 380 155 161 212 343 288 157   0 239 384 245 189 246
   248 364 208 304 391 129 157 393 294 287 293  58 149 100 249 277 138
   403 217 216 214 316 383 258 393  12  35]
  [  0 156 174 392 363  13 401 123 112  99  87 252  97 231 327 255 397
   228 232 221  18   3  74 188 364  84 173 296 173   0 314 335 163  53
   139 223 383 116 270 248 320 241  96   7  49 220 366  54  29 149 262
   263 253 276 240 285  93  30 405 329 280]
  [  0 387 256 328 350 361 222 163 202  28 257 172 112 133 305 154  19
   154  22  12 100 135 328 379 204  87 333  46 205 129   0 266 148 329
   342 356  54 160 205 386 386 213  96  27 368 398  83 396 181 325 370
   178 219 375 273 321 110 151 285 274 357]
  [  0 401 393 137 379 100 278 195  55 265 215  27 311 279   1 379 403
   223  82  91 280 330 265 384  59 227 309 121 357 174 131   0  46 181
   254 352 317  95 210 218 347  30  27 122 387 263 333  54   6  24  82
    26  70  76 225 353 200 340 369 375 176]
  [  0 141 347 236  90 266 104 345 281   1 348 102 237 329  36 304  88
   368 299 385 233 192 103 187 150 134 270 131 122 297 197 330   0 390
   238 246 294 185  62 371  71 389 198 208 276  82 311 265 299 174 335
   366 300   6  47 192 229 101 253 392 205]
  [  0 256 344 134  64 241 183  46 390 393 282  30  43  23 170 240 107
   198 168 244  48 104 157 315  78 368 329 214 194 275 179 383  63   0
   116 304 358 131   9 112   2 298 340 214 228  84 107 153 174 190 174
   117 181 108 392   8 333 397 216 307  38]
  [  0 356 275 129 338 327 147 318 119 321 162  93 189 261  21 209 107
   379 210 163   9 211 403  48  53 199 247 371 386 278 102 315 252 281
     0 169 314  25  15 186  71 270 320 308 102  50 389 323 150 297 184
   403  75 154 191 233  78 378 173  11  83]
  [  0  74 108 100 137 338  94 109 394 163 186 272 352  89  99  70 240
   160 391  29 382 354 115 320 133 214 403  78 400  42 166 151 313 400
   268   0 330 119 159 299 139  96 275   0 265 107 388 287 219  29  18
    80 260 246 245 135 115 105 321  74  37]
  [  0  51 194 207 162 151  59 140  80 362  33 312  19  14 174 283 210
   267  43 196 217 183  50 108 395 110 366 231 145 350 396   2 368  41
   369  33   0 331  94  47 135 258 375 310  23 289 288 290 117 306 268
   357  72  67 232  48 368 132 174 283  63]
  [  0  95 365 252  31   8  60 121 215 319  77 323 385  48  69 147  38
    68 344  39 348 390 293 400  66 174 122 257 114 107 117  25 272  89
   304  45 117   0 358 298 260 117  82 310 404  56 264 280 107  25 320
   203 228 187  72 161 241 296  81 359 116]
  [  0 319 237 299 167  43  94 354  73 367 227 247 149 233 400 320 360
    96 106 152  16 344 391 139 343  89 326  91 303 197 255  13 326 203
   266 213 100 186   0  96  12 354 318 289 380 351 336 112 269 264 292
   399 325 226 248 195 119 235 260 118  61]
  [  0 309 219 405 141 346 321  49 299  89 104 329 168 322  41  30  78
   168 147 342 223 384 113 286 126 170 240 103 321 163  32 158 217 106
    25 239 259 188 188   0 223 170  83 305 326 189 207  95 216 358 154
   218 285  95 325 308 359 394 229 385 262]
  [  0 396 104 348 178   0 369  64 138  92 111 292 207 244 280 150 272
   279 394  13 231 209 124 364 286 364 203 212 312 217 211 270  76 299
   242 193 231 400 323 328   0 253  15 380  27 169 158 172  53  85 182
    75 310 358 248 257 344  25  48 321 115]
  [  0  12 143 176  47 226  83 394 204 374 279  68 297 198 183   3 380
    80  49 187 305  52  81 176  95  90   0 102 288 340 303 106 138 219
   251 317 258 242 321 309  58   0 255 187 141 206 215 373   9 104   6
   129 191 372 316  96 242 159  64 361 209]
  [  0 190 332 345  98 113 305  25 146   9 216 139 229 105 325  92 151
   140 289 182 171 286 337 316 361  36  42 170 405 377 319 170  97 223
   352 388 204 306 176 314  37  88   0 384 399 206 348 322 311 359 380
   342  12   0 268  85 393 269 291  81 272]
  [  0 178 171 226 137  89   3 214  12  43 146 267 113   3 201 260 219
   374 133 245 357 169  26 206 380 210 240 243 116 201 279 316 392 172
   320 157 104  92 318 309 287 310 275   0  63 329 295   4 400  49 180
   290 105 249 129   6 318 297 237 135 153]
  [  0 387 257 177 216  62 373  12 381 104 170 151 322 188 133 162 166
    91 391 180 387 402 280 155 353 221 351 301 325 322 379 331  78 118
   235 269  64  45 365  44 159 178 338 271   0  48 164 188 170 336  95
   383 155  87 382 106 349 190 258 120 320]
  [  0 347   4  78 171  67 295  85 285 212  68 342  32 123 223 147 174
   202 236 262 348 192  89 138 198 200 221 139 302 267  99 244 114 119
   168 239 295 280 271 137 288 206  88  69 139   0 224   4  56 384  17
   216 394 370 311 234 193 112  16 264 150]
  [  0 340 386 376  92 208 375 208  85  90 383 351 239  52 298 262 283
   330 110  72 264 189 364 385 248 250 291  92  76 315  74 345 367 384
    86 145  96  70  47 190 200 189 111 231  12 288   0 164  55 309 248
   201 187 221 267  72 123 276  96  96 172]
  [  0 133  25 266  40 321 279  15 160 390 168 145 265 346 165  24  18
   226 335 274  84 185 160 171 218 185 338 244  44 193 115 232 355  35
   318 116  81 160 355  56 124  30 147   2  98  78 286   0 320  97 204
   249 240 181  27 307 219  92 364   4 226]
  [  0  71  72 115 187  34 333 148 163  38  70 128 373 374 174   8 403
   324  55 256  97 294  54 318 185 373 194 332 342 323 161  89 130 146
   342 200  75 325  29  28 216  49 134 244 189 128 357 285   0 201 166
   284 309  47 264  76 153 355   8 174 240]
  [  0  95  67   7 220  32 106 263  15 143 304 334  63 114 101 337 156
   156 210 144 404 121  24 121 358 222 211  15 301 255 394 300 211 375
    11 170 146 300 390 236   1 286 291  19 195 258  48 161  77   0 406
    94 268 306 231 193 138 360 126 120 347]
  [  0 215 332  56 109 396  98 203 245 129 105 263 238   8 329 232  92
   214  50 213  90 400 206 159  61 228 404 355  13 103 174 244 193 304
   343   5 157 335  90  46 400 168 360  89 318  40 135  83  51 135   0
    63  43 153 214 361  93 197 320  95 155]
  [  0  88 397   1 400 153 269 119  48  91 319 121  27 250 354 147 283
     0  65  71 390 382 183  25  30 101 287  13 193 374 184 305 235 207
   406 216 227 322 338 118 212 383 157  13 267 315  69 156 123  48 169
     0 180 207 328 398 232 218 109 257 155]
  [  0 272 179 172 117 391 393  52 157 334 372 336 118 382 206  24 310
     2 239 276 400 231 166  91 320 392 162 157  57 334 154 266 395 212
     9 335 194 236 348 122 309 299  78  28 147  25  25  48 307 399 109
    34   0  50 259 193 314 116 363 316 253]
  [  0 115 145 271  20  17 273 138 278  15 334 187 236 260  31 377  54
    92  83 400  21  74 247 169 105  42 252  86 295 162 181 230 257 255
   357 276 128  49 145 107 305  81  92 217 181  74 226  48 267   3 246
   380  73   0 374 321  32 287 231 198 391]
  [  0 131  98  57 114  90 242 318 273 118 223 209 290 160 152  82 296
    57 367 381  72 400 163 345 125  66 366 183 228 265 294 272  36  71
   193  47 119 378  30 249 117 189 131 138 308  70 264 129 360 370  45
   353  85 288   0 390  88 322 269 403 181]
  [  0 329 289 235 377 317  40   1  18 247  41  69  15 216  38 179 108
   164 241  36 297 304 189  47 140 392 142 324 254 340 196   7 318 336
   222 118 110  33  81 302 312 165 318 120   6 334 179  62 133 138 190
   270 199 198 228   0 399 118 126  24 298]
  [  0 275  17   7 239 274 394 373 202 179  86 278  82  21 222 218 380
    84  45 211 291  54 367 155  51 156 222 187 225 323 363 269 287 394
    49 281 178   6 369 333 171 238 302 142 333 329 237 251 260 406 364
   273 174 237 118 168   0 260 391 249  11]
  [  0 338 177  16 368 175 372 347  69 381 240 118 145 165 222 292 220
   313 314 397 261  55 217 135 396 125 262  92 161  96 207 321 132  62
   127 274  85 304 206 154 397 251 130 277 221  43  89 248  93 376 172
   231 227 204 214  75 367   0 152 321  91]
  [  0 322 328 220 112 261 399 197 118  70 101  44 399 364  52 326  44
    81 309 165  20 379  29 233 376 355  33 391 386 244 112 310 392 113
    88 112 259  71  11 202 316  33 344 158 369 369 263  40  60 380  92
    75 229 193 357  68 281 209   0 338 282]
  [  0 310 334 365 383 256 304 173  96 359 153 353 202 248  18  71   2
   143 309 406  90 297 301 294  38 168 228 179  83 111 134 290  75 241
   387 326 291  55 198 230  58 217 305  39 310   0 221 161 151 364 322
    52  69  29  45 297 210 143 328   0 315]
  [  0 108 200 381 125 270 219 156 208 187  46   9 273  42 168 103 166
   288 377 344  63  28 196  49 109  57 265 270 125 290 107 125 315 193
   372 151 122 311  24  42 214 283 317 162 136 146  78 325 220  86   5
   284 325 221 151 269 142 100 139 185   0]]

 [[  0 196 181  31 181 196 323 390 394 252  45 270 119 400 189 298 104
   217 294 103  97 290 252 361  84 206 162 207 205 192 161 151 175 360
   332 198 151 259  22 330  76   1 269 302 381 185  21  20 220 241 257
   305 264 394 222 395  44 344 281 210  96]
  [  0   0 182 232  52 237 404 359 268 304 398  48 191  96 198 141 121
   211   8 326 198  85 176 253 190 316  58 250 254 298 296 181 341 122
   215 118 133 249 234 361 252 294  41 214   3  24 108  36 273 267 138
   291  62 267  25 100  53  47 166 400 131]
  [  0   5   0 191 249 384 218  96 207 264 143  43 330 210 397  33 376
   151 195 302 363 328 230 399  59 395 171 152 158 231 404 405  71  35
   216 296 189 293 314 257 395 221 194 196 345  99 337  25  49 367 103
   157  11  86 205 214 130  80 208 310 355]
  [  0 306 296   0 368 106 230 187 282  96  71  62 209  55 156 206 381
   383 107 286 358  21  48  79 268  82 156 362  41 251  19 300 346 100
   353 330 190 252  24 151 288 190  84 329 319 276 335 233  67 383 124
    14 185   4  79 290 135 323  18 134 195]
  [  0 180  96 358   0 399 200 370 399 199  77  48 244 401  21  28 196
   230   9 125  53 158 169 388 308 249 358 271 366 257 218 204 271 227
   207 265 246 356 135 199 195 114 113 268 373 203  13 122 183 330  85
    53 301 311  24 215  60  66 245  45  15]
  [  0  41 226 235 286   0  71 388 110 185 140  21 246 134 187  95 333
   405 358 216 288  79 207 273 344  30 315 191 217 133 253 250  75  47
   390 102 265 303 103 101  43 143 351 228  19 377  60 205 361   1  32
    34 118 353 261 298 134 369 162 288 382]
  [  0  22 279   7 222 160   0   4  39 338  44  78 108 105 105 358  94
   269 323 208 358  49 342 321 307  49 164 287 398  39  56 355 167 224
   304 167  15 365 352 137 380  64 365 191 337  67 263 284  55 402 295
   371 192  29  16  68  92 288 181  70  48]
  [  0 157 333 357  22 314  10   0 243 244  36  13  83 314 139 401 343
   315 347  59 179  10 124 281 270 225 335 181  12  55  41 108 241   5
    20  13 321  77 298 105 251 337 110 124 370 259 202 304 144 388 324
   310 378 291 302  14  22 174 100  38  49]
  [  0 215 281 108 359  67  55 143   0  93 171 315  24  98 307 307 123
   276 106   8 207 277 360 402 123 355 226 359 377  72  93 346 243 271
   395 352 250 118 260 404 246 368 320  19  21 372 306 250 102  62 102
   133 269  56 261   5 405 177 331  70 134]
  [  0 219 367 349  97 182 192 143 147   0 118 396 203 225 131   2 273
   103  67  55  70 386 348 222 255 237 356 393 394 281 110 324 370 216
   341 189 143 274 196  44 117 259 266 236  98 221 363 203  39 122 361
    82 364 393 199  27 142 185 205  78  14]
  [  0 353 205 100 334 210 359 374 346 169   0 327 121 251 295 362 235
   226  87 334  31 123  30 370  25 105  10 355   5  59 277 185 324 320
   375 292  38 260 237  43 390 122 137 351 151  92 232 291 299 244 191
    18 251 285 233  78 147 138  40  20 137]
  [  0 129  92  98  86 360 374 181 394 239  91   0 351  57 178 146 101
    47  58 163  22  21 260 398 336  22 102 396  69 286 107 378  55 245
   265 372 257  64   9 389 171 347  26 290 294 251  74 384 149 330   0
   347 219 102 278  13 129 369 342 245 212]
  [  0 216 333 286  26 132  75 131 358 132 329 109   0  47  58 157  69
   361 116 295 182 165 384 206 111  60  87 228 127 384 234 282  75 192
   338 107 263 389 308 247 149 242 184 364 114 229 307 250 176  74   5
   284 264 350 215 155 110  84  77 364 173]
  [  0 283 325  48 406 371  26  62 203 314 330 392 158   0  43 139 225
   195 208 111 327 226  41 209 194 251 335 247 213 377   9 169 199  40
   334 256  78 267  71  78  48 161 259 361 302 252  45 284  78 334 133
   266 133 104   7  62 343 381 346 378  60]
  [  0 377  73 250 320 383 170  43  31 243 302  28 294 156   0  92 135
   174  24 212 280 283  28 328 359 312 349 353 397  49 255 368 375 235
   294  39 182 128 336 369 349  23  66 157 254 176 136 334 255 364 248
     9 271 184 323 170  69  70   4 289 148]
  [  0 218  85 312 348 386 155 181 239  72  36 192 154 135  92   0 329
   219 228  77  78  73 331 214 137 395 257 247 130 279 149 218 385 266
   263 190 118  33 103  17  38 253 313 158 221 400  88  32 136 206 132
   261 369 281 118 392 362 176 363 122 333]
  [  0 203 329 121 211 281  74 312  82 387  11 322 224  23 352 223   0
    54 166 287   5  12 189 172 122 273 367 103 148 157 377 333  73 174
    29 140 343 278  19 284  62 253 304 196 229  94 386 222 359  21 107
   238 268 373  47 181 236 300  29 180  80]
  [  0 144 393  17 252  94 379 245 327  26 270 378  63  31 344 315 305
     0 336  87 175 116 256  80 335 179  26  25  11 156 230 405  77  37
   268  69 129 369 318 256 363 303  10 243 167 231 343 152 204 238 149
   301 197 132 216 377  80  71 388 147  21]
  [  0 370 101  41 261 266 346 355 263 375 202 377 243 254 405 135  64
    88   0   8 124  78 388 341 304 260 385  39 187 128 234 247 262  39
    36 106 288 384 388  99 271 318  68  63 141 322 106 224 145 263 262
    40 399 267 345 301 178 171 228 389 406]
  [  0 225 317 312  73   2 195 125 373 275  66  61 199 269 268 362 250
   375 100   0  47 383 140 201 308 185  20 399  38 274 192 130  44 289
    21  55 129  47 329 109  39 312 392 117  77 203  86  52 141 130  34
   387 136 124 214 316  79 178 173  72 146]
  [  0 170 218 102 230 173 216 403  83 288 327 359 208 168 173 135 195
   192 300 353   0  33   2 200 253 363 273 101 161  20 338 256  13  90
   145 350 396 342 388 395 366 392 324 211 299 212 144 164 374 198 145
   205  67  51 383 227  67 213 182 193   1]
  [  0  91  51  54 273 365 368 251  57 325  27 267 189 374  31 135  84
   305 268 282  12   0  41 131 311 316 218 371 292 161 395 168 260 227
   245 126 397 375 227 360  11  98  95 107 263 191  41  90  17 284 104
   399 328 239 347 347   2 200  97 218 209]
  [  0 348   7  71 215 214  40 270 393 284 112  98 281 216 402 333 257
   126 248  15  76 306   0 214 269 150 136 371 211   9 328 207 328 248
   336 402  36  65  13 272 380  35   6 177  51 168 131  80 145 211 107
   220 327 115  76 383  52 315 143 243 205]
  [  0 225 183 375 317 268  49  49 250 312 128 177  73 110 351 192 108
   393 354 120 121  17 170   0 103 146 168 283 348 272 103 201 103 273
    54 253 207   9  43 404   7 321  64  21 390 244 156 210 277 124  86
   158 110 382 347 122 346 158  67 253 349]
  [  0 284 270 193 262 205   7  43 117 160  47 145 129  10  24  43 183
   398 341 322 380 211   8  86   0 127 323  57 125 210 382 373 183 329
   402  59 124 272 157 396 214 319 308 198 357 156 362 235 207  74 264
   229 117 300 374  99 256  74 252 308 398]
  [  0 297 148 364 103 118 123  76 159 353 217 258 373  78 140 132 340
   143 352  95  63 134  12 363   5   0 343 116 248 286  86 225 167 387
    88 118 186 292 368 346 205 399 196  30  74 176 309 381 398 313   8
    23 272 158 123 232  95 130 392 355 202]
  [  0 252  40 122 363  68 251 310 218 151 305 230 155 393 200 195 349
   143 215 350 334 277 267 236 333 172   0 111 119 280 114 376 259  59
    36 144 352 304 332  89 204  16 221 297  89  30 203  81  97  70 114
   219  56   9 107 182 198 209 382 302 378]
  [  0 286  45 167 184  37 111  89 183 293 317 101 132 321 295  54 304
   404 380 230 153 278 314 227 355 193   0   0 339 153 112 300  83  28
   354 153 100 270 137 274 212  89 246 106 374  65  90 227 110 332 360
   235 323 141 138 344 219  51 299  57  68]
  [  0  24 399 136 326 406  92  32 391 165 220 156 207 144 369 192  45
   362 207  56 167  27 201  65 282  14 146 178   0 166 288 313 309 300
   196 153 367  22 385 173 144 308 219 298  77 209 166 309 312 126 178
   328  14 378 351 262  51 390 231 308 198]
  [  0 109 353 276  32 274 243 281 259 350 396 251 155  12 184 185 308
   234 314  30 228  35  30 311 276 289 180 257  87   0 264 269 187 207
   171  80 202 331 311 214 137 374 150 360 109 334 316 292 283  62 389
   208 261 301 248 192 211  61 135  48 254]
  [  0 212 164 179 201  92 153 189 192 145 138 246 328 200  11 236 376
   265 278 270 374 193 297 202 272 393 162 197 167 359   0 304 151  18
    34 260  33 162  44 365 103 382 406 340 264 281 136  26 133 340 326
   178 175 184 238 151 134 283 235   1 393]
  [  0 143 236 219 208 184 338  31 294  98 337 318  95 269 275 309  50
   332 304  85 370 298  26  55 209 216 111 274  26 378 262   0 375 219
   199  33  74 324 165 285 317  25 132  53 389 313 201 157 351 318 359
   231 381 158  41  92 339 276  78   3 376]
  [  0 354 330 360 374 391  50 260 146 225 318 348   2  85 115  95 322
   231 249 135 246 168  99 358 359 213  83 145 304 250 152  19   0   4
   368  33  90  39 366 380 276 220 405 227 140 245 266 251 239 183  40
   216 358 214 313 178 238 150 136 179  16]
  [  0 230 341 327 154 336 403 281 110 178 247 304 349 324 311 177  85
    94  91 404 352   2 224  53 133 108 126  79 190  18  71 288  88   0
   214 365 263 155 230 365 151 360 270 200 346  32  88  17 253   3 112
    29 310 397 270 214 211 267 289 261  63]
  [  0 151 209 273 180 322 194 245 332 221 382 183 234 264 244 201 376
   302  82 243 224 134 360 368  77 275 261 302 184  17 125  20 173 117
     0 339 294 354 163  19 297 227  39  78 169  93 120 185 203 319  49
   406 343 310 168 303 365 151 105 118 149]
  [  0  22 194 246 249 324 182 205 319  28  93 265  98  46 220 275 285
    31 395 170 199 211  82 387 234 358 133  43 139  21 214 297 292 237
   256   0 240  20 309 307  43 265 107 188 186  39 172  30 219   0  53
   217  71 340   7 223 114 109 386 238 154]
  [  0 287  77 306 141 394 323 118 175 388 300  96 222 195  96   0 145
    69 279  15 305 130 162  46  73 103 127 123 368 105 388 361 354   5
   218 202   0 204 365 230  16 244 137 196 100 234 303  74 169 163 166
   160 194 183 242 120 317 115 362 297 383]
  [  0 177  26 276 359 194 114 233 266  32  30 124 240  68 226  73 388
   324  76 119 176 275 279 288 152 372 273 288  31 165  19   9 280  27
   391  82  86   0 189 404 374 215 237 224 238 406  52 338 108  33 331
   213 340 189 108 182  29 310 274 182 237]
  [  0  41 220 140 157 261 354 295  89 134 122 312  33 170  72  39 347
    66 152 390 140  85 198  77 276 403 228 219 199 400 106 339  88  18
   247 279 250 406   0  74  30 205 196 134 247  10 338 379 153 139 381
   395 136 398  92 238  27  99 241 400 255]
  [  0 360  44 138 251 244 348 176  51 329 298 293  66 285  50  50  40
   234 201 249 122 391 338 112 325  18 149 316  39 268 104 127 168 252
   222 368 105 173 301   0 129 123 334  84 403  75 205 125  14 241 234
   305 321  73 116  12 207 258  93  15  29]
  [  0  22  67  57  15  68  99  19 284 244 403 144 125  64  99 334  90
   267 251 199 349 205 233 393 190 173 271 150 269 143 377 269 259 313
    66 304 386 232 393 375   0 237   0  83 320 373 291 364 303 235 124
   387 175 376 189 122  11 263 248 269 148]
  [  0  73 369 133  22 289  57  47 325 347  28 155 345 213   9  25 100
   178 165  61 187  71 332  86 115 295  66  82 209 145  72  28 303  33
    30 324 105 218 402 344 104   0 109  35 225 246 138  43 373 266 180
    89  66 310 149 366  16  48 209 212 198]
  [  0   4 228 377 292 217 371 353 231 330 157 372 219  23 183 245 340
    57   8  50 375  31 264  80 308 111 287 112 146 124 324  10 344   2
   353 150 158   9 261 142 239 270   0 113 166 178 190 159 370 366 118
     5  50 124 159 367 239 107 322 305 236]
  [  0 307 266 266  24 382 209 381 319 213  81 269 389 211 334 169 128
   177 366 287  20  79  37 221  56 302 312  35 147 361 191  39 135 220
   351 173 130 344 158 228 382 343 206   0  87 194 268 394 162 257 142
   151  46 284  65 157 358  31  59 249 168]
  [  0  32  58 213 132 284 298  65 197 279 155  32 199  20 387  50  70
    14 332 164  53  66  74 200 227  85 245 252  83 202 112  88 338 225
   247 100 187 383 318 182  39 139 256 242   0 331 256  93  28 399 313
   333   8 336 232  49 133 260 288   9 400]
  [  0 404 210 140 203  28 132 356  85 176 192 123  44 373 313 220 233
   226 173  56  75  77 271 162 178 113 194  66 170  70 182 103 353 300
   118   3 161 333 208 284 324 112  31  90  56   0 123  26 179 112  20
    68 199 163 358 333 182 231 341 389 385]
  [  0 200 375  11 119 167 340 250 364  16  75 107 133 102 206  99 355
   391 119 279 341  75 312  95  57 316  58 367 163 305  91 269 212 313
   376 402 337 131 127  79 305  95 151 240 304 292   0 146 250  90 346
    40  18  72 149 303 106 143 402  45 205]
  [  0 118  64  31 151 264  65 223  12 295  85 149 196 217 275 392 227
    50 262  39 147  60  53 296  76 200 240 359  21 142 391 172   9 236
   385 341 360 377 137 175 227 269  21  82  31  18  40   0 147  32 347
   160 394 285  46   9 101 124 214  83   4]
  [  0  88   9  74 404 329 350 158 396 142 130 239 302 328 133 272 207
     5  98 242 291 134  19 226 107 282 100  53  54 225 208 376 292 174
   318  40 349 108  79 391 362 263 241 247 329 142 152 175   0 205 393
   341  54  68 104  97  34 105 235 359 337]
  [  0  97 259  81 321 372  60 302 296 265  71 257 344  18 332 360 369
    68 388  49 189 254 376 194 331 313  78 342   4  24 105 208 254 223
   363   7 306 164  47 385 180 218 306 215  96 306  29 163 304   0  39
   193   5 323 293 112 168 227  38 246 353]
  [  0 177 295 329 377 281  57 189 376 274  18 353 282 114  28 137 356
   384 325  56 245 202 281 248 260 196 365 292 318 281  79 154 203 224
   354  26 218 294 386 402  73 256 259 216 156 223 295  13 342  65   0
   108  15 289 386 236  37  38 201 142 309]
  [  0  59 107 158  72 224 184 265  14 363 241   0 381  34   1 105 223
   254 299 184  33 333 310 362  20  32 142 382  13  70  86 309 113 101
   187 157 220 127 163 144  64 238 168  58 321 265  45 244 286  57 125
     0 106 393 281  18   7  72 252 139 137]
  [  0 335  85  41  15 205 300 278  88 213  23  26 108 278  47   7 106
   324  44  43  28 239 271  85  39   0 210  75 121 316 250 297 150 173
   104 107 401  63 186 393  57 126 267 172 237 320  14 237  89 155 287
    75   0  85 293 145 216  25 149 274  75]
  [  0 171 222 299 129 361 294 349  74 362 150 231 389 284 142  26 288
   231 174 197 310 259 145 294 123 252 303 346 315 393 210 122 155 136
    87  23  40 114 185 255  65 292 394  72  13 109 332 165  90 400 350
    75 249   0  87 315 269 379 171 241 167]
  [  0 225  72 379 196 239 324  77 260 386 297 285 244 248 274 214   4
   298 126 229 311 295 253 173 260  74  15 201 180 183 106 324  78 326
   164 383 220 203 130  99 132 227 123 290 265  15 235 245 176 245  32
   328 292  43   0 401 261 113 401 337 364]
  [  0 327 180 235 315  69 399  39 239 169 314 312  24  78 334  53  82
   261  58 339 192 343 275  76 110 364 306 218 257  90 255 404 248 381
   202  77  29 113  69 122 371  86 331  49 342 128 380 176 229 282 139
    94  12 386  18   0 123 160 345 345 368]
  [  0 100 395  58  48 122 346 399 328 187 313 233 168 142  26 259  68
   281  69 370 196 198 300 223 187 340 345  62 346 219 195 170 184 127
   295  53 382 243 287 380 133 292 220 193   1 327  45 172  59 300  33
   258 266  67  29  49   0  37  64 184 120]
  [  0   3 359 154 329 318 379 325 264 361 184 212 132 204  47  19 166
    16 148 366 331 136 396 121 182  23 382  50 125 394  28   2 171  96
   155 350 323   5 323 293 343 322 367 241 217 402 276 165 168 363  96
   185 377 145 244 317 389   0  39 255 120]
  [  0  23 134 101  48 232 337  89 326 197  41 381  58  58  23 119 352
   400 150  30 199 192 193 167 326 128 135 276 191  94 277 390 151 398
   233 313 387  33  43 362 277 167 201 382 149 180  28 105 176 161 333
   310 405 254 157 288 284 331   0 137 309]
  [  0  13 398  18 353 222 172  21 204  52 152 199 351 320 284  88  97
   220  49 393  40   8  90  81 246 343 213 197 236 136 390 215 364 390
   107 398 374 129 362  15 394 106 403  78 248 248 136 259  73 142 314
    90 167 192 388  63 283  60 188   0 397]
  [  0  85 351 332 130 304 331  89 133 232 277 402 229 173 126 148 247
   165  57 312 121 377 210  80 305 276 297 283 153 268 258  14 168  14
   187  91 201 245 316 153 293 394  27  99 180 406  59 176 295 120 382
   389 349   7 203 225 117   7 142 142   0]]

 [[  0 353  99 309  21  93 161  42 193 161 377 249 100  40 158 309  14
   130 401 165  95 372  82 351 143 140  89 228 264 325 396 280 268 304
   106 339 282 387 225 348 283 240 367 388 338 145 242 159  26  96 196
    82 159  50  58 221  45 381 261  14   1]
  [  0   0 261 403 373 247 346  74 150 241  60 139 381 269 347 335  29
   139  64  69 373  83 176  50  19 307 260  16 221 382 207   3  24 385
   133 391 371 355   6 123  97 140  70 158 340 217 323 172 142  65  17
    86 112  36 386 338 360 265  82 368 250]
  [  0 123   0  10 235 125 156 385 216 272 403 298 192 275 148 160 179
   337 179 126 322 288 157   7 106 223 313  73 128  33 190  62 247  94
   219 129  16 239 392  33 129 286 104  37 270 175  92 247  48 194 253
   285 343 403 355 158  57  39  87 208 212]
  [  0 335 243   0 194 210 110 250  40 389 311 368 126 207 381 370 203
   194 365 260 403 279 246 120 280 144 284 116 100  44 138 249  98  93
   159 341 351 308 377  41 324  15 175 352 199 362 333  73 356 343 301
   188 134 336 242 312  26 406 123 222  91]
  [  0 212   1  80   0 220 406 188 130 343 283 403 225 333 195  56 349
   325 384 186  62 207   5  97  54 237 204 170 241  34 243 355 271 129
    63  61 165 380 376 384 250 236 136 339 177 396 402 165 149 254 201
   235 123 179 205 377 120  64 398 118 252]
  [  0 200  33 179 336   0  14 233 124 402  85 243 163 344  34 101 265
   188 291 399 350 307 384 341  31 221 350 110 128 220 101 296 380  37
   167 351 234 249 250 280 279 312 357 357   9  97 222  15 117  18 296
   238 150 327 306 199 118 157 239  67 354]
  [  0 144 306 220 139 307   0 169  74  85 231  65 365 114 375 113  69
   389  69  23 385 120 266 353 132  96 272 299 283 140 301 217 229 270
   172  58 177  28  60 223  92  39 159 201 290 215 308  84 272 401 357
     9 161 286 169 273 159  46  89 170 285]
  [  0  95 116 148 157 293 406   0 267 213 100  92 273 230 362 192  72
   316 199  74  81 341 313 101 370 345 255  38  43  52 306 150 126 108
   183  32 143 380  47 157 401  23 182   9 373 336  72 258 272  49 361
   103 253  58  70 280 153 404 228 378 306]
  [  0 155  12   0 335 398 160 372   0 270  12 178  32  95 145 273 381
   131  81 116  24 406 153  66  41  48 316 406 219 173  55 241 230  13
   135 367 397 375 222 250 239 401 170 229 155 144 373 126 122 266 141
    31 360 201  41  92   6 292 374  49 339]
  [  0  84 323 355 306 154 280  27 194   0 186 341 337   6 281 206  13
   100  44 113 295  12  24  62 160 246 177  60 170  60  97  47 349 403
   190 246 308  78 216 324  49   0 354 102   4  49 349 252 401  10 353
   106  98  41 392 143 283 345  51 152 323]
  [  0  79 368 282 350   7  17  89 114 313   0 354  82  26 190  14   8
   397  40  84  64   9  84  42 112 115 379 370 213 328  88 102 112 340
   244 158 276 247 372  32 384 311  10 234  85  72  20 355 333 382 183
   245 221 327  20 309 271 357  66  81 391]
  [  0   2 266 110  84 221 234 357 184 381 383   0  81 258 169 277 123
    27  80 188  62  57  13 366 390 406 232 174 257 264  23 395 210  58
   171 306 248  82 167   2 278 236 213  37 102 179   1 168 355 398  47
    80   0 142 115 278 275 181 347 253 267]
  [  0 292   4  49 259  57 200 158 170 186 280 328   0  54  31  76 233
    52 191 209 367 283 126 244 335 304  46 284 359 306 337  61 119 216
    36 200 150 286 105 203 406 334  65 172 181 331 373 131  88 347 133
   222 268  77 128 247 220 204 395 307 158]
  [  0  64  85 259  98  51 295 243  28 139  11 390 368   0 183 166 192
    38 231  55  31 110 274  89  63 257 201 289 231 181 406  59  36  35
   346 179 379 233  55 157 336  79 259 243  47 175   8 404 278 208 337
   388 128 260 261  88  51 156   6 391 118]
  [  0 266 130 142 396 264 185 339 177  20 380  16 127 134   0 342   6
   131  47 257 215  92 177  27 351 361 240 369  86  15 136 229 185 363
   394   3  43 404 345 337  93  60 116  10 129 125  63  83 211   1 179
   256 361  76 283  61 217 231 313  81   7]
  [  0   5 382 211 147 254 180 203 272 191 147  13 231  88  18   0 117
   256  96 189 184 101  11 338  41  22 215 128 303 321 378 406 281  90
   148 237 145 347 322 118 155 337 346 369 107 230 297 192   2 160 247
   101  74 231 190 329  45  55 326 325 372]
  [  0 119  99 105  59 236  27 158  35 187 234 370  15  38 284 192   0
   194 111 122  44 372  36 204 406  26 242 304  85 176 192 248  76  78
   140 317 192  45 223 352 147 374 283  48 298 158  82  50 285  74 292
   102 234  14 103 187 345 347 119 386 182]
  [  0 108 129 366  60 359 390  50 395 302   5  39 111 370 140 350 243
     0 127 246 288 114 189 394 351 313 186 331  37  28 282  51 168 162
   156 214 191   5 338 277 177 245 390 140 178 320 254 356 315 162 375
   228 131 380  94  88 168 204 254  74 140]
  [  0 350 363   1 128 101 149 346 130 384  76 101  64 229  56 273 118
   101   0 113 339 388 376 186 279 204  15 270 390  17 190 216 291 345
   373 240   3 100 213 230 221 396  76 211  49 168 172 187 165  76 357
   214  40  13 306 355 340 215 233 194 374]
  [  0 129 307 226 251  35 297 114  87 331  51  87 248 404  66 281  81
   266 167   0 314  71 283 186 357 281 397   3 286 397 393 386 402 300
   357 170 228 151 185 271 105 117 282 160   7  74  59 358 259 310 154
    66  25 333 150 361  56 328 371 249 271]
  [  0 187 105 323 373  85 171 287 198  14 355 193  58 288 272 246 187
   119 371 268   0 400 367 401 255 141 179 311 158 381 155 121 119 265
   310 112 145 378 103 244 202 366  71 389  48 164 154 326 352  81 153
   166 221  45 228 226 228   5 164 281 273]
  [  0 396  25  31 231  72 179 166 191  51 357 163 239 201 403 125 246
   168 173 374 132   0 236 130 331 216  41 148 319  27 216 183 322 281
   384 268 106 193 128 344  25   1 347 227 125 256 399 187  83 141  63
    60 263 317  15 122  62 100 199 204 172]
  [  0 399 214 107 197 216  34 327 338 267 375 297 159 223 194 266 278
   300  43  13 333   6   0  83  66 166 358 274 275 291 332   5 164 158
   205 186 141  34  81   1 386 343 197 172 301 387 226 164 244  64 205
   198 240  41 162 285 339 177 299 356 263]
  [  0 382 179 401 228  28 253 173 285 125 211  52 341 264   3 401  32
   152 200  89  57 210 204   0 287 290 381 193 264 359 362  44 159 373
   209  27 116 337 211 153  30 358  65 297  72 371 315 378 369  84 242
   295 255 321 366  59 184 122 132  96 367]
  [  0  49 334 265 351  53 396 199 119 201  65  92  39 393  51 236  35
   271  64 132 134  54 274 116   0 331 349  80 399 258 294 188 268 111
   158 262 382 139 187 133 392 149 362 290 345 393 123 227 293 355 360
    74  13 206 155 351  84 192 259 101  47]
  [  0  27 349 350 227 287  48 364 133 240  17 378 366 231 290  25  35
   143 263 186 144  21  32 161 169   0 352 253 300  73  37  30 132  35
   292  57  56 277  48  33  75 258  54 121 336 110 173  36  70 181 336
   203 372 123  35 134 227 335 330 254 230]
  [  0 206  15 240 124 233 230 155 391 153 269 396 206 282 245  55 349
   117  50 199 261 225 399 253 114  34   0 130 239 204 353   0 116   4
   208 398 402 398 124 406  92 174 238  83 208 311 119 173 149 150 345
   234 182  33  47 256  27 216 251 342 116]
  [  0 109  77  79 199 241  70  87 361 153 390 118  82 363 283  49 223
   213 270   5  99 380 149  81 241 304 179   0 227 326 264 401 198 197
   110 166 226 378 237 326 179 401 312 187  80 350 279 209 217 185 280
   348 377   0 373 309 395 352  84  42 160]
  [  0 251 349 171 321 394 269 311 205 149  35   0 272 353 365  61 394
   117 286 155 259 201 397 262 290 221 166  64   0  52 167 354  76 336
   197 312 167 268 184 404 297 292 199 379 297 161 382 332 108  72 353
   204 375   3  10 172 101 161 310 117 152]
  [  0 175 170 278 324 231 257 390  67  63 158 349 398 317 214  66 317
   103 397  89 375 233 257 333 382  23 189 223  64   0 338 100 115  52
   337 305  12  81  27 354 362  18 346 147 325 296 179 353 375  67  28
   363 139   4 319 262 187 245 151   9  98]
  [  0 366 202  87  33 313  20 233   2 348  51  27 255 331 126 396  89
   178 215  46  63 119  22 379  79 111 253 403 315 380   0 272 261 280
    58 128 380 276  88 205 291 258 244  95 259 337 241  76 403 361 220
   217 311 238 392 220 241 130 137 406 289]
  [  0  16 110 298 309 115 214   3 138 363 265 360 166 234 403 271 220
   344  97  24  15 361 111 284 210 309 340 290 400  47 229   0 326 400
   166  29   7 231  80 145 302  28  32  51 154 307   2 301 195 219 110
   306 380 364 113 357   5 136 303  60  57]
  [  0 155 302  85 231 329 132 269 318  68 237  10 270 295 350 234 145
   395  65 177 351 341 102 207  23 222 357  74  15 350  17  45   0   0
    33 179   2 176 204  27 389 271  61  44  53 380 141  36 129 252  79
   163 264 304  97 182 200  33 275 200 190]
  [  0 355  13  93 383 121 324  33  98 121  61  33  65  95   7  39 176
   287 391 341 184  50  75 331  36 375   2 286 128 281 168 202 362   0
    93 252 313 365  46 157 166 116 106 260 342  73 276 268 237 231   4
    17 376 196   2  90 278  36 175 302 228]
  [  0  93  43 242 169 367  18 277 203   6  96 349 264  53 355 313  55
   342 246 406 148  48 368 333  63 182 200  63 357 395  47 367  53 376
     0 193 119 179 322 334 399 397 157 288 323 348 208  40 390 101 136
   126  34 337  54  66  51  59 401 199 366]
  [  0 278 244 364 253 184 305 169 139  61 255 103 129 273 154  13 404
   235  86 253 247 125 390 380  44 338  48 206 230 401 136  37 203 188
   374   0 219  48 219 180 404 320  12 182 261 255 118 279   1  43 108
    18 387 271 402 219 106 257   7 119 292]
  [  0 355 165 200 346 318 251  32 358 301 272  10 264  42 122 345 234
   200  66 118  46  90 100 321 121 100 229 118 126 379 244 277  21 244
    71 198   0  40 333 258  59 373 308 398 398 157  92 248 213  35 296
    30 400  20 336 156 202 354 319 372 200]
  [  0  72 269 124  33 118   7 264 212 219 285 380 382 382  35  68 372
   379 212 201 348 145  13 197 387 400  69 329 151  94 195 232 129 307
   295 382 130   0  29 281 317 128 198 205 114 238  72 291 144 148 259
   260 244 253 307 379 352 212  13 299 181]
  [  0 101 148  80  31 386 211   5 213 263 280 370  64 272 257  64  72
   147  78 275 109 132 363 102 127 234 162  79 133  48 313 301 275 306
   262 249 332  91   0 363 256 180 340  24 244 217 186 275 212  50 144
   369 344  11 308 291 242 406 389 275 219]
  [  0 384  76 358 265 263 185 199 288 119 393  63  61 157 269 273  58
    95 389  13  25  64  44  49 272  65 119 137 361 170 108  35 139 179
   198 286 138 224  15   0 357 175 118 374 106 404  34 272 316 244 221
    88 186 384 180  21 250 289 254 159  20]
  [  0  20 225 365 180 241 336  28 282  22 384  28 145 213  14  57 401
   189   9  60 382 297  48 231 344  20 387 194  82 249 368 128 351  59
   375 348  59   2 114 307   0 118 164 405 115 380 133 144 157 370 185
   379  86 255 325 389 371 333  18  86 361]
  [  0  28  53 392  63 104 195 201  33 313 403  79  50 244 157 125  40
   313  18 245  21 250 190  86 396 353 170  84 185 402 163 385 295 383
    33 184  53 247 102 289 219   0 191 148 376 180 352 302 332 100   1
   189 328 147 373 372 129  15 375  60 311]
  [  0 309  16 297 314 278 319 324  74 181 215 192 126 149  41 244 336
    46  55 157  13 402 319 215 202  52 195  83 367  58 358 267 369 364
   203 207 292  72 321 355 395  16   0 258  58  50 154 278 317 148 165
   348 240 306   8 366  76 360 269 170 127]
  [  0 208  61  27 199 305  61  18 292  71  48  77 203  74 174 257 331
   345  48 252 214 289 193 244  58 311 273 404 354 322 348 203  99 232
    47  44 138 395 264 300  69 157 249   0  33 257 166 241 316  97 351
   251 168 256 294 246 189 293 201  54  10]
  [  0 240  50 325 226 251 266 233 395 137 317 318  42 383 386 150 226
    87 193 300  32 113 126  58   3 375 238 336  92  29 178 107 341 178
   369 233 126 221  14  23 372  91 142  27   0 104 335 179 362 402 127
    36 397 190  34  84  59 176 285  20 223]
  [  0  84 120 100 149 398 139   8  14  74 171 373 119  39 229 257 233
   100  94 360 351 126 280 380 263 269 319 127  54 400 240 162 212 217
    35 385  49 258 405   1 215 379  97 172 108   0 365 236 401 351  60
   330  90 254 220 398 115  23  40  35  45]
  [  0 105  96 312  51 299 224 175 281 382 288 299 222 368 312 199 353
   388 256 167 220 368 317 307 359 350 100  43 168  86 144  38 176 272
   333 350 251 277 374 308 273 229 148 281  41 237   0  56   9 386 289
   373  96 246 137 383 204 178 125 180 364]
  [  0 165 237 101 389 153  40 213 354 358 278  67  89 369 312 307 339
   313 119  73 309 290 222 384  95  52 242  69 164 399  66 309 175 150
   361 241  16  16  74 399  39  98 340 352  35 303 242   0 366 386 253
   404 215 228 198 190  41 100 135 209 161]
  [  0 155 381 316 377  66 328 292 381 356 182 167 183 319 269 220 285
    20 359 338 378  78  75 332 255   0 332 201 335 249   3  37 118 275
   241 307 248 199  85 127 129 161 193  94 144  62 365 152   0 183 354
    48 314  23  85 399 310  73 356 125 355]
  [  0 370 277 299 297 339 274 347  34 105 119 260 339 110 223 245 194
   138 302 300 341  10 222 204  42 287 379 143  36 145 319  64 241 297
   359 248 260 284  58 379 183 398 180  83  16 357  74 251 220   0 164
    60 221   7 339 345   5 107 265 317 365]
  [  0 185 269  17 128 383 182 309 347 111  63 231   3 243 312  36 193
   197 154  40 318 246 187  46 277  86  56 174 319 171 102 247 336 112
    47  74 337 129 287 141 368  96 350 262 116  29  36  72 298 175   0
   154 182 127 270 164  34 275 268 388 266]
  [  0  51   8 143 210  92  63  52 304 282 176 394 295 248  95 295 394
   166 371 222  78  12 264 379 264 242 387 337  44 327 275 338 111 111
   103  66 211 179 321 117 320 303 284 390 387 297  35  36 204 156 115
     0 145 217 392  51  38 295 160 268 167]
  [  0  90 126  89  58  68 404 101 251 180  67   4 102  16 397 346 228
   357 368 369 153  41 328  93  76 143  35 232  91 144 101 195  89  76
   308  58 120 391 176 200 392   1 352  41 262 111 293 219 397 357  19
    53   0 187  97  63 178 160 192  47 164]
  [  0 403  94  98 333  46 124 247 325 207 141 116 183 273 169  74 371
   347 210 289  47 377  25 186 279 311 300  29 301   6 252 373 155 169
    41 269 280 249 299 360 393 168 366  12 318  21 184 313 148 138 351
    54 132   0  71  44  95 286  78 391  59]
  [  0   0 362   6 291 197 176 136  31 238 154 314 150 203  45 210 244
   284  86 206 135 159 373 260 140 252  44 217 118 107  74 385  28  47
   293  33 394 150 332 254 274 286 395 347 122 209  40 162 384  33 361
   131 387 376   0 214 279 155 352 357 151]
  [  0 356 273 208 273  56 396 188 305 364 109  92 182 367  74 210 308
   249 107 119 374 394 216 204 217 303 286 122 140 203  47 123 162 167
   269 376 280 255  97 186 366 355 250 187 387  35 336 193 309 230 220
     2  73 297 352   0 178 144 252 178 211]
  [  0 268  88 206 160 228 127 237 197 121 244  43  16  53   8 143 328
    17 239 139 359 122 158  83 300 347 128 218 309 390 254  73  43 179
   175  12 253  98  46 161 263 373 196  69 243 376  11  20  48 146  16
   171 341 159 127 400   0 212  77 339 177]
  [  0 278   7 319 198 112  15  53  87 358  62  80 369 125 182 366 170
   133 393  25  36 347  31  93 393 192 271 256 104 338 183 358 319 160
   403 313 277 113 192 258   8  31  69 331 180  41 311 142 101 105  96
   314  54 240  53 378 123   0 314 174 303]
  [  0 300 192   3 322 358 130 236 126 370  76 389 223 221 228 268  92
   204  83 329 233   4  52  33 405 294 323 393 149 273 313 159  54 274
   242 382 140 209 182 338 139  93 346  21 346  50 337  58  37  90 346
    32 317 269 319 386  45 181   0 300 376]
  [  0  74 200   2 163  81  16 163 310  33 172 341 241 129 299 293  17
   345 394  22 353 112  10 349 340 359  78  80 218 383 326 197 163 369
   327  52 197  80  62 333 204 237 399  48 242 396  50 133 192 286  85
    68  58 388 181 146 350 285 226   0 241]
  [  0  99 126 348 342 110 396 224 368   7 267  10 263 199 111 391 144
   317 277 282 141 339 246 288 144 369 105 348 113 356 285  30 193 206
   157 143 390 387 213 314 321 266 122  96  85 244  76 260 173 253 279
     1 229 249 383  34  29 284  69 262   0]]]
release_time
[  0  79  99  96 136  70 124 137 231 270  72  91  91  65  66  62 314 111
 121 147 145  87 106  75  83  96  56  31 113 108 115 146  66  25  83  82
 139 128 150 116 115 150  55  94 110  72  57  66 143  64  82 146  73  97
 137  81 162 136 113  61  64]
due_date
[  0 135 163 127 142 130 130 142 337 365 137 161 134 138 147 164 415 151
 150 159 162 132 164 136 135 154 155 144 163 158 132 164 141 130 160 126
 158 137 169 133 133 163 138 129 165 163 125 142 157 141 125 149 141 137
 151 165 245 157 156 140 153]
unit_emission
[13  2 14 18 19]
emission_limit
20793.800000000003
setup_severity
2.0
due_tight
0.9
due_range
0.25
release_tight
1
degree_constr
0.2
