mach
5
job_rate
12
weight
[ 0  1  8 10  4  2  8  7  9  5  8  2 10  7  6  2  5  9  9  8  9  4  1  9
  5  7  3  6  1  9  1  9 10  1  2  5  4  2  5  4  5  3  6  6  6  9 10  9
  5  2  3  4  6  8  8 10  4  4  7  4  8]
proc_time
[[  0  56 150 100 104 111 133 110 140  99  90 110  66 131 102 149  90 101
  104  97  73 138 143  54 102  93 148  63  84  60 136 132  95 115  69 111
   99 127  58  61 127 149  61 139 108  89 142 139 140  61 126 143 106  66
   98 101 131  77  70 149  69]
 [  0  58  78 100  92 113  97 105  93  84  63  93  59 125 139 136 150 114
  147 146 135 128  54 117  53  59 131 138  57  73 124  98 133  93  90 116
  117  73  73 147 128 100  77  91  60  84 120  97 135  58  79 128  63 112
  118  95 109 148  93 124  89]
 [  0  69  65 116 101 141 110 107 112 145  76  57  58 105 139 141  80  94
  107  89  54 118  85 126  98 144 134 121 117  61  80 145 146  77  68 103
  112  95  80  75  53 129  78  63 128  73 101 103 142  85  51 128 133 135
   79 111 147 144  69  61 122]
 [  0 112  86  99 132 124  95  54  93  87 117 140 123 111 126 117 129  79
   84  90 140  81 127  82 114 115  97  94 149  79  85 124  95  69 117 125
   80  62 103  84  73  82 103 140  80 132 107 147 129 107  73  65  70  64
   56 142  95 139  78 140  63]
 [  0 141  99  62  52  93  94  70 141 147  81  92  55  94 102  50  84  56
  126  54  81 148 120 100  58  88 105 133 148 142 125 136 113 112  91  80
   63 141 108 130  64  57  91  80 105  64  86 125  81  82  81 138 141 120
   88  68  95  69 140  59 141]]
setup_time
[[[0 5 2 2 2 5 2 1 5 1 0 2 1 5 2 0 0 4 5 0 2 5 5 5 1 2 1 4 0 0 4 4 5 4 1
   5 1 3 1 3 5 5 2 3 2 3 1 4 0 3 4 2 5 0 2 3 0 2 5 1 0]
  [0 0 0 2 0 3 1 0 4 0 2 4 3 2 1 1 4 0 1 0 5 3 5 4 1 5 0 4 0 5 1 5 0 2 4
   4 5 0 0 0 3 1 0 5 1 2 3 3 0 4 4 3 2 4 2 2 2 2 2 5 1]
  [0 1 0 1 5 1 0 2 1 4 2 4 2 4 5 4 1 4 5 3 1 3 4 0 0 5 4 4 4 5 5 4 5 3 0
   0 1 1 1 0 0 2 2 4 1 1 2 4 2 0 5 3 3 4 3 3 3 5 0 3 2]
  [0 0 3 0 4 2 1 5 0 2 2 2 3 1 4 1 1 4 4 4 2 0 1 0 2 3 5 0 4 3 3 0 4 5 4
   1 5 2 2 1 5 4 1 1 1 2 0 0 0 2 2 3 5 1 4 0 1 5 5 4 4]
  [0 1 2 0 0 0 0 4 5 2 3 4 4 3 3 3 0 0 4 5 3 3 1 0 1 1 2 4 5 2 4 5 4 4 3
   0 1 5 2 0 0 3 5 2 1 3 4 1 1 2 2 3 2 5 2 0 3 4 4 2 3]
  [0 0 3 1 0 0 1 4 5 2 4 2 2 5 4 4 2 4 4 1 1 5 2 0 1 3 3 2 2 2 3 3 1 4 0
   5 3 0 2 4 1 0 2 4 2 1 3 5 0 2 0 3 2 0 0 5 2 3 1 4 2]
  [0 4 2 0 5 0 0 4 5 2 1 3 3 4 1 5 5 4 1 2 2 5 0 4 3 4 5 4 4 1 0 4 3 4 5
   1 4 3 5 4 5 2 1 1 5 0 4 5 0 3 5 0 1 0 4 1 1 5 0 4 4]
  [0 0 4 1 2 1 2 0 3 0 2 3 1 0 5 4 3 5 5 3 1 4 1 0 5 1 0 3 5 1 0 1 1 2 5
   2 1 1 5 2 5 5 4 5 2 0 1 5 0 0 1 4 1 4 2 2 5 4 5 0 2]
  [0 3 2 0 1 2 5 2 0 4 2 4 0 1 1 1 5 5 4 5 0 0 0 3 1 4 5 0 0 4 2 0 0 0 2
   4 2 3 2 1 1 5 5 3 2 4 3 2 4 3 1 2 1 5 2 1 4 4 5 2 1]
  [0 0 3 5 4 1 5 1 5 0 0 3 2 0 2 4 4 0 1 5 0 0 4 5 4 1 4 2 5 1 2 1 0 1 1
   0 1 2 0 4 2 0 4 0 2 4 3 5 3 3 5 0 1 4 4 2 4 2 5 1 5]
  [0 0 5 4 1 2 4 3 5 2 0 4 4 0 0 4 4 4 3 4 2 1 2 1 4 2 4 2 0 0 3 2 3 5 1
   2 0 5 2 5 0 3 2 1 4 4 0 3 2 5 0 2 5 2 0 1 1 3 5 3 4]
  [0 1 2 5 0 0 5 0 5 0 3 0 2 5 4 0 3 4 4 3 1 1 2 3 1 3 1 1 5 0 0 4 4 5 5
   2 0 5 5 5 3 3 1 3 1 1 4 0 1 4 3 4 4 4 0 2 3 1 4 4 4]
  [0 5 0 5 0 1 5 3 5 2 3 5 0 1 4 3 0 3 1 1 4 2 5 2 5 2 4 5 5 2 0 4 1 5 5
   3 0 3 5 3 3 1 3 4 1 0 3 5 1 0 2 0 0 3 1 0 4 4 4 4 3]
  [0 3 3 4 3 5 4 2 5 0 3 5 1 0 2 3 2 4 0 2 2 4 4 0 0 3 3 4 0 5 2 3 1 2 5
   1 4 5 2 5 2 2 3 2 4 3 1 5 5 1 1 3 4 3 2 1 0 2 1 4 5]
  [0 5 1 4 4 0 2 5 4 2 3 1 5 1 0 1 2 4 5 4 5 0 4 4 3 4 0 0 2 3 4 4 4 3 3
   0 5 0 0 3 4 5 0 5 0 3 4 4 5 2 4 1 5 2 2 0 3 4 2 5 5]
  [0 5 0 2 3 1 5 3 1 5 2 4 4 2 2 0 3 5 1 2 1 4 0 4 5 4 4 2 3 3 2 4 1 5 2
   5 3 0 3 1 2 0 3 4 1 1 3 4 1 3 4 3 5 4 0 3 3 5 0 5 2]
  [0 5 1 4 2 4 1 1 2 2 2 2 3 5 1 3 0 3 1 1 3 3 2 3 3 5 0 0 2 2 5 5 3 4 0
   4 5 4 1 0 1 4 4 1 4 3 5 3 0 1 4 4 5 0 3 4 1 1 5 4 5]
  [0 3 5 5 5 2 4 2 2 5 5 0 3 3 4 5 4 0 0 2 1 2 0 4 1 5 0 3 0 5 4 1 5 3 1
   3 4 0 0 0 4 2 5 3 3 4 4 0 5 2 5 2 4 4 4 4 3 3 5 1 0]
  [0 4 5 1 2 4 2 4 0 1 1 3 5 1 4 0 0 4 0 4 0 5 3 1 5 1 3 4 5 0 3 3 5 1 2
   0 5 3 1 1 2 0 3 1 1 3 0 3 4 5 0 1 2 3 2 1 0 4 2 2 3]
  [0 5 2 3 1 0 0 4 2 3 3 4 3 1 3 1 3 5 5 0 1 3 0 4 0 5 2 2 5 2 3 1 2 0 3
   5 5 4 5 5 3 4 5 0 0 0 2 0 5 4 2 0 0 4 0 5 5 1 4 4 3]
  [0 0 2 0 5 4 1 1 1 2 1 4 1 1 0 0 4 3 0 2 0 3 3 5 5 5 2 1 0 0 2 2 3 5 5
   5 0 5 5 0 2 0 1 0 3 5 1 0 4 0 1 3 2 5 2 5 4 0 5 4 3]
  [0 3 4 3 0 2 4 2 2 2 3 5 4 5 1 1 1 4 4 1 3 0 3 1 1 3 4 3 5 4 1 0 5 5 1
   4 4 2 0 4 0 4 3 4 4 0 5 3 1 5 1 5 3 3 1 5 1 2 4 2 3]
  [0 3 4 3 4 3 0 1 5 3 4 5 5 2 3 0 5 1 3 0 3 0 0 3 1 4 3 1 0 0 3 3 1 5 5
   2 2 5 1 4 2 2 0 5 4 3 3 1 0 0 1 2 1 1 1 1 0 5 3 3 5]
  [0 2 0 4 3 4 1 3 1 5 5 3 3 5 4 3 5 5 0 5 0 3 1 0 3 4 5 0 1 0 1 5 3 0 4
   0 3 4 1 2 3 3 4 4 5 5 1 2 0 0 0 1 0 3 4 0 0 0 2 1 2]
  [0 2 0 5 4 2 2 4 0 5 0 5 3 0 0 3 2 1 3 1 5 0 0 4 0 0 3 1 3 1 2 0 0 4 2
   5 5 4 2 4 5 0 2 1 2 5 5 0 5 5 1 4 1 4 0 5 1 0 4 1 2]
  [0 2 1 3 3 1 2 5 5 0 1 1 0 1 1 5 4 1 4 1 0 2 2 5 3 0 5 3 2 1 1 1 3 2 0
   4 2 3 5 1 3 1 5 0 3 3 3 1 2 4 3 5 1 4 1 3 5 1 2 0 4]
  [0 5 4 4 3 2 3 1 0 0 4 2 5 2 3 0 5 1 3 5 1 0 2 1 0 4 0 2 0 4 2 5 4 4 5
   1 3 2 2 4 4 0 2 1 3 5 4 4 0 1 3 5 4 3 4 0 2 4 4 4 0]
  [0 0 2 2 3 5 3 1 0 2 2 5 4 1 2 5 2 4 0 1 2 3 4 2 1 2 5 0 0 3 2 5 3 3 4
   1 0 3 0 0 4 5 5 2 5 2 5 1 1 5 4 1 0 2 2 0 0 1 2 4 1]
  [0 1 2 0 4 5 4 5 4 3 1 5 3 4 2 5 4 1 4 0 1 2 5 5 2 1 3 2 0 2 4 0 2 0 2
   4 3 4 3 2 4 0 4 1 4 0 1 2 3 0 0 1 4 5 5 5 5 5 5 5 0]
  [0 5 0 0 0 4 2 0 3 3 4 4 2 4 1 3 4 3 4 2 3 1 5 4 1 4 1 4 0 0 2 5 2 2 1
   3 5 4 4 1 4 1 0 1 3 0 3 2 4 3 1 1 1 5 5 2 4 3 1 4 2]
  [0 5 2 1 5 5 5 3 3 3 2 4 5 4 4 0 3 3 1 2 1 4 0 3 0 3 2 0 1 1 0 4 5 4 5
   3 2 5 0 5 4 2 0 4 1 2 1 5 0 4 2 4 0 1 2 0 5 3 0 4 5]
  [0 5 5 0 0 1 2 5 1 1 4 0 5 2 0 2 0 1 5 5 3 1 1 5 4 4 5 1 3 1 1 0 4 4 2
   5 1 2 4 0 3 2 5 4 4 5 4 2 2 1 0 1 3 2 1 1 5 1 1 1 3]
  [0 2 2 4 2 5 1 5 0 2 5 2 5 4 3 4 1 3 3 1 5 1 3 5 5 2 0 3 0 5 3 4 0 4 5
   1 1 2 0 4 3 0 0 2 3 3 5 5 5 4 3 3 2 4 4 3 1 3 5 4 4]
  [0 2 1 3 3 5 4 2 4 2 0 2 0 5 0 4 4 2 5 3 1 1 0 2 4 1 1 1 2 5 4 1 3 0 3
   2 4 0 0 4 0 1 3 2 3 5 2 3 5 0 1 5 1 2 5 4 3 0 5 4 3]
  [0 4 3 0 2 2 2 2 5 4 0 1 0 2 0 3 0 0 5 5 1 5 3 4 5 0 4 2 1 5 4 0 1 4 0
   4 4 0 1 3 5 3 3 0 1 1 2 1 2 0 3 4 1 0 3 4 4 1 5 5 1]
  [0 5 5 3 5 0 4 4 2 0 4 1 1 3 2 3 1 2 5 4 1 0 2 3 2 1 4 3 5 2 4 3 2 3 4
   0 2 2 3 2 1 3 5 1 5 4 2 2 0 0 1 2 5 4 0 5 0 2 3 5 2]
  [0 3 4 0 2 0 4 5 3 2 1 2 1 0 3 5 0 5 3 4 3 4 0 0 0 0 2 5 4 5 3 2 0 1 0
   3 0 4 4 0 5 1 3 3 4 4 2 5 4 5 4 0 4 2 2 0 1 5 2 5 0]
  [0 1 4 5 2 2 5 0 3 0 1 1 4 4 4 5 0 2 5 1 1 0 0 1 2 4 3 0 3 5 2 0 1 3 3
   4 3 0 4 3 0 2 0 4 2 2 3 3 0 4 3 0 4 2 1 0 4 2 4 3 4]
  [0 4 4 1 4 5 2 1 0 2 5 3 0 0 0 0 4 4 2 5 5 3 4 2 2 3 3 2 4 1 3 1 1 0 3
   5 1 1 0 5 3 5 5 1 0 4 4 1 1 4 4 3 2 0 3 0 4 1 5 1 1]
  [0 2 5 0 1 2 1 4 3 4 3 1 2 5 0 0 3 1 2 1 2 5 2 4 5 3 5 2 5 0 3 3 3 1 0
   3 2 2 0 0 1 5 0 3 0 1 1 5 2 1 5 4 1 3 1 1 5 2 1 4 1]
  [0 3 0 5 0 2 4 1 3 2 2 2 0 0 0 0 4 2 3 0 0 5 0 5 3 2 5 3 5 5 0 1 1 1 1
   0 4 1 4 1 0 5 4 5 2 4 2 2 0 4 4 1 5 2 1 3 1 5 5 0 3]
  [0 0 2 0 1 3 4 3 1 4 4 4 1 3 0 3 3 1 0 5 1 3 2 3 4 5 1 0 3 1 0 1 4 2 5
   5 0 5 2 1 3 0 4 5 0 4 2 4 0 2 1 2 4 2 4 2 4 3 5 3 3]
  [0 5 3 1 1 0 5 2 2 5 0 1 4 2 2 1 1 1 5 5 4 3 3 4 0 4 4 1 3 2 0 1 1 5 2
   0 4 1 4 2 4 4 0 1 1 3 2 0 4 5 4 4 5 0 2 3 0 1 2 2 2]
  [0 3 5 4 3 0 2 5 2 0 3 5 1 3 3 2 0 1 2 1 1 2 4 0 4 0 4 5 2 0 4 2 1 1 3
   2 2 4 3 5 4 0 5 0 3 4 4 5 3 2 5 5 4 1 1 0 4 3 5 3 3]
  [0 0 0 3 3 5 1 1 0 1 1 5 1 1 4 4 0 1 0 1 4 3 2 4 2 2 0 3 4 4 2 1 4 3 3
   4 0 5 1 5 1 2 5 2 0 5 5 4 0 2 3 0 2 5 5 2 2 3 0 5 1]
  [0 0 5 5 2 3 1 1 2 1 4 2 2 4 3 1 1 5 0 3 0 4 4 1 1 5 5 4 1 5 4 0 1 3 0
   0 0 0 5 2 0 5 4 1 0 0 3 2 3 1 1 5 0 0 0 2 3 2 0 0 0]
  [0 0 3 3 3 4 1 1 4 5 0 1 3 0 3 1 4 4 1 2 0 1 2 5 1 1 0 4 3 4 3 3 4 5 2
   4 5 4 3 2 1 2 5 3 2 4 0 3 4 3 5 1 2 5 3 4 3 1 5 2 3]
  [0 3 2 5 4 4 0 3 4 5 4 2 2 3 2 0 0 3 1 3 4 4 0 4 2 4 1 5 5 2 5 3 1 5 1
   1 4 3 2 4 5 3 0 2 2 5 5 0 3 3 0 1 4 4 4 0 0 0 1 1 2]
  [0 4 2 5 5 4 2 3 2 5 4 4 1 4 1 0 3 1 5 4 3 2 5 1 2 2 4 3 2 2 1 1 1 5 4
   4 0 3 2 5 4 3 2 3 2 3 4 4 0 5 1 0 4 1 1 5 0 3 3 1 3]
  [0 4 5 2 3 0 1 0 4 4 3 0 4 3 4 1 4 2 2 2 1 0 5 4 1 0 4 1 5 0 3 5 5 5 2
   0 3 1 4 5 3 2 2 5 1 0 4 4 2 0 5 5 0 2 3 1 3 0 4 1 1]
  [0 0 2 5 2 5 0 2 1 1 5 5 0 1 5 1 2 1 3 1 3 1 5 5 5 5 5 0 4 1 3 2 2 0 2
   2 3 1 2 4 3 5 4 3 5 0 2 0 4 4 0 3 0 3 2 5 2 1 1 0 3]
  [0 5 4 0 1 0 3 5 3 0 4 3 4 2 5 3 1 3 3 0 0 0 0 5 1 3 5 3 4 3 3 4 4 2 1
   4 0 1 2 2 1 3 4 0 4 5 4 4 3 5 0 0 5 5 5 0 0 0 0 0 4]
  [0 4 4 3 1 5 5 0 0 5 4 1 2 0 2 2 5 0 2 4 0 1 1 1 0 0 0 5 2 1 4 2 3 5 4
   2 3 1 1 0 5 3 5 1 1 5 4 3 0 3 1 4 0 0 2 3 5 1 0 3 3]
  [0 0 1 1 2 0 0 5 2 3 4 0 1 2 4 1 5 1 2 0 5 4 1 5 1 5 2 2 3 4 5 1 5 3 4
   3 0 2 5 5 3 3 2 4 1 0 5 0 3 2 0 1 4 0 2 4 2 0 4 4 0]
  [0 2 5 0 2 5 0 2 5 0 0 1 5 3 4 0 3 2 1 4 2 0 4 5 0 3 2 0 5 1 0 0 3 4 3
   3 5 0 2 0 1 1 2 0 1 5 4 4 3 2 4 0 3 4 0 2 1 2 5 2 0]
  [0 5 3 4 0 4 2 2 3 4 3 4 3 4 4 4 5 5 2 3 2 3 0 3 4 3 3 2 4 0 4 0 1 2 4
   2 2 3 3 5 5 2 5 5 5 2 1 5 1 2 2 4 4 3 2 0 5 3 5 3 0]
  [0 1 2 4 1 1 3 1 0 4 5 3 2 0 4 4 2 0 1 3 1 4 2 0 4 2 3 0 2 5 4 4 4 1 2
   4 1 3 5 0 1 2 4 4 2 1 3 2 3 1 0 4 0 5 4 5 0 3 4 4 5]
  [0 0 0 0 3 5 5 0 1 1 1 5 3 0 0 2 5 1 3 5 5 4 2 2 5 0 5 5 2 3 0 1 3 4 2
   2 0 3 5 3 2 0 5 3 3 5 4 0 4 4 3 2 0 0 5 2 3 0 2 4 2]
  [0 4 3 0 1 4 4 5 3 2 1 3 3 3 4 0 1 0 4 3 4 0 3 5 2 4 5 3 2 2 5 4 2 2 1
   1 3 2 3 3 0 4 1 2 4 2 3 3 2 5 4 4 2 2 4 2 1 4 0 0 3]
  [0 5 0 0 3 1 5 5 2 0 3 0 1 0 1 3 3 0 5 2 4 4 3 4 1 5 4 1 2 5 5 0 1 3 1
   2 4 3 5 2 4 0 5 1 4 5 1 4 0 1 3 2 5 4 3 3 1 3 5 0 2]
  [0 3 3 2 1 3 3 5 4 0 0 3 5 1 0 4 5 1 1 2 0 4 1 4 0 2 3 0 2 4 1 5 1 0 2
   3 5 4 4 5 3 5 5 0 1 1 4 2 5 5 5 3 2 3 0 0 3 5 2 2 0]]

 [[0 1 2 1 2 2 0 2 3 1 3 1 5 3 4 3 1 5 4 4 4 4 4 4 3 0 1 3 1 5 2 0 5 4 3
   5 5 1 2 5 5 5 4 3 4 1 1 3 5 2 4 2 0 5 2 0 3 2 5 4 5]
  [0 0 4 5 1 2 2 3 1 0 1 2 1 5 3 1 3 3 1 3 0 5 0 5 0 1 4 4 5 3 3 2 5 0 0
   0 0 4 0 3 5 5 5 4 1 5 4 5 4 5 5 0 4 5 4 2 0 5 0 5 4]
  [0 1 0 1 5 1 1 1 2 4 5 3 2 1 4 5 0 3 2 2 4 3 4 2 5 5 4 2 5 0 1 2 2 1 4
   4 4 4 0 1 5 3 2 0 1 1 0 2 2 5 4 0 4 4 4 4 5 3 1 1 5]
  [0 4 5 0 4 1 1 5 2 0 4 2 5 0 1 1 1 1 3 0 0 0 0 2 2 1 2 5 3 3 3 2 0 4 2
   0 5 5 1 2 0 0 3 5 1 4 0 2 4 3 1 5 5 2 3 3 1 5 5 1 4]
  [0 4 2 5 0 5 1 0 0 5 4 2 1 5 0 2 3 3 2 1 3 1 4 1 2 5 3 5 0 5 0 2 3 1 0
   0 5 2 1 4 3 3 1 3 1 5 0 3 0 3 4 5 2 0 0 0 2 1 4 0 5]
  [0 4 1 4 3 0 4 4 1 2 5 4 2 5 4 3 4 3 2 5 4 2 1 5 1 4 0 4 4 1 4 1 2 2 0
   2 0 2 1 4 3 4 4 3 2 4 4 5 3 5 2 0 4 3 1 0 4 4 2 2 3]
  [0 4 2 1 1 3 0 4 4 5 5 2 5 2 0 5 4 3 4 1 4 4 5 1 2 5 4 2 4 2 5 5 5 5 3
   4 5 3 1 4 1 4 5 4 1 4 1 5 5 3 0 5 3 5 5 3 5 4 2 3 4]
  [0 0 4 3 0 3 1 0 0 2 4 4 3 2 2 0 3 3 2 4 2 5 2 2 1 5 4 5 3 4 1 2 3 2 2
   3 2 2 3 0 5 0 5 1 3 2 1 3 2 1 0 3 1 3 0 2 5 5 1 5 1]
  [0 1 3 0 0 4 2 4 0 1 2 0 0 1 2 5 1 3 0 2 1 0 1 4 2 0 4 1 3 4 3 5 4 2 2
   5 2 1 0 5 3 2 4 4 4 2 2 4 0 2 5 0 4 1 0 4 4 0 1 5 0]
  [0 3 3 1 4 4 1 4 1 0 4 5 5 4 4 2 2 1 0 3 2 4 2 2 2 0 3 3 1 0 3 1 0 2 3
   4 0 2 2 2 4 3 2 4 0 3 4 2 0 2 4 0 2 3 0 2 5 2 5 5 3]
  [0 1 0 3 4 3 2 4 3 2 0 5 1 1 2 5 4 5 1 5 1 3 3 0 2 5 1 5 5 3 5 3 5 0 1
   3 0 2 1 1 1 0 5 1 1 5 3 2 5 3 2 0 1 1 3 2 4 3 4 2 2]
  [0 3 1 5 3 5 1 4 1 5 4 0 3 1 3 1 5 1 5 0 4 0 3 4 5 4 5 2 5 4 2 2 0 3 3
   3 0 2 4 0 1 0 3 3 1 1 3 4 2 1 2 5 1 1 0 2 4 5 3 2 3]
  [0 1 0 3 2 4 4 4 0 0 3 4 0 2 5 2 2 2 5 3 3 3 3 1 4 2 4 3 3 3 3 4 0 1 3
   0 3 2 1 3 4 5 0 0 4 5 4 3 1 0 2 1 1 4 3 3 3 2 3 3 2]
  [0 2 5 3 3 0 5 4 4 3 1 0 0 0 4 3 5 3 1 5 5 0 5 1 4 3 4 2 5 3 5 4 5 5 2
   3 0 4 3 0 5 3 3 0 4 3 5 4 5 5 1 3 0 4 5 5 2 1 3 1 4]
  [0 4 1 0 5 3 0 5 4 2 5 0 5 1 0 0 3 0 2 5 5 5 5 5 3 2 5 2 0 2 2 3 5 2 1
   0 1 3 3 4 5 0 4 2 5 1 1 5 0 1 5 2 1 4 0 4 5 2 2 0 3]
  [0 1 4 3 4 4 4 5 2 0 4 5 0 0 2 0 5 3 2 4 5 1 2 4 5 0 0 2 3 2 2 5 1 2 0
   4 5 2 3 5 2 3 1 5 3 4 4 1 3 2 2 2 2 5 2 1 1 0 1 5 5]
  [0 5 2 0 4 5 2 0 1 4 1 5 4 3 4 0 0 2 1 0 3 1 5 0 1 0 0 3 5 3 5 2 0 5 0
   4 5 0 2 4 2 0 0 1 4 0 2 1 0 3 3 5 1 5 4 0 5 0 4 0 2]
  [0 4 2 1 3 4 0 5 2 4 0 1 1 4 4 2 5 0 4 1 4 2 1 4 5 2 4 4 2 2 4 1 5 0 4
   3 0 4 1 4 3 5 0 1 3 1 2 4 3 4 5 2 1 1 3 4 3 3 4 1 5]
  [0 5 3 2 1 3 3 1 4 3 2 0 3 2 5 5 0 5 0 2 2 2 2 3 4 1 5 5 5 2 5 0 1 3 3
   3 2 3 5 3 2 5 1 1 4 0 2 3 4 3 0 1 2 4 0 0 2 4 1 1 3]
  [0 3 5 5 5 3 5 2 4 1 3 0 2 2 2 5 5 2 0 0 0 2 5 0 1 2 3 3 0 4 3 4 2 3 2
   0 5 2 2 1 1 0 1 5 2 4 3 5 5 3 0 1 1 3 1 1 1 2 0 0 4]
  [0 4 3 0 1 4 0 4 1 1 5 3 1 0 4 5 3 0 4 3 0 1 3 0 3 3 1 2 0 4 5 0 0 2 2
   1 0 1 4 3 2 4 5 5 5 1 2 3 4 3 5 1 2 4 5 3 2 0 0 2 0]
  [0 1 5 0 2 3 0 4 3 4 5 2 0 0 5 1 5 4 4 0 0 0 3 4 4 3 4 4 1 3 2 5 2 0 5
   1 0 2 3 1 1 0 1 4 1 4 4 2 2 3 3 2 3 2 5 3 5 5 2 1 2]
  [0 5 5 3 4 2 1 5 2 5 1 1 2 5 4 4 0 2 2 2 0 0 0 4 5 2 3 0 5 3 0 2 0 2 5
   2 3 4 1 5 0 5 1 0 2 2 2 5 3 5 5 1 4 3 5 1 3 4 5 5 4]
  [0 1 2 5 1 3 2 5 2 1 5 2 2 3 2 2 0 1 0 0 5 3 3 0 5 2 4 2 0 3 5 4 2 0 5
   5 5 4 4 0 1 4 0 3 2 3 2 3 4 0 0 5 0 2 5 1 2 5 0 3 5]
  [0 0 0 4 3 3 1 0 3 3 2 2 0 0 2 4 3 0 3 3 0 3 1 0 0 3 1 0 2 1 1 1 1 3 3
   0 4 2 4 0 5 1 5 3 0 4 3 2 0 3 0 1 1 1 2 3 3 0 3 2 4]
  [0 3 4 0 3 4 0 0 1 0 5 4 4 1 4 5 5 3 3 1 4 3 0 2 3 0 3 4 5 5 2 5 4 0 3
   3 4 3 5 4 3 1 4 0 5 4 3 4 3 3 2 3 1 5 3 3 2 0 5 1 0]
  [0 1 3 3 3 3 1 2 4 5 0 5 5 2 2 5 0 2 3 3 3 2 1 2 3 0 0 4 0 2 3 1 1 4 5
   1 3 3 5 4 1 0 0 3 3 0 3 2 3 1 5 2 5 0 3 0 5 4 5 4 5]
  [0 2 3 2 2 0 5 4 4 1 3 1 4 3 3 3 0 0 4 1 3 1 2 3 3 4 1 0 4 0 0 5 0 1 1
   4 3 2 1 0 4 0 4 1 4 1 0 0 5 2 0 2 0 2 3 3 2 1 0 4 1]
  [0 0 1 1 2 4 3 0 2 5 2 5 2 3 5 3 3 4 4 5 4 1 1 1 1 2 0 3 0 5 3 1 0 3 2
   0 2 0 5 5 4 3 0 2 1 4 0 5 3 4 1 0 4 3 1 2 5 3 0 2 4]
  [0 0 0 5 2 0 0 2 1 3 4 5 5 3 2 1 3 3 5 1 4 0 2 0 5 5 2 1 0 0 5 5 3 1 3
   1 4 4 3 5 5 5 0 4 0 4 5 2 0 1 0 2 2 1 3 4 5 4 3 3 1]
  [0 3 5 3 0 1 4 5 1 3 4 4 3 5 2 2 0 2 3 4 5 5 1 4 5 3 0 5 2 4 0 3 0 4 3
   0 5 4 4 2 3 5 3 4 0 2 3 2 5 1 2 0 2 3 2 5 3 5 3 5 3]
  [0 1 5 4 3 2 2 2 5 2 1 4 3 0 0 4 0 4 1 1 5 4 0 5 4 4 0 4 5 5 2 0 1 1 3
   5 2 4 0 3 5 1 2 2 2 2 0 2 4 3 4 5 1 4 0 0 2 0 0 3 1]
  [0 4 3 3 4 0 5 0 1 5 1 4 1 2 3 5 2 2 0 4 4 4 0 0 0 1 2 0 5 3 5 5 0 4 2
   0 2 0 1 2 5 2 3 3 1 5 1 5 4 4 1 1 4 5 4 1 2 1 1 2 2]
  [0 1 2 1 4 0 2 5 5 2 4 5 0 2 1 4 4 3 5 0 4 5 3 2 2 5 4 1 5 0 3 3 3 0 1
   3 1 3 2 0 4 4 5 1 5 0 0 4 4 4 3 3 5 2 2 2 2 1 0 1 3]
  [0 3 3 5 3 0 0 0 0 1 5 5 2 1 4 0 0 2 4 2 1 2 3 1 4 2 3 2 2 2 1 4 5 3 0
   5 3 2 2 0 1 4 4 3 0 5 0 2 2 3 1 2 0 0 2 1 1 5 2 1 4]
  [0 4 0 0 3 5 4 5 0 5 3 2 1 1 3 1 1 1 3 4 4 1 5 1 2 0 3 5 0 4 4 3 0 0 2
   0 3 5 1 1 4 1 4 0 2 5 2 5 4 1 2 2 4 1 0 2 2 1 3 5 2]
  [0 0 1 3 5 1 2 3 2 3 0 4 1 0 5 0 5 4 1 4 5 1 5 4 3 2 2 0 4 2 4 5 3 2 3
   3 0 0 1 1 0 5 4 2 2 4 5 1 1 5 2 1 5 3 0 1 0 5 5 4 1]
  [0 0 4 5 4 1 0 4 5 5 2 2 0 1 4 4 5 0 3 4 2 2 4 2 4 1 5 2 3 5 5 2 2 0 1
   0 3 0 1 5 5 1 5 1 5 1 3 0 0 3 5 1 3 1 2 2 1 1 1 2 3]
  [0 0 5 5 2 2 2 2 0 4 4 2 2 4 1 1 2 5 3 0 2 5 3 3 0 4 0 4 4 5 4 3 3 2 3
   0 1 0 0 1 1 5 5 5 5 4 5 0 5 3 4 4 3 1 4 5 2 1 1 5 5]
  [0 5 1 1 2 2 5 5 4 5 4 4 4 5 2 5 3 2 4 2 3 0 1 3 2 0 5 5 1 0 1 4 0 0 1
   2 3 1 4 0 3 2 5 3 2 5 3 4 4 5 1 4 3 2 5 4 1 1 4 5 5]
  [0 1 5 0 3 5 3 1 2 2 3 2 0 3 3 2 3 1 3 0 1 2 1 2 2 3 4 5 4 2 4 1 3 2 1
   2 2 0 4 1 0 5 5 2 1 4 0 4 1 5 1 3 3 0 3 0 1 4 5 4 2]
  [0 3 2 5 0 2 2 4 3 4 5 1 3 4 5 4 1 1 4 4 1 2 1 1 4 1 4 1 4 0 2 5 0 5 5
   5 1 2 3 0 1 0 1 4 1 4 2 2 0 5 5 0 1 3 3 3 4 4 4 5 5]
  [0 1 2 2 0 0 3 5 4 2 5 2 2 0 3 3 5 0 4 5 2 1 3 3 0 3 0 4 2 5 5 3 5 1 5
   0 0 3 0 0 2 5 0 3 5 1 4 0 1 3 5 2 5 1 4 0 0 0 3 1 0]
  [0 2 4 2 4 1 3 2 0 3 5 4 0 4 1 1 3 1 3 3 1 5 0 4 1 0 2 3 0 4 2 1 0 1 1
   4 4 0 4 4 5 5 4 0 1 2 3 2 4 1 4 1 1 3 1 1 5 4 2 3 2]
  [0 1 3 3 5 3 4 5 0 2 0 1 4 5 4 3 2 5 4 5 1 2 4 0 1 4 5 5 4 4 4 4 5 4 0
   3 3 4 1 3 1 1 3 4 0 0 3 1 2 0 5 4 3 3 3 3 5 1 5 1 0]
  [0 4 3 3 3 3 0 4 3 5 0 3 4 3 4 5 1 1 5 5 5 4 5 2 2 4 4 4 4 4 1 3 0 2 5
   5 3 4 0 5 4 5 2 2 5 0 2 4 5 5 0 2 4 0 5 2 0 0 5 2 2]
  [0 1 4 0 0 0 2 4 0 3 2 5 2 0 2 1 0 0 1 4 5 5 5 5 5 5 4 5 3 4 3 4 5 3 1
   4 3 4 5 4 4 3 1 0 5 5 0 1 0 0 0 3 5 0 5 5 0 0 1 5 1]
  [0 4 5 1 5 2 3 3 1 4 4 1 1 0 2 4 5 2 5 0 2 4 0 1 5 2 1 5 1 3 4 4 5 3 2
   5 5 2 2 4 0 2 5 1 5 0 5 0 4 3 4 0 2 3 1 3 3 5 0 3 3]
  [0 2 0 5 3 4 5 5 2 0 5 2 3 5 1 4 4 4 3 1 0 1 5 4 1 5 3 1 3 1 4 4 0 5 2
   1 2 3 0 3 1 4 3 5 4 3 4 2 0 1 3 2 4 2 0 1 2 4 5 2 3]
  [0 2 4 1 2 3 4 1 4 4 2 3 4 0 5 0 2 5 3 5 1 4 4 3 0 4 5 2 1 4 5 3 1 2 3
   5 1 1 1 1 1 3 5 2 3 1 4 3 2 0 4 5 3 4 1 4 5 1 0 1 4]
  [0 0 4 0 0 5 5 3 2 0 0 0 3 3 5 4 3 0 2 1 2 3 0 0 4 3 5 5 1 5 5 1 4 1 1
   0 1 2 0 1 0 2 3 4 2 4 1 5 0 5 0 4 1 1 2 0 0 5 3 0 4]
  [0 4 3 4 3 0 2 2 4 2 5 4 1 2 1 5 0 1 0 5 3 5 4 3 0 1 0 4 2 5 5 1 5 1 2
   1 4 0 1 1 0 3 0 1 0 0 5 1 4 3 1 0 3 2 3 4 3 3 2 4 1]
  [0 2 0 1 2 0 3 2 1 2 2 2 0 2 0 5 0 5 2 4 5 0 5 5 3 5 3 3 5 2 0 3 1 2 5
   0 5 4 5 3 2 3 2 4 2 3 3 0 3 3 0 4 0 2 5 0 1 5 4 0 1]
  [0 4 1 2 2 1 5 2 5 2 4 3 5 5 4 0 4 0 1 1 4 1 2 5 0 3 1 5 5 2 2 2 3 5 5
   4 5 5 0 1 0 4 1 4 5 4 3 1 5 1 4 5 1 0 4 3 3 5 3 2 3]
  [0 2 2 3 1 4 5 4 5 2 3 1 5 4 3 0 5 2 5 2 3 2 1 1 1 1 3 4 2 1 5 1 0 0 4
   0 5 0 4 4 2 0 1 3 5 2 3 4 3 5 2 0 5 1 0 5 5 0 2 2 1]
  [0 4 4 1 3 4 4 2 1 5 5 1 5 2 3 4 0 0 1 3 1 3 4 1 3 1 0 0 3 2 0 5 0 4 5
   4 0 1 2 5 1 0 1 4 0 4 0 5 5 0 2 1 4 5 0 0 4 0 0 4 1]
  [0 3 0 1 4 4 1 1 4 3 0 4 4 2 2 4 4 4 0 4 5 4 1 5 0 0 0 0 4 4 0 3 0 3 3
   5 1 1 4 4 4 2 4 4 0 3 4 3 2 3 5 2 1 1 2 3 0 5 1 2 1]
  [0 3 1 5 3 3 1 4 2 5 2 3 5 0 0 0 3 3 2 3 0 4 4 3 0 1 3 5 0 3 1 3 2 5 5
   0 5 2 5 4 3 1 3 0 3 0 3 3 0 4 0 2 2 5 1 5 1 0 2 5 5]
  [0 4 5 1 2 5 0 3 0 0 2 5 3 3 1 5 4 5 5 5 4 0 5 5 4 2 5 1 4 4 1 4 3 5 3
   0 2 5 0 0 2 1 5 2 1 3 0 3 0 0 3 3 1 1 1 3 1 5 0 2 0]
  [0 0 2 0 1 4 0 5 4 1 3 0 0 5 2 5 0 1 0 2 3 3 4 5 1 3 0 0 4 2 1 4 4 3 4
   0 1 2 1 1 5 3 2 4 5 3 4 0 4 0 2 2 5 0 5 5 0 2 0 0 3]
  [0 2 4 5 5 3 2 3 1 3 3 0 0 0 4 0 0 3 5 0 2 0 2 0 4 5 4 4 4 2 2 0 2 4 0
   1 2 3 5 4 1 5 1 1 1 3 4 0 0 2 3 2 2 5 1 4 5 3 0 2 0]]

 [[0 2 1 1 1 2 4 3 4 1 2 5 1 4 0 0 3 3 0 5 2 5 1 5 0 0 4 2 1 4 5 1 2 5 1
   5 4 1 5 4 5 3 5 0 2 4 4 3 4 1 2 4 2 4 2 1 5 4 2 4 4]
  [0 0 4 4 4 1 2 4 2 4 1 5 3 1 4 5 2 2 4 5 4 4 0 0 5 2 1 0 5 5 4 4 1 3 4
   4 3 0 2 3 0 2 5 3 5 0 3 3 1 1 5 0 2 1 1 1 0 0 4 3 2]
  [0 5 0 0 4 2 5 2 4 3 2 4 4 1 3 1 4 0 4 5 5 1 5 5 0 3 2 1 2 4 4 4 3 1 3
   4 5 0 2 0 4 1 2 4 4 0 4 0 5 3 4 2 5 3 3 3 5 2 4 0 2]
  [0 5 4 0 4 3 2 3 1 5 4 2 1 0 4 0 0 4 5 1 3 5 2 2 3 1 4 2 2 1 5 1 4 1 1
   3 4 4 0 5 2 1 0 3 5 0 1 1 4 1 4 2 2 2 3 3 3 2 0 2 4]
  [0 1 5 2 0 4 0 0 5 0 0 5 4 1 4 4 3 2 5 3 0 1 1 2 3 3 2 2 5 1 1 1 0 2 4
   0 5 2 4 2 3 1 0 0 0 0 4 3 3 0 2 5 4 3 0 3 5 3 1 1 3]
  [0 1 0 5 1 0 1 5 5 1 0 2 4 0 4 1 2 4 0 4 4 2 1 2 4 3 5 3 4 1 3 1 5 0 4
   1 0 4 3 2 3 2 1 4 2 4 2 5 0 3 5 5 1 1 5 0 0 2 3 4 0]
  [0 3 5 3 5 5 0 5 4 1 2 2 1 0 3 5 0 4 5 4 0 4 3 0 0 1 2 5 1 2 4 0 4 1 5
   5 2 5 4 5 4 1 2 3 3 4 3 0 5 3 2 5 3 3 4 4 1 4 3 4 2]
  [0 0 1 5 0 5 2 0 0 1 0 0 2 3 3 1 4 5 5 3 3 0 1 0 3 0 0 1 1 4 5 2 4 4 0
   1 4 3 3 1 1 1 2 5 5 3 2 4 4 1 0 1 1 3 4 2 0 3 0 0 1]
  [0 4 4 3 1 2 4 4 0 5 0 4 0 3 5 2 0 5 1 4 2 3 1 3 5 1 0 5 3 1 5 3 2 5 5
   4 3 3 5 1 5 5 3 0 3 2 4 1 0 2 2 4 0 4 5 1 4 5 3 3 5]
  [0 1 4 5 1 3 0 5 2 0 5 3 2 2 1 0 3 1 0 2 5 2 0 1 1 1 0 5 4 2 3 5 1 5 1
   2 3 1 4 1 5 5 0 3 3 2 2 3 3 5 0 3 5 5 5 2 3 4 2 1 4]
  [0 2 4 3 1 2 4 5 2 4 0 0 2 0 0 4 1 2 3 5 5 0 1 3 0 3 5 4 4 4 2 2 3 5 1
   0 5 5 2 4 5 4 1 5 0 4 2 4 1 3 4 5 0 0 0 0 0 3 3 1 1]
  [0 0 0 4 3 5 5 5 3 3 3 0 3 5 4 1 0 2 4 2 4 0 3 4 2 0 1 4 2 2 1 1 4 0 5
   4 2 1 5 5 2 5 4 2 4 4 0 4 2 4 1 1 0 0 1 5 0 4 5 5 3]
  [0 1 5 4 2 0 2 3 5 1 4 5 0 4 1 5 0 1 5 5 5 4 5 5 4 5 4 3 1 3 1 2 4 3 3
   5 4 4 1 0 5 3 3 2 4 1 2 0 3 2 1 5 3 4 3 5 4 3 5 1 2]
  [0 2 3 5 3 1 0 4 2 3 2 1 3 0 1 1 1 0 0 2 5 5 2 3 2 0 0 3 0 3 5 2 1 5 1
   2 5 0 3 4 2 0 1 1 2 5 2 0 2 0 1 4 1 2 3 0 5 4 3 5 3]
  [0 3 0 5 3 5 4 4 0 1 2 4 2 3 0 2 0 5 5 5 4 0 5 0 1 2 5 2 4 4 0 5 0 3 0
   4 0 5 1 0 5 0 0 5 4 0 5 5 5 3 1 0 2 5 2 0 0 4 1 2 5]
  [0 2 2 3 2 0 2 0 5 2 1 3 4 1 2 0 2 5 0 0 2 2 3 5 0 2 3 3 2 1 5 1 2 2 3
   3 3 0 3 5 1 1 5 1 2 5 2 4 3 0 0 3 2 2 3 1 0 4 4 3 5]
  [0 5 0 2 5 0 2 2 5 5 3 0 1 2 4 2 0 0 2 0 3 2 5 5 3 0 3 0 4 3 2 3 0 1 2
   3 3 0 0 0 4 1 4 0 3 3 4 3 1 3 3 1 0 0 5 1 1 1 4 2 4]
  [0 3 0 1 4 0 2 0 0 3 2 2 0 5 2 1 3 0 1 3 5 3 2 2 0 4 3 0 2 3 3 5 0 5 5
   0 0 0 1 3 5 0 5 3 2 5 2 1 4 3 2 2 3 2 2 3 5 1 0 1 5]
  [0 5 5 4 3 3 2 2 5 2 4 3 4 3 4 2 3 1 0 4 5 4 5 5 3 3 5 3 5 3 3 2 1 2 4
   0 4 0 5 2 3 5 4 2 3 3 3 5 4 0 2 0 3 3 2 0 0 0 1 0 4]
  [0 4 1 1 2 2 0 2 3 3 4 2 3 0 5 4 4 2 0 0 5 0 5 1 0 0 5 5 4 0 5 5 4 2 3
   0 0 1 0 0 3 3 0 5 0 1 3 5 5 1 3 5 3 5 2 1 3 3 1 5 4]
  [0 3 3 1 2 4 0 2 5 1 5 0 4 2 4 0 0 4 0 5 0 2 5 5 5 1 5 5 2 0 0 4 3 1 1
   3 5 4 5 4 3 3 3 1 0 3 1 3 5 3 2 2 4 0 2 2 5 0 1 1 0]
  [0 5 0 0 4 2 0 1 3 0 4 1 3 1 0 0 1 5 5 5 1 0 5 0 4 0 3 4 2 0 4 1 2 2 5
   0 0 5 3 5 5 4 0 0 1 1 3 0 3 3 5 2 4 1 2 0 5 2 0 5 5]
  [0 0 0 0 0 3 5 0 1 2 3 3 2 5 5 4 0 3 1 5 1 5 0 4 2 1 0 0 4 1 2 1 3 2 2
   1 1 3 3 2 2 1 4 4 5 0 5 0 5 2 4 0 5 0 0 2 3 3 4 0 3]
  [0 5 5 2 5 2 5 3 1 0 2 1 5 4 2 4 5 3 5 1 1 2 0 0 4 2 2 0 2 0 4 0 0 2 4
   0 4 5 2 1 1 0 4 2 0 0 1 5 3 3 1 1 3 0 3 4 1 3 2 3 4]
  [0 5 2 4 5 4 2 1 4 0 5 2 5 2 3 5 5 2 5 1 3 3 0 3 0 5 0 1 2 1 3 4 4 3 1
   2 5 0 3 3 1 2 3 5 3 4 2 1 0 0 2 1 2 0 0 1 4 1 1 3 0]
  [0 1 3 4 0 5 0 2 0 0 1 2 4 2 2 0 5 0 4 1 5 4 1 1 0 0 2 0 3 5 1 1 2 4 1
   0 4 3 2 2 4 0 3 1 2 5 4 3 2 3 2 2 5 1 2 5 0 4 3 0 0]
  [0 4 2 5 3 2 1 4 0 0 3 1 4 1 3 1 1 2 4 1 1 4 2 1 2 2 0 0 2 3 2 4 4 0 2
   3 0 2 1 3 0 2 2 0 1 4 4 2 2 3 0 5 0 0 4 0 4 3 5 2 3]
  [0 2 0 2 3 5 0 2 5 0 4 1 0 1 0 4 1 3 3 1 3 0 0 2 1 5 4 0 4 4 0 1 4 1 5
   0 0 5 0 1 5 0 3 2 4 2 3 0 5 2 1 0 3 2 0 2 2 4 2 5 4]
  [0 4 1 5 2 3 2 4 3 1 1 4 3 0 2 0 3 1 4 4 4 1 2 4 0 2 1 3 0 5 4 3 0 0 3
   0 2 0 2 4 1 3 0 5 0 3 3 4 3 5 4 3 0 2 1 2 4 3 0 4 4]
  [0 0 5 5 5 1 0 4 2 4 1 2 0 5 3 1 2 1 4 2 4 4 3 5 3 0 2 4 3 0 4 2 2 4 0
   3 5 0 4 0 4 4 5 0 5 1 4 4 3 0 5 3 3 2 3 3 0 4 1 3 3]
  [0 1 2 1 2 0 3 4 4 4 1 3 0 0 3 2 5 0 4 5 5 3 5 1 1 0 0 2 5 1 0 0 4 4 4
   5 5 0 2 4 2 5 3 3 4 5 3 1 5 2 3 2 2 4 3 5 3 2 1 4 2]
  [0 2 4 0 0 0 1 5 5 4 0 0 3 4 2 2 5 2 2 5 0 1 5 0 0 2 4 3 3 4 2 0 2 2 4
   3 2 4 5 2 0 0 4 5 4 5 5 4 0 3 5 0 4 1 0 4 3 3 0 2 3]
  [0 5 4 0 2 3 2 0 3 1 4 3 1 1 0 4 3 2 1 1 3 3 4 3 4 1 5 1 4 3 3 4 0 2 5
   3 4 0 2 4 0 1 4 2 2 3 5 1 1 4 0 4 0 5 4 2 5 2 5 5 4]
  [0 3 5 4 1 1 3 5 1 2 3 5 4 5 3 1 2 3 1 3 0 2 5 5 5 5 5 3 4 4 0 2 2 0 1
   0 5 2 5 2 2 5 2 1 5 3 1 0 1 2 4 4 3 0 2 2 0 3 2 2 2]
  [0 4 3 2 3 4 4 2 1 4 2 0 3 1 3 3 3 3 0 4 3 0 3 2 3 4 3 5 3 3 0 2 1 1 0
   4 2 2 2 0 0 4 2 4 0 1 1 2 2 5 2 1 2 0 4 2 5 4 3 4 4]
  [0 1 4 0 0 5 2 5 4 5 2 4 1 1 4 0 0 3 0 0 1 4 5 2 4 5 2 4 1 3 5 5 1 5 4
   0 1 4 2 3 5 0 2 5 2 4 0 0 0 2 3 2 4 1 1 2 2 3 2 4 0]
  [0 1 4 1 1 3 1 0 2 1 3 4 2 3 0 0 3 3 5 5 2 3 4 2 2 2 4 1 0 5 4 4 5 2 2
   5 0 2 2 3 4 5 3 4 1 2 5 0 3 0 5 4 0 5 0 5 4 2 4 0 5]
  [0 4 3 1 1 4 3 5 5 5 3 4 3 2 5 5 4 0 1 3 1 1 0 5 1 2 3 0 0 3 2 0 0 1 5
   2 1 0 1 3 2 0 5 2 5 0 3 3 4 1 4 3 3 4 4 0 4 5 3 2 0]
  [0 0 0 0 5 2 4 5 4 0 4 0 2 3 1 2 1 1 5 0 1 2 1 2 4 3 0 2 5 0 0 0 2 1 3
   0 3 2 0 4 1 4 5 3 5 2 5 0 4 3 4 2 0 1 5 0 4 2 0 0 4]
  [0 0 0 1 3 4 4 3 5 5 2 3 2 3 5 0 2 3 1 0 4 4 2 2 2 5 2 1 0 5 0 1 3 5 1
   1 5 2 4 0 4 4 2 3 1 5 2 1 5 3 1 2 0 0 1 1 5 4 4 2 2]
  [0 2 0 1 2 3 3 5 5 4 0 0 5 1 4 2 3 3 3 0 2 3 0 3 1 5 3 5 5 5 3 3 4 1 2
   1 0 4 0 4 0 2 2 3 3 1 2 0 3 5 1 0 1 4 5 4 0 3 4 2 2]
  [0 3 3 1 5 4 2 4 1 5 0 2 3 2 4 2 1 0 4 5 2 0 2 2 2 5 0 4 5 3 3 0 5 2 5
   2 1 3 3 0 3 0 2 4 5 5 4 4 4 3 5 4 1 2 0 2 5 5 4 2 2]
  [0 3 2 1 1 4 4 0 5 5 0 5 0 1 4 1 0 3 1 1 5 1 4 5 5 1 4 2 1 5 4 4 0 2 0
   5 5 2 2 2 0 0 0 3 3 4 4 5 4 4 5 5 0 4 2 4 4 0 3 0 4]
  [0 1 0 4 4 5 0 3 2 0 0 1 0 4 1 3 2 1 2 5 2 3 3 2 5 0 0 5 0 4 3 4 0 4 5
   0 1 1 5 3 5 2 1 0 5 4 5 2 3 3 1 0 4 0 3 1 5 1 1 5 0]
  [0 1 2 3 0 4 5 3 5 2 5 4 1 5 0 5 1 1 3 2 5 2 2 4 0 2 1 3 0 0 1 5 3 1 5
   4 5 3 4 3 2 1 1 5 0 0 0 3 4 5 2 3 0 2 0 5 0 1 2 4 2]
  [0 5 4 5 3 2 2 2 0 1 0 0 3 0 4 0 5 4 4 2 4 2 1 1 5 0 0 3 5 2 5 2 4 3 2
   3 1 1 3 1 3 4 4 0 0 0 0 5 5 0 1 4 5 5 5 0 4 1 4 2 2]
  [0 4 1 0 3 1 1 4 0 1 5 5 1 5 1 5 2 5 0 2 2 5 5 0 4 3 3 0 0 5 4 4 2 3 3
   5 2 2 1 4 4 3 1 1 0 4 0 1 3 2 5 1 4 0 1 3 5 4 1 2 0]
  [0 3 1 0 2 2 4 1 5 2 2 3 1 0 3 3 2 4 5 5 5 4 0 2 5 2 4 4 2 0 4 3 2 4 1
   1 1 4 1 4 0 3 5 4 0 5 1 0 5 4 0 5 1 2 1 5 1 1 4 5 2]
  [0 5 3 0 5 0 0 5 5 5 3 0 2 1 4 3 1 5 5 3 2 2 0 3 4 2 0 1 4 1 1 0 2 1 2
   0 4 3 1 2 0 5 2 1 2 1 4 2 0 5 3 3 4 5 5 3 3 4 2 5 2]
  [0 4 2 1 1 4 3 2 1 0 5 1 2 3 4 0 1 5 2 0 0 0 4 0 2 3 1 0 2 4 0 3 2 0 4
   3 3 4 4 1 3 3 2 5 4 1 1 5 3 0 4 2 2 5 4 0 5 5 5 3 5]
  [0 4 2 4 4 1 3 5 1 2 4 2 3 2 1 0 5 0 4 3 2 4 1 1 3 0 4 1 0 1 0 2 4 5 1
   5 0 4 3 0 1 5 3 3 0 3 2 2 5 2 0 0 0 5 4 3 0 1 2 3 4]
  [0 1 3 5 2 4 2 3 5 2 3 0 0 3 1 1 5 2 2 1 1 5 5 3 4 3 1 0 5 2 4 4 5 0 2
   2 1 2 2 1 0 2 4 2 2 3 2 3 3 1 5 0 3 3 2 2 2 3 2 1 4]
  [0 4 0 2 1 5 4 1 5 5 2 3 2 1 0 2 2 3 3 0 1 4 5 1 4 0 4 3 4 0 5 2 1 2 3
   0 5 1 3 5 2 1 5 2 2 5 3 4 0 0 2 0 0 3 3 5 1 1 1 2 3]
  [0 2 2 2 3 3 1 4 5 2 3 4 5 0 4 4 1 3 4 1 3 2 1 0 5 0 5 5 5 2 0 5 3 2 4
   0 3 1 2 3 5 5 3 4 1 4 3 5 2 4 2 0 0 0 3 3 3 2 5 5 3]
  [0 3 1 5 0 4 2 1 5 4 2 2 5 4 3 0 2 0 5 2 4 3 1 2 3 3 5 4 1 4 0 3 3 3 0
   4 5 1 3 4 1 5 1 4 5 2 0 2 1 3 2 4 5 1 0 5 2 4 4 5 5]
  [0 5 4 3 5 3 2 5 1 2 0 3 4 4 4 5 5 5 4 1 4 5 0 3 4 4 3 2 1 5 5 2 0 1 3
   4 1 2 4 3 4 5 3 0 5 5 0 3 2 0 2 4 0 4 0 0 0 3 3 3 2]
  [0 0 3 3 1 5 4 5 0 3 0 5 5 5 1 3 2 5 1 2 1 4 5 5 1 1 1 0 0 5 2 0 3 5 2
   0 3 1 1 4 4 1 3 0 0 0 4 3 5 4 5 2 4 2 2 3 0 3 0 3 2]
  [0 1 5 0 4 0 4 0 1 0 2 5 0 0 0 0 4 5 4 2 2 4 5 4 1 2 1 4 4 3 0 3 3 5 5
   4 5 1 2 3 2 3 2 4 3 4 4 1 2 2 1 2 2 4 3 1 2 0 1 5 1]
  [0 3 1 1 1 3 2 1 0 1 1 4 1 0 5 5 5 1 5 0 1 5 0 1 4 1 1 1 5 1 5 2 4 3 3
   5 0 4 1 5 2 1 5 5 1 1 4 2 5 0 3 4 2 3 1 2 0 2 0 2 3]
  [0 5 4 5 2 4 0 4 3 1 4 1 0 0 3 2 1 0 0 0 4 2 1 5 5 2 0 1 0 1 3 4 2 4 5
   3 3 2 1 0 2 2 5 5 4 0 2 0 1 1 2 5 1 1 3 1 1 5 5 0 2]
  [0 3 2 1 4 5 0 3 5 3 3 5 3 2 1 1 3 4 4 1 1 4 5 4 2 3 5 3 4 2 4 2 3 2 2
   4 0 4 0 3 2 4 0 1 4 2 5 0 3 0 1 0 0 3 1 0 4 3 4 1 0]]

 [[0 5 5 3 1 4 4 3 1 1 3 1 0 5 2 2 4 1 1 4 1 2 0 4 0 2 1 1 4 2 3 3 2 5 3
   0 0 1 5 0 0 3 3 3 2 1 1 5 5 4 0 5 1 1 3 0 3 3 4 0 3]
  [0 0 1 1 1 2 0 5 0 0 5 4 5 3 3 5 3 5 1 0 4 3 5 5 1 5 1 1 3 1 0 0 3 4 4
   3 2 0 5 5 4 3 5 1 3 4 2 1 0 5 3 0 0 4 2 0 5 5 3 3 4]
  [0 2 0 1 2 0 3 5 4 4 4 5 5 3 0 1 2 0 1 2 0 2 1 2 0 3 5 4 2 2 0 1 5 4 0
   1 1 2 0 4 3 1 3 0 5 4 5 4 0 5 4 5 4 5 0 0 0 1 4 3 2]
  [0 1 4 0 5 2 1 5 4 2 5 4 1 5 3 1 5 3 2 5 3 0 0 1 4 5 3 2 5 3 3 2 1 3 1
   4 1 1 1 5 5 2 2 1 2 4 4 3 5 0 2 1 1 3 3 0 1 2 5 2 4]
  [0 5 0 0 0 4 1 2 3 4 4 2 0 3 2 5 3 1 2 4 4 3 1 4 5 1 3 3 2 3 4 4 3 5 0
   2 1 5 4 2 2 5 1 0 1 0 0 1 1 3 0 2 3 4 2 2 1 5 5 2 2]
  [0 3 0 2 2 0 3 4 5 2 3 5 2 2 5 2 0 5 4 5 3 4 5 0 4 2 4 4 3 4 0 5 3 3 1
   0 3 5 3 5 3 4 0 4 2 0 0 2 4 0 4 0 1 4 5 4 5 5 5 4 3]
  [0 5 5 1 1 1 0 2 1 1 4 5 0 0 0 0 0 2 2 3 3 3 3 0 1 4 4 3 4 2 1 1 4 5 3
   3 4 1 3 3 3 5 0 2 4 2 4 0 3 0 4 0 5 1 2 2 3 1 2 5 0]
  [0 0 1 5 3 1 1 0 5 5 3 1 5 5 2 5 1 3 5 5 5 0 1 1 4 1 1 4 4 3 3 5 5 4 1
   3 2 5 0 4 2 3 1 1 5 0 4 0 4 1 5 5 4 5 2 4 2 2 2 4 3]
  [0 4 2 1 5 4 3 5 0 1 0 2 0 0 0 4 4 2 3 2 3 2 4 0 0 4 1 1 5 4 5 2 0 5 5
   4 3 4 4 3 0 4 4 1 2 2 2 2 3 0 5 5 4 4 0 4 0 4 4 0 5]
  [0 0 4 2 2 1 5 0 1 0 0 3 0 1 2 4 5 3 3 5 3 3 3 3 5 2 3 2 3 4 5 2 5 4 4
   1 1 5 4 4 1 2 1 2 2 4 1 2 0 4 0 3 3 0 4 1 3 3 5 0 2]
  [0 2 0 1 4 4 3 4 0 1 0 2 2 2 4 4 5 0 4 1 4 2 0 0 0 4 1 3 4 0 3 0 3 1 3
   5 5 2 1 1 0 0 2 4 1 0 0 3 4 0 2 2 4 1 5 2 0 0 2 5 4]
  [0 1 1 2 3 0 1 0 3 5 0 0 4 0 4 0 0 5 0 5 5 5 0 2 2 0 0 0 1 3 3 1 1 5 1
   4 4 2 5 0 0 0 1 5 5 3 0 3 5 0 4 5 2 0 2 0 5 3 0 0 0]
  [0 5 0 4 0 3 2 2 5 4 0 0 0 1 0 3 4 4 0 5 1 5 2 1 0 2 0 2 0 2 1 1 5 4 1
   4 0 3 2 1 1 4 2 4 1 3 1 0 2 1 3 5 1 5 2 2 3 3 1 4 1]
  [0 4 4 0 5 3 1 3 5 1 0 5 2 0 3 5 4 2 4 5 4 4 0 4 1 1 1 3 0 0 3 1 4 1 2
   2 2 5 0 3 5 3 5 1 4 2 2 5 2 5 1 4 1 5 0 0 0 3 2 2 5]
  [0 4 5 0 2 0 0 3 3 1 4 5 2 3 0 0 0 2 5 2 4 1 0 5 0 0 3 3 4 2 4 4 5 1 4
   4 2 2 0 3 5 4 2 0 1 4 5 4 3 4 2 0 3 5 1 4 4 0 2 2 1]
  [0 3 5 0 0 3 0 5 4 3 5 0 4 1 4 0 1 3 1 2 5 3 1 5 1 0 3 3 5 4 3 3 4 3 4
   1 2 0 5 3 0 0 1 1 1 4 3 1 5 2 4 5 3 3 1 5 2 0 3 2 3]
  [0 2 0 3 5 1 2 0 5 5 1 1 2 3 4 3 0 5 1 3 1 1 3 0 2 5 0 2 4 0 3 5 1 4 2
   0 4 3 3 5 5 1 5 0 0 1 4 3 3 2 1 1 0 5 2 3 4 0 1 2 4]
  [0 1 4 0 1 3 5 5 2 0 0 2 4 3 0 2 4 0 5 1 4 5 4 5 0 1 3 3 3 2 2 1 4 3 0
   4 0 1 4 0 5 1 4 1 5 3 2 1 5 0 2 1 3 4 2 2 5 0 4 1 0]
  [0 4 0 4 3 5 4 3 5 5 0 2 1 3 5 0 1 5 0 5 2 0 1 3 5 0 4 4 0 2 1 5 4 5 1
   5 5 1 3 4 1 4 3 4 0 2 1 1 3 5 4 0 4 1 5 3 4 1 4 1 0]
  [0 0 3 2 0 5 5 2 1 3 3 0 4 5 2 4 1 1 2 0 5 0 1 5 5 3 5 1 4 0 4 4 2 1 1
   3 3 5 1 3 1 5 3 2 3 5 3 4 1 4 5 4 0 5 2 4 0 2 0 2 4]
  [0 3 2 3 0 4 3 0 2 2 3 2 3 2 5 1 2 5 5 2 0 2 5 3 2 1 0 2 0 3 1 1 5 4 1
   5 0 0 2 2 4 2 3 5 4 2 4 0 5 3 2 1 4 2 4 0 0 0 3 4 4]
  [0 1 5 2 5 3 5 4 1 1 1 2 3 3 4 4 4 4 2 3 0 0 5 3 0 0 4 4 3 5 1 2 1 1 1
   5 2 2 4 2 2 2 5 0 0 4 1 3 4 5 3 3 5 2 4 1 3 0 2 5 3]
  [0 3 1 5 2 0 2 1 0 0 3 0 3 4 3 0 2 4 0 3 3 0 0 5 0 5 2 2 2 0 3 5 2 3 1
   4 4 0 1 2 0 3 4 3 5 2 0 3 5 4 3 0 0 4 5 1 5 0 3 1 1]
  [0 5 4 2 1 0 3 3 4 3 2 4 2 3 3 1 2 5 1 0 2 3 3 0 2 2 5 2 2 0 0 5 5 3 2
   1 2 3 4 4 4 2 2 5 3 4 1 4 4 3 0 2 5 2 3 3 0 3 5 3 3]
  [0 1 5 0 1 5 4 0 1 5 5 4 3 3 0 5 3 0 4 5 1 4 4 4 0 0 3 5 1 5 2 2 2 4 4
   5 0 0 4 3 2 5 1 2 1 0 0 4 2 1 3 5 5 4 0 5 1 4 2 0 4]
  [0 4 0 0 5 3 4 4 4 3 3 4 0 4 1 3 2 0 1 5 4 3 1 1 5 0 5 4 3 0 0 3 3 5 3
   5 3 0 1 3 1 2 5 5 3 2 0 4 4 5 2 1 4 3 3 0 1 2 2 1 3]
  [0 4 5 4 1 3 0 5 1 4 3 5 5 5 5 1 3 4 5 3 1 1 0 0 2 1 0 4 3 3 4 0 4 1 1
   1 5 2 2 1 0 1 2 0 2 0 4 1 0 0 3 3 1 2 0 2 2 1 3 3 0]
  [0 5 0 0 2 2 1 0 2 1 3 0 3 4 1 5 2 5 2 2 4 5 3 1 2 5 1 0 2 0 1 4 5 3 2
   0 5 5 4 5 0 5 1 5 4 3 0 2 5 0 0 0 2 3 1 5 0 2 4 0 4]
  [0 3 0 3 3 4 1 0 3 4 4 1 0 3 5 3 5 1 5 1 2 5 4 5 3 5 1 4 0 2 0 5 2 2 1
   0 2 0 2 2 1 0 1 0 2 4 0 4 3 0 2 1 1 5 2 3 0 5 3 2 1]
  [0 2 3 3 5 3 4 3 0 3 1 3 1 1 5 2 3 5 2 2 0 1 3 0 3 0 1 2 4 0 1 2 3 0 5
   2 1 4 2 5 0 1 2 1 3 2 0 4 5 3 2 1 2 1 2 0 1 4 3 5 1]
  [0 5 0 5 2 4 1 2 1 0 5 3 1 5 5 2 5 2 5 1 2 1 5 1 4 1 3 2 0 3 0 2 4 0 4
   1 1 2 4 5 2 3 5 4 4 2 2 2 0 4 3 3 2 2 5 3 4 2 3 2 2]
  [0 5 1 2 3 5 3 4 3 3 3 4 1 0 1 0 3 5 1 5 1 0 0 2 4 4 2 4 3 0 2 0 2 2 0
   2 1 5 3 4 0 2 4 3 1 5 4 0 5 0 2 1 0 2 0 1 1 2 1 0 3]
  [0 1 3 2 1 0 2 2 0 2 5 4 3 0 4 1 2 2 5 5 2 4 4 3 3 3 2 1 0 0 5 1 0 3 2
   3 1 4 2 2 3 1 3 3 2 3 5 5 5 2 5 1 3 3 1 1 2 5 1 0 5]
  [0 4 5 1 4 0 2 5 1 2 5 2 0 1 1 5 0 4 5 5 5 1 2 4 1 0 2 5 3 4 2 0 3 0 0
   5 0 1 5 1 5 2 4 5 2 2 3 2 0 3 2 1 3 1 1 5 5 4 5 3 2]
  [0 4 4 5 5 5 5 2 2 5 5 0 4 1 0 5 1 3 2 4 0 2 1 4 3 0 1 3 4 3 2 2 5 3 0
   2 3 0 4 0 3 5 0 4 3 4 5 4 4 0 1 5 2 0 4 2 0 5 5 3 4]
  [0 3 5 5 2 4 5 2 1 0 1 1 3 1 5 0 2 3 3 2 2 2 2 5 5 5 4 4 1 5 0 4 3 4 4
   0 2 5 0 2 1 0 2 0 5 2 3 4 1 1 5 5 3 0 2 3 5 0 4 1 4]
  [0 3 1 0 5 3 3 4 0 3 3 3 0 4 1 1 3 4 4 3 1 0 0 3 1 0 1 5 0 4 0 5 1 2 0
   5 0 2 4 3 1 2 1 3 1 3 0 2 4 4 5 0 5 0 1 0 2 2 3 0 0]
  [0 2 2 2 0 5 1 3 2 4 3 4 2 4 0 5 1 5 5 3 2 3 5 5 3 4 5 3 2 5 4 0 1 2 0
   0 4 0 1 4 3 3 3 1 3 3 0 1 4 3 1 0 5 1 3 5 2 2 4 3 4]
  [0 0 4 3 1 2 1 1 3 0 3 5 0 0 0 5 1 3 3 3 5 2 3 2 4 0 5 4 4 2 1 5 3 5 1
   3 1 3 0 2 2 1 1 5 4 3 2 3 5 1 2 3 3 2 0 3 2 1 2 4 5]
  [0 4 0 4 3 0 4 1 3 4 0 5 1 3 1 5 4 5 2 5 1 3 2 2 3 3 4 0 0 4 5 3 2 5 5
   3 2 2 4 0 5 2 4 2 5 2 1 0 3 2 3 1 0 4 4 0 1 0 0 1 1]
  [0 0 4 3 1 1 4 4 5 1 5 0 0 5 5 4 5 0 1 5 4 5 3 0 0 2 1 5 3 3 0 1 3 5 0
   2 0 3 2 5 0 3 3 5 3 3 0 3 3 4 1 3 5 0 4 3 5 2 3 3 0]
  [0 1 2 2 0 2 3 5 3 5 3 5 0 0 5 4 3 5 2 1 4 1 2 0 0 2 0 1 1 2 0 4 4 2 0
   4 4 4 1 4 0 0 0 3 4 5 2 1 0 3 2 1 5 3 2 3 3 5 5 5 3]
  [0 0 0 5 5 3 0 3 2 4 4 4 1 4 5 2 3 3 2 1 1 5 4 4 1 2 4 3 5 5 4 2 5 1 0
   4 5 1 2 4 5 2 0 3 2 1 0 0 2 5 0 3 5 3 4 4 5 5 3 1 2]
  [0 4 4 5 0 2 2 5 5 4 4 0 5 3 3 0 1 0 5 2 0 4 3 1 4 1 1 2 1 0 2 2 0 3 3
   4 4 1 1 0 2 4 5 0 0 1 5 0 1 3 4 0 1 5 1 3 4 5 5 0 1]
  [0 0 3 5 0 3 2 5 5 5 0 0 2 2 1 3 5 2 4 2 0 2 1 5 5 4 0 5 1 3 2 4 4 3 4
   3 5 2 5 0 0 2 3 4 0 3 3 3 4 0 2 5 2 1 4 1 3 4 1 5 5]
  [0 3 1 4 1 5 1 0 2 2 1 3 2 0 4 4 4 2 4 2 1 3 3 4 2 4 0 3 3 2 1 3 0 2 5
   0 4 4 0 5 0 5 5 4 3 0 3 5 1 0 1 1 1 3 0 3 3 2 5 4 3]
  [0 3 5 3 1 0 0 5 5 5 2 0 0 1 4 5 2 5 1 3 3 2 2 0 0 4 3 5 3 1 2 4 2 1 5
   1 4 5 1 0 1 0 4 3 1 4 0 4 3 5 3 2 1 3 2 3 1 0 4 0 1]
  [0 4 0 3 0 1 5 0 5 2 4 2 2 0 0 4 5 2 5 0 4 0 5 5 1 1 2 2 2 0 0 5 4 0 5
   0 4 1 2 2 4 5 1 1 0 2 2 0 5 4 1 0 1 0 2 5 4 4 2 3 4]
  [0 3 1 0 0 0 4 4 3 0 0 3 3 4 2 4 5 1 1 1 2 3 2 0 4 4 0 4 0 1 3 1 2 1 2
   2 3 0 2 4 4 3 0 5 2 4 4 1 0 4 5 1 5 5 4 5 5 5 0 4 4]
  [0 3 4 3 0 1 5 1 2 3 3 1 3 3 5 0 3 0 5 5 3 5 5 2 2 0 4 1 0 0 0 4 0 4 3
   0 0 2 2 5 0 4 2 0 1 5 4 1 0 0 3 4 5 5 4 5 4 1 3 4 4]
  [0 4 2 4 0 4 1 0 3 5 0 2 5 3 5 4 0 2 5 3 4 5 4 3 3 4 3 4 3 4 1 5 5 5 1
   0 4 0 1 1 0 3 2 1 3 5 2 5 4 2 0 2 2 4 0 0 1 3 3 4 0]
  [0 0 4 1 0 5 5 4 4 5 5 1 0 2 0 1 5 0 0 1 4 4 1 4 1 2 4 5 0 3 0 2 2 5 5
   1 4 2 3 2 4 5 5 3 3 2 0 3 1 0 0 0 1 4 3 1 3 3 0 4 2]
  [0 5 2 0 1 3 5 5 3 2 3 4 2 3 4 0 2 3 4 1 0 1 4 3 5 3 1 4 4 4 2 1 5 4 2
   3 4 0 0 0 0 4 5 1 1 0 1 1 2 5 3 0 0 0 3 1 4 5 0 3 0]
  [0 2 5 1 0 4 2 2 2 3 5 2 1 0 0 5 2 2 4 2 4 5 2 1 3 4 2 0 1 5 4 3 1 4 0
   4 1 4 1 3 1 1 2 1 1 1 5 5 0 5 0 2 0 0 2 1 3 3 4 3 1]
  [0 0 3 0 4 5 3 0 1 4 3 1 0 4 4 2 1 3 4 5 1 5 0 3 2 3 1 0 2 5 1 5 4 4 1
   3 1 4 5 1 3 4 0 5 4 2 5 0 4 5 0 4 5 5 0 5 1 2 4 2 2]
  [0 1 3 1 0 4 1 3 5 5 4 1 3 2 2 0 5 1 2 4 1 5 5 1 5 1 4 2 2 2 0 5 1 3 3
   3 3 0 5 2 1 1 3 5 0 1 3 4 5 2 1 2 5 3 2 0 0 5 5 5 2]
  [0 5 2 3 2 3 3 3 4 1 2 1 2 2 4 1 2 5 5 1 2 1 2 0 3 5 1 0 3 0 0 2 1 4 0
   4 3 3 1 3 1 4 5 4 2 0 1 2 2 0 5 0 2 4 3 1 0 5 2 2 4]
  [0 0 5 5 1 0 1 1 4 1 5 1 0 4 5 5 3 2 1 3 0 3 4 3 3 2 2 2 0 2 4 5 5 3 1
   4 3 3 5 5 0 0 0 3 1 2 4 1 2 0 4 1 1 3 1 0 5 0 4 4 0]
  [0 2 1 1 5 1 5 5 3 3 5 5 4 4 0 1 1 5 5 4 5 1 3 3 2 4 5 5 5 3 2 4 5 2 1
   5 4 1 1 1 1 3 5 5 1 2 3 0 0 5 5 0 3 1 5 5 3 3 0 3 3]
  [0 2 5 1 5 5 4 4 1 3 4 4 1 2 4 0 5 5 1 0 4 4 5 2 4 1 5 1 2 3 2 4 0 3 1
   1 0 1 0 3 2 1 3 0 5 3 5 3 3 2 5 4 5 1 2 5 5 4 5 0 5]
  [0 1 2 5 2 2 2 5 2 5 5 2 5 1 1 2 0 4 0 0 1 5 1 1 0 4 3 2 0 3 2 3 0 5 2
   5 0 5 2 2 1 3 4 2 1 1 3 4 2 1 3 0 0 0 3 2 3 4 2 4 0]]

 [[0 4 0 4 4 5 3 3 2 3 2 5 1 0 5 4 5 4 5 3 2 4 5 2 3 4 2 3 0 0 4 3 3 3 3
   4 1 0 0 2 2 3 4 1 3 4 3 1 4 2 2 2 1 3 1 3 3 3 5 2 0]
  [0 0 3 0 4 1 3 4 0 2 0 3 4 0 4 2 1 1 2 4 2 0 5 4 2 2 3 0 5 4 0 3 5 1 4
   5 5 3 4 0 1 1 5 2 4 3 4 3 2 1 2 1 5 2 2 2 5 0 2 5 5]
  [0 0 0 1 0 1 3 3 0 2 0 4 5 4 2 1 1 2 3 1 4 3 2 2 4 3 5 4 1 4 3 1 4 0 3
   3 4 1 3 0 0 5 2 5 0 5 0 0 4 4 4 3 0 2 2 3 4 5 1 1 4]
  [0 2 0 0 1 2 5 0 3 5 0 4 1 0 0 2 2 3 3 1 0 0 2 5 1 5 4 4 2 3 2 0 1 1 3
   4 2 2 1 0 3 3 4 0 2 4 5 1 5 5 0 4 3 5 0 2 0 2 3 2 5]
  [0 4 3 3 0 4 3 1 4 3 5 5 3 3 5 3 1 4 3 0 2 4 4 1 2 4 1 3 0 2 0 5 4 0 1
   2 4 2 4 0 2 3 3 4 5 2 2 2 3 0 4 2 5 4 4 2 4 2 0 2 4]
  [0 1 4 5 4 0 0 2 5 4 2 0 4 4 0 1 1 4 3 1 1 3 1 0 1 2 1 4 5 3 1 5 5 2 3
   1 4 2 4 3 1 1 3 2 2 5 4 3 1 1 1 2 4 0 3 3 0 1 0 2 2]
  [0 0 0 0 5 3 0 2 0 0 2 2 3 0 1 4 1 4 4 4 0 1 3 4 1 4 0 5 4 1 4 3 0 2 1
   1 3 2 3 2 4 3 1 5 5 5 0 2 0 1 3 4 1 4 4 5 5 4 3 2 0]
  [0 1 5 2 4 5 0 0 1 3 2 5 0 3 0 0 2 5 4 3 5 0 1 4 2 1 4 0 2 2 2 2 1 4 0
   0 2 3 3 0 5 0 1 1 2 1 3 1 2 3 4 1 1 2 0 3 1 5 4 5 1]
  [0 4 3 2 5 2 2 4 0 2 4 1 0 1 3 1 3 2 2 5 3 3 0 4 0 5 1 0 3 5 2 1 0 2 4
   3 1 1 5 2 0 1 3 1 3 4 2 2 3 0 5 3 4 5 3 0 0 2 3 3 4]
  [0 2 1 3 1 2 3 4 2 0 4 3 0 5 4 5 2 4 5 3 1 0 4 2 3 5 1 3 0 1 0 3 1 5 1
   0 2 0 5 1 2 0 3 4 4 5 0 2 4 1 5 4 1 2 2 1 3 2 2 1 3]
  [0 5 2 4 2 1 3 5 5 2 0 1 2 2 2 3 4 2 3 2 0 1 1 2 0 1 5 0 5 2 4 0 5 1 5
   1 2 3 4 2 3 0 2 2 2 3 5 2 5 1 0 4 1 3 2 3 0 4 5 5 1]
  [0 2 3 2 5 2 4 4 3 5 4 0 4 3 1 5 3 2 2 4 3 1 4 4 2 3 1 2 2 2 1 3 4 0 3
   3 3 5 0 4 4 4 3 5 5 1 3 3 2 2 3 4 0 0 0 2 1 2 0 4 3]
  [0 4 3 4 1 4 0 4 1 0 1 0 0 5 3 3 3 2 5 2 0 0 4 3 3 1 5 4 4 4 4 3 1 2 5
   3 3 2 5 2 1 3 4 2 2 5 0 2 0 5 3 1 5 5 3 5 4 1 3 1 1]
  [0 5 0 5 5 2 0 0 3 3 3 1 2 0 5 1 1 4 0 3 0 0 0 4 1 2 3 4 5 3 5 0 5 5 2
   0 3 1 4 1 4 4 5 3 4 2 5 0 1 1 4 3 4 2 0 4 2 3 3 3 1]
  [0 5 0 4 3 2 3 5 1 4 0 3 0 0 0 2 2 2 2 1 4 3 5 0 4 3 1 0 1 0 4 5 1 5 0
   2 0 0 5 2 4 4 4 5 0 5 0 4 5 4 0 0 3 4 5 4 2 1 5 3 0]
  [0 1 0 1 4 5 4 1 0 2 3 3 1 2 3 0 2 4 1 1 1 4 4 5 2 2 5 5 0 1 3 1 2 4 5
   5 2 4 5 5 4 4 0 0 3 0 0 1 3 0 4 1 4 4 4 4 2 1 1 0 3]
  [0 4 5 0 1 1 1 3 5 3 1 3 2 1 4 3 0 5 4 5 2 2 3 4 1 3 1 4 1 4 2 0 2 3 5
   1 1 2 2 3 1 0 5 0 2 5 4 4 1 4 1 2 5 5 4 5 2 3 1 1 5]
  [0 3 3 1 5 0 0 0 1 1 5 4 3 2 4 1 2 0 1 3 2 5 0 0 5 4 5 1 1 2 2 0 1 3 3
   4 1 1 3 1 1 3 0 4 1 0 0 0 1 5 5 5 2 1 5 5 3 1 1 4 3]
  [0 5 4 4 5 4 5 3 4 3 0 2 3 5 4 2 3 0 0 0 2 2 2 0 4 1 0 1 1 1 0 3 5 2 5
   5 4 3 0 4 4 2 0 4 1 4 2 3 5 4 0 2 2 3 1 5 0 5 5 1 0]
  [0 5 4 3 5 0 3 4 5 3 0 1 1 3 5 4 0 0 4 0 2 2 5 4 4 1 2 3 2 2 2 0 3 5 5
   5 0 0 3 2 5 2 3 1 1 4 1 3 3 3 1 1 3 2 4 3 4 3 2 0 0]
  [0 0 0 4 5 2 2 0 2 0 2 2 2 2 5 0 1 1 1 3 0 5 3 3 5 0 5 4 5 5 4 0 4 3 5
   5 5 1 0 4 4 2 1 2 1 1 5 4 5 1 2 5 3 4 2 0 3 2 1 3 5]
  [0 2 3 4 0 1 5 3 0 2 0 3 0 1 3 0 1 0 5 1 0 0 3 5 0 4 0 1 4 4 5 4 1 0 1
   1 5 4 4 1 3 3 0 5 5 1 2 3 0 2 1 4 4 0 2 0 1 2 1 0 2]
  [0 1 5 3 0 2 0 2 4 0 0 5 2 2 3 0 4 4 4 0 1 5 0 2 1 2 0 5 1 2 0 2 2 4 4
   1 3 4 3 0 2 3 0 0 4 3 1 4 4 2 0 0 3 0 5 4 4 3 2 1 2]
  [0 3 0 0 5 5 0 1 0 3 4 2 1 0 3 2 4 1 4 0 2 0 0 0 5 4 4 2 5 0 1 1 1 5 0
   0 1 5 3 4 3 3 0 2 1 1 1 1 0 3 4 3 2 2 2 2 1 4 4 0 4]
  [0 4 1 2 2 3 5 5 3 5 4 2 4 1 1 5 1 3 2 2 0 4 4 4 0 5 4 3 1 1 4 5 2 5 2
   0 2 4 1 0 1 0 5 0 5 2 3 3 3 3 5 2 1 1 5 5 4 1 1 2 0]
  [0 1 4 4 3 5 1 1 3 0 3 5 5 2 2 2 3 3 4 1 0 4 2 3 2 0 3 0 0 5 5 4 5 3 0
   5 0 2 4 0 3 2 3 5 1 5 2 2 4 5 2 2 1 3 5 0 2 5 1 0 5]
  [0 5 5 1 1 3 5 0 2 1 4 2 1 2 0 1 4 0 3 1 4 1 1 0 4 3 0 4 4 2 0 4 3 5 5
   5 1 4 2 0 5 0 5 5 4 1 2 4 4 4 0 4 2 5 4 1 2 4 3 1 1]
  [0 2 1 2 2 1 1 0 3 1 5 5 4 1 0 0 0 3 1 3 1 2 1 1 0 4 2 0 2 3 1 3 0 4 0
   0 0 0 5 2 0 1 5 1 4 3 5 4 0 3 5 5 4 1 4 2 0 2 0 2 2]
  [0 1 2 1 3 4 2 2 2 3 4 1 5 1 3 5 1 5 2 2 4 5 0 3 3 5 4 0 0 4 4 0 0 4 1
   0 1 2 5 3 4 3 2 2 1 3 1 1 0 5 4 3 2 2 5 5 0 5 3 5 0]
  [0 1 3 2 1 1 5 0 3 3 5 5 4 1 4 3 0 5 2 4 3 2 2 0 1 2 4 0 2 0 2 5 2 3 0
   2 1 1 0 3 3 5 3 0 0 2 2 3 0 3 2 0 0 5 2 2 5 1 3 5 0]
  [0 3 0 2 5 2 5 5 2 1 5 1 4 3 1 0 0 4 3 4 2 4 1 5 0 5 4 3 1 0 0 3 4 5 1
   4 4 4 5 5 5 1 2 2 0 1 3 5 5 2 2 5 4 0 2 2 1 2 2 4 1]
  [0 1 4 0 4 4 1 0 4 1 0 4 1 1 5 4 3 2 5 4 1 4 3 4 1 5 2 5 0 1 4 0 0 0 3
   3 0 0 0 5 3 2 1 0 0 2 5 2 5 4 3 4 1 0 1 1 3 3 5 2 3]
  [0 3 2 4 2 3 4 5 3 3 3 5 4 4 1 2 1 2 4 4 0 4 3 4 2 1 5 4 0 2 1 5 0 3 4
   2 3 0 2 4 3 0 0 1 3 3 4 5 1 2 1 5 1 2 2 5 4 0 5 1 4]
  [0 2 1 0 5 4 0 5 3 5 0 4 0 1 3 5 4 2 5 0 1 2 3 1 0 3 3 5 5 2 0 1 3 0 4
   4 4 1 5 0 1 3 5 0 3 4 1 1 1 0 3 2 2 0 4 5 3 4 3 4 1]
  [0 4 2 2 1 0 1 3 0 4 0 1 5 3 2 1 3 5 4 3 0 5 4 3 3 4 5 2 3 2 1 2 5 1 0
   2 4 0 2 5 5 3 1 2 2 4 5 3 0 2 3 3 0 0 2 5 4 0 1 4 3]
  [0 3 2 3 0 1 1 3 5 2 3 4 0 3 4 1 4 3 0 5 4 1 0 2 4 0 1 1 3 3 5 1 0 2 3
   0 4 2 0 0 3 3 0 5 0 1 2 5 4 5 1 5 5 3 0 5 5 4 1 4 2]
  [0 2 5 0 1 5 2 2 0 4 4 0 0 2 3 5 1 1 1 2 5 1 2 0 0 1 4 1 2 4 5 2 5 0 3
   2 0 1 1 4 3 5 2 2 2 4 0 4 1 0 1 1 5 4 5 4 4 3 1 1 0]
  [0 3 4 0 4 0 4 4 2 2 5 3 4 4 1 1 1 2 3 2 4 3 4 5 3 5 0 4 2 5 5 4 1 0 5
   5 1 0 0 0 5 4 3 0 0 5 3 4 1 4 3 2 4 2 5 0 0 3 4 0 2]
  [0 2 4 4 0 0 0 3 2 4 2 2 5 2 1 2 0 5 3 5 5 2 0 5 2 1 4 5 4 1 1 4 4 1 1
   5 2 4 0 5 2 0 5 5 3 4 4 0 5 1 4 1 2 4 5 5 1 2 1 4 4]
  [0 2 0 3 4 0 3 4 1 0 1 2 0 1 0 2 5 5 5 1 2 0 1 0 5 1 2 2 1 1 4 5 0 5 2
   4 4 3 0 0 5 4 2 5 1 3 1 2 1 3 4 5 5 4 4 1 4 1 0 2 2]
  [0 5 5 2 0 0 1 4 2 0 3 4 5 1 5 3 5 0 1 4 4 0 4 3 0 3 2 5 4 5 0 3 1 3 5
   1 5 3 1 1 0 0 4 5 3 2 2 1 2 2 1 3 0 5 1 3 1 3 1 2 4]
  [0 4 4 2 0 5 2 3 4 3 4 2 5 3 3 3 1 5 2 0 1 4 5 1 1 3 1 5 3 5 4 3 0 3 5
   4 2 1 0 2 5 0 4 4 0 3 1 2 0 4 1 1 2 5 2 0 0 5 2 2 2]
  [0 2 1 0 5 3 3 3 5 3 2 5 4 5 0 3 5 1 4 2 0 1 2 4 3 0 2 4 3 0 2 3 1 0 4
   2 3 2 1 2 4 1 0 3 0 3 0 4 5 2 5 4 1 1 3 1 2 4 5 4 0]
  [0 1 2 5 3 3 0 1 4 3 1 5 1 3 2 0 4 0 0 3 0 2 1 1 2 5 3 4 1 0 0 2 2 2 4
   5 1 1 4 2 2 1 1 0 4 0 0 1 1 2 2 5 0 5 4 5 3 0 1 0 2]
  [0 4 1 4 3 1 1 3 0 1 2 3 5 5 5 5 5 2 0 0 4 5 2 5 2 2 4 1 1 2 3 2 5 5 0
   1 3 2 2 4 2 4 3 0 0 5 3 0 1 4 3 4 5 2 0 3 3 5 5 0 4]
  [0 1 3 2 3 2 3 2 4 4 0 2 4 2 2 4 3 3 2 0 0 1 5 0 3 0 0 5 2 5 4 2 2 0 3
   3 4 3 3 1 1 4 2 4 5 0 0 2 1 4 1 2 1 3 4 2 2 1 4 2 0]
  [0 4 0 4 3 0 2 0 0 4 3 5 3 5 1 0 0 1 2 3 3 4 4 2 0 4 4 4 5 0 2 0 0 4 3
   3 3 3 3 5 3 3 0 5 2 4 0 4 5 1 0 3 4 3 5 5 2 1 5 0 5]
  [0 1 2 0 1 5 2 4 0 4 0 4 2 1 0 3 5 0 1 5 5 0 3 3 0 0 1 2 3 4 1 5 2 0 0
   1 0 5 2 3 1 4 5 0 3 2 3 0 4 0 4 4 5 4 1 5 1 5 1 4 2]
  [0 0 2 4 1 3 3 0 0 0 5 3 3 5 4 3 3 1 0 0 2 5 1 3 3 5 0 5 3 5 3 5 1 0 1
   1 3 3 2 4 3 1 1 1 1 0 0 0 0 5 5 3 4 5 3 1 0 5 1 0 1]
  [0 2 4 4 0 0 0 0 2 4 3 1 5 2 5 0 4 3 3 4 1 1 0 3 3 5 4 4 3 4 4 0 5 5 0
   5 1 4 4 4 5 4 3 5 0 4 2 1 3 0 3 2 5 1 4 0 2 5 1 2 3]
  [0 0 3 2 1 1 4 0 1 1 0 0 0 3 0 2 0 1 4 5 0 3 3 4 0 0 2 1 0 1 3 3 4 2 4
   4 3 4 3 1 2 2 2 0 2 4 2 4 4 1 0 0 0 1 4 5 1 1 4 4 2]
  [0 0 4 5 5 2 5 1 3 4 1 4 5 2 1 5 1 3 2 1 1 5 1 1 1 0 4 3 1 0 4 0 2 5 2
   2 5 1 1 1 0 5 1 2 4 3 4 3 4 5 5 0 5 1 5 0 0 3 3 3 4]
  [0 5 3 0 3 4 2 4 5 3 2 3 2 2 5 4 2 5 1 2 4 3 1 2 0 2 2 3 0 4 0 2 4 1 0
   2 4 3 4 0 2 4 1 4 2 3 5 0 1 1 0 5 0 5 5 2 1 2 1 2 0]
  [0 2 5 4 5 5 4 1 3 0 3 3 0 5 2 0 3 1 2 1 5 2 2 4 5 5 3 1 5 3 2 0 1 4 4
   4 4 3 0 0 2 3 1 0 3 0 4 1 5 4 3 4 1 0 4 2 2 3 4 3 2]
  [0 3 3 4 3 4 2 5 0 5 4 1 2 3 3 4 4 5 0 4 3 2 2 2 0 3 5 3 0 1 4 2 2 2 0
   4 1 3 5 1 0 1 3 3 0 4 0 4 5 3 4 5 5 0 0 5 2 5 4 3 1]
  [0 4 4 5 4 3 2 2 3 3 0 4 0 5 4 2 3 0 1 1 0 3 5 0 0 4 3 3 4 4 5 2 0 5 0
   2 0 0 1 2 3 0 4 0 3 5 0 3 5 5 3 3 5 4 3 0 3 1 5 2 5]
  [0 5 0 3 0 1 4 5 2 4 4 5 5 1 5 5 0 1 4 3 3 2 2 3 2 5 5 0 0 1 5 5 0 5 2
   1 3 4 4 3 4 0 4 0 5 1 2 4 5 1 2 4 3 4 4 2 0 0 3 2 2]
  [0 3 4 1 4 3 3 4 3 4 0 2 4 5 3 1 1 5 5 5 5 1 2 4 4 4 0 4 3 5 4 2 1 5 4
   4 4 0 4 4 3 1 3 0 0 1 4 0 2 3 1 0 5 3 1 4 3 0 5 2 2]
  [0 3 3 0 3 4 2 1 1 5 4 4 5 4 2 5 3 5 4 2 5 1 1 3 2 1 4 5 1 0 1 1 0 2 1
   4 5 4 2 0 3 3 5 0 0 3 3 2 5 4 0 1 0 2 5 4 4 1 0 2 1]
  [0 1 5 3 4 3 0 2 1 5 5 0 2 1 5 3 2 2 5 5 2 2 1 4 3 0 0 1 5 2 1 1 4 1 4
   0 0 3 3 4 1 1 2 2 1 1 2 0 5 3 0 2 3 0 3 5 4 1 4 0 0]
  [0 3 3 0 5 2 3 3 1 0 4 5 3 1 0 2 3 0 4 1 4 1 1 5 1 4 3 0 2 3 1 3 4 2 5
   2 5 5 3 3 1 2 3 1 0 0 5 0 2 2 2 4 0 3 3 4 5 2 2 1 0]]]
release_time
[  0  17  57  12  37  57  39 367   2  36  63  10  29  22  20   0 325   2
 432  68   2  80   6  16  63  13  47   2  34  24 384  26  44  44  54   0
  33  17  27  29   8 572   5  25  63  49   8 494   5   9  18  58  19  14
   2   4  22  35   8 216  84]
due_date
[  0  97 109  29  56  89  74 470  85  47 121  72  53  32  27   1 330  40
 542 105 116 105  11  21  63  73  78  95  71  53 839  76  44  78 120  14
  89  43  41  29  55 714  93  37 103  56  16 596 121  49  87  84 111 170
  71  34  22  42  66 974 112]
unit_emission
[16 16 12  8  9]
emission_limit
46717.2
setup_severity
0.02
due_tight
0.9
due_range
1.0
release_tight
10
degree_constr
0.8
