mach
5
job_rate
12
weight
[ 0  7  5  6  3  9  8  9  1  2  6  4  6  3  6 10  1  3  4  9  5  6  9  2
  6  4 10  8 10  4  9  6  5  5  6 10  8  4  9  1  5  3  8  3  7  2  9  9
  1  8  6  5 10  7  6  2  4  5  7  9  1]
proc_time
[[  0 117 117 111 116 114 119 104 128  82 102  56  58 100  89  96 123 127
   88 116 141  97 128  59  69  71  93 137 118  77  92  80  97  71 109  62
   72  64  56 117 100 135  54  53 103  87  98  88  99  76  66 146  70  69
   59 137 144  57 126 135 129]
 [  0 106  63 126  59 121  98  65 113  97 111  83  52  92 143  64 102 117
   78 122 101  75  77  71  77  61 138 149 107 100 121  92 111  68 100  69
  106  68 134  91  79  67 134 121 116  92 125 129 110 143  69 111  79  66
   90 129 128  50  74 107  99]
 [  0 116 131 107 117  65 133  81  87 137 122  52  61 130 128 118 120 125
   74 112 128 115 128 140 129  96 131  81 112 106 100  83 116 105 146 129
  121 126 137  71  78 107 136 103 134 140 145 125 122 120  81 137 136 100
   63 116 114  77 103  60  99]
 [  0 149 146  79 134 125 100 135  93  69 136  88  70 138  67 102 135 126
  134 149  94 132  62  69  57  53  65  51 147 110 106  98 106 135  76  90
   55 106  53  66  72 100  67 142 128 115 117  83 126  70  59 107  61  97
   54  88 103 104 129  52  79]
 [  0 116 127  79  85 149 108  81 112  78  58 133 110 121  84  93  87  92
   91  78  63  81  79 119  62 124  95 146 107 121  51  76 122  83 115 140
  130 124  66  77  59 127  59 109  93  52  64 133  87 125 129 138 100 133
  136 115 122  84 100 135  84]]
setup_time
[[[0 2 4 3 2 4 3 5 5 3 5 3 0 2 4 3 0 3 4 3 1 4 5 4 4 3 1 3 2 1 3 5 5 3 5
   4 2 5 5 2 1 4 4 4 4 5 5 4 3 5 3 2 5 1 0 5 0 5 0 4 4]
  [0 0 0 2 0 2 2 2 2 4 2 0 1 1 4 5 0 4 4 5 1 5 0 1 2 1 0 0 2 0 4 3 0 4 4
   4 3 5 4 3 3 2 2 4 1 5 1 2 3 0 5 0 2 1 1 5 4 2 3 0 3]
  [0 3 0 2 0 5 3 3 4 5 2 2 5 2 2 4 2 3 1 1 5 4 4 5 5 2 2 5 4 1 1 0 1 0 1
   1 0 5 0 2 3 0 2 1 2 3 2 5 3 5 2 0 0 4 5 5 1 0 3 2 5]
  [0 5 4 0 5 4 0 4 0 0 2 0 5 4 1 0 1 4 4 4 5 2 1 4 0 4 4 2 5 5 4 5 2 3 2
   1 2 5 0 0 2 2 1 5 3 3 1 2 4 5 5 5 3 2 5 0 1 0 2 1 5]
  [0 4 5 4 0 1 4 4 3 1 4 2 1 3 3 4 3 3 2 3 5 2 3 4 3 1 1 0 5 0 2 3 4 2 0
   0 0 2 3 4 4 2 3 2 5 2 1 0 5 2 1 0 4 4 5 0 2 5 1 5 0]
  [0 3 4 1 5 0 5 5 1 4 1 3 5 5 0 1 2 3 3 4 5 3 0 5 4 4 0 3 4 4 0 4 4 4 5
   4 3 5 1 1 1 3 3 4 3 2 5 2 5 3 5 4 0 5 1 2 1 3 1 4 0]
  [0 4 5 0 1 3 0 3 2 2 1 5 2 2 2 1 2 0 2 3 4 5 2 5 3 4 3 4 0 5 1 4 1 0 4
   2 4 5 1 4 3 5 0 2 0 0 2 2 0 1 2 5 0 0 1 4 5 2 5 3 3]
  [0 1 1 4 2 5 0 0 3 2 4 2 3 4 4 3 3 3 5 1 5 2 0 4 3 2 4 5 0 1 0 2 0 2 0
   0 3 4 5 3 5 5 3 0 1 5 3 1 1 0 2 5 3 3 1 4 5 4 3 2 2]
  [0 4 2 1 3 5 2 0 0 4 4 1 2 1 2 0 0 1 2 1 0 5 1 1 5 2 5 2 0 1 1 3 0 1 1
   5 3 1 2 0 4 1 5 0 3 1 0 2 3 3 0 3 4 1 0 0 5 5 1 0 1]
  [0 1 5 2 4 3 1 5 3 0 1 0 4 4 2 4 3 1 1 2 3 3 4 2 0 3 4 1 3 2 2 0 1 5 0
   5 2 5 3 0 1 0 4 5 1 0 4 2 5 1 0 0 5 3 4 5 4 1 3 5 5]
  [0 5 0 5 1 5 4 1 3 0 0 3 2 2 3 4 2 5 0 5 3 2 1 2 4 2 3 5 4 5 3 4 1 0 0
   2 4 2 1 0 3 4 0 3 0 5 4 2 0 4 5 4 3 3 5 1 3 0 1 2 3]
  [0 2 5 0 0 3 3 0 3 5 3 0 1 2 5 2 1 0 1 1 2 4 3 2 2 1 5 0 1 1 5 3 1 1 5
   1 3 1 1 1 5 5 4 5 4 2 3 4 0 0 0 5 4 3 4 4 0 5 1 5 4]
  [0 5 1 1 5 3 1 4 2 5 4 4 0 4 3 2 1 0 2 3 3 4 4 3 4 5 3 2 0 0 3 0 1 5 4
   5 4 1 1 4 3 0 1 4 1 5 3 3 4 5 4 3 4 2 1 4 2 3 1 0 3]
  [0 5 4 3 0 5 5 0 2 2 0 2 4 0 2 3 2 2 1 1 0 1 2 4 5 0 2 0 3 5 2 1 3 0 5
   4 5 1 5 3 5 4 2 4 0 0 4 3 1 1 2 3 5 1 0 2 4 2 4 3 3]
  [0 2 4 5 4 0 3 2 0 4 2 5 1 3 0 4 5 3 3 2 4 5 0 0 0 3 0 3 3 5 2 5 0 0 1
   5 3 5 4 1 1 1 3 2 5 4 0 0 5 1 5 4 0 2 5 0 0 5 2 2 5]
  [0 4 4 5 3 2 1 1 0 2 1 5 1 1 2 0 4 5 3 0 3 5 0 3 2 5 1 4 4 3 2 1 4 4 0
   0 2 0 2 5 3 1 5 3 4 0 2 1 3 0 3 3 4 0 2 2 4 5 2 1 2]
  [0 1 5 0 1 0 0 2 4 2 1 4 3 3 4 1 0 5 0 5 3 0 4 5 3 2 5 4 2 0 5 2 5 1 0
   5 2 3 2 0 4 0 0 4 1 4 1 4 4 1 3 2 3 0 3 3 3 1 2 5 3]
  [0 0 4 5 4 0 1 1 1 0 0 4 1 1 2 2 2 0 0 0 0 2 1 1 5 3 3 1 4 4 4 0 0 5 5
   3 5 0 4 2 4 1 5 3 1 2 1 3 5 3 1 5 5 5 1 2 1 1 5 5 3]
  [0 2 4 0 3 2 2 2 5 1 3 1 3 5 2 4 3 4 0 4 2 5 3 3 3 5 0 4 1 4 2 1 4 4 3
   4 1 1 5 1 4 3 3 4 5 0 5 0 4 5 5 3 4 5 0 1 5 4 2 5 3]
  [0 5 3 2 3 2 2 0 5 4 5 4 0 4 5 3 0 2 1 0 0 5 3 4 5 5 0 4 5 4 4 3 2 4 1
   5 1 2 4 3 4 2 4 5 2 4 0 1 5 2 0 2 1 4 3 5 5 2 0 3 2]
  [0 5 4 2 0 4 5 0 1 3 1 2 5 5 0 3 1 5 4 1 0 3 0 4 5 1 0 0 3 1 1 4 5 4 1
   1 0 4 4 2 3 3 2 1 0 1 2 0 4 4 5 5 2 3 2 1 2 1 1 0 3]
  [0 0 5 0 0 4 0 5 4 3 3 0 1 4 2 2 4 2 0 2 3 0 4 2 3 0 3 3 2 3 1 4 2 2 4
   1 2 5 4 2 2 4 4 2 1 5 5 3 4 4 1 4 3 3 2 1 1 2 5 0 3]
  [0 2 3 3 3 4 0 5 1 3 4 4 1 0 2 0 0 1 5 0 1 1 0 2 4 3 0 2 1 4 4 1 3 5 2
   1 0 1 5 0 5 4 5 1 0 0 4 1 0 1 2 3 3 4 2 4 0 1 1 5 2]
  [0 5 0 3 5 5 1 0 0 0 3 1 1 2 2 1 4 2 5 4 1 0 0 0 5 2 5 5 3 2 0 3 4 4 4
   2 0 0 4 5 3 5 1 1 5 0 4 2 4 4 1 1 5 5 3 5 0 0 3 2 1]
  [0 3 2 4 0 3 1 1 2 5 1 3 2 0 4 0 5 5 5 3 4 4 3 5 0 2 1 3 2 3 5 0 0 2 0
   3 0 1 1 3 5 0 4 3 2 1 3 1 5 2 5 1 5 1 1 1 2 3 1 1 4]
  [0 4 5 3 4 2 1 3 3 4 0 5 4 3 2 4 0 0 3 1 5 4 1 1 3 0 0 5 2 1 4 0 3 2 3
   0 4 0 0 5 2 3 4 5 5 3 2 3 5 0 2 1 1 1 3 2 4 3 1 4 2]
  [0 5 0 4 0 3 0 5 0 2 2 0 4 1 3 5 2 3 5 3 2 1 0 5 0 5 0 5 5 4 2 3 4 4 5
   5 1 2 1 5 4 5 2 0 0 2 3 4 3 0 2 3 3 0 4 0 0 1 2 0 4]
  [0 1 3 0 4 1 0 1 5 3 1 4 2 5 0 3 0 4 2 0 4 3 5 1 2 2 4 0 0 2 5 1 2 5 3
   0 2 4 5 4 2 3 1 2 5 0 2 4 2 3 2 3 0 0 4 0 2 1 2 5 2]
  [0 4 1 1 2 0 3 0 0 5 0 3 4 5 4 0 3 4 4 0 0 5 1 2 3 5 4 1 0 5 4 5 4 4 5
   4 2 1 0 1 2 5 5 2 1 5 1 0 1 4 4 3 5 3 2 3 3 0 0 5 3]
  [0 5 0 4 2 1 5 3 3 3 5 5 0 3 5 5 5 2 4 1 1 0 4 1 1 0 1 1 5 0 5 3 3 2 3
   0 1 0 4 2 3 4 0 1 0 5 1 4 1 5 2 3 4 1 1 4 1 5 0 5 3]
  [0 2 2 5 2 0 3 3 3 1 0 2 3 4 5 2 5 0 1 3 5 5 3 4 1 4 4 1 2 0 0 4 5 0 1
   5 4 2 4 1 4 5 5 4 0 1 2 1 5 5 5 4 4 5 3 3 0 3 0 0 4]
  [0 5 3 4 4 3 5 4 0 4 1 0 0 1 5 2 5 5 1 2 3 0 5 5 0 3 1 5 3 4 5 0 2 1 0
   1 5 3 5 5 0 1 5 1 2 5 5 0 5 3 4 5 1 3 0 1 5 2 5 5 2]
  [0 1 3 4 0 2 4 2 5 2 3 3 5 0 4 2 2 4 3 2 5 1 3 1 2 5 0 0 1 2 1 1 0 0 4
   4 4 0 5 2 1 2 5 5 3 4 3 0 3 3 1 5 5 3 2 2 1 5 1 0 5]
  [0 5 5 3 3 5 0 5 4 0 2 5 2 4 4 3 5 0 5 4 0 0 2 2 3 5 5 0 0 4 5 1 1 0 5
   5 0 2 5 5 3 5 4 5 2 1 0 1 1 4 2 4 5 5 1 0 5 3 1 4 3]
  [0 3 4 0 2 3 1 1 0 1 0 1 4 3 1 5 1 5 5 1 1 1 5 1 2 5 5 4 0 3 0 5 1 5 0
   0 4 4 5 5 2 3 4 4 0 1 1 5 0 3 3 5 2 3 4 1 1 0 1 3 1]
  [0 5 3 0 5 5 5 5 3 1 2 2 1 2 4 4 2 5 1 0 3 5 0 0 2 0 0 3 0 2 1 3 5 1 2
   0 0 2 2 5 4 0 0 1 0 5 0 5 2 1 0 2 4 3 5 4 5 2 3 2 0]
  [0 4 1 1 1 1 5 4 1 4 1 5 5 5 4 1 3 2 1 5 1 5 3 4 1 5 1 1 2 4 4 0 1 1 4
   0 0 5 0 4 0 1 1 3 1 3 3 4 3 0 3 3 0 0 2 5 0 0 3 1 5]
  [0 0 3 2 2 4 3 5 2 0 0 1 4 3 5 4 1 2 0 5 2 5 5 2 3 1 5 3 4 1 3 4 2 2 4
   0 5 0 0 4 5 5 5 2 3 3 5 4 1 3 5 1 5 5 2 5 2 3 0 1 1]
  [0 4 5 2 5 0 1 2 1 1 2 0 4 4 1 4 3 5 1 3 2 0 2 3 4 5 2 3 0 3 5 3 3 1 1
   1 0 4 0 3 0 3 0 2 5 5 4 3 3 2 4 2 3 5 0 1 3 0 4 4 4]
  [0 1 2 2 4 2 0 2 1 5 4 4 0 4 3 0 4 0 3 1 2 0 1 5 3 5 3 1 2 3 5 0 4 5 2
   2 1 5 1 0 3 1 1 1 4 5 1 1 4 1 4 5 3 1 4 2 2 1 3 3 1]
  [0 2 5 2 5 1 1 3 1 4 1 5 0 5 3 3 1 5 5 3 0 4 0 0 1 4 2 0 4 5 4 1 3 0 5
   0 2 3 5 1 0 3 4 2 4 1 3 5 5 5 5 4 4 2 5 1 2 1 2 1 4]
  [0 3 4 2 4 1 0 0 5 4 3 1 1 4 5 0 2 2 0 0 2 1 4 1 1 0 1 1 4 3 4 4 3 0 4
   2 3 1 2 2 0 0 2 0 3 4 4 2 4 4 1 3 2 1 4 1 1 1 1 4 2]
  [0 1 2 4 1 0 3 1 4 0 1 3 5 5 2 2 0 3 2 4 0 1 5 4 2 3 2 5 1 5 3 2 0 5 0
   3 5 4 2 3 0 5 0 1 3 0 3 4 4 0 3 3 5 4 0 5 4 2 2 4 2]
  [0 2 4 4 0 2 1 5 0 2 3 5 0 4 2 2 1 0 0 0 1 5 2 1 0 1 2 0 4 1 0 4 3 0 2
   5 5 1 1 1 4 3 4 0 2 2 0 0 3 1 2 4 4 1 1 5 2 0 0 3 2]
  [0 5 0 2 5 0 0 2 3 3 4 4 3 5 1 3 3 1 0 3 0 2 5 1 3 3 0 2 5 5 1 2 5 4 5
   2 2 1 5 1 3 3 2 0 0 3 4 0 4 1 1 5 4 1 1 2 4 3 3 0 4]
  [0 1 5 4 0 3 1 1 3 1 3 3 2 5 0 3 4 0 1 5 1 0 1 1 4 5 3 3 0 5 4 5 2 4 2
   2 4 4 3 3 1 1 5 5 3 0 5 5 0 4 0 2 2 5 1 5 5 5 5 2 2]
  [0 1 4 3 3 0 4 1 0 5 0 4 3 1 0 2 3 1 5 2 0 1 2 4 4 3 3 3 3 4 0 5 4 5 3
   1 1 0 2 1 4 0 3 2 0 2 0 5 4 3 1 3 2 5 1 5 1 1 4 5 2]
  [0 4 0 4 1 3 5 0 1 5 2 5 1 1 2 2 0 4 3 3 5 5 0 4 0 0 5 2 4 4 0 4 0 0 1
   5 2 1 3 2 1 3 3 0 2 2 1 0 0 3 2 2 3 1 0 3 2 0 2 1 4]
  [0 2 4 5 4 3 5 0 2 3 3 4 1 4 5 3 5 5 5 4 2 4 3 5 4 3 4 4 3 0 4 1 3 0 1
   2 0 4 2 1 5 2 1 3 1 4 0 4 0 3 2 1 1 4 2 4 5 3 4 4 4]
  [0 4 5 5 2 1 2 4 1 5 4 1 2 4 2 4 2 0 1 3 5 4 2 0 3 0 2 2 3 1 3 5 5 4 2
   3 5 5 3 1 2 4 1 1 3 3 1 5 2 0 4 1 5 1 3 1 3 4 1 4 1]
  [0 2 1 0 1 4 1 1 5 5 5 3 4 2 5 3 1 0 1 1 3 0 3 1 4 3 5 2 5 5 4 4 4 5 2
   2 5 1 5 0 2 4 0 0 4 1 3 1 3 4 0 0 3 2 2 5 0 2 2 4 4]
  [0 1 0 0 3 0 5 1 3 0 5 1 3 1 4 2 4 0 2 0 3 5 1 1 3 0 4 3 2 2 5 2 0 5 3
   5 2 0 3 4 2 5 0 2 5 5 1 4 2 2 4 0 1 4 3 4 5 1 3 0 3]
  [0 3 5 5 3 4 0 3 5 0 5 3 3 0 1 0 5 0 3 3 0 2 3 3 5 0 4 5 1 5 5 5 2 2 0
   3 4 2 0 2 5 4 5 0 3 0 3 2 5 1 3 2 0 1 5 2 1 3 0 4 2]
  [0 5 2 5 2 5 2 3 3 5 3 1 5 1 0 1 3 2 0 3 5 2 1 1 4 1 3 3 5 2 0 4 1 1 4
   0 0 3 0 4 2 3 2 2 3 1 4 4 0 5 0 5 0 0 1 1 1 4 0 1 4]
  [0 3 1 5 5 2 4 3 5 2 2 5 5 0 0 1 1 0 1 0 3 5 1 0 3 1 1 0 1 0 3 4 2 0 3
   4 2 3 4 0 1 1 1 0 2 4 5 0 5 1 0 1 5 5 0 3 1 3 5 4 3]
  [0 4 0 4 1 3 2 1 4 2 2 1 0 1 5 5 5 4 0 3 0 2 1 0 1 1 1 2 0 0 4 0 0 4 1
   2 4 1 3 2 5 5 1 0 0 4 1 3 1 5 2 1 5 2 2 0 5 4 5 0 5]
  [0 4 3 5 4 1 5 4 1 0 4 5 2 5 1 1 0 4 3 5 5 3 4 3 0 3 0 4 0 4 0 3 4 0 1
   2 1 0 5 2 1 0 5 4 0 2 3 4 4 5 0 2 0 3 2 1 0 5 3 2 2]
  [0 5 4 2 3 4 0 3 3 5 3 0 4 0 2 1 5 3 5 3 5 1 4 2 3 1 3 4 5 3 5 4 0 3 0
   4 5 3 1 3 4 2 5 0 4 5 0 0 5 3 0 5 3 4 3 0 0 0 4 3 4]
  [0 3 3 3 0 1 0 1 0 0 5 3 1 1 0 5 0 5 4 3 4 5 4 0 2 1 0 4 0 0 1 5 2 3 5
   5 2 1 0 1 2 5 1 3 1 1 1 3 2 5 5 2 2 4 5 4 0 3 0 2 3]
  [0 4 1 4 5 2 5 2 3 2 2 5 3 2 5 1 5 3 1 3 5 1 4 3 2 1 5 1 3 0 2 0 2 1 5
   0 1 1 3 3 4 3 2 1 0 3 2 2 0 3 5 3 4 4 2 2 4 0 0 0 1]
  [0 3 0 5 3 0 1 2 2 2 0 2 0 0 4 4 4 2 0 3 3 5 3 2 1 3 3 1 2 1 1 1 4 3 3
   3 5 5 2 0 1 3 3 1 0 5 0 0 0 0 5 3 5 1 0 2 3 4 2 3 0]]

 [[0 5 1 1 2 2 2 4 5 1 4 5 5 2 2 2 5 0 4 0 4 5 4 4 2 1 4 4 3 2 0 1 2 1 5
   2 0 2 4 1 3 1 2 2 2 5 2 3 5 2 3 2 1 4 4 3 5 4 5 0 2]
  [0 0 5 4 5 3 0 2 3 2 2 2 3 5 1 2 3 2 0 1 1 2 1 3 4 2 0 2 1 0 5 1 1 2 4
   2 0 0 4 5 0 4 0 1 4 2 4 4 5 5 0 0 5 3 0 5 0 3 1 5 1]
  [0 2 0 0 0 4 1 3 2 0 1 0 0 0 5 1 3 4 3 0 1 3 0 1 3 0 2 5 4 5 5 5 1 2 0
   5 3 3 4 2 1 1 5 1 4 0 4 3 1 1 3 2 2 1 1 0 3 0 4 0 2]
  [0 2 1 0 0 0 1 2 2 5 5 0 3 3 5 1 3 3 3 0 2 4 1 4 0 0 5 1 0 0 0 4 2 4 4
   3 3 3 1 1 1 1 0 5 1 0 0 3 3 4 3 4 1 4 4 3 2 0 0 0 5]
  [0 5 5 3 0 2 3 4 3 4 3 0 4 3 2 1 3 3 0 1 2 0 1 3 0 4 5 3 5 5 0 2 3 4 0
   0 3 5 3 5 2 5 2 5 5 5 0 5 1 2 5 1 4 0 0 4 1 5 2 1 3]
  [0 5 1 1 5 0 0 1 0 5 5 4 1 3 2 3 3 5 4 5 3 3 2 0 0 3 4 5 0 2 2 2 5 0 5
   1 4 4 2 3 0 1 3 1 0 0 5 3 0 0 4 1 5 2 0 5 3 5 4 3 0]
  [0 0 1 2 2 1 0 1 1 4 3 0 0 4 3 0 0 4 3 0 3 4 3 0 3 2 0 2 3 2 2 1 0 2 4
   3 4 1 0 1 5 0 4 3 2 1 3 3 3 5 3 2 3 3 1 0 2 3 1 0 0]
  [0 3 2 2 5 1 0 0 5 5 4 3 1 2 5 1 4 3 2 0 4 5 5 1 0 2 3 4 5 5 1 3 5 4 4
   4 5 5 4 2 1 3 0 0 2 4 0 4 4 5 5 1 3 0 2 4 3 3 1 0 3]
  [0 4 1 4 2 3 3 3 0 0 1 1 0 0 2 2 3 5 3 2 5 4 0 5 1 3 5 5 3 0 0 2 1 4 4
   3 0 2 3 1 4 4 3 3 1 2 1 2 1 5 3 5 3 2 2 1 2 1 1 1 4]
  [0 0 2 3 4 2 0 1 3 0 5 0 0 0 1 1 3 1 5 1 4 4 2 2 1 0 5 3 0 0 4 0 0 4 1
   1 5 4 4 0 5 2 0 0 5 2 5 2 0 4 5 2 5 0 3 4 0 5 1 3 0]
  [0 2 1 5 3 3 2 3 3 3 0 0 1 4 3 5 5 1 2 0 5 1 4 4 2 3 2 5 2 3 5 4 4 4 3
   5 2 4 4 2 5 0 0 1 3 5 2 4 5 5 2 1 4 1 1 2 1 2 4 2 4]
  [0 2 3 4 5 4 0 4 2 1 3 0 2 2 0 4 1 4 0 4 0 1 2 3 5 5 0 4 2 3 3 0 0 5 0
   1 5 5 0 2 3 2 1 4 5 5 3 0 4 2 3 0 5 1 3 4 3 0 5 2 4]
  [0 2 5 1 2 1 3 0 1 1 0 0 0 3 3 0 2 5 2 3 0 2 4 1 1 2 0 5 0 3 5 2 4 4 1
   2 1 4 1 2 3 3 3 4 3 1 0 5 5 0 1 0 3 5 0 0 1 5 1 2 5]
  [0 0 3 2 1 0 1 3 0 2 3 0 3 0 3 3 5 1 2 3 4 4 4 2 3 4 4 0 2 3 4 2 4 5 5
   2 2 5 3 2 0 0 3 0 1 5 3 3 0 2 4 1 0 1 5 3 5 2 1 4 2]
  [0 1 3 5 1 3 1 0 4 5 1 4 1 2 0 1 4 5 0 1 3 5 4 1 5 1 2 5 2 1 4 0 0 5 1
   5 0 2 1 4 2 0 0 2 2 4 5 1 4 1 3 2 3 3 4 4 5 1 1 5 2]
  [0 2 1 1 2 1 5 1 3 4 3 3 5 1 3 0 5 1 5 4 1 0 4 0 2 4 3 0 0 5 1 3 3 4 5
   0 0 0 3 5 3 0 3 1 5 2 3 1 4 0 2 5 4 2 4 1 0 2 2 5 3]
  [0 1 4 5 4 3 4 2 5 3 4 4 1 3 1 4 0 3 5 0 4 2 4 2 5 5 2 3 3 1 2 5 1 3 5
   2 1 4 3 2 1 0 5 4 2 0 1 3 3 0 0 5 0 5 2 2 5 0 5 0 1]
  [0 0 4 2 2 4 0 5 3 1 4 5 3 1 4 3 4 0 4 5 5 3 4 3 3 3 4 3 1 0 3 2 2 0 5
   3 1 2 1 4 0 4 3 4 2 3 1 1 0 4 1 3 2 1 3 4 4 3 3 1 5]
  [0 4 4 1 4 4 0 5 1 1 1 0 4 5 2 2 2 5 0 1 0 0 5 2 2 5 4 4 2 1 3 4 2 5 3
   4 2 0 2 1 4 0 2 4 1 0 1 2 5 5 3 3 3 4 3 3 4 2 1 4 0]
  [0 2 3 3 0 2 2 4 5 3 3 5 0 5 5 3 4 4 0 0 5 5 2 2 4 3 0 4 5 5 2 1 2 5 0
   4 2 4 4 1 3 2 3 2 5 2 5 5 1 1 0 2 1 4 3 3 1 4 4 2 5]
  [0 4 4 4 5 3 3 3 4 5 5 0 4 3 0 0 2 0 3 0 0 5 0 3 2 3 2 5 1 2 5 3 3 4 1
   2 1 5 5 4 1 4 3 3 1 2 2 2 0 0 4 1 5 3 4 5 4 2 5 0 4]
  [0 2 2 3 4 2 1 3 5 3 5 4 5 1 0 2 5 3 4 3 1 0 4 4 5 2 4 1 5 4 2 2 0 2 5
   4 5 5 5 5 2 1 3 5 3 2 4 3 4 3 3 3 3 1 2 1 5 3 4 5 3]
  [0 0 1 0 2 2 0 1 2 4 2 0 3 3 0 1 0 0 1 4 2 1 0 1 1 0 1 4 4 2 3 5 1 2 4
   1 0 3 2 1 5 5 3 2 5 2 5 0 3 3 3 5 1 5 3 5 0 0 3 1 3]
  [0 5 1 4 3 0 2 4 0 0 0 0 2 1 0 4 2 4 4 3 2 2 3 0 3 2 0 3 3 3 5 0 4 2 0
   0 2 1 3 4 2 0 2 4 4 2 5 1 4 4 0 5 3 5 1 4 2 5 3 3 3]
  [0 2 3 1 4 2 2 3 5 3 3 2 1 5 2 5 5 4 0 3 4 4 4 0 0 2 1 0 5 4 4 4 2 4 3
   3 1 2 0 0 4 2 1 3 1 1 3 0 5 1 5 4 5 3 2 1 5 5 0 0 3]
  [0 3 3 5 2 4 5 5 0 3 1 3 5 4 1 3 3 3 4 2 1 3 1 3 5 0 4 4 0 5 0 1 2 3 3
   1 1 2 1 1 1 0 3 5 3 2 3 4 4 4 0 1 5 2 4 4 0 0 2 5 1]
  [0 0 2 2 5 0 0 4 1 1 3 5 2 1 5 1 3 1 4 4 5 5 2 1 1 0 0 2 1 2 3 4 1 2 1
   0 0 5 3 4 3 3 2 1 5 3 3 1 2 4 4 0 4 4 4 5 5 1 2 4 2]
  [0 1 5 5 2 4 1 1 1 0 3 0 5 2 0 4 4 4 2 3 0 3 3 5 0 2 4 0 0 1 4 0 5 1 5
   2 1 1 4 1 5 1 5 2 3 5 4 1 4 2 2 4 4 1 5 4 2 4 1 0 3]
  [0 0 4 4 2 1 1 3 1 5 2 4 0 4 2 2 5 2 2 1 5 2 5 1 2 4 2 1 0 3 0 0 1 4 2
   2 3 3 1 1 0 4 5 1 0 2 4 4 1 1 5 5 4 2 5 1 0 5 1 4 5]
  [0 4 0 5 3 3 2 5 2 2 1 5 3 4 0 0 5 4 2 2 4 1 4 0 4 0 3 5 1 0 2 1 2 5 2
   5 2 1 1 1 1 2 0 3 2 5 0 1 5 3 5 4 4 1 5 3 2 0 1 1 2]
  [0 2 5 2 3 1 5 5 5 0 0 3 5 2 0 5 3 2 5 2 4 1 4 1 4 1 2 1 5 1 0 5 0 1 2
   3 3 1 3 2 1 0 4 3 3 3 3 0 2 5 5 4 5 2 2 1 3 0 5 5 3]
  [0 0 3 0 4 3 3 3 2 4 0 4 0 0 0 4 1 4 0 5 5 2 1 0 3 0 2 0 5 5 2 0 4 3 4
   1 5 2 2 2 1 5 1 3 5 1 3 2 1 5 2 4 0 1 0 5 0 0 2 0 2]
  [0 1 5 3 2 1 3 2 3 2 0 2 2 0 1 5 2 1 5 2 4 4 2 5 3 5 4 0 1 2 1 3 0 2 4
   5 0 1 2 2 1 3 0 4 0 1 5 2 2 2 3 4 3 3 3 3 4 5 5 0 3]
  [0 3 0 1 1 3 4 0 4 1 5 5 2 5 3 3 0 5 4 2 4 0 0 0 3 4 3 3 5 3 5 4 3 0 0
   3 3 4 4 0 1 3 0 5 2 5 0 3 5 4 0 0 2 5 0 3 4 5 5 4 5]
  [0 1 3 4 3 5 1 2 2 0 4 3 0 1 2 1 3 4 0 0 3 3 3 2 1 0 2 3 1 4 3 0 5 0 0
   4 5 5 1 0 2 2 2 2 5 4 3 3 2 0 4 1 4 4 5 2 0 4 4 1 2]
  [0 5 5 5 2 2 1 1 0 3 4 4 1 0 3 5 4 0 4 2 1 4 4 0 1 3 5 4 4 4 3 2 5 3 5
   0 0 5 4 3 5 1 0 2 3 0 2 1 0 4 1 5 3 1 0 1 4 4 3 0 0]
  [0 3 0 1 2 4 4 5 3 4 3 1 3 5 1 4 2 0 3 3 4 3 5 3 1 2 4 5 2 4 2 5 5 3 4
   5 0 2 2 5 1 0 3 4 3 1 4 2 3 4 2 2 3 4 1 0 5 3 4 2 0]
  [0 2 0 4 5 4 2 3 4 3 2 0 3 4 4 0 5 4 4 1 3 3 2 4 2 1 1 2 4 0 0 3 5 2 3
   4 0 0 5 5 5 5 0 5 5 1 2 2 3 0 1 0 3 4 3 2 5 0 0 0 3]
  [0 5 5 1 5 0 5 4 2 2 3 2 4 1 0 1 1 5 0 2 2 3 3 0 5 1 3 5 2 4 0 5 5 1 3
   2 5 4 0 1 2 2 5 3 2 3 0 0 0 3 5 3 5 1 3 3 4 1 2 0 4]
  [0 2 3 2 1 0 5 5 2 1 5 0 4 5 5 0 5 1 1 0 3 1 0 4 1 3 2 2 4 5 5 3 4 0 3
   3 5 5 4 0 4 5 4 3 5 4 5 3 4 0 0 2 5 0 2 0 0 2 0 5 2]
  [0 2 1 5 3 2 4 2 2 5 3 4 3 1 1 0 4 5 3 0 3 5 3 4 3 2 1 1 0 2 3 2 2 4 3
   4 4 2 3 3 0 4 2 3 1 0 2 4 2 1 1 3 4 2 1 3 2 3 2 5 2]
  [0 4 5 2 2 4 4 0 0 2 4 1 0 4 1 2 1 4 1 2 4 5 0 0 3 2 2 5 2 4 3 3 3 3 1
   2 4 5 1 4 5 0 2 1 2 5 5 4 3 1 3 5 3 2 2 2 3 2 3 4 2]
  [0 4 1 5 4 4 0 3 2 5 4 0 3 2 3 1 5 0 0 5 5 3 2 4 4 2 2 1 5 5 1 0 0 4 5
   0 3 0 1 3 3 2 0 4 0 1 1 5 2 2 4 2 5 1 2 5 3 4 1 3 2]
  [0 2 3 1 5 1 0 1 3 3 2 2 5 3 2 5 2 1 2 2 4 5 5 0 5 0 1 0 5 0 2 1 0 0 2
   2 5 0 5 2 4 0 3 0 1 3 1 2 4 4 2 3 1 4 5 1 3 2 2 0 2]
  [0 0 5 5 4 3 0 0 1 5 4 1 1 2 0 2 1 1 3 4 4 0 2 2 2 4 4 5 4 5 2 4 5 2 1
   1 1 2 5 5 5 0 3 0 0 3 1 4 2 4 2 2 1 1 2 2 1 5 2 0 1]
  [0 2 4 2 0 1 1 0 2 2 0 1 3 0 3 0 3 5 5 0 1 2 1 2 2 4 2 0 1 2 0 1 2 1 5
   3 1 2 2 1 5 1 0 3 3 0 4 5 1 3 3 2 4 5 1 3 0 4 5 5 5]
  [0 4 2 4 0 3 5 3 5 4 1 2 2 5 1 0 2 3 3 4 4 5 1 0 1 1 1 2 2 0 1 1 0 1 0
   4 3 5 2 5 0 1 0 5 2 3 0 3 5 1 0 5 3 1 4 2 1 2 3 5 4]
  [0 3 3 5 2 3 2 2 3 5 1 4 0 4 5 1 2 1 2 4 0 4 0 5 1 3 5 0 2 0 5 1 2 2 1
   0 4 1 1 1 5 0 4 2 4 4 4 0 4 5 4 4 2 2 4 1 5 0 1 2 1]
  [0 3 5 3 1 1 4 0 5 3 5 3 5 3 4 5 3 3 2 4 1 3 0 2 2 1 2 2 5 2 0 4 2 4 2
   3 1 1 3 1 4 2 3 5 2 2 3 3 0 0 2 3 3 3 4 3 1 4 0 4 1]
  [0 0 5 4 1 2 1 2 5 4 4 1 5 5 0 2 4 2 5 5 0 5 2 3 4 5 5 4 3 4 2 2 0 4 0
   5 0 4 3 1 1 2 2 4 1 0 4 3 2 0 5 4 2 0 4 0 1 4 3 3 3]
  [0 1 2 0 0 1 3 3 1 2 0 4 4 1 3 5 1 3 1 3 1 2 3 2 2 4 0 0 3 4 2 0 1 4 4
   1 3 4 5 1 1 5 2 0 3 4 5 2 0 1 0 3 5 0 2 3 3 1 2 3 4]
  [0 0 0 3 2 4 5 3 1 4 3 0 3 4 3 0 0 3 1 0 2 3 3 3 0 3 2 4 0 4 1 3 2 1 4
   0 0 3 1 4 5 4 5 5 3 2 2 5 2 0 5 0 2 2 1 0 3 3 0 0 5]
  [0 2 1 0 3 0 3 1 0 4 2 1 5 1 4 5 1 5 0 3 5 3 2 2 2 3 0 2 5 0 2 2 4 5 3
   0 1 0 4 1 5 2 4 1 0 0 4 0 3 2 1 0 0 0 3 5 0 3 1 1 5]
  [0 0 0 1 4 0 0 2 1 2 3 3 0 3 2 2 1 4 0 3 4 1 5 2 3 4 0 0 3 2 2 3 5 2 2
   4 0 5 4 3 1 3 0 1 3 3 1 4 0 1 5 4 3 0 2 1 5 5 1 5 3]
  [0 5 3 3 3 1 0 1 0 3 2 4 0 4 5 2 3 2 0 1 3 4 0 3 2 3 5 1 4 5 4 1 2 1 5
   3 4 0 2 0 3 0 2 3 2 2 3 1 2 0 3 3 0 1 0 3 4 5 3 1 4]
  [0 0 1 1 3 0 0 3 0 4 0 4 5 5 1 1 4 1 2 5 4 5 1 3 2 5 5 3 0 2 1 3 3 2 2
   5 1 2 5 3 5 5 2 2 4 0 1 4 0 5 4 0 2 2 1 0 1 3 3 3 4]
  [0 4 1 1 0 1 1 3 4 1 0 5 1 1 0 2 1 4 1 0 2 3 5 4 2 0 3 5 3 3 1 2 4 0 1
   4 3 0 2 3 4 3 4 2 1 4 5 2 4 1 0 4 1 3 2 0 0 3 1 0 3]
  [0 0 5 2 5 0 5 3 1 3 2 5 5 4 0 5 0 1 2 4 4 5 0 5 4 4 5 4 2 4 1 1 0 5 2
   1 1 1 0 5 1 3 3 5 0 2 1 0 5 0 0 5 3 2 0 4 0 0 0 3 0]
  [0 5 0 4 4 4 5 5 4 0 3 2 1 5 2 1 3 1 3 0 0 3 1 2 5 3 1 0 1 0 5 4 1 0 5
   1 0 2 4 4 0 1 0 1 3 1 3 1 2 0 5 1 4 4 1 1 2 1 0 4 1]
  [0 1 3 0 1 1 1 4 5 4 4 0 4 0 3 4 5 5 5 4 2 0 2 3 5 3 2 1 4 5 1 2 2 3 2
   2 2 5 4 3 5 0 3 2 5 2 5 0 1 4 4 1 0 2 1 5 2 3 2 0 5]
  [0 0 0 1 3 1 4 3 0 3 2 0 5 1 5 4 2 5 5 1 3 0 0 2 3 0 3 2 0 5 0 5 4 2 3
   3 3 4 2 5 0 3 1 3 4 3 1 3 1 1 5 1 2 2 5 1 2 3 4 2 0]]

 [[0 5 5 1 0 0 4 1 4 3 4 1 0 2 0 2 0 3 5 4 1 5 3 3 4 4 2 5 5 2 2 5 3 1 0
   2 1 5 4 2 5 2 5 0 5 3 1 3 5 3 3 2 2 2 1 1 2 3 0 3 0]
  [0 0 5 0 1 5 5 2 2 3 4 1 5 5 3 0 2 3 1 0 4 4 2 2 1 1 2 2 2 3 5 3 4 0 3
   2 0 4 3 3 1 0 2 2 2 0 3 0 3 0 5 5 5 3 2 0 4 5 2 3 1]
  [0 5 0 3 2 1 1 2 4 5 4 3 3 0 0 3 2 0 3 0 3 3 1 4 3 0 3 1 3 4 3 0 5 1 4
   3 4 1 2 0 2 4 4 1 4 1 3 4 2 3 2 4 2 0 2 5 3 1 1 2 0]
  [0 1 3 0 5 4 2 2 1 5 5 1 0 3 2 5 5 1 0 5 5 2 5 3 5 1 0 4 1 2 0 3 5 3 3
   5 5 2 4 3 0 2 1 2 3 5 0 1 3 1 1 0 0 2 3 5 1 3 2 1 0]
  [0 0 2 1 0 3 5 4 5 0 5 0 4 4 5 5 0 0 2 2 3 4 4 5 4 0 4 3 2 0 1 1 1 0 1
   0 5 1 4 0 2 3 0 2 0 1 4 1 0 1 2 5 0 0 0 0 3 4 2 1 2]
  [0 1 0 4 3 0 2 0 5 5 1 3 4 4 0 0 0 3 5 5 2 4 1 4 3 5 2 3 3 0 3 0 1 0 5
   3 2 3 1 1 2 4 4 2 2 4 0 5 0 1 0 3 2 5 1 3 5 5 2 2 3]
  [0 0 0 0 4 0 0 3 3 0 3 0 5 5 1 3 2 5 1 4 5 5 2 2 0 2 2 3 0 1 0 1 0 5 0
   5 4 0 0 2 5 2 3 2 4 5 1 1 2 5 2 0 5 2 2 4 0 0 5 4 2]
  [0 1 0 1 2 5 1 0 3 5 0 4 3 1 1 4 0 5 5 2 5 1 2 5 2 0 1 3 3 1 2 5 1 5 0
   0 1 2 4 4 0 5 2 3 5 3 0 2 3 2 4 4 1 2 3 2 1 4 1 3 5]
  [0 3 5 5 0 5 3 3 0 0 3 4 4 1 0 1 2 0 0 4 3 3 2 3 5 0 1 0 1 1 1 1 5 5 2
   2 3 1 2 4 2 5 1 4 3 1 0 4 5 5 0 4 3 3 1 5 3 4 0 3 2]
  [0 5 2 1 1 2 4 2 0 0 5 2 3 5 3 2 5 3 4 0 1 5 4 3 5 3 1 1 5 1 4 1 3 5 4
   4 0 1 5 1 4 5 2 4 4 5 5 2 0 0 4 2 2 0 0 4 1 4 2 3 0]
  [0 0 0 1 5 4 1 3 2 1 0 3 2 3 4 3 3 5 4 2 4 0 4 0 0 1 1 4 1 3 2 5 2 2 4
   2 1 3 3 0 2 2 0 4 2 5 3 5 4 4 3 1 2 0 2 3 2 1 0 5 1]
  [0 2 5 0 4 4 3 2 3 5 2 0 0 4 0 3 2 4 1 5 5 1 4 3 4 1 4 4 1 2 4 3 4 1 0
   3 3 5 2 1 2 5 0 2 2 3 4 0 0 3 4 1 3 3 5 3 0 2 2 1 3]
  [0 3 3 1 0 4 5 1 5 1 4 3 0 1 3 5 2 5 4 1 0 4 3 2 3 5 0 2 4 1 2 3 0 0 2
   4 4 2 0 4 1 0 1 3 3 3 4 1 0 3 2 3 2 1 5 4 4 1 2 5 1]
  [0 4 0 2 0 3 4 5 5 2 5 1 5 0 5 2 3 2 0 1 1 3 2 2 0 4 2 3 0 5 5 1 4 4 1
   5 2 0 4 2 4 1 3 0 0 0 5 4 0 5 3 2 0 2 4 2 4 2 5 0 1]
  [0 3 4 4 1 2 2 3 5 2 2 3 1 0 0 2 2 0 4 0 0 5 1 5 3 3 4 0 4 5 1 1 1 2 2
   4 4 4 5 1 2 2 3 1 5 0 3 3 1 3 4 5 2 3 4 0 5 2 1 2 3]
  [0 3 0 0 1 3 2 2 5 1 3 4 2 1 1 0 1 4 3 4 4 2 3 1 1 2 0 0 3 5 2 1 1 0 0
   1 1 2 4 4 5 3 4 5 1 1 5 1 2 4 0 2 5 0 2 3 0 4 0 3 2]
  [0 0 1 5 3 4 2 2 2 2 4 5 5 4 2 3 0 4 5 4 3 5 2 3 4 1 4 2 0 0 0 0 4 0 2
   0 2 3 4 4 4 4 2 3 1 3 5 1 1 4 5 2 2 5 0 0 1 4 0 1 1]
  [0 0 3 0 3 2 3 2 4 4 1 5 5 0 0 5 1 0 1 0 4 4 2 1 4 3 3 2 0 4 3 3 1 5 2
   2 3 2 1 3 4 2 2 0 0 2 0 2 0 1 1 1 5 3 5 4 3 1 5 3 5]
  [0 0 2 4 2 0 3 1 5 3 0 1 5 1 0 5 0 3 0 3 5 0 0 5 1 5 4 0 2 4 4 2 0 0 2
   5 4 4 2 2 1 2 4 5 0 3 1 2 4 3 5 3 4 0 1 5 2 3 3 1 3]
  [0 1 2 2 3 5 1 3 5 2 1 1 4 5 4 2 0 4 4 0 0 1 1 3 0 4 2 0 1 5 1 5 1 5 2
   5 3 4 3 4 2 2 3 3 2 2 0 2 3 2 1 1 5 0 4 4 3 2 2 5 0]
  [0 3 1 2 2 0 0 0 5 3 5 4 4 4 5 4 3 1 5 0 0 3 4 1 2 5 3 1 1 4 0 0 4 0 4
   2 5 5 1 3 4 4 0 4 4 3 1 4 4 5 0 3 4 1 3 3 3 3 0 3 0]
  [0 5 1 3 4 5 3 5 1 3 5 3 1 1 0 0 5 0 3 0 2 0 1 2 1 0 5 2 3 2 2 1 2 5 4
   3 2 0 0 1 2 0 3 0 3 4 1 0 4 2 3 2 3 1 3 5 4 2 3 5 5]
  [0 1 4 3 1 5 2 5 3 4 1 3 4 5 4 4 3 4 2 5 5 5 0 2 4 5 5 3 1 1 5 2 2 1 4
   0 3 3 5 4 1 1 5 2 0 3 0 5 2 1 4 5 2 0 3 2 4 2 5 0 4]
  [0 2 5 2 0 2 5 5 0 4 1 1 0 0 5 3 3 4 1 0 3 3 5 0 5 5 3 1 5 4 2 2 4 0 4
   4 2 4 2 3 1 5 5 2 0 0 0 0 0 5 5 5 3 0 2 5 1 1 1 4 1]
  [0 4 3 4 4 2 2 5 5 3 2 0 3 3 3 4 5 3 4 4 2 5 4 1 0 4 4 3 1 1 4 0 1 1 3
   5 0 1 1 2 3 4 1 5 5 3 5 3 1 4 2 1 4 2 2 4 2 1 3 3 5]
  [0 5 1 3 0 4 5 2 0 1 2 3 3 3 3 2 0 1 5 4 1 1 4 3 1 0 2 0 0 0 4 4 4 3 4
   1 2 2 2 1 4 0 4 1 2 0 1 2 5 3 1 4 0 5 3 3 1 2 1 4 0]
  [0 5 3 2 5 4 2 4 1 3 4 5 2 1 0 0 3 2 5 5 0 0 0 4 1 0 0 4 5 4 0 3 3 2 5
   3 3 5 1 3 2 5 0 0 2 0 0 5 0 2 0 3 2 4 1 3 3 5 0 3 3]
  [0 5 5 5 2 2 0 3 0 5 4 1 0 5 5 4 2 4 4 5 4 5 3 5 2 1 3 0 3 4 2 0 1 0 1
   2 0 0 5 0 0 3 3 2 4 3 5 1 0 2 3 4 4 2 5 4 3 4 3 5 3]
  [0 5 0 1 2 3 4 5 1 4 3 2 3 0 4 1 5 5 1 2 3 0 2 4 1 3 5 1 0 1 3 5 1 0 3
   3 5 5 0 4 3 2 5 1 0 5 2 1 4 2 5 5 1 3 3 2 1 2 5 2 3]
  [0 2 2 4 2 1 5 3 3 4 4 3 1 4 1 2 1 3 0 5 2 2 5 0 2 5 4 1 3 0 2 5 1 5 0
   3 4 3 3 5 4 1 0 5 2 5 0 5 1 2 4 3 4 5 1 5 0 2 2 1 4]
  [0 1 1 0 1 4 4 0 4 0 4 5 0 3 0 4 4 1 2 4 2 4 0 5 5 4 1 5 1 2 0 3 5 5 3
   0 1 3 0 5 0 1 4 3 1 1 0 5 1 4 1 3 5 3 2 4 2 2 5 4 4]
  [0 4 0 0 2 2 1 0 3 1 4 0 2 3 0 5 4 3 0 2 5 4 5 0 1 0 4 0 5 3 1 0 4 4 5
   3 5 0 4 5 0 0 1 0 4 1 3 0 5 3 0 0 1 5 5 2 5 4 1 0 2]
  [0 3 4 0 1 5 0 5 5 5 3 3 2 5 0 1 2 3 3 0 5 2 5 3 1 2 2 4 5 2 4 2 0 5 5
   4 5 2 1 0 3 0 0 2 0 4 4 4 1 3 4 4 1 1 4 2 2 3 1 2 2]
  [0 4 3 1 5 3 2 0 2 5 0 4 3 2 2 3 1 2 1 2 3 1 2 4 2 4 3 1 0 4 3 5 0 0 5
   2 0 1 2 1 4 0 5 5 0 0 4 2 0 0 5 2 0 5 3 5 3 0 2 5 0]
  [0 4 4 1 1 0 2 4 4 5 1 3 1 0 5 3 3 4 4 2 4 3 3 5 4 0 2 0 5 0 3 4 1 3 0
   2 5 1 4 1 0 5 4 5 4 5 3 1 1 5 4 3 3 5 5 2 0 4 0 3 4]
  [0 3 2 5 1 2 5 2 0 0 4 0 1 5 2 1 0 1 1 5 4 0 5 1 2 1 1 2 4 3 3 1 0 1 0
   0 0 5 0 0 1 4 4 5 2 2 0 0 2 4 1 2 4 2 4 4 1 1 3 3 0]
  [0 1 3 0 5 2 2 5 5 0 4 2 0 5 5 0 2 4 5 4 1 3 4 5 5 2 2 1 5 0 3 0 5 0 5
   0 0 2 0 3 0 4 3 5 3 3 3 2 3 5 1 2 3 3 0 1 2 1 3 4 5]
  [0 4 5 2 3 5 3 1 2 4 4 4 0 0 4 5 0 4 0 5 1 0 3 1 1 1 0 5 0 1 5 4 4 1 4
   1 4 0 4 1 3 1 1 5 2 3 0 0 1 0 1 2 2 4 1 1 2 4 4 5 1]
  [0 2 3 1 2 1 1 1 1 5 5 1 3 5 1 5 4 4 4 5 1 1 3 0 5 2 2 4 4 5 2 5 1 1 5
   2 5 1 0 4 1 3 1 1 0 4 0 5 4 3 0 0 3 5 1 1 3 4 1 0 2]
  [0 4 4 3 0 5 5 0 0 4 4 2 0 3 5 3 1 3 2 4 3 2 4 5 0 1 3 1 3 5 4 2 4 2 4
   3 4 2 4 0 0 5 4 5 0 5 2 0 1 4 5 3 4 2 2 3 4 5 0 4 4]
  [0 0 1 5 3 0 2 4 4 1 4 2 2 0 4 3 1 3 0 1 3 2 1 0 3 5 0 1 3 0 2 2 1 4 3
   2 3 0 5 1 0 1 0 1 1 5 4 4 4 2 1 4 2 3 4 1 1 5 1 0 4]
  [0 3 5 3 5 3 0 4 4 2 1 5 2 0 3 0 4 2 0 0 5 4 5 4 3 4 0 3 1 1 2 2 0 3 0
   4 0 4 4 1 0 0 3 4 4 1 2 0 1 0 5 1 1 3 5 5 1 3 2 2 1]
  [0 0 0 3 2 4 0 1 1 1 3 4 1 5 0 0 1 1 5 2 5 5 4 0 0 4 5 3 4 4 1 0 1 0 2
   5 2 0 1 5 1 2 0 3 1 1 4 0 3 0 1 2 0 2 0 4 3 5 3 3 2]
  [0 3 5 3 2 1 4 1 3 1 4 4 3 4 3 2 2 3 1 0 1 0 3 5 2 2 3 5 4 4 1 2 2 0 2
   5 2 5 4 2 5 5 0 0 1 4 2 2 3 5 3 1 2 2 4 1 4 3 5 5 4]
  [0 0 2 1 4 3 4 2 5 0 0 4 4 1 1 1 5 3 0 2 5 1 1 3 3 2 2 2 5 1 2 5 5 2 4
   1 4 3 2 1 0 4 0 3 0 3 1 3 5 2 3 3 1 4 5 0 5 2 5 1 5]
  [0 4 3 1 1 0 0 2 1 2 1 2 2 2 0 0 3 4 1 1 1 3 2 2 2 3 5 1 5 3 4 0 4 1 3
   4 3 2 3 0 0 5 5 5 3 0 3 2 2 4 2 4 1 3 0 0 1 3 3 1 4]
  [0 2 1 1 4 0 2 5 2 1 2 0 0 5 2 2 0 3 4 4 4 1 4 0 4 4 3 3 3 4 0 0 5 3 1
   5 3 5 0 5 2 3 1 4 4 0 0 1 5 0 5 0 4 0 2 3 3 2 3 1 3]
  [0 0 3 3 1 0 0 0 1 0 4 2 0 0 3 0 3 2 0 3 5 2 1 0 1 4 4 0 3 1 4 5 1 1 0
   2 1 4 4 4 5 1 4 2 0 0 5 0 4 1 4 5 5 4 4 4 5 5 3 0 4]
  [0 3 4 2 2 5 2 1 2 3 5 4 3 0 3 2 3 2 1 2 2 4 2 2 1 5 0 0 3 1 3 0 5 4 0
   0 5 4 0 1 4 1 4 2 5 1 3 2 0 3 1 5 2 2 5 1 1 2 3 0 4]
  [0 0 3 0 3 5 5 0 1 0 3 3 4 3 0 0 1 3 5 4 0 3 0 4 5 5 2 2 2 4 5 4 1 3 5
   0 1 5 3 1 3 5 1 4 4 0 5 2 4 0 1 2 5 5 4 2 1 5 3 4 0]
  [0 2 3 0 1 4 0 2 3 3 1 1 4 0 1 5 0 0 4 5 1 0 4 5 1 2 3 3 4 4 3 2 2 0 4
   1 2 1 4 0 5 1 5 1 2 1 1 2 0 5 0 0 0 3 4 3 4 0 1 1 3]
  [0 4 0 2 3 1 5 0 0 3 3 5 5 3 0 5 5 2 3 1 4 3 4 1 1 5 2 5 5 1 4 2 2 0 2
   4 5 0 3 4 1 4 2 1 1 1 3 5 5 2 0 0 3 4 1 4 1 0 4 3 4]
  [0 0 3 5 1 1 0 0 3 2 0 0 5 3 3 3 4 1 5 2 4 2 5 2 4 2 0 4 3 2 1 4 0 0 2
   5 2 4 3 0 1 3 2 5 3 1 5 4 1 2 3 4 0 1 4 4 4 3 3 0 4]
  [0 1 5 5 1 5 1 1 2 1 3 5 0 5 1 1 0 5 5 1 3 5 1 2 0 0 0 0 5 5 0 5 3 2 0
   4 5 4 2 0 3 2 3 0 1 5 1 2 0 2 4 4 2 0 3 1 1 1 1 4 1]
  [0 2 2 4 2 0 5 5 1 0 1 0 4 4 2 3 5 5 5 5 1 2 4 2 0 3 4 4 4 3 5 2 3 2 2
   1 3 1 5 0 4 2 4 1 4 0 3 3 5 1 4 2 5 4 0 2 2 3 1 5 3]
  [0 1 5 5 2 1 3 1 5 2 3 2 1 3 0 3 5 2 0 3 3 0 1 1 5 5 3 4 3 5 0 0 2 0 3
   5 4 5 4 4 2 4 0 2 2 4 0 3 2 0 3 2 5 1 0 0 3 0 3 4 1]
  [0 2 0 5 0 0 0 3 1 0 3 2 2 4 5 3 5 4 3 4 1 2 0 2 4 1 2 0 2 0 2 5 0 0 5
   5 1 2 1 0 2 0 5 5 2 1 0 4 1 5 2 3 2 0 2 2 0 0 1 2 1]
  [0 2 4 0 0 1 0 5 5 4 4 5 0 5 4 5 5 2 5 4 2 0 1 4 1 5 0 3 4 2 0 5 5 4 4
   4 3 1 0 2 1 2 0 4 1 5 3 5 1 0 4 2 2 2 2 2 2 0 2 3 3]
  [0 1 5 4 4 2 4 1 4 4 1 3 4 2 0 4 3 0 0 3 0 5 0 1 0 1 3 2 2 0 5 3 4 3 4
   5 4 2 4 0 1 2 4 1 1 2 5 2 0 5 5 4 4 0 4 1 1 0 0 2 2]
  [0 1 4 4 2 1 5 2 4 0 2 4 5 1 2 1 1 5 5 5 1 0 0 2 2 1 2 4 0 5 0 0 1 3 1
   5 1 2 2 2 3 2 1 3 4 1 4 1 2 1 2 3 3 3 2 2 5 5 4 0 5]
  [0 2 2 4 5 2 2 2 5 0 1 3 3 3 3 2 4 4 2 4 1 4 5 0 5 0 4 2 2 5 2 4 2 1 4
   1 5 0 0 0 1 1 2 0 3 1 5 3 4 3 5 3 1 1 3 1 4 5 2 4 0]]

 [[0 0 1 0 3 3 4 5 3 5 1 1 5 0 4 3 3 1 0 3 5 0 0 4 2 3 5 4 2 2 2 4 0 3 2
   2 3 2 1 4 3 2 5 0 5 0 1 3 4 0 4 5 4 1 5 5 4 4 4 4 3]
  [0 0 2 1 5 0 2 0 0 3 3 5 5 1 2 3 1 3 3 4 3 0 5 0 4 0 1 3 4 0 4 4 4 5 0
   2 3 2 5 0 5 3 3 5 1 4 3 5 5 3 0 5 2 4 2 5 1 4 2 3 1]
  [0 1 0 1 2 0 4 0 1 1 1 4 2 4 0 3 4 0 1 1 4 5 1 3 1 4 0 4 3 3 5 3 1 2 0
   5 1 2 5 4 5 1 1 1 4 2 2 5 4 0 0 5 3 3 0 3 1 4 0 1 2]
  [0 0 2 0 3 0 1 3 5 0 3 0 1 1 3 2 3 2 4 1 3 0 1 1 1 1 4 5 5 1 4 3 2 3 2
   5 4 4 2 0 1 4 3 1 5 2 4 1 5 4 2 4 1 0 4 4 3 0 2 5 3]
  [0 1 3 5 0 1 3 1 0 5 1 1 2 1 5 0 5 0 3 1 5 5 3 0 3 5 2 4 4 2 5 2 0 0 5
   3 1 3 2 1 5 1 0 3 1 5 3 2 3 2 2 0 4 2 1 5 5 0 2 5 4]
  [0 0 4 0 2 0 5 2 4 5 5 0 3 2 2 1 0 5 1 1 1 4 2 1 0 3 5 5 5 3 4 5 3 5 3
   3 1 4 3 5 3 4 4 5 0 5 5 5 5 1 1 1 0 0 5 5 3 1 2 4 4]
  [0 2 4 2 5 4 0 1 1 5 0 2 5 0 1 3 1 1 1 0 5 3 4 3 2 1 1 5 1 2 3 4 4 5 4
   3 4 3 5 2 4 5 2 5 1 5 5 2 3 1 5 3 3 5 4 3 4 3 1 4 2]
  [0 5 0 0 1 5 4 0 0 5 0 3 5 2 4 2 3 1 4 2 2 0 1 5 3 0 2 2 1 2 2 5 3 2 2
   1 1 2 0 4 3 4 4 2 0 0 5 0 4 2 3 2 2 0 2 1 2 2 3 4 5]
  [0 2 1 0 2 1 0 3 0 4 2 2 3 0 1 3 3 4 2 0 4 1 2 5 3 1 0 5 4 2 4 3 2 0 5
   5 4 1 5 0 0 2 3 1 0 0 4 5 5 1 5 1 5 0 5 3 4 0 2 0 0]
  [0 4 0 0 1 2 3 0 4 0 0 0 2 0 2 4 4 2 5 2 4 4 0 4 5 0 2 4 5 0 3 4 4 0 1
   5 0 0 3 2 2 1 3 5 1 1 1 5 5 0 0 1 3 0 4 1 0 1 1 0 2]
  [0 5 2 1 0 3 3 5 0 1 0 3 0 1 1 5 5 3 1 5 1 5 3 3 1 4 2 0 1 2 1 3 2 3 3
   3 3 3 4 1 2 5 1 5 3 1 2 3 2 2 2 0 3 3 4 1 1 3 4 0 0]
  [0 1 4 1 2 3 4 0 3 0 2 0 1 4 4 1 3 4 3 5 1 4 1 0 1 4 0 1 3 0 2 2 5 1 5
   4 5 4 0 2 1 4 3 2 0 4 5 0 0 0 0 0 4 0 0 5 5 0 3 4 3]
  [0 1 0 1 3 3 5 1 1 0 2 0 0 2 5 2 4 1 2 1 0 3 2 5 3 5 1 1 4 1 4 0 3 5 1
   3 4 4 1 2 5 3 3 0 2 0 5 3 0 3 0 5 0 0 2 2 0 0 1 2 4]
  [0 3 5 0 3 5 4 3 1 2 0 4 3 0 1 1 4 2 3 3 3 3 5 4 5 5 1 5 1 2 4 4 3 1 3
   0 0 0 0 2 0 5 1 1 1 3 1 3 1 3 3 4 3 1 5 0 5 1 3 4 4]
  [0 1 4 2 0 1 0 5 1 1 3 5 3 2 0 5 1 0 2 5 3 4 2 5 3 3 2 1 5 4 2 5 5 3 0
   4 4 5 0 3 2 1 1 2 5 0 0 0 3 0 3 4 3 4 5 5 5 4 2 1 1]
  [0 2 0 1 2 1 2 1 5 0 1 4 4 0 4 0 4 4 1 5 0 1 1 2 4 5 0 5 0 2 0 4 5 1 1
   1 4 3 5 1 1 0 0 3 4 5 5 0 4 2 0 1 1 5 3 0 1 0 4 2 0]
  [0 5 3 4 0 2 3 0 3 4 5 1 2 3 1 0 0 4 3 1 4 5 3 1 0 0 4 1 4 1 1 0 4 2 3
   1 4 4 2 3 0 4 4 4 3 4 1 5 2 1 0 4 1 3 3 3 3 4 3 2 0]
  [0 3 1 1 2 5 5 3 5 2 5 2 4 1 2 1 0 0 4 0 3 2 1 4 3 1 4 4 5 5 4 3 0 5 1
   4 2 0 4 3 3 4 5 0 0 0 5 0 4 4 3 1 3 4 3 0 0 3 1 3 1]
  [0 1 1 3 3 5 4 1 0 1 2 4 0 4 0 1 3 3 0 4 5 0 0 4 4 4 3 5 5 3 5 5 5 0 5
   3 5 1 2 2 1 2 2 1 0 0 2 3 3 2 2 2 0 3 2 1 4 1 5 3 3]
  [0 0 0 3 0 2 4 3 2 5 1 1 1 3 5 3 3 1 4 0 1 2 4 2 3 1 2 1 3 5 5 1 3 2 5
   5 1 3 5 5 3 5 0 5 2 5 2 3 0 2 2 1 4 2 2 2 1 0 5 1 2]
  [0 3 2 5 2 0 4 1 4 4 1 1 3 2 4 0 5 2 1 4 0 2 3 4 3 5 0 0 1 5 5 0 4 1 5
   3 4 5 1 3 0 5 2 1 4 4 1 0 1 3 5 2 1 2 0 1 0 3 4 2 5]
  [0 2 0 2 3 1 2 3 2 1 0 1 4 3 2 0 4 4 1 2 4 0 2 4 3 2 5 0 4 3 0 2 1 5 0
   2 0 5 4 5 4 2 1 4 4 2 0 0 2 4 5 4 5 1 1 5 3 3 4 1 3]
  [0 4 2 0 2 2 2 5 5 0 4 4 1 5 3 3 1 0 4 0 1 5 0 2 0 1 1 1 3 5 3 1 2 2 2
   5 2 4 1 3 4 5 1 5 4 2 0 4 0 2 1 2 3 0 3 5 0 0 0 4 5]
  [0 1 1 2 2 3 4 2 2 5 4 1 1 0 5 1 3 3 1 2 0 2 4 0 1 0 2 4 5 4 5 3 3 3 0
   5 2 0 1 1 2 1 1 5 4 5 5 5 1 0 2 0 1 5 5 0 2 0 1 2 1]
  [0 4 4 5 3 5 5 0 2 2 4 1 3 0 4 1 3 2 5 4 2 1 0 5 0 2 2 5 2 0 4 0 0 1 2
   5 0 0 1 1 5 4 2 4 5 1 1 5 4 3 5 1 5 3 3 5 1 1 2 4 2]
  [0 3 4 1 2 3 4 2 0 2 4 3 5 3 3 0 4 3 1 2 2 0 3 0 0 0 0 1 0 1 1 5 5 5 0
   2 3 0 5 4 2 2 4 3 2 4 4 1 4 4 5 1 2 0 0 0 3 5 1 5 3]
  [0 5 2 2 3 4 4 5 5 5 3 5 0 5 4 2 4 0 1 3 1 2 2 2 5 4 0 0 1 4 0 3 4 4 0
   0 0 0 4 4 1 5 1 1 4 5 4 5 4 1 2 2 5 3 4 3 2 3 3 2 3]
  [0 5 4 0 3 0 2 4 0 1 4 1 5 1 4 4 3 0 3 1 2 2 5 0 0 2 2 0 4 5 5 2 0 0 1
   0 2 0 4 2 4 2 2 1 1 4 0 3 1 5 4 2 5 5 1 3 4 5 1 0 2]
  [0 4 4 2 5 5 4 1 0 5 2 4 3 4 2 1 5 1 4 0 4 0 4 1 5 2 1 5 0 3 0 3 5 0 4
   0 5 5 5 1 4 2 1 4 4 4 0 2 4 4 2 5 3 4 5 4 5 1 1 2 3]
  [0 0 3 1 1 0 5 2 0 5 4 3 1 0 1 5 1 1 4 3 2 3 5 1 3 2 3 1 1 0 0 1 4 2 3
   4 4 0 4 5 0 2 4 1 5 1 4 4 5 0 1 2 5 3 2 0 5 3 2 5 1]
  [0 1 4 0 1 3 2 5 3 1 0 4 0 5 5 5 4 3 5 5 2 2 4 1 0 4 2 4 1 1 0 3 3 3 0
   2 5 0 1 4 3 2 3 4 3 3 3 4 2 4 2 4 2 3 4 4 1 3 3 2 3]
  [0 2 3 2 2 2 2 3 0 5 4 2 0 2 0 1 2 0 4 0 2 3 2 2 2 3 3 2 4 5 3 0 1 0 0
   0 1 2 1 0 4 5 5 0 1 4 3 3 3 3 3 2 2 1 5 3 4 1 0 1 4]
  [0 4 1 2 0 1 3 2 0 5 2 2 4 2 0 4 4 5 0 0 2 5 0 1 3 3 2 4 3 4 4 4 0 4 2
   4 4 4 3 2 3 3 0 2 5 1 4 2 5 0 3 5 4 4 1 1 3 5 5 4 2]
  [0 2 4 2 1 5 4 5 3 2 1 5 1 4 3 3 4 5 0 3 0 0 2 5 4 4 0 5 0 3 0 5 4 0 1
   3 4 4 0 1 1 4 3 2 5 3 5 5 3 5 5 1 0 4 3 0 3 3 2 0 3]
  [0 3 3 2 5 0 3 5 2 4 2 3 4 5 1 0 3 5 4 2 1 4 1 5 4 0 1 1 4 2 5 4 2 3 0
   3 2 0 5 0 5 0 0 5 0 5 0 0 2 3 2 2 5 2 1 2 5 0 1 0 4]
  [0 1 3 0 3 1 5 3 0 5 0 0 5 4 5 1 0 4 0 3 1 1 5 5 5 4 4 5 2 0 0 4 4 5 0
   0 3 2 4 1 1 2 2 2 5 4 1 1 0 1 2 2 1 2 4 4 5 3 2 4 1]
  [0 1 5 4 3 2 2 2 5 0 0 0 4 1 2 0 4 2 1 0 4 2 5 5 0 0 4 1 3 2 2 2 3 1 2
   2 0 3 4 0 5 2 0 2 0 4 4 4 4 3 3 5 2 1 5 3 3 3 5 5 3]
  [0 3 2 5 1 5 5 1 5 5 0 4 5 2 1 4 3 0 3 4 1 2 3 5 3 4 4 0 4 0 5 4 2 4 5
   1 5 0 1 2 4 1 1 2 2 2 2 3 5 5 3 2 4 3 3 0 3 4 1 5 0]
  [0 4 0 5 2 0 1 5 3 2 0 1 5 2 3 4 3 5 5 2 1 1 2 4 5 4 3 2 3 1 3 1 5 5 4
   2 1 4 0 0 2 0 3 3 2 5 3 1 0 2 1 1 3 4 3 0 0 0 2 1 5]
  [0 0 3 5 1 4 1 5 5 0 1 0 2 1 2 2 2 2 1 2 5 0 0 2 4 4 5 3 1 4 3 2 5 1 3
   2 1 2 1 0 2 1 5 2 5 0 3 5 1 0 2 3 0 0 5 1 0 3 3 3 0]
  [0 0 0 3 5 0 2 4 4 4 0 4 0 1 4 5 1 3 5 0 1 4 3 2 4 3 2 2 1 5 5 4 4 0 0
   4 5 0 1 3 0 0 2 4 3 0 2 3 5 2 0 1 4 0 4 3 1 0 2 3 2]
  [0 3 5 5 2 5 3 5 5 3 4 1 3 2 1 2 5 3 5 1 3 3 4 2 4 0 2 3 5 1 4 0 0 1 2
   5 0 2 3 5 5 0 4 1 0 3 5 2 2 5 3 2 4 0 0 2 5 1 3 1 2]
  [0 4 1 2 5 1 0 4 1 1 2 2 2 5 3 1 4 5 3 1 4 3 0 3 5 5 0 5 5 2 4 0 2 1 1
   2 3 2 1 1 3 0 0 1 2 5 4 4 4 3 0 4 0 4 0 5 3 3 4 5 3]
  [0 3 0 1 0 5 3 1 3 0 0 2 0 4 5 1 4 1 3 1 2 2 3 5 0 2 0 2 2 2 3 5 4 0 4
   4 2 2 1 5 3 5 4 0 4 1 3 5 0 1 1 4 5 3 3 2 2 3 1 3 5]
  [0 1 0 1 0 0 1 4 5 4 2 2 1 0 0 1 4 3 4 2 0 5 0 1 1 3 4 2 4 5 2 3 4 2 5
   4 2 2 1 1 0 0 4 2 0 3 5 5 4 4 0 5 1 3 0 4 3 3 0 2 3]
  [0 5 0 1 2 0 5 1 2 5 5 2 4 1 3 0 5 4 3 1 1 4 4 2 4 2 0 2 1 2 1 4 5 1 3
   5 5 3 4 3 5 5 4 1 2 0 4 4 0 4 1 3 0 3 4 1 1 0 1 2 5]
  [0 5 5 1 0 5 4 3 0 2 1 3 4 4 3 3 2 0 0 2 0 2 1 2 0 3 1 2 1 0 1 2 1 0 4
   5 0 3 1 1 0 1 3 5 4 1 0 1 3 5 3 4 3 2 2 5 3 2 2 1 2]
  [0 3 3 2 5 3 5 5 4 0 2 2 3 4 3 4 1 3 4 3 1 1 3 1 3 2 3 3 5 5 0 5 0 4 0
   2 0 1 2 4 5 3 2 3 2 5 2 0 5 3 3 4 1 1 2 4 2 5 4 2 2]
  [0 5 4 3 1 5 1 2 0 2 3 4 5 0 0 3 2 2 3 3 5 2 3 3 4 1 3 1 2 1 3 5 0 1 5
   0 4 3 4 5 3 3 2 3 0 1 5 3 0 2 0 4 4 4 1 4 0 5 1 1 2]
  [0 3 4 2 1 2 2 0 5 1 0 0 2 4 3 3 3 3 0 3 0 2 4 2 2 4 5 2 3 2 5 1 1 3 4
   2 0 0 3 3 3 4 0 2 1 4 2 0 5 0 1 0 1 2 1 4 4 5 3 2 2]
  [0 5 5 2 3 3 5 2 5 5 5 2 5 3 2 3 4 1 0 4 5 5 2 4 2 4 5 4 5 0 1 4 2 0 1
   1 5 1 3 4 2 4 4 0 0 1 5 4 2 2 0 4 2 2 0 1 2 4 2 4 5]
  [0 1 5 4 1 4 4 5 1 0 3 3 0 2 3 0 0 1 1 2 0 0 0 5 0 4 4 3 1 5 3 0 1 1 1
   5 2 2 1 4 5 5 3 5 1 1 3 2 0 3 0 0 1 4 3 1 3 3 1 4 1]
  [0 4 3 5 5 1 4 1 1 1 4 1 0 2 5 4 4 4 0 4 5 3 4 2 3 2 4 1 3 5 1 5 3 0 4
   1 0 5 0 4 4 3 0 3 3 5 2 2 1 2 3 5 0 5 1 3 4 3 1 2 3]
  [0 2 0 0 4 0 4 4 5 2 1 0 4 5 4 4 4 4 5 3 5 5 5 2 4 2 4 4 1 4 3 2 5 5 5
   0 0 5 0 2 0 3 1 3 4 0 1 1 0 1 5 1 4 0 5 3 4 5 3 0 1]
  [0 3 0 0 3 1 4 4 1 1 2 5 5 0 4 1 1 5 0 1 4 3 0 4 0 1 5 4 4 2 5 4 4 3 0
   2 2 0 2 1 0 1 1 3 2 2 2 0 0 1 2 4 2 0 0 1 5 1 0 3 0]
  [0 1 4 4 0 4 1 4 0 3 5 5 0 4 2 2 4 5 4 3 1 0 5 5 3 5 3 0 4 0 3 1 1 3 5
   3 2 1 3 3 2 2 3 1 2 5 5 0 0 4 3 3 5 4 1 0 0 5 0 5 4]
  [0 4 3 5 1 0 3 4 3 2 2 0 2 0 4 3 3 1 0 2 4 3 3 2 5 5 0 2 1 4 4 4 2 0 2
   5 0 4 4 0 0 0 0 5 1 0 4 2 5 5 0 1 2 0 2 2 0 4 5 4 5]
  [0 0 1 3 0 5 0 1 2 4 2 5 1 3 5 2 4 3 4 1 4 1 3 5 5 5 2 0 5 4 1 1 0 1 0
   1 3 3 2 4 5 3 1 1 4 2 5 4 3 3 2 5 2 0 1 2 4 0 3 3 2]
  [0 2 2 3 2 3 2 0 5 1 1 3 1 4 1 3 4 1 3 4 2 1 5 3 0 3 1 2 1 1 4 3 5 0 2
   3 4 4 0 5 4 0 3 5 3 0 1 3 5 5 2 5 1 2 0 2 5 4 0 2 4]
  [0 1 3 5 2 0 0 3 3 4 5 0 2 3 4 0 0 3 5 3 3 5 0 0 5 3 3 0 5 5 4 2 5 3 4
   1 0 2 5 4 3 5 1 2 1 5 5 3 3 5 2 2 1 4 1 5 1 5 4 0 3]
  [0 3 5 0 3 2 2 2 3 2 5 5 1 1 3 4 2 4 5 5 5 5 2 4 2 0 1 3 3 2 0 1 4 1 5
   3 0 2 4 4 4 4 3 0 1 1 2 2 4 2 2 0 3 4 0 0 1 0 0 1 0]]

 [[0 4 0 2 2 5 5 1 2 4 2 4 0 5 3 0 0 1 1 5 3 4 4 0 1 1 3 5 0 0 4 0 3 5 4
   2 5 5 4 4 5 4 2 5 3 4 3 4 1 0 5 4 0 1 5 3 2 2 2 4 3]
  [0 0 5 1 0 1 1 2 4 0 0 2 5 2 2 3 3 0 5 2 2 0 1 4 5 5 1 4 1 5 2 1 0 1 1
   4 4 5 2 2 1 5 4 2 3 1 3 5 2 1 5 4 2 4 3 2 4 5 2 4 4]
  [0 5 0 2 5 1 3 4 4 3 2 0 2 3 3 5 5 0 4 3 1 5 2 0 2 5 1 0 0 0 5 3 0 1 3
   2 2 3 4 3 5 4 5 0 4 4 0 2 1 3 4 2 2 3 3 0 5 5 2 2 3]
  [0 4 1 0 2 0 5 2 4 3 3 3 0 1 4 1 3 3 0 0 2 5 3 2 4 2 1 0 3 0 2 1 1 2 5
   1 1 1 4 0 1 4 5 0 1 2 3 5 1 4 2 3 3 3 5 2 1 0 3 0 4]
  [0 0 1 3 0 5 3 2 0 0 0 4 0 3 4 1 1 1 0 2 4 0 3 5 2 3 0 0 4 4 4 2 1 1 4
   2 4 0 2 0 1 1 0 4 1 5 0 4 0 0 4 1 0 2 4 4 0 1 3 0 2]
  [0 0 4 3 3 0 0 5 3 2 0 4 0 2 4 0 2 3 5 3 1 5 1 5 3 2 4 3 2 5 1 4 3 0 1
   0 2 1 4 5 2 1 5 1 0 3 0 2 4 5 1 5 4 0 5 0 1 5 3 3 1]
  [0 2 0 2 3 5 0 1 5 0 0 5 1 5 2 2 1 5 0 1 2 4 3 2 0 2 5 4 5 4 0 5 3 5 5
   0 2 4 2 2 2 1 1 4 3 4 4 5 2 3 4 2 4 5 4 0 3 4 2 0 1]
  [0 2 5 1 5 2 0 0 0 1 2 2 3 3 2 0 2 4 2 4 3 3 2 3 1 0 0 0 4 5 1 1 3 0 3
   3 2 0 5 5 2 3 1 1 4 1 2 2 3 4 1 3 1 3 3 5 4 1 0 1 1]
  [0 3 0 4 2 1 4 4 0 5 0 3 5 2 2 5 5 1 0 1 4 2 2 0 3 1 1 2 0 4 4 4 2 3 5
   4 1 5 3 4 4 4 5 4 5 3 1 5 5 5 1 3 5 3 5 5 1 1 1 0 4]
  [0 2 5 5 0 0 4 4 0 0 0 3 1 0 0 2 4 0 3 1 4 1 0 0 2 2 1 5 1 4 3 3 0 4 1
   3 3 3 0 4 2 3 4 3 4 5 3 5 5 3 1 3 4 1 3 5 2 5 0 0 3]
  [0 2 5 5 1 2 3 5 1 3 0 5 2 4 0 5 5 2 1 4 4 3 4 4 0 5 5 4 1 1 5 5 4 1 5
   2 3 1 0 4 4 1 4 1 1 1 4 5 1 1 0 2 0 0 0 5 3 4 1 2 4]
  [0 5 5 5 4 5 5 5 0 5 0 0 3 3 0 3 5 1 4 0 1 4 5 5 4 3 5 5 0 5 5 4 3 1 4
   3 1 5 1 0 0 5 3 0 5 2 5 3 1 4 1 1 1 1 5 3 3 0 4 0 5]
  [0 2 0 0 5 5 3 1 0 5 1 4 0 1 4 4 0 2 0 3 1 1 3 2 0 5 1 2 1 5 0 2 1 4 1
   4 2 4 2 2 4 3 2 0 1 1 0 1 4 4 0 2 4 0 5 5 4 2 0 1 3]
  [0 1 0 1 1 5 0 5 3 0 1 2 5 0 4 1 4 2 3 4 2 4 4 3 3 1 5 4 2 3 1 2 4 1 3
   0 2 2 2 4 0 4 1 4 4 5 3 4 3 4 4 5 2 3 0 2 3 1 3 3 3]
  [0 1 4 1 3 4 4 3 1 5 2 4 1 5 0 3 0 0 0 3 1 4 4 4 4 4 3 1 2 5 1 3 0 2 1
   3 1 3 0 1 5 1 1 3 4 1 3 1 1 0 4 1 3 4 2 0 4 4 5 0 1]
  [0 4 4 1 4 3 2 3 1 0 0 4 1 4 3 0 4 2 2 4 1 1 2 1 1 0 1 0 3 2 5 5 3 5 1
   5 4 1 3 5 1 2 4 2 4 0 0 5 2 3 4 5 1 3 2 0 2 4 3 3 4]
  [0 5 5 3 0 3 0 4 5 5 3 2 4 1 4 1 0 4 1 3 0 3 2 2 1 0 5 1 0 0 5 3 4 1 2
   3 5 1 3 0 5 2 4 4 5 2 1 5 5 4 5 1 1 4 3 2 0 0 0 4 4]
  [0 0 3 0 0 4 4 0 4 1 4 0 5 3 0 0 4 0 2 0 3 0 1 4 3 4 3 2 3 1 1 0 1 3 0
   4 2 0 2 3 1 3 2 2 3 5 1 5 3 3 2 5 1 1 0 5 2 3 5 3 1]
  [0 3 5 2 0 0 2 5 3 4 0 5 0 4 5 0 3 1 0 4 3 5 0 2 0 3 1 3 5 3 1 3 3 3 5
   1 5 1 3 4 2 3 0 2 4 5 1 2 4 5 2 1 5 0 3 0 4 0 2 5 4]
  [0 4 4 0 4 4 5 0 3 2 1 1 4 2 3 0 5 1 2 0 1 1 3 1 5 0 4 0 1 3 1 0 2 5 3
   0 5 0 1 1 4 5 4 4 5 2 2 4 3 2 1 0 1 2 3 0 4 4 1 2 5]
  [0 3 0 5 5 0 2 2 1 5 1 0 4 2 5 4 5 4 0 2 0 4 3 2 0 2 3 2 3 2 0 1 0 4 2
   2 3 2 0 0 1 2 0 4 2 0 4 1 1 0 4 3 1 5 4 0 5 2 5 0 0]
  [0 0 2 3 4 2 3 3 2 2 4 4 2 5 5 1 1 4 3 1 2 0 4 3 4 3 4 1 0 0 4 5 0 4 4
   5 0 2 3 2 4 2 5 4 4 3 3 1 3 3 2 0 2 0 0 5 5 2 1 2 3]
  [0 4 2 0 3 0 0 2 4 4 5 1 1 5 5 3 1 1 2 4 1 5 0 4 1 0 2 0 3 4 0 3 1 2 2
   3 3 2 4 4 1 5 4 4 1 5 5 5 5 1 1 0 4 4 4 1 4 1 1 1 2]
  [0 3 4 0 5 4 2 5 5 5 3 2 5 1 0 4 2 0 0 1 4 2 5 0 2 2 4 3 4 0 2 3 4 5 4
   5 0 3 5 5 5 2 4 2 5 1 4 5 5 4 5 3 0 2 1 3 3 2 1 2 2]
  [0 1 2 2 3 2 1 0 4 1 2 2 2 1 3 0 5 2 5 5 4 2 3 4 0 4 1 1 3 4 5 1 4 1 5
   3 4 5 3 1 2 5 1 5 5 1 5 0 3 2 0 3 1 1 2 1 3 0 4 2 1]
  [0 5 4 0 5 0 2 3 2 1 1 3 0 1 4 1 0 5 3 5 4 1 0 1 2 0 5 1 2 3 0 4 2 1 1
   1 1 0 5 3 4 2 1 0 1 0 2 2 1 5 1 3 3 0 4 3 3 2 2 2 4]
  [0 5 5 1 5 4 3 1 1 1 1 5 4 2 1 3 3 5 0 5 2 2 3 1 1 3 0 2 1 1 3 5 5 5 0
   2 3 0 1 3 3 5 0 3 4 1 2 5 5 3 4 5 1 3 4 4 3 3 5 0 4]
  [0 3 1 4 2 0 2 3 2 2 4 1 1 4 4 2 0 5 1 1 1 4 1 2 4 4 2 0 1 5 2 1 2 1 3
   2 1 0 2 0 3 4 4 2 2 4 4 3 3 3 3 1 5 1 2 2 3 4 2 5 5]
  [0 2 2 4 3 0 4 5 0 2 3 2 1 3 5 5 1 5 1 2 3 1 0 0 2 2 2 3 0 1 5 5 0 0 3
   3 2 3 0 1 0 5 0 1 5 4 3 0 5 2 5 0 2 5 4 1 2 4 3 0 4]
  [0 0 2 3 4 0 4 0 4 1 3 5 5 3 1 5 1 3 1 2 3 3 0 0 1 0 2 4 1 0 0 3 5 0 5
   4 2 3 2 1 4 4 1 4 3 5 3 1 2 0 1 3 0 0 0 4 2 3 4 4 0]
  [0 3 5 2 5 4 3 3 2 2 3 1 1 0 2 4 5 0 4 1 1 1 0 1 3 3 1 4 5 4 0 4 3 3 1
   1 2 3 1 3 3 5 1 3 3 5 0 1 1 4 4 5 4 2 2 1 1 3 2 3 0]
  [0 1 3 1 2 5 3 0 3 0 2 1 0 2 4 4 5 2 5 3 3 4 1 5 3 1 1 1 4 5 3 0 3 1 3
   1 2 5 1 1 5 3 0 0 5 5 2 4 3 5 5 2 4 5 3 2 0 3 4 3 2]
  [0 3 2 0 0 4 2 5 2 4 5 5 0 1 4 1 3 4 1 2 1 5 3 0 2 2 4 2 4 0 3 3 0 2 1
   0 1 2 4 4 2 2 0 0 2 0 4 0 3 4 1 4 4 3 4 5 4 3 1 4 5]
  [0 1 5 4 4 0 1 5 5 4 0 1 4 2 3 4 3 4 1 2 2 2 3 2 0 4 4 5 4 3 1 0 4 0 2
   2 2 1 1 2 4 0 1 3 3 1 5 1 3 5 5 1 2 5 0 0 3 4 1 2 3]
  [0 1 0 3 0 2 5 2 3 1 4 1 4 5 5 0 1 3 2 1 3 3 0 0 0 5 1 3 5 5 0 2 5 0 0
   3 4 3 2 5 2 0 5 1 3 2 5 0 3 5 3 5 1 3 2 5 5 4 4 3 4]
  [0 1 0 4 5 4 5 3 1 3 3 4 5 2 1 1 1 2 4 4 1 3 0 2 5 1 4 5 5 5 1 0 4 5 4
   0 2 3 0 1 0 0 4 5 2 5 5 0 3 5 0 3 4 5 1 4 3 5 0 2 3]
  [0 4 1 3 4 3 1 1 5 5 4 0 5 5 5 1 3 4 1 5 1 2 1 1 3 4 0 1 4 3 2 1 0 5 2
   3 0 4 4 4 0 2 1 1 3 0 0 3 5 5 5 3 2 3 4 2 4 0 5 2 3]
  [0 0 3 3 3 0 5 4 3 0 1 0 2 0 4 4 5 1 2 3 4 2 3 2 0 1 0 2 5 2 4 1 2 5 5
   0 2 0 2 0 4 5 3 1 5 4 1 0 3 3 4 1 0 3 4 5 1 2 3 4 3]
  [0 0 1 2 1 2 5 1 2 3 3 4 2 2 5 5 1 1 4 1 4 1 1 4 1 4 5 0 2 4 1 5 5 5 3
   2 3 3 0 2 3 2 5 3 5 4 1 2 2 2 1 2 1 4 2 0 4 2 2 4 1]
  [0 4 0 3 4 2 3 2 4 2 0 0 4 2 3 1 1 0 4 2 4 2 1 0 1 5 2 1 0 1 5 0 0 4 0
   1 4 5 1 0 5 0 1 4 0 3 1 4 0 5 3 1 4 1 3 5 0 0 4 1 4]
  [0 5 0 1 5 0 3 4 2 4 5 0 2 1 1 4 0 5 0 2 2 3 2 0 0 0 2 0 3 5 5 3 1 5 1
   0 3 0 1 5 0 3 1 4 2 3 3 0 5 1 5 3 2 5 4 0 5 3 2 0 1]
  [0 2 2 0 3 3 4 3 2 1 5 5 1 5 2 4 1 3 4 3 5 4 0 1 2 0 3 1 1 5 2 2 5 4 2
   2 4 2 2 5 0 0 5 4 1 1 3 0 1 0 2 2 2 0 1 1 0 1 3 5 2]
  [0 4 4 1 4 0 5 0 3 5 3 0 2 5 4 3 0 4 1 4 4 0 3 1 2 0 2 1 1 5 4 0 3 3 4
   5 1 4 3 5 5 5 0 2 5 1 0 1 2 1 0 5 2 5 0 2 4 1 1 3 1]
  [0 0 1 2 2 1 3 3 0 5 1 0 5 4 2 5 4 5 5 0 3 1 0 4 2 2 5 1 2 5 3 4 3 2 1
   5 2 1 4 3 0 0 4 0 1 5 4 1 2 3 3 2 5 4 3 2 5 4 1 1 5]
  [0 5 0 1 3 0 5 1 2 2 0 5 5 5 0 4 1 1 4 5 5 1 2 0 0 0 0 0 1 0 5 3 1 1 5
   2 1 0 1 2 4 5 3 4 0 1 1 2 0 5 3 3 2 5 1 2 1 4 5 4 3]
  [0 5 5 0 1 0 5 0 5 0 0 0 0 2 0 5 0 2 0 2 1 1 4 0 4 3 1 1 1 0 4 1 0 3 2
   1 0 3 0 3 2 2 4 0 3 0 5 1 5 4 5 2 4 4 1 1 1 4 4 3 4]
  [0 2 5 2 3 3 5 5 0 1 3 2 3 1 0 1 0 3 2 0 4 3 1 1 3 3 4 4 3 5 4 5 1 0 2
   5 4 1 1 5 1 4 1 3 5 0 0 2 0 2 2 3 2 2 5 4 5 5 0 3 1]
  [0 5 0 4 4 1 3 5 3 2 0 3 5 0 1 3 0 0 3 3 3 4 5 3 4 2 4 2 5 3 4 0 3 5 0
   0 2 5 5 2 1 0 1 3 4 5 0 0 4 2 3 3 2 4 4 5 1 5 1 2 3]
  [0 3 1 2 4 2 0 5 0 4 2 0 0 3 5 4 2 5 2 0 4 1 4 4 3 3 4 3 3 4 0 4 5 5 2
   2 2 4 0 0 5 5 5 0 1 1 5 4 0 3 1 3 2 0 1 0 0 0 2 2 2]
  [0 2 0 2 1 5 2 4 2 4 1 4 3 3 0 3 1 3 5 2 1 2 3 5 2 4 3 0 1 2 5 2 4 4 4
   3 3 1 0 2 3 5 5 1 2 4 1 0 4 0 0 1 5 1 5 2 4 1 5 0 1]
  [0 4 4 5 3 2 4 1 4 2 0 2 3 3 2 1 2 4 4 0 5 0 1 3 4 4 2 1 4 0 3 5 1 1 5
   2 0 5 5 0 4 0 2 1 2 1 5 3 3 0 0 3 0 2 1 3 5 0 3 4 5]
  [0 3 5 2 3 4 4 3 2 1 1 2 1 0 3 0 1 2 3 2 5 5 4 1 2 5 0 3 1 5 4 1 1 0 4
   2 3 0 3 1 2 3 4 4 5 3 3 2 0 5 3 0 3 3 0 3 0 4 0 5 5]
  [0 5 3 3 2 1 5 2 2 1 0 4 5 2 2 2 5 5 3 3 0 2 3 3 3 4 1 2 4 2 3 2 5 1 2
   5 5 1 0 5 5 1 2 1 1 1 5 4 5 2 2 0 0 3 0 3 3 0 2 4 2]
  [0 0 5 5 1 3 5 2 2 0 2 4 3 3 1 2 4 5 2 0 1 3 1 5 3 1 1 4 1 5 4 1 3 0 2
   1 5 4 3 4 5 4 3 3 2 3 5 5 1 4 3 3 4 0 3 1 1 0 1 5 0]
  [0 1 1 0 1 4 2 4 4 1 2 5 3 1 0 0 0 0 0 4 1 4 1 3 3 1 1 2 4 5 0 3 2 4 3
   0 2 1 3 0 2 1 0 0 2 2 0 1 5 1 3 4 2 3 0 2 1 0 2 5 4]
  [0 3 5 2 0 2 2 4 1 0 3 5 5 2 4 2 3 1 0 2 1 4 3 1 0 1 4 4 1 1 4 5 4 1 4
   5 3 2 2 4 3 4 0 0 3 0 2 3 4 1 4 4 3 2 1 0 4 1 0 1 1]
  [0 1 5 0 4 5 2 5 2 1 1 3 4 0 4 2 1 3 2 5 5 0 0 5 3 1 3 0 5 1 3 3 4 3 1
   3 3 0 3 0 1 2 2 4 3 4 1 5 0 0 1 4 3 3 5 5 0 4 1 3 0]
  [0 2 2 2 2 3 1 1 4 4 1 0 2 1 0 1 0 0 4 2 1 0 2 4 0 3 2 0 2 3 3 4 2 0 1
   5 4 1 5 3 5 1 5 1 5 2 2 4 1 4 5 0 0 4 5 3 1 0 5 3 4]
  [0 0 1 3 4 4 2 2 1 1 4 2 0 4 2 1 5 4 2 5 1 2 0 4 4 5 1 2 5 0 1 1 3 5 0
   4 1 4 5 4 0 1 0 4 0 0 1 5 1 1 0 1 2 3 4 4 5 2 0 5 1]
  [0 0 4 1 1 2 4 5 3 2 5 3 0 2 1 2 3 0 2 0 1 3 4 2 0 4 0 4 4 4 0 5 3 5 2
   0 0 3 5 2 2 2 4 1 2 2 3 1 5 4 2 5 5 3 2 4 0 0 2 0 4]
  [0 0 0 2 3 2 4 5 2 3 4 2 0 0 4 3 4 5 3 0 0 4 3 4 5 2 3 5 5 0 0 0 5 1 0
   0 2 2 3 5 2 2 2 5 4 4 5 5 3 0 0 4 4 4 4 4 5 1 4 3 0]]]
release_time
[  0   4  14  47   0  26  61  29  80  26  56  27  94   4  33 109  26  12
  80   7  22   4  10  90  21  15   7  90  11  81  85   2  57  56  47   0
  16  55   3 113  10  28  53   0   7  10  24   5   1   9  50   6  25   6
  68  50  23 502 603 106  42]
due_date
[   0   14   42   72  100   88   74   38  111   43   70   55  111   39
   53  328   68  114   84   60   35   17   20  116  100   51   23  105
   13  110  108    2   74   80  111    0   17   81    7  118   55   54
   61    2   39  219   59    7   75   17   91  120   25  138   87   54
   38 1194 1131  112   79]
unit_emission
[ 3  7 11  1 19]
emission_limit
10696.6
setup_severity
0.02
due_tight
0.9
due_range
1.0
release_tight
10
degree_constr
0.2
