mach
5
job_rate
12
weight
[ 0  8  1  1  3  3  5  8  8  8  8  8 10  2  5  9  2  2  2 10  5  6  4  1
  9 10  6  6  4  3 10  2  9  2  8  9  1 10  4  9  6  5  8  9  3  4  7  8
  8  6  7  9  4  3  7  9  3  6  9  2  2]
proc_time
[[  0 129  74 101  91 102 150  81  61  62 111  54 113  92  58 129 100  85
  129 107  94 113 128 111  92  91  82  60  73 120  84 111 139 114 131  91
  139 108 115  67 143 109 137  96 146  62  58  72 126  72  87 102  86 122
  143 143 110  91 135 121 113]
 [  0 110 114  56  93  56 145 127 146  74 122 118  81  69 134 109  84 131
  121  99 109 108  60 114  95 146 121 139  62 140 109  87 147  90  77  78
  144  77 118 119  83 132  87  75  62  89  63 103 134 143 122  59 131  51
  104 142  99 135 103 142 139]
 [  0  82  68 144 120 133  53 122  59  64  77 100  70  88 128  94 150  91
  149 130  91  77  79  66  70  75  69  85 110  67 131  81 115 123 100  93
   68 111 150 127 150 137  88 139  93 126 147 124 144 135  86 122 147 140
   86  96  60 131 104  72  80]
 [  0 112 143 120  98 117 113 103 100  72 138  67 112  55  54 134 143  80
   52  76  68 114  98 100  84  70  77 135  52 121 147  85 109 148  57 144
  127 125 120  80 144  65  52 118 119 119 102 120  90  66 120 147 149  68
   99  90  58  95  97 101 119]
 [  0  58 135 127  65 121 110 137 121  84 116  77  97 130  79 142 129  90
   82  59  91 116 113  52  82 117  83  63 100 115 142 113  51  81  94  77
  103  65  77  64  87  56  75 136  88 120 114 137  61  92  94  50  93  63
   82 147  76  76  73 119  78]]
setup_time
[[[  0 115  88  71  75 258  79 160 157 246 113   3  13 303 349  28 109
    51 165 155 156 126 168 342  90 402  63 180  48 104  37 215   3 113
    95 216 183 176  72 146 118 123 137  71  57 153 114 383 209 287   0
   242   2 204 141  39 322 319 349 149 246]
  [  0   0 295 310 361  27 113 119 378 380  42 256 254 248 287 175  23
   161 344 235 107 182 312 356  88  19  18 316 271 135 315  22 220 348
   215  39  21 110 133 228 183 189 260 287 250 236  99 229 338 268  71
   289  45 128 332 395 321  33 145 261 129]
  [  0 235   0 380 244 157 249  76 405 112  41 265 354 146  16 406 133
   407 195 304 345 299  63 331 147 337 141 143 290 249 326 265 190 212
   347 319 310  45 364  96   4 268 202 311 135   8 145  67  98 328 169
    75  85  75  25 211 104  52 225 142 107]
  [  0 286 228   0 302 341 109 212 300 336 226 126 207  32  75 155 322
    28  62 312 344  45 300 329 287 124 224 371 296 402 156 330 126 260
   108 180 360   0 181  36 226  45 177 308 247 337  57 138  56 397 183
   258 398  57 141 104 406 203  35   9 199]
  [  0 159 193  80   0 387   6 286 229 174   2 129 286 136 361 170 258
   183  38 158 188 128 235 246 335  25  49  66 168 150 295  61 395 403
   176 379 118 251 235 109 399 263 107 197 324 145 153 111 367 246 198
     1 385 299  32 113 211  96 276 147  93]
  [  0 365  12 368  89   0 168 196 141 374 377 386 157  17 128  10 104
   393 192 302 115 322 357 221 147 335 249  52  30 386 305 198  43 178
   399   6   3 164 380  84 344 146 366 176 394  90  60 172 111 238  54
   261  29 327 397 238 219 263 355 156  40]
  [  0 170 163  79 242 326   0 191  65 187 399 335  22 335 239   0 392
   128   3 372 387 322 347 271 256 238 331 156  19 357  75 179 154  14
   245 369 312  30 197  88 275 271 270 175 381 279  73 226 221 161 317
   120 326 226 265  31  69 239   9 165 375]
  [  0  67 139 279 107 281 191   0 271  93 181  83 398 406 132 164 188
   366 267 387   9 206 356 363 179  23  83 290 256 257 137 163 169 273
   395  62 232 112 154 388 308 288 284 277  26 320  95 138 185 120 146
   218 357 223  19 395 244 116  87  18 306]
  [  0 403 267  26 383  13 303 268   0 105 306 291 315 339  41 216 109
   109 396 154 210 351 274 227 141 230 366 407 371 382 265 210 336 233
   110 394  89  40 137 151 224 380 146 204 320 356 301  41  46 265 206
   213 245 100 373 106 346  74 100  27   5]
  [  0 269 111 120 236  34  30 323 262   0 253  43 335 219 402 197 354
   289 138 259  33 388 223 331  27 279  20  18 375 151  47   9 171 388
   177  54  87 146  94 377 254 253 181 377 270 270 398 266 282  14 290
    27 274  79  86 199 400 285 107 143 333]
  [  0 192 337  41 250 382 105 187 371 228   0  43  71 283  71 294 384
   406 148  54 181 344  94 187 404 284  81 330 371  79  73 322  52 142
    32 124  93  97 169 185 177 319   1 146 383 269 306 153 211 274 245
   350 389 356 274 155 154 376 177 298 228]
  [  0 101 227 132   0 376  72 334 157 124 349   0 339 176 168  39 152
   262 302  22  65 240 236 254 322 320 200 203 258 104 134 282 256  41
   154 216 160 162 242  20 240 177 364 189 346 145 287 137  43 206  75
   288 289  32 378 200 263  93 353  42 121]
  [  0 332  56 356 328 148 300  27 263  53 218 311   0 290  35 176  61
   160  57   1 365 196 321 305  13 241 192 223 210 404 205 405 110 335
   393 285 390 334 265  96 245 289  30  91 136 191  23 303 207 365 381
   352 273 302 365 192 115 143 327 135 312]
  [  0 388  21 112 181  24 269 256 112 176 149 169 124   0 114   6 309
   223  34  63 321  69 233 201 204 345 400 222 220 207 121  21 194  91
   295 337 363 287 216 341 386  31 233 291 283   0 307 314 197 385 284
   206 318 111 333 276 111 340 125 396 149]
  [  0 385 213  38 327 128  35 314  17  39 402  69 156 159   0 309 195
   108 308   8 355 175 406 138  70 351 392   9 229 102   3 148 387 216
   112 299 270  84 353 374 218  83 155 115 162 194 117 206 167  30 315
   339 278 289  24 358 305 165 126 312 402]
  [  0 406 145  40 211  21 306 133 248 100 273 377 325 125 349   0 282
    30 375 111 174 376  43 291  74 120 241 129 230 253 361 166 359 162
   402 318 311 204 197  36 327  97 318 274 334 378 170 335 177  39  88
   158   1 385 332 181  45 332  11  45 128]
  [  0 287 353 298 225 403 287 198 346 131 169 312 376 370 283 256   0
   401 344  19 248 195  74 227 109  57 234  83 337 241  65 201 222 352
    12  25 136  73 334 222 225 383 100 360 107  47  56 315 179 117   4
   115 387 106 133 259  14  89 375  10  60]
  [  0 282 396 197  29  15 193 407 307  95 404   1 250 128  26 368 204
     0  18 250  59 109 396 370 374  29 226 325 228 362  78  99  68 339
   395  16  99 324 274  43 344   7 270 148 376 141  26 167 301 150   1
   323 363 188 337 298 375 336  63 218  10]
  [  0   2 245  85  46 392 132 171   7 352 286 286 280 209  98 399 140
    58   0 148 365 310  52 179 339  64 373 149 243 209 161 307 357  71
   256 362 261 199 314  49 122 334  70 304  21 100 405 362 192 213 191
    72 149 323 168 210  90 325 315 333 268]
  [  0 234 205 191  43 299  51 354 161  79 328  83 252  98 337 250 227
     5 387   0 360  71  63 365 269 101  25 271 366 279 236 292 268 196
    17 186 323  17   2 312 334  95 206 126 341 219 237 252 385 392 101
   285 116 374 206 403 188   1 188 308 318]
  [  0 352 286 295 391 306  42 169  81 314 376 171  43 318 365 243 366
   370 367 319   0 106 206 406 380 121   7 241 342 361 389 267 336 167
    42 185 185 226 401 191  23 296 406 363 163  65   7  80  44  70 396
   376 345 188  32 237  35 150 183  30  43]
  [  0 391 109 162 346 358 401  19 299 109 207 115   6 193 135 392 242
   329 319  33 354   0 192 190 331  27 285 405 116 111 157 102 380 308
    44 105  95 290 193 233 101 236 103 265 280 333 283 277 353 156  19
    28 155 273 147  57 241 118  21  90 100]
  [  0   2 379 243 148 246 302 371  91  30 225  73  77 150 313 400  50
   395 126 359  60 275   0  35 229 129 273 116  15 274 276 353 283 104
   176  70 300 122 339 364 396 142 354 236 170 174 251 380 319 161 298
    24 272 257  81 396 213  80 268 210 103]
  [  0  74  91  49  42 124 403 165 379  57 135  31  49 164   6 124 328
    32 138 238 315 268 247   0 378  85 294 346 160  64 252 325 385 277
   303 355 100 147 394 238 284  36 352  71   4  10 200 231 209 107 252
   114  46 342  93  10 277 133 155 168 392]
  [  0 135  35 339   5 146 331  54 301  26  78 242 314 228 222 141 225
   378 130   2  53 247 158 302   0  41  35 147  73 287 359 250 189 160
   206 227  21  45 367 256  84  77 383 388  89 117 219  44 283 193 265
    17 147  63 168  28  79 334 243 340 244]
  [  0 272  98 349 268  58 297  69 317  52  49 366 376 167  26 193  32
    11 327 379  38  21 367 352  25   0 150 391 174 237  70 256 228 343
    75 354 270  28 174  39 353 221 173 152 379  73 124  91  46 222  29
   318  57  97 149 326 200 131  80 147 100]
  [  0 138 176 346 249 136 366 365 372 175 380 348 306  84 286 358 316
   356 179 246 273 270  35  40 159 212   0 120 397 247 130  29 346 225
   155 231  25 290 291 200 282 252 335  85 303  55 393 140 245 158 291
    18 338  68 240 179 218 274 161 228 169]
  [  0 111 351 110 226 156 132 367 313 348 305 180 249 350 172  91 370
     7 380  11  65 150 302 391 241 267  44   0  81 367 281 178 243 264
   336  78 311   9 342 370   4  46 335 379  76 139 291 322 370 140  34
   150 121 175 140 233 280 124 320   5 133]
  [  0  71 316 210 400 231   1 371 110 186  68 367 271 187  94 372 237
   119 346  96 342 346 283 163 268 198  35 177   0 239 360 345  76 214
   333  65 288 374 359  23 226 197 302  58 368 255 382 244 166 166 230
   396 211 362 400 134 371 328 115  90 178]
  [  0 342  64 231 394 353 259 145 131 156 389 107  51 407 313 340 383
   214 393 163 162  48  86 352 253 259 295 223 385   0 254  84 123 254
   142 273 305 379 310 221 161  53 110 224  27 289 196 311  94 364 334
   194  64  64 134 145  38 259 173  21  68]
  [  0 316 185 154 347 255 230 375  32 129  94 109 106 243 178  53 190
   178 163 141 347 400 405 386 296  47 395   8 395  32   0 102 297 342
   249 145  60 405 268 363 146 196 360 349 256 337  33 300 103 101 337
    82  28  72 282 113  46 292 326 243 183]
  [  0 375 159 109 276 186  90 165 188  54 380  51 160  38 341 221  73
   290   6  97  33  86 366  66 395 174 112 213 350  11  35   0  23  24
   392 248 400 182 186 241 191 353 325 211 281 107 340 333 177 233 133
     6 161 261 189 213 225 231 268  80  53]
  [  0 311 203 301   6  50  43 295 232 287 207  39 300 194 390  96 114
    20 186 244 339 169 211 337 256  44 222 167 157 175  95 326   0  78
     0  43 369 340  84  13 344 325 225 238 239  57  53 299  72 165  58
    77  86  74 362 257 403 258 239  69 305]
  [  0 382 264 328 235 155 139 148 332  60 400 313 272   9  89 246  67
   225 175 234 314   5  90 151 359 311 210 132 266 204  41 395 225   0
   230 237  24 399 324 114 279 295  97  37  52 261  63 399 278 343  37
   346 405 176 310 347 170 349 289 400 400]
  [  0 191 302 134 272 345  20 134 174 403 361  92   9 252 154 161 235
   386  91 253 402 173 303 310 364 137 125 185  52 237 402 202  40 338
     0  83 259 265  22 162 362 203  12 286 304 360 178 155  57 259 187
    26 298  94 239 231  71 393  92 387 112]
  [  0 155 241 364 406 276  36 183 150  10 339 351 125  53 291  29 377
   244 314 172 332 111 249 289 402   9  61 403 331 278  92 235 368 329
   281   0 263 390  54 137 126  92 225  25 405 104 270 331   4 198 308
   122 322 357 308 173 300 387  17 207  75]
  [  0 381 396 201 273  42 355 115 232 259 196  67 108 352 332  18  15
    84 230   6 195 125 344 250 289 117 120 175  29 336 265 130 118 270
   272 164   0 330 319 143 340 376 335  99  31  88 179 112  15 352 372
   344  18 385  34 144 369 211 397 373 267]
  [  0 381 328  26 227  30  48 310  71 116 374 369 188 321 302 137 406
    45 339  47 244 316 198  22 125  46 301 327 128 107 261 407 113 407
   324  86 222   0 110 186 362 371 216  96 348  83  44 337 382 392 288
   139 213 382  75 265 224  44  27 131 209]
  [  0 361   3  84 197 396 223 325 271 214 252 189  88 272 236 215 294
   308 339 146  44 125  87 152 276 202 353 386 100 215 141  77 161 269
   101  99  49 135   0 381 303 395 152 219 136 304 269 229 245  83 300
   279 135 360 254 168  53  53 351 141 253]
  [  0 375 354 199 254 336 287 192 128 320 394   0 139 243  61 406 147
   402 346 241 140 208 286 109 264 276 348 144  75 306 215 310 148 263
   346  82  87 227 254   0 341 278 282 252 106 322 163 224 185 401 293
   166 193 349 295 371  91 184 279 389 277]
  [  0 395  43 294 346  52 374 348 331 353 130 232 195 367 359 357 350
   374   8 129  93   3 168 320   7 296 322  19 265 237 253 314 334  88
   202  62 167  97  63  85   0 211 133 314 299 128 182 370 161  99 144
   220  43 257 214 367  44  40   0 364 232]
  [  0 312 117 322 342 185  83 151 239 220 100 118  89  16 240   0 248
   142  50  93  56 322 144 287  56 152 113 291  87 221 298 298 102 254
    83  97 358 244  58 223  99   0  13 117 171  60 162 334 184 331  34
   245 315 199 363  74 146 322 357  34 330]
  [  0 231 327 118 106 146 181 243  73 225 191 328 111 318 259  17 319
   248 144 330 349  70  86  62 274  62 214 246 213 167 277 221 262 221
   157  80 207 400 266 210 349 300   0 400 197 387 310 273 274  61 330
   354 232  52  13 253  40 232  71 259 397]
  [  0 189 142 369 402  44 244  51 276 267  46 351 365 217 356 325 246
    25 104 223  50 197  34 121 262  73  38  85 282 176 310 374 269 395
    15 394 361 149 290 318 321 209 115   0 160   9 303 344 253 393 353
    74 361 177 127 187 158 147 365  30 141]
  [  0 195 246 115 144 286 343 404 241 180 187  62 391 294  20 216 311
   388 357  52 387 363 193 397  87  84 140  63 351 195   2 358 382 331
   295 212 177 279 242  63  44  89 337 401   0 141  19 154   5 299 274
   235 396 322 352 385  25 217  50 378 122]
  [  0 278 201 374 222 221 224 387 261 249 384 212  93  44  85 192 200
   145 281 164   7 369 405 212 187 154 180 318 255  76 305 121 365  56
   384 299  82 383  97 318 144 187  99 217 145   0 182 148  49   8  41
   354 192 376 229 268 334 122  12 321  50]
  [  0 237  29  84 271   3  75 300 104 135 355  54  74 264 200 358 130
   149  99  16 236 202 293 245 214 375 104 131 265 258 280 291  29 228
   168 187 309 143  90 336 282 245 117  12 249 307   0 161 371 113 130
   206  95 386 328 173  47 145 201 247 101]
  [  0 123 213 211 138 166 270 292 204 322 351 111 178   5 378 146  26
   114 401 115  52  97 322 241 150 164 107 296  21  81 180  46 172 285
    87 401 118 252 197  58 172  59 262  77 342   1 235   0 356   2  43
   214 316 133 123 155 126 195 193  35 315]
  [  0 215 279 191 176 158 279 323 112 318 150 226 329 280   4 137 273
    17 332  59  71 346 146 326 303 380 376 222 280 320 139 167 287 122
    11 300 145  26 220 232 128 345 223  41   2 260 399 172   0  46 280
   146 370 207 388  23 157  41  10 319 142]
  [  0 190  89 135 274 182 318 401 233 318 283 248 353 214  13 375 345
    41  97 179 357 312 307 332 301 252  73  12   4 341 270 265 170 152
   201 115 198 174 353 217 150 221 362  81 340 124 294  27 392   0 301
   187 137 379   0 387 141 183 364 270 203]
  [  0 329 354 275 188 389 244 148  52 386 170 389 298 148 166 174  38
   334   5 138 347 399  95  36 180 314 373  26 303 134  25 110  24 369
   403  32  93 293 399 134 229  70 206 132 139 172  53 104  59  31   0
   214 321 174 376 280 221 196 161 106 390]
  [  0 348 133  40 314  95 254 246 190 122  83 389 258  60 122 117 367
    22 208 350 396 336 214  79  27  91 271  72 215 136 384 290  19 221
    44 128  96 335 197 320 186 128 176  17 225 231  32 121  99 257  37
     0 297 230 217 215 106 361 295 242 193]
  [  0 373 126  20 341 109 180 126 178  86 210  73 331  58 205  46 117
    19 162 354  23 301 182 260 160 297 355 231 179 318 269 164  40  11
    85  98 229 280  86   3  36 315 252  28 126 133 180 207 339 205 379
   404   0 261 311  53 177 139 104  52  56]
  [  0 191 384 376 109 167 394 359 221  44 245 117  59 138 341 270 181
    36 211  26 262 250 171 363 117 307 135  50 129  53 218 102  16 164
   106 213 236  15 360 391 340  24 197 103 159 327 141 106 343 251  72
   399 339   0 110 268 187 156  13  98  48]
  [  0 239  89 404 363 282  60 266  74 148 152 269 233 353 215  80 243
    65 319 372 335 236 209 347  27 151 317 218 144 260 308 145  18 117
    55 172 330 188 182 340 407 191  23 388 154 188 345 386 321 265 344
   227 140 203   0 158  30 203 213 169 151]
  [  0 192   0 194  32 358 380 246 130 221  16 179  87 280 389 311  30
   341  61 224  89 399 248 259 333 109 391  59 113 135 363 318 398 188
    27 355 396  12  24 370 190 269 324 237 108 159 164 361 255 382 254
   262  73 399 268   0  83  24 199  34  82]
  [  0 361 368  75  42  33 279  48  21 206 395  59 212  68  77  56 167
   328 255 268 227  16  49 306 294  75 223 385 210  71 310 329 189 111
   401 182 398 232 405  64 146 183 384 377  41 136 228 120  98 208 399
   129 335 102   9 119   0 207 231  81 276]
  [  0 236  85 202 158  30 253 242 233 256 340  82 205  24   2 386  79
   234  43 247 314 358  43 196 299  75 215 196 199 178 376  50 266 365
   123 313 191 326  66 237 154 198 193 353  90 147 249  20 176 154 340
    92 193 377 160 164  17   0 168 394 145]
  [  0  93 213 361 195 128 231 214  31 160 114  37 357 364  54  79  99
    73  77 176 223  85 373 342 378  49  79 280 277 120 328  68 312 365
    54 216 277 303 281  52 206 215 263 196  81 258 105  74 305 106 165
   178 184 217   8 254 303 176   0 292 389]
  [  0 379 101 387  27 229  76 181 140 300  35 103  69 180 388   2   7
   104 244 353 211 233 255  21 148 285 329 238  48 191 311 174 232  14
    13 229 303  96 191  93  16 127 297 130 377 297 264  22 258 306  63
   246 197 164  89 214 394   4 298   0 174]
  [  0 359 345 143 383 291 154  81 345 336 321 221 349 362 405 356 130
   149 165 229 289 354 402 195 321 282 286 344  80 132 289 393 351 346
   216 215 284 171  83 204 169 245 278  60 161  55  84 168 392 400 152
   257 407  12 185   8 284 367 220 390   0]]

 [[  0 329  55 387 319 148  45 286 212 124 110 200 382 251  84 112 137
   129 158 251  70  19 200 130 245 101   0 328 235 386 225 331 122  62
   343 105 180 169 362 228 112  33 254 237  59 359 393 195  31 354 149
   369 139 304 227 184 353 399 306  34  49]
  [  0   0 240 286 271 108 246 116 326 248 222 298 345 204  53  15 130
    45  12 189  29 138 114 216 171  79 328 247  90 149  16 238  16 301
    95 161 332 154  80   3 200 226 293 398 328  22  17 372 112 245 290
   116 264 236 224 241 278 375 250 153 129]
  [  0 375   0 200 190 160 302 317 330 300 169 314  71 199 273 153 177
    97 340 269 406 360 390 230 256 385 119 376 220 136 384 166  50 199
    10 378   3 254 237 382 341  58 391 131 197 328 117  90  47 205 344
    13 209 213 173 224   2  81 218 161 106]
  [  0 226 242   0 116  53 235  68  99  72 137 355 208 231  72 291 229
   198 276 311  54  58 385 269 314 326  88 304 404  56  93 166 194 220
   362 259  48 368 260 174 242 210 185  11 131 268 391 171 230  99 344
   285 256 277 371 288 335 323  65   4 218]
  [  0 336 278  17   0 252 320  54  57 177 401 288  38 385 155 315 114
   323 195  87 403 362 401 123 219  94 308 319 125 153 260  74  14   5
   405  27 144 258 122 157  85 303   2  70 402  44 393 105  66 239 140
   202 136 122 191 249 318 146 174 161 308]
  [  0 385 297   2 125   0 125 233 261 380 121 199 291  58 327 207 324
   197 338 263 394 315 356 104 133 165 144 254 386 222 264 406 339 337
   359 258 341  56 391 216  19  98 227 131 248 250 297 287  18  56 176
    42 297 395 357 285 203 117  76 230 389]
  [  0   9  67 165 232  39   0 270 389  95 143 219 356  94 301  95 396
   173 290 338 245 113 162 303 303 130 329  40 382 209  13  27 310 101
   256 190 297 100 284 366 240 377 186 152  65 282 122 403  40  78  37
   384  18  17 251 121 323  77 224   4   1]
  [  0 154 368 191 269 100 384   0  89 116   2 296 397 313 380 318 401
   353 126 335 368  40 358  21 288   3 323 331 405 260 268  63 360 307
   256  89 281 113  31   9  13 373  45 245 102   0 335 279 190 292 146
    76 353 116  44 190  24 320 290 358 353]
  [  0  67 227 257 192  29 224 209   0 355  75 280 252 278 139  78  61
   161 395 309 264 363 270 352 180 141 384 125  86 233 199 261 395 224
   293 250 359  45 384 202 333 232 375 212  39 216 320  60 110 256 162
   390 189 369  52 391 198 243 107 390 355]
  [  0 398 265 372 376 335 352 284 114   0 205 161  79 385 170  24 351
   366 176 175 344 386 400 263 158 296 104 321 187  60 377 100 308 144
   204  99 137 351 407 374   7 183   3 171 273 283 172 364 121 171 403
   150 233 347 248 369 312 129 162 290 244]
  [  0 329 307 205   3  47 259 355 170  65   0 191 207 301  96 320 123
     1  77 402 200 108 203 128 386 144 328  71  93 142  22  73 384 254
   155  78  21 145 326 252 144 178 400 177 196 184 142  90 120 210  84
   316  42  91 329 258 184 356 182 402  61]
  [  0 129 356 100 307 314 241  91   8 266 393   0 229 329 386 287 228
   265 195  56 217 197 186 328 302 352  92 295 310 388 192  46 375 275
    70 105 263 235 398 397 123  43  28  61  18  79  76 193 366 174  43
   271  86 385 253  59 138 214 201 340 362]
  [  0  83 376 326 277  70 257 260 122 399 315  18   0 284  49 269 403
   336 274  16 139 356 174 380 264 396 228 305  72  11 399 129 336  64
   105 406 137 336 135 216 144 393 364 283  55 164 289  21 316 349 142
   204 188 321  10 258 399   0 117 208 362]
  [  0  84 310 353  94 235 154 216 104 377 184   9 318   0 211 219 239
   272 118 185 258 150 139  51 393 267  66 331   2 367 118 230  68 304
   370 192 331 310 128  21 394 379 270 185 205 380 315 102 331 329 392
   163 355 111 108  12 405 231 201 229 117]
  [  0 228 192 315 271 175 402  97 292  88  90 305 322 150   0 212 161
   370 274  66  50 227 154  51 119 153 377 231 268 274 309 185 129 123
    30 162 162 103 349  21  90 309 303  38 161 230  55  66 153 259  13
   243 237 343 254 364  37 289 115 253 335]
  [  0 184 123 117 219 170 224  98 207  35 252 342 104 110  84   0 269
   156 325 286  90 395 398 374  21 356 360 177 117 380 407 208 126  85
   365 113  47 277  11 302 339 296 226  46 298 277 315 104 162 287 190
   262 108 158 232 313 396 350 116 133 223]
  [  0 188 199 140 220 121  70 302 163  56 379 201 260  15 269 337   0
   277 125 371 231 394 152  32  77 303  97 281 345   4 282 297 370  57
   182 213 171 399 379 147 362 145 134 118 144 113 236 199 128 110 367
   191 344 220 183  12 391 165 137 124 219]
  [  0   1 119 211 294 288 351 292 185  18 164 148 357 171  79  72 388
     0 106 383 406 139 264 125 267 276 101  58 213 188 206 126   4 202
     5 112 314   6 297   9 274 404 161   3 303 313 288  97 372 287  67
    88 384 210 311 147 331 114 385 341 148]
  [  0 231 112 154 220 386   8  12 311  22 216 375  17  11 172 396 401
   108   0 131 230 195 240 274  66 395 393 400 370 187 221 396 367 239
   348 290 259 304  34 185 313 214  34   7 385 365 334 159  66  51 232
   242 333 330  13 328 154 295  50  28  84]
  [  0 311 174 250 235 364 242 203 240 273 204 335  62 406 357  39 131
    28  92   0  74 396 143 325 308 146 316 111 303 263 120 228 335 213
   319 323 121  53 109 161 166  22 106 165 164 232  78 363 394  77 103
    34 331  52 109 334 344  44 270  72 228]
  [  0  10 138 260 287 255  67 216 115 125 223  93 124 250 316  77 253
   369 329 156   0 184  18 383 363 202  22 117 244  95 329 287 286  73
   372 197  77  53  91 135 108 273 111 312  49 203  76 248 320 143  77
    87  24 120 356  16 308 368  24 126 237]
  [  0 275 344 268  30 282 238 346 360  95  71 238 277 239 105 324 173
    33 206 390 185   0  16  53  78  84  15 250 233 102 212 334 353  49
   165 174 150 281 393  27 161 213 225 400 389 160 278 216 106 120 310
    62  60 328 149 407 100 352 171 407   2]
  [  0 228 252 300 169 114  89 373 400 377 309 301 239 173 114 329  12
     6 220 160 262 226   0 249 285  91 361 356 316 179 315 102 189 366
   385 315 374 121  10 103 355 376 128  14  81  30  11 236 228 254 357
   154  44  22  87 132 200 163 220  60  11]
  [  0  62 169 403  76  43 190  34 112  69 388 305 148 361 312 254 135
   353 222 381  77 117 305   0  49 244 377 259 288 234   5 255 405  61
    30  74 110 395  85 231  24 341 196 357  70 126  50 267 324 187  62
   366 239 371 204 317 258 127  93  37 339]
  [  0 159 339 158 313 390 379 200 127 337 318 135 180  93  48 380  66
   362 272  44 176 335 354  24   0 136 184 117 395 269 317 406 139  96
    91 127 295 169 139 261  95 272 387 176 349 129 280  48 104 130 128
   357 257 284 292  30 249 329  26 327 351]
  [  0 223  57 207  37 108 171  63 291   6 294  81   9  25  95 291 275
   141 312 187 275 343 303 385 316   0 339 160 200 386 152 379  14   0
   306 172 194 341 123 309 168 100 309  88  72 250 287 159 133  39 195
   112 385 173 405  24 154  47 291 251  94]
  [  0  17 200  81 141 186  12 238 231 290 363 289 239 307 337 298 256
   237 160 386 391 137 129  64 123 336   0 264 109 348 221 103 313 329
   264 203 190 358 105 235 380   1 353  74 220 257 125 353 189 299 308
   392  54 387 184 253 197 151 357 337 286]
  [  0 126  49 124 180  69 304 100 143  46 200 112 236  85 224 278 338
    61 188 184 111  53 394 282  30 340 258   0 147 124 366 216 354  49
   316  13 146 230 127 135  53   7  35 304 156 291 216 166 324 353 134
   114  39 355 241 145 125 317  21 252 160]
  [  0 122  21 217  10 123  14 176  83 379 271 299 319 162 201 333 283
   270 305 156  82 248 105 177 211 250 155 172   0 375 236 214  13 156
   169  58 362 309 128 267 112  85 253  76  87 377  56 244 293 259 389
   192  30 134 378 257 160 311  71  85 248]
  [  0 389  99  80 215 298 220 259 362 405   8 281 360  73 185  83 374
   213 373 266  81  29 370   3  17 355 184 139 328   0 223 402  64 384
    27 353 294  11 395 320  28  31 180 149 364 404 234 135 364 327 339
   204 405  40 378 153 355 374 390 113 355]
  [  0 136 252  56  86 187 371  80 375  32 324 257 336  94  76 313  85
   147  23 240 238  43  34  92 343 258 318 179 128 283   0 228 142 220
     2 407 374 183   8 180  47 280 315 362 128 234  36 214 233 120 314
    11  98  43 262  34 365  24 107 218 135]
  [  0 268 326 239 110 307 296 295 304 255 255 389   7 276 404 179 299
   134  56 352  68 164 387 324 257 403 400  47 404 344 345   0 156 259
   132 294 228 202 256 192 121 158 210 328 161 396 115 184 335  77  63
   231 131  85 300 402 224  14 337 297 194]
  [  0 154 199  86 166 331 226  31  30   7 184  99 208  53 212 112 388
   390 133 120  27  69 124  20  28 346 257 131  44  36 151 189   0 391
    18 285 197  88 109 376  21 275 209  31 201  27  91 358 103 352  26
    11 129 203 294 209 115 122 312 399 318]
  [  0 352 142 209 324 125  92 158 128 229 399 306 142  85 362 128 356
   393 340 226 307  61 273 303  90 239   9  97 186 250 359 237 197   0
   247 232 297 362  72  40  18 259  62 123 263  51 217  50 360 238 297
   189 232 143  26 197 208  63 202 309 274]
  [  0 255  99 203 121 157 320  94 133 115 353 351 242 348 206 342 241
   162  35 234 382 173 253 285 167  46 130 368 361 376 222 294 101 361
     0 312 162 258  28 209 399 179 159 263 314 180 348 380 108 347 232
   178 196  21 360 242 368 205 400 144 188]
  [  0 349 101 402 344 287 164 222  79 214 293 190 238   6 396 348 324
    55  74 150 119 279 178  88 337 311 316 107 279 347 363 398 138 149
    15   0 118 245  31 378 353  37  40 277 342 333 222  19 133 206 214
    82   3 192 361  89 107 298  81 167 158]
  [  0 166 130 397 386 295   2 213 187  34 197   7 199 257  56 249 260
   111  99   9  93 337 129 318   2 228  48 120 124 299 244 380 125 343
   268 308   0 355   5 309  26 353 334  70 205  57 365 386 195 331 388
   136 391  36 305  44 197  25  50  49 292]
  [  0 389  96 384 364 141 302  32  82 375 237 134 241 293 235  36 278
   407 243  97 300  69 278 389 365 314 210 217   4 387 282 399 375 201
    39 194 182   0 368 189 292 360 179 191 228 215  59  47  55 325 219
   104 275  72  79 331 406  66 260 218 112]
  [  0  34 367 228  97  66 149 209 116   8   4 325   3  66 142 337 400
   289 383 296 363  87 148 298 117  88  51 104  55 384 309  98 131  68
   226 276 142  85   0   1  23  83 187   9  13 275 284  40 137 294 387
   362 405 150 381 195  39  63 320 180 186]
  [  0 393   6 393  52 140 273 176 269 310 110 344 193 314 316 288   2
   312   9 269  99 394 191 129 169 250  69 354 188 292 362 145 177 332
   328 231 253  61 224   0  89 346 215 193 176 364 169 330  98 151 140
   247 109 165 103 274  61 367 281 124 101]
  [  0 244 212 190 305   2 369  23 137 177 293 110 345  48 400  45 352
    13 200   9 377 346 385  71  39 109 307 278 263  17 105 317 367 223
   311 346  34 140 339  63   0  79 349 215 378 381 338  50 138  68 155
   228  40 308 406  63 167 327 341 255   2]
  [  0 271 130 140  36 131 384 158  37 352 399 165 295  16  52  77 273
   148 405 260 187 109 399 161 376 388 121 372  72 341 140 269 350 110
   311 290 343  83 160 101  64   0 381 230 240  43  53  88  15 280 354
    69 156  14 195 313 181  73 403 256 334]
  [  0 374 239  19 212 391 354 340 219 232 387 178 234 364 297  58 288
   294  50 120  64 252 155 221 403 342  94 355 379 217 397 232 102 312
   371  37 246  92 399 315 262 218   0 374 116 347 359 197 354  62 162
   318 102 399 124 131 124 147  92 229 140]
  [  0 278 358  94  80 231 277 253 131 301 207 348   5  99 151 398 203
    20  45 350  41 101 381 322 338 161 135 403 275 115 211 365 299 154
   191 226 164 329 148  76  96  45  48   0 406  55 154 121 341 141 163
    98 127 305 218   8 300 115  82 265  78]
  [  0  30 204 392 200 209 120 295 403 215 330 312 176 225  46 298 214
   218 298 337 275  41 270 361 107 269  58  25 278  19 259  63  56 158
   164 364  22 320 121  15 178  89 394  51   0 263  46 145 400 272 104
   327 163 289  32 120  63 148   1 148 188]
  [  0  31 347  28 390 135 377 240 101 173 133 362 246 145 277 132  99
    95 113 170 184  44 355 343 386 275 134 176 131 105 138  40  77  68
    10 150  37 338 108 246 251 399 269  40 207   0 174  18 206 251  90
    59  39 291 264 356 273 301 404 355  43]
  [  0 234 145 350 302 238  18 135 195 404 247 178 399 175 220  79 115
    28 104 105 225 233 248  63 267  81 108 163 280 153 207 274 228 101
   336 329  96 267 188 174 283 236 369  38 337 131   0  18 294 361  58
   128   7 393 390  60 212  58  32 188 230]
  [  0 182 296 380 335  52 407 134 173  46 360 356 272 388 184  44 103
     0 251 398   6 245 234 229 104 119   5 203  10  81 278 113 292 354
   119 225   7 117  62 336 124 321 314 318 336 363 156   0 111 210 234
   382 267 382  30  12 335   0  19  89  71]
  [  0 357 208 194 275  14 216 198 145 196 107 277 160 262 384 117   1
   278 341 230 351 230 144  80 313 327 367  45 158  52  23 127  81 251
    13  96 337 289 240 404 328  92 361 387 331  30  23   3   0 244 386
   212 397 217 324 208 136 316 365   4 233]
  [  0  66 283  86  50 296 199 382  37 172 178 402  82  40 139  32  43
   130 323 106  86 232 243  33  75  68 105 269 212 353 374 226  64 105
    43 385 116 205 324 228  61 319 141 225 103 358 336 144 165   0 388
   213 126 178 123 323 244 382 352 380  26]
  [  0  98  44 327  43  34 320 141 221 342 389 173 236 359  47  74 227
   230  48 277 166   4 337 158  38 316 194  21 288 149 315 200 200  89
   321 262 381 138  39 105 187  34 303  51 296  19 255  36 293 126   0
   153 376  88 146 313  16  29   2 366 228]
  [  0 395 228 294 220 110 380 155 104  90 199  83 347 179 159  47 233
   403 349 230 175 252 355  26 398 374 167 173 283 230  51  72 352 354
   336 165 320  60  78 320 394  70 262 159 181 176  21 380 368 369 274
     0  89  59 149 375 218 191 174   1 294]
  [  0 263 329 182 119 100 182 246 183 307 362  57 384 210 334  39 306
    90 135 265 292 340  71 218 233 133  19 140 139 354 183  62 268 347
    51 336 295 144 220 167 201  80 407 210 176 199 288 119  87 252  87
   156   0  53  26  62  76 163 357 370  54]
  [  0 164 237 376 226 307 131  71 407 267 104 234  40 343 140 164 237
   162 138 236   0 181 330 181 239 304 398 404 341 214  30 318 315 331
   238 382 251 149 331 140 407 307 312 242 224 273 210 269 382 349 194
    85 314   0 153 286 165 335 297 325 125]
  [  0 301 275 350 247 200 231 155   4 110 127 144 150 329 127 121 136
   350 148 120 212 247  60 170  41 296 360 152 344 212  51 337 195 167
    90  62  91 341  90 319 230 308 256 117 140 117  65 146 314  24 226
   321 228 158   0  16 151 204 136 227 157]
  [  0 280 105 274 364 207  33 284 323 176 179 300  21 228 154 358 354
   177 361  62 118  76 153  86 162 290  91 334 377 249 216 259 260 253
    26 222  83  10 373 343 256 180 120 349  35 359 159 203  99  80 123
   345 189  88 148   0  58  25  80 228 256]
  [  0 281 122 282 254  43  27 248  62 142 101  29 144 265 246 362 343
   123  58 204  88  51 181  13 277 344  52 187  29 203 126 316  58 322
   173 387 386 386 296 169 304 327 399 280 357  36 302 249  11 250 180
   209  26  26 303 173   0 235 342 367 224]
  [  0 309  40 356 244 130  73  86 331 173 204  83 228  93 347 219 125
   231  49 115 395 135  91  66 197 219 252 232 359 311 129 193 406  38
    26  85 346 144 277  76  80  37 290 131 393  17  71 312  47 320  99
   325 385 201 310 147 136   0  15 405 330]
  [  0  94  42  38 297  48 178 237 118 397   9 397 243  28  29 283 166
   137 121 178 211 373 208 151 269 142 178 143  66  98 325 399 291 113
   344 257  48 387 368 164 334 280 330 301 284 362 308 293 239 339 204
   159 289  62 140 368 163  55   0 371 342]
  [  0 131 314 326 140  15 380 392 125  68 355 406   7 298 301  57 332
   181 303 308 159 313 139 294 327  28   6 202  50 369 219 186 339  31
   361 218  55 279 177 118 315  32 165 274 142 113 122 339 256 116 197
   110 148 184 315 145 213 354 289   0  15]
  [  0 115 396 125  14 197   7 111  94 378 380 133 280 373 221   9 282
    58  27 402 240 172 113  41 323 383 161 351 235 362 407 247 279 152
   193 389 287 167  11 247  76  72 182  80 300 388 174 292  39 332   6
   315 363  35 251 340 124  70 402 198   0]]

 [[  0 309  50 403 346 223 288 320 161 337 361 336 397 277 334 234 193
   134 151  97 198 182 276 146  14 340 195 104  50  98   3 172 111 162
   186  18 248 300 300 268 112 317 342 406 399  80 342 339 329 291 350
    58  12 157 116   9 230 356 241 315  38]
  [  0   0 340 396 232 123 305 159 281  17 395 269 107  34 258 240 225
   287 404  41 194 101 265 273 259 218 124 306 197 403 308 360 282 315
   369  33 243 103  42 218 255 199 163 129 390 291 161 306  93 278  78
   351  90  36 168  51  33  35 267 402 150]
  [  0  91   0 295 394 263  25 270 153 402  89 141 332   7 193 210  59
   264 233 293  12 283 276 299 319  27  73  56 319 179  72 377  65 121
   274 100 225 249  51 251 216 112 208  11  82 181 307 331 183 137 292
   302   6 222 168  44 322 392 294  83 252]
  [  0  72  72   0 170 149 278 391 367 266  19 385 222  82  16 107 181
   301 257 401 227 213 157  56 240 274 282  53 250 206 406 256 121 336
   125 359  26 188 360 257 365 179 115 347 183 277  61 176 326 353 269
    86 333 292 330 164 174 374  75  83 250]
  [  0 232 386 291   0 259 298 306 243 315   5 272 315 324  65 107 391
   149 118 166 328  54 223 195 136  55 217 135 348 336  97 135 320 375
    28 353 290  63 258 222 262   2  55  32 156 402 261 191 404  85  30
     8  99 253 251  44  61 236 222 139   6]
  [  0 319 142 276 169   0   6 181 361 303 395 314 396 117 342 232  12
   207 406  87  58 390  59 339 164 209 114 390 387 134  78 169 241 401
    41 106 198 314 293 386 371  98  65 132 138 310 259 309 291 320 299
   383 293 344  55 141 196 104 195 248 327]
  [  0 299 378 163 247 300   0  86  25  42  24  61 222 136 376  99 332
   401 140  25 251 345 304  55 328  86 363 222 267  94 300  90 106 270
   402 289 382  40 375 382 197 143 176 385  11  75 339 246  52 114 346
    98 303 172   9 174 234 313 257  14 237]
  [  0 159 123 347 386 275 141   0  16  79  18 222  88 357 147 222 179
   334 337 365  82 146 137 114  22 400 206 346 256 306 388  76 111  69
    53 154 193 246 275  75 274 341 172 183 391 296  31 131 217 243 388
   234  45 129 179 171 150 144 176 305 291]
  [  0  36 406  48 196 148 137  73   0 126 341  35 371  39   5 119  64
    75 214 336 200 336 164  40 262 177  46 208 253 238  77 137  17  99
   386 302 337 145  11 237   5 283  53 264 102 136  54 177 107 327 307
   215 115 319 154  43  21 373 109 404 322]
  [  0 164 179 340 255 233   3 237 340   0 206  90 316 372 236 294 301
   358  77   5 148 103 385 331 164 298  37  34 238 228 266 398 163 399
    97 336  99 192 117  25 151 187 111 179 129  39 391 219 161 135  12
     6 150  88 251 128  77 110 402 245 284]
  [  0 271 163  40 256 312 399 393   8  63   0  28  52  41 126 398 147
     0 269 128  26  83 398 364 371 268 284 372 360 191 295 184 168 174
     2 221  21  98 161 312 302  80 216 233 321 203 200  51 354 383 251
   177 395 300  76 295 231 151 160 121  71]
  [  0 226 274 210 194 155 143 192 374  19 126   0 105 292 295 192 318
    57 302 205  24  53 267 382 373 153  23 344 215 387  76  56 104 337
   378   1  44 239 188  15 194 219 242 283 205 385  82 319  25 246 357
   201   8 298 149 208 233  89  81  99 109]
  [  0 149 324 184 288 320  18 163 213 179 183 225   0 316 284 346 148
   248  63  72 307  72 197  10 321 271   4 282 275   9  38 149   4   7
   141 200  54 141  56 319 303  88 245 277 205  80  79 198 197  37  17
    61 343 130 141 325 144 261 263 383 338]
  [  0  10 287 349 392 172 328 222 266 113 317 164 190   0 154 201 226
   132 379 238 187 366 223 369 234 109 170 248 279 340 183 101 181 283
   305 314  53 295 288 253  86 276  57  54  14 377 194  93 332 202 194
    51 208 106  93 236 396 335  46 212 129]
  [  0  81 284 380   1 254 304 228  47  62 366  73 364 260   0 240 356
   265  69  25 310 290 390  52 221 234 205 368 368  24 228  22 372 259
   225 140 367 296  15  67 315 170 207 371 398 166 337 332 172 327 250
   199 400 207 389 303 297 249 235  30 335]
  [  0 403 406  31 398 304  71   9  73 329 122  97 192 376  60   0 331
    37 119 244 222 357 311 216 354 297 393  55 277 138 176 256 283 163
   169 332 362 221 314 129  71  15 269 337 208 111 361 368  22 192  40
    62  70  68  51  14 301 344 347  84 312]
  [  0  81 142 323 149 229 374 380 380  62 189 288 123 281 259 359   0
   211 145 179 362 165 159 166 234 406 347 364 255 375 348  65 169 122
    73 307 142 182 133  93 308  48 261 314  94 158 253  24 140 287 264
   172 257 340 166  95  88  40 368  62  76]
  [  0   3 259 311 346 283 106 365 177  65 382  98 207 328  38 324 195
     0 293  43 302 211 274 217 363 129 239 376 243 107  20 187 284 165
   310 330  77 299 305 157   0 342  84 394 243 100 377 198 109 128 167
   197  41  32 114 405  88 224 382 153  10]
  [  0 340  25  78 132 360 125 332 118 202 357 395   4 348 243 394 189
   108   0   3 372 349  65 286 326  18 344 279 187 241 378 292 127 246
    74  35   3 338 298 298  80 387  60 280 289  28  72  18 249 152  11
   106  88 333 184 386 241 145 380 148 337]
  [  0 276 258  43 378 278 223  26  21 197 393 351  71 166  47  90   2
   402 305   0 392 180 206 285 310 388 291 185 246 217 236  60 312 331
    50 184 288 349  52  48 267 202 146 135 288 159  11 291  19 168  30
   386  82 225 249 142 311 234  76 285  36]
  [  0 281 353 314 323   3 196  23 379  39 396 344  97 315  85 277  16
    55 217 399   0 325 164 137 254 168 230 249 403  66 288 185 190 231
   330  84 329 216 212 102 264 202  23  32 355 147 360  44  34 249 378
    25  56  74  63 187 269  32 303 149 175]
  [  0 253   2 354 115 252 257 176 140  51 294 146 228 336 385  11 328
   316 265 103 151   0  10 129 155 302  24 321 179 222 234 207 275 374
   362   5 232 275 315 290   7 354 257  77 305   3   9 204 134 256  66
   233 322 350 120 125 272 350 263 216 318]
  [  0 175  94 284 227 261 309 261  15 205 293 276 145  28  49 374 184
   247 187 104 212 264   0 305 250 399 299  58 185 260  67 325 156  92
   363 178 126 186 243  83 387 296 308 305   7 265 101 196 242 146 113
   184  33 334  40 155 314  42 335  96 363]
  [  0 363 272 249 349 192  86  61 314 193 175 230 142 321 402  86 274
   198 282 318  33  32  54   0 320  45 346 289 152  55  37 146 185 353
    56 215   0 384  99 296 197 404 401 223 230 158 216  98 188 155 270
   178 263 285 100 280 186 368 236 148 307]
  [  0 379 301  93  93  82 155 299 125 138 170  86  75 150  77 297  53
   367 267 284  16 309 312 217   0  33  74 263 233  41  65  57  26 400
   200 174 210 338 219   8 198 132 349 234 183 113  23 101 342  33 186
   369  44  64  10 356 138 336   2  95 357]
  [  0 339 120   5 173 137 377 368  88 160  44 185 331 336 301 242 211
   240 235 348 192 325  80 169  32   0 297 193 165 216 335 146 231 407
   303 351 257 298 401 267  49 395 133 138 136 294  62 269   1 338  44
   240  25  37   6 275  48  93 308 158 326]
  [  0   3 373 394 187  40  59 394  22 136  20 187 218 119  12 378 374
   393 216 348  59   0 191 291 395 202   0  83 163  31 303 357 308  94
     9 111  95  71 124 178 391 192 158 160 164 312 270 107 398  84 139
   360 152  52 388 339  35 281 164 143 116]
  [  0 106 299 300   9  46  13  77 218 230 284 139 317  42  63 329 100
   387  89  81 260 227 124 367 158 177 233   0 124  30 277 349 189 325
    31 237  59  59 344 108 249 124 340  80 206 152 326  48 158 313  91
   327 337  77 312 144  81 233 210 284 264]
  [  0  27 242  78 119 200 245 178 221  72  23 238 228  95 249  11  86
    82  23 339 349 345  72 164 182 348  85 347   0 351 315  26 182 389
    47  20 106 234 177 159 349 376 163 199 314 211  97 214 300 331 163
   391 205 192 249  51 149 348 302  23 306]
  [  0  43 138 277  94 165 253 342 243 115 195 365 233 202 296 238  10
   331 124 112 151 165  50 358 238  58  80 328 332   0  72 236 282 195
   330  24  26 274  55 268  75 273 180  68 357 188  64 309  95  90 298
   296 228 235 407 308 185  13 228 173 121]
  [  0 164 326 388 290 165 236 138 170 347 262 234 333 186 254 108 329
   256 385 244 347  30 185 235 158  78 102 134 105  49   0 374 383 290
   170  15 388 192 182 245 169  49   2 182 265 372 382 243 287 267  40
   161 397 121  66 115 196 147 367  87 375]
  [  0  85 194 258 246 109 167 229 357 405 209  30 163 101 273 195 218
   221 399 295 166  73 314 174 404  27  43 279 250 276 132   0 308 352
     3  74 379 396 195 324 263  30 191 157 248  35 273  86  42 110  84
   325 135 160  27   9 207 313  21 140 243]
  [  0  49 174 374 379 225 324 106 344 401 392 300 360 105 193 159 200
   178  56 326  89  33 246 274 215 343 142 351 149 143  57 179   0 403
   199 385 336 174 247 298  27 135 225 391 153  34  71 283 216 203  91
     6  58 257 353 112 217  62 129 324 164]
  [  0 230 208 236 305 379  18 369 332 123 209 321  60  78 175   9 264
    33 366 135 151 148 215 123  54 151 148   0 309 398 109 225 278   0
    66 284   2 404 232 315 257 158 287 151 283  60 192  70 194 251 374
   201 195 176 180 184  74 171 103 399 350]
  [  0 254 193 311 360 162 219 337  72 261 115 250 355 371  65 305  44
    17 371  48  31  62 277  15 318 362 200 295 189  37 271 373 261 274
     0 367  73  18 373 269 329 393 391 212  40  16  81 228  78  78 118
   210  96 289 116 362 262  80 326 116 124]
  [  0 143 385 120 240 145 225 144 344 308 133   7   7  69 215 351 181
   375 295 314 341 230 142 209 292  59  42 249 168 366  57 320 207 124
   331   0 121   0  90 271  14 275  36  93 307 395   7 379 267 289 255
   253  15 209 133  95 126   4 145  28 184]
  [  0   6 262 121  95 309  70 326 149 192  69  82 284 234  67  48  16
    72 354 140   0 394 134  32  76  53 151  36  96 236 361 190   4 406
   131  92   0 328 327 151 312 182 335 396  53 260 137 303 245 294 363
    76 306 262 222 127  51  73  54 237 115]
  [  0 229 282 374 391  31 355 213 198  49  40 186 116 392 183  79 297
   394 343 150 253 115  65 290 317 123 161 199  70  16 141 138 175 345
    47  28  89   0  85 101 113 389 256 316 186 197  52 401  71 305 405
   336 340 341 222 214 353 218 258  15 334]
  [  0 292 150 182  96 261 220  69 135 157 363 225 333  62 331 213  45
   354 300 374 131 279  14 315 393  32  78 402 330  20 289 330 203 279
   388 176 154 394   0 348 226 288 185 200  18 182  66 110 134   3 354
    77 294 273 342 192 268 186 406  65 157]
  [  0 106 212 371 164  38 202 379 159 121  37  34  59 216 400 110 238
   298 355 282 347 255 131 333 342 212 163  50 112 405 122 407 395 243
    90 192 406 267  97   0 105 285 280 404 401   2 307  27 366 381 371
   158 107 239 341 272 288 279  35 378 261]
  [  0 399  19   0  23 155 304 241 173 158 165 109 300  16   9   5 335
   101 403 361 281 195 156 393 275  67 178 387 297 292 312 364  76 290
    67 289 389 369  26 357   0 215 132  86 407 289 397  84  81 243 211
   277 299 130 144  47  12 395 180 136 288]
  [  0 218  67  88 216 329 265 358 390   7  19 188  74 106 373 201 150
   291 379  51 139 293 213 377 324 320 321 349  51 157 354 309  35 283
   362 252 286 391 192 301 305   0 258 288 197 230 104 326 248 266  74
   213 343 231 146 227  56  80 186 387  19]
  [  0 334 352 197 110 174 148  47 256 211 284 131 231  23 105  54 205
   330 282 265 347 251 171  80 105 335  65 394 369 110 279 259 284 364
   344 354  59 290 264 214 355 345   0 113 290 314 184 154 157 147 197
    75 392 174 194  22 380 353 404  22 377]
  [  0 339 125 356 401 172 223  71 183 164  83 345 183 176  84 170 243
    30  85  64 133 191  62 263 262  14  77 115 229 124   7 151   4 205
     8  95 127   9 163 208 337  32  89   0 128 311 198 119  87 369 371
    89  19  26 135  42  75 158 269  21 389]
  [  0 250 388 270 237 219 131  96 176 201 108  69  32 287  80 265  21
   331  54 375 149 158  20 125  43 168 199 130 147 217  50 233 258  45
   400 320  49 354  74 312 163  56 263 313   0  69 143 262 187 298 128
   210 140 134 258  96 360 331 277 387 142]
  [  0  16  25 178 119 302 282 283 398 320 101 392 399 337  60 169 358
   132  98 212  97 341  64  87 300  92 231 324  96 174  37 203  54  60
   254 290 365 299 141  79 165 113 318 225 173   0  23 118 183 323 220
   391  34  24 230 264 104 249  13 223  61]
  [  0 320 123 354 278 211  20 317  21 313 106  11  10  49  48 204 181
   190 286  66 365 241 397 328 224 317 271 204 285 394 265 142  86 357
   216 246 320 391 323 158 139 198 336   0 258 268   0 150 367 356 104
    15 313  41 386 214 153 406 200  29 106]
  [  0 313 348 374 322 282 206 174 254 278 375 169 242 324 295 340  70
   147 224 365 188 294 315 285 180 194 270  43 404 348 407 386 283  83
   188  58 289 251 143 226 141 333 277 138 243 219  12   0 262 303 245
   285 300 236 116 133   4 299  12 293 351]
  [  0 267  60 208 124 309 300 123  40 184 326  10 318  33  97 397 385
   135 245 210 293 107 219 391 140 250  72 253 299 325 370 329 377 216
    22 327 125  24  27 315 229 122  53 266  96 100 356 169   0 377  79
   392  87 106 114 335 238 238 115 240 199]
  [  0  10 220  56 271  42 260 273  86 399  11 137  38  76  97 106 203
   291 280 185 329 187 154 303 358  18 326 279 193 298 168 206 314  90
   258  64 184 120 281 355 106 241 182 267  52 266  43  65 256   0 277
   370  46 244 115 374 152 349  61 345 100]
  [  0  86 196  60 188  28 194 308  16 250 131 196  30 182 368 179 302
    43 383 167 258 110 214 295 228 353 103 179  41 373 323 367 346 146
   254  48 185 405 229  30 179 335 357 299 389 282 314  18  79 298   0
   319 205 152  44 407 250 382 181 298  53]
  [  0 243  87 216 175 224 245 147  75 120 277 162   9 155 274 174 311
   385  72 299 135 295 186   4 321  24 382 283  70 385  95 308 180 113
   326 376 178 108 230 237 240  11  11 282 364  86 292 354  75 188  15
     0 255 279 248 321 174  56 366 120 364]
  [  0 159 294 124  11 352 336 370 274   2 128 229 216 377 393 133 141
    57 166  64 311 382  13 214 292 398 188 336  34 204 102 201 222 127
   402 391  96 144 136 259 204 243 337 199 351 186 246 127 177 407 137
   240   0  60  53 180 122 212 325 212 278]
  [  0 203 275 154 288 402 142 355 261  22 247   4 134  81 129  55 354
   110 123 271 357 195  99 266 345 290 321 359 371 120 270  92   5 132
   378 283 376 269 274  10 189 398 331 265 290 154 324 384 385 370 213
   142  48   0 115 240  73 322  82 278 321]
  [  0  42 177 124 402 356 380 108 297 100 220 258 401  93  44 374 103
    94 402 393 179 116  23  67 117  20 290 226 347 204  75 133 239 270
   350 366 133 254  44 287 288  48 103 277 276  29 386 178 368 324 243
   391 200 186   0 209 223 156 100 176 127]
  [  0 155  98 279 254 126 277 274 290 247 129 191 285 236 353  79  56
   280 256 307 354  19 189  37 181 275 334 177 220 328 150  35 325 181
   404 156 388 302 288 323 158 361 261 289 205 274 185 325 168 107 152
   233 193 255  89   0 315 201  78  72 249]
  [  0 387  97  79  11 226 336 327  15 168 395 191 238 223 218 152 204
   399  23 273  84  89 172 262 261 254 187  55 283   5 216 338 137  41
   228 385   8  61 338 231  72 171 243 394 154  72  41  30 220 279 236
   187  60  51 120 259   0 207  98 238 100]
  [  0 106 243  97 184 172 210 257  57 210 393 279 269 285 364 223 150
    94 159 117 343 384 137 161 239 319 166  72 293  33 374  19 203 100
   303  60 208 317 129 133   8 277 129 209 214 298  82 321 226 323  58
   244 124 318 116 337 109   0 309  66 328]
  [  0 303 285  91 112 268 337  28 120  49 342 127 154 197 295 236 111
   316  98 169 346 116 400   4 303 148 402  57 165   9 141 400 268 149
   240   2 371 284 391 331 188 230  94 297 160 274 277  50 376 168 211
   241 380 350 252 159 174 278   0 300 310]
  [  0 187 367 206 234 115 117 358 318 277  66 366 285 142   0 211 299
   384 254 151  94 351  31 252  86 224 238 148  48 343  92 361 315 153
   208 155 113 134 298 393 189  35 372 306 301 273 127 323 363 174  73
    47 166 347 269 279  22 358  24   0  16]
  [  0 379   2 123  20 242 310  12 262 306 193  70 230  70 335 177 329
    74 331 291 261 178 118  25 286 309  79 124 114  15 244 335 233 260
   259  12 327 132 336  96 274 149 139 352 305 229 231 239 371 107 169
   110 199 131 316 363 116 142 227 183   0]]

 [[  0  65 254 360 322 190 267  27 299 220 353 271 406 316 213 264 104
    27 252  23 323 295 359 251 374 253 116 145 113 134 290 183 177 117
   349 217 274 164  39 366  59 203 183  49 172 370 344  92 317  50 319
   277 296 315   9 328  77 335 203 205 256]
  [  0   0 166 320 174  30 101 287  23 130   5 157 126 117 359  70 109
   157  83  32 119 325 380 232 186 196 270 128  71 107  22 260 253 261
   248 316 125  39 225 365 238  39   8  76 347 149 208 349 367  41  14
   123 220 287  44   6 108 190 393  26  79]
  [  0 359   0 293  25 239 100 300 217  79 141 374 229  55 207 250 144
   117  63 348 328 334 157  62 396 178  54  89  54  31 375  44 170  13
   394 377 308 323 209 278 329 323 367  84 145   0 171 207 371 226 391
   329 236  38  94 194 259  83  86  13 161]
  [  0 121 196   0 400 329 324 361 261 146 393  83 295 111 122  25  76
   108 319 202  67  66 115  24 315 163 202 328  56 276  51 262 369 298
   385 395 154 318 395 138 293 324 199 126 289 223 339  13 406 407 172
   189  90 343 348 355  71  90 151 120 303]
  [  0 220 125 191   0 351 184 268 274 266  63 334 375 210 185 129 309
   356   7 117   4 279  15  78 253 348  70  46 143  99 326 174 166 315
   120 362  87 312 238  38 209  17  70 323 120  37  24  25 192 205  49
   220 403 405  25 407 231 243  43 255  46]
  [  0 107 311  25 366   0 298 381 118 282 180 193 196 161   7 308   3
   276 397 332 177  37 245 104  70 219 384   9 403 210  25 141 382 350
     7 375 316 144 252 360   0 344  83  75 141 304  81 198 390 152 256
   371 100  84 347  27 371 246 349 234 201]
  [  0 260  55 196 189 259   0 177  49 205 309 185 325  98 125 212 379
   279 158 327 402 265 393 179 245 175 319 235  44  38 384 131 186 155
     9 371 218 232 252 354 130  44   8 136 191 197  98 243  92  35 248
    73  30 289 146 394 267  79 104 119  72]
  [  0 170 300 382 373 244  17   0  85 208 191 323 202 254 141 256   1
    48   6 399 108 122 224 126 160 216 356 283 130 320 308 292  58  84
   241 268 371 196  12   9 109  21 327 249 334 146 345  83  62 294  54
    18 275 198 360 340 155 171 369 220 403]
  [  0 293 126 341  12  91 287  59   0 189 303 260 172 244 328 372 297
    18 286  18 102 218 387  65  74 394 218 350  25  58  23   6  37  62
   239  49 100 273 290 403 214   4  97 399  50 214 282 134 237  86  48
    86 163  16 260 377 213 123   6 215 164]
  [  0 131 324 365 271  84 155 201 117   0 304 396 120  21 100 110 364
   101   3 187 287  78  29 348 193 208 294 145 103 397 341 221 139 103
   248 244 111  10 388  54 256 175 186 324 240 359 382 383  73  56 224
   366 280 305  92 189  40 382  60 201 133]
  [  0  71 308 376 172  42 169  68 155 164   0  25 107 395 252 126 323
   394  36 227 129 183 196  33 404 395 232 166 303 208 264 202 142 384
    19 381 133  71 288 302  89 271  90 137  87 212  96 100  95  13 388
   338 147 253  15 340 348 298 235 136 384]
  [  0 161 114 244 192 333 400 240 342 109  55   0 162  37 403 304 188
    16 141 325 348  28 339 334 360 130 250  67 342  52 374 367 133  53
    16  64 156 250  38  34  94 378 232 254 392 114 169  68 273 192 326
   133  73 218 317 165  89  30  87 250 228]
  [  0 120  33 156 212 166 361 261 273 278  32 205   0 301 172 135  81
    80 214  91 311 387 175  72  82 260 403 321 332 202 394 195 357 136
     9  86 162  35 211 229 343  39 193  34  64 321 384 272  35 117 131
   301 340  96  60 204 194 199  27 113 193]
  [  0 238 400  75 268   1  81  98 287 102 336 379 369   0 280 348 321
   225  56 407 225 385 256  87 229 108  33   5 173 263  76  77 214 186
    69  57 122  19 126  18 149 195 348 168 282 275 247  67 210 183 114
   264 214 308  36  30 394 168 373 152 200]
  [  0 132 330 287 156 171   6 385 362 164 137 330 143  40   0 373  88
   219 340  10 405 314 313  42  58 385 159 293 292  39 323 388 274 317
    78 350  70 324  90 111 275 186  30 240 351  44 211  13 145 285 386
   289 160 269  72  27 277 168 235 191 373]
  [  0 353 360 380 225 257 118  77  15 214 256 205 265 398 171   0 156
   387 399 345 347  39 392 363  75 214 114 310 294 254  82 214 215 195
     7  25 167 363 250 365   8 129  87 295  28 157  63 296 178  17  63
    42 243 342 293 334 201 336  85  14 269]
  [  0 123 149 391  87 105  54 113 303 282 167  99  36  66 220 169   0
   376 382 276 319 140  43 180  23 338 119   2 235 392 242 230 167  76
   277 177  19 196 290  17 113  21 257 230 290  10 336 115 149 375  34
   120 265 401 252 236  18 330 197 208 299]
  [  0  27 357  54 388 259 124  39   7 291 157   4 383 122 243 198  66
     0 343 304 363 362  42 256  28 325 310  77  88 367 306  47   2 242
    72 187  31 281  30 406  62 288 289 322   0  83  19 378   5 137 271
    22 275  41 143 194  24 219  14 161 331]
  [  0 104 294 134 253  42 166 317 281 316 386 171  14 188 346 168 343
   141   0 296 260  73 158 172 200 272 260 250 146 211 280  45 270 392
     6  21   0  32 240 161 163  70 383  98 390 324 102 268 238 389 276
   288 104 398 288 396  96 245  89  32  33]
  [  0 219 148  39 143 103 240 335 403 288   4  32  70 380  10 386 172
   170 397   0 343 275 119 103 121  52 138  47 341 105 119 303 278 261
   367 204 324 122  81 406 407 205 354 150   4 406 180 234 140  87 274
   221 139 148  71 399  36 284 187  78 205]
  [  0 202 344 396 104 313 270 111 206 141 231 138 391 144  81  37 350
   322  52 248   0  67 125  60 123 130 394 226 117 182  40  65 348  86
   390 125 315 394 248 167  82   4  56 258 308 294 212 347  78 369 322
   108 345 236  73  53 237 294 351 364  98]
  [  0 320 387 365  60  22 288  89  72 255 201 249  40 148 326 406  33
     8 148 391 267   0 177 270 175 221 366 127 120 162 263 188  90  89
   184  30 310 382 135 285 201 155 383 308  22  87 368 270 115  34 237
     4  98  73 107 180 401 247 263 384 171]
  [  0  79 354  41 261 294 285 311 221 233 139 163  51 269  14  99 396
    41  57 188 155 126   0 324  67 273 400 388 344 179  64  29 211 321
    51 281 340 359 355 126 239  66 282  21   3 391  87 300 356 325 132
   289 372 390 197  13 323 211 116 376 126]
  [  0 137 285 102 182 137 338 145 191 300  83 293 100 394  62 177 340
     0 331 266 226  44 318   0  90  68  10 101 111  55 117 213 115 164
   357 359 162 271 339  72 397 404 107 261 229 333 189 140 265  55   7
   375 328 369 173  64 172  42 300 243 297]
  [  0 117 289 106 100 245 346 377  88  39   7  79   7  93 268  45 298
   136   8  45 361 207 309  47   0 177 334 181 325 304  53 303 174   0
   143 215 124  68  80 245 187 334  95 100 290 390 323 385 164 217  48
   178 344   9 371 198 347  31 147 395  52]
  [  0 378  81 247  84 347 174 391 200  75 370 372 249 105  26 172 110
   356 320 365 183 328 315 301 316   0 332 382 248 163 209  92 282  19
    11 327 322   3  90 100 324  23 243  24  57 150   1 107 375 337  90
   270 344  36 208 302  14 239 111  15 325]
  [  0 363 163  22  93 216 198 253  56 250 231 137 145 364 272  39 371
   153 226 402 383 304 151 395 235 402   0  13 305 350 140 180 353  85
   220 150 244 243 190 229 398   4 396 264 242 190 356 318  12 196  25
   290 347 303 118 141  33  32  12  63 193]
  [  0 219  20 397 283 127 103 364 279 122 204  60 180 292 260 327 230
    23 407 372 325 184   3 377  92 142  13   0 369  77 280 141 140  41
    58 155 108 159 309  35 322 215 278 210  65 260 249 395 219 363  88
   350 224 257 121 141  40 361 279 380 306]
  [  0 166 236 407 317 139 101 223 120 155 168 370  26 331  11 226 105
    65  64 112 215  56 199  41 402 106 344 235   0  74 229 333 390 162
    96  64   7 200 203 354 184   3 207 202 282 308 398   9 164 204   5
   332 237 183 127 400 306 264 225  18 167]
  [  0 127 152 105  97 311 385 373 395 133 259  27  55  96 178  73 339
   127 247 318 230  67  58 150  29 257 368 368 300   0 142  79  81  69
   210  28 241 336  63 233 295 110 175  18 308  92 395 189 151 213  16
   163  79 304 160 190  29 162 150  66 223]
  [  0   8 137 182 394  62 283 256 291 385 346 400 115  19 371 280 375
   251 325 348 393  32  51  61  38 141  44  76  25 224   0 111 199 241
   125 207  89  50  74 331 213 330  45 292 282 311 172 373 189 213 179
   164 262 379  44  13 222 309 331 120 205]
  [  0 199 401 385  76  53 242 352 194 201  89  88 327 106  75 260 233
   348 196 145 238 289 270 253 246 370 401 343 270 348 370   0  81 163
     2  47 311 347 289   8 175 164  84 228 110 337  42 354 242 231 351
   101 216 306 321 310 111 323 384  51 114]
  [  0 147 210 183 318 253 308 217 333  43   3 139 357  56 200  68 129
   345  84 304 263   3 392 135  87 346 213 121 250  35 326 317   0  37
   305 158 126 191 195  74 284 172 322 243 172 163 372  87 240  59 291
   369 288 336 370  60 152 178 352 257  53]
  [  0 245 260  94 260 300 260 225 227 392  27  84 106 106  33 267 246
   230 166 407 211  71 358 139 249 202 239 107 242 140  68  70 323   0
   359 148   4  29 212 379 325 401 161 158  25 291 194 340 336  68  43
   295 177 201 204 157  55  52 310 283 396]
  [  0 406  95 278 279 305  87 235  62 130 245 187 111 178 185 108  30
   407  57 116 324  76  57 132 242 111 293 174 251 183  33 196 308 306
     0 175 359 140 341 272  44 246 206 254  49  28 339 108 362 371 285
    30 348 176 405 256 244 297  95 325 369]
  [  0 131 200 384 229  16  71 113 245 361 160 262 316 315  48 108  12
   192 283  93  17 340 112 226 118 349 363 331 287 323  23  78 334  63
   200   0 366  90 325  26 237 217  23  34 399 372 351 255 163 348 102
   222  57 230 364 398 150  11  56 242  23]
  [  0  78 112   1   8 237  13 233 225  77 316   5 111 167  71 313 328
   247  17 394 394 251 387 299 218 199 320 270 311  35 218 183 253 282
   304 332   0 147 228 329  88 123 217 330 113 368 213 239 342 197  39
   220 198 384 139 344 140 381 171 384  71]
  [  0  64  35  94  87 208  71 267 366  62 204 361 359 113  92  22 294
   237 355 171 148 215 331 116 155 313 256 121  51 400 254 371 217   8
   375 211 289   0 262 329  16 119 121  74 362 247 381 139 324 265 343
   141 275 351  96  62  28  62 136 176 263]
  [  0 312  93 333 197 104 102 145 377 263 179 151 389 131 356 326  14
   366 183 199 102 404  39 209 309 163 366  84 224 333 129 387 236 313
   204 245 361 159   0 205 315 318 355 320 369 336 111 203 121 153 221
   191 309 239  92 217  97 393 276 343 154]
  [  0 401 193 113 386 104 126  24 242 298  45   5 321 178 182 165 379
   220 350 182 224   7 278   9 221 364  32 367 292 141 325 334 253 377
   300  67 107 106 393   0  83  65 385 123 203 242 233  90 391 188 305
   346  31 164 345 394 294 130 185 177   9]
  [  0 213 109 342   6 102 281 155  59 224 155 174 254 359 242 241  10
    36 403 299 309 208 205 258 268 395 228  20 390 373  68 351 338 104
   357 164 212 153 384  94   0 290 324 300 147 136 137 235 252 157   6
   340 210  97 256 149  83 391 168 361  97]
  [  0 173 130 343 125  97 168 166 323  37  93 402 303 274 248 258 235
   121 399 315 152 154 289 198   1 294 272  57 359  89 171 322   4 372
   164  12 378  46 146 350 145   0 353 189 117  30 368 266  79 290 369
     3  93 291 232 217 242  83 299 178  20]
  [  0 115 110 123  87  48 174  56  85 223 392 398 272  80 231  23  93
   228 117 293 109  73 321 265 170 261 352 250 197 359 320 139 324 319
    86 252 158 347 292 296  56  56   0 153 155 234 204  47  31  10  53
   228  36  10 338 380 352 216 370 340 363]
  [  0 377 342 274 242 212 355 399 344 107 202 362 399 293 134 107  90
   175 299 112 279 268 246 367 273  43 168 233 201 192  35 157 322 301
    44  68 352 230 153 197 304  25  73   0  59 301 317  53  78 399 239
   234 209  49 254 236  90  53 214 341 373]
  [  0 302 162 136 138  57 388  43 201 309  90 209 251 307 355 290 326
   342 255 241 250 244  43 341 293  61 263 142  18  62 211 384  35  92
   345 404 310  82 375   3  23  14 280   3   0 211 211 221 187 210 394
     3 322 343 373  40  52 224 284  85 272]
  [  0 330 160  45 170 290 153 300 174 214 379 366  59  86 161 126  10
    84 322 238  75 121 196 361 313 162  64 354 176  77 264 362 349 357
    66 223 262 316  15  45  24 353  37 382 246   0 346 317 161  97  13
   103 231 203 309 377 194 272 400  34 146]
  [  0 137 369  45 374 118   4  29  75 247 407 261  66  93 118 106 174
   103 133  87 313 132 284 369 395 314  60 294 294 130 191  50 269 370
   207 292 220 272  77 337  64 325 298 156 224 102   0  55  67 147  89
    12 152 277 248  34  71 151 112  26 243]
  [  0 241 385  11 361 236  65 248 370 163 182 236 178 223 361 111  58
   339 344 324   3 374  67 228 176  70 250  23  12 107  18 310 167 130
   196  62  43  24 191 365 334 339 137 236 205 240 180   0  93 393 229
    86  19  30  72 344 108 268 358 249  65]
  [  0 171  54 235 230 310  46  48 133 121 173 224 206 117 197 202 323
    60 323 144 240 274 407 223 359 344  86 261  23  59 278 120 385 280
   387 333 252  66  93 257 148  31 318 270 342 336 160 345   0 167  49
   356 356  90 301 347 317 303  98  67 235]
  [  0 130  56 297 145 144 386 130 173 361  27 394 369 296 167 150  66
   250 247 334  29 285 379   2  37 355 222  93 225 386 143 246 154  60
   286 189 159 123 125 382  35 119 364 249 359  58 152 234  34   0 236
   161  40 402  45 321 354 387 163 249  55]
  [  0   6 303 404  44 152 330 375 351 329  27  19 251 248 116 370 154
   122  46 304 362 335 171 292 309 101 145 135  78 246  71  78 342 310
   262 192 204 241 237  55 224  22 332 229 275 151  27 298 255 362   0
   268  32 407 352 113 178 140 230 361 226]
  [  0  99 331  81 346 282 407 201 303 213 100 263 375 124  81 100 265
    17 233 233 108 219 106 123 195  75 126  69 363  73 209 381  47 284
    37 323 221 218 342 368  69 187  46 220 374 287 146 387 230 258 326
     0 372 317 333 367  51 249 312  79  91]
  [  0  45 268 218 280 151 238 324  31 174  11 215 216  94  73 348 187
    68 333 232 343 395  14 365  61  64  85  79 152 186  46 346 354 353
   316 214 356 251 233 239 123 361 204 364 242 406 376 227  18 236 181
    96   0 301 200 404 272 249 258 272 168]
  [  0 397 213 397 160 303 119 363 202   6 282 262 104  19 328 379 272
   389 228 388 152 216 336 220 248 313 389  50 183 328 196 270 353 277
   102 169  49 164  35 362 136 281 209 397  21  81 112  56 269 178 208
   277 133   0 382  63 337 267 329  47  72]
  [  0 155  90 208 302 232 386 250 326 313  98 201   3 311 404 190 205
   248 259 109 109 135  93 315 405  67  82   2 282 335 105  15 197 116
   376 153 193 294  58  96  56 168 138  94 222 222 235 120 188 151 305
     9 281 280   0 364 264 121 174 378 237]
  [  0 188 155 309 325 238 145 328 317 108  11 188  66  21  66 308 205
   254 300  52  31 302 270 192 406 225  19 200 141 374 117  62 317  24
   194 313 253  20 105 379 105 113 187  10 101 251 252 388 314  59 402
   401  36 367 391   0 289 306 285  84 341]
  [  0 273  20  17 355 117  37 377  29 378 264 234 260 169 204 209 183
    74 250 386 402 261  71 306 223 154  60  93 230 179 334 197 132  28
   232 283  54 326 150  32 333 286 387 264 355 382 396 378 114 218  16
    96 286 135  66 124   0 403   2 152 176]
  [  0 402 312  49 223  90 113 138 234 196 272 343 313  30 324 171 141
   340  58 200 316  41  60 278  53 387 241 135 386  59   8 106  34 402
    93  33 207 251 108 113 282 279 106  47 195 298  61 216 290 364 266
   105 110 200 337 315 222   0 268 178   6]
  [  0 179 183 270  30 305 396  80  71 311  43 170 218 200 329 334 326
   174 256  20 169 128  89  50 354   6  29  53 259 225 288  73 349  48
   331 166 321 134 163 278 202 251 314  16 175 145  32 260 250 227 127
    49  37 199 184 154  39 122   0 204  13]
  [  0 343 396 284 119  56 150 237 402 378 140 314 295 272 155 353  88
   390 237 203 171  71 198 186 382 237 308 271 343  34 224 375  58  23
   119  27 158 223  98 320  23 384 197  22  18 251  71 399 354 280 373
   276 223 232 233 216  11 382  17   0  51]
  [  0 213  14 405 109  83  52 178  46 325 358 366 163 230   6 139  31
    27 238 346 122 306  52 362 309 174 213 365 248 102  68  84 305 311
   147 217 138 317  48 139  68  88 396  37 281 199 373 287 123 255  93
    79  99 407   0 391 370  28  61 387   0]]

 [[  0  89 377 290 306  28 358 322 254 272  51  88 250  87 355  70 250
    53 305 212 249 382 235 208 275 306  63 196 174 216  25 136 264  96
   356  66 239 336 129 269  50 243 277  70 384 369 229  70 353 138  37
   300 170  37  99  56 273 173 351  66 231]
  [  0   0   3 160 296 228 374 207 117  83  17 236 154 211  38 392 374
    92  58  77 391  31 186 308 206 370 104   8 226 337 315 394 216  92
   221  42  34 302 294 205 266 159 187  29 113  34  86 331  21  71 126
   370  85 256 282 121  43  94 110 210  13]
  [  0 280   0 177 254 389 372 192 375 349 186 248 262  93  91 194 400
   275 193 319  94 406 268 291   3 407 273 395 329 234  95  11 259 126
   389 363 333 107 363 193  98  79 237 231 263  64 145 143  24 179 159
    65  30  20  68 160 407 250 228 119  93]
  [  0 178  30   0  59 278 310 370 158 174  67 347  88 119 316 263 259
    72  52  78  32 289  75 236 148 169 202 205  58  39 103  94 137  86
    87  46 200 275 162  50 249 376 359 190  40 266 195 269  70 294 199
   201  72  49  30 272 286 155 382 290  45]
  [  0 358 195 369   0 371 187 311 361 291 407 161 195 378 345 343 173
   188 194  22 296 313 111 310 125 246  58  87 328 283   4  75 361 141
   192  17 277 302 211 216 336 114 286 170 189 174 146  15 313  75 358
    91 259 194 226 314 306 259 264  77  61]
  [  0  81  58 325 301   0 200 268  46 275 197 381 372 378  55  80  29
   270 202 401 302 131 344  52  41  57 400 137 319 286 225  89  49 131
   380 325  61 165 293 207 312 316 364 406 337 400 212 268 167 375 268
   384 152 217  96 209 401 371 397 199 304]
  [  0 211  23 392 102 404   0 323  81 111 202  96 281 321 364 178 266
    65 150 390 266 100  76 189 180 286  25 336 201  75 327 247 226 339
   297  94 118  77 348 261 105 261 130 366 322 171 374 228 154  41  12
   135  17 328 182  22 279 324  57  18  66]
  [  0 301 285 159 395 130 391   0  77 379  32 258  83 295 279 273 163
   198  86 282  40 354  63 247  79 115 242 349  83 181  51 241  50 322
   246 288  75  58 405  34 381  21  18 299  94 153 270  86 349 259 359
   314 169 304 222 248 310 159 158 272 132]
  [  0 131 334 155 228 282 403  33   0  58  68 198  96 220 138  89 198
   175  71   7 111 124 205 256 107 376 205 142  26 313 236 282  83 170
     5 210 354 393 226  27 350 114 179  57  28 105 361 255 321 131 161
   140 316 200 224 212 178 220 148  15 389]
  [  0 249 280  97 269 376 311 102 261   0 102 387   2  84 330 208 184
   315  54 175 316 259 112 402  70 311  21   7 318 213  13 115   3 248
   141 205 350 184 193  67 344 248   4   2  75 376 302 154  60   3  21
    53 158 318 142 369 373  78 112 304 134]
  [  0 287 340  52 266 155   1 334 204  40   0 352 102 328 144  26  12
   163 202 313 151 370 177  15 385   9 355 381 203 349 130 150 188 230
   309 353 206  95 195 234 219 216 268  61 300 329 386 202 101  46 210
   168 375  50 134  75 352  11  44 216 351]
  [  0 165 321  14 216  75 390 146  72  13 355   0  98 322 240 152 264
    23 227 193 223 373  84 253 376  38 376 155 105 321   7  62 350 378
   164 328 377 140 355 295  32 310 338 238  47 128  71 177  23 172 386
   203 351 109 239  36  97 395 376 315   9]
  [  0  99 249 333 209 354 406 217  16  64  52  16   0  68  39 207 263
   332 172 314 368 352  66 300 316 245 288 334  31 196  75 298 392 239
   144 256 125  76 142 202  94 187 362  84 267 304 321  88   9 270  48
   286 214 293 265 384  88 279 241  97 124]
  [  0  46  78 160 191 375 355  85 329  63 281 364 395   0 156 128  53
   249  37 246 252 356 105 187  35 191 378 181 176 185 387 249 180  91
   199 304 205 308 348 187 139  43 342 368  10  87 239 263 287 165 244
    80 162 127 131 251 193 127  30 133 347]
  [  0 208 231   7  55  13 153 243 255 312  25 386 352  50   0  46 348
   252 128 189 354 199  86 212  95 257 397 318  42  54  69 136 261 139
   389 404 308 157 224 139  61 399 362 187  58 123 328 209 238 200 372
   236  29  41 173 108 333 341  74  87 274]
  [  0  56 131 340 150  88 192 281 179  69 249 120  71  82 324   0 174
    68 199 214 205  62   7 131 153 172 105 312 157   4 307   8 133 276
    97 147 256 319 285  94 121 185 204  70 311 348 173  24 285  51   1
   302 273 197 136 129  49 246 248 379 283]
  [  0 398   1 213   9 328  33  21  84 163   0 389 337 122 268 218   0
   142 233 118 158 402  12 237 140  74 311 359 249 321 137  33 234 363
   161 268 145 252 404  58 321 139  52  76 127 254 317 345  96 103 230
   295  86 230  30 291  78 214  54  34  74]
  [  0 231  25 404 295 259 255 101 368 397 319  99  76 273 118  95 102
     0  46 369 378 193 182  68  74 157 214 241 407  98 361 139  29 175
   349 220 363 397 172  37 287 178 385 180 259 143 196 252 264 125 223
   155 237 281 254  91 235 372  89 268  45]
  [  0 132 369 399 348 323 208 120 215 316 179 344 103  79 138 400  66
   234   0 353 394 241  88 237 299 212  45 223 294  88 208 221 382 380
   332 343 393 159 313 276 240 172 354 116 279 287  74  29 249 392 114
   394 140   6 204 285   8 338 146 159 211]
  [  0 301 325 382 311 116  99 244 141 396  91 171 144 304 249 320 222
   140  62   0 137 362 296  34 244 405 228 407 292 208 180  34 330 244
   346  30  36  75  10 221 312 261  37  84 233 367 146 393 226 385 360
    45 255 276 146 260 219 312  21 326  72]
  [  0  91 262  21 402 114  22 244  44 307 234 364 357 170 100  75 394
   366 309 364   0 280 240 370  47  97 276 342  37 330  98  26 351 171
     3 351  61 103 170 340 262 242 340 315 105  14 378  20 316 349 100
   328 329 371  51 101 105 345 215 297  23]
  [  0 208 365  69 347 138 132  33 350 318 114 262 169  82 125 185 170
   266  71 299 283   0 158 171  40 189  26 295 233  35 334 121 337 146
   344 210 387 314 173 322 403  26  84 150 232  63  67 236 288 237  90
   161 189  83 400 361 174 398 312  93 134]
  [  0 252  54  48 359 269 171 403 405 390  78 261 339  82 132 226 120
     6  71 321 404 158   0 398  84 317  28 364 258  76 187 272  12   3
    49 393 294 388  19 380  90 120 116 345 235  20 247 194 349 140 140
   241 374  93 204 367 185 276 346  70 352]
  [  0  37 234 373  69 232 143  95 268 251 171 121 250 146  32 349 279
     7 263 119 278 339 399   0 276 161  97 233 206 314  36 219 238 119
    55 142  37 244  19 224 163  45  20 246  59 160 234 110  51 268 230
   150 301 113   1 185 302 226 320 176 113]
  [  0 331 335 398 380  27  82 284 402 208 246 266 310 240 199 143  54
   166 195 328 255  18 249 402   0 302 254  48  93 113  31 184 295 219
   145  81  37 188 349  27 371 265 393 178  86  27 122 256 292 248 375
    36 364 250 201 341 227 210  45  45 260]
  [  0  95 146 126 398 156 101  53 174  62 330 366  63 195  43 231 240
   230 288 403 207 334  44 251 139   0 289 297 356 203  13 128 163 114
   178 283 342  30  25 398 246   7 208  31  86 242 245 231 125 323 167
   268 304 351 374 176 117  78 210 173 313]
  [  0 169 139 295  88 230 188 406 363   0 158 223 297  33 389 136 128
   206 221 405 398  74 271 244 153 251   0 132 257 254 167 214 272 245
   363 358  80 130 357 138  43 279 284 390  59 369 278 305 159  14  69
   228 208  75 347 344  87 149 344  31  63]
  [  0 333  88 107   0 185 160 314 157 207 283  63 307 315 138 211 148
   116  94 261  40 375  92 342 364 201   9   0 128  96 356 191 406 127
   295  69 130 217 163 113 280 181 388 349 113 344  75 168 202 132 282
   392 160 322 283 157 393 199 272 203 166]
  [  0 109 392 278  17  11 268 217 301  94 283  60 407 369 295 188 174
    13 367 329 280 222 225 332 289 283 108 365   0 170 240 272 122 169
   366  49 231 224  43  21 387 218 189 388 331 116 374 380 145 138 280
    76 194  59  83 402  11 341 173 137 227]
  [  0  42 176 383 398  64 266 301  44 344 121 349  57 147  32 276 316
    14 172 341 176 249  99 163 141  40 119  69  13   0 123 385  27 284
   350 187 304 381  61 373 306 365  31 157 406 325 367 292 264 396 335
    62 407  46 389 175  79 341  47 327  92]
  [  0  21  57 114 195 140 138  74 143 144 404 342   2 241 147 401 269
    13 324 397 169 311 387 379 397 293 316 221 163 208   0 158 316 233
   345 324 384 332 192 380 303  69 138  54 147  52 236 123 354  79 376
   284 234 371 135 249 168 391 219 372  57]
  [  0  91 236 219 350 399 120  99 379  22 228 282 374  37  46   9 275
   292 142 293 369 191 213  78 131 246  27 351 256  95 248   0 191 175
   183 324 110 297   9 306 308  90 162 300 248  14 376 298 386 305  64
   223 393 241  13 273 293  70 243 122  65]
  [  0  77 136  63 331 312 193 321 133  51 206 146 114 324  64  34 314
     8 402 302 237 292 264 229 165  76 309  37 270 255  13 251   0 328
     3 274  81 163 241  34  75 125 104 343 163 123  41 362 241 119 220
   154 210  86  35 350 181  41 135  71  91]
  [  0 236 104 381 274  37  27 149 377   5 276  68 285 173  95 248 262
    16 151 238  13 327 124 312 406 157 402 139 263 196  36 137 151   0
   212 125 217 139  54 342  42 330 335  50   8 205 253 168 212 214 370
   123 268  58  34  94 360 168 112 271 210]
  [  0  85 331 315 184 375  46  38   0 199 364 265 304 262 400  18 324
   174 343 210 284 374  12 110   7 378  66  13 314 154 339 378 336 180
     0  11 381 366 134  22 211 291 333  60 388 390 237 107 348  97  71
   124 200 367 405 117   5 141  46 383 179]
  [  0   8 142 381 214 260 384 381 309 397 154  65 373 275 130 220  70
   394 133 103 176 368 350  50 147 203 174 367 166  82 303  19  43 122
   332   0 204  21  84 238 376 260 130  20 160 227 142  80 182 189 351
   212  21 100 228 394 402 407 386 145 176]
  [  0  54  61 100 146 323 358 330 306 372 258 339 358 388 357 191 308
    36 190 254 267 366 211 389 235 265 248  34 123 319 325 271  77 138
   400 309   0 230 237 274  38 398 237 154 107 347 183 353 195 110  98
   327  41 116 218 167 350 313 377  57 194]
  [  0 102 335 254 367 279 103  51  43  41  19 340 131 109  40 125  61
   338 179 228 357 108  28 386 342 228 276 351 339 102 151  80 121 298
   286  62 359   0 117  97 158 129 173  53 349 118  67 134 298  70 226
   375 136 257 355 230 113 269 233 369  77]
  [  0 213 203 314 232 279 331 334 273  39  90  60 387  78 108 254 195
   143  62 360 116  24 129 399 306 373  70 353 338  78 105  78  34  28
   396 398 308 365   0 377 389 301 239  45  55 306  56 371  20 150 323
   131 170 228  68 117 322 202  96 155 175]
  [  0 252  40 339 167  29 275 394  46 265 261 110 257 301 407 325  98
    60 379  36 346 297 275 291 275 131 256 325 219  13 174 322 138  20
   145 392  26 219 336   0  46 218 210  93 203 307 282 325   8 293 166
    59 130 395 116 243  62  57  33 403 280]
  [  0 209 245 334   5 190  40  46 330  62  87  29 197 255 282 315 299
   250   0 109 347  95 121 194 231 110 386   3  31  50 105 197 205  36
     8 257 140  30 139 334   0   4 305   9 219 373 176 131  66 258  69
   378 153 340 296 281 308  73 165 153  57]
  [  0 301 126  62  27 328  35 348 345 217 245 115 119   0 233 281 324
   200 340  57 348  99 222 245 156 396 310  11  55   8 305 374  81 240
   148  27  31 407 228 176 205   0 172 304 313 338 251 258  72  18 362
    90  15 293 124  85 250 249 296 186 193]
  [  0  25 334 369 144 167 390 174 318 299 207 228 195 166 297 116 288
   284 247 256 145 219 371  51 143 305 397 133 169  65 290  14 147 338
   212 352   0 384  41 331 307  47   0 202 382  67 163 188  43  25 329
   203   5 231  92  56 303  23 146  81 302]
  [  0 100 198 202 326 227 273 145 261 205 312 247 261 253  25 103 253
    87  18 108 333 177 379 291 367 145 177 226 348 224 244 205   3  13
   303  54  18 355  29 321  98 167  41   0  16 375 360 177 331 133 234
   338 196 215 323 257 117 319 348 142 197]
  [  0 191  14 111 316 188 369 100 192 190 333 272   0 118  23 127 294
    75 321 119 152 336  33  74 123 250  75 104 406 370 398 136 310  54
   138  13 184 393 394   4 279 399  71 274   0 145 307  54 277 360 123
   161 195 272 202  34 231 296 299  62  48]
  [  0 305 240 328 305 263  73 263   1 333 121 313 127 100 388 131 176
   111 203  70 225  46 217 287 193 397 247 176 400  13 233 160 176  89
    63 315 253 401 398  93 399 288 300 282  68   0 180  77 180 220 225
    95 242 320 244  55 127  62  33 313  57]
  [  0 235 231  32 332 265  47 100  15 355 328 149 382  97 310 156  20
   213 162  36 331  28 184  91 303 143 151 105 246 149 133 176 352  22
   288  17 357 247 156  25 267 314 307 149  29 122   0 289 305  22 252
   301 367 253 200 219  69 116 227 233 137]
  [  0 258  17 185  26 128 152 316 351 298 242 349 122 201 254 159 203
    17  51 172 104 139 364 266 379  45  30 361  49 213 215 259  87 196
   323 387 301  16 376 349  28 406 246 180 382 264 156   0 268 112  70
    71  62 108  30 256 356 290 140 153  60]
  [  0 263 102 139 249 145  69 405 354 248 236 354 251 387 129 242   5
   356   9 130 188 276 351 346  97 351 155 137  11  16  72  51  56 131
    63 380 305 210 162 354 118  77 362 393 346 355  82 208   0 139 173
   187 312  81   5 282 305  21  70 137 217]
  [  0 229  16 139  13 190 241 239 215 275  18 298  43  61 300 208  52
   104 285 320 399  45 298 370   4 217 333 180  63  28 222 174 369 173
   166 186 350 112 320  79 178 396 266 341 377 136 250 273 340   0 331
    84 277 351 395  66 122 264 321 341 227]
  [  0 201  87 224 386 384 246 343  65  99 367 405 289 388 397 183 178
    65 340 141 271  79  29 345 296 269 270  46 187   1 312 128  26 144
   275 101 279 328 122 284 356 403 374 399 307 305 313 232 114 208   0
   175 221 267 245 355 135 358 330 401  73]
  [  0  53 401  41 357 344  33 177 110 398 246  79 309 327  83 335 331
   334  51  21 196 330 279 133 160  45 286  43  30 192 276 402  75 250
   326  40 111 132 304 373 206 116  80 233 291 122 206 358 199 136  21
     0 343 335 167  23  36 321  47  46 351]
  [  0 337 264 120 382 368 272 380 286 191  88 362 256 324  60  36 236
   327 144 383 351 114 258 304 184 353 383  66 388 374  16 122 403 364
   135 187 100 176  43 298 256 407 350 155 346 312 265 292 346 155  58
   285   0 311 298   7 191 213 146  34 111]
  [  0  38 330 186 318 274 133 226  14  80 217 257 341 159 309 162 363
   324  71  42 142 383 259  95 247   4 131 311 308 284  19  53 229  38
   293 307 368 194 212 136 120 399 379   0  19 164 329 334 257 120 319
   201  70   0 386 198 328  82 171 156  98]
  [  0 181 265  23 332 175  98 214 131 164 168  50 323 396 161 181 182
   397  23 359 247  22 289 368 330 111 270 106 286  69 407 239 377 301
   135  27   2 226 303 163 335 190 398  35 297  79 193  84 368  25 239
   101  17 348   0 349  87 164 199  68  68]
  [  0 221 131  98 135 303  52 403 393 261 120 357 386 220 291  46  66
    23 353 271 381 340 389 119 266 358 319 137  45  74 166 271 252 229
    75  40 272  56 315  59 124 243 160 272  15 104  56 361 189 216 315
     6 128  62 205   0 148 378 229 176 344]
  [  0   1 304 163  74 341 149 311 125 226   7 140  50 323 134 229  92
   399 397 181  67 367 156 324 323 115 331  39 130  98 390 316 226  35
   294 400  35 128 159   3 278 231 395 237 202 302 187 125   5 271 250
   117 302 198 135 177   0 267 292 297 209]
  [  0 276  55  80 220 344 248 146 369 257 266 175  19 248 324 137 327
   262 120 168 121 350 276 255 364  16 335 239 192 384 113 218  76 210
   341 156 407 311 103 303 216 241 253 102 295 163 294 224  13 170  62
   252 173  11 253 124 204   0 383 323 284]
  [  0 230  14 203 385 196 165 141 209 192 229  41 239 117  17  54  34
   193 191  36  54  21 268 213  31 209 315 287 103 381 198 379 381 255
    78 317 382 270  61 338 269 218  93  14  92 218 185 155 134 333 173
   299 110 373 142  91 388 282   0 367 242]
  [  0 290  26 100 267 360 294 356  85 360 302 158  75  92 333 190 146
    53  66 352  83 212 188 212  86 263 240 391 140  70 131 144 130 103
   167 395 208 401 195 111  13 243  32 346 313 385 396 199 310 264  80
   106 182 219   8 218 400  18 385   0 296]
  [  0 219 193 194 284 370 216 391 288  23 150 139 142 176 241 180 223
   126 390 166 402 399 112 309 310  67 288 174 405 406 342  41 289 402
     1 266 266   8 383  45 254 269 185 343  13  43 144 259 111 235 113
   204 385  53 140 308 124 258 287 339   0]]]
release_time
[  0 126 135  85 107  95  93 148  62  87  95  81 136  83 311 135  98 131
  85  87 150  81  84  82  90  96  76  86 113  29  41 110 107  40  99 135
  57 135 101  89 111 388  66 110 132  81  74  86  60 157  89 113  95 141
 217 130 107  48  62  83 149]
due_date
[  0 136 135 143 128 131 139 157 156 156 164 137 156 130 362 142 143 158
 141 166 152 130 140 163 142 139 149 147 146 137 144 143 150 148 147 145
 154 157 162 127 155 444 150 143 154 132 151 141 129 163 152 134 147 157
 304 155 165 136 134 162 149]
unit_emission
[12 10  4  8  9]
emission_limit
31198.4
setup_severity
2.0
due_tight
0.9
due_range
0.25
release_tight
1
degree_constr
0.8
