mach
5
job_rate
12
weight
[ 0  8  4  7  5  2  5  3  2  1 10  4 10 10  2  5  8  4  5 10  1  6  7  3
  4  5  3  8  1  5  9  8  1  5  2  6  4  3 10  3 10 10  1  8  9  5 10  8
  5  4  1  7 10  4  2  3  2  4  5  3  3]
proc_time
[[  0 128  50 150  55 134  90  92  94  65  70 145  83  88  74 112 117 148
   89 100  55 140  79  55  63  99  77 114  65  86 149  66 104 124  55  80
  131 130  84  83  96 107  70 108 120 122 140  56  80 127  93  64 109 148
  145  60 115  64  78  53 145]
 [  0  69  50  82  86  60  96 126  90 102  90  57 112 150  63  93  62 127
   56 117  71  80  64 117  99 131  73 136 108  61  59  94  89  81  97  98
   67  71 124  75 104 138  64 116  80 122  65 121  84  86  71  58 116 126
  105 110  63  74  70 121 107]
 [  0  69 125  93 140 141  74 137  95 147  79  78 112 113  57  91 134 149
  122 129  83 118 145 141  73 138 116 148  62 140 144 134  99  55  95  63
  130  92  66 112  82 143  67  76  72  86 107  61 118 136  93 126  64  85
  147  60 144 113  80 124  74]
 [  0  73 111  57 111 141 118  83 120 106  79 129 122 105  90 125 110  96
   88 101 114 138  75 145  94 110  66  99 135  76  61  91  76  62 104  93
  135  82  97  82  51  91  83  75  73 107 107  56  51  85  75 120 128  58
   76  82 109 138  64 138  77]
 [  0 134 134  56  77  68  97 142  99  64  52 115  60 112  68  97  99  89
  137  90 137 121  66  73  53 141 150  68 112 138 105 122 107  57 122 111
  109  69 139 118 112 145  61  97 106  92 145  70 130 133 110 145 104 121
  140 116 147  74  97 141  59]]
setup_time
[[[  0 261   3 390 184 280  33 277 332 254  15 183 245 252 117 374 395
   144  18  61 153 259 110 346 200 116 277 244 154 227 178  56 262 227
   113 217 182 296 363 131 287 333 298 359 137 181 232 106  51 387 377
   342 220  73 163 180 242  50 390 394 215]
  [  0   0 153  88  29   6 111  15 130  77 343  29 252 133 209 224 255
    81 322 168  52 142 119 302 140 152 368  86  73   9 100 364 153 354
    35 182 223 326 365 252 237  62 194 141 274 200 152 325 256  76 318
   374 327 105 245 231  73 192 395  46   9]
  [  0 359   0 336 115 260 106 266 293 323 329 155  13 133 108 129 208
   209 188 155 122 265  26 213  31 266 229  33 348 364  78  84 356 275
   395  51  53 318 296 224 122 386 146 267 116 198 205 135 362 349 144
   381  44 240 182 385 121  73 295 172 250]
  [  0 231 321   0 265  30 362 349 110 302  82 186 351 323   0 185 173
    83 173  61 122  44 237 302 153 287 183 167 346 290 389 115   2 241
   161 220 153  18 141 343 195  93 220 327 364 213 158  70  55 317  39
   296 352 381 205 217 106 164  61 243 351]
  [  0  78 393 284   0  86  69 256  25 162 245  51 184 247  61 307 259
   309 286  74 165 136 144  13 339 301 135 127 369 104  73 179 357 195
   365 326 286 287 374  56 374 176 323 220  80 287 326  98  49 261 352
    60 258 284 301  37 357 311 301 219 233]
  [  0 153 390 245 221   0 102   7 119 256 267 126 189 195 323 182 377
    36 114 115 179  88 272  29  14 173 321 163 246 285  30  42 259 137
   262 386  74 254  29 346  72 353 114 204  33 136 346 103 162 383 339
   269   1 169  13 112  43 140 384 300  17]
  [  0 273  59 254 349 249   0  34  36  29 245 220  49  53 262  68 168
   125 113 107 207  14 337  32  74  80 255 362 272  71 219 230 332 105
   171 196  59 324 297 260 116 195 269 159 357  54 219 210 358  17  45
     6 129 362 140 357  42 332  95  97 177]
  [  0 106  61 386 174 385  17   0 340 296 304   4 326 229 109 251 301
   139 108  52 373  23 276  15 254  91 367 360 214 248  85 322 161  45
   140 236 357  59 130 234 372 109 270 205 373 229 277  22 140  89 252
   309  24 294  62  72 367 102 366 389  93]
  [  0 289 142 315 249 357  36 275   0 365 259 241 276  58 318 198 312
   242 301  67  53 329 199 220 112 181 311 305 395 143 353  75 377 382
   213 275 133  52 261 345 350 132 129 360 217  74 181 367 197  39 366
    61 174 142 277 155 356  23  59 189  29]
  [  0 298 227 389  28 191   3 348 281   0 264 351  27 111 170  75 172
   325  47 333  26 297 177  76 285 207 231 215 128 269 107 367 259 361
   392   5 102   4 141 144 356 130 131 382 314 200 153 165 332  12 393
    12 393 386 215 392 112 360 196 353 192]
  [  0 332 275 342  88  60 170 279 123 130   0  20 377 185 236  66  68
    44 336 312 361 115 246 244 350 259  77  70 185 231 303 277 132 260
   268 333 303 302 313  62 195  18 130 171 329 314  65 146 355 344  90
   268 143 308 249  46  53  76 355 305 103]
  [  0 109 165 111 205  44 114 328 371  38 193   0  89 391  86  86 334
   167 253 334  79 367 101  86 172 358  59 276 276  93 196  82  63 118
   224 151 384 340  45 133 139 338 133 395 304  46 166 287  69 290 119
    12 107   1 213 273  97   1 135 371 277]
  [  0 335 234 309 227 184  33 350 173   6 277 298   0 163 140 380 286
    87 177 242 297  80 174 260 115 381 116 389 336  92 296 119 371  10
   339 112 191 325 234 251 150 348 133 377 371 331 141 159  81 356  17
   231  10 353   3 368 235 379 351  62 277]
  [  0 153  50 216 340 345 104 166 185 351  51 132 256   0 212 197 350
   146  63 198 151 296  51  92  51 105  41 240  84 360 388 124 203 163
   208 367 227 179 110 127 329 254 153 304 242  14  56 328 282 234 362
   290 341 223 344 169 334 208 151 100  70]
  [  0  71 353 134 315  73 121 365 340 188 290   1  59 331   0 157 292
   162 320  63 249 339  60 113 300 132 318   0 318 340 188  95 334 385
   259 348 174 233 123  85 185 333 376 187 262   2 273 225 147 347 366
    48 330 340  97 352 330 345 272 153 127]
  [  0 250 285  77 188  43  95   5 357 171 254 154 192  96 376   0 189
    95 109  17 322  22 147 237 326  42 236 213 322 293 170 372 149 331
   273 183 143 367 181 334   4 308 281 322 200  19 150 154 342 169 311
   350  73 220 216 293  97 209 297 211 189]
  [  0 175 131 327 338  93 245  74 213  69 381 356 362  55 272 155   0
   327   2 161 173 318  50 314  77 142 335 178 312  64 146 349 235 385
   368  45 118  21 364  18 165   1 178  69 210 283 330 297 276  52   9
   132 356 343 198 347 278 280 295 314 130]
  [  0 102  54 386  37 368 391 113   2 218  13  85 222 379 220  24 340
     0 299 307 211 237 253 300 117 197  88  62 338 354 235 179 311  29
   102  23 114 164 232 245 220 123 125  41 315 276 157 290 136  56 176
   158  12  41 135 160 336 308 241 183 169]
  [  0 170 395  33   1 194 392 122 320 121 216 143 318 182 187 308 350
   340   0 145 302 136 262 327 223 268 305 383 219 148 202  91 304  40
   190 165 162 345 240  73 177 341 169 250 308 184  99 345 294 280  56
   381 243 269 260  55 351 195 324 284 266]
  [  0 160 193 282 175 314  18 288 102  28  40 177 196 100 289 132  84
    37 276   0 152 270  46 135 187 392 365 155  45 343 135 355  82 325
    60   6 239 366 313 330 347  60 107 359 155  70 284 251 349 316 160
   388 299 353 375 121  25 308  93 243 131]
  [  0 254 340 279 125 376 232 307 343 358 289 295 183 365 310 155 301
   112 366 279   0 157 352 237 211 114 378 108 318   4 279 288 265 155
   323 313  72  60 309 344 191 227 335 311   5 154 244 394 134 313 205
   236  40  95 287  67 113 123  61 276 172]
  [  0 348   0 368 325 288  18  11 203 333   4 156 181 366   8  13 124
   306 128  56 261   0 237 145 312 153  65 234 155 180 369 255 285 151
   156 380  49 262  21 141 136 267 247 322 221 132  25 100 351 287 330
    51 365 256 203 327   7 336 323 173  27]
  [  0 320 172 341 298  17 389 176 335 272 125 386   5 176 353 137 343
   224 160  97  45 298   0 313 344 242 103  72 380 347 101  35  14 264
   395 258 109 383 127 242 346 395 228  73  21  70 340 248 192 127 320
   127 186 176 342 353 121 320 289 241 135]
  [  0 190 179  19 112 241 368  48 316 336  81 142 108 122 205 229 160
   140 337 256 387 259  72   0  32  52 319 270 186  64 366 155 318 124
   292 136 267   8 221  41  18 110  85  50 137  55 235 272 261  93 251
   122 306 103 352  21 340 336 190 222 122]
  [  0  78 147 116  14  48 195 301 274  16 353  92 175 156 182 279 368
    74  15 185 171  16 169  80   0 287 311 200   8 115 338  65  15 278
   358 222 198 212  47 149  28   1   4 217 293  74 104 119 171 147  54
   183 229  11 204 206 339 139  98 187 347]
  [  0 159  58  60 118 350 308 175  90  69 245 394 100 220  52 218 388
   360 232  44 136 373 209  51 317   0 340 136 158 287 373 284 199 277
   283 284 141 200 255  47 302 155 361  83 119 274  74 203 161  44 265
    27 389 342 196  91  41  83 113 183 334]
  [  0  15 121 316 342 305 300 237 122 359  67  68 255 191 363  45 264
   303  29 174 352 386  15 379 225 144   0 105 121  32 387 204  80 173
    64 179  19 137 316 327 241  82 217 220 345 169 336   9  98 359 263
   328  63  62 288  30 358 220 274  44 192]
  [  0 169 375  64  60  77  77  99  65 105  20  22 228 282  93 133 375
   228 213  50 375 160  66 201 316 181 373   0 183 342 215   2  47 202
   212 184  27   9 211 229  63  76 252 139   5 241 125 314 239 309 211
   247 129 100 199 127   5  98 118 281  10]
  [  0 231 230  40 160 123 288  86   9 259 233 395  43 156 260 123  12
   294 342  25 140 184 391 273 113  81 120 351   0  81 313 388 392 135
   341 380 203 262 364 369 184 179 330 199 303 107   9 297 204 142 254
     2 250  62 146 308 196 312 187  67  84]
  [  0  46 218 379  52 197 232 146 254 258 134  88  43   9 330  51 254
   310 127 339  50  36 292 144  36  48 290 339 242   0 170 238  79  80
    49 383 268  12  26 154  26 383  81 357   5 376 114 227 341 390  12
   192   4 139 197  67 167  54 131  79 184]
  [  0 175 351   5 117 155 166 338 145  17 116 302  34  78   5 393 277
   153 384  96 305  54 220  36 246 265 135 138 357  94   0  55 342  46
   217  16  70 228 117 253   4 194 179  26 369 312 388 255 123 210 365
   324 245 254 289 171 384  85 166 370  62]
  [  0  70 301 203 209 380 357 186 169 131 386  51 126 279 107 114 148
    28  49 108 213  80  89  67 337  48 174  35  11 298 308   0 220  10
   236 135  60 103 389 251 100 220 299 368  35 170 318 103 364 312 252
   231 230 207 166 393  66  80 227 120 122]
  [  0 240 361 182 384 303 352  15  15 177 282  98   9 361 288 246 288
   221 343  21   1 155 289 156 322 345  91 175 130  68 114 288   0 276
   301 335  92  18 307 345 175   5 115  27 107  87 273 303  91 104  79
   381 288  72 360 212 239 177 382 317 191]
  [  0 257 373 262 255 135 129  28 311 254 394 249  18 362 173  16 181
    13 327 294 262 380  12  99 292 342 319 329 106 230  73  59 286   0
   340  47 187  51 347 199 371 279 100 270 191 313 368 150 165 306 112
    30 191 150 235 344 222 362 262 131  69]
  [  0 395  35 150 342 327  15  86 300  12 253 106 133 285 241 231  14
    20  33 304  12 211 294 379 144 159 131 313 342 260 150 190 149  14
     0 111 300 194  40 237  56  33 234  90 306  67 249 363  82  89 294
   366  71 118 375  57 295  74 146 382 210]
  [  0 145  41 120 192 331 258 190 294 203 229  82 319 393 355 147  77
   144 158   9  42 355  25  14  11 112 392  61 370 388 334 306 308 179
   384   0 205 179 231 261 355  91 328 389  30 233 222 179 340 328   7
   110 198 192 361 186 350 218 176 142 298]
  [  0 239  78 209 195 174  61 138 207 343 305 107 136 353 336 340 223
   363 362  86 186 159 262  73 367 379 177 136  11 214 219 182 335 320
    48 352   0 320 153 125 287 102  72 270 302 170 196 347 349 234 201
    59  67  68  37  17 120 317  91 227  26]
  [  0  61  53 201 239 325  90 322 260 361 206 278 154 329 301 254 296
   121 317 257 326 344  33  16 222 303 359 270  23 143 225 307 307 150
   382 202 326   0 247  13 356 340 179 234  17  15 277 287  42  11 142
   252 360  29 244  42 200  74 354 263 309]
  [  0 183  64 262 355  80 190 341 246 202 129 167 142  85   7 222 280
   267 107  69 376 124  71 137 232 392 371 258  19 387 296 343  54  56
   260 229 337 369   0 370 388 172  70 373 274 391 294  75  24 392 359
    68 394 350 186 101  66 335  93 374   6]
  [  0  49 382 270 342 204 238 137 140 356 225  98 197 366 392  44  89
   388 210  12  13 359 207 236 248 209  28 192 235 162  87 303  84 200
   121  14 190 288 308   0 241 229 204 303 348 199 267 328 131 306 228
    65 279  20 383 364  82 271 253 164 100]
  [  0 204 172 207  39 223 395 375 334 113 198 246 335   3 314  52 322
   356  43 197 250  92 224 285 378 165 238  78 361 309 293  19 171 121
   134 206 246 311 370 234   0 194 109 369  23 335 345 238 279 267   1
   208 287 171 187 288 296 344 355 363 135]
  [  0 190 263  34 143 169  95 117  79 384 388 365 329  74 261 368 213
   190 170 310 193  84 302 318  94  17 108 181 269 239 141 150 105 345
    50 259 189  41 242 142 113   0  76  46 218 210 305   5 361   7 382
   118 156 271 310 185  85 337  27 198 364]
  [  0 283 289 159 103   8 270 279 311  89 103 201   4 289 244 256 280
   253 113 234 366 384 282 251 265 178   5 191 382  92  56 211  59 108
   135 146 134  30 156 182 243 232   0 372   7  41 191 169 390 125  64
   324 285 356 163 349 392 121 255 107 158]
  [  0  51 251 289 315 290  15 345 368 194  31 173 136   0 320 362 122
   112  30 116 172 225 133  29  37 231 371 298  27 341 307 206  27  45
   166  15 318  94 163 364 222 151  70   0  17 245 376 307 301 257 327
   170 187 342  64 236 334 226 286 368 226]
  [  0 392  81 366 128 390  70  84 245 136 292 139 330 138 118  38 320
   303 173 201 285 338 154 153 283 127  51 249 289 313 157  35 223  22
   210 150 203  22 255  28 315 230 125 375   0  53 376 244 305 366 117
   236  80 118 326  76 241 134  13 231 235]
  [  0 295 197   0 335 122 308  16 366 137  45  92 242 256 317  51 357
   304 177  34  53  77 117 375 360  31 225 278 174 264 153 238 328 115
   266  91 218 140 381 219 270 336 381 391 365   0  26  56 224 189 311
    20 328 219 141  75 111 190 368 305 153]
  [  0  87 368 338  74 150 175  95 176 294 186 113  73  68  32 219  74
   150 244 376 227  26  18 333 104  59 355 268 291 323 322 279 393 320
   282 122 350 389 342 174 277 219 178  85 177   7   0 284 109 332 268
   257 108 140 383 229 347  56 144  82 347]
  [  0 374  68 208  58 236  61 254 381 290 255 259  15 295 165  11 248
   251  50 119 348 285 273 175 189 185 389  31   5 166  96 176 215 278
   245  99 380  79 291 109 376 384 322 236  54 279 317   0  77 275  42
    32  73  95  10 114  42  73 257 266   0]
  [  0 238 105   5 187 336 389 292 348 120 321 367 395 149 119  90  38
   218 118  47 362 300 339 145 279 146 124 229 381 212 351 354  88 251
     4   4  77 389 171 185 234 136 214 330 223 198 199 125   0 125 232
   361 244 302  92 227 228 166 347 114 205]
  [  0 199 239 283  79  98 157  41  83  76  30  98 159 308 363   5 115
    34 299 102 391 197 144  94 263 202 342 289 220 370 161 367 369 154
   219 226   9 111 371  54 365 209 255 168   2 133 173 248 265   0 271
    32 188 239 295 390 134 287 368 119  56]
  [  0 133  18 189  24 309 302 230  44 264 183 152  40 120 231 344  18
   278  28  54 350 234 106 260 315  55 322  26 358 245  33 204 136 324
   131  82 182 281 161 242 253 149  55 176 297 302 200 341 393 291   0
   250 279 320 333 271 144 389 279  14  62]
  [  0 142  53 218 175 226 251   0 333  53 174   8 137 157 265 180   9
   322   0 185 264  30  37  98   7 382  63  91   5   1  12  70 353 377
   257 149  72 233 283 341 329   0 129 105 312 293 372 182 189 378 381
     0 303  38 199 380 268 155  66 263  11]
  [  0  20 216 377 340 389  49 386 372 370 310 390   3 368 353 360 362
   160 312  31  28 253 306 111  49 264 230 197 295  91 278 136 196 221
   292 270 108 308  66 263 170 187  92 302 368 196 245 223 367 355 279
   116   0 161 241 250 222  24 322 234 256]
  [  0  39 336 365 108  27 388 141 337 239 349  32 340 176 219 388  40
   132 347 251 363 199 219 112   9 352 287 374 243 280 199 387  66  47
   115 287 285 234   4 390  87 319 312 131 144 111 252 217 102 178  82
   165 169   0 326 371 177 386  60 248 165]
  [  0 181 172  59 336 347 144  73  66  90 157 206   4 288 205 193 113
   198  87 167 171 158 113 317 319 227 361 202 287  81 291  89 367  72
   303 331 287 107 377  60  94 299  42  25 247 178 120  72  74 201 101
   127  41 337   0 194  60 183  53 316 211]
  [  0 120 267 294 395  25 167 244 376  63 195  70 190 104 175 279 107
   340 278 214 332 101 353 380  27 381 306  28 205 235 332 333 186 283
   267  54 119 151 106 251  11 379  82 206  91 199 128 185 162 327 370
   295 247  48 233   0 200 253 185 379  50]
  [  0 206  72 311 178 153 177  96  64 370  60  83 191 152  35  51 367
   128 128  93 184 275 223 183 242 245 120 365 134 218  60 211 256 368
   306 321  75 337 163 329 178  89 106 235 234 107 309  61 367 375  50
   241 393  19 276 186   0  65  38  52  16]
  [  0 328 266 351 356 107 209 371 291 236 307  15  57   9 120 179  87
   385 231  92 282  81 242 376 163 104 183 192 174 285 103  13 242  14
   368 167 283 156  16 381 347 282 112 296  29 357 106  41 221 118 235
   366 246 170 363 211 135   0 352 366  18]
  [  0 322 183 325 276 392 299 222 260  78 283 281  84 180 133  26 161
   128  87 196 348 237 314  85 247 181 313 129 345 394 123 164 151 339
   352 354  83  29 296  47 283  40 212  37 278 340  32 303 355 148 295
   382  71 127 349 223 128 251   0 282 325]
  [  0 382  89 143  80 301  10  26 290   0 169   1 320  90  57 214 255
   328 148 285 307  56 366  91 151 144 158  88  91 260  36 211 229 189
   379 263  93  90 206 318 150 145  56 385 311 256 187   4  76  91 217
   360 350  23  21 209 270 180 354   0 216]
  [  0 131  60 340 179 333 291  71 298 148  58 363 305 265 348 300 268
   261 196 210 361  67 383 277 301 173  61 187 220 203 243 287 273 355
    46 272  46 270 392 260  27 395  41 284 107 150  51  97  73 192  83
   300 297 265 326 175 369 199 253 292   0]]

 [[  0 393  84 198 375 234 370  29 133 323 272 167  83  32  69  58  93
     3 308 179 281 168 311 215 194 372 334 314 243 307 284 178 183 359
   368  74  63  43 136 247 107 211 173 126 140 327 241 250 275  73  84
   182 370  16  87  51 198 346 388 235 354]
  [  0   0  76   6 182 250 168 275 370 375 378 353   1 263 357 242 388
   119 345 230 165 357  19  39 355 179  29 389 244 304  23 351 194 269
   214 392  17 303 285 289 144  51 391 303 124 162 367 172 392  91  69
   343 198 186  79 334 147 382 232 179  48]
  [  0 327   0 316  66 276 185 249 318 156  53 116  84 331   5  34 330
   100 280 345 140  11  82 164 223 264 234 174 229 267 138   0 218 393
    14  23  84  70  45  34  65 108 300 264 314 144   4 106   0 290 220
    65  51  33  85 384   7 305 167 307 117]
  [  0 252 105   0 176 314 185 189 137  39 140  53 277 257 351 251 337
   185 341 184 344 346 251  66 162  81 205 247 379 192  86 281 278   6
    19 203  40  27  38  73 203 165   7 220 176 123  56 180 260 265 308
   342  92  90 370  13 128  77 182  88  84]
  [  0  21 260 134   0   6  11 169 293 343 146  24  64 267 191 382 167
   207 239 162  37 347 185 265 229 237 307  10 229  87  33  27 226 376
   266 116 149 379 388 145 238 375 111 392 260 307 188  32 354 276 302
   107 163 123  25 162 231 186 187 369 151]
  [  0 369 252 356 234   0 111 114 280   6 186  19  78 341  91 187  75
   384 187 153 188 324  21 143 295  72 335 177 251 149  47 238 241 203
   316 106  61 178 216 279  70 194  33 361  82 322  29 244 221 194 248
   149 381 316 228 199 376 229 224 353 340]
  [  0 142 282 187 393 244   0 318  62 221 342 106 234 166 205 198 214
    70 378  94  11  38 300 101 331 119  79 382 269  38 258 175 151  56
     5 215 321  82 303 243 201 101 249  41  59 237 247 317 283 113 217
   249  49 208 328 318 221 179  55  61 334]
  [  0 185 100   4 269 224 310   0 200   2 374 157 103 325 181 210  37
    53 202 269 263 235 272 332 303 287  76 156 312 164 239  96 312 174
   355 191 213 298 161 110 273  39 356  18  81  11  18 367 121 137 116
   185 146  20 189 139 313  32 273 318 345]
  [  0 315  51 333  17 241 344  91   0  56 176 191 345 351 148 381  54
   319 211 340 301 138 310 235 248 204 236 220 296  86 283 304 192 344
   140  40 311 334  41 133 236 354 167 307 253 250 383 395  86 136  17
   242 322 272  45 155 320  84  52  69 215]
  [  0 212 217  55 376 266 365 281 214   0   3 359 378 246 278 117 370
    81 102 178 219 190 260 293 350 255 118 379 173 163 206  85 165  41
   123 196 349   6 124 297 318 256 328 277 310  97  55  34 207  67 136
    82 353  92 130 395 348 389  77   2  94]
  [  0  42 335  48 102 315 350  96 212 318   0  41 231  85 207 216 319
   181   2 144 363  27 187 317 256  94 354 170 169  30  58 395 266 206
   277 260  96 308  78 226 385  76 247 276 273 157  86 320 105 342  50
    23  89   2 185 166 134 221  45 377 108]
  [  0 108 294 343 380 312 282  56 382 286 296   0  78 279 200 189 329
     0  64 391 144 102   7 392 310 377 101  26 331  71 390 201 134  59
    25 344  37 209  99 297 120 236 167   8 374 246 296 285 374 107 168
   256 120  32 227 130 263 207 246 279  53]
  [  0 310 237 202 171 363 144 307 148 252 371 314   0  87 390  48 206
   249 345 204 202  84 275 221 392 328  60 257 369 290 103   3 240 228
   165  72 112  19 104 222  45  84 292 266 206 292 381 224 267 313  69
   307 210 352 383 290 176  97 215  13 276]
  [  0  74 391 258 312  57  21  81  67 354  59  96  39   0 248 316 143
   139  86 149 293  84 200 383 371 157 381  69 239 290 287 211 235 374
   394  70  96  31 295  83 201 146  63  11 338 308  35 294 298 171  18
   224  50  60 148 120 370 302 237 128 304]
  [  0 186  76 114 357  37 392  18   1  78 105 289 169 147   0 181  66
   143 364 277 200 227 106 251 120 308  45  16 243 126 268 336   7 263
     6 194 115  73 137 256 325 151 126  65  63 224 360  16  73  67 122
   256  74 122 380  98  37 156  33 386   3]
  [  0  58  72 218 176 108 288  91 114 309   1 302 268 113  34   0 193
   240 209  29  12 236  90  60  53  97 211 130 279 294 266 116  82 165
   211 393 330  25 302 165  33 300 166 369 255 199 203 160 157  30 299
     7 276 259  85 395 309 328 375  76  13]
  [  0 356 178 196  68  43 265  69 265 371 161  18 347 391 143 134   0
    34 162  18 345 146 308 319  72 119 263 240 393 359 321 164 238 138
   210 324  11  20 164 306 369 169 315 272 209 258 174 292 389 300 298
   265  59 258 339 268  98 195 186 392 393]
  [  0 276  96  35 290 217 211 244  96 327  40   4 153 323   2 123 342
     0 243 177 255 293 207  15  40 113 299 313  80  51 126 366  25 198
   349 131 319 177 221  32 119   7 391 311 256 181 109 385 321 150 142
   153 261  48  40 254 201  31  11 118 288]
  [  0   2 215 110  82 180 102  85 179 318 320 179 132 313 127 267  19
   241   0 163  60 202 334 297 181 379 154  76  51 332 298 178  36  82
   307 202 245 339  44 301 386  14 240 321  46  10 292  20 177 310 288
   154  54 190 319 211 373   3 271 264  42]
  [  0  87 274 289 128 215 324  68  79 159 164  61 116  17  77 130 287
   231 277   0 268 149 273  29 233  11  85  34  76  47 257  64 388  89
    64  18 141  85 219 178  11  29 138 298 172 308 236 324 189  89 155
    57 274 139 374 248  66 106 377 328 147]
  [  0 278   5 283 325 337 318 177 150  48  91 317 314 353 213  45 317
   126 130 212   0  86  88 390 233 274 298 190 327  39 105  30 393 246
   110  23 148 136 284 213 105 266 350 169  49 337 200 141 230 361  79
    15 221 333  59  68  12 267 313 265  17]
  [  0 126  65 160 126 194  34 339 149 375 346 263 294   4 264 158  72
   378 105 259 253   0 257  48  69 316 176 120 233 159 294 357 149  36
   209 390 292  80  28 309 361 297  58 330  23 107 309 181 206 251 324
   115 378 121 332  15 233 290  51 247  22]
  [  0 109 164 284 249  65  89 343 120  84  76  46  87 116  16 256  58
   126 101 245 276  88   0 250 393 316 143  96   3 344 150 156 141 277
   243   9  76  81 157  77 256 385  92 146 226 160  40 387 161 276 220
    67 356 393   5 129 220   7 224 264 265]
  [  0 273 141 378   4 289 173 320  52 271 223 287  84  54 320 180   3
     9 118 328 348 268 348   0 297 328 131 328 168 269 321 276 307  23
   174 264 365  45 154 294 342 138 269  27 281 347  76 236 133  68 269
    91 334 199 395  24 173 235 195  63 247]
  [  0 269 135 106 390 360 360 195 298 144 259 359 390  48 327  74 337
   383 370  98 208 285 177  64   0 159 172 177  15  61  37   5 100 250
   105 277  81 194  32 290   0 277 349  53 250 285 303  39  20 325  61
    85 125 197 136 260 103  58 299  60  70]
  [  0 282 156 364 340 355 120 255 247 203 207 130 196 205 308 362 376
     2  92 377 374 324 263 250  17   0 149 299 371 111 292 274 286 295
   341 333 191 185 198 395 117 382  74 318 139 118 232 223 121  56 353
   173 251 215  11 248 293 291 114 383 131]
  [  0 284 318  29 342 323  20  55 109 143 270 168 215 160  17 139 392
   192 292 309 222  52 276  51 268 324   0 235 164 148  79   7  37 150
   312 344 104  55 372 384 164  91 110 120 321 262 393 341 200 121 212
   329 235 167 368 290 102  44  86 200  68]
  [  0 274 317 314 272  36 370 281  55 109 211  40 370 149 170 395  52
   210  35 174  53 280 120 280 105 355 357   0 342 225 192  10 352  82
   193 352  19  41 256 359 283  37 344  40  86  48 209  16 151 237 151
   109 384  99 367 208  84 370 362 302 125]
  [  0 324 377 305 353  45 225  79 317 301 395 270 190  38 118 216 305
   273 203 127 143 229  30  57 251 127 203  67   0  38 103 161 240  96
   316 110 139 124  24 185 100 249 123 275 197 364 166 212 212 255  11
    97 141 269 148 288 181 171 108 117  84]
  [  0  63 156 275 106  14   1 265  70 107 211 146  99  65  17 375  93
   133  93 379 380  41 133 102  26 234   7 142 377   0   3 315 291 108
   218 385 222 281 184 129 185 389  24  60 369 249   8 354 314 177 394
   182  96 207 268 114 282 318 221 392  60]
  [  0 330  41  75 205 316 260 321  82  96 281 335  73 391  60 358 268
   106  62  61 314 204  14  91  21 271 196 259 122 357   0  37 193 294
    92 390 353 368 242 129 188   7 344  54 347 228 260  45 135 246 197
   204 271 247  82 394 176 173 373  88  23]
  [  0 120 326 360 196 128 247 104  45 206  35 267 229  51 124 243 376
   193 325 118 243  83 197 165  13 334 143 348  85 170 321   0 373 255
    86   1  30 225 305 114 388 111  70 166  46 271 321 249 176 166 249
   318 173 394 276 352  52 372  41 342 205]
  [  0 297 313 339 122 182 253  36 237 297 181  10   9  92 295  79 316
   110 337 378   6 281 223 261  52 224  15 190 104   3 217 199   0  87
   369 317  43 111 359 111 228 214  29 290 327  24 139 300 391 345 318
    87 349  41 132 375 360 114 116 294 179]
  [  0 154 233 357 159  46 103  91 317 121  44  82  96 177 375   2  94
   253 119 223 287 258 235 254 302   0 191   4  41 278 171  39 233   0
    43 269 276 214 391 138 372 178  52   6 394 366 204 160  93 319 128
   233 327 174 178 154 152  75  75 124  70]
  [  0 127 261 163 236 371   1 324 270 185 333 204 375  22 272  39 260
   374 139 270 172 283  34 208  20 268 149 155  31 359  39 106 390 150
     0  46  81 273  74 288 106 141  25 395 137  62 183 196 137 107  97
   329 301  42 294 383 262  39 299 262 305]
  [  0  69 393 321 335 241  25 132 178  85 294  74 339  98  47  30 383
   330 155 162 157 220 234  51 109 223 216 226 112  74 143 390 252 216
   196   0 278 363 362 326 246  13 127 237 152 284 225  82  85 247 246
    99 148 156 254 222  89   8 332 312 258]
  [  0  47 302 347 393 388 297  17 380 125   0 171  71 167 323  39  97
   330 230  48 360 101 346 326 337 339 392 391 151 364 233 344 198 142
    32 238   0 164 100  80 113 183 128 281 319 188 163 281 128 394 137
   247 103 221  16  57 276 222 103 385 296]
  [  0 243 317 259 378   9  64 383 143 300  72 301 386 293 114 285 291
   314 112 252 376 317 333 110 242  35 275  47 336 232 249  47 167 342
   185 382 270   0 356 225 356   6 130  52 115   8  76 126 203 176 147
    42  62 288  90 104 174 143 252 205 234]
  [  0 342 250 320 388  30 395 167 371 386 192 379 180 341 142 272 120
    28 365 278   9 346 225 365  97 240   9 370  18 296 369   8  11  33
   248 237  67 343   0 325 324 110  63 270 313  21 179 111 183 382 124
    12  40 142 182  62  54 116 377  17 232]
  [  0  86 308  77 133 215 175 368 119 362  32 156 234 281 127 381 394
   235  85 317 230 238  70  41 133 213 216 394  60 192 329 286 148  90
   364 291 320 132 248   0 132 223 111 109 359 134 383  92 186 359  24
     8 342 317 245  55 142 294 307 196  79]
  [  0 322 340  99 344  16 102 320 151 349 285 298 250 126 264 229 290
    94   0 307 296  26  38  72 202  72  67 384  71 239 323   9 116  56
   381 166 141  20  88 105   0 202  82  60  69 108 226  49 147 341 130
   155 204 222 354 136 124 193  29 310 160]
  [  0   1  20 383 242  76 105  82 270 151  41 209 322  77 323 303  53
   205  97 205  21 340 152   3 121 116 357   6 163 379   4 309  15 167
   166  84 118 244 247  22 262   0  10 209 319 304  91 359  57 210  95
   164 192 128  94 168 310 262  66 260 209]
  [  0 136 270 165 190 366  29 125  26 266 376 109 196 265 247  71 309
   181 367 126 245 126 365 290 242 242 120 288 250 282 104 132 156 114
     3 219  79 388 175 292 317 142   0 117  45 351 322 216 119 318  62
   229 384 256 229 357 272 148 173 353 245]
  [  0 288 248 269 285 303  39 181 285 200 149 291  69 282 213 337 127
    32 311 213 258 211 106 151  10 118 102  98   2  16 283 291 377  73
   370 371 349 309  16   8 386 189 309   0 394 309  34 320 387 164 391
   120 279  21 339  83 330 193 275 100 119]
  [  0 149  54 354 117 127  66 256 257 319  18 124 389 272 302 214 106
   349 307 162 137  78 215 271 247 341  60 318 274 387  21 223 280 191
   311 286  70 324 368 352 368 247  23  86   0  52 138 375 305 383 335
   381  87 332 170 181 208 197 391 217 389]
  [  0 267 307 390 184 324 110 161 117 322 383 365 228  29 319  77 162
   181  67 174  22  28 256 356  74 193 277 141 266 349 377  43 276 364
   314 332 146  39  51 114 295  35 293  51 157   0 256 299 174 257 137
   251 236 370 168 282 215 177 288  97  48]
  [  0 104 392 341 168  56 333  23 213 225 229  53 110  89 310 198 369
   280 384 331  54 227 253  49 357 149 372 304 382 126  86 374 336 237
   110 184 125 243  50 313 335  82 354 103 224   3   0  24 288 325 377
   113 329  51 246 306  76 227 212 173 235]
  [  0 223 133 258  20 388 375 147 169  77 334 301 319   0  42  53 238
     7  42 334 187 146 388 392 222 108 304  60   9  39 319 113  75 232
    40 267 380 334  42  49  66  53 368 343 255  17 130   0  59 287 360
   309 234 122 180 286  85 342  10 127 308]
  [  0 336 250 184 234 257  84 281 386 323  83 261 248 325 385 327 348
    94  19 124 202 380 103 292 223 183 229 333 321  39 347  40 175  74
   149 267  92  30 386 213 197 173  36 298  34 352 208 291   0 339 343
    93 182 267 338 210 365 232 195 105 270]
  [  0 219 232 194 347 263 261 370 133 342 213 163 359 259 203 138 308
   312 381 325 137  79 308  11 151  77 122 233 360 169  80 257 142 323
   235 161  73  37 163 392 305 153 353 373 358  82 137 177 188   0 304
    45 196  74 113  61 351 248 230 202 374]
  [  0 291 148 325   4 200 218 117 152  94  88 125 141 125 328 268  72
    37 289 149 259 368  44 155 244 110 371 255 345 161 257 228  47 237
   255 164   7 186 383 171 320 311 340 357  36  59 224  60 207  94   0
    20 366  79 341  94 241 128 379  53 363]
  [  0  92 125 258 125  33 204 182  16 162 264 128   4 393  32  36 166
   171 300 156 223 358  18 129 254 327 238 380 190  26  64 342 388 203
    73 158 246  42 226 275 242 136 116 102 365 199 276  27 178 207 374
     0 370   4  11  38 207 281  63 267  85]
  [  0  50 217 271  92  82 145 247 128 157 122 213 357 192 148 362 126
   145 252 273 326 366 218 288 314  79  45 125 149 201 334 353 348 122
    16 160 293 126  25 280 323 264 249  81 261 209  90 109  37 271  49
   156   0  93 355  14 152 142 377 331 351]
  [  0 118 126 353 140  52 184 240 312 363 182  22  90 255 248 143 142
   196 386 252 254  75 301   7 380 355 164 185 149 332 178 199  76 322
   370 288 145  95  81 127 319 361  41 175 102 318  71 324 134 289  95
     4 191   0 158 312 306 257 236 160 170]
  [  0 193  38 361   5 112  44  34 385  85 312 232 318 254 229 136 134
   317 206  48 252 205 325  62 278 163 367  90 241 196 219  22 243 365
   252 348 180 259 218  12 218 317 324 342  23 387 376   9  23 299  99
   326 215  11   0 367 295  76 264 317  84]
  [  0  92  66  81 158 288 185 222 171  31 291 248 138 301  17 326  40
    30 325 130 229 306  19 319  98 344 324 283 160 348 340 222 373  38
   324 238  15 146 281  16  68 104  34 129 156 126 273 133 174 160 363
   339 331 120 114   0 395 130 211  53  18]
  [  0 114 356  59 337 156 214 166  49 267  16 151 243 302 177  65 260
    22 314 221 187 211 138 220 333 132 280 347 148 234 285 130  77 273
   332 346 192 285 261 250 330 197 257 373 152 269  86  19 175 198  11
   389 379  13 117  80   0 112  76 307 142]
  [  0 367  85 383 262 115  71 340 120 242 256 382 260  63 215 220  88
   110 157 323 175 141 200  91 141 388 233 301 375 117 265 101 197 323
   291  11 262 174 100  84  78 199  64 300  80 252 196 180 276 238 149
   288 323 211 267 149 111   0 114 239  51]
  [  0 157 339  62 374  56 231  51 130 290 300 143  66 277 143 141   9
   232 294  54 145  87 201  43 229 366  83   7  40  21 179 290 248 303
   381  75 126 115 345   6 392  51 390 122 370 161  30 268 359 384 247
   322   5 159 290 157 139 115   0 355 150]
  [  0 285 218 316 307  90 226 270 244  72 150 237 203 247 345 353 378
     3 341  52 368 249   7 314  42 186 392  60 288 309 311 167 392 165
    77 313 259 296 108   4 122 245 190 101 225 395 307 186 156 120  46
   264  16   3  31 207 267 260   6   0  40]
  [  0  54 377 353 187 271 119 172 194  10 290 363 324 149 283 333 268
   183 116  78  57 250  32 220  83  41 256  38   8 371 323   0 164 242
    50  65 136 392  45  68 146  33 321 287 202 328 373 184 221  17 365
   213 135 285 360 317 249 279 303  23   0]]

 [[  0 234 363 327 233 372 361 274 129  20  66 283 228 215  87  35 137
   377  92  17 362 280 314 149  17   1  16 144 323 355  91 201  48 139
   109 258  57 288 159 327 160 256 160  72 375 146 358 255 336  69  12
   285 196  35 160  69 303  97 128 275 124]
  [  0   0 108 385 177   0 389 394 379   1 182 263 303 127 316 353 276
    13 151  77 257  35  76 332 318  91   1 123 181 277  52 219 159  70
   209 208 112 306 274 353 254 255 207 318 148  86 207 139 187 389 264
    39  61 139  66 187  37   2 182 194   4]
  [  0 184   0  67 303 331 383 326 121 342  88 230 175 262 182 120 337
   172 373 178 173 133 380  39 331  57 341 240 272 164 134 313 307 131
   191 267 366 371 205 226   0  25 292 275 328 236 361 139 251 173 324
    17 340 338 259 368 378 140   7  70  72]
  [  0 136 318   0 106 266 178 213 195 311 137  15  32 197  55 337 258
   259 337 220  18 255 244  53  24 116 170 317 343 383 174 241 182 312
    18  29 290 121  78 109  49 162 266  83 228 291 144  57 140  48 393
   186 337 249 313 170 138 155 334 171 369]
  [  0  91  43 239   0  68  20 182 294 280  19  92  27  16 323 295 296
    42 349   8  14 205 334 192 124 359 172 368 347 372 219 345  70 333
   210 303  23  12 165 343 133 184 233 387 161 200 111 293 200 148  91
   358 292  13  31 285 243 107 291 301 269]
  [  0 374 356  78  83   0 178   9 244  98 312 145 377   8 105 120  87
     9  28 272  13 179 279  84  24  10  82  28 373 109  97  66 148  91
   251 141 198  88 323 238  95 162 249 341 129 289 296 203 184 332 283
   285 370  39 167  54 151   7 140 103  17]
  [  0  12  89 162 369 168   0 109  53  67 314 303  73 223 124 247 224
   174  81  49  39 395 122 134 332 251 385 337 242  76 372 353 225  63
   211 302 192 380  90 126 223 210 111  49 178  63 281  17 348  35  33
    51 252 115 205   7 388 331 340 129 131]
  [  0  53 293 392  19 137  13   0 116  22 152  57 388 260  67 216 267
   213 336  33  37   8 375 235 308 102 368 193 335 120 132 278 317 305
    78 261 125 383 312 157 180 249 303 393  72 363 187 352 119  23 249
   310 139 236  27 382  85 242  69 133 305]
  [  0 210  82 339 256 158 125  95   0 381 137 124 329  92 200 107 264
    75  25 331 381 209  58 196 180 252 150 258 386 263 161 275 151 301
    89 256 129 214 141  32 329   3  92 217 114  31 209 284 385 307 389
   318 169  25 148  55 190 131 320 185 240]
  [  0 175 178 198  12 262 164 361 211   0 389 280 330 130 348 100 172
   172 339 325  93  42 114 290  59 227 240 132  39 261   0 184 212  58
   123 290  88 208 135 281 223 215 143 262 341 283 253 386  59 253 216
   159 264 323 372  28 286 201  75 360 364]
  [  0 258 315 192 158 184 116 210  52  54   0  74 108 387 315 135  49
    81 201 172 289 359  15 379  29 319  95   6 346 117 247  29 193 391
    38 215 214  20 220  44 201 374 193 198 155 345 334 343 164 326 383
    82 130 114 308 268 265  34 108  43 281]
  [  0 305 390  56 162  93 172 333 183 139 190   0  47 341 119 186 282
   172  51  98 395 283 100 247 228 321 203 278 258 127 176 261 246 283
   119 173 285 193 124 125 383 101  26 286 371 390 244  95 251 293 319
   138 222  55 223 345  60 305  37 152 200]
  [  0 390 240  50 389 365  91 126 356 298 161   4   0   7  27 222 121
   120  37 372  97 128  26 201 234  50 309  93 336 390 297 273 342 235
   139 111 301 129  44 151 372  98 153  82 132 100 176 361 215 368 205
    18 277 189 145 382  96 377  37 317  81]
  [  0  60 158  92 246 179 345 265 318 119 312  77  32   0  34 326  66
   239 267 128  69 106 330 356 328 104 195  36  78 127 382 118 304 317
    63  25 101  91 270 112 235 273 177 105 285 212 138 129  17  80 313
    91  33  61 107 120 336  66 348 311 386]
  [  0 306 233 245 264 211 143 275  24  94 364 342 128 249   0 158 251
   154 216  13 308  37 384 150  85 112 329 109 120 154 212 346  99  56
   261 175 248 317 310 305  27 323 274 326 254 365  68 237 289 286 247
    31 110  61 360  81 303  11 357 220 326]
  [  0 246 187 335 325 180  44  88 100 204  62  18 215 389 289   0 156
    78  79 213 282 318  18 260 225 107 203 393 143  88 255 323   2 151
    36 363 203 192 301 369 225 266 227 182 293  21  71 387 343 192  48
   304 236 121 205 259 290 299 129 357 178]
  [  0 271 189 260 315  22 297 236 100  23 104 138 280 340 138 180   0
   391  68   4 251 191  96 112 384 200 203  61 250 169  74  74 271 279
   166 122  24 370 375 356 296 104  48 289  31 108 273  71 232 301  38
   240 295  71 235 367   3   0 367  92 249]
  [  0 372 122 299 197 131  12   2 179 148 374 391  76 216 131 126 147
     0  85 141 266 383 221 160 271  82  41 241  88 168 185 297 102 203
   219  24 216 345 363 208 287 286  60  19 287 354 112 343 214 395 123
    30 264 148  19 168   6 374 280 280  48]
  [  0 378 342 213 241 170  73 252  26 129 296 151 324 295 210 240 364
    78   0 226 127  21 138  39 341  18 248  95 334 275  21 279 363 375
   219 322 319 213  79  68 173 271  31  66   4 312 246  49 367 377  80
    42 381  18 253 294 130 198  85 321 394]
  [  0  43 272 131  30 221 329 142 110 249 114 181 301  38 216 252 306
    74 378   0 361 155 342 239 184 121  31  70 126 142   8   7  72 367
   134  78 259 116   2 141   0  16 205 103 358 227 207 216 276 322 170
   144 166 245 149   8 288 115 193 374 240]
  [  0 164 145 282 299  66  49 351 386 132 279 157  20  29 368 244 183
    99 355 115   0 324 379  98 374  76 250 394 245 245 311 391 138  18
   308 100 188 275 186 174 214 315 166  82   4 346 257 170  51 190 252
   254 389 300 182  65 213 187 148  17  39]
  [  0 257 169 385 119 109 219 266 389  89 222 212 342 116 335 179 385
   207 313  22  85   0 225 346 245 278 354 124 142 235  46 302 311 242
     7 268 164 159 351 186 329  75  31  33 143  75 136 111 168 237 146
   150 310  71 309  90 220 254 240  23  64]
  [  0 315 108 144  60 245  60 230 201 362 343 119 132 200  39  72 337
   308  86 203 379  87   0 194 280 145 244 263 277 317 355 361 159 239
   308 288 333  85 321 114 390 264 298 253  49 229  55 270  17  89 376
   243 161  13 263 157  28 202 367 327 109]
  [  0 153 295 347 261 311 370 340 162 204 192 158   2   8 173 188 146
    41 336 150 151 237  16   0 101 390 112 139 332 305  73 361 318 178
    57 284 239 306  59  61 317 305 183 275 120 321 205  64 232 221 177
    48 225 350 378  54 314 252 282 272 325]
  [  0 329  15 319 234 234 203  85 387 233 245 331 290 256 236 335 334
   334 111 199   4 173 385   3   0 388 195 204 293 186  88  18 332  94
    34 105 354 138  53 327  55 214 260  88 224 359  43  16 320 278 144
    66 394 326 373 249 191 394 150 183 135]
  [  0 394 380 319  14  96 252  61 389  65 320 177  53 240 349  79 334
   166   3 383 105  54 101 344  14   0 244  52 336  48 388 182 332  98
   131 358 136 334   1 353 136   0  40 278 331  78 127 265 246  16  20
   122 362 328 241 330 169 221  91 365 318]
  [  0 249  26 241 169  34 297 312 307 339  24  84 193  87 140  30  17
   351 306  62  60  84  13 299 153 297   0 308 316  16 205 155 228 330
   172 212 118 216 110  75 173  15 308 277 311 263 115 307 146 298 243
    22 187  65   1 174 264  67 369 266 291]
  [  0 297 202 124  41  45 338 103 214 195 277 212  66   9 367 320 237
    31  64  34 269  25  48 219 180 364 377   0 217  14 269 167 219 306
   231 289 242  35 249 150   6 165 240 284  33 329 303  56 289 189 206
   257 138 342 147 284 279 212 222  70 388]
  [  0 334 279 318  60 202 355 236 244  16 202 169 307 302 391  94  45
   249 207 292 149 389 136 109 374 320 225  23   0 282 264 277 181 354
   155 293 302 299 116 168 309 290  18  22  71 368 340 190 324 145 120
   150 219 172 209 366 280 127 308 374 381]
  [  0 142 178 288  34 237 350 190 207 143 141 156  42 334 373 227 322
    94 106 305 328 161 281  84 371 198 288  40  67   0 104  85  70  69
    23 379   5 344 185 195  60 230  33  85 222 334 129  39 353 175 330
   304 126 218 321 359 127 130 370  47 266]
  [  0  42  38  22 274   4  45   2 311 337 204  26 288 335  65 138 121
   140 309 279 254 384  15 152  97 284 190 310 309  19   0 126 168  67
    74   4 197 199 292 109  20 161 354  23 127 173 350 308 128 144 343
   294  56  19 234 374 148 375 276 281 301]
  [  0 362 290 184 174 201 303 205 217  84  78  18 226 180 296 395 334
   257 385 299  61 268 130 195  46  97  75 139  10 105 174   0 386 212
   371   8  18  42 144  62  22  44 163 342 276 362  80 341 111 343   2
   252  21 250  62  22  28 119 150 345 121]
  [  0 198 230 316 260  64  31 126 363 207 251 245 258  25 231 197  61
   175  30 148 213 125  87 244 302 210 123 122 375 189 155 271   0 329
    62 330 334   9 116   6 362  85 284 353 105  88 339 298  51 243 283
   370  11 368 301 136  19 269 281 278 279]
  [  0 348  51 262  44 282  15  26 372 302   9  68 131  15   2 373 372
   376 121 386  55 199 307  41 162  83 111  35 353 346 199  21 268   0
   113 138 380 262 393 331  66 141 278  61  50 253 276 395  86 248  77
   284  76  63 320  87 356 360  56 335 208]
  [  0 254   3 285 356 198 318  13 298 198   3 246 287 211  56   0 301
    80 272  70 168 362  97  24 248 272 388 389 204 243 226 305 162 264
     0  38 280 141  67 105 132 170 155 301  11 292 124  13 362 359 319
   333 366 321 131 148 339  75  95 386 113]
  [  0 105 299 187 267 286 312 217 269 326 111 115  30 332  11 282  82
   323  15 261  41 206 123 154 145 265 374 237  35  10 177  69  83 279
   272   0   4  39  51 172 123 385  52 168 244 341  62 320 133  12  86
    10 158 318 171 138 166 155 196 269 353]
  [  0  12  85 296   2 303 374  25 298 110  43 182 364 216 297  40  64
   136 342 380 218  80 238  25 282 118 270  63  20 166 342 187 272 318
   152 214   0 267 261   7  18 199  90  41 291 395 239 395 199 380   9
   336 176 329  18 172 186  30 377 265 122]
  [  0 382  55 245 103 190 293 249 190 162   8  44  37 304 226 147 146
    18 343 114 208 132 294 104 370 221 245 192 253 161 327 137  66  76
   168 326 187   0 127 375 260 306 366 360  84  42 167 202 139  83 143
   101 316 227 299 339  19  24  64 325  88]
  [  0 389 159  17 146 348  54 186 232 281 273 254 248  89 390  24 260
   305 121 197 249  94 270 263 371 193 316 393 266 179  87 159 364 390
   146  96 229   2   0 113 296 208  78 363 187  42 343 247 260 249  78
   293 135  70  35  56 391 290 319  15 216]
  [  0 390 395  84 305 227 168 195 115 375 241 169  28 131  42 380 106
   366 343 216  49  29   3 274  75 372  70 302 367 264 189  46 284  88
   238 131 379 364 226   0 366 153 189 299 125 100  28 257 225 107  59
   385 310 235  31 318 236 178  40  66  44]
  [  0 357 203 351 132  13 321 261 167  45   9  76 294  33 165 144  23
   307 285 147  39 136 317  47  99  10 298 326 264 249 322 196 337 306
   118 367 392 199 395 174   0 159 302 291 217   0  48 156 376 208 290
   217 347 367 146 255 118 169 287 326 207]
  [  0 374  75 181 123 200  29 174  42 209 126  33 153 313  61 310  62
    95 255 376 192 118  35 162 387  12 105  94 225  98 140  90 208  16
   227 275 265 301 265 124 157   0 386 322 374 267 100   3  28 207  31
   236  36 236 169 367  28 223  65 337 316]
  [  0 159 378 152  41 140 248   6 367 136 279 118  19 344  30 301 359
   175 292 328 329 299  12 357  49 180 384 162 299  95  25  51  69 163
   237  54 383 226 158 127  25 161   0 229 132 197 359 268 221  89 362
   148 367 174 324  30 235   2 342 278  47]
  [  0 221 125 124 102  89 150 270 169 231 324  60 313 213  53 269 313
   367 135 271 229 215 316 154 178 340 389 218  89 226 383 231 196 206
    30 289  98  82 189 209 230   1 225   0 302  32 328 311 388   0 342
   256 354 385 262 228 309 254 128 267  20]
  [  0 228 363 333  28 284  76 373 148  11 237 358 245 134 275 108   3
    62 104 275  79 189 171  89  78 270 384 336 151 238  90 186 135  39
   236 387 315 344 158  86 316 238  64 109   0 204 207 108 174 345 220
    33 344 195  46 190  11  33 266 334  91]
  [  0 128 244 211 135 104 241 335 352  71 137 258 314 281  41  60 266
   373 212  80 372 283 182   0 130  65  45 284 214 382 250 273 261 165
   171 262 266 276 263 337  99 180 258 280  95   0 230 384 307  73  23
   355 101 231 357 264 145 146 111   5  54]
  [  0 335  11 279 277 150 116 285 179  98  29  92 291 235 273  96  65
    45 163 276  30 234 368 110 173  39 306 150 118 246  35 138 283 220
   229 222 239 385 146 178 367 260 146 122 324 192   0   7   3 162 226
    89 210 276 339  29 265 157 383 394 250]
  [  0 289 100  52 249 248 100 200 311 250 150 287 140  63 233 121 189
   216 307 112 232 111 121 181   3 141 367 170  95  38 394 344  71 392
   382 266  32  78 361  22  19 226  60 382 215 381  95   0 314 192 304
   295 359 327 169 227 200 342 342 103  35]
  [  0 299 365 283 141  62 111 212 157  88 246 111 272 239 294  76 134
   185  36 206  72  54  64 292 245 132 292 150  99 182 106  56 122 311
   343 129 354 320 292 326  30 259 297 145 261  58   5 216   0 177  35
    83 378 269  68 332 288 162 150 246 270]
  [  0 189 310 248 276 217 288 360 108  39  94  76  98 328 260 261   8
    85 352  78 175 152  38  95  50  93 130 394  57 202 232  32 321  64
   140 365 363  97 327 309  47  32 299 172 383 262 208 384 395   0 105
   287 126 199  10  37 214 273  14 242 366]
  [  0 125  84  92 368 297 359 235 269 251 271 216 307  39 173 264 260
    29 297 214 221 273 315 212 178 277 270 157 153 195  24 217 347 280
    86  27 105 175 242 206 195  13 123 133 131 119 313 270 221 139   0
    13   4 198 288 114 211 372   9 146 168]
  [  0 380 316 365 353 339  38 170  78 175 203 156 369 350 381 206 146
   144 102  85 303 111 394 316 308 308  13 254   0 127 264 256  76  11
     5 176 101 281 281  33 292 287  60 300   9 266 238 120 112   9 266
     0 298 240  40 244 324 252 325 201 328]
  [  0 380 346 302 176 294 264 264 340 317 276 350  98 106 189   5 333
   378 357 131  60  32  90 199 360 307 319  63 232 157 314   9 305  42
    55 189  47 376   3 164 386 250 217 314  88 134 282 164 335 385 333
   169   0 340 346 122 214 186 323 188 255]
  [  0 261 137 107 223 174 333 128 254 207 208 352 219 238 271  61 360
   287   4 341 212 266  83 171 127  18 358  22   9 282 174 287 291 284
    47 226 111 288 263 332 314 306 329 377 335  55 292   8  20 237 239
   200  97   0 299 345 134  77  31  45  62]
  [  0 372 101 310 296  44  67 243 317  74 375 266 365  31 392 288 332
   322  16 281 332  97  80  76 222 226 334 113 230   4  89  23 327 161
   287 312 152 151 261 193 375  71 164 252 351 225 168  74 148 265 151
   251 320   6   0 243 328 136 225 330 133]
  [  0  81 127 330 150  68  93  12 217  23 327 245 394 184 205 124  77
    30 349  17 312 181 339 385 216 393  79 196   0   6 164  54 318  27
    10 237 114  66 171  26 382 208 253 219 323 359 218 128 281  89  27
   255 207 390 238   0 240 393 343  41 239]
  [  0  29 388  66 268 108 289 320 325 347 152 193  73 355 119 364 337
   291  75 371  18 211 128 311  46 364 282  33 208 143 282 232  89 285
    36   1 128 222 323 113 249 175 381 104 394  73  54 333 221 119 231
   390 158 189 335 174   0 373 256 322 132]
  [  0 323 231 148 348 256  97  24 136   9  23  13 174 246 366 365  70
   221   3 369  59  33 151 276 154 206  61 290 233  29  57   1 352 170
   330  64 173 291 305 187 238 348 163  78 188 307 345  94 147 264  30
   389 225  60 121 294  83   0 147 315 306]
  [  0 360 192 130  15 176  23  31 163 253 218 105 294 201 146 210 132
   285 307 186 144  95 381 196 143 295 207 369 373  27 273 184   3 326
   395 331 239 167 351 186  57 237 215  17 301 387 363 271  13  60   1
   237 382 245 377 240 271 353   0 298 204]
  [  0 215  54 301 287 199 352  12 335 362 217 257 388 210 347  53 315
   318 299 112 254 170 218 140  19  37 237 314  57 206 236 321 176  44
   294 101 128 349 218 361  60  15  63 143 269 189 388 141 134 314 125
   173 184 344   8 137 265 351  81   0 275]
  [  0 311 129  23  14 160  93 373  25 258  98 189 270 148 221 104 267
   258 367 360 261 331 262  19 107 107 292 332 228  65  46 312 292  80
    68 210 212 326  11 210 169 320  33 304  87 268 348 338 356 247 383
   372  65   8 130 150  39 107  39 317   0]]

 [[  0 313 136 186 341  53  46   5 313  20 152   7 282 160 272  91  62
   392 163 114  59  58 244 208 216 191 242 161 363 373 142 220 276 170
   138  26 196   3 113 101 391  27  34 208 114 343 204 310 276 207  47
    31 129 187 370 197  73 306 255 252 116]
  [  0   0 298 222 353 223 364 391  17  65 199 357 374 113 386  80 111
    88 376 170 363  88  88 248  69 365  16  66 261 237 305   9 231 328
   395 121  68  41  22  30 196 348 266 225  77  49 238 129 221 341 217
    66 122  75 159 200 350 253 206  15  28]
  [  0 206   0 298 127 213 363 331 204 372 296 342 353 190 389 254 333
   153 115 300 247  52  40 266  52 393 237 366 101 200 259 301 217   0
   229 245 225  90 264 145 217 388 376 229  49  41 213 167 280 394 154
   169 101 336 377 340 119 378  77  58  69]
  [  0   4  66   0 364 104  86 123 376  32  93 374 226 126 343 159 203
   252 103 263  42   5 351  58 128 248 299 239  94 326 334 244  14  33
     8 128  32  28 289 160 111 143 100  26 123 209  94 144 227 109 318
   182  27   8 209 259  17 101 293  82 159]
  [  0 239 290  32   0 278 375 304  90  34 308  25 195 183 285 156 216
   337 318 321 350  92 101 271 214 202 116 296  21   0   8 355 163  33
    38 244  87  72 260  44 284 184 247 339 378 291 111 376 328 305 273
   389 247 341 114  77 182 334  67  66  54]
  [  0 148 167   7 151   0 373 119 287 381 113 232 202 338 173 117 267
   323 146 310 287 146  43 232   8 350 193 353  58 391 145 200 224 375
   164 380 345 329 100 356 106  35 180 195 390  61 209  37 356 157  62
   369 316 190  57  63 373 138 167  47 366]
  [  0  33 248 326 154 389   0 257 110 212 210 392 311 207 131 199 192
   148 201 138  86  96  27 271 257 134 290 240  44 387  34 129 220 148
   203  86 121  87 122 327  80 223 274 386 365 213 312 290 260 309  14
   109 264 288  22 333 305  70 384 378  47]
  [  0 233 389 121 353 393  56   0 152  68 324 147 242 315 390 390 319
   354 244 134 393  70  44  58 225  97  87 286 127 304 198  95   0 227
   314  47 232 226 203 178 375  37 154  94  66 192 277 265 139 269 369
   102 311 189 270 215 309  62   0 242 112]
  [  0  44  55 252  55   6  60   8   0 392 210 264   4  16 264 283  69
   342 334 291 139  55 376  69   2 301 245   9  60 308 264 172 201 354
   173 270  78  64 337 159 302 118 173  17  94 325 150 304 162 215 132
   225 214 272 152 234  51 275  32 220  87]
  [  0  55 106 125 310 116 122 387 217   0 186 273  31  32 107 352 167
    94 190 324 245  30  61 277 193 268  53  48 132 139 317  30  71 352
   118 314 344 261 198 174  41  81 208  47 343 313 342  46 229 180 260
   115 188 116 249 377 266  92 364 231  66]
  [  0 329 306  82  14 295 302 274 360 287   0 148  60  16  61 340 351
   255 306 281 179 214 121 235   6 118 283 235 372 326 204 292 188  26
   245 207  82 100  53 166 157  34 232 130 310 197  86 381 103 277 265
   243 164 120  47   5 285 195 289 176 288]
  [  0 155  31  34 224 307 286 395   0 333 310   0 254 170  12 369 126
    76 162   8 132 153 200  76 152 319 341 250 171 276 150 107  63 126
    39 158  52 235 170  12 389 167  58 106 229 361 322 242 115 254 349
   174  27 322 288 393 304  21 154 313 174]
  [  0 372 198 158 307  26 324 179 229  22  40 139   0 337 232 215  52
     4 374 219 358 150 245 330 253 292 352 268 160 339 167  50 104 258
   389 129 311 207 321 147 201  75  52 288 387   6 158 371 197 158   4
   128 324 342 394 246 100  36 172  66 286]
  [  0 361 183 336 363 234  70 348 122 328 120 243  29   0 193  25 217
   136 107  85 380 153 327  76   1  81  11 345 378 372 119 211 172  26
   307 245 383  27 225 333 237 255 324 259  18 204 232 199 317 219 282
    82 220 315 203 326  30 192 314 155  53]
  [  0  30 306 298 372  43  63  98  91 165 361 312 266 290   0 153  24
   390 237  42 384  70  96  76  95 279  29  79 219 125 289 163  42 159
   279 353 106   3 342 178 349 130 158 218 158 271 276 264  10 135 174
    25 238 161 118 354  65 176  77 287 290]
  [  0  13 107  96  44 235 113 257 213 276 207 150 319 298 270   0 307
     5 239 378 208 150  19 287 117 354  26 327 301 289 349  74 104 244
   309 349 272 137 343  64 155   3 386  54 170 257   5 389 311 141 356
   261 196  88 273   6 206  46  96 349 383]
  [  0 268  41 349 131 252 294 316  91 221  86  78 113 203  95  14   0
   375  48 293 273 345 317 148 331 232  10 354  54 144   8 369 370 234
   171 106 176 127 281 267  54  69 166 342  22 313 299 174 117 149 344
   245  23 356 114  54 258  55 128 296 227]
  [  0 385 272 321 347  62 229  67 189 305 190  45  50 164  25 196 209
     0 304 366 276 394 143 181  90  80 337 206 216 171  65  46  72 105
   288 164 266 214  37 275 370 261 221 337  25 198 336 285  90 126  22
   218  34 384  87 189  51 351 390 152  19]
  [  0 335 235 331 368 166 350  56 181 268 271 376  32  10 392 214 101
   359   0 345  82   7 113  32 253 179 261  84 209  94 312 245 177 315
   169 145 332 266 299 178  82 203 183  36 104  55 318 377 336  67 270
   201 173 339  13 223 132 166 179 296 387]
  [  0  55  38 390 310  55  30 153 215 366 221   2   7  28 267 270 279
   196  88   0   4 124 301 261 232 296 232 257 163 222  53  58  49 116
    26 173 315 162 266 125 259 316 189 312  36 152 294 162 162  75 179
   277  66   1 302 308 157  49 103 258 321]
  [  0 289  22  64 237 144  98 151  66  29  41 383 104 108 151 267 118
     7  99 139   0 221  95 394 291 186 152  67 261 266 210  77 283 123
   297 208  90  66  82 281 233   6 361  39 297 218 135 249 235 277 245
   241 325 269 348 185 344 390 334 300 198]
  [  0 124 351  75 368 349 121 203 176 121 137 282 296 252 360 115 116
   111 145 372 194   0 225 156  14 230 212 219   9 306  95 370 381 157
   390  68 205 151  16  97 364 337 332 389 103 342 105 348  44 305  27
   206  79 395 261 121 380 295 202 102  97]
  [  0  98  86 303  90 180 151 334 281 270 361  81 123  58 296  31 258
   194 118  34 344 149   0 184 165 162 207  61  96 282 307 162   0 100
   333 276 135 331  54 290 261 140 129 131 314 213 255  26 310  27 187
    77 263 215 191  63 363 278 226 191 106]
  [  0 275 136 217 334 153 395 356 181 244  19 329 366 191 143 278 235
   138 145 233 336 307 255   0 288  74 107 245 377 350 236 255 254  65
   101 375 306 329 285 172  83 171  34 288 297  32 262 222 244 324 245
    95  99 310 352 213 264 103  56 102 287]
  [  0 140 279  75 368  78 199 154 165  96 371  41 131 232   5 383   3
   140 115 130 326 111  11 199   0  18  15   3  38 107 372 380 146 161
    88 291 309   6 373 298 226  46 371 171 250 303 234 139  62  95 390
   287 331  40 239 308 371 106 307 330  29]
  [  0 122  69 365 211 237 161 157 162 363  75 209  71 272 355  27  30
   381 254 178 120 222 368 124 251   0 213 219  18 298  72 146  91 149
   166 160 373 357 170 257 339 183  37 313  84 347 133 189 377 278 168
    99 290 134 253 277 264 245 224  79 390]
  [  0 241 309 281  25 256  53  51 247 189 205 257 199  43 104 185 345
   337  49 128 199 124 357 180 265 266   0  24 221 240 339 168 274 144
    16 308 217 229 220 221 288 243  16 274 327 100  24 163 226 139 265
   131  46 114 138 204  13 104 128  43 308]
  [  0 196 276  91 157 117 265 259 299 123 277 320  45   3 103 321  94
    33 389 185  72 141 370 225  54  17 342   0 322 275 237 317 297 163
   327 255  64 176  73   3 273   4 304 245  90 120 271  98 238 159  73
   224 112 263 365 128  72 119 257 366 356]
  [  0  12 238 158 331 251  25 270 133  50  70 158 268 100 324 330 202
   143 250 195  61  54 277 255 193 199 159 174   0 257 379  61 219 347
   346 195 192 191 237  21 217 128 196 290 186 222  30 105  97 241 357
   374 104 270 208 240 221  81  27 307 390]
  [  0 139 222 390  64 259 321 142 114 306 133 161 136 154 204 380 186
    79 352  73 151 238 265 363 185 349  66 301 328   0 152 148 124 204
     7 156 334 389 129  67 131 332 327 121  75 167 336 384 102 341 112
    29  87 295 210 208  48 119 178  63 285]
  [  0 179  39 348 340 296  58 293 374   6 296 109 116 320  11 204 135
     5  53 384  58 387 115 331  89 163  70 305 299 202   0  12 332 198
    88  46   4  81 359 159  53 221  75 234  32 122 194 351 183 177 378
   263  22 142 138 322   5 300 176 164  19]
  [  0  33  79   2  51 353  56 275 107  80  90 387 158 289 323 374 300
    75  97 291 246 175 105 104  52  37  49 306  43 114 133   0  63 210
   234 118 312   7 315   3 305 119 269 287  57 321 343 141 101 159 241
    64 270 193 372 197 199 244 369 204 343]
  [  0 154 204 270 122 314  52 224 171 335  62  54 326  20 146 242 153
   368  90  15 156 281 215 111 121 387  79 302  22  78 170 277   0 251
   199 204 376 341   4 361  33  23 162 166 171 327 378 281 245  95  11
   343 325 140 136 101 142  93 148 266  58]
  [  0 176 143 252 236 263 260 227 248 246 376 149 143 356 144  90 384
   317  11  72 204  97 321 160 155 312  94 114  30 271   5 166  86   0
   139 116  84  67 339 165  15 126 275 193 388 254 306 295  62 218 256
   342  46 213 168  60 183 176  17  77 380]
  [  0  57  37  41   9 141 322 191 268  55  29 169 196 151  70  37 205
    37 394 372 141 115 144 185 229 229 321 118 283 384 313 113 122  76
     0  37 175 313 183 322 275 309 271 237 298 255   6 221 333 392 318
   196 122 194  45  92 247 278 224 117 247]
  [  0 282 105 215  19   2  78 143 350 365 277 391 221 293 176 378 220
    86   4  82 109 185  96  91 366 321  19 208  34 184 259  15 250 331
   368   0  82 129  35 223 104 263  19 356 379 243 320   1  33 189 200
   346 258 139 160 167 298 339  26 351 389]
  [  0 116 220 124 166 370 209  91 132  65  73 147 286 188 180 270 365
    93 358 285  43 219  33 389 370 270 342  19 289 209  14 126 348  14
   247 158   0 366 176 164  24  77 225 379 140  77  64  67  51 248 271
   124 218 283 377 389   9  35  45 372  49]
  [  0 376 205 361 335 216 363   8  59 112 138 367  67 338  61  71  69
   231 152 236  52  69 381 370 336 264 101  55 171 282 383  13 254 275
   390   8 189   0 361 342 248 265 133  82  67   0 370  83 385 118 215
   229 143  54 202  74  62 312 343 223 352]
  [  0 187  18 311 210 126  34 248  24  30  61 204 367 280 206 328 118
   357 252 331 383 130 318 265 311  12 287 113  79 290 214 220 170 249
   127 214 224 340   0   1 367 139 246 289  65 160 224 337 253 357 116
   134 266 351 231   0  84 289  55  31 226]
  [  0 381 245 219 321 193  41 225 293  75 110   9 271 264 269 325 187
    45  24 172  72 269 276 369 387 292 101 282 356 159  73  82 157 311
    10 200  12 353   9   0 266 273  29 126 153 319 386 190 175 386 275
    77 247 178 359 225 331 216 354 310  83]
  [  0 133 317 196 313 305 268 232 312 154 286 171  50 133 224 200 314
   113 200  90 232 331  95 119  83  62 160 162 213 394 315  42 232 202
   248 297  14 337 302 355   0  34 136  67  73  67 286 145 346  37 196
   269 368 347 286  74 112  31 309 128 244]
  [  0 231  20 289 273 251 305 138  33  41 319  95 104 223 133 243   8
   300  96 275 267  59 163  92  88 328 133 222 194  47 376 278  54 377
     1 355 211 102 218 117 130   0 343 218 323  46 304 249 337 329   9
   256  44 364 336 364 217  31 222 237 195]
  [  0 327 351 356 152 251 315 253 370  91 307  12 332 204 389 105 311
    90 176 271 212 268 281 393 113 355 230 150 258  24 166 314  66  46
     1 394 358 317  86 165 387 147   0 210  41 282 271  62 314  47 108
    86 193 178   5 121 363  45  32 314 177]
  [  0  13 160  17  58 293 102 229   6 144 320 264  84 241 258 335  67
   153 199 183 235 257 257  69 378  74 172 284 173 181 205 288  77 341
   224 264 202  19 322 394  45 318 230   0 299  63  89 384 373 344  24
    26  16 250  40 195  74 292 135  24  66]
  [  0 153 390 188 138 179 258 312 375 315  24 391 313  59 180  36 234
   329 232 389 325 180  65 335 311 247 384 311 215  38  27 272  19 110
    57 265 232 310 210 271  18 136  21  41   0 205 147 373 185  13 147
   282 131 197 250 326 353 205  88 199 253]
  [  0 234 212 169 293 335 147 310 249 302 189 300  99  15 236 194  75
   361  20 205 117 225  30 102 274 225  27  74 146  14 210 159 168  94
    13  15 135  43 131 113 376  59 319  59 333   0 122 186 216 232 269
   121 127 160 262 172 393  60 170 278  91]
  [  0 243   3 134 122 285  40 297  82 257 314  63  97 196  23 202 132
   190 150  50 105 381 345 389  41 372 113 262  69 269   3 377 269 140
   191  80 266 242  79 103  14 334 329  98  21 124   0 109 117 192 100
   246 226  78  53 356 148 102 343 109 157]
  [  0 275 269 367 113  77 303 339 301 328 330 292 269  21 173 130 199
    33 293 258  65 202   6 184 147 309 200 343 353 356 107 234 148 106
   390 173 115 391 317  12  75 334 276 253  64 189  73   0  60 251 284
    22 208 314  62 243 158 290 104 300 265]
  [  0 257 214 137  55 298 256 297 100 368 230 317 259 292 154 128  59
   365 305 254 265 200  50 250 363  88 350 171 338 381  78 184  49   7
    78 165 284 373  22 155 261   4 121 209 282  26 168 374   0 334  57
   274  43 162  95 194 242 309 214 351 221]
  [  0  38 288 296 148 179 153   3 335 125  26 156 292 180 277  51  75
   202 373 105 157 208   3   5 303 289 305 392 392  91 202 388  30 201
   378  55 194 197 264 247  76  30 290 115 262 269 311 255 118   0 229
   256 141  98 182  99 305 344 250 304 217]
  [  0 218  66  60 227 182  46 265 198 335 106  68   5 224 374 206 300
   294 388  43 335 353 112 185 315  38 317 236 229  36  77 132 370 133
    36 348 144 217 165  70  85  39  39 185 390 345 170  45   1  80   0
   354 292 192 281 271 216 374   9 362 219]
  [  0 121 386  81   5 328  96 156 155 314 261 217 346 225  10  44 311
   330 271 216   8  17 172 122 185 340  80 183  20 387 214 143 285 119
   346 309 139 352  79 227  40  83  28 206 191 318  90   9 191  36 346
     0 382 272 270   0 356 238 326 201 253]
  [  0  41 342  46 387 367 394  33 262  28 354 195 219 197  21  53 346
   316 108 177  88 346 194 190 186 391   2 176 164   6 208 292 162  71
   218 187 166  60 190 285 253  39 134 133 339 388 337  41 376 270 162
    62   0  20 211 258  75 218 112 155 327]
  [  0 335 203 218 180 314 164 186  71  49 336 173 395  37  72 362 266
   374 171 374 297 107 311 258  23 254 177 364 202 356 163 368 359  21
   303  19 283 245  76 347 127 356 204 349  95 279 206 120 323 144 251
   166  74   0 112 359 353 188 117 343  36]
  [  0 146  23 207 186 382 300  60  12 383 380 151  14  95 291 317 376
   108 223 179 213  69   8  59 214 117 202  42 283 140 394 189 115 166
   341 289 318  41 216 227 279 379 326 191 204 291 395   9 175 185 166
   334 269  26   0 383 276 322 191 339 327]
  [  0 283 325 349 343 122 123 152 332 220  42 115 147 170 375 222 107
   278 361 227  23 105 228 298 138 121  19  86 311 373  91  91  34 311
   313 335 249 129 387  81 194 149 255 186 293 100 170  83 245 176 294
   199 226  46 343   0 217 260 216  24 388]
  [  0 158  16 186 186  90  42 282  35 335 354 185 330 169 218  78  53
   344 362 241  31 273 266  89 227 366 182  96 250  67 217 324 158 353
    47  88 317 143 353 360  82 266 226 258 296 290 133 203 121 147 356
   278 301  32 272 142   0  72 265 178 390]
  [  0 178 147 338 267 253 189  67 136 291 226 150 381  43 258 230 166
    56 356  99 190 120  11 192 330 260 368 130 218 158 166 251 160 243
    19 114 348  53 199 123  38  60  39 115 191 308 165 240 103  24 114
   346  60 252 121 225  81   0 379 252 219]
  [  0  27  26 293 257  37 306 345 355  94 231  69 317 322 182 180 175
   257 330  96 180   5   3  24 179  76  23  23  20 111 289 245  47 264
   370 180 342 394 272 316 273 152  62  21 146 324  50 231 189 313 129
     1   4  40 247 176 212 231   0 190  54]
  [  0 288 133 278   7 302  97 254   1 277 251  27 189  58  63  52  90
   129 219   1 373 365 155 245  24 115 185  75 378 121 230 253 391 309
   350 199 353  75 338  33 275  75 189 361  73 335 277 213  21  62 149
   216 218 343 366 238  47 287  33   0 194]
  [  0 340 333 210 144 191 363  61 124  30 257 182 392   5 343   0 189
   384 125 367 356  25 164 268 160  64 327 211  95 255 303 181 227  90
   344 316 162  17 109 266 320  43  97 340  44 160   0 261 254 172 327
    72  52 211  93 312 367 139 323 109   0]]

 [[  0 253 342 381 283 292  93  98 142 198 264 375 348 331 265  65 263
   285 250 318 103  74  33 117 137 353  12 212 343 359 326 248  83 260
    39  87 266 283 349 349 268 114 214 316 161 358 373 346 130 180 140
   346 372 344 273   9 223 331 229 300 159]
  [  0   0  48 115 304 311 140  26 337  45   0  83 110 287  89 191  39
   314 382 288 137  93  87 275 376 317 260 121 252 357 287 137 158  77
   312 258 261  45 228  90  16 202 377  49  72 247 297 300 139 274 231
   182 384  47 229  78 306 127  18 139 289]
  [  0 112   0 173 221 157 178 353 106 113 202   0 372  60 258  63 337
   329 257  21 275 391  77 115 387 210 326 163 161 344 188 234 313 254
   359 222 353 139 114   7 242 309 133   1 109 369 193 368 150 151 203
   349 208 368  90 368 290  87 352 216 142]
  [  0 176 113   0 264 236 257 112 392 122 316  40 329 342 314 315  40
    99 106 232  22  81  89 381 290  38 229 371 280 223 316  49  57  36
   303 288 100  76  49  46 167 275  82 135  10 202 374 233 132 219 315
   144  70 323 148 189 201 342  44 265 196]
  [  0 299 220  70   0 351 332 166 340 322 352  65 271 119 266  59 153
   315 390  40 384   0 328 254 211 275 120 390 227  58  99  45 145 210
   318 343   0 323 184  26 236 269 357 370 179  46 110 392 300 388 237
   213  39 203   5 237  50 135 226  71 252]
  [  0 251 323 342 263   0 153  70 180 267 264 377 126 281  30  74 358
   372   5  21 269 113 155 362 106  48 141 189 218 270  60  61 241 278
   146 310 339  55 341 353  80 247  79  58 286  77 201 255 161 364   0
   209  71 186  94  23 303 309 260  34  24]
  [  0  49 184 368 271  78   0  49 179 139  93 237 315 383 308 381 131
   250 319  46 197 143 358 216 145  62  48 163  85   6  61 394 146 158
   301 364  40 116 170 106 354 148 314 239 195 142 343 301   1 292  66
    30 149 203 135 255  32 100  18  38 106]
  [  0 245 365 379  88 139 223   0 342 136 100 309 232  60 228 371   4
   206 383 191 312 155  69 291  27 274 338 247 271 198 144 102 340  69
   229 334 249 102 103 243 292 205 149 284  89  79 307 211 303 346 393
   213 187  89 358 297 105 172 191 203  60]
  [  0  48  28 346 264  14 233 359   0 201 310  66 154 367 124  61 212
   174 347   1 183  27  49 338 353 327 224 305  66 196 229 226 386 244
   290 284 265 201 206 276  88   9 125 172 103 127 256  52  30 180 296
   373 344 322 269 372  63 377 389 335  45]
  [  0 207 268 258 144 349  29 105 113   0 156 189  86 303 127   5  57
    94 261 173 278 362 284 173 149 281 111 112 267 336  54   2  41 201
   192 282 352  20 107 141 346 102 362 305 240 309 133 206  82  87 129
    27  59 110 322 239   1 196 226 205 265]
  [  0 303  61  68  90 112 226  88 374 346   0 186 107 232 251 233  38
   191 144  81 176  27 217 384 277 385 293  75  61 213 284 333 310  12
    87 156   6 353 216 134  18   8 138  53 190 319 208  46 220 127 240
   253 369 352 176 248 125 269 121 160  35]
  [  0 161 328 155 366 147 305  94 374 305  17   0  49  71 267  29   7
   383 263 356 319 227 125 198 232 347  85 377 242 344  28 290  70 365
   185  42 160 247 234 389   6 105 391 180 282  27 285 339  11 367 143
    58 326 321 333 222 161 112 109 229 174]
  [  0  32 171  53 236 122 176 134 192 137 171 366   0 328 186 208 290
   218 140   1 271 381   9 178 338  16 103 124 124 161 185 376 372 153
   204 143 257 213 112 261 315 347  72  19  20   1  48  30  57 205 379
   365  39  39 311 101 247 146 318 313 321]
  [  0 220 367 185 209 337  36  93 102 313  29  89 212   0 293  22 142
   234  82  49 180  16 223 358 170 319 174  82  87 368 367 165 136 187
   224  42 356 271  63 232  51 175 164 164  26 365  89 388 210 232 101
    40 120 394  53 171 358 238 169  50 371]
  [  0  29  94 309 185 348 267 316 382 238 180  36 314 142   0 232  34
     2 389 293 275  83   1 206 266  28 202 363   7 365 280 284  80 121
   216 388 223 256 235 291  92 327 388  64 300 123 194  41 209 143 264
   355  61 246 238 260  81 329 159 376 109]
  [  0 252  75   3 337  43 286  45  25 263 201  63 152 359 226   0 350
   337 129 345 143 374 393  79 105 162 312 222 300 338 135  13 317 394
   168 139 199 159 193  93 266 395 201 222 140 317 212 314  81 252 311
   164 374 231   8  25 330  28 342 322 137]
  [  0  33 267 113  74 391 163 360 210  98  83 207 176 250 330  85   0
    68 102 228 178 277 272  64 236 268 151 336 253 111 272 251 187 272
   111 251 172 392   7 273  14 281 158  69  23 159  14 204 273 310 207
    63 282 239 311  39 100 364  98  15  94]
  [  0 153  81 262 345  24 199 293 117 354 315 286 364 385 326  32  18
     0 385 282 291 222 273 294  48  65  81 287 174  91 195 306 247 191
   290 228 205 395 233  61 391  94   7 322 133 329 151 350 266 263 217
    24 168 240 353 219 220 329 310 153 381]
  [  0 274 252  96  81  48  91 314  96  37  78 375  73 145  55 250 259
   139   0  46 331  86 215 256 219  63   8 109 227 192  54 363 153 120
    96  35 172 103 293 201  47 107 205 346 300 143 123 189 359 392 348
   134 307  55 262  23 119  22 358 223 285]
  [  0 113  47 381 148 357  48 150 104 373   2  22 134 304 222 242 239
   231 110   0 283 190  73 255  19  37 169  38 234  71  62 100 355 156
    97 274 257 326  84  74 156 184 151  93 223 236 136 200 312  88  47
   291 196 153  55  80 141   3 382  14 251]
  [  0 217 315 276 281 183 348 381 292 312  73  38 357 126 377 260 166
   324 234 320   0 306 204 217 230 141 240 203 179 270 253  67 353  58
   205  61 377 296  40 294 144 252 105  12 322 324 107  49 275  57 338
   188 339 308  53   8 355 376 298 238   9]
  [  0 323 261 373 255  77 125 164 270 132 227 339 299 372 271  84 268
   129 383  82 348   0   5 237 347 120  56  18 391 106 330   9 236 282
   162  12 222 283 133 144 379 324  76   2 154  85 127 210 254  59  99
   350 159 204 383 363 387 361 200 302 243]
  [  0 350 141  55 172 316   2 320  69 231 386  69 118 152 260 206 160
   393  42 276 218 193   0  66 364  97 377 216 285 160 134  75 343 335
   183  84  81  47 153 105 226 244  21 255 249 243 374 207   9 338 261
   257 358 272  87  54 201 240 273 256 317]
  [  0 315 318 194 139 217 243 233 296  78 166 340 284 256 264 209  15
   362  99 210 380 225  40   0  28 128   9  15 211  79  22  42 188 220
   202 100 323 188  62  54  51 255 166 205  19 255 275 174 345 258 385
   390 385 105   9 278  96  67 357 321 107]
  [  0 121 145 299 136 359 265 274 317  18 268 335  90 251 205 349 291
   303 114 207 370 374  71 340   0 319  84  18 385  41  11 353 324 172
    61  77 324 333 145 198 290 116 331  67 142 194 371 358 203 205 356
   150 386 272 212 261 205 240 162 334 193]
  [  0 288  42 175 366 198  36  15 160 316  29 384 115  49 238 185  50
   313 350 244 340 322 274 354 359   0 224 318  73 112  48 358 375 261
   358 118 149  63 170 328  50 196  87 229  72 319  52 357 351 268 362
   365 209 228 140  21 122 329 320 259  59]
  [  0 239 278 236  93 136 365 255 303 366 244 139  66 245 142 341 247
   356 150 268 190  56   3  85 143 313   0 361  99 207  85  64 245 395
   197  39 204 132 370 358  49 312 181 122 291 351 215 286 338  14 298
   284 382 281  17 249 157 367 194 111 241]
  [  0  80 141 322 121 325 138 307 134 121  21 288 154 371  94 340 129
   370 290 176 185 185 249  71 150 395 196   0 168 240 170 391 279 285
   303 221  93  67 205 278 114 375 168 347  81 141 252  12 393 349 240
   276 303 353 139 169 302 303 373 295  95]
  [  0 151  58 175 173 370  57 130 214 138 273  42  32  65 251  51  26
   320 290 202  81 152  25 136 340  89 202  70   0 180 143 114 256 101
   169 372 148 318  81 250 201 195 281  67 263 190 103  71 292 212 362
   311 256 113 173 244 133 380 247 153 285]
  [  0 348 235  59  78 227  86 354 128  38  50 376 185 234 198  85 270
   376  73 220   7 165  19 357 379 169 261 328 191   0 204   6 109  90
   128 110 311 246 202 321 119 332 225 227  65 281 321  72 368 293 260
    38 254 213 123 167 395 126 255  60 197]
  [  0 117 381 331 209 322 360  79 304 193 295 168 276  44 112 319 130
    26 330 151 147 167 114 173 116  63 213 147 168 230   0 368 365 128
   299 151 355 203 285  80 129 262  72 118 355 309 129 128 209 293 151
   349 129 141 116  16 271 240 385  34 112]
  [  0 190 390 231 313 234 311  85 140 395 258 208 242 162  71 254 220
    85  68 130  39 242 308 316  27 102 345  63   5 100  52   0 100  38
   295 355 119 143 282 137 245 379  90 244 150 202 173 131  67  36 297
   233 268 356 190  90 303 143 372  90 239]
  [  0 139 273 143  65   9 227 195  82 349 305  10  79 230  78 365 170
   272  60 296 105 365 392 184 379 297 273 165 338 261 259 140   0  57
   229 232 304 204 307 148 141  62 361 320 115 293 329 154 146  19 157
   237 358 349  73  73  70 177 107 180 373]
  [  0 197 139 180 388 305 126 114 296  96 306 236 250 156 345 379 111
   339  13 180 197 121 208 129 314  40 114 373 329 181 212  37 129   0
   121 358 328 271  45  15 273  29  19  83 160  12 378  49 318  93 210
   280 188 220  12 151  58 317  65  75 243]
  [  0  83  74  41  34 255 265 142 309 303 342  30 296 249 166 370  17
   328 106  42  61 261 240 245 266 311 112  27 180  51 168 313 314 386
     0  51 262 225  68 207 281  85 184  32 252 117 184 112 336 124  45
   135 173 294 140 164 144 274 143 272 329]
  [  0  21  20  68  25  30 389  84 353 129 173 321  57 203  11 369 249
   394 344 192  48 106 301 367  35 301 265  33 344 165 170 275 292  84
   250   0 329  80 144 276 224 242 217 137 195 338 220 333 382 234 134
    58  76 381 162 156 188  39  18  57  58]
  [  0 199 339 143 227 327 248 140  23   1 357 284 115  46 227 388 216
    70 154 251 255 347 317 394   7 119 358 385 102 376 315 103 229 204
   326 124   0 394  51 135  63 382  55 325 351  23 166   2   3 226 261
   278  37  25 394 339  86 324 231 163 253]
  [  0 377   7 249 208  92 395  95 256  15  14 125 166  73  84 251 234
   182 368 250  33 321 365 319 262 322  54 243  38  14  85 177  99 265
   190  28  32   0 283 239 274 156  19  35   7 307 110 221  75 162 126
   307  40  77 126 365 220 339 168 208  95]
  [  0 280  54 326 221 266 191  60  71 107 177  67  96  87 236 240 321
    13  95   1 153 393 327 153 247 298  91 195 341 314 247 113 248 219
   218 263 181  27   0  70 200  68 170 236 120  81 260 251 109 163  23
    23 244  34 134  70  41 151 382 105  83]
  [  0  31 312 309 374  27 245 305  42 260  64  79 205 224 195 329  17
   212 176 275 389 158  67  95 322 239 387 171  71 367 221 193 149 187
    44 304 320 122 287   0  80 298 331 147 268  54 277 196 251 391 310
   200 331 316  19  70 296 393 299 378 337]
  [  0 332 186  30 382  31  84  55 135 176  14  82 215 263 282 210  47
   209 151  80 210 212 162  21 350 330  54 287 336 115  83 189  52  96
   178  88 286 389 346 262   0 390 135 243  52 182 378  25 269 321  25
   245 314 326 202  69  20 124 367 388 358]
  [  0  21  23 270 139 219   7  58  48 124 288 191 139 351  79 304 198
     8 278 340  95 339 177 185 146 140 138 191  10 243 152 163 336  95
   195 295 267  63 290 139 346   0 184  17  92 222 117 190 346  58 267
   284 199 252 229 211 281  63 256 318  53]
  [  0 178  90 309  90 272 382 360 205 167 266 333 132 268 329  79 356
   382 347 150 291 352 295 333 300 171  59 103 228 266 332 173 142 154
   247  38  47 339  97 330 377 100   0 384 188 341  92 313  25 148 143
   358  46 169 161  16 303 159 384 299 389]
  [  0 249 114 138 360 221 105 215 201 162 164 220 203  32  83 289 123
   354 394 235 278 368 192 341 279 167 270 252 232 345 197  55 113  99
   382 323 313 296 101 242 364 175  97   0  73 177 395  23 324 199 186
    18 372  63 392 230 311 260 112 345 319]
  [  0  12 117 297 254 128 232 139 308 164  80 181 390 148 262  79  59
   349 303 219  18 268 348 295  47  68  30 255 328  86  24  98 363 386
    27 109 239 200 342 356 346  40 219 201   0 379  39  49 118  78 133
   374 374 300 136 234 154 338  25  24   0]
  [  0 259  26 242 134  84 269 388  20 133 266  38 258  67  64 108  22
   157 204 140 264 339 385 324 355  98 289 288 378 137 219 339 238 367
   274  80  97 267  67 255  90 295  16 179 111   0 215 301 103 109 383
   338 315   8 257 212 128 294 342  76 222]
  [  0 201 265 211 219 327 295 367 173 236 333 226   4  17 276 239  91
   354  88 303 202 352  51   8  19 244  45 392  36 272 288 308 212 101
    55 241  89 272 106  89 204 355 371 360  71  72   0  41 242 362 355
    39 342 107 391 320 282 220 368 263 370]
  [  0 168 388 168 267  37 296  17 395 119 370  53 163 192 207 121 110
    21 128 187 200  11 211 340 205 297 257 365 164 122 128  52 144   2
   223 367 239 170 198 376 315 215 350 182  58 323 122   0  35 301 169
    12  99 229   6 372 264 370 308  75 154]
  [  0 355   5  33 134  15 105 120 267 262  81  65 199 257  20 348 250
    47  98  82 394  41 253  61 302 341 381 179 239  79 284   6 283  57
   277 292 120 369 120 358 304 118  64 306 294 351 135 120   0  91  98
   104 364 387 166  95 393 310 303  42  99]
  [  0  68 186 161 383 330 154 266 181  20  96 310 393 346  95  38  11
   225 123 305 299 109 365 287 122 105  73 164 243 259 174   5  60 358
    95 380 367 112 130 128 170 393  77 390  65 332   3  93  66   0 187
   206 160 166 193  51 375 152 147 242 321]
  [  0 201  40 356 188 190 111 269  17 334  16  79  72  36 332 376  64
   362  53 194 341 222  50 211 250  86 316 149 317 150  37 360  33  43
   285 223 367 389 161 228 231 306 381 164   9 363  84   1 134  22   0
   195 334 244 275  89 101  44 362  12 323]
  [  0  51 349 237   8 326  24 129 287 327 119 117  76 393 395  67   4
     9   4  46 240 146 333  53 177 354 310 257 160 211  10 340 389  57
   284 130 237 158  76 210 264 387 185 302   6 296 186 128 337  89 359
     0 298 247   1 129 262  26  71 141  83]
  [  0 253  69 223 196  97  98 187 352 359 297 273 310 386  87  67 367
    22 381 351 202  24  11 339 165 238 232 214 371 272 340 352 140 243
    94 145 167 353  43 301 302  99 159  43 287 111 382 221 352 312  39
   305   0 333  92 249 153  37 194 386  81]
  [  0 216  20  92 302 342 324 395  59  30 351 281  91  95 133 193 145
   357 339  75 250 210  37 265 297 202 380 155 336 357 326 246 117 323
   288  22 287 349 171   2 227  15 128  73 116 249  19 385  14  98 367
   345 193   0  34 395  91 265   3 314 294]
  [  0 288  40 151 389 146 146 220  32 118 349  33 106 106 201 114  56
   163 151 201 373 178 332 197 110 137   1 209 146 313 297 391 266 298
   249  71 224  62 184 300 337  26 230 149 252 329 301 248 228 202  99
   349 161 249   0  55 391 317 108  89 237]
  [  0  41 368  83 364 327 284 172  86 156  62  72 282 257 126 301 172
   285   4 318 309 234 167 199 130  94 246 190 333 211 154   3 368 134
   124 323 357  79 215  60 169 179 203   0 214 145 317 325 376 223 140
   253  44 351 119   0 154 329  77 220 366]
  [  0 150  24 162 363 329 344 276 241 216  33 393  88 310 336  80 135
   161  41 131 330 135  96   7 194 351 269 230  79 243 152  71 386 109
   293  86 310 242  80 170 264  89 238  92 235 170 204 251 226 336 213
   368 143 161 348 293   0 296 120 314 255]
  [  0 301 114 226 247  88 135 139 343  60 351  66 244 373  26 393 262
    30 296 183  84  91  84  86 225 138 297 218 196 175 391 103  75  61
    91 185 342 144 354 227  47  15 132  41 105 355 257 216 378 203 317
   221 346 184  80 137 197   0 126 157 305]
  [  0  33 191 254 250 192 288 139  50 148  92  25 336 330 187 233 123
   175 120 128 320 240 160 249 231 162  32  71 385 351 190 377 145 329
   375 269 355 255  90 157  97 243 171 143 104 179  87 226 163  18 173
   217 326 343 137 341 328  53   0 299 338]
  [  0 257  36 283  86 139 287 255 273 208 291 267  70 243  41 172  39
    92 118 198 322 304 149 211 268 215 162 264 114 385 271  37 199  37
    68 158 315 220  11  30 207 335 292 159 203 101  28  30  68 192 371
    32  56 376 158   9 371 164  40   0 178]
  [  0 195 264 239 221 122  25 377 320 106 358 235 347  55 139 114 238
   285 362  31 219 232  59 152 184 127 129  10 293 130 378  23 143 151
   341 324 299  31 271  62 353 329 267 354  93 308  65 278 366 283 372
   131  92  42 244 179 320 164 211 374   0]]]
release_time
[   0 1207  970  931 1206 1147 1167 1102 1182  816 1043 1170 1166 1038
 1131  981 1149 1156  875 1096  975 1180 1137 1013 1148 1083 1196 1166
 1228 1010 1200 1147  898  839 1221 1186 1185  786 1013  867 1212 1080
 1236 1123 1141 1130 1092 1219 1079 1143 1131 1035 1204 1166 1118 1175
 1100 1154 1208 1188 1074]
due_date
[   0 1212 1051 1004 1233 1185 1241 1186 1223  854 1057 1255 1189 1123
 1181 1081 1166 1202  906 1202 1029 1238 1176 1090 1175 1151 1232 1212
 1228 1083 1210 1187  993  911 1253 1224 1217  854 1115  894 1234 1160
 1252 1211 1173 1204 1142 1223 1142 1224 1177 1125 1227 1189 1188 1193
 1133 1157 1229 1243 1156]
unit_emission
[20  6  1 14 11]
emission_limit
23622.0
setup_severity
2.0
due_tight
0.3
due_range
0.25
release_tight
1
degree_constr
0.5
