mach
5
job_rate
12
weight
[ 0  5  2  8 10  8  2  7  3  1  1  9  3  6  9  1  7 10  6 10  4  2  9  6
  5  4  1  9  8  1  7  4  7  5  5  2  9  4  9  9  3  5  3  6  3  2  7  2
  4  1  3  2 10  9  2  6  7  9  8 10  4]
proc_time
[[  0 101  83  72 133 137 122 135 131 110 108  52 133  55 101  52  60  80
   77 113 119 122 137 136  80  92 124 131 129  85 135  99 113 130  80  74
   69  97 100 132  57  80 102  75  79  82  68  96  72  81  64 149 120 132
   81  57 145  55 130 145  96]
 [  0 131 117  99  94 131 102 140 101 134 132 132  70  64  77  50  83  55
  120 101 114 146 106  60 128 119 137 150 148 115  98  69  79  88  52 114
   71 138 150 138  87  61 128 121 122  73  92 127 140  53  65 136  70 105
  134 136  69  75 114 126  84]
 [  0  81  50 125  81 110 149  80  58 125  73 120  73  63 139 117 127 132
   92  59  64 100 146 117  83 107  79 150  55  54 150 120  83 141  53  98
  121  92 102  89  55 134  98 127 122 150  91  59  97 141  59  57  82  92
   87 130 146  83 139  66  69]
 [  0  51  50 107 125  64 115  76 108  52  52  56 143 146 141  81  68  97
  145  51 109  53  94 118  69  61 138 124  73 104 135 112  55 145  72  66
   62  83  89 105  69  67  62 109  78 103  65  84 121  64 119  53 104  77
   83 102  98  80  80 142  54]
 [  0  79  54  51 112 141  51 142  66 123  83  62 101  69 133 122 121 134
  134  62  52  87 111 126 111 120  93 109  51  77  65  64 106 130  94  55
   53 102  67  93  78  94 104 108 111  68 136 105  72  98 129  92  72 131
  100 119  77 144 108 149 104]]
setup_time
[[[  0 316 336  85 178 373 217 300  16 141 240 323  49 230 139  94 348
    58   3 368 125  79 347 229 354  99 366 298 301  39 368 327 262  73
    85  51 374  83 240  12 231 104 266  73 325 254 244 317 216 313 257
   111  98 284  25 189 175 291 242 243 114]
  [  0   0 343 163 311 340 164 140 297  42  56  25 281  20  51 132 303
    71  10 221  72  86 347 202 153 240 239   5 379 191 199  24 268 355
   161 182 258 143 248 388 279 391  87 355 322  61 359  17  65 126  82
   321 189 306 259 133 145 221 251  63 330]
  [  0 324   0 372 187 247 116 142 281 212 118 145 325 207  72 143 231
   287 226 161 295 104 385 187 115   5 184  80 350 163 242 121 385  99
   180 367  95 124 161 199 227 389 285 344 129 352 139 104 123 185 129
   350 128 230 175 263  83  23 143  85 222]
  [  0   8 338   0 159 344 329 343 118   5  19 288 267 148 223 286 164
   214 325 197 146 133 267 189 333 227 202 375 237 158  44 246 278 119
   190  87  16 366 134  20 307 325 194 264  11  15  65   4 213 302  78
   333  82 232 183 156  82 193 379  70 386]
  [  0   1  50 122   0 253  23  94 197 331  68 117 390 235 236 359 240
   388  60 346  11   0 338 216 275 165  72 290 327  33 129 389 323 265
   239 180 137 323 337 110 190  38  32  49 168 186 179 393 146 125 267
   355   7 387  70 193 289  76 115  11   7]
  [  0  47 377 281 222   0 100 217  67 373 356  12 162 293 254 126 179
    29  16 275 145  63 129 346 232 353 243   7 155 321 102  48 272 129
   150 166 210  71 321 111 182 112 133 374 287 220 344 132 122 317  76
   203 335 183 256 325 125 318  65 357 120]
  [  0  57  68 171  49 161   0 158 301 145 350 241 125 145 372   4 206
   159  26 178 227  41 105 215 278  71  65 151 265 122 160  14 323 102
    23 111 117 134 168  13 295  56 316 165 314 387 265 134 280 321   5
    90 136  23 148 105 248  97 173 138   2]
  [  0 148  98 338  22 344 121   0 335 149   8 174 330 234 268  57  30
   347 230 363  15  61  97 216 116 199 157 292 257 375 171 279 180 331
   224  55  61 220 366 275 366 357 205 249 131  19 283  68 255 296 290
    55  15 292 380 284 141 147 237 318 129]
  [  0  34  14 138 146  58 291 209   0  54 119  99 160 109  73 154 345
   126 282  74 168 197 202 382  47 259 376 344 233 393 118 344 187 198
    43 187  88 233 262 136 272 350 257   4  16 281 348 158 182 337 270
   315 380 100 228 253 254 239 211 313 200]
  [  0 248 375 181 143 112 153 165  45   0 238 158 359 166  78 180   4
   166 391  73 191 368 232 231 259 154  49 120 375 323 155 186 118 307
   280  56 186 189 170 171 343 298 307 259 228  79  11  75 111 183 322
   318 180  32 277  78  15 220 312 337 254]
  [  0  47 225   1  47 235 351 207  68 141   0   4  66  50 364 172 148
   348  18  87 113 157 215 255 378 374 389 237 311  58 339 267 376 243
   341 207 235 155 385   1 332 227 240 344 118 150  88 378 192 369 119
   123   0  34 138 239  80   7 180 154 343]
  [  0 370 379  71  45 360 159 198  53 312 281   0 264  99  49  36  80
    21 242  58 219  72 283 237 214 130 211 115 263 239 282 228 360 203
   102   0 235  95  30 339  85 299 233  70  78 273 284 156 127  19 383
    63 258 172 314 206 220 300 202 231 382]
  [  0 172 387 110 239 377 324 361 181 302 145 261   0   7 231 149 300
   248  13 144  74 227 106 353 387 236 378 204 167 153 123 224 240 294
   162  69 153 374 119 228 248 156 232  48 141 357 146  54  72 355 364
   388  97 220 271 354  12  61 112 189 172]
  [  0  64 182 166 376 123 152 279 162 188 322  91 333   0  22 256 222
   194 378  61 254 389  40 190  46 192 280 178 214 263 303 209 327 271
   224 193 349  72 375  64 130 309 103  81 273 144 178 335 129 270 276
   322 340  36 148 316 389 165  99 241 250]
  [  0 320 124 269 139 255 166 345 204  40 301 390 323 245   0 252 381
   116  84 191 244  81 226  29 357  37 175 146 297 229 167  66   4  30
   156 183 304 342 354 345 391 363 183 289 192 298 257 257 100 126 194
   299  35 154 158 305 285 360 117 178 278]
  [  0 108 305 289 388 316 362 102 315 146 129 104 360 376 154   0 275
   322 251 335 358 370 143 293  76 158   0 147 281 257  63 287  18 274
   387  36 161 317 298 345 152 314 333  97  30 178 193 304 330  63 354
   218 295 246 360  43  80 228 270 174 286]
  [  0  26 170  29 310 199 340 310 369 152 196  14 183 179 374 245   0
   247  61 128 286 187 295 123  72 202 142  37 153 130 364 374  32 169
    40 293  62 340 356 353 286  58 264 105 199 340  16 142 348 342 292
   168 187 191 163  54 217 175 235 158 317]
  [  0  57  45 176   6  42 327 135 325 210  44 266 381 274 212  42 136
     0 290 323 162  82 380 298 268  24  47 237 186   0  56 201 336 267
   160 261 261 226  19  23  75 244 309 106  61 188 111 236  78 237  93
   223 260  41  93  92 281 287  90 130 154]
  [  0  34 274 118  79 154 137 223 371 383 157 303  66 138 201 266 242
   328   0 236  94  72 371 112 135  83  12 185 363 227  32 370 152 306
    24 338 200 241 283  61  70 377 140  27 160 165 120 274  62 230 214
   374 195 111  22  74 296 107 152 391 393]
  [  0  49 321  42 239 176  34 247 326 164 358  88 343 265 105 210 153
   358  97   0 284 323 364 312 188 200  95 219 359 211 314  68 266  33
   356  52 339 366 365 163 266 181  31 391 388 325 166 351 386  56 171
   157 300 331 365  26 331 177 279 339 209]
  [  0  16 279 392 234 347 116 273 375 303 369  66  39 329  88  29 335
   118 159 333   0 359 293 238 248  19 347  95   5 390 245  38  55 294
   204  65 262 236 155 289 339 244 110 122 200  17  26 303 223 383 321
   218   5 122 175  54 309 353 252 388 333]
  [  0 330 264 292  41  37 180 127 274   2 301  86 263 203 377  34  84
   388 375 128 170   0   2 328 221 123 125  90 185 252 366 146  31 125
   179 305 137  46 129 268 252  40 313 238 279  18  37   0 249 272 108
   275 284 260 324 367 360 258  13 275 188]
  [  0 169  33 175 143  43   7 270  43 388 281 375 258   3 308 281 223
   248 189 265 348  51   0   8 331 240 275   5 330 182  30 365 236 385
    97  43 193 254  28 136 104 164 192 248 173 311 348  49 153 187  37
    44  17 216 254 112 159 289 150 202 196]
  [  0 331 215  72  88  67 171 240  77 127 335 366   8 103  14 186 108
   312 195  10 133 256 283   0 112 312 343 238 148 265  24 143 279 347
   263 210  29 271 247  41 115 219 111  23  57 117 392   8 251  66 386
   168 139  15  22  34   2  37 250 181 346]
  [  0  42 179 301 342 157 230 282  59 253  15 381 161 354  22 281 163
    39 109  26 146 365 259 245   0 182 170 152 282 156 129 348   8  59
    36  33 340 236 194 213 288 277 193  49 333 212 164 372 165 312  24
    33 145 318   2 277 304  85 320 153  94]
  [  0 173 198 266 143  69  36 265 350  60 218 142 115 361 347 290   2
   135 155 389 340 105 245 291  53   0  62 102 198 381  84  23  71  11
   327 339 306  65 321 330 385 157 393  95 345 196 262  55 308 376 164
    21  65 259 144  56 174 305  69 356 135]
  [  0  74 130 234 159  32 240   8 105 215  39 375 223 190 281 311 181
   238 287 210 251 393 245 157 139   9   0  57 314 135 236 300  33 215
   137 158  36   4 158  15 311 278 219 393  88 310  37 388 220  10 234
   293 256 359 245  41  77 115 232 240 186]
  [  0 383 271  44  96  19  97 388  19 202 321  50 191 267 172 307 282
   183 157 183 257 193 215 142 161 213 232   0  43   6 235   8 393 321
   324 285 213  40 109  10  18 350 280 225  97  34  27 174  48 186 305
   301 110 326  22 384 328 106 131 204 106]
  [  0 308 270 254 288 224 375 257 248 108 290 326 214 263  31   5 311
    29 329 317 248  58 310  90 156 335 358 284   0 350  45 294 341 331
   376 105 309  38   3 129  76 281 323 237 163 393  54 189  65 335 278
    69 220 323   8 357 119 242  33 368  14]
  [  0  58 134 219 296 199 271 351 292 285 241 355 296 119  50 167 178
   157 241 142 286 328 301 101 386  31 276 226 154   0  23  46 123 352
    30  82 240 376 378 184 347 148 107  28 218  70 187 280 359 263 184
   173 237 352 249 332 111  48  42  26 369]
  [  0 168 149 232  82 387 127 110 297  68 344  25 314 265 120 102 112
   154  79 209  64 373  36  37 278 358 375 101 388 243   0 115 266 279
   135 317 356 142 234 271  36  59 280 333 264 389 111 280 260 252 334
    74 375 373  67 249 370  78 207 143 104]
  [  0 375 339 334 174 107 211 208 321 223  76 123 353   3 226 208 176
   321  81 242 252 188 359 379 208 289 369 347 103 315  91   0 341  22
   176 143 136 304 197 363  22 301 218 288 387  61  84 112 333 249 303
   332 101  28 228  24 210 304 246 164 361]
  [  0 103 387 320 108  71 290 210  45 241 196  56 270  63 196 107  92
    71 384 248  78  54 255 213 236 374  60 113  93 244 373  67   0 211
   237 187 149 129 323 368 332 289 156 393 245 315 296  65 264 131  39
   389 212  99 165 221 328 289 280 128 140]
  [  0  58 294  97 373 305 381  55 325 154 378 269  21 365 115 368 216
   235  80  88  70  56 376  99 108 105 116  31 236 171 272  34 126   0
   330 254 278 221 321 237 217 171  20 262 307 200 280 184 345 191  48
   369 194 321 331 171 346 238 267 166 328]
  [  0  65  83  93 370 123 136   9  11  53 201  44 338 312  53 387 243
    55 361  49 127 320 169 201 379 369 136 220 355 120 287 319  96  52
     0  14 308 356 386  37  97 258 119  84  59 354 387 384 111 229 208
    98 224 371 262 108 331 332   6  74 295]
  [  0 393 354 165 281 110  21 364 140 380 310 313 171 151  30 125  56
    24 271 210 241 115 225   3 212 237 112  51 154 339 184  76 282  41
   233   0 272 174 256 382 253 175 130 233  83 199 353 232 329 102 392
   384 186 204 181 208   8 176 270  85 112]
  [  0 195  55 142  89 196 107 304 367  28  38 378 305 343 154 382 381
   379 376  79  68  12 250 270 246  18 263   5 344 376 334  96 138 154
   305 196   0  12  17  26  14 105 169 242 168 283 162 268  53 139 381
   374 235 158  70 149 120 287 322 257 284]
  [  0 382 207  14 181 235  75  37 345 380 365  66 224 157 320 367 388
   281 272 332 269 247 369 112 266 153 141 345 331 204 101 168 164 222
   202 270 318   0 289 304 393 124  68 328 324 300 200  58 342 115   2
   211 319 256 192 102  77 183 296 347 216]
  [  0 296 145 208 180 338 213 295  18 374  40 273 162  53 257 355  90
   176 236 170 252 200 257 274 261 343 286 327 278  13 179  76  42 310
    33 184 145  53   0 107  57 139  57  49 236 198 223 176 313 343 352
   116 185  98 246 290 220 249 120 230 390]
  [  0 294 130 148 154 121  20 214 194   8 207 213 332 115 265 116 296
   293   6 372 186   4 166 318 290 373 182 174 120 322 281  91 271 270
   385 290 213 198 122   0 375 169 154 352 259 302 264 146 180  27 210
   137  50 132 312  52 211 267 292  31 118]
  [  0  93 204 135 118 141 368  77 307 207 162 157 260 358  26 350  95
    74 130  25  79 284  55  53 308 238 102 148 256 327 391 107  55  77
   135 122 113 303 141  38   0 245 122 322  48  40 378 321  42 384 309
   388 297 224 165  76 383 262  53 349 315]
  [  0 374  76 292  29  71 135 102 155   9 155  12 226 296 354 289 367
   107 236 195 227 353   8 167 306 130 174 337 100 146 101 162   1 267
   330 202 157 341 182 191 374   0 165 367  56 182 273  33  77 382 219
   249 248 364 277 183 351  57 118 200 137]
  [  0 117 325 334  53 367 114 171 383 263  57 237  65  25 260 300  44
    40  38 215 211 391 230 232  57 189 314  76 284 268 103 151 338 173
   214 309 270 158  83 345 261 362   0 212 112  78  26 127 382 133   1
   294 278 194  61 218  90 363  98  92 249]
  [  0 191 301 242  38 267 312 206  83 258 301 123  34 288 361 109  84
   302 128   5 198 152  30 286 353 111 237 384 179 288 152 223 199 384
   358 340 329 169  53  96 248  33 121   0 277 301 218 340 244 358 196
   337 330  91 117 317 171 208 167 103 285]
  [  0 184 357 106  82 177 359 353 188  28 159 354 234  45 131 382 262
   390 178  53 271 191 366 141 309 293 326  44 321 168 212 201 300 242
   263 371 182 288 189  45 391 233 341  10   0 183 299 239 186 239 251
   103 326 374 140 389   9  54 170 174  17]
  [  0 220 174  23 203 188 194 375 224  58 288  95 240  53   0 253 348
   150 133 223  94  45 350 377 107 291 220 198 253 237 144 266 353  70
   319 157  32 177 262 365 141 335 349 107 226   0 158 357 348 113 260
   388 379 148 205 315 158 107 273  12 238]
  [  0 372  61 343 118  63 308 339  11 213 244   4 264 312 333 348 390
   150  78 332 220 306 208 169 136 278  98  99 250 330 193 257 261 331
    86 221 123 389 339 387   0  20 173 116 207 166   0 108 124  83 331
    17  18 337 306 302 256 205 392  49  68]
  [  0 300 157  26  55 184 310 377  89  60  67 312 380 313  95  58 179
    67  81 131 207 206 295 315 248 255 353 376  23 146 211 123  66  29
    25 244 149 298 358  81 131 135 313  29 184 280 264   0 163  89 211
   203 258  19 353 312 366 193 251 165 129]
  [  0  60 366 267 169 241 238 328 131 351 290 152  72 172 306 255  87
   176 303 134 101 141 113 262 356 227 272 151 162 224 237 392 105 383
   124 253 246  10  35 200   2 250 386 135  81 323 382 174   0 121 171
   236 256 213  56 205 380 391 389 103 176]
  [  0   1 389  18 261 302 387 294 305 385 100 239  49 351 304 156 192
   199 363  12 191  44 225 299 375 316   7  47 290 233 359 240  76 113
   215 329 133 278 260 382 379 185   0 157 171 219  47   4 227   0  56
   108 313 251 375 205  81 287 143 332  92]
  [  0 114 343  96 207 242 178  25 127 336 153  84 178   8  80 386 350
   130  84 200  39  84 162  90 211 275 106 173  93 174 195  11 391 381
     1 182  25 138  29 331 149 174 243 235 343 229 126 163 178   0   0
   240  59 253  94 103  99 169 302  96 147]
  [  0  85 368 174  45  33 391  61  26 345 171  52 237 168  38 184 177
   152 274 200 177 251 238 372  15  67  70  52 200 304 254 253  22 301
   234  51 125 199 172 209  31  38  20 183 205  27 199 199 140  51 167
     0  82 131 344 374 126 375  62 181 341]
  [  0 323  32 338 289 226 246 212 202 379 265 183  63 236 383  48 301
   351 247  43  66 299 147  49  83 170 146 265 249 294  68 122 348 245
   316 365 173  88  52 312   0 234  83 162 222 263 109 135 112  80 375
    18   0 347 241 218   7 346 289 363 212]
  [  0  43 141 314  29 233 274 384 227 132 369  10 223 362  25  12  94
    41 271 175 118  37   7 323 321 101 235 245 361 367 324 357   9  57
   245 371 161 133 205 164 386 312 204 380 257 193 195 361  88 371   3
   133 105   0 386 210   2 311 339 261 136]
  [  0 223 139 113 311 367 275  18  18  66  72 252 309  96  57 168 204
   367 114  64 111 393 219 379 305 261  99 275 160 141 279 142 113 236
   376   7 319 307  21 144 175 186 113 181  40 278 102  43 390  68 195
   108 103 148   0  22 132 140 104  27 136]
  [  0 234  14 270 311 202  88 134 149  13  23 393 250 181  12 207 147
   129 390 304 340 367 338 174 271 270 389 221 356 218  73 158 236  85
   300 101 317  22  74 111 202 314   3  75 171 374  47 346  60  31 258
    85 203  82  68   0 176 363 120 384 370]
  [  0 391 187   0 136 321 349 148 231  84  70 366 224 116 207 364 289
   153 162 378 195 387 119 248  38 320 148  50 281 342 322 154 123 356
   332 132 185 266 372 295 339  60 290 206  66 183 130 150 286 243  16
   280 154 358  90 129   0 295  94  67 132]
  [  0 151 215 259 372 296 213 130 187  50 319 125 342 210 178 358 234
   138 137  49 127 119  68  49  67  38 255  28 279 179 225 107 299   3
   290  29 389 343  54 303 217 169 393  27 141 253 369 322 315 183 254
    64 215 202 350  17 277   0 204 194 392]
  [  0  66 336 195 246 303 331 321 337 195 101 314 220 152   3 385 229
   182 225  41 237 156 242 115 169 355  25 205 375  57 270 162 133  80
    17 114 377 346 154 134  86  74  86 363 151 291 255 243 338 116 348
   304 178 111 278 378 334  12   0 306  21]
  [  0 270 328   1 378 212 287 293 208 222 102 299 343 224 315  69 168
   131 307 191  79  95  99 374 125 346 301  29 283 223  57 245  27 353
   287   7  21 276 210 114 204 333 347 216 333 378 145  99 165  24 121
   227 305 161  46 382  19 361 322   0 167]
  [  0  16 178 303 216  42 188 272 245 125 108 360  65  43  88 134 282
    11 123 351 199 273 294 319 163  28 389 248  81 105  95 131 138  69
    64 228 383  27 340 360  36 113 147  79  51  59 357  52  25 194 297
    77 113 166 248 296  67 182  28 134   0]]

 [[  0 373 344 179 280 165 253 350 110  92  76 378 178 179 236 130 336
    45 386 303 233  14 313  38   8  29  37 385 151 146 194  58  44 198
   350 232 320 111 309  47 107  93 339 284 232  17   7  21 279 279 272
   165 231 302 217 280 365 210  86 269  85]
  [  0   0 127 247 107  17 342 363  59 300 233 156 190 217 126  80 151
   135 168  81  47 211  66 374 385 331 163 322 297  44 205  85 274 246
   202  25 323 202  66 163  42 228 281 135 377  71 302  80 106  81 352
    44 235 268  29 387  27 311 202 122  63]
  [  0 343   0 250 340  66  46 362 113 338  15 154 342 317 318   8  16
   222 246 273 129 191 120 104 383  98  75 164  58 315 280 127  43 158
   307  51 272 153 219 370  45 139 167  81  22  77 185 279 317  79 325
   210 160 163 374  78 332 187 332 358  46]
  [  0  67 366   0 237 192 167 109  87   2 137 254  28 234 182 345  68
   308 113 192 288 335  89   9  33 286  18 298 327 362 210 236 177  48
   151 268 121 339 104  16  57 307 312 387 389 205 194 293  81 297 161
    39 247 185 134  95 281 265 123 321 393]
  [  0 281  49 195   0  61  20 305 363 382 239 157 255 301 275 239 228
   177  99 348  67 327  70 175 154   9 222 150  93  63 377 373 129 184
   284 143 130 117  17 274  39 186 221  71  37 293 151  80 155 206   4
    93  63 392 176 298 314 261 183 116 311]
  [  0 304 212  71 149   0 182 363  26 236  86  92 109 195 328 320  58
   189 249  61 364 229 213  71 169  17 100 272 165 140 106 338 365 160
    63 211 259  91 262  99  59 103 153 111 367 314 205  42  33 204  21
   255  72 352 179 302 130 292  49 279 207]
  [  0 352  63 199  96 277   0 200  30 106 146 291 344 391 372 172  88
   307  13 158  11 173 302 303 195 229  11 232 101 219 295 352  96 311
   127 294 102 244   8 390 266 216 160 196 117   5 200 217  59 221  75
    50 256 281  69  35 177  74 137 269 238]
  [  0  48 298 334 286 275 285   0 123 233 271  88 272 141 229  72 206
    25 144 261 250  75  53   4  16   0 388 388  98 144 171 309 149 335
   205 383 123 145  13 297 164 131 247 372 169  95 212 292 257   4 108
   140 255 305   9 355 230 194 389  94 288]
  [  0 277  47  28 312  21 289 260   0  42 321 311 387  81 345 118 301
    66 279 115 270 182 240 208 280 189 344 237 280 222 214  90 282 275
   170  42  20 239 254 392 118 126 326 203 230 372  44  26 120 299  59
   169 316 296 374  45  25  70 160 334 263]
  [  0 362  80 271 337 375 193 278 200   0  71 255  19 321 204 131   0
    63 243  52 164  57  95 310  24  99 200 100 293 342 263 151 380 139
    65  31 339 125  91  31 268 310 289 237 161 363 376 172 393 217 317
   319 127 381 354  13  67  41 122 187  15]
  [  0 177 152 264 262 189 236  56 383   0   0   3 257 148  62  99 292
    66 145 111   5 207  78 289 198 148 257 372 164 244 367  39 277 322
   145 277 121 174 385 168 296 386 326  99 159  14 248 258 277   8 127
   343 167  69 173  60  70 337  58 191 392]
  [  0  99 128 180 198 332 106 331 235 159 345   0 227 222  29 270 318
   162 338 112 272 318  73  39 209  24  74 222  65 141  38 393 292 293
   390  34 341  46 171 175 139 381  54 125 242  97  52 390 154  20 372
   185 209 134  50  78 155  18 260 105 161]
  [  0 154 299 172  35 256 215 318 229  73 275 141   0 323 128 115 245
   134 367 209  43 311  40  20 324 197 178 321 158 331 231 373 198 206
   197 349 303 276 368 291 140 168 372 328 247  24 379 183 362 284 277
   129 158 176 266  58 381  60 368 150 336]
  [  0 302  31  38 372  80 140 213 371 136 284 186 290   0 107 266 283
   117 385 196 254  57 177   4  62 125 173 129 323  42 143 145 142 318
    69  97 258 391   4 358  52 316  94 301 319 160 387 220 262 284 195
    84 287 273 154 304  54 182 188  77 305]
  [  0 334 162 232 147 352 294 257 176 238  30 215  55 363   0 285  90
   362 222 351 205 364 293 169 258 115 187 119 341 129 144 213 105 297
    30 318 367 208 219 264 327 329  49 355 103 223 143 198 102 129  18
   329 214 368 204 109 365 360 168 294  18]
  [  0 103 364 334  20 167  37 173 134 353 303 321  63 349 133   0  80
    88   2   9  26 291 272 206 379 208 146 102  41 256 330 141  71 268
   327  24 322 155  74 167 276 198 301 166 342 173 186 167 129  51  93
    44  51  31  54 303   2  25  78  49 111]
  [  0  82 371 254  11 142  73 331 329 200 170   9 289 155 346 332   0
   320 213  47 238 236  47 146 372 322 277 303 212 112 212 337 171 340
   383 302 182 202  25 345  32 362 236 177 111 332  66 106 340 225 172
     2 158 128 153 210 331 303 107  75 279]
  [  0 260 298 324 198 179  74  64 211 218 275 295 377  25 278 379 169
     0 194  21 256 244 345 210 210  53 149  72 280 380 152 266 237 346
   127  50 299  36 290 170 329  61 264 261 161  48 285 210 274  18 119
   158 281 341 285  15 249 214 194 266 151]
  [  0 158  28 253 100 138  50  17 381  33  32  11 120 380 194  33  97
   221   0 287 201 271 225 200  29 239 345 198 205  46  32   6 117 150
   302 377 349 279 104 370 258 173 380  56 139 297 267 101 215 354 348
   306  49 384  33  34  81  75 277  10 189]
  [  0 232 314 293  71 226 369  80 169 374 204 372 334 365  32  59 372
   241 233   0 157 190   6 128  39 251 133  62 355 196 245 112 365  12
     4  90 131  70 152 126 193 319 260  68  93 357 200  67 263 354  48
    11  69 171   8 256  24 147 293 102 357]
  [  0 231 119 366 136 168  84  50 151 128  91 282   6 154  26 250 313
   324 326 189   0 122 392 103 331 346  12 308 283  39 291 356 283 203
   238   3 245 129  77 351 286 234  20 102 363 200 346  73 172 339 184
   267  97   1 149 224 361  21 138 235 364]
  [  0 189 205 321 100  51   0 231 324 222 338 121 164  16 353 193  19
   339 294  83 351   0 276  73 253  99 147   9 365 123 358 202 328 274
   116  94 371 201 130 320 125 218  12 172 346 224   2 150 257 354 216
   271 303 278 375 373 328 282 384 297 225]
  [  0 178 312  20 145 270 353 333 174 124 166 105  30 344 245 300 275
   351 329  11 339 346   0 141 189 393 230 360 297 170 232 207 131 105
   303 107 125 203  82 376 117 107 338  27 296 142 305 320 267 213  92
   151 373 340 202 150  42 313  25 262 344]
  [  0 122  97 271 179 232 105  52 129  86 253  78 312  91 316 235 347
    61 194 386 261  40 103   0 172  26  40 267 124 103 192 356 213 294
   141 116 331 216  16  25 139 318 375 373  81 338 179 115 273 107  32
    24 385 120 147 383 141 206 256 383  56]
  [  0 325 283 238  21 320 337 318 228  34  76  65 268 311  67  95  58
   194  75  91 340 205 232 171   0 262 156 196 133  85  87 138 372 307
   293 110 286 140  47  43   1 358 259 254 187 246 377 193 282 358  94
    75 292 312  88  18 192 224  74 324 313]
  [  0 211 342  19 225 280 264 264 202 386 193  73  57  55 201 175  84
   368  28 288 288  25  39  60 208   0 314  58 348   4 346 202 180 388
   362  54  22  20 368 152 391 163 315 332  49 231 176 268 211  13 231
   107  34 207 207 155 160 264 319 113   2]
  [  0  94 128 166 370 309  36  15 314  23 106 201  79 173 371 141 385
   361  27 322 312  95  59  82  42 215   0 232 257 256 337 210 348 283
   368 216 125 349   5 204 334 131  40  16 278 135 348  67 281  77 229
    48 235 141 273  85 221 204 181 188 170]
  [  0 110 135  14  61 230 342 326  79  47  13  87  57 235 360 340 244
   244 306 242 347 293 242   4  13  61  98   0  76 356 380 133 269  36
    25  64 338 156 114 145 116  67  50 135 260 325 134 313 138 351 348
   120  37 166  67 176  96 329 118 348  34]
  [  0  45 173 256 310 214 316  97  66 327 352 386  61 376  23 366  51
   346 177 240 289 158 248 189  39 126  62 297   0 243 262 144 189  28
    93  66   4 250 372 393 199  76  58 140 206 257  26  87 227 191 339
   182 378 188 115 183  23  99 222  67 149]
  [  0 252  49 249 186 186 349 149 201  79 106  64  52 112 354  30  30
   338  46   0 210 123 294 358 200  35 315 239  71   0 151  12 229 231
   308 320 197 307 251  49 290 243  76 118 222  66  29 283 238  62  68
   365  95 218 189 229 372 199  33 280 106]
  [  0  26  60 286  38  72 244 319  22 323 249 191 325 237 170 110   3
   247 267 165 297  87 254 284 153  16 177  61  33  31   0 178 366  22
   199 220  66 225  36 223 316 280 276 195 309  23 128  55  95 251 128
    25 245 392 344 199 155 387 361  71 159]
  [  0  57 273 224 189  26 173 242  38 164 166 385 103 319 371 113  37
   330 373 177 253 364 383 218 274  73 135   5 294 258 142   0 157 158
    69  70 182  39 211  60 379 386 130  52 319  17 219  58 221   2 232
   343 194 101 142 311 180 285  39  48 252]
  [  0 197 223 388 363  92 193 278 393  52 150  35  84 181 124 226 188
   155   1  44 284 282 292  30  23 193  55 222 231 182 165 365   0   0
   107 111 323 282 315 368   4 185 255  85 162 202 219   7 277 292 184
   117 327 367  46 210 239 366  47 163 358]
  [  0 198 190 217 341 171 260 226 315 380 212 288 328 257 194 373 265
    62 347 153  45  96 204 129  48 124 364 343  21  39  34  71 108   0
   271 286  61 366 176 189 154 291 306 149  75 101 183 254 200   2 275
   153 191 239  95   9   7 198 115  42  85]
  [  0 236 207  53   9  66  69 336  11   7 168 210 386  71  53 316 223
   287  86 382 297 363 352 279 298  30 131 379 200 202 305  91 186 345
     0  43 390 367 169 146 184 152 145 257 191 378  67 115 379 377 203
   191 179  30  42 165  26  26 386 338 155]
  [  0  16 162  79 374 383 378 185  77 273 290 391  36  79 375 136  15
    45 178 338  56 174  14 162 217 156  15 365 101 215 337 260 185 393
   258   0  31  23 139 183 334  66  25 335  92 190 344 200 120 333 132
   384 146  85 325 283 108 314 261 165 230]
  [  0 322 160  91 273 110 168 273 354 135 342  46 254  75  12 257 200
   344 341 234   0  39 152 238  13  23 274  67 179 208 168  13  61 181
   380 318   0  63   6  39   2 302 369   6 101  81 332  69  19 225 250
    98  68 120 361 300 326 382  49 232 218]
  [  0 366 243 111 189  15 361 218 121 331  32  52 349 293  25 154 287
   369   8 121 234 193 265 305  58  82 223 113 168 187 170 164 355 131
   150 226 204   0 327 311 293 197 114 247  35 317  92  19  70 146 376
   135 342 310 127 205  29  39 283 138   8]
  [  0 222 382 324 233  62 341   4  87 131 109 344 183 263  47 267 148
   199 289  85 314  68 335 367  52 284 338  17 293 117 314  42 158 301
   370 284 323 232   0 155 274 162  30 121 311 126 130 265 326  42 120
   264 377 281 357 252 251 371 206 254 284]
  [  0 162  67 193 359  46 321  54 231  25  89 298 357 137 240 384 363
    65 163 113 118 359 106 127  34 177 360  28 349 369  21 169  15 330
   100  31 184 243  73   0 202 147 235 105 377 292 353 283 225  14 134
   246 146  74 387  38  63 360 372 164  48]
  [  0 342   6  37  40 160 349 291 326 344 172  97  59 120  61 343  34
   342  92 279 234   6 310 291 392 214 311 193 258 107 391  21 134 110
   376 314  78 208  57  25   0  85  95  76 360  75  68  79 127 378 134
   253 111   6 364 188  37  60  16  97 152]
  [  0 335 339 150 236 196 152 263 299 105 191 165 273 164 163 270 153
   147 291 289 230 124 192 392  45  51  66 184 246  65 313 322  93  91
    45 242  60  25  48 177 153   0 159 357 389 258  12 365 321 321 374
    44 193  50 197  40 278 132 337  84 323]
  [  0  13 291 377  31 384   9  61 378 103  75  26 104 126 250  43 379
   228   1 140 109  92 131 372 311 199 112 120 118  68 202 102 211 293
    10 192  71 170 271 143 206  23   0 265 208 351   2  53 178 183 392
   370 340  75  69  72 259  88 358 322  31]
  [  0 221 172  65 298 166  25 146 373 205  18 338  29 313  22  47 110
   221 242  22 200 232 207 142 255 263 392  41  82 333 344 137  84 322
   375   9  12 186 352   7   4 240  73   0  12 284   0 203 315  85 210
    45 282 293 215  32 105  15 110 213  39]
  [  0  17 308 117  76 259  73 264 136 344 186  32 144  32 187 292  47
   250 153 235 204 165  87 164 165  83 289 303 268 286  69 332 173 133
   233 292 235 191 266 134  52 267 278 246   0 250  94 313 248  66 243
   326 285 286 275 110 390 303  68 120 150]
  [  0 361  26 326 161 340 168 307  55 333  58  60 104 383 165 173 129
   156 364 225 109 174  44 315 319  76 327 296  56 104  94 114  96  51
   350 111 257 210 178 226 190  60 271 125 243   0 334  75 261 371  70
   188  23 230  29 196 225 382 121 293 290]
  [  0 160   3 257  12 180  99   1 233  13 330 116 174 172  70 183  55
   281 239 385 267 178 136  43 172 393 267 134 214 252 102 386 142  45
   227  65 119 320   8  99  50  81 359 137 131  17   0 238  24 123   2
   305  62  81 108 251  85 223 289  71 138]
  [  0  88 190  48 226 307 341 120 231 391 109  82 129 172 383  48  75
   336 281 277 138 318  22 277 133 343 146 233 317 275 284 172 317  49
   294 260 332  72 114 227  25 157 183 380 245 290  67   0  82 116 367
    91 356 141 201 265 177 203 174  49  79]
  [  0  55 167 196 357  63 182 112  53 158  46 349  50  81 200 180 272
   143 265 369  98  16  89 358 308 148 100  55 157 336 140 253 157  76
   144 348  38 296 261 299 346 259 129 277 362 370 283 133   0 273  15
     0  24 120 260 351 266 365 353 129 193]
  [  0 128 242  88  87 170 219 322 350 201 144 132 354 316  98 370 267
   378 237 335  29 127 337 305 164 320  67   5 271  80 114  57  38 291
   382 342 251 327  74 319 308 287 215 353 297 390 385 199  20   0 331
   280 144 181 203 300 332  16 340 331  20]
  [  0  33  62 328 240 338 194 288 296 175 107 237   8 185 282 169 184
   388 274  64 367 123 341 367 372 377 350 108 264 366 251 190 198 380
    30 369 182 387 308  35  38 251  61   3  12 299  67 285 195  54   0
    87  85 140 243  96 181  27 255  18 323]
  [  0  49 326   7 159  40 148 122 167 169  96 247 189 202 267 284 183
   200  24  49 299 316 243 149 164  84 270 324 318 265  54 155  96 113
   282 289 153 221 193 220 107  16  16  60  63 142 246  79 196  24 256
     0 195 132 370 313 212 121 242 136 355]
  [  0 295 151 147  68 184 334 209 101  89 295  92 344  91 282 224 293
   299  23 325  25 233 112 221 132 209 367 269 351  70 196 247 305  61
   348  30 307  44 163 351  27 327 136 134 367 374  90 257 312 362 139
   240   0  72 131 329 211 371 144 281 213]
  [  0 140  98   9 305 161 335 274 361 264 191 314 388 317 334 129 226
   196 139 145  79 191 124 203 326 173 338 284  46 320 129 170  29 195
   223 161  68 392 126 139 324 121  14  74 169 276 332 240 239 110  77
   196 358   0  67 381 205 135 275  75 220]
  [  0 260 202  24 389 365 180 227 146  82 222 329   6 320 204  28  74
    29 372 278 230 273  61 336 267  47 279 141  33  98 393 383 177 375
   243 283 383 318  34  32  80 176 358 369 144 314 241  77 247 263 252
    42 188 201   0 245   3 228 321 371 361]
  [  0 257 210 303 277 265  45 160 343 212 235 162  35 355 122 119   6
   244 134 203 111 344 135  61 342   2 299 143 138 107  65 384  37 316
   386 144 306 348  86 203 379 367 110 178 204 350  86 146  70 126  67
   242 215 348 203   0 210 118  68 114  89]
  [  0 295  49 211 376 349  51 276 267  75  20 157  79 162  40 250  85
   173 324 111 323 192 153  71 304 337 291 310 259 354 232  98 167 258
   113 290 317 348  23 388 250 132 389  27 384 388 383 314 115 192 330
   294   2 295  45 368   0 192 247 160  70]
  [  0 231  15 229 364  54   1  32 195  31  17 131  99  33 376  19 199
   105 339 159  84 336  25  17  34 346 330 192 266  51  15 258 202 285
     7 162 170 363 365   2 336 224 382 178 188 177 174  59 263 142 227
   141 270 134 144  90  83   0 204  92   7]
  [  0 103 256  16 357 205 303 128 329 358 201 253  81 284 272 185  22
   260 367 391 211 269 147 216 109 315 176 297  49 262  49 314 245 319
   126   6 208 280 246  71 273 180  40 254 274 275 369 330 342  92 251
   304 176 385  55 202 238 363   0 353 110]
  [  0  15  78  52  93 201 303  14   1 183 125 334 200 254 321 208 314
   191 302 208 222  10 268 310 143 392  12 205 304 302 141 392 223 279
   368 315 270 303  27 227 351 227 152 314 367 132 171 105 340  55  90
   307 176 250   0 268 185 251 106   0 148]
  [  0  75  24 187  64 274 135 224  44   4  35  30 388 168 154  79 145
   221 239 147  84  55 241  13   1 372  91   5  72  34 128 237 312 249
   302  31  10 214  28 190 333 352 163 214 145 114 277 233 229  16  95
   116 203 325 119 224 146 297 211 340   0]]

 [[  0  98  69 309  66 222 193 117 111 151 102 253 165 341 281 233 218
   249  99 335 180 136 188 323 223 315  31 153  23 354 176  90 133 210
    10 135  36  86 223 118 201 251  56 183 133 297 267 238  15  72 207
    31 325  47 156 314 169 220 208  75 269]
  [  0   0 371 153  25  70 148 221 382 153 190  70 154   7  35 200 245
   169 228  93 255 137  75  10 207 385  81  27 289 172 125 340 390 139
   136 156 303 344 226 300 173  50 230 352 163 143 272 266 384 253 375
   390  79 280 348 354  58 109 171 371  79]
  [  0   6   0  22  61  70 118 206  40 199 279 326 147 120 275 376 269
    63 288 150 240 311 218 147 240 111 231 330 277 328 102 173 114  93
    52 386 390 125 141 339 274   0 253 284  88 198 305 142  13 172 105
   351 340  80 266 297 253 303 178 170 178]
  [  0 177 174   0 245  59 224  16 245 155 123 349 357 186 298 136  39
   259 342 280 298 157  80  87 227 142  56 113  22  54  98   7 152 375
   386 222  27 195 211 117 354 246  24 152 384 237 287  79 275 315 263
   229 150 226 109 209  37 393 342 372 112]
  [  0 257 116  47   0 151 190  55 374 227 320  16 297 351 222  63 244
    57  36 357  66 345 236 244 316  45 238  41  76 347 270 270 242 269
   306 251 153 304 278 264 235 141 129  66 288 391 198 305 252 197 244
   344 214  21  64  97  32 110 243  57  48]
  [  0 274  93  43 182   0 313   2 183 130  79 228  17   3 274  20 304
   189 150 127 388 376 116 209 186 256 238 251  11  70  88 390 310 391
    37 166 349 353  73  40 391 220 311 185  72 110 139 126  36 193 184
   333 156  53 359  53 373 196 327 385 119]
  [  0 186 363 298 256 108   0 253 356  42 384 384 312 124  52 248 109
   305  50 368 136  23   6 264 318 231 335 210 369 352 306  82 256  75
    59 382 190 278 113 101 330  90 275 333 109  19 294  35 177 185 125
   121 219  87 389  11 216   8  87 361 285]
  [  0  28 196  40 188 376 295   0 169 354 376 128 188 326  17 181 335
   283 378  72 328 102  75 249  49 301 309  52 374 303 353 332  75  39
    87 266 169 221 105 208 359 175  23  11   8 163  46 290 313 318 381
   134 380 289 126  87 328  41 214  75  11]
  [  0 217 276 203 180 198 107  92   0 280 298 196 148 360 330 127  89
   199  12 210 175 387 265 236 380 221  34 144   9 261 267 255 260 317
    92  91  22 135 112 150 170 342 158 145 141  60 187 209 215 350 166
   117 368 198 194   9 234  29 176  78 380]
  [  0 268 120 307 121 100 352 201   6   0  85  33 128 283 101 369 236
     3 369  15 285 193 356 316 172 338  82 265 303 322 136 375 290 108
   275 130 244 206  61 153  27 219 328 189  97 140 232   5 253 355 145
    14 135 269 114  52 175  45   7 104  20]
  [  0 239 243 385 136 354 280 241 392  44   0  56 257 305 360  71 390
   389  16  96 367 371 207 207 130 295 241 212 368 348 170 244 284 387
   362 351 299 155 154  16 294  80 147 193 364  29   6  49 297  53 252
   311  20  65 349 227 264 393 262 220 373]
  [  0 264 247 107  96  35 131 224 246 105  23   0 271  30 108 309   4
   350 306   3 181 329 213 218 170 174 228 134 252 133 144 194 141 154
   330   5  88  22 316   9  97   8 337 376 296 225 123 280 299   6 238
   368 384 341  60  56 227 256 305 154 144]
  [  0 335 208 198 138 281 267 228 368 153 171  83   0 390 391  86 147
    10 204 173  50  60  51  21 179  43  35  97 255 322 164  97  39 158
   378 280 376 379 104 151 114 317 254 347 169  42 280  17  41 376  48
    46 299 184  39 361  68 161 309 348  69]
  [  0 292 185 258  49  31 136 143 216 151 291  18 299   0  11 262   3
   390  61  99  53  45 261 322 266 157 115  89 338 172 254 254 106   3
   372 176 277 379 386 165  74 227 377 235 377 254  99 200 290 293 134
   300 129  52 122 302 273 389 179 174 363]
  [  0  23 198 119 213  46  84 331 225  52 244  37  72 187   0 152 294
    92 171  72 115 147  62 176 268 217 357 223 276  39  51 292  87  54
   255  37 385 290  68 132 391 281 168 331 123  58  68 257  63 194 106
   304 307 195  80 258  74 377 135 153 142]
  [  0 340   4 350 298 216  60 243 387 308  55 205 359 392  83   0 357
    67 294 347 375 387 373 200 171 101 393 215  19 171  51 345 373 371
   100  57  94  47  60 188  56 164 250 296 251 260 162 363 238 364 112
   375 208  32 319 181 165 270 332 385 247]
  [  0 257 295 333 231  18 175 147 170 304  65 267 186 231 145 152   0
   190  32 306 206  51  98 355  17 201 389  62 286 208   2 126  60  18
   115 136 219 393 186 232  23  62 302 285 123 210 129 149 207 156 114
    65  72 121 366 260 263 275 382 351 184]
  [  0 351 170 327 195 363 239 343 210 242 355 235 255  63 261  68 207
     0  55 174   3  17 134 322 253  96 258 261 131 130 137 135 174 273
   349 143  18 193 250 348  27 177 107 359 143 376 300 242  90 152 157
   188 317  58  68 390 224 165 311 284  28]
  [  0  85 366 208 324 377  53  21 340 288 291 262 162 344 352 351 258
     0   0  78 370 134 279 345 269  86  16 215 229 393 274  59   0  54
   153  28  23 196 178  64  50  13 317 143  13 164  77 257 109 113 221
   249 244  35 179 136 209 268 119 115  58]
  [  0 123 248 221 203  90 227  81 260 357   4  71 346 267 260  49 229
   318 354   0 190 338 169 312  70 245 298 173  78 130 209 344 249 102
    38 144 374 299 343 392  36  79 155 273 165 193  55 359 186 124 229
   251 205 109 135 158 269 380 152  11 363]
  [  0 196 135 155 341  90 119 283 178 198 208 278  65 338 111 327 186
   226 128 340   0 108 379 244 224  59 216 218 153 345 113  84  47  55
   258 226 378  25 262  59 230 366 388 321 252 112 367 156  26  25 283
    20 233  69 226 262 267 141 347 191  62]
  [  0   5  44 148 177 173  92 338 156 229 175 281 191 179 270 254 284
    46 214 288 295   0 113 375  29 211 306  36 105 389 285 227 161 232
   103 372 114 132 378   5 355 356   9 325 147 254  45 147 357 251  72
    80  94 203 292 246 391 214 256 182  19]
  [  0 244  59 112 209  77 191 246 139  97  98  39 142 213  34  52 215
   249 392  32 323 120   0   7 134  28 310  13 287 241  60 321 350  92
    94 246 339 208 189  13 243  64 119  75 157 354  26 112 264 214 298
    47 307  50 109 351  99 146 350 169  18]
  [  0 318  58 356  74 223 125 275 353  12  70 233 232 139 334 193 167
   138 247 238 122 354 171   0 117 103  60  91 225 303  56  45 131 266
    89 228 199 354 265 158  33 324 282  34 320  11  39 288 164 367 180
   133 265  74 188 370  70 152 242  47 211]
  [  0 128 181 305  88 353 331  96 279 342  50  15 192  99  41 348 289
   176  91  30 251 175 119 242   0  98 303 342  80  27 348  87  56 344
   311 230 197 287 194  18 287 202 146 220  74 185  63 156 289 338 169
   349 286 316 133 246 327 189 154 280 176]
  [  0  72 184 381 302  63 240  83 281 107 381  61 352 350 325 158 186
   129 330 341 220  43 370  67 359   0 320 380 227 267 216 279 156  63
   354 212 230 315 248 169 190  72   6 282  75 359 240 222 209 353  16
    46 262  86 273  21  73 164 124 122 225]
  [  0  37 352 157 152 170 301 262 230 390 193  64 270 385 338  36 189
    31 138 191  37 146 352 145 255 326   0 192 332 379 375 385 332 148
   270 245 143 240 190 120 281  41 113  52 321 383 215 123 265  37 194
    46 127  35  76  94 133 208 317 176 101]
  [  0 344 216 152 263  17  87 188 135 102 271 356 337 147 309 219 297
   112  60 362 328  94 351 224 137  73 102   0   3 235  33 307  94  82
   329 339 168 127 140 228 353  55 208 248 386 155 106 159 270 238 172
   349 347 118 375  45  38 196  68 290 260]
  [  0 146 124 175  56 359 178   8  40 301 391 342 333 358  24 231 337
    73 175  55 210 259 274  81 156   8 299 388   0   1   5 321  77 233
    89 169 109 232 346 379 214  34  95  45 346 194 240 187 378 111  40
    25  97  45  76 261 132 356   0 324 243]
  [  0 279 232 291 351 253 291 344 107 147 302 224  19 346 243  99 137
    15 215 347 322 309   5 243 261 199 364 376 289   0 228  73  50 189
   170 195   1  96 288  37 151 207 393  62 285 320  59 214 278  30 198
   225 330 390 380 117 207 104  96 321 274]
  [  0 174  22 384  57  65 216 348 333 182 281  16  36 284  99 145  89
   222 305  63 110 337   8 172 384  27  21 312 291 252   0 305  87 339
   379 169 254 364 147  95 236 282  62  25 226  88 194 137 166 103 349
   297 321 114 187 184 295  15  17  49 100]
  [  0 307 240  69  89 292 180 142  70  43 336 278  98  41  35 145 223
   235 257  82 371 291 126 246 391 286 124 115 237 348 109   0 151 201
   174 208 244 381 249 293  89 215  33  73 274 171 235 327 386  81 359
    79 190 255  88 379  59 283 199 133 247]
  [  0 190 390 126 238 289  26 149 363 310 155 216  20  52 178 161 170
    30  80  40 329 227 258 297  78 169 257   2 276 151 302  60   0 246
   267  39  88   8  56 294 320 374 368 335 127 229  97 115 116 112 309
   318  30 344 196 303 270 140 203 125  85]
  [  0 287 256 105 366  60 363 152 336 107 193  24 335  36  49  78 102
    53 115 154 287  41 353 147 254  44 153 166 363 318 335 135 359   0
   368 247 101 261 340 214 223 313 341  75 344 331 213  81 335  94 141
   334  97 233 347 376 121 202 328 335 341]
  [  0 269  33 191 285 250 234 154 375 138  23 225  78  74 102  11 270
   321  53  89 116  18 122 162 195 378 115 145 325  54 202  95 358 336
     0 319 259 231   4 244 247 140 327 376 323 195 313 136 317  70 351
    31 117 140 155 229 100  41 374 106  11]
  [  0 219  77 342 275  46 391  16  96 348 386  79 270 144 212 126 191
   153  44 176 310  32 264 261 184 164 115 109  95 391 281 374 371 159
   201   0 106 158  36 107 329 122 128  21 179 359 259 245 291 331 206
   305  63 291 107 218 381 207  57 211  98]
  [  0  25  26 165  99  81 285 230 332 148  41  97 196 130 265 235 313
   121 294 288 293 237 134  82 325 368 296  58 380 257 380 233 296 143
   372  42   0  64 295 339  58 363 347 221 377 217  16 295 176 225 209
    92 309 195 312 153  63  21 316 364 284]
  [  0 163 360 371 184  43 229  18 148 345 139 275 341 374 160 168  47
    15 108 260 217   9 137   5  80 136 256  22 302  29 139 381 352 281
   310 320  66   0 343 175 256  50 212 297  79 285 333 237 370  26  24
    46 365 128 299 355 328  35  60 182 299]
  [  0  17 108  70 260  27  30 290 381 320  52  89 241 186  97 228 196
   343 291   1 141 200  81 128 182 218  39 187 142  48 134 301 165   8
   297 353 306  78   0  49  57 187  30 384 114 227 235  75  46 326 138
    91 218 171 113 384 210 233  38 100 156]
  [  0 380 339 300 318 272 288 274  46 296 288 168 158  48 304 343 313
   329 388 339 136 151 188   1  21 360 169 109 170 248 343 232  86 243
    57 312 236 247 305   0 226 269 280 202 296  74 386 160 251 363 275
   359 180 250 130 103 277 204 346 317 135]
  [  0  28 368 190 149 373 388 111 257 390 264 199 232  64 383 235   6
    77 113 363 228 379 371 235 139 148  89  78 173 297 173  29  43 354
     6  13  82  60 357 211   0 234  17  92  14 167 103 359 196  60 118
   171 297 327 221 276 128 279 244 284 215]
  [  0 239 314 335   2 106 190 266 385  11  45 338 121 307  68 355  33
    47 292 381 281  40  93 247 331  74  76  90  25  51 138 211  43  85
   334 198 294 204  26  99 241   0  95 359   3 179  95 168 354 257 237
   211 299 268 301  67  80 114 234  60 386]
  [  0  42 218  97 128 201 284 382 139 202 315 140  63 201 351 145 130
   132 198 118  60  34 129 333  86 295 333 182 173 373 392 223 284  75
   267  90  87  65 100 179 315 362   0  20 214 209 241  83  44  87 366
   186 313 101 192 110 334 220  41 262 376]
  [  0 371 204 371 272 146 179 273 315 104  94 231  76 195 277 222 133
   352 209   3 250 366 282 237  82  10  70 223 202 352   6 276 233  25
   314 385 157 141 338  38 151  54 244   0 265  22   0 262 112  27  36
    30 387  10  28  61 291  19 340  83 234]
  [  0 226 147 342  68 256  64 360 381  17 277 166 155 162 115 391   9
    97 300  11 316 336 179 348  89 277 222   0  64  59 389  95 156 160
   115  28  31  79   0  66 356 299 269 136   0 199 169  43 355 305 259
   159 155 303  65 309 104 286 266  30 342]
  [  0 178 368 312 208 253  50 124 343 315 120 220 149 133 141  62 238
   255 216 382 346  52  73 314 236 325 243 117 145 155 281  33  31 368
   366  27 387 391  10 375 329 179 322 104 100   0  77 111   3 103 104
   109 266 281 297 224  52 343  32  91 264]
  [  0 351 370 352 165  41  23  19 353 195 341  86 330 109 255 341 265
   224 341 246 100  49  97  75 138   0  15 300  23 159  50 321 359 199
    72  43 140  17 307 116  50 304 174  67 239  61   0 165 148 143 239
    22   7 178 363 119 266 218  79  70 153]
  [  0 280  89 285 383 365  52 287 326  86  97 141 119  22  77 143  31
   302 283 110  79  31 132 334 134 208 309 139 252 287  76 325  31 273
   187 325 101 328 343 133  16 325 244 181  62 338 193   0 204  41 152
   214  27 296 135 384  12  54 135 349 275]
  [  0 244 304 379 172 305 242 364 183 277 346  92 385 285 267 231 108
   132 256 339  97 341 225  61 350 339 166 223 167 271  97 121 352  13
   190 196 347 279  35 201 193 313 154  89 211  34  41  78   0 195  34
   379  21 172  14 138  35 316 243 255 380]
  [  0 372 182 129  60 209 239 120 329 239 287 168  84  12 162 315 341
    29   5 355 294  14 198 212 281 283 112 372 164 228  12 368   6 242
   166   7 299 360 326 241  14 229  89 260 308 319 276  48 374   0 235
   227 375  40 241 173 154 147 291 383 114]
  [  0  96   3  48 135 364 238  46  37  66 305 253 134 388  84 359 264
   345 330  63 392 151 361 275 132  92 305  59 158 179 216 361 253 333
   147 187 131 207 156 273  98 128 302 333  75 215  98 171 386 386   0
   283 385 216 179 285 389 248 328 244 235]
  [  0  23 213 281  53   1 114 385 325 189 283 206  29 186 313 154 226
   254 295  81 393 194  50 116 152 155 171 315  77  32 253 164 122  39
   238 163   8 256 321 314 240 305 349 299  59 353  32 136  63 260  52
     0  85 322 238 303  93  95 339 269 334]
  [  0 338 207 328 189 151  12 148 303 256 295 204 107 373 115 139 357
   349  75 223 354  22 240 117 245 371   2  96 371 181 121 291 223 188
   117 342 367 363 124 186 227 162  33 185 352 331 145  44 239  53 301
    92   0 389 327  45 154 247  19 214 190]
  [  0 372 271  26 196 152  61 247 151 318 209   1 172 242 275 371 157
   332 392 336 390  65 226 332 170 322 327 252 132 119 264 243 230   0
   230 363 116  22 181 117 247  13 106 347 267 117 162 196 103  73 295
    14  23   0 277   9 335  11 192  65 162]
  [  0 209 241 297 100  25 389 204 289  50 220   4 114  17  70  94  66
    80 157 363  47 104 132  83 232  21 393  62 241 239  82 379  18 246
   118   6   6 264 373 138  69  93 217 230 178   8 196 317 338 346  38
   124 244  23   0 186 243  71 241 355 257]
  [  0  67 173  83 266   9 102  78 251 376 316   1 321  66 239 245 361
   211 225 315 127 257 200 115 119  63 304  44 296   5  87  69 227 320
   132  74 355  61   4 288 338 194  26 162  88 300 129 173 369 305 137
   284 217  19 354   0 372  63 151 108  17]
  [  0 340 251 131 170 297 106 319 241 133 185 199 265 321 188 225 166
   351 262 365 128 279 296 249 299  57 184 143 133  98 202 368  74 127
   140 196 161  55 112 357  33 131 372 250   6  50 292 315 218 296 280
   289 139 338  34 235   0 108 225 116 389]
  [  0 168 147  82 326  83 275 274 180 317 243  33 201  16 119 382  95
    61 162  32  89 142  88  50 188  58 292 261 348 105 128  58 348  99
   195 316  60 246 354 142 286 220 103 292 372 265 100 194 295 232 205
    22 197 384 352 214 248   0 265 239  30]
  [  0 167  67 376 268  32 298 151 135 146 259 242 261 306 118 315 209
   338 320 154 229 111 254 110 189 255 263 295   9 332 373 333 135 366
   137 289 353 300 183  41  26  19 163 198 348 147 357  46 368 280 323
   199  93 116 319 153 376  56   0 263 133]
  [  0 226 271 315 257 270 240 300 344 161  11 222 386  63 181 123 197
   362 233 167  48 187  10 199 283 167 210  66 213 208 315  50  55  83
   189  25 126 214 276  69 248 361 391  16  12 197  91 181 325 294 380
   142 379 292  23  78 154  46 168   0 370]
  [  0 254  93 234 358 370 208 318  11 188 381 285 375 233 185 349 351
   324 233 166   3  26 176 281 170 196 346 260 159 262  97 353  71  39
   220 227 142 241 278 304 124 190 231 137   8  90  41 178  63  43 106
   326 361 265 321 123  75 209 359 160   0]]

 [[  0 331 201   0 383 130  91  17 356 351 240 108 207 113 151  93   3
   112 154 382 100  26  18  99  60 343  75 137 178  52 144 304 270 209
   214 159 185 244 363 139 303 216 256  82 234  91 175 108  89 145 383
   340 258 193 344 176 127   9 362 234 345]
  [  0   0  99 291  13 228 107 131  90 136 162   1 253  34 300  71 262
    67  64 312 275 121 139 220 299  10 381 118 384 290 257  93  15 152
    59  54 373 103 253  50 287 377   2 370  65  62 283 348 283 136  22
   365  38  96 357 370 250 227 377 244 239]
  [  0 358   0 170 260 304 338 181 251 145 331 237 151 162 139 129 283
    25 100 134 374 299 243 161 231  68  13 342  37 341 389  34 338 342
     2 346  45 172 203 285 126 365 113 223 354 268 389 259  24  38  51
   214 169 122 330 154 234 346 111 269 228]
  [  0 393  75   0 253 182 298  70  18 114  36  73  35 333   4 181 115
   209  10 229 147 305  32  98  75  48 103 115 247 154  99  15 348 309
   374 301 156 311 168 267  49  98 307 170 276 206 292 179 194 202  33
   171  84 345 261 341  88  26  84 392 304]
  [  0  17 374 329   0  77 273 382 321  76  17  65 302  74  63 290  95
   172 240 143 143  89 387 295 221 111 236 378 360 208 371 281 294 310
    71 272 177  65 333 230 229 223 375 188  44  64 311 352 190 343 123
    80 160 375  40   1 103 175 117  53 234]
  [  0 186 211 149 168   0 275 169 163  57 215  76 368  60 383 337 246
    91 250 192  97   0 328  22  86 369 313 236 355 302  66 236 261 267
   332  69 195 166 256   2 107 235  43 175 136 180 314  69  62  86 188
   282 316 164  37 245 162  28  40 186 220]
  [  0  77  37 338 191  45   0  28  98 105 127 109 222 240 133  83 293
    54  52 156 359  26 289 305 209  26 228 198 266 343 239 182 240 268
    42  41 213  82 244  59 342  93 206  48  14 110 102 192 260  65 266
   203 286 185 287  64 357 249 135 149 276]
  [  0  65 211 256 252 379 169   0 233  16 169 236 150 188 377 339 140
    96 188 112 313 142 276  23  17   6   9 283 375 265 298 160 370 311
   105 217 352 196 381   2 384 332   4 261 202  50 310 196  79 130 112
    61 246 210 137 344  67  14 278  48 162]
  [  0 241 388 214 188 250 208 319   0 276 162 299 133 197 134 167 116
    12 223 221 156 196 283 337  87  20 381  81 364 181 373  52 354 262
     2 238   2 347 149 329 287 384 164 170 268 208  90 172  17  42 255
   277 360   9 351 257  13 212 287 110 246]
  [  0   5 147 192 172 299 100 317 390   0  95 185   7  18  34 383  90
   278 103 274 238 360 155  79 372  26  80 230  26   9 144 193 118 353
    35  61 270 289 330 333 199 329 322 288 158  25 267 127  33 243 294
   273  71 106   8  51 267  79 376 249 327]
  [  0  25 237 320 328  46  37 249  47 318   0 141 207 305 127  33  67
   361 294  44 284 194  55 104  40  73 204 125 288  24   6 220 328 322
   218  97 235 391 370 164 318 390 382 115   5 259  39 119  64 308 310
   384 203 254 122 165   8  58  47 319 160]
  [  0   6 312 385 212  56 103  97 201 385 293   0  76 334 289 329 125
   359 163 249 143 149 162 182 381  70 100 222 160 253 239  19 257 210
    10 187 210   0  90  54 363 344 238 209  48 194 145 252 259 323  49
   180  79 135 289 335 127 377 344 306 125]
  [  0  40 376  96 346 254 187 208   2 284  91 377   0  59 383 371 266
   261 307 263   5  50  14 145 365 338 325 290 235 226 163 299 351  97
   168  78 106 332 349 226 140 228 132  78 222 154 303 188  67 219 264
   127  80 311 115 172 178 200 386 333 161]
  [  0  36  64 336 303 130 264 193 103 131  87 192 259   0 174  73 214
   345 380 238 238 339 350   3  94  22 334  12  13 365 359  77   5 191
   137 197 281 180 207 153 292 278 319 181 177  43  97 362 321  58 205
   298 322 169 344 178 160 205  64 364  84]
  [  0 205  30 314 277  48 389 326 249 285  34 168 268  62   0  54  99
    13 310 111 322 242 148  28 144  81 284 202  89 230 258 364  89 240
   124  37 310 117 298 273 233 167  35 312 324   4 179 210  54 388  87
    89 135  39  62 338 224  43  82   1  41]
  [  0 355 168   0 229 226 354 308 132  55  74  30 176  77  47   0 264
     7 256 325 308 266 182 298 143 311 166 305 273  78 233 272 116 351
   372 187 150 282 248  79 207  60 232 373 283 123  42 390 351  80 260
   256 269 114  39  28 319  58  75  24  61]
  [  0  65 286 130 383 361 211 316 227  43   1 281  36 166  88 326   0
    53 386  48 177 366 123 325  32 301 156  80  84 277 107 351   4 357
     2 242 334  47 139 377 352 243 134  79   0 104 161  42 235  19   6
   238 234 183 383 375 182 175 218  52 211]
  [  0  40  29  57 358  38 154 230 151 173   8 162  17 293 356 141 189
     0 244 106  47 127 276 248 371 150 382 194 172 249 376 172 114  62
    60  77 205  71  67 110 225 276 216 334 326  60  98  75 384  34 332
    78  19  52  33  82 224  41 268 352  15]
  [  0  51 344 244 310  78 213 115  54 167 225  97 192 376  45 129  21
    25   0 208 328 254 293 115 358 352  48  37 350  67  87 337 177  58
   306 202 324  80  80 126   8 224  46 170  23 178  22  49  49 202 130
    27 267  60 206 136  61 176 290  75  17]
  [  0 219 116 156 355 262 188 230 272 103  50  45 225 105 213 289 272
    18 323   0 296 235 153 363   1  23 317 369  59 254 207 209 136  98
   117 220 236 356 209  93 283  62   9 208 212  46 150 226  38 338 209
   383 225 160 349 247  99  14  71 322  91]
  [  0 195  27 231 369 186 205 338  66   3 305   5 185 253 352 269 106
   348 376 317   0   1 118 156 182 173   6 212 267 272 387 356  24   7
    79 332  26  78 125 269 150  65   5 210 128 130 220  34 350 168  18
   337 206 301 290  66 274 267  57 377  59]
  [  0 111 380  82  15  61  71  59 330 372 226 288  40  69 385 258  16
   274 327 270 271   0  67 211 197 326 130  53  61 306 136   1 230 272
    23 385 225  44 298 250 366  71 365 287  49  70 257 158  83 303 132
   347 261  94 347 114 232 326 296 189 242]
  [  0 306 173 231 329 297 304  23 332 367  91  57 191 272  37  65 226
    80 366 231 193 267   0  92 218 263 292 100  43  99 289 231 327  45
   209 338 392 355  19  75  19 170  40  37 214  32 202 142 218 109 358
   111 240 126 135 179 204  63  70 335 225]
  [  0 348 179 338 254 308  93 112 197 338 349 328  20  61 104  56 312
    67 391  52   8 352 300   0 278 264 132 198  71   7 341 161 304 105
   271 152 353  57  51 286  58 204  87 326  94   4 346 352 347 303 237
   125 348 297 277 391 318 320 358 166 193]
  [  0 352 390 228 130  81 229 190 177  88  51 212 233 149 380 215 158
   291  45 307 235 334 276 329   0 292 297 227 123 297 315 206  64 300
    33 242 211 262 365 199 111 171  73  89 307 356 133 168  89 313 209
   232 315 172 147  75 223 124 323 346  41]
  [  0  33 276 121 180  12 117  79 195  62 278 366 292 158 168 162 351
   164 175 238 195 329 175 286 260   0 118 179  46  66  23  66 270 136
   364  12 281 221 243 187  17 350 106 271 389 103  98 328 375 206  30
   153 235 340 317 251 267  37  12 290 252]
  [  0 313   6 240 304 280 147 115  10 329   6  79 369 143  99 298 111
   337 312 277 321  74 136 107 131 273   0 325 213  34 285 125  34  69
   331 245 263  95 214   7 322   0  83 283 118 313 263 141 195  87 138
   350  17 282 280  89 207  97 390  98 303]
  [  0 105 256 147 263 130 120 264 228 389 237 317 336 109  12 264 224
   103   3  86 146   4 186 355 247 281 380   0 238  35 287 141 211  20
    98 110 271 212 187  81 276 386 190 191 153 200 132 257 144  76 326
    71 207 186  74 297 351 105  62  18  57]
  [  0 338 255  24 168   9 380 214 219 103 290  91 253 268 233 381 345
    28  38 295  57 320  33 291 359 283  70 181   0 239 338  54 209  11
   264 106 260  59 244  33 274 326  24 327 328 121 116 101 165 379  82
   161 390 102 107 361  80 391 358 268 391]
  [  0  37 233 393  32 382 335 324 160 312 311 389  86 342 319 390  36
   360 103 200  20 185 133 137 385 201 261 241 290   0  94 283 133  86
   261 183 141   2 229  35 170 387 142 273 231 216  14 322 124 303 344
   107 237 149 380  99 360 256 179 132 350]
  [  0 236  32 292   0 378 237 126 148 295 384 247  38  57 287  90 153
   378  92 119  42 140 220  44 264  55 242 204 356 240   0   2 391  75
   139 188 102  81  82 299 152 303 190 198 364 370 252 163  64 294  57
    81 127  61 351 121 391  87 244  37 160]
  [  0 277  89   2 113 207  91 256  32 203  38  88  39 137  39 104 180
   105  19  21 258 216 287 146  29 186 392  98 203 254  28   0 176 232
   376 108 120  25  66 172  98 363 182 344 130 358 190 164 127 134 135
   196 302 312  87 171 157 341 253 269  78]
  [  0  56 386 188 190 191 150 200  16 214 378  97 247 105 222 229 135
   232 119 384 233 231 125 263 198 220 386 265 107 320 255 188   0 163
    13 383 375 236 242 156 115 134 118 260 158 358 162 231 342 354 142
   365 367 126 134 309  20 335 115 223 256]
  [  0  41 306 141 239 195  23 102 141 102 259  43 144  45 246 330 371
   334 219 138 254 358  59 314  38 385  83 302  58  49 185 151 219   0
   194 123 115 347   3  66 202  46 276 185  93 231 123  28  72  23 210
    46 280 254 273  14 124 163  17 174 103]
  [  0 213 361 274 346 284 233  81  78 273  33 158 109  90 191  63 374
   256  32 154 127 325  49  96 173 390 207 294 121  33 102 177 199 179
     0 104 132 175  35  39 288  44 221 110 142 328   2 128 277 226  86
   362 350 387 322 285  94 288 167 174  73]
  [  0  22   6 355 345  87 373 272 188 223 120 214  10 297  96 290 125
   174 201 338 326  47 357 375 271 107 211  77 292 387  47 233 116 114
   208   0 261  77  49 376  83  12 337 276 112  76 175  32 231 232 262
    65 365 207 126 288 304 220 310 235  23]
  [  0 319 112  97  41  77 321 216 199 357 122 374 211 379 200 148 152
     8  39  72 337 388  68 259 374 156 343 365 239 328 314  83  73 308
    14   8   0 222 252 154  63 388 352 126 341 348 373  14 283 134 136
   195 351 160 179 353 291 355   1 383 355]
  [  0 199  96  65 351  92 202  16 168 227 140 226   1 204 391 355 139
   130 293 332 220 282  95 351  70 338 325  68 201 205  93 141 127 331
   328 366 174   0 305 383  24   4 317 363 234 135 372 107 116  35 213
    72 153 293  65 115 371 136  25 276  82]
  [  0 102  50 294 329 146 368 235 162 382  99 385 332 265 308 235 266
   175 362 284 165 294 129 222 287 164 112 114 305  21  86 355 184   8
   298 300  72 309   0 289 139  31   3 250  99 221  68 221 231 138  59
   375 183 386 304 185  13 186 276 146 343]
  [  0  84 240 160 240 209 209 345 373 356 142 183 328  17  68 280 204
   316 162 267 352 175  46 166 251 251 139 331 308 139 379 278 128 263
   277  78 330 141 247   0 302 306 113  95 316  19  71 162 294 248 138
   142 193 187 370 135 174 226 143 341 268]
  [  0 137  97 356 280 314  29 178   2  89 311 291 374 213 106  89 137
    41 176 138  43   7 314 216   0 119 384 260 344  85 254 292 332  29
    92 116  78 215  80 111   0 310 168 143 139 324 327 196 123 390 302
   144  53  93 257 182  96 326 183 267   9]
  [  0  78 393  78  84  27 270 336 192 371 308 191 348 235 235 110 262
    30  79 161 305  44  79  40 135 179   7 230 337 157 158 264 123 256
   105  35 198 117  33 301 344   0 213  51 349 130 326 166 103 179 244
    80 133  63  38 302 268  22 378 324 164]
  [  0  98 321 119 106 358 288 204  25  10  39  42  15 218 103  25 379
   200 261 166 379 250  23 203  70 345  36  47 185  85  89 249 362 231
   181 385 150 194   5 305 145  66   0 126 272 303 278 209  13  63 351
    42 290 338 173 250  49 123 268 159  11]
  [  0 373 345 185  56 272 332 167 214 246 176  27   1 335 314 116 360
    99 255 258 381 229 350 223 229 371 314 313 350  32 208 252 335 377
   152 130  12 118  21 291 349 277 291   0 365  44 340 268 311  96 179
   273 223 199 129 166 263 299 294 208 178]
  [  0 388 279  15 119  71 132  99 306 220 296 351 167 367 157 312  92
     3 123 209 162 179 392  72 366 307 347  79 157   4  21 280 317 110
    54 368   4 197  55  78 104 163 151 269   0 325 315 187 284 390 370
    28 314 255 370 362   6 169 167 385 179]
  [  0  53  77 299 258 350 147 305 169 188 191 342 291 369  30 119  65
   261 366 167  21  39 211  62 347 102 231 331 139 164  22 250  95 344
    31 129  74  17  32 292 220 165 385 166 290   0  67  47   2 234 265
   118 391 362  76 209 244 146 202 384 230]
  [  0 300   9 356 371 284 238 192  32 334  76  27 112  12 293 318 380
   329 269 227 146 270 155 257 163 372  16  86  74 379 309 217  84 379
   287 284  44 302 242 303  21  66 260 360 267  33   0 265 365 331 180
   131  51 336 214 224 143 236 142 138 224]
  [  0 110 246  59 121  89 308  43 382 287  46 207   6 346 329 119  62
   128  75 258 149 276 225 129  33 240 272 294 103 177 263 246 152 328
   253 393 310  43 228  95 302  49 222  93 242 328 382   0 197 116  74
   267 317 147 184 263 382 307 102 341 248]
  [  0 132 270  91 373  12 187 328  91 274  75  25  24  88 115 254 209
   364 289  39  35 128 175  30 174 245 200  18  74 332  38 252 342 231
   111  26 238 203 102  32  87 390 221  80 219 154 178 332   0 156 134
   201 303 332 379 202 162 325  39 164  61]
  [  0 112 170 324 221 250  33 232 140 261  23 148 228 380 236 231 116
    79 286 262  64 356 392 317 291 127 256 322  51 111 142 349 256 294
   205  96 111 219  97 127 274 201 103 317 384  41 161 158 164   0 136
     5 340  58 364 133   7 169  58 205  72]
  [  0  40 223 165 315  12 222 267 146 337  68 175 231 200 194 327 212
    35 150  73 170  33 390  69  84 364 333   7 300 333  14 269 201 347
   355 281 375 159  14 303  14 384 310 357 373 249 364  84 302 393   0
    73 344 360 183 175 123 106 233  19 137]
  [  0 189  35 287 156 198 126 290  39 295 292 179 323 209 114 271  87
    71 295 370 364 206 367 265 210  36 156 150 325 219  56 369 272 138
   207 385 320 269 310 123 312  80 239 251 344 279  46  81 157  73 116
     0 257 134 366 217 190 321 392 323 290]
  [  0 357 270 315 164  99  85 147  80  64 126 238 174 136 288 334 367
   151 318 359 247 124  18  84 288 180 338 392 321 181  80 181 292 144
   356  26   4 177  55  28 258 263 227 130 153 294  71 389 365 223  10
    77   0 275 282 364 200   9 229  40 149]
  [  0  99 131  51 279  39 153 381  40  84 297 230  25  33  67 311 373
    62 311 246 345  13 335 274 283 339 305  81 187  70 120 224 272 187
   350  35 228 246 256 328 292   1  45  27 110  95  36 189 231 373  61
   264 247   0 214 128  75 228 330 371 133]
  [  0 142 298 203 168 141 336 297  31 286  22 317 142 123   9 264 261
    34 107 235 137  96 177 169  91   0 311 290  11   7 138 159 100  86
   199 145 304 300  29  38 225 158 263 357 208 108  21 144 128  29 185
    44 337 120   0 296 303 156 360 294 111]
  [  0 220 202  50 280 202 233 130  35  12 339 274  55 312 363 162 386
    52  43 351 180 176  39 282 173 383  67 252 277 248 149  10  54 335
    27 221 164 346 204 260 144  43 165 344 278 366 338  59 131 203 281
    17 152 161  24   0 340 270 337 251 155]
  [  0 331 362 238 161  52  58 129 388  22  74 251 351 244 149 342 243
   319 151 361  73 118 249  79  75 303 155 172  53 144 223 167 181 110
    34 190 218 361 232 342 345 287 304 316 181 260  38 142  27  99 248
    44  97 370  20 291   0 115 279 376 281]
  [  0 229  64 307 153  84 220  49 184  14  69 142   0 341 378 339 362
    90 370 221  25  22 385 324  87  66 295 171 219  29  29 233 243 375
   294 360 331 184 206 222 101 294 201 206 110 177  56 195 221  94 266
    18 264  55 236 156 335   0  79  70  57]
  [  0  54 313 391  59  16 281  77 385 314 331 169 295 278 294 155  92
   261  89 290 316 166  34 172  55 315 204  17 139 252 366 327 317 346
   107  49  52 110 141 347 158 202  26 140 315  70 111 222  60 211 320
    67 163 168 141 315 208 313   0  30 141]
  [  0 175  10  69  26 200 367 241  58 229 265 231 276 235  34 238 138
   343  55 107 387 274  59  19 336   7 138  26 323 174 249 113  20 310
   295  48 360 280 342  96  67   8 361 145 243 332   6 152  36 147 294
   336 268 377 128 293 232 262 229   0  12]
  [  0 225  20  58 251 335  48 351 317 172 195 213 201 190 350 367 164
   332 260  95 141 116 211 220  22 274 345 174 107 262 325 268 256 242
   309 321 166 101 349 330 217 334 173 320 286  57  28 306  24 266 298
    34 310 100 216  83  49 240  33  98   0]]

 [[  0 385 176 207 270   5 322 369 334 272 101  86 209 338  86  85  36
   263 237  80 168 238 204  78 128 186  96 172 301 242 302 381 159  25
   109 133 246 125  67 359  13 124 211 216 154  45 209 360 390 177 283
   355 286 356 228  59  23 242 267 326 177]
  [  0   0  36  14 236 368  22 234 340 162  14 270 311  74  24 383 233
   316 290 327 187  87 156 292  40  72  75  16 184 314  71 172 326 121
   340 103  33 340  96 201  47 234  57 252 305  67 378  30 354 356  69
   237 295 101 218  52  66 213 110 313 208]
  [  0 147   0 372 331 181 290   4  57 317  50   9 355 147 349 282 359
    83 176 232 179 122 322  84 229 122 347 176 343  16 127 137 316 353
   293  91 227 302 294 382 364 179 276 327 249  22  19 255 387  13  29
   370 378  77 156   3 137  28  58 113 231]
  [  0 358 366   0 127  79 195  62  35   8  96 333 155 133  57  10 354
   326 392 116 350  62 387 226 232 228  80 322 213 226 232 306 314 200
   139  20 121 217 260 379   3 179 331 264 197 205 308 238 350 131 225
   222 313 323 345 286  20 188 304 308 191]
  [  0  63  97 312   0 379  46  11  59 380 148 239 120 379 262 359  94
   331 100 311 161 158 341 268   7  34  34 182 368 349  87 107 215  62
   197 383 146 282  74 381 359  88 389 123 392 392 200  34  11 307 315
   164 381 212 271  95   9 249   0 361 330]
  [  0 140 335 171 287   0  31 279  74 117 343 289 324 118 351 259 148
   308  29 337 173  29 249 124 372   2  93 365 337 309 246 378 242 311
    44   2  86 223 177 276 331 225 329 140 368   2 224  34  17  48  13
    68  70 261 331 266 273 136 231 214  37]
  [  0  29 146 140 108 224   0 316 331 325 171 311 165 139 290 342  85
   285 380 392 252 314 245 117  36 384 165 303  79 170 177 358 381 393
   107 281 334 236  83 195  27  92  76 362 204 342 376 162 109 318  62
   242 311 306 166 170 380 273 246 122  98]
  [  0 317 232 192  10 227 299   0 233 241 283 272  44  55 119 383 185
   220 182 227 309 357 355  87  49  69 344 270 151 281 355 106  77 131
   245 208 371 298 110 130  34 380 320 183 235 272 146 148 378 188  76
   316 180 297   3 125 128 323 385  26 382]
  [  0  73 367 262 197 105 266 176   0 217 201 242  40 165  46 114 118
     5 315  42 227 310 310 266 162 344  86  53  43 242 204 247 136 153
   162 222  68 307  47 301 352 151 316  38 113 135 140  74 339 293 327
    76  17 139 199 259 119  86 273  80 255]
  [  0 200  94 120 218 280 385 169  94   0 241 357 284  78 179 372 177
   293  34 177 247 352  56   1 381 220  62 192 342 160 191 169 260 166
    33 353  82 161 126 248 116 113 188 389  56 216 257  45 381 249 376
   256 377  49 147 289 300 360 199 389 180]
  [  0 281 256 357 320 141  42 143 347 214   0 357 383 288  20 259  60
   117 187 335 291 153 130  43  11  67 299 205 213 372 226 291  28 125
   101 376  40 247 210 117 110  87  12  65 226 332 307 197 225 365 316
   180  98 191 246 374 358 340  13  20  10]
  [  0 375 162 262  32 147 112 106  56 346 356   0 165 218  49 302  27
   302 331  78 120  84 112 295 127 159 287  61 117 387 303 260 250  48
    13  27 188 280 219  38 285 340  67 166 148  14 241 391 348 187 128
   173 237 201 114  17 190 161 247 292 164]
  [  0 387 224  53 179 195 101 328 143 120 280 300   0 287 252 236 160
   119 136 274 371 168 239 388 308 297 267 188 295  60 155 153  56  42
    28 343 369 277 137 357 253 139 199  24 269 173 240 310 321 134  30
   376 293 362 319   3 337  17  16 198 348]
  [  0  69 319 332  29  46 216  42   2 367 215 197 315   0 309  46  33
    22 346   6  87 127   9  25 375 157 345 125 111 160  38 227 339 159
    42  59  59 205  27 130 215 228 237  57 350  50 101 365 317 314 393
   114 157 144 148  38 339  94  23 357 135]
  [  0 360 146 127  85 252 171 240 383 353 156 340  87  41   0 362 322
   311 200 256 379 214 123 186  47 193  43   9  50 184  31  91  53 181
    92 136  81 315 332  95  80 211 222 182  94 271 184 367 152 368  70
    78  10 266  75 154 380 273 252 222 392]
  [  0 346 314 167 196   8 326 364 153 239 167 263 128 312  18   0 107
   122 179 118 225 196 393 313  23  17 115 200 235 213  93 338  31 314
   343 357  90 260  61 225 195 184  83 299 371  62 190 388 364 391 219
   277 305 346 355 242 150 103 187 210 167]
  [  0 211 321 264  20 167  27 229 192 123  67  62 266 286 111 360   0
   390 320 326 273 374 232 203   7 267  13 361 372 276  68 174 310 120
   247 358 374 158 147 303 270 270  41 304 377  74 187  83  57 160  28
   316  46  50  90 374 141 392  18 312 104]
  [  0 231  77 172 307 347 189  28 199  18 133 340  39  72  98 367 100
     0  66  76  95 272 272 123  67 288 276  87 178 111  78 363 316 209
   316  91 384 361 167 317 230  23  24 337 219 311 266 217 358 155 386
    37 213 100 219  27  63 332 212 360 313]
  [  0 215 198 382 311 161 211 323 149 350 115  76 372  68 320 212 129
   222   0 218 265 353 145 178 362 392 392 323 208 303 184 142  68 171
   253 127  53 202 131 236 341 130  15 314 174   2 224 230  28 186 389
   286 167 242 369 373 309   5  28 126 251]
  [  0 307 114 200 190 189 392  84  28 209 282  71 217  95 365 300 159
    12 318   0 288 293 355 153  58 284 238 214 334  17 269 286 270 392
   344 277 336 368 279 388 211 229 274 392 278 124 143 380 180  78 209
   114  87 273 116 117 273 205  90 222 241]
  [  0 117  49  82 110  64 195 233 329 390 275 325 177 392 364 210  67
   114 143 362   0  48 308 352 235 251 135  91 370 316 364 360 384 269
   126 359 225   7 114 129 393 320 250 158 171 311  15 152  78 207  51
   321 183 275 271 301 245 306 179 357  77]
  [  0  97 224  61 138  44 199  14  92  88 141 297 234  41 226 256 121
   217 124 203 155   0 183 297 116 252 141  66 261 116 139 332 208 105
   282 158 120 262 348 347 188 166  56  55 204  97  17 147 141  12 160
   179  11  34 317 151 309  23   9 288 326]
  [  0 159 155  94 386 106 218  14 342 149 282 237 305 324  75 210 358
   136 196 358   3 191   0 220 364 334 154 178  77 171  70 333  38 264
    11 251 375 161 119 170 354 197  56 213 189 221 392  74 214  80 359
    97 279  30 392 134 131 265 286 364 353]
  [  0 240 258  71  40 310   6 272 281  53 372 191 198 319  34 387 239
   114 253 172  95  47  61   0 143  56 100 168  54   7  37  56 115 138
   125  85 317 343 325 112 156  46 276 343 179 189  43 149 264  41 234
   295 175 271  74 352 291 306 347  45 392]
  [  0   2  38 311 107 234 346 319 370 100 135 293 236 289  54 223 321
   228 145 359  45   0 180  40   0 196 230  98 188 381 197  50 154  25
   111 182 183 173  81 359 111 152 155 136 215 212  13  33  72  84 290
   238 101 371 385 118 125   1 125 279  69]
  [  0  63 246 354 336  45 280 347 391 187 227 117 331  40 203 264  66
   245 237  54 105 137  84  79 211   0 204 227  88 301  35 150 333 178
    19 323 136 265 389 200 157 363  50 331  61  58 199  97 367 246 158
   181 151 158 275 334 185  98 178 355  72]
  [  0 133 150 106 287  19  13 216 373 154 357  34 287 114 178  99 205
   101 336 171 187 119 333 313  24  32   0 334  38 152  85 335 268  61
   240 361 185 211  44  57 207 288 213 259 161 349  11 241 198   9 190
   357 320 132  86   4  56 318   2 383 251]
  [  0  74 374  28  24 378 309 113 385 255 141 234 362 194 320  17 205
   328 221 158 256  70 272 126 158 371 140   0  45 227   4 137 350 190
   237 178 124  13  71  73  49 355 258   6 263  55  68  37 348 339 116
   189 129 258 190 345 207   6 382  79 343]
  [  0 281 328 227 127  51 357 341 366 258  49 236  63  94 306  65 354
   289 347  78  34 265 143 218 114 323 193 161   0 119  47 188 133  82
   357 250  72  45 105  99 176 386  85  44  93 109 303 293 220 382 260
   292 393 259 324 100 101 209 279 270 349]
  [  0 375 295 334 104  50  89 261  90 327 126 196 348  27 204 157 144
    24  56  54 263  21 289 385 232  86  60  99  88   0 265 344 333 380
   348 282 351 211 383 183 174 219  22 119 360 128 347  25 137 269 187
   142  49 135  35 218  40 295 292 302 264]
  [  0 362  15  96 247 187 356 241 282 309   4 306 318  52 198  65 361
   158  77 240 141 344 354 251  22 215 255 389 387 328   0 161 368 153
    68 169 271 210  83  23 155  68 117 250 366 243  69 392 237 182  22
   377 311 307 295 344 128 260 152 134 314]
  [  0 221 300 362  99 177 386 212  67  14 248 347 325 340  59 150 237
   163 358 302 200 354 127 283 357 218 251 278 153 142 175   0 111 231
   134 166 194  14 326 112 251 308 239 256 273 173 234  71 237 317  34
    67 119 139 316 290 222  33 279 379 257]
  [  0  38 269 359 190  75 162   1   8 370 317  86 170 271 271 235 312
   237 368 146  92 271 135   8 262  36 101 258 182  14 145 282   0 146
   166 348 348 360 295 350 190 361 105 359 200  10 388 371 388 205 181
    82 276 361 226 360 269 124 318 340 166]
  [  0 240  49  35 257 356 235 127 128 182 165  43  23 209 376  69 358
   160   1  48  27 222 263 126  97  59  39 103 368 355 233 381  85   0
    92 157 324 345 159 389 251  77 386 261 120 231 188 354 217 301 231
   320 281  69  55 289 137  78  79  86   3]
  [  0 173  15  25  62  65 242 288  39 305 293 331 165 372 294 159 315
   225 186 284  87  88 353 225 103 136 179  36  31 337 225 198 226 131
     0 215 392 317 293 304  63 356   2  19 193 167 341  21 310 130 270
    37 166  98 277 263  76  74  90 258 302]
  [  0  55 383 178 191 319  87 354 151 264 222 301  81  33 325  11 272
   303 342 325 326 326 155  46 223 306 232 133 187 324  85  60 260 238
   215   0 147 382 217 132 237 122  22 293  41 128 263  55  50 375 387
    19 160 230 177  13 249  86   0 346 352]
  [  0 316  98 113 294 388 100  92  16 317  95 278  51  65  10 291 187
   286 349 124  29  61  80 173  42   7 263  27 127  55 153  34 146 188
   213 152   0 331 282 371 218  97 266  45 300  29 104 356  57 257 150
   249 379 363 181 310  62 126 193  78  14]
  [  0 303 110  19 291 371 334  93 191 107 106 152  87 301  44 109  65
   326 277  67 146 252 154 352 125 118  38 242 239 114 252 334 122  26
   301  77 163   0 187 265 126 228 303 144 283 278 151 338 373 252   4
   288 177 252 144 259   7 280 168 365 289]
  [  0  68  58 328  85 160 162 284 326 131 376 312  86  47 139 188 202
   116 279 272 147 200 278  78   5  56 116 245  25 205 214 389 379 243
    22 242 302 138   0 284 208 311  28 220 185   8 175 216 302 392 309
   355 176 150 349 324 124  28  71 343 247]
  [  0 298 284 249 365 362 178 288 170 390 151  55 246 309 232 129 119
   128   6 314 136 124  43 284 330 293 302 143  72 348 319  65 152 190
   378   5 255 322 110   0 299 315 372  46 254 330 330 282 188 367  53
    94  86 290 278   6 389 144 353 359  43]
  [  0 316  90  75 369  20 217 154  96 137 293 126  46 280 351 244 276
   279 168  94 300 214 198  16 286 284 273 216 117 249 331  74 150 364
   202 203   0 167 138 106   0 379 125 370 178 285  80  59  91 243 325
    11 361 179 368  95  96 130 359 316  83]
  [  0 223 227  97 222 393 111 309 216 351 258 177 147 327 345 359  30
    51 312  89 259 382 290 286 199 199 280 295  91 226 289 179 374 195
   266 223 156  61 122  13 236   0 221  54 120 331  73 221  99 125 384
   375 232 215 215 374 331 316  12 196 141]
  [  0 231  11 189 119 365  20 289 109 158 174 377 303 136  13  57 165
   171  57 203  49 235 123 189  37 252 106 295  73  63  67 265  88 299
   279 226 234 334 247 304 293 215   0 324 288 189 286  79 231   0 357
   342 312  74  92 309  12  54  41 355   9]
  [  0 138  76 296 263 307 173 225 246 392 173  19  14 294 274 123 254
    28 247  37  68 186  89 104  69 108 112 237 119 308 214  93  70 349
   351  32 376 167 123 174 211 257  13   0 365  28  71 130 378 306  11
    83 346 140 379 365  89  14  95 312 200]
  [  0  54 121 327 165 387  69 266 183 102 288 183 189  43 282 181 296
   343 319 334 128 267  48 224 214 110 307 309 136 113  15 379 328  66
   271 133 179  80  88  16  38 225 316 200   0 355 347 172 377 379 147
   304 100  15  68 349  58 270  78 112 214]
  [  0 337 319  18  40 325  73   7 216 336 252 279 264  50  33  62  12
   294 392 188 187 348 272 369 182  82 316  65 290 147 280  14  97  56
   218 225   3 274 334 376  73 337 155 123 105   0  17 233 102 359 387
   272 102 390 188 296  96 335 186 271 212]
  [  0  23 187 234 329 361  83 169 208 187 252  94 290 199  72 393 116
   126 361 161  84 385 197 307 273 329 106 174 140 107  49 246 337 338
    49 219 114 109 374  62   5 155 373 137 192 177   0 297 367 367 292
   265 360 255 380 339 154 289 112 255 358]
  [  0 116 386 317 288  32 164 163  11 217 212 258 311 240  81 324 304
   371  98 306 238 246 339 252 375 200 186 235  84 298 263  15 318  23
   133 392 100  51  88  51 218 108 291 230 223 208  60   0  52 167  57
   280 180 106   0 105 346 392  62 189 160]
  [  0 320 206 154 293 190 379   2  52 282  72 386 135 329  21 182 353
   102 321  54 381 331 290 156  28 316 187 209  18 237  67  16 189 136
   140 197 258 242 151 390 246 139 250  49  72  81 302 279   0 210 136
   362 111 245 382  57 328  98 187 238 273]
  [  0 348 248 196 351 135 165 138  29 117  61 146 119  55 314 285 255
   188 304  28 292   0 220 240 193 269  40 110 309 165  11  57 309 252
   339  35 282 208 374 371  10 311 175 374 210 342 142 293 129   0  72
    71 245 308  14  70 322 333 256 162 194]
  [  0 194 306 216  78 203 120 330 158 385 109 187 345 114 192 365   6
   234 138 312  16 100  26 182  50  22 344 349 311 148 132 337 367 384
   157 361 158 231  78  23 389  95 357 249 207 234  70 372 319 388   0
   101  21 165 106 359 375 182 143 222  71]
  [  0   4 108 274 341 263  68 106  95 357 211 270 292   2 185 228 235
    61 322 334 159 172 284 136  42 239 202  96 235 373 355 267 207  85
   201 383  72 152 235 373 335 169 383 273  48 173 105  91 106 201  27
     0  57 256  86 146 341  77 143  79 253]
  [  0 136 367 153  47 301 172  93 138 376  32 319 260 202 275  20 380
    76 213 340  70 229 323  45 312  67 228 212 224 200 223 392 148 136
   274 351 287 230 298 382  75  48 349  86 300 180 184  96 158 274  59
   353   0 379 368 119 235   9 341  51  63]
  [  0  29 266 146 105 105 327 232  74 120  91 344 134 139  84 181 176
   124 287  36  35  14 231 244 201  18 153 223 169  30   1 230 200 265
   379 279 221 154 379 313  11  62 306 107 330 188 146 125 189 150 211
    72 389   0 158 191  47 136 182 371 101]
  [  0 236 126 126 112 141 117  73   3 276 363 339  76 101 339 168 204
   110 243 212  86 326  24 268 179  68 296 365 390 251  26 180 105 209
   188  37 235 309 316  59 101  42 275  59  10  87  47 320  64 194 187
     0   1  98   0 392 220 223 363 334 324]
  [  0 316  25 172 304 113  79  77   1 148 198 214 285 269 152 321 173
   172 189 206 105  49 181 217  44 111 134 135 318  18 352 390  99  87
   287 387 338  70 185 240 320 368 129 171 140 341 380 132 247 326 180
   333  84 204  82   0 132 179 365 238  30]
  [  0 309  68 120  54 285 237   8  66 360  30 134 230 107 103 213  39
     3  91 357 326 200 320 202 291 178 146 306 228 254 348 229 357 134
    51 244 289 206 321  41  81 224  91  43  60 260 183 123 244 224 306
   214  92  38 192 344   0 144 236 275  13]
  [  0 328  90 132 226 136 208 389 240 188 101   6 189 124 360 124 214
   114  26 342  86 115  70  46  28 347 200  10 152 234 255  88 139 175
   242  50 141 188 169 315  41 121 351   0  82  36 283 144 170 180   8
   264 115 141 193 224 283   0  69 140 126]
  [  0 278 320 311  75 271 190 393 230 220 220 324 280  33 246 351 292
   356 282 128 185 112  79  47 187  54 127 370 355 146 103 184 211 366
     0 257  45 378 262 159 388 255 236 184 157  69 199   6 161 263  61
   109 328 223 391  99 222 314   0  49 373]
  [  0 247  14 300 116 355 252 103 141 370 351 112 165  36 261  37 268
   275  47  69 312 127 355 301  82 292 125 275 379 213 275 115  16  15
   249 322  16 212 198  99 230 241  90  12  59 105 323 324 207 245  95
    33 321 303  31 325  30 264 240   0 123]
  [  0  99 254  54 253  51 294 302 287 129   7 364 202 203 324  31 191
   264  35 375 389 218  35  23 115 331 124  53 263 272 251  94 176 332
   295 243 235 351 244 154 180 182 373  51  38 289 260 128 140 142  11
   233 363 333 158 108 286 149 230  34   0]]]
release_time
[  0  12  29  70  59  20  50 144  57 139  93  94 332 127  93  53 205 106
  41  25 128 152  87   8 114 112  64   4 105 262  26 119 134 128 156 108
  94 330  98  53 123  72  19 113 118  88 125  67 113  94  61 116  87  57
  77 177   9  61  15 288  85]
due_date
[  0 481 146 121 147 149 160 156 158 151 157 130 334 127 129 138 241 121
 125 152 139 154 132 126 130 140 126 160 305 361 141 123 160 129 157 146
 156 438 151 142 149 122 150 148 148 125 151 143 154 127 129 138 126 177
 136 418 130 123 122 480 157]
unit_emission
[18  7 14 16 20]
emission_limit
45785.4
setup_severity
2.0
due_tight
0.9
due_range
0.25
release_tight
10
degree_constr
0.2
