param: 
proc_time: (1, 100)
setup_rate: 0.5
setup_time: (15, 30)
delivery_time: (1, 100)

mach
5
job_rate
5
fam
8
setup_rate
0.5
proc_time
[[  0   6  29  41  51   5  41  62  30  62 100  27  50  82  52  49  62 100
   60  80  54   5   9  34  98  36]
 [  0  20  81  84  92  85  83  63  67  30  69  70   3  49  42  24  44   1
   54  52  36  79  38  44  82  87]
 [  0  29  51  41  86  64  88  48  77  97  22  99  17  86   5  61  89   6
   53  81  95  17  59  97  39  54]
 [  0  37  48  68  78  77  27  88  27  72  63  52  47  21  57  75  95  91
   42  48  27  72  33  76  35  98]
 [  0  36  66  76  91  56  17  20  85  94  84   8  18  18  18   2  76  96
   72  51  10  75  14  26  47  30]]
setup_time
[[[ 0 21 24 18 21 25 22 20 20]
  [ 0  0 24 16 26 19 19 21 30]
  [ 0 28  0 20 23 18 25 28 20]
  [ 0 26 23  0 26 30 15 22 15]
  [ 0 18 17 18  0 21 27 28 23]
  [ 0 24 15 29 24  0 23 18 26]
  [ 0 28 17 27 23 19  0 20 15]
  [ 0 15 27 28 30 21 24  0 22]
  [ 0 25 22 28 27 21 27 25  0]]

 [[ 0 16 27 17 27 26 27 19 18]
  [ 0  0 22 22 25 21 15 24 29]
  [ 0 15  0 25 28 19 17 17 18]
  [ 0 21 26  0 18 19 26 28 30]
  [ 0 20 23 30  0 22 16 29 18]
  [ 0 25 15 22 17  0 20 21 16]
  [ 0 15 20 26 17 18  0 29 23]
  [ 0 16 30 16 16 20 16  0 30]
  [ 0 21 21 28 27 16 21 24  0]]

 [[ 0 28 16 19 28 20 23 20 24]
  [ 0  0 24 29 20 23 24 21 15]
  [ 0 28  0 29 26 16 17 26 21]
  [ 0 21 28  0 17 27 16 29 27]
  [ 0 15 23 24  0 23 29 29 18]
  [ 0 24 20 27 21  0 28 20 15]
  [ 0 25 28 20 19 17  0 17 25]
  [ 0 27 21 22 28 17 17  0 24]
  [ 0 21 25 23 28 20 29 27  0]]

 [[ 0 24 15 21 16 21 17 23 27]
  [ 0  0 22 27 30 30 26 16 25]
  [ 0 21  0 20 20 16 17 18 17]
  [ 0 17 28  0 23 18 20 15 26]
  [ 0 26 30 17  0 18 21 18 25]
  [ 0 28 21 16 24  0 22 29 27]
  [ 0 29 26 20 16 18  0 29 21]
  [ 0 24 16 24 29 19 25  0 25]
  [ 0 29 19 22 28 20 29 29  0]]

 [[ 0 28 25 18 19 26 18 15 17]
  [ 0  0 26 29 21 25 17 23 30]
  [ 0 20  0 22 17 18 28 20 16]
  [ 0 26 25  0 30 21 16 25 19]
  [ 0 18 23 27  0 29 16 21 27]
  [ 0 30 21 15 22  0 29 29 19]
  [ 0 30 27 19 21 20  0 29 26]
  [ 0 18 22 25 28 22 15  0 16]
  [ 0 27 15 25 17 24 26 22  0]]]
delivery_time
[[  0  44  55  80   5  46  76  45  21  78  22  30  23   5  63  93  59  94
   82  52  65  39  81   3  42  71]
 [  0  28  54  95  15  53  72  70  92   4  94  17  34   6  36  99  39  80
   66   8  15  63  91  80  65  59]
 [  0   7  74  76  81  12  79  46  32  32  90  78  90  61  69  61  46  68
   92  55   1  77  67  49  25  16]
 [  0  13  52  36  72  44  83  47  80  76  20  18  54  12  25  60  75  86
   34  13  38  12  36  28  91  39]
 [  0  43  91  31   2  82  90  42  31  61  56  86 100  83  14  14  29  81
   50  50  63  73  65  68  71  11]]
job2fam
[[1 0 0 0 0 0 0 0 0 0 0 0 0 0 0 0 0 0 0 0 0 0 0 0 0 0]
 [0 0 0 0 0 0 0 0 0 0 0 0 0 1 0 0 0 0 0 0 0 1 0 0 0 0]
 [0 0 0 0 0 0 0 0 0 0 0 0 0 0 0 0 0 0 1 0 0 0 0 1 0 0]
 [0 0 0 0 0 0 1 0 0 0 0 0 0 0 1 0 0 1 0 0 0 0 0 0 0 0]
 [0 0 1 0 1 0 0 0 1 1 0 0 0 0 0 0 1 0 0 0 1 0 1 0 0 0]
 [0 1 0 0 0 0 0 0 0 0 1 1 1 0 0 0 0 0 0 0 0 0 0 0 0 1]
 [0 0 0 0 0 0 0 0 0 0 0 0 0 0 0 0 0 0 0 1 0 0 0 0 0 0]
 [0 0 0 0 0 1 0 0 0 0 0 0 0 0 0 1 0 0 0 0 0 0 0 0 0 0]
 [0 0 0 1 0 0 0 1 0 0 0 0 0 0 0 0 0 0 0 0 0 0 0 0 1 0]]
unit_cost
[6 7 7 9 6]
pre_factor
0.5
