mach
5
job_rate
12
weight
[ 0  7  5  3  7  6  6  6  8  9  5  1  4  3  9 10  5  4  6  6  2  5  2  5
  1  8  2  3  6  4  5  2  9  1  3  4  8  2  2  6  6  8  7  9  1 10  2 10
  4  5  1  9  8  7  6  4  5  1  3  7  2]
proc_time
[[  0  73  72 147 100  65  87  60 115 121 142  81  74 107 140  55  89  50
  101 121  84 135  66 115  61  70 132 122 141  58  67  61 129 130  68  94
   64 103 135  89  87 125 125  83  90  88 150 133  73  87  89  80 138 115
   58  68  62 126 119  74  78]
 [  0  62  92 114  52 143 118 111  82  79  51 103  80 137  78 145  71  53
  115  78 139  96  96 111  89 111 150 147 112  52 106 117 100  60 135  67
  108  99  60  72 108  53  69 102  54 104  79  65  55  84 137  79 113 150
   96 139  51 110  71 134 115]
 [  0 103 142 105 131  69 117 101  71  87  81 116 107 124  76 105  80 140
  147  55 141 109 112  85  85 127  77 122 142  81  98 139 133 122  81  86
  109  55  98 149  87  66  68  79  70  90  73  50  87 129  50 147 143  73
   54  87 121  50  94 148 130]
 [  0 137  98 101 139 114  76  81  75  80 133  90  53  56 108 134  51 121
  131  59 109  71 130  98 106 129 137 130  54 123 135 118  98 102  64  76
  124 107  75 128 108  58  57  97  71 142  73 128  96  73  71 120  89  78
  127 106  59 150  93 141 102]
 [  0  78  86 108 100 132 108  55 116 134 121  57 132  84 132  75 103  62
   68 101 139 109  58 105 103 142 109 134  86 124  70 148 121 103 138  62
  149 104  55  79 100 140  92 132  71  59 123  91  66 105 140  63 138  67
  124  57  83 122 126 104 110]]
setup_time
[[[  0 351 268 307 222  11  99  94  85 269 266 331  13  66 287 176  77
   287 356   2 368 134 270 395 252 235 325 358 121 280 282  54  14  20
    43 160  88 175  10 235 228  35 158 380  99  65 223 257 307 136 362
   329 298  60  36 192 366 182  64 195 322]
  [  0   0  55 194 373 161 302 269 244 277 317 136  96 368 352 131  95
   141 274  97 170 138  59 162   6  65 128 313 366 143 321 178 245 257
   245  66 251 123 168 318  33 385  29 334 190 328  37 170 376  11 289
   176 221 186  32  61 246 242 143 118 105]
  [  0 330   0 229 207   6 394 310  93  48 377  13 248 295 195  91 161
   278 275 370   9 378 367 278 305 348  17   5 205 122 212 222 367 190
   334 353 203 244 316 283 298 240 294 149 365 326  79 385 183 187  27
   236 346 367 156 154 392  24 272  72 295]
  [  0  91 170   0 117 114 341  59   1  65 229  36 386 388 307  10 109
    78  89  93 123 166  74  50  48 250 134 395 177   9 285 176  92 137
   359 314  32 268 372 116 304  44 344 307 117 175 319 331 315 251 216
   251 119 139 364 392 347  74 363 316  92]
  [  0 138  47 321   0 335  75 134 304 204  31 374 121 368  27 333 199
    45 186 224 349  87 252 360 149  39 181 161 111 282 380 303 169 142
   293 149 206 207 141 317 358  97 287 286 323  57  54  63 235 316 127
   260  97  17 138 325 359 105 328  31 200]
  [  0 164 209   9 265   0 346 189 317 171 129 321 297 132 112 350 299
    57 394 301  71 130 364  19 345 184 323 310  23 264 162 172 252  70
   225  44 122 241  69 161  42 365 389   7  40 181  85 226 346 115 208
    60 329 248 282 275 368 181 136 247 375]
  [  0 270  81 277 249 277   0 296 137 166 291 136 309 252 330 290 173
    42  64 364 144 104 329 136 360 192 268 260 389 234  61 132 128 290
   133 133 339 328 230  87 303 104  38 211 126 288 301 357 165  84  75
   111   8 137 323  45 343 319 144 170 111]
  [  0 218 267 176  39  22  37   0 152 137 272  36  10  83 344 113 177
    47 294  16 167  93 114 371 124  59  72 358 138 390 371 331 359 236
   389 162  12 245 117 101 232  50  24  86 155 239  12 282 249 159  43
   254 347 131 357 378  50 257 298 356 300]
  [  0  40  66 254  43 116 246 184   0 364 379 135  15 298 199  97 139
    31 143  57 224 327 334 111 147 151 113 175 217 270 226 187 302  47
   116 246 327 294  57  82 249  82  85 146  41 385 283 173 376 206 320
    88 206 348 244  26  95 236 184 157 106]
  [  0 209 100  84   2 296 120 119 389   0  26  32 312 272   2 190 108
    97 279  28 157 363  65 345 141   8 317  76 270 156 101 126  12 191
    86 123 268 188  31 394  67  50  90 178 306 309 205 349 294 100 175
   351  97 329 275  21 236 193 293 268  55]
  [  0 394  32 240 337  79 379 208 119 111   0 132 320 232 165  13 316
   342 336  72 193 185 256 255  48 186 343 347 184 154  30 136 149 114
   354  71  71 145  88 140 385 151 370 329 178 172 230 218 307 268  28
   189  80 221  62 203 216  85 145  97  22]
  [  0  60 317  65 108 133 295 120  84 213  55   0 217 231 266  46 206
     1 328 306  12  41 379 222 150  65 338  81  65  99 203 200 379 311
   128  41 344 127 226 275 315 321 285  19  72 269 273 351 150 127 254
   266   7 265 234 184  23 384 166 328 302]
  [  0 127  47 194 360 368  92 371 193   6 246 391   0 130 303 115 175
   279 238 319  39 280 338  47 265 340 229 322 275 323 374  63 217 392
   154 318 168 201  78 148 238 282 284 303  15  25 198 377 325 111  57
   354 114 346  91 181  47 178 118 136  47]
  [  0  85 282 170 238 318 295  81  98  71 110 144 351   0 386 257 315
   214 344 388 284 132 262 349  85  43  12 201 159 212 152 368 109 214
   314 214 215   2 353 253 203 174 320 296 280 375 379 349  35 247 205
    49 384  67 117 325  46 117  43 358 226]
  [  0 351 129 234  65   8  73 361 354 216  74 259 253 137   0  41 388
   118 236 346 221 249 227 394  38  29 107 275  79 127 396 378 181 343
   119  30 236 127 331  45 239 205   3 241 293  62  12 283 267 125 267
   265 186  69 134 181 295 300 230  23 233]
  [  0 267 128 360 345 129 301 194 394 142  93  15 195  87  47   0  35
   192 392 297 196 331 100 378 272  81 333 193 214  12  95 203 146 208
   182  20 203 104  94 151  81 203  61 189 374 129 308 185 289 314 334
   276 327 295 293  93 300 321 344 361  40]
  [  0 243 232 268 194 285 331  26 317  73 197 375 303  25 164  89   0
   209 168 195 115 383   8 140 198 362 281 115 367 174 148 204  38  40
   138 151 217 267 253 200  12 324 128  53 267 395 163 196 190 390 379
   214 231 173   8 384 204 193 147 184 308]
  [  0 340 132  24 200 284 263 380 167 270 318 240 136 186 110  87 101
     0 233  99  90 330  64 369 362 393 194 213  39 318 297  12 255 243
    16 240 140 132 196  86 178  61   3 205  51 371 111 251 382  52 394
    83  71 357 383  56  24 129 391 183 301]
  [  0  71  91 122 280 212  56  90 340  55   6 189 269 298  50 328 330
   214   0 295 260 107  74  29 327 223 274  97  27 334 148  25  91 372
   221 208 330 276   3 356 142 167 181 367   1 200 159 285 241  54 100
   346 261 347 143 282  96 189 332 337 155]
  [  0 149 140 264 135 176 320 310 192  78 355 190 268  68 126 182  68
   200  88   0 151 130 177   9 283 374 111 242  86  96 380 107 147 360
   266  32 199 208 372 139 172 271 218 220 305  88 253  35 201 111 304
   325  22 388 103 111 339 113 356 103 343]
  [  0 150  29 171 292 289 344 163 150 243  32 394  87 191 146  93   8
   283 363 152   0  92 216 187 323  74  81  90 340 257 191 250 186 136
   316 347 375 369 199 346 211 202  19  53 302   6  33   0 249 279 189
    12 266 337  92  77 120 190 118 201 310]
  [  0 348 259 225 337 331 366 373 362  71  83 256 189 150 132 242 322
   223 243   5 304   0 149 239 321 173 330 115 210 245 187 118  28 393
   319 226 135 200 100 290 158  78  87  54  87 147   9 253  21  89  61
    64 246   0 314 279 333 169 304 200 279]
  [  0 283 331 386 278 163 145  76 242 103 174   1 385  17  73 236 124
    66 236 329 191  64   0  69 196  63 320 393  76 196 105 349  71 198
    96 192 153 125 389 336 178 387  94 325 121 331  40 238 147 158 313
   238  74  98 368  88 359 182  88 155  59]
  [  0  30 241 248 179 297  99 170 197 335 243  84  79  73 139  75 193
   225  66  23 138 330 303   0 367 354 137 295 199 214 284  69 390 300
   199 258 382   6  93 307 283  86 242 174 168 216 222 389 150  77 126
   104 126  39 240 177  14 371 210 337 202]
  [  0 296 345  11 168 142 219 392 118 183 393 274 267 113 242 235 347
   179  51  68 295 200 126 283   0  36 355 254 284 240 268 228  83 203
   181 287 142 363 117 347 228 154 207  31 220 200 175 309 129 168  27
   300 379 141  48  69 253 390  80  54  40]
  [  0  66 200   9 394 371 284 210 113 126 108 213 264  45  66  42 119
    83 370  60 211 269 257 130 252   0 212 219 341 148 219  37  61 246
   214 350 383 119 206 102 308  32 334 268 391   2  54 342 271 386 119
   156 280 296 219 184  26 251 385 304 156]
  [  0 248 281 110  98 209 188  55  52  38 261  94 219 325  46 111  32
   374 223 311 189 202 389 291 168 252   0  82 311 256   9 127 107 317
    95 313 269 373  23 175 381 195 115 108 261  27 112 123 177 123  61
    88 108  57 377 103 212 233 128 320 216]
  [  0 252 230   4 195 220 157 369 284  17 251  57 118 341  80 282 277
     6 162  48 387 357   4 369 212 186 363   0 175 121 148 353 183 155
   394 121 306 102 348 264 131 101 150  77 220 321 109 148 119 347 239
    90 166 216   4 274  16 128 267 190 393]
  [  0 163 221 152 328 266  75  30  74 155 272  60 215 263  21  95 291
   336 156 194 148 241 328 156 155 364 151  86   0 198 152  12  79 106
   223 212   2  81 364  55  90 358 381  36  62 191  66 330  98 191 143
    53 124  83  36 205 254 297 158  30 376]
  [  0 187 363 319 151 294  15  35 172  93 274 293 206 134 232  65  72
    53 324 127 279 391  23  36  88 215 343 305 305   0 159 351 150 273
   313  16 243 352 156 155 169 298 288  96 289 284 196 109   8 110 218
     3  29 275 228 154 375  15 169  61 233]
  [  0  64 187  98 111 221 372 327  81 302  95 191 237 364 163 278 235
   205  18  85 178  31 320  22 219  25  35  45 123 316   0 103 253 275
   273 261 335 354 203 145  28  77 285 381 343 127 364 372  26 306 239
   310 190 299 308 370 307 159   8 223  13]
  [  0  82 190 350 273 137  70 280 394   4  46 145  44 313  80 159  78
   128 222 318  71 242  54 203 119 348 103 101 236 214 298   0 177 223
    86 164 119 235 384 212  16  77 337  16 167 220 357 285 338 208   7
   150 199 319 255 331 358  78  39 230  65]
  [  0 305  12 272  58 281 390 365 138  39 347 236 169 291 388 336 341
   301 218 102 221  16 123 330 217 292 206 335  61 215  46 367   0 351
   305 230 142 127  56 116 312 223 329 193 366 276 162 157 310 305 382
   324 188 389 396  58  53 387 345 352  40]
  [  0 341 220 242 206 187 286 252 303  35  93  12 327  52  70 365  58
   188 321 383 362  43  51 204 220 361 154 173 259 359 299 276 305   0
   109  37 368  93  71 237  90 296 345 369 185 145  70 129 346 135 306
   297 319 382 178 357  23 369  89 218   8]
  [  0 231 367  21  87 252  83 359  30 363 114 222 309 204 319 185 217
   277 225 339 301 301 364 245  95 362 126  18 273 376 162   4 271  49
     0  81 274 221   6 118 196 383 237 340 372  23 251 110 128  72 343
   240 176 268 316 108  49 176 209   1  37]
  [  0 104 366 385 254 252 251  36 280  42 375  15 248  98 269 345  22
    93 303 143 327  29  38  99 274  42 106  48  81 350 318  50 147 320
    15   0 261   0 351 340 183 368 321  56 220 353 362 214 333  34 276
   312 395 186 326  85  69 210 258 250  72]
  [  0 337 319 229 113 187 191 368 115  30 200 207 365 369 185  49  60
   253  87 243 328 163 117 343  14 377 285 240   2 280 268 116  46  48
   300 320   0 362 194 149 202 352 182 260 297 376 295 102 223  41 115
   340 364  59 264 239 115 107 377 230 149]
  [  0 287 320 268  33  84 268 379 116  46 311  30 273 149 234 292 154
   225  84   9 144 321 282 268 103  42   6 365 395 272 213 220 184  91
   318 150 372   0   4  34 241 315 391  31 196 367  14 368 179 383 112
   155 291 217 336  33  94 252  25 116 390]
  [  0 353 393 166  73 176 159  89 200 290 260 228  97 196  79  54 192
   246 370 359 100 180 321 237  56 147 111 176 254 126 242 150 132 202
   265   8 170 258   0 343 153 310 368  96  65 364 107  48 151 255  80
   132 179 305 253 122  58 360 233  35 192]
  [  0 215 358 123 197 313  86 302 355 193 113 186 140 163 355 138 363
   152  33 237  33   7 290  47 162  19 296  89 289  44  72  38 117 197
   161 189  65 135 320   0  20  96 235  59 339  65   6  40 159 255 358
   336 108 179  90  83 144 300 209  67 295]
  [  0 314 351   2 250 329 360  89 265 115 259  75 315 375 135  69 329
   385   7 271 203   5 155  50 392 272 251 309 144 193 325 348 315 151
     0 257 133   2  70   4   0 286 364 221  27 100 357 278 370 216 132
   208 195 361 325 191 246 237 348  85  15]
  [  0 277  37  43  74 329 360 392 363  51 199 294  69 111  56 126 221
   271 377  20 287  16 377 379 157 329 384 198 129 154  59  91 200 373
   385 216 217 387 277 332 144   0  12 134 218 285 358 181  10 373  23
   384 157 280  88 367  51 156 334 314 289]
  [  0 314  86 334 243 146  21  60   6 219 131 111  39 198  84  49 367
   326 377 211  38 350  91  27 290  70 251 302 347 260  75 361 287  61
   387 194 344 199 357 145 280 181   0 275  28 225   3 320 283 376 338
   200 381 169 102 104 289 170 320 226 124]
  [  0 339  33   9 146 195 196  95 181 168   0 287 378 218 260  61 223
    76  89 374 224 162   3 254  64 188  74 173 156 379  62 276 119 338
    50 101 216 269 360 196 167 220 344   0 277 321 259 243 232  96  74
   217 130  84 181 203  59 248 116 219   5]
  [  0 312 250 187  81   3 282 344 380 166 391 102 267 238 221 119 271
   179 385 125 209 392 354 254  39 122  89 382 142 211  97 384 257 246
   306 123 325 161 145 388 198  30  13 124   0 308 301  44 129 175 182
    45  50 393  34  81  15 135 271 395  49]
  [  0 278 221 269 152  63 188 391 384  83  15 150 307 219 350 334  88
   138 317  23 292 266 123 166 277 320 153 112  65  90 375 340 230 362
   342  88 240  93 376 197 236 292 177 274 396   0 313 238  56 218 118
   179 285 157 120  40  24  73 212 230 358]
  [  0 123 349 194  16 278 249 352 340 199 372 269 148 100  94  68 281
   372 169   4 142 296  66 169 244 392  22 260  45 353 305  26  36 160
   123 151  15 207 368  43 323 274  60 211 179 343   0 268 320 331 374
    13 245 251 387 328 167 339  60  56 386]
  [  0  63 153 375 289 318 217  18 215 149  41 178 386 296  46 305 331
   156 323 111 116 219 110 178 277  42  80  86  59 237 289  11  47 207
   196 151 230  41 226  37   8 215 188  13  87  81  25   0 312 236 247
   104  60  18 287 363  37 113  35 207 318]
  [  0 278  74 326 327 362 168 258 119 216  74  82 240 265 242   2 236
   118 126  69 372  26 370 231 291 297 216  93  60 312 202 225 110  93
   297 148  33  73  95 358   8  70 327 279 208 312 188 120   0 303 295
   266 177 234 221 375 343  94 283 322 295]
  [  0 193 237 273 111 283 189 278 245 381  82 137  49 255 259  57 382
    28 308 285 219 207  70 214 256  41 112 254  81 363 105  63 192 176
    94 172  12 121 341   7 376 236 358 382 277   0 275 210 371   0  54
   299 228 175 185 192 119 364 394 241 351]
  [  0 246 340 133 170   5 349 117 363 354 215 392 329 369 231 319  74
   154 224  82 370  56 319 385 162 134 163 106   9   7  65  53  11 393
   200 379 146  98 117 387  48 271 336 153 135 236 200 103 385 205   0
    91 354 288 369 169 305 239 366 183  31]
  [  0 236 180   2 393  71 243  58 222 100 209  30  86 395 268 181 106
   295 123 171 324  97 254 369 340  23  51  57 336  41  22 187  73 231
   181 311 237 188 286 339 252 101 221 314  30 162 182 355 378   1 125
     0 340 184 175 294 374 282  49 322 170]
  [  0 134 168 189 126 132  29   4 315 237 222 217  26  36   5 303  81
    15 166 315 313 225 233 218 160 153 361 244 233 382 214 280 349  69
    84 140 264 391  40 338 286 317 223 259  36  14 392 321  90 359  20
   295   0 383 283 229  95 180 335 343 368]
  [  0 390 142 348  39 144 350  36 210 248 196  70 174  28  84 322  93
   162  54 282 160 345 306  95  60 202 253 337 284 178 155 186 148 169
   339 233  69 272 202 148 200  57 258 368 379 303 214  33 352 195  78
   168 317   0  57 200 104 286 322 157 179]
  [  0 184 159 359 224 294 264 135 245 174  17  35 262 277  82  51 346
    52  92 115 393 344 224  55   5 330 328 366 305 377 337 302 189 358
    31 111 254  43 292 332 174 347 392 282  34 377 393 210 315 117 159
   160 332 235   0 273 377 249 310 280  12]
  [  0 313 320 307 147 231 149  95 249 331 239 367 356  73 278 100 361
   104 257 335 321 369 350 251   4 224 147 240 196  16  58 111 311 288
    28  69 272 129  11 328 105  91   2 112 321 102 155 118 341  67 323
    53  57 308  26   0 194 137  12 361 384]
  [  0 170 316 113  64 165  31 381  51  38 261 194 301 212  85  51 246
    66   3  15 213 377 388 374 352 103  15 156 216 240 197  63 209  68
   132 100 319 189 386 118  65 315  52 242 268 200 145   9 294 320 325
   284 379 185  50 145   0 302 328 221 140]
  [  0  38 314 280 256 361 164 220 234  49  97 287 265  86 153 129   5
   205  71 202 120 258   9  56 293 363 212 331 321 212 335 113   1 254
   210  38 378   8 311 202 325 335  60 189  49 230 105 344 271 217 135
    80 178 224 228  47  58   0  66  65 272]
  [  0  78 363  58 286 328 176  58 151  90 186 107 369  30 207  12 215
   115 394 353 136  81 151 124 103 152 258 254 180 198  74 332  39 291
   353 125 122 256 148 203 132 228 368 347 195   8  79 220 109 208 166
   181 299 105 379  89  81 215   0 172 350]
  [  0 303 210  80 330  44  12 134 296 171 295 177  84 274 381 271 316
   280  59 216 325 300 322 271  92  69 223 187 146 145 162 389  44 163
   344  55  52 145 293 152  15 110 259 239 381   3  87 208  66 385 163
    12 289 106 351 166 108  69  35   0  70]
  [  0 178 113 360  41 249   4 229  40 199  13 187  71  98 242 214  35
   250  51 317 128 205 275 234 255 373 169 222 347  25  62 269 292 302
   106 279  86 302 354  53 249 149  10 230 210  75 328 254  73 367  57
   274 298 242 341 213  37  47 233  13   0]]

 [[  0 160  67   8 197 366   7 304  95  10 104 191  28 176 312 261 366
   351  80 305 307 141 249  12 205  50 390 131 280  99 294 246 321  77
   153 113 353 384 358 342 253 388 366 360 254 173 165 289 391 120 260
   296 298 264 291 283 391 140  77 339  58]
  [  0   0  99 346  93 278 108 179 172 171 186  99 344 109  55 215 336
   213 394 306 251 319 117 276  61 181 229 209 116 340 194 342 294  21
     9 264  13 214 314 265  71 313  19 374  37 295 313 294 137 293 266
   149 198 392  12 299 232  31  76  40 377]
  [  0  91   0 242 320 116  12 205 296   2 162 234  21  14 347 353 251
   366 254 285 364 374 300 135 148  61 326 226  30 106 107 346 118  76
    43 373 238 111 275  95 298 322 335 362 252 269 131 309 272 230  16
    97 293 186  11 284   2 373 357  95  49]
  [  0 372 300   0 219  28 378 379 223 364 370 189  45 353   7 307  72
   220  52  91 269 211 161 245 368 307 173   7 381 114  44 275  94  26
   290 139 209  13 267 173  36 371 266 201 204 292 147 276 352 116 293
   112 142 237 138 393 119 112 255  89 128]
  [  0 154 117  27   0 156 332  18 319 239 260 275 273 314 335 112  75
   255 145 223 234 281 315  35 274 172  53 371 131  83 148 317 349 301
   344 102 109 107 287 267 393 348 339 252 191  38 197  20 358 312 271
   363 147 390 345  70  45 118  65 379 320]
  [  0 130 256 303  40   0  87 175 173 352 379 254 131 343 247  49 287
    39 260 180   3 186  91  96 279 244 150 340 218 282 212 190 181 391
   182  71  88  68 352 369 367 112 124 182 133  40  23  27  91  20 387
    46 298 315 235 204  38 251 263 344 275]
  [  0  40  85 301 328 388   0 276 277 238 235 260 186 282 121 172 170
   374 285  12 101  99 100 331 303 331 296 381 251 359 221 110 227 184
   140  44 278 120 313 135  75  77 361 161 226   6 263 326 278  67 193
    17   2 317 368 181 227 329 305 208 136]
  [  0 147 239 143  87 194 191   0 395 127 356 310 296 128 313 165  69
    94 390 100  30  65   7  88 314 285 154 286 254 229 135 124 370 297
   147 378 129   6  64 240 261 266  97  53 254 348 206 314  74 231 320
     8 195 351 263 238 203 270 198 245 200]
  [  0 396 378 368 101 370 196 179   0 388 134  75  61 147 234 248  44
   278 333 366  57 138 324 194 364 242 275 285 327 105  19 101 132 313
    30 148  61  74 150 267  59 301  68 266 164 371 386  90 125 304  22
    73 129 359   1  94 265  23 262  87 218]
  [  0 200 181 138 352 204 394 181  29   0  44 305 151 316 250 208 353
   256  71  61  29 165 183 174 118  77 230 114 233 348 278 329 290 102
   245   4 278   6 253 263 267 273 353 178 341  26  34  73 338 371  12
   228 154 231 144 394 126 128 266 100 157]
  [  0 176 135   9 122 287 305 130 376 180   0 389 217 108  17 227  36
     7 186 149 270 392 163 295 256 144 277 127 331  32 178 257  91  25
     7  36 326 163 330  88 167  87 377 139 268  11 134 378 146 146 220
    29 245  37 239 317 253  76 323 134 139]
  [  0 350  16 251 245 236 146  82 189  91 107   0 163 370  48  84 210
   196 217 206  73 100 270 253 131 219 151 161 292 254 226 264 336 311
   358 310 386  44 252 335 327 171 229 136 137 193 309 119  60 189  60
   183 325 200  99 337 362 282 373 101 175]
  [  0 178 374 180 247 171 137 377  62  74 293 211   0 164 353 281 296
   101 288 299 236 120 335 218 249 166 295 216 327 197 233 342 174 284
   389 295 396 101  99 235  38 170 130 356 298 391  27 256 113  32 158
   135 145 384 156 227 344 296 367  35 124]
  [  0 372 145 374   3  32  12 199 216 333 358 161 316   0 293 357 298
   297  17  57  79  93 110 227  48 199 246 151 161 288  40 116 321 331
   198 212  33 357 213 197 151 169 285  32 125  39 112 313 293 396 188
   101 213   6  14  13 205  56 308 274 377]
  [  0 264 226  20 288  16  42 110 198  14 106  39 112 278   0 173  32
   168 293  49 331 192  63 389  56 228  85 151 139  82  81  71  75 345
    38  44 224 346  59  49  26 387 303 252  37 301 174 156 173 216 229
    65  39 269 368 101 154 314 206 354 328]
  [  0 304 101  52  60 232 281  42 286 152 381 147   5 301 356   0 103
   372 364 178 107 230 392  87 267 260 206  64 181 154 366 246  47 271
   126 130 155 218 341 192 247 315 227 292  98 379  94 391 296 340 388
   293 376 120 354 104 236 237 169 190  17]
  [  0 119 118 386 157 117 138 324 312 205 391  74  75 212 331  92   0
    57 261 213 221 190 361 296 281 330 172  94 359  84 338 332 393  89
   182 185 105  44 146 264 299 110 143 367 322  82 309 313 361 270  22
   116   9 319  25 297   5 244  20 284 276]
  [  0 160  50 379 262 289 360 104 157 265 144 207 194 253 112 275  26
     0  47 377 285 130 201 356 327 206 370  66 324  56 116 209 189 129
   283  75 220   3 160 373 301 126 192 145 254   6 346 323 371 173  14
    83  75  33 395 267 203 373 229  94 333]
  [  0 299 199 360 345 312 149   8 113 132 335 281 175 102   5  26 102
   362   0 388 312 123 104 198  27  89 125 396 303 372 192 145 191 325
   336 182 301   7 316 147 300 183  31 115 191 275 330  14 198 292  77
   276 209 127 128 160 390 263 182 268  76]
  [  0 306 173 260 251 196 298  27 127  25 277 145 353   7 118 227 237
   102 284   0  16 134 276  96 113  83 167 292  60 109 370 272 101 228
   315 333 191 249 347 227 262  46  74  92 339 155  93 105 227 180  82
    19 140  67 147 331 329   4 303 246  68]
  [  0 172 248 115 147 196 122 155 268 350  97 207  99 133 298 375 331
     3  80 372   0 342 227 241 267 382  31 307 322  49  32 125 269 293
   113 236 174 148  58 160 318 176  67 225 311 133 107 278 344 230 393
   246 160 364 385 305 199 379 369 242 198]
  [  0 214  87  72 101 286  11 242 128  73 290 171 296 306 173 257  94
   272 209 290   6   0 336  90  39 107 377  81 277 342  67 256 155  99
   199 277  69  94  49 258 391 167 142 263 280 195 158 332  49 209 117
   184 232 249  77 136  91 293 145  63  80]
  [  0 338 311 365 112  35 335 193 165 352 153 184 204 252  12 339 312
   395   2 238  50 202   0 259 318 257 295 143 226 177 318  39 224 365
   380 256 353 153 136 373 125  46 204 351 267 328  39  73 344 333 228
   158 133 266 212 371 248  25 120 105  88]
  [  0 219   4 343 142 144 187 308 259   5 230 298  37 292 291 182 111
    14  29 115 174 219 294   0 288 318 173 150 304 321  89 340 331 190
   183 124  22 139 217 331 232 125 131 219 139 314 162 391  54  62 355
   362  36 373 109 265 303   4  44 389 203]
  [  0 345  97 260 102 152 151 338  68 361 183 293 349 345 357  58 357
    12  65  96  89 147 219 191   0  18 111 180 247 105 364 106 289 252
   326 114 335 297 177 139 334   7 151 209 196 192 176 103 133  83  55
    81  35 312 379 270 369 383 386 195  31]
  [  0 104  87 229 171 349 385 203  79   2 131 153 288 174 105 298 284
   190 181 229 351 205 353 347 285   0 334 253 320 104 142 306 314 241
   239  89 121  66 140 273 219 167  74 323  47  79 218  64 379 312  52
   212  18 273 159  32 289 246  28 103 168]
  [  0  51  68 323  28  40 337 143 174 226 298 138 106 171 365 214 280
   374  67 115 283 329  77 278  60 351   0 314 322 225  76 369 377 275
   196  61 134 104 184 176  60  18 229 181 166 325 302 223 337 179 144
    83  77 200 194  80 230 117 303  45 339]
  [  0 266 293 346 244  18 238 105  35 103  77 334 276 394 280 263 242
   192  24 258  56  83 330 110  28  63 257   0 354  54 188 283  36 386
   101 116 179 244 112 319 172 311 216 260  31  87  35 366 120   1 139
   193  97 365  39 391  99 238 139 169 350]
  [  0 141 297  16 343 215 347 271 163 292 152 342 320 375  72 313 214
   204 240 339 334 125  77  97 322 100  39 252   0 178  31 254 376 109
    64 348  27  48 150 331 191  22 252 345   6 352 353 303 118 330 200
    11 314 246 206 228   1 314 354 157 156]
  [  0  82 161 363 193  57 322 302 256 301 213 378 165 195 278  44 139
   182  74  52 135 158  83  86 306   4 382 273  70   0 174  80 310 171
   174 308 107 117 135 199 205 291   5 220 211 314  84 350 113 262  34
    12 248 255  11 343 359 140 221 289 205]
  [  0 241 311 118 123 311 395 220 273 128 339  73 238 145 152  35 144
   236 124 239  37 189 396  14 381  24 173 148   9 261   0 271 243 173
   191  11 278 345 277  26 253 234 346 295 214  91 199  85 217 293 250
   321 217  72 350 373  32  16 127 107   3]
  [  0 196   0 180  11 351  62  42 145 152 211  94 337  57  84  97 179
   190 197 213 102  28 379  65 227  35 372  95 261 368 225   0 176 261
   164 248 384 338 299 199 318 115 158  11 136  17 134 176 337 274 330
   160  96 226  47  11  78 151 202 277 355]
  [  0 170 187 183  84 265 256  82  73 161 374 314 166  53 236 347 241
   255 175 186 323 284 291 205 124  39 163 142 207 114 370 123   0 316
   215  49 154 271 130 164 387 187 372 165 141 268   6 133 260 166 164
   201  69 304 161 357  28 141 113 285 173]
  [  0  40 387  34  13 252 309 221  53 111 236 386 159 289 218  85 293
   254 354 266 231  10 225  76 355 206 388 136 337  21 145 392 267   0
   271  69 368 366 140  63 334 121 200  26   5  46  29   2 273 175 174
   385 280 132 234  40 264  60 134 222 303]
  [  0  12  41  13  57  83 396 328 170 380 255 319 343 242 204  42 267
   382 248 351  42  94   4 361  58 188  48 208 124 267 100 305  68  24
     0  26 105 152  27 363 250   9   0  56 247 380  86  87  18 395 384
   188  52 231 396 284 394 118 376 146 142]
  [  0 102  68   5 149 255 362 182 137 232 181 348 257 133  11 256  25
   213 244 149  26 287 289  70 316  54  83  14 175 262 297 239  68 253
    40   0 309 363   2   3 299 274   8   7 260 173  61 355 107 337 252
    89  26 296 258  60 170 165 252  19 293]
  [  0 272 131 357  89   9  42 175 130  94 359 115 248  10 123 208 236
   236 222  60  50 298  75  41  70 133 213 261 179  59 325 291 229 160
   126  80   0 206 283 202 157 193 288 353 359  27 281 113 192 388 309
   179 303 163 340 127  45 250 133 346 336]
  [  0 353 366  75 229   3  50 300 241 387  65 155  57 146 121 263 247
   218 323 312 216 375 384 147  58 390 147 204  99  62 321  31  32 251
   383 345 216   0 331 261 160 261 377 192  13 105  49 241 369 229 314
   269 366 123 213 251 226 138 156  91   4]
  [  0  52  55 145 308 211 291 190  36  12 180 300 352 364 349 235 323
   172  91 355 111 166 123 310 335 159 243 157 114 219  94 349 360 214
    95 219 209 373   0   9 217 367 134 136 200 134 395 331   5 319 307
   388 204  25 287 276  34 231 155  62 249]
  [  0 310 287 249  49 200  90 184 328 353  84 213 373 146  16  87  59
   107 290  86 328 329 381  24 345 101 337 182 101 190 165  85 297 223
    61  51 384   3 188   0 258 283 124 225  69 181  21  87 324  35 132
    87 165 190 310 247 161 200 170 224  66]
  [  0 116 324 313 184  24  89 262 365  48 319 321 206 320 268 345 219
   270 327  32 190 183 280 258   5 234 212 115 387  97 165 148 241 118
   117 193   2  48 115 201   0  39 137 105 271 142 305  28 147 192 351
   211 374 177 326 278 160 147  13  87  31]
  [  0 248 134 373 167 200  22 357  92 124 303 136 395 165 389 383 157
   294  39  52  79 379 196 270 251 131 221 348  30 140 198 131 249 325
    42 135 391 325 130 310 117   0 348 156 200 101 347 206 362  71 387
    61  92 253 342 219  24 263 215  32 349]
  [  0   6   8 371  62 206 324 352 311 295  61 165 155  75  97 338  99
    76 388 170 240 194 281 289  39 210  84  75  36 112 331 193 245 157
    57 247 123 178 214 134 348  74   0 254  66 119  47 371 243 166  51
    29 286 268  88  81 305 180 125 347   7]
  [  0 368 300  33 293  45 322 107 237 174  87  42 245 292  17 114 348
   222 365 301 146  11  61  86  35  58  14 307 210 369  86 116 145 143
   224 301   3  56 114  36  25   5 131   0  93 220  32 303 109 231 249
   187 216 236 380  70  69 225 211   7  49]
  [  0 149  22 141 253 108 212 337 359 311 300 195 211 120 125 340 210
   252 221 298 125  48 138 352 223 142 350 250 139 104 351  74 321  97
   306  98  80 185 363  48 342  34 283 394   0  71 393 246  17 323  41
   152 316  95 311  70 208 364 325 308 357]
  [  0 391 270 367 164 174 182 195  48  52 176 322  78 174 351 304 300
     1 275 176 183 256 263 309 167 264  57  31 287 150  59 307 391 167
   244 300 154 114 189  20 281  94 270  97 314   0 245 111  30 153 277
   115 169 286  15 120 319 395 305 125 347]
  [  0 160 216 223  87 175 285 273 279 247 313 333 330  68  98 351 227
   227 187 221 194 263 339 146 122 356 182  29 184  29 222  41 259 100
   195 385 102 314 383 383 372  45 288 280  33 106   0 201 179 351  11
   234  66 355 241  25 265 273 150 335  33]
  [  0  35 147 390 233 114 211 387 181 175  84 367  60 293  91 257  18
   177 396 310  33 215 278 168 251 255 204  84  74  21  60 216 196 326
   143 294 359   1 133 264 152 154 157 247 389 261 193   0 259  54 312
    13 207  44 146 263   7 236 344 119 222]
  [  0 265 354 323 260 284 150 201 381  43 186 140 169 297 163  79 391
    12 338 373  11  76 277 186 243 189 175  27 313  49 163 161 162 380
   320  69 168 257 327 297 393 149   0 277  29  27  55 172   0 267 144
   153 339 116 229 273 256 207 209  19  71]
  [  0  17 230 192 143  96 270 228 340 279 393 371  74  44 111  90 363
   266  43 328  14 113  95 297   0  91 194 234  49 271 258  86  41 130
   249 296 323 170  62 168 158 282  51 252 258  35 106 216 278   0 177
    17 331 289 204 145 180  11 262  69 188]
  [  0 211  40  16  56  55 383 145 234  46 387 368 112 328 122 372 380
   377 112 281 275 267  63 394 300 322 221 163 340 306 383   1 235  91
    78 371 339 366 104 204  60 165 291 200 320 195 167 223   5 207   0
     0 120  14 365 293 210 275 172 385  47]
  [  0  65 144 386 226 193 134  80 377 335  73 210 119 276 328 171 174
   396  41 212 349  16  42 389 322 249 118 146 124  59  45  17 288 235
    53 117  94 288 281  64 295  44 177 320   9  61  21 235 370 187 296
     0 391 356  71 362 360 186  77 172 393]
  [  0 111 303 354 333   9 314  51  90 242 137 304 276 354 265 157 148
    59 187  42 294 291  94 221 338 385 211 226  51  22  11  57 169 389
     1  43 127 131 352 273  76 366 385 239 160 170 106 152  29  36  77
   374   0  28 370 243 207  52  89 128 223]
  [  0 324 108  42 144 371 183 145 308 242 220 188 228 207 233 132 239
   161 218 186  85 280  55 279   7 139 301 136 227   2  10 194 284 275
   378 354 361 282 125 183   3  18 240  55  89 139 163 295 239 177 374
    37 282   0 345  13 349 186  63 188 392]
  [  0  42  10 169   6  33  60  66 225 389 175 237 108  64  32 175 319
   390 193 101  15  29 104 136 357 330 387 136 141 261 256 252 390 281
   266 123 112  27 345  13 280  29  87 350 129 326  69 309 202 334 340
   119 388 231   0   7 383 232   9 168  40]
  [  0 132 184  72 389  67 159 244 121  64 286 316  49 368  41 342  41
   282 322 376  63 391 360 233 246 231 203 217 284  43 254 143   1 250
   198 187 354  65 129  25 165  93  35 224 169 307 203   4 196 265 347
   336 338  41  55   0 321 100 318 278  39]
  [  0 205 225 158 288 328  82 137 121  36  16 353 315 167 213 218 199
   162 174  93 314 235  85  90 323 311 172  10 249 299  77 237  54 272
   158  87 287 131 348  33 272  95  38 365 366 133   1  75 117 275 200
    64 319 336 360 167   0  48  18  81  43]
  [  0 374 180 151 351  59 360  70  34 115 390 222 358   9 162  14 179
    25 351 203 313 364 235 256  68 355 209 296 176   3 113 274  74 224
   230 237 289 343 258 284 152 292  90 181 307 147 119 365 336 195 252
   237 237 308 370 359  79   0 123  83 128]
  [  0  92 235 161  79  84  81  48 284 369  86 191  26 222  19 279 236
   149 355 114  63 191 393 321  69 380  30 226 122 339  80  41 256 335
   168  95 348   7 184 380 296  15 156 168 271 209 193 286 263 128 286
   328 173 322 377 393 186  67   0 279 266]
  [  0 260 159 318 395 258 326 137 291   2 138 197 311 396 380 255  57
    61 139  39  78 184 334 290 135  66 299 360 154 142  85   0 329 369
   158 288 179 173 161 329 301 325  51  10 308  90 308 268 336 133 311
   210 257 250 317  24 342 184 297   0  25]
  [  0 116 376 333 239 394 375 354 158 170 317 155 250 237 155 132 320
   253  22 184 313  15 333 363 162 163 350  44 358  49  80 261  16  80
    79 185 321 129 139 109  64 358 146 208 109 380  74 181 389  91  14
   351 278 241 222  17 153 233 327 341   0]]

 [[  0 232 248 105  72 119  98 357  37 335 356 251 336 161 194 389  28
   279  55 343 352  96 389 107 333  16  45 389 335  47 337  16 146 119
   227 300 366  11  38 200 259  81   7 181 347   4  32   9 278 151 393
   251 340 353 116  12 298 393 384 196  20]
  [  0   0 220 180  72 112 292 148 230 258 161 269  17 280 289 335  17
   369 220  16 109 336 194 195  89 334 289  66 351 392 202 282  28 170
   211  30 155 158 285 131 336 193  14 187 262  71 369  54 278 285 102
   200 234  90 218   4 337  17 197 374 161]
  [  0 278   0 188 319  72 372 162 383 349 178 155 293  49  58 107 369
   134 172 374 395  75 232 236 171 194 304  60 332  48 393  65 293 315
   386 278 367 367 378 204   7 381 304 108  59 133  70   6 120 271 156
   253 375 303 341 236 260  72  51  52  15]
  [  0 245  38   0 146  18 189 393 330  49 100 338 293 291 378   5 162
   316 157 380  66 365 130 376 324  13  82   1  18 358 120 202 208  91
   386 393  65  29 295  91  78  97 262 247 341 311 381 371 226 355 107
   122 281 263 170 325 270 144 372 330 255]
  [  0 294 234  53   0 175 388  89 125 242 209 227  14  13  48  26  78
    83 334 312 348 285 323  18 148 198 381 188 226 376 246   7 165 185
    94 267 291  92 322 195 392  35 189 101 178  78 171  92 362  49 248
   174 298 234 332  31 308 385 381 292 344]
  [  0 137  24 255  60   0  19 229 359  77 168 200   5 232 270  98 188
   191 393 260 354 174 380 243 292 255 391 334 281 186 376  19 115 288
    86 187 225 377 149 105 160 283 319  13 259 315  72 250 172  39 233
    49 135 124 191 378 202  15  73 355 215]
  [  0  48 124 313 227 185   0 134 356  70 266 234 207  83 105 144 117
    92  79 108 150 312 290 390 350  17 294 349 308 238 256 366 327 123
   396 339 374 308  30  83  69 165 247 100 168 113 319 131 226 166 144
   371 316 237  24 307  77 330   6 390  68]
  [  0 270 158  69 294  42 250   0 386  85 227 191 128 202  52  91 338
   218 354 187 254  16 200 389 176  93 180  51 139  88 116 133 204  32
   315 169 312 217 273 176 122 161 354 347 187 243 360 342  77 281 229
   160 248 367 241  28 394  15 171 233 109]
  [  0 134 186 349 175 166  21 196   0 343  64 314 133 226 374 383 277
   173  12 306 148 152 233 198 277 100 244 114 355 329 284 249  36 286
   263 204  36  27  21 200 340 369  50 224 386   6 366 204 203 353 130
   353 197 259 347  86 116  76 210 210  31]
  [  0 290 118  89 214 329  17 343 276   0 130 109 262 340 393 210 138
    27 263 273  89 231  22 132 192 303 213 225  50 316  63 133 152 317
   322 362 139  38 307  93 225 390 386 363 147 173 203 218  83 194 297
   252  13  27 200  36 266 122  62 251  71]
  [  0 302 175 259 348 132 132 384  67 171   0 320 209 123  97 250 126
   284 279 213   5 380  57 364  42  26 192 265 297 257 246 223 249 127
   241 252 156 312 293 148 107 227  97  97  71 114 138 296 291 335 360
    51 385 357  56 239 277 296 134 284  99]
  [  0 368 284 106  77  28  69  22  31 255 202   0 180 208 335 173 279
   371 283 302 225 248 139  69 269  83 360 363 254 348 306  18 176 130
   186 121 207 184 145  83  49  55  78 175 194 365 271  97 257 390 244
     9  94 199 188 206 386 199 251 145 342]
  [  0 230   7 251   5 133  26 255  17 128   8 354   0  46 295 185  96
   261 155 225 103 131 289 267 387 311 274 245 103 266  59 141 381 144
   199 334 341  93 155 169 231  86 189 137 306 166 215 271  57 280  56
   249   6 316  10 321 210  52  13 227 185]
  [  0 125 109 267 123 169 289  35  81 263 245 262 341   0 291  43 395
    48 390 244 355 264 204 184 148 121 344  22 309 210 363  99 360  79
   301 265 257  73 259 171 343  70 326 212 381  47  87 273  34  28 206
   121 167 166  79 382 193  33  79  63 175]
  [  0 154  56  45  91  84 263 208  68 331  15  87  88 219   0 332 293
    44  14 178 385 256 391 258  21 290  32 350  51 178  18 306 203 325
    46  18 270 150 257 390  81  89 354  38 319 194  19  14  43 276  91
   223  89 324  49 118  57  43  10 255 227]
  [  0 359  19 276  34 179 343 192 228 184 149  74 102  68  46   0  57
   246 318 314  77 306 256 121 299  92 368 285 275 381 168 283 386 219
    13 339 142 208  30  43 283 374 297 390 371  79  61 256 276 272 172
   265 265 127 281 358  46  63 224 240 144]
  [  0  31 128 282 172  87 359 338 241  11 315  84  90 369 128 362   0
   100 393 182 255 214 136 231 250 311 104 357 112 289 201 353 339 120
    12 146  38 227 208 127 287  22  30 356  55 239 124 162  83  90 183
   167 190 317 243 354 245 384 208  57 134]
  [  0 313 252 291 175 347 327 132  18 152 372 331  38  40 180  18 123
     0  39  45  28 185 164 212  82  90  65 207 202 325  37 143 209  59
   213 213 327 330 112 257 132 172 332  44 278 388 344  72  24 172  11
   331  60   4 227  61  70 106 109 344 146]
  [  0 326 139 198 103 361 112 174  36  36 316 130  85  77 136 151 151
   219   0  96  97 104 200 249  89 360 156 335 315 249 145 199 267 174
   114 129 157  41  12  94 162 282  80 348 228 109 303 248 299 333  79
   213 145 365 259 143 215  76 105 117   0]
  [  0 310 195 222  75  37  29  59  49 152  47  88 313 360 371 348 331
   369   1   0  86  37  11  62  41  23 237 392 194 171 140  61 107 136
    10 122 251 381  71  39 362 299  74 270 269 229 373  71 120 320 194
   142  52 130 141  46 136  25 383 297  13]
  [  0 365 113 177 388 141 134 199  96 174 116  96 223 147 381 347 153
   314 102 341   0 153 317 371  72 337 307 260 251 360  18 163  59 226
   323   6 124 160  10 296  38 216 105 253  66 355 156 395 230 375  37
   341 171 241  97 368 120 116 317  66 184]
  [  0  97 105  70 307 295 298 247  60 268 112 213 384  15 393 186 262
     7 206 120 179   0  38  72 143  56 382  87 234 337 257 316 316  21
    47 361 277 200 249  52  57 377  87 356 250 240 280 131 264 312 319
   102 350 147 172  84 288 263  98 193 282]
  [  0 196 280 103  94 166   4 184 248 104  66 182 263 166  34 241 203
    45  84 276 361   6   0  33  62  67  99 317 312 189  25 337 245 393
     0 299 309  65  80 243 288 300 378  64 223 211 324 214  43 339 117
   101 233 228 349 174  71 191 392 377  25]
  [  0  97   1 286 152  57 329 355 224 268 299  83 341 115 324 206 216
     6 256  24 338 381 325   0  45 120 171 274 360 229 270 333 157 378
   271 325 351 357 299 315  58 386 203 132  83 293  89  26 385  24 298
   199 131 356 336 311 358 310 110 164 274]
  [  0  71  65 268 354 304 274 185 252 273  57 197  49   4 257  38 103
   137 371 164 377  51 111 288   0 327 285 360 281 278 210 208 342 355
    75 314 363 155 344 193  79  31  64 167 182  83 384  92  35 299 304
    79 280  51  90  10  92 157 174  49 321]
  [  0 346 326 227 387 358  72 159   7 339 145 140 263 198 122  15 142
    25 215 287 267 308  10 227 173   0 253  25 157 391 158  64 212 241
    24 121 103 223  19  59 173 291 208   3 156 133 350 213  19 239  61
   155 188 338  14 366  95  26 128 374 218]
  [  0 279  39 298 163 233 236 164  51 309 201   8  19  37 357 315  39
   284 328  31 346 125 306  68 147 282   0 127 160  42 187   9 148 257
   138 119  29 238  92   7 337 243 308 273 228  46 257 191 225 167 212
   297 145 334  61 205 180 170 140 315 251]
  [  0 186 321 130 236 256 131  58 206 159 117 144  12 303  24 172 162
   117  38 338 215 185 181 168 357  51 294   0 260 327 256  42 310  43
   178 121 156 245 341  73 260 176 217  29  62  86   3 280  76 361 325
   306 189 105 338  88   3  98 245  53 354]
  [  0 327  86 265  31 283 288 243 240  52 146 265 340 176 366  79  10
    95 156 366 231 396 106 101 193 333 354  42   0 192  90 177  39 161
   212 199 129  86  66 257 367 343 190 133 106 183 365 283 313 328 327
    17 357 297 359 325 271 354 297  46 216]
  [  0 334  48 187 376 210  15 329 170 201 364 341 375 301 119 303 338
   103 327 330 108 137  99 337 276  76 291 102 191   0  75 105 275 178
   279 163 387 291  17 219 131  50 248 113 256  55 166 232 347 153 139
   163 347 271 332 229 377  48 303 373  44]
  [  0 121 188  79  20  82 368 362  71 139 122 301 152 209 225  17 384
    37  86 240   2 216 177 227  61 291 387 147 104  65   0 128 231 163
   278 370 204  14 218 229 319 319  73 118 139 191  46 199 387 132 110
   305 281 111 118 165  50 245  15   8  29]
  [  0  61  19 309 330 142 354 234 368 252  58 251 174 332 342 234 257
   282  79  68 126 361 108 354 176  63 221 217 272 270 322   0 204  92
   138 104 370 270 217 327 343 275  29 229 349 287  94  26 253 206 358
   354 331 285  93  63 146 272 227 278  62]
  [  0 359 118 363  48 393 293   3  36 210 219 297 259 311 375  96 117
   204 137 118 392 255  76 295  27 246 366 286 254 299 173 353   0 269
    78 365  15 282 272 304 172 334 386  10 334 287   5   8  55 290 180
   198 383 314  33  59  19  89  11 385 104]
  [  0 194 376 275 120  11 392 214  17 214 178 229 166 236 294 388  69
   220 147 167  42 220  46  50 206 360  19 129 355 314  63 168 305   0
   338 321 227 186 358  90 392 190 277  58  70  62 148  87 357 337 255
   241 374 328 252 181  82 104 211  80 172]
  [  0  56 276 336  51 338 115  87 277  95  82 161 245  11 221 206 385
   178 119 221  52 206 328  21  90 261 163 304 136  13  42 255 131 265
     0 287 225  27 275 319 303 186 343 107 313 369  95 200 273  69 271
    60 247 384  24 328 211 136  93 306  45]
  [  0 269 235 368 379 263 183  14 248 303 214 311   1 280 291  93  86
    78 322 140 317 148  40 171 227 262  10 305 324  15  44 240 164 100
   117   0 233 280 198 277 271  38 176 207 383 363 302 267 164  55 356
   242 265 206 201 359  80 106 253 284 109]
  [  0  87 289  92  72 289 225 290 157 395 301 153  73 274 148 384 150
   335 396  47 142  86  41 395 107 258 354  22 213 200 109 388 300  11
   169 392   0 318 111 308  85 159 171 259 343 153 383 340 366 325 168
   246 122 368 185 348  78 238 202 118 303]
  [  0 304  78 110 133 372 371 154  72 108 265 201 322 223 169 148  54
   354 188 367 166 116 120  59 132 358 251 110 384 230 151  86  59 364
    96 393 377   0 335 385  83 356 182 290 164 198 322  83 232 289 319
    41 120 113  73 101 344 103 370 314  43]
  [  0 388 127 321  75 306 329   9 190  52 213 367 289 297 297  30 322
   205 122 285 207  34 319 275   0  84 300 201 186 218 307 153 151  51
    60 333 205 288   0  82 238 120 146 271 265 315  73 160  95 256  72
   259 248 223  34 395 396 243 311 276 283]
  [  0  85 252 384 301  49 220 133 103 313 119 392  45 136 386  51  85
   352 269 260 162  79 169  53 140 225 280 346 363 259 322  17 156 202
   270  81 311  90 298   0 141 180  48 185  85 246 383 272 189 373  33
   162 275 104  68  54 338 160 316 250  26]
  [  0 235 291 347  77  39 376  58 238 213 339 207 321  10 257 364  82
   189 123 151 351   9 154 184 155 348  75  57 256 333 101 351 131  76
   243 357 223 138 368 196   0 338 107 182 318 151 108  80  81 224 113
   396 171 132 132 188 194 158 147 248 219]
  [  0  32 133 254 305 273 363 195 286   5 392 168  68 176 222 139  41
   113  43  97 244 393 211   2 255 231  59  48 129 193 131 349   7  51
   135  89 204 232 306 101 123   0 126 151 111  40 127  36 196 159  57
   233 390 179 253 206 211 122  45 114 161]
  [  0 360 256  35 204 231 311  77  36   1 171 228 154  57  18 204 343
   174 368 317 318  65 384 171 229   1 195 182  18 389  28 281 186 103
    61 200 234  13 384 263 136 370   0 140 168 294 293 170 325  48 280
    52  27 293 151 144 260 189 379 125 197]
  [  0 304 289 163 219  89 345  16 356  96  20  32  58 186 160  82 162
   147 321  32 252 127  81 222  90  37 267  27 150 164 149 396 388 351
   102  11  68 228 148  25  57 363 197   0 153   0 201 173 212  40 215
   104  35 235  26 389  98  14 394 393  72]
  [  0 332 324 386 290 193  19 388 247 382 324 180  21 219 365  96   3
   278 153 391 382  77 303 248 375 221 106 101 270 215 190 127 358 394
   168  90 123 388 207 237 131 384 384 137   0 349  25 343   7 210 318
   225 379  37 126 274 178  86 115 307  40]
  [  0 221 260 251 293 245 143 236 311 182 337 375 330  33  74  12 283
   276 297 283  64  86 250  23 118  96 330 347 250 126  52 356  62 116
    98  25   9 335  96  50 275  11 181  79 102   0 250  57 379  95 347
   284 221 183 372 263   9 212 319  99 263]
  [  0 376 185  48  98 132 237 132 326 230 294 109 161 377 171 199 230
   135 334 315 180 181 202 289 265  47 306 250  57 365  83 137 124  71
   125 103 250 253  83 127 118 358 274 322  75 142   0  69 114 243 169
   112 315  28 383 311 268 395 167 116 248]
  [  0 371 225 108  45 283 269 293 277 373 221 222 237 268 106   8 328
   265 174  97  50 145 145 171 167 259 207 123  83 202 220  85 199  19
    48 140 141 265  68 213 283 232 225 223 182 247 190   0 145 339 221
   319 121 199 158 150 201  69  81 269 253]
  [  0 250 101 369  55 188 332 343  56  13 296 101  67 273 385 375  95
   220 191 136  20  93 337 371 347 219 147 188 121 200 176 305 143 381
   251 332 260 295 257 314 339 278 214 282 273  85 165 127   0 126 281
   259 226 111 289 339 337  31 167 165 363]
  [  0 213 205 315 230 175  95 303 370 111 178 123 241 209 176 373 349
   297  16 167 349 117 302 130 230 380 320 214 127 220  41 325 390 139
   105 225 357 254 179 260 121 345 102 247  46 331 355 347 293   0 374
   206 298 182 192 362 171 215   9  21 304]
  [  0 385 100  69  41  98  97 151 353 316 168 131 393 166 287 190 212
    96   0 196 137 184 218  76 166 167 258 144 302  18 223 228 161 337
    92 149 229 109  16 302 273 169 272 337 357 157 117  27  31 117   0
   175 113 240 273 334 393 123 299  10  23]
  [  0  38 374 191 199 317  41 159 206  74  86 290 336 200   9  28 276
   268 178 223 294 143   4  12 134 221 130 226  29 381 133 295 267  32
   233 381  45  10  74 187   0 291 301 220 227 199   2  51 360 155 331
     0 108 247  91 200  18 348  43 119 101]
  [  0 393 353  47 151  22 292 268 168  13 369  23 117 274 339  68  80
   378 303 188 302 246 148  15  91 374 123 301 292 281 114  99 120 315
   140 357 281  67  67  10 253 385 126 345  52 379 204 272 296 340 221
   229   0  57  37 126 155  56  69  71 190]
  [  0 327 361  13 203  13  32  12 124 147 203 178 186 304 392 186  87
   366 139 336 278 369 135 142 272 275 394 242 113 281 358  82   2 348
   295 188 105  39 138 384 206 333 110 125  40 347 130 238  96 209 183
   245  41   0 298 236 190  76 347 279 295]
  [  0  38 358 383 342  15  11  37 347 102 385 282 314  33  52  94 106
    80 292 327 282  55 349 309  51 263 390 324 206 181 173  13 275 382
   226 302 185 188   9 254 282 168 272  35 100 220  94 140 365  86  25
   115 305 151   0 185  64 124  61 285 290]
  [  0 170  36 186 265 220 119 297  74 196 115 101 102   8 113 106  20
    15 380 124 394 350 276 366 187 226  70 282 310  70  33  52 392 273
    18  94 260  13 164 325 345 254 203 342  30  49 382  30  40 204 208
    52 117 214 180   0 205 333 152 265 219]
  [  0  32 239  38 229  23 127 187 220 293 214 271 340 348 291 249 314
   252 294  29  21 357  96 162 238 356 352 377 223  19 282 178  20 264
   362  76 251 125 327 367  29 392 206 381 283 243 388  58 181  12 191
   378  68 120 338 223   0 285 192 101  38]
  [  0 336 313 209 245 387 372 233  57  89 338  86 197 266  96 335 145
   300 388 257 367  31 215 374 301  75 249 281 149 352  58  42 304 199
   115 387 185 353 346 243 115 296 356 358 340 370 260 375  37 298 353
   222 311 152 295 234 202   0 396 306 138]
  [  0 174 216 334  15  30   2 283 389 346  13 146 258 242 270 335 170
   330 281 355 347  37 274 338  26 295   7  63 223 115 340 164  79 206
   302 385 193 395   7 194 149  13 322 174 151 357 392 207 177 175 366
   342  75  55 338  90  48  86   0  57 256]
  [  0 310  37 355  39 225  61 232 260  42 165 345  90  77 157 221  89
    80 377 130   6 155  72  64 352 206 164 391 114 355 206 315   5  20
   124  25 154  79  65 152  75 194 121 256 174   6 384 369 249 172 357
   305 273 143  23 324 185 165  99   0 313]
  [  0 125 226  78 262  55 112 116  91 226 286 388 332 160 359 334 159
   118 212 146 363  94 236 222 231 394 369  65 309 323 284 395 146 285
   226  23 239 199 256  35  33 274 262 391  25 150 125  23  39  28 298
   202 364 329 334 152  73 111 177 219   0]]

 [[  0  10 214 266 288  25 339 193 193 296 133 382  30 107 211 254 317
   368 328 392 287 283 174 144 116 174 181 349 129 350 217  13  62 269
   308 363 120 215 149 298 106 195 291 328   0  98  40  58 100 276  50
   376   5 183 392 183 163  91 127 301 261]
  [  0   0   2   8 211 250  11 332  98 170   8 102 307 284 122 124 149
   141  50 208  74  12  50 255 143  87 243   4 351  68 215 215 239 127
   276  78 325  87 253  36 387  49 346 383  23 196 262 231 139   9 356
   214  86 386  95  17 237  47 288 394 180]
  [  0 275   0 102 118  75 119  92  19  11  81  84 101 151 126  92 239
   186   2 317 174 327   0  12 341 205  82 333 357 171 194 300 195 327
   380 306 310 376 274  12  81 287 385 255 374  43 273 267 372   8 320
   101 356 263 139 292  12 239 111 107  34]
  [  0  28 302   0 377 168 141 312  40 286 136  92 196 221  77 159 151
   183   4  28 122  12 208 235   6 277 239 381 188  58 244 316  33 173
   119 112 365 303 272 188 198 138 364 339 205 391 390 259 362 393 396
   178  68 288 205 224 275 273 372 322 391]
  [  0 118 285 387   0  45 274 209 143 224 392 201 130 119 236 380 283
    22 388 351 161 385 175 208 282  61 194 234 219 286 237 357 116 147
   382 153 105  68 284 187 168  32 125 319 186 274  94  68 252 248 394
   135 360 121 217 105 112 332 298 137  49]
  [  0 213 334  12 188   0   5 330 341 386 224 118 227  39 243 171 395
   290 199  27  73 294 343  16 296 386  51 149 335 391 354 200 280  83
    39 293  63  15 161   0 263 270 288  71  79  12 280  32 322 129  67
   312 158 318 100 295 300 300 295 394 360]
  [  0 235 207 334 215  97   0 185 381 282 315 268 131 311   4 311 382
    60 371 338 253 133 350  46  13 176 242 177 187 299 182 223 219 383
   148 101 290 372 263 170 172 326 239 260 313 127 389  15 111  25 355
   143 291  42 261  42 250 176 112 152 392]
  [  0 119 339 363 337  67 318   0  13  25 224 188 280 254 366 172 191
   103  63 339 342  99 183  69 252  72 212 301 265 258 271 268 374 206
    79 158 302 260  93 297  55 193  95 379 274 173  37 253 389 102  74
    79 124 306  18 143  33  39 237 272  31]
  [  0 138 261 233   9  77  49  41   0 252 256 305 194   5   0 110 152
   259  23 302 341 327 196 194 308 298 319 387 122 299 124 197  63  61
   329 116  68 381 208 129 345 116 334 293 165  44  14 357  36 309 277
    19 168 136 126 297 249  46 387 334 105]
  [  0 372  34  21 196  51  70 217 384   0 105 332 357 332 155 271 339
    64 264 130  60 142  69 214 105 255  90 163  78  38 249 154 222 351
   133 388 186 333 293  62 166 133  34 191  62 359 245 221 219 105 166
    72 285 294  67 166 163 237 381 328   8]
  [  0 206 147 144 165 249 175 334  42 126   0 215 191 245 393 117 377
   145  69 232 336  96 385 278 146 118 331 347 323 217 259 265 183 251
   195 134   8  44 163 298 192 325  74 149 316 178 136  56 133  21 156
   246  89 284 179 267 181   0  79 251 197]
  [  0 328 373 354 206  62  22  58  32 106 386   0 380 350 180 392  51
    48 321  27 200  48 199 195  79  48 217 172 338 285 142  30  79  58
    22 266 178 339   7 104 153 360 122  66 173 240 158  85 208 247 385
   352 229  62 197 193  86  90  38 189 388]
  [  0 327  56 332 178 270 371 324 281 284 316 198   0 132 240 258  29
    72  90  97 240 130 316 299   5 382 319 251  27 196  95 247 284 232
   150 365 361  95 396 271 315 229 313 341 330 185 182 254  13 164  87
   279 157  57 298  75 304  44  81 290 195]
  [  0  22  61 379 373 198 167 323  61  39 241 369 247   0 183 284 239
   306   8  25 148 223 315 147 209  33 210 219  19 355 256 249  42 241
   179 350 111 363 194   8 369   1 323   0 317 272 260  28 382 150 134
    76 188 233  12 315 294 105 381 349  83]
  [  0 189 112 319 249 368 267   1 250 265 251 199  53   2   0 241 275
   356 290  66 184 198 352 355 144 360 184 332 339 131 362   1   9 256
   327 216 260 101 267 384 307 261 389 326 260  53 374 145 179 228 379
   116 118 276  82 355  10 392 290 348 200]
  [  0  98  85 276  91 381  13 129 360 105 178  82 189  82  67   0 136
    60  50 120 168 112 249 144 108  37 122  53 228 172  34  24 134 323
    56 132  63 253 228 287  68 396  39 264 153  31 126 152  80 232 254
    91 150 170 356 353 169  69  87 131  43]
  [  0 278  99 296 273  20 340 354 356 316  13 101 388  51  90 363   0
   229 125 198 303  29 217 211 157 223 273 326 390 363  18  92 119 126
   318 378 336 388   0 239 203 179 239 238  42 315 266 149 264 383  74
   345 333 367 325  19 311 268  13 377 347]
  [  0  36 138 349 233 327 112  40 103 215 360 278 250  85 238  39 355
     0 365  29 310  38 177 261 282 205  89 357  64 341 212   9 337 104
   296  63  66 209 239 172  76 194 288 203  79 268 167  69 210  37 297
   296 326  68 161   8 377  83 309 146 200]
  [  0 110 101 185  33 321  84 299 217 343 292  23 363 288 147  31 188
    19   0 264 355 142   1 216 116 237  29 215 305 369 168 386 172  28
   200 361 339   2  99 241 304 155 382 270 176 371 285 142  82 239 342
   255 238 214 333 177 350 339  52 354  17]
  [  0 343 359  16 182  69 363 250 296 378  94 301 328 285 324  29 209
   292 367   0 301 184 176  57 333  47 222 124 136 112  23  55 325 188
   307  53  39 332 215 273 207 172  66 340 180  45 261 341 276  62   8
   321  62 156 331 147 161 326  32 104 210]
  [  0 298 371 274 396  94 306 220 233 345 362  61  97 106  78  63  43
    29 256 192   0 110   8 187 158 198 159 121 235 154 122 274 225  43
   232 290  32 207 209  74 362 276 310  64 336 114 222 147 107 153  65
   343 301 338 365  46 175 227 257 133 188]
  [  0 207 276 350 124 194 382 284 140 181 239 300 149  79  13 146 287
   254  86 212 225   0 260 246 367 213 395   3 209  21 335  24 383  87
   267  66 285 221  23  40 185 210 107 142 110 338 379 260  33 333 103
   131 354 318   2 261 105 323 365  80 384]
  [  0 396  70  90 357 123 285 110  90 249 146  21 176  91  94 239 382
   252  98 296 287  44   0  67 303 121  12 182 239 390 394 243  29 392
   232 299  55 390 304 185 158  63  50 386 128 205  61 354 352 369  46
   347 192 369 177  34 274 239 312 218 127]
  [  0  28 110 341 321 195 356 376  25 289 120 185 213 344 368 236  73
   105  24 281 307 338 159   0 270 325  24 135 342 357 285 333 110 366
   166 322 310 136  13 162 387 276 184  40 368 375 329 129  51 161 168
   138 286 263  58 206 327 129 313 255 392]
  [  0 334 325 244  92  30 330 363 254  89 123  25 380 110  57 289 225
    31  17 259  20   0 165 323   0 126 375  15 130 254  54 117  84 389
     3  87 378 301 341 326 382 227 163 258  26 313 257 111 120  77 123
   113 316 247 189 135 393 204 280 392 125]
  [  0  98 272  35 111  21  85 308 296 198 212  14 217 251 384 177 114
    74 122 203 216 396  26 157  62   0  56 130  60 136 290 332 139 372
    54  47 375 339 245 190 125 332 370 312 203 344 231 373 293  11 229
   154   3 305  20 181 236 282 338  78 135]
  [  0 292 301 106 354 334 240 321 357 269 298 210 356 335 358 336 144
   109 307 189  11 133  45  55 245  23   0 393  20 216  60 229 369 166
   171 132 328 288 374 141 131 183 362 287 102 323 246 189 205 315 242
   212 281 362 338  42  81 187 286 200 329]
  [  0 379 235 222 342 270  74 122 280 136  34 191 187 241 342 315 194
    66 291 363 204 155 368 266  40 344  32   0 215 171 131 130 275 236
   384 141 168  33 187  42 317 114 194 287  78 290 388 162 281  82 389
   223 311  88 256 299 307 377  90 198 197]
  [  0 126 392 385 113 338  15 236 293 277 330 100 273 188  77  21 221
    74 161 233 217 150 220 333 336  33 227 352   0 240 367 215 104 118
   349 125 106  54 128   6 289 387 323  98  16 146 261 169 260 323  86
   142 360 155 205 326 307 142 140 242 210]
  [  0 223  15 233 160 352  18 129 335 268 151 279  27 289  58 130 185
   342  97 123 377 330 229  66   3 320  11 222 247   0 242 231 131  76
   247 128 207 293 370 242  16  89 219 358 200 312 224 210 124 204 346
   205 246 329 364 251 187  58 127 140  97]
  [  0 264 288 389 284 127  96 268  32  92 175 216 247 380 119 114 351
    21 309  85 129 124 109 187  84  55  15 153  53 354   0  92 286 380
   157 136 150  24 320 265 169 235 316 123 255 303 262 185  14 380 363
   258  58 218  42 109 194 204 233 115  49]
  [  0 317 165 372  79 221 388 253 391  52 265 274  28 207 209 247 289
     7 322 192 210  22 151  44  79  40 230 154 160 241 313   0 119 171
    81  81 233 376 237  34  74 111 277  10 220  79 131 136 329 133 187
   234  15 300 217 366 282 132 246 209  43]
  [  0 209 390 310 179   7 235 382 247 263  45  22  49  22   2 264 178
   175  46 345 105 373 219 123   8 312 249 150 234 133  80 249   0 128
   199 393  54  21 299 191  89 380 358 292 178 144  11 241  27 219 158
   176 315 343 363 218 313 278   5 282 297]
  [  0 325 119 173 211 145 305 116 322 364 118 103 381  31 325 318 217
   251 254 327 302 225  80 376 196 290 127 264  64 282 217 284  86   0
    34 124   0 365   7 383 222 370   3 328  85 354 315 173 167 328  22
    25  15 122 231  88 239  82 348  50  69]
  [  0  95 258 391 252  43 171  60 187 305 132 140 137 145  26 269  23
    31  67 359 334 148 369 252 393  29 380 163 307 145 204 249   5 375
     0  77 113 120 372 298 320  48 228  51 350 225 381 316  72 380  31
   345  52 366 197 126  60  57 285 156 121]
  [  0  21 227 369 372  81  82 134 181 372  31 285  57 128 137 354 301
   127  64 133 339  48 371 162 144  44 159 373 300  60 311 298 131 267
   102   0 253 345  98 275  85  44 235 213 114 348 186   0 147  85 225
   309 118 298 392 264 313 325 171 266 102]
  [  0  61 346 319 129 109 223  95 217 393  88 262  13 173  82 321 130
   138  85  93  20   1 286 390  83  45  21 284 214 139 287 267 119  16
   115  65   0 344  44  11 225  27  60 223 381 368  30 310  18 336  57
   242  63  88  52  64 360 284  65 361 212]
  [  0 240 229  44 113 144 182 137 247 261   6 112 181 384 176 135 346
   207 313 367 374 193  43 242 317  70 296 163 305 282 220 253 249 183
   343 113 306   0 306 254 318 224 185 339 391 161 295 200 122 330 335
   212 165 213 318 125 147 285 142 272 316]
  [  0 330 358  34  59 217 292 343 258   3 138 371 285 142 335 106 104
    66 284 325 168 330 375   6  39 223  54 327 143 332 178 350 116 258
   356 322 226 184   0  43  92  10 257 388 206 319 323 118 249 283 171
    70 175 197  70 193 181  59 334  38 246]
  [  0  94 377  66  41 258 253 375 171 147 139 194  29   6  80 235 346
    73 302 165  64 297 161 275 199 167 129  60 184 144  18 221  54 285
   131 245 237 135 201   0 346 146 213 120 362 223 127 228  81 328  29
   246 293   4 167   7 207  85  69 109  15]
  [  0 284  53 210 394 248 287 185 127  38  79  95  22 285 389 160  69
   334 207  33 174  47 312 281  26  37  98 287  26  84 209 219 391  89
   177 122  30 189 134 393   0  67 314 216 383 343 380  28 370  13 237
    98 340 287 225 114 247 377  11 370 230]
  [  0 392 112 226  28 155 277 147 177  59  38 325  82  78 105 191 112
    21 388 167  97 175 221 232 148 176 347   0  49  26 293 267  18 148
    12 282  21  17 347 392 308   0 328  10 251 199 162 235  90 130  33
    52 368 393  15 253 190 112 391 283 253]
  [  0 159  35  28 141 134  79 292 119 312 115  34  18 389  16  45 307
   107 118 306  26 274 274  99 152 111 350  77 291  24  91 113 256   6
    70 237 194 124 224  20 156 213   0 211 364 330  50 373 312 311 301
   269 347 330 283 172  67 362  50 225 264]
  [  0 241 257 252 286 285  78 371 177 287 268 322  47  43  44 295  48
   136 366  96 127 262 134 287 255 153 297 387 169 156 311 126 120 350
    52 183 183  46  72 239 388 218 125   0 290  13 300 160 118 341 347
   284 143 126  14 390 213 352 214 358 118]
  [  0  49 281 248 292 358  16 326 253 204 348  50 389  48 137 135 164
    47 203 336 109 144 104 210  71  40 127  43 158 324 212 291 259 351
    43 322 281  50  64 141 304 128 288 382   0 320 106 319 136 274  67
   188 269 142 380 217 175  22 369  92 354]
  [  0 231  91 101 111 336 118 133 199 249 390 181  28  85 147 287 191
   303  65 169 366 216 118  77 171 273  60 137 356  77 167  39 284 383
    12  89 333 342 380  63 388 323  83 236 322   0 367 326 290 113  48
   302 228 350  72 295 118 330 383 298 278]
  [  0 302 253 282  31 376 396 160 239  44 185 361 219 395 223 388  42
   238 107  30 158 389  11 204 179 175 332 177 386 117  33 140 286 270
   284 199 361 118 212 125 105 346 122 319  60  52   0 296  71 158  17
   219 315 354  15 151  96 200  40 218 302]
  [  0 283 326  75 134 218 393 211 339 104  47  73 339 123  42 188 235
   363 176 230 342 189 209 188 165 325 215 173 191  65 197 252 321 328
   265  40 249 373 363 371 173 217 200  70 295 234 321   0 325  40  77
   394 128 395 143 135 281 140  27 100 394]
  [  0 389 160 280 315 196 375 371 232 147 170 374 376 176 271 147 357
   259  39 308 325 113 188 218   0 196  41 203 255 363 270 181  42  17
   310   5 338 311 162  34  16 207 230 269 179 251 387  54   0 201 183
    47 345 146 229 309 313 126 314 243 282]
  [  0 154 386  54 368 345 351 356 246 104 360 214 186  42 295 290  46
   344 135 181 232  53 183 376 361 117  22 158 174 204 169 288 257  74
    90 298 159 378 257 385 331 128  34 369 209 239  63 260 158   0 182
    84 211 221 187  78 360 293 331 184 248]
  [  0 345 215 266  43 256  90 117 125 149 305 355 277 278  42 262 157
   370 372 128 193 170  16 283  85 202 300 232  49 329 247 264 294 341
   250 313 141   1 372  43 312  68  99 177  25 209 389  47  67 224   0
    10 321  52 231 368 393 354  51 178 110]
  [  0 320 366  43 393 353  40  17 110 150 297 281 245  81  18  47  30
   137 113 219 253 182 117 355  33 210 184 333 230 313 250 274 296 234
   370 362 238  61 123 293  13 208 268 378  39  30  32  74 106 184  91
     0 133 163 300 284 239 132 279 162 359]
  [  0 358 249  32  69 249 391  35 386 165 260 168 109   7 389  27 162
   228 117 237 302 239 197 241 223 373 197 341 158 220 278 124 229 206
    95 311 205  32 341 149  91   9 391 381 179 336 334  98 277  23 200
   305   0   6 269 194 218 385 307 113 284]
  [  0 212 284 282 170 303 104 372 314 283 355  45  98 194 334  64 333
   123 169 108 353 291 168 208 158  51 341  24 143 290 394  45 146 219
   168 155 318 157  60  82 368  45 259 240  45 106 346 256 314 352 332
   274  42   0 363 298 312 166 359 278  90]
  [  0 348  30  11 279 240 168 192  48 256 118  81 316 130 274 281 128
   325 165 120 192 203 189  75  50  35 287  10 267  19  20  85 351  62
   305   4 142 115 376 260 243 101 197  18 122 312  75  38 215 137 111
   114 191  97   0 195 105 133 318  83  80]
  [  0  85 304 227 305 110 310 269 339  22 119 191 172 225  36  40 363
   108  33 218  60 322 156 257  23 106 246 175 352 150  61 317 314 199
   264 321 157 378 148 104  48 182 360  20  64  58 308 284 354 160 199
   165   9 234 268   0  45 311 372 165 285]
  [  0 150  13  42 344 258  93 308 285 199  92 258 313 133 126 373 298
   331  19 209  39 319 268 373 280 389  11 254 387 229  87 192 219 101
   162 265 380 381 299  58 365  12 135 109 298  95 336  22  68  60  84
   149 253 286 287 130   0  90 305  47 178]
  [  0 305 113 261  95  90 148 325 341 274 144 126 132 267  76 379 372
   204 212 293  28  24 379 226 197 162  78 154 368 100 154 130 203 151
    45 370  90  59 322 177 396 105 155  71 170 352 186  85 239  21  31
   366 251 156 197 137 232   0 361 302  65]
  [  0 109  98  17  59 130 130 169   8  77 183 128 355 273 376  48 279
   293  68  33  48  86 114 111 377  66 101 334 218 306 115   1 368 265
   174 148 239  99 347 314 351  30 278 334  38 116 360  93 108 275 186
   366 134 309 199 394 290 383   0 185 395]
  [  0 204 375  37 300 255  37 272   9 385 324 220  96 202 207 127 394
   222 161  97 282 106 342 120 298 263 302  40 132 240 350 359 311 204
   186 311 197  57 300 279 219  11 383 155  15 125 320  52 276 187 293
   196 201  79  15 260  15 353 320   0  96]
  [  0 129 245 213 162  44 275 342 341 164 370 188 249  69 233 175  24
    41 138  85 359 365 282 117 285 309 115  71   9 240 182 187 299 263
   162  33   6 336 103   1 261 312  38 207 140  88 342 192 112   2 251
   393 363 210  36 372 162 173  14 326   0]]

 [[  0 348 191 183  62  92 100  35  42 205 132 269 131 152 394 144 115
   347 138  62 100   8 141 169  96 257  49 306 322 306 331  85 333 373
   149 184 127  67 143 102 395 329 276 162  44 147 204 251  98 317 117
   310 211 100 375 250 249 148 382  73 136]
  [  0   0  62 376 199  55  71 139  79  23 166  42 322  66  19 180 193
   147 183 202 335 165 395 178 334 191   2  73  75 270 116 265  30 144
    27 364  36 381 218 298 338  34 360 113 195 227   9 353 244 162  80
   263 217  77 335 240  23 252 219 202 309]
  [  0 171   0 214 310 370  75 253 134 199 124 379 334 396 172 327 355
   299 132  13  82 293  44 101 190 170  63 351  36 212 350 310 256  89
   341 154 141 259 335  17 231  88 309 103 271  46 364 155 298 285 130
   209 160 358 113  60 311 188 349 195  26]
  [  0 235 130   0 228 140 191 286 327 245 218  51 192  60 278 363 289
   236 154  69  50 285 279 138 221  15  10 170 357 247 233 307   7 356
   197 253 168 252  72  86 343 385 340 160 154  47  19 232 140 384 204
   227  56 374 273  46  80 154 361  98   1]
  [  0 111 351  61   0  46 159 118 340 353 254 297 141 191 154 383  36
   179 306 195 303  23 283 152  39 250 106 323 383 150  16 119 138 150
   273 390  80  93 126 106 338 248 206 344 330   9 382 136 238 396   3
   214 339 232 307 337 293 193 174 349 166]
  [  0  10 143  74 191   0   5 121 135 150 176 353 293 187 342  93 116
   278 226 140 249  28  30 249 227  85 220  29  79  80 182 326  68 338
   391 210 228 259  34 128 280 273   1  99  47 281 129 151 379  43 284
   167  67  89 339 101 149 256 158 176  98]
  [  0 119  92  47 229 260   0 270 242 205 315 248 102 361 361  48 186
   147 323  98 214 386 223 274 192  18 334 132 196  37 283 168 273 181
    43  31  69 273   3   5 363 113 393 319   3  37  42  70 214 257 212
   379 384  63  41 384  85 199   0 388 343]
  [  0 198 360 306 264 224 347   0   3  73 337 213 353 318 368 157  64
    82 355 290  12 260 298 228 250 375  21 140  15 311 102 318 262 310
   366  42 205 225 317 388  28 353 234 360 348 342 137  94 127  92  43
   287 191 191 330 111 276  97  55 288 168]
  [  0 274  23 390 258 379 293  59   0  58 329 345 365  21  65 156 358
   257 323 250 266 214  52  49 248 121 355 133 272 237 343  37 262 187
   181 154 342 279  82 257 367 320 171 266 339 313  27  95 118 351 266
   146 223 198  37 167 388 161  28 277 221]
  [  0 157 334 107 177 390 264 100 344   0 108  30 260 151 195 143  27
    77 129 238 381  35 284 222 122  79 165  84 213 123  58 119 236   1
   216  64 273 119 317 240 307 254 331 248 137 170 317 380 375  69  60
   375 116 388 110 201  86 361 391 328 370]
  [  0  46 313 241 193 194 113 244 376 124   0 182  85 165 226 315 378
   202 275 195 154   4  67  46  94 116 374 268 202 258  79 345  52 170
   317 160 189 326 195 330 320  98 246 383 308 298  27  42 186 235 108
   197 327 268  60  80 261 199  78 269  73]
  [  0 342  72 127 355  91 380 278 163  21 130   0  62 225 271 232 369
     2 131 284 149  20  12 144 244 257 174 130 191 159  13 384  80 306
   258 181  55 232 141 258  60 339 357 116 380 231 164 188 203 131 247
   350 201 270 247 108 328 377  58 290 119]
  [  0  40 185 285 311  81 166 305 192 329 299  87   0 167 127 312 291
   352 256 109  39 273 381 130 347   9 246 364 120 320 268 227 136 317
    20 271 120 244 163 311  47 382 260 255 382 346 199 356 333 173 111
    32 185   3 381  10 207 118 110 220  36]
  [  0 320 190 254 252  61 226   8 270   4 357 384 294   0 153 334  50
   229  31 325  11 140 216 227  68 247 320  59   4  11 228 107 357 390
   151 171 377  22  25 160 386  75 122 115 129 226 259   5 208 264  12
   278 141  55 307  41 394 172  41  76 340]
  [  0  13 130 223 374  38 223 328 133 290 237  40 381 190   0 306  58
   104 351  15 358 286 263 150  97  91 359 103 233 203 388 128 136  36
   185 279  69 361 217  46 156 217 247 241 165 149 126  65 155 256 121
   172 156 180 306 172 320   2 303 322  14]
  [  0 161 106 310 376 240  50 204 145  71 100 111  20 176   0   0 338
    39 252  46 133 250 270   8 330 302 388 211 108 378  22 259  25 163
   187 373 298 214 271 104 214 294 265 269   6 304 296 368 197 125 297
   215 242 112 144 241 134 124 354  57 123]
  [  0 326 131 273 273  58  41 245 122 234 275 226   8 242 304 377   0
    92  19 238 219 174  51   2 199 158 253 376 383 148  83  34 291  47
   276  18  75 145 197 240 226  29   4  14 234 171 139 230 189 132  29
    13 167  28 158  14 387 324 299  45 209]
  [  0  32 118 208 256 138 105 292  28 181  94  45 361 375 165 155  64
     0 358 395  99 383 118 315 316 331 362 210 368 226 335 307 381 306
   225  70 157 384  41 342 336  81 299  83  87 308  11 216 138  96  95
   199 362 264 377 225   2 308 286  27 219]
  [  0 192 110  40  90 239 176 377 102 306  49 344  20 356 125 112 385
   184   0 169 201 239 243   0 124 324 354  43 115 289 156  23 110 320
   146 147 149 273 258 170 204 257 301  18 328 140 265   9  69 114 240
   252 205 109  70 349 157 240 253 350 231]
  [  0 124 393 200  28  85  62  90  98  94 250 171 293 184 162 137 157
   317 290   0 391 293 269  41 392  83 339 331 289 178 377 117 387 174
   331 291 251 384 303  69  46 365   2 277 376 208 115 310 338   9 329
   344 135 124  12 351  84 203 155 121 354]
  [  0 133 295 102 205  64 256 246 114 204 312 288 317 300 147  24 193
   158 351 135   0  42 375 387 320 195 389 122 146 195 232 391 226 204
     5   4 176 123 394  38 142 132 388 206  99 330 198 331 150 161 373
   262   2   4 281 225 103 136  55  52 193]
  [  0 311  70  44 381  72 251  17  93 112  58 303 336 230  50 136 373
   260 215 322  56   0 132  60  66 278 356 252 228  91  44 277 172  25
   322  40 319 123 170 117 268 285  78   9 129 348 231 303 200  43  89
   322 114 258 196 375 188  44 247 143 186]
  [  0 374 126 132  50  21 294  17 230 214  69  62 309  48  36  59 286
   180  25 224 204 104   0 352  38 228 267 144 106 183   9 290 152  92
   168 315 276  19 157 188 352 325 123  91 177 171 304 377  35 108 211
    84  78 396 112 376 298  23 158 137  70]
  [  0 221  21  65  34 388 128  98 102 165 358 275  19 122 377  92 100
   148 338 249 202 151 142   0  36 337 391 274 254 221  30 301  51 210
    20 391 395 107 179 100 392 227 235 296 277 171 234 193 294 206 235
     4 265 375 182  12 208  62 304  55 295]
  [  0  23  62 128 386 395 387  56  44 267  39 379  14 220 372 293 360
   261 380  23 328 366  21 356   0 165 214 360 232  94  53  82 153  25
    20 386 287 317 282 381   9  57 231 212 339 157 146  45 219  65  70
   279 346 340 366 114   2 366  91 294 340]
  [  0 300 309 279  69 257 163 159 343 358 257 300  26 138 269 264  54
   225 277  77 180 198 369 146 218   0  65 242 396  88 131  56  43 238
   122 219 282  61 347 130 104 319  80  73 237 261 223 271 169 386 336
   175 152 102 333  60 185 346 292 292 281]
  [  0 365 179 193 223 108  45 296 310  74 362 233 294  73 149 254 238
   365 272 180 177 218  39 259 144 211   0 326 389 161 280  26  54 187
   347  47  26 235 164 321 199 242 157 121 255 387 381 183 254  78 167
    31  97   7 219 269 380 283 356  16  21]
  [  0   7 275 363 162  31  92 122  59 376 181 343 209 133  48  24 258
   247 207   9 178 158 175 108 367  57 142   0 236 293  50 210 247 312
   139 229   3 102 133 389 300 334 140 299  62  44  51 336  60 292  53
   120  48  15  96   3  13  52  67 361 285]
  [  0  12  90 201 315 303 238 268  41 254 358 118 207 159 357 382 328
   134   1  78 380 154 292 387 271 247 313 367   0 251 194  23 148 152
   326 113  76 141 362  36 326 367  95  33 341 170  67 278 361 199 345
    85  26 115 268 366 155 332 350 342   0]
  [  0 171 274 188 218 139   7 170  73 172 174 395 271 151 190 176  33
   231 178  97 343  65  21  64   8 286 270 314 209   0 370 349  44 394
    27 316  54  26 283 378 199 111 324 296 188 155 366  81 332 191 357
   268 352 356 360  39 359  48  14 118 295]
  [  0 361 225 215 391 299 369 172 179 220 373 181 123 310 249 121 217
     9 278 126 348  18 278 318 106   9 182  30 361 127   0 297   7 144
   103 167 136 283 348 344 125 232 100 396  23 252 264 384  10 157 357
   383  71 211 331 206 211 364 187 377 222]
  [  0 135 188 212 229 103 131 328 310 112  50 176 205  40  89 261 350
   237  35 276 331 342 353 356 166 185 179 263  60  81 374   0 195 160
   133 340 338 357 330 274 187 363 188 396 242  41  74 189  19  53  52
    78  10 144 219  57 121 348 116   2 245]
  [  0 389 255 207 386 201 166 227 129 166 333 102 325 260 201  17 108
    20 187 252  37 358 136  68 206  39  24 371 224 238 133 238   0 258
    79 204 160  86 197 101 168 174 263 283 341 273 240 115 250 298  92
   331 163 231 165 349 260 358 302 181 129]
  [  0 234 267 220 320 277 379 109 338 320  40 263 329 323  44 175 175
    97 272  70 286 290 274 196 317  59 315 172  45  35 391 133   7   0
    39 198  89 192 211  15  55  81 278 262  23 303  57 221 383 311  54
   303 114 389  91 275 355 134 120 247 352]
  [  0 385 237 106 192 244 385 245  64 245  55 383  64  41  38 146  59
   122 337 314 357 171 166 307 300 315 228 166  83 308  42 179 196 182
     0 249 271 365  71 269 336 271 353 186 125 184 180  41 149 226 308
   345 377 195 334 150  15 264 324 152 189]
  [  0  87 216 103 352 228 247 173  22 111 133 257 295 184 129 231  14
   303 351 111 113 382 352 138 295 389  44  47 119   1 355   4  95 227
    83   0 339  59 105 323   0 259 316 193 110 265 201 338  83 377 295
   106   9  23 331  89 303  49 253  49 122]
  [  0 285 387  81 255   8 257 240 109  81 320 119  31   9 353 217 152
   363  52 261 350 192 273 296 340   5 127 156 175 307 336 149 389 292
   123 318   0  40 291 117  47 164  63  58 291 186 181 168 165 320   5
   280 135  15 375 320 205 193 361 203 291]
  [  0 144  80   3 369  41 232  69  93 219  52 135 240  99 372  26 199
   154  27 165  94 347 140 108 384 240 374  38 364 309  36 167 112 114
   295 219 210   0 313 215 351 120 299 125 375 317  31 274 242 132  84
   243 318 116 350 161 317 393 163 269  40]
  [  0 315 339 304   4   1 101  62 338 203 329 295 241 203 382  47 295
   371  18   8 249  95 235 225  45   5 308 153 223  16  43  47  85 312
    62 311  40  57   0 110 333  93  55 313 347 382 293 335 173 108 339
   381  47 346 178 359 294 231 174 179  49]
  [  0 376 296  86 190 205  85 112 209 171 353   5 286 321 366 244 311
   144 283 116 242 236 185 177  22  81 349 320   8  28  45   4 277 260
   112 263 288 273 351   0 280 104  46 166  38 140 168  63 229 211 284
   173  69 114 163  94 225 211 253  86 177]
  [  0 201  82  39 127 254 282 262 357 235  47 257 164 101 267  90 138
   331 246 187  72 379 114 166 193 364 333  57 272 297 278 268  61  74
   340 260 100  63  92 151   0 377 234 186 225 260  85  25 153 260 227
   238 122 289  51 143 128 187 219 254  45]
  [  0 365  93 169  44  56  74 302 218 212   7 279 298 332  46  27 157
   368 253 323 300 383 195 238 391 385 134 212 102   3 349 395  76 319
   114  55 105  51 275 126 231   0 247 109 135  10 385 318 345 252  42
   245 136  52 161 349  85 181 155  88 335]
  [  0 110 150 337 141 315 194 394  24 278  11 153 260 194 377  89 255
   289   2 309  25 108 201 253 108 196  81 153  94 306 342 240 382   7
   151 326 123 373  90  38 263 158   0  26 352  34 240 144 301  77  13
   380  31 185 389 113 393 190 112  73 357]
  [  0   4 194  71 259 315 377 354 333  34   9 100 262 154 343 258  15
   108  24 312 266 239  35 200 211  97 121  16 293 383 353  25 192  33
   335  98 351 283 225 247  32 274  13   0 272 102  88  74 148  17  17
   316 230  23 301 200 236  56 157 307 349]
  [  0  92  43 269 318 314 221 210 238  12  28 160 140 266 149 236 115
    22 161 129  31 349 325 205 267 157 148 350  64 200 313 329 368  22
   247 213 315 270  56 157 236 236 368 349   0 238 184  66 153 251 166
   169 199 242 330 200  80  94 333  80 140]
  [  0  67 308 221 351  46 188 390 167   7 208  75 286 347  17 267 127
   378 323 333 189 167 390 209 303  30 302  88 152  51 122 149 273 304
   188 213 322 237 321  79 100 287 235 231 164   0  59 374 340 377 205
   363  86 241 281 133 118 366 126 165  98]
  [  0  18   2  23 160  12 173 168 256 170 312 212 231  51 333 181 223
   202 156 172  93 241 190 322 102  16 353 163 322 350 186  26 106 239
   285 188 160 279 290  73  33 111 296 121  32  65   0 383 337 340  14
   253 366 390 203 171 319 212  49 227   5]
  [  0  27 279 275  60 364 113 236 343 265  25 120  29 364 120 233 335
   165 393  36 136  93  46 228 141 317 346 351 230 305 103  57 365 221
   187  85 256 285 254  61  71  17  35 254 380 322 276   0  29 363 355
   288 236  49  15 265  12  86 311 294 285]
  [  0 262 195 310 374 151  50 147 139 208 386  67 214 307 340 285 234
   145 213 266 361  61 147 187 244  30 370 327 373 228  58 344  19 288
    76 226 309 337 211 314 273 174   4 384 279  38 372 286   0  46   5
    47  75 339 264 113 154  57 123 200  20]
  [  0  65 273 211 106  84  97 283  91  36 329 296 114 141  21 315 167
   388 260 112  81 181 111 304 316 111 372 228 178 131  92 352  41 230
    63 209 276 191 258 317  24 395 383 174 328  11 234 217  86   0 143
   332 142 216 196 169 255 388 161 236 357]
  [  0 361  76   0 193 103  34 338 272 145  80 393 255 224 195 179 131
   214   6  46 149 382 172  92 393 132 385 267 111  67 372   7 325  64
   309 108  81  72 278 142  21 213  37 121 123 159 181 275 122  25   0
   243 298 114 203  23 139 352 281  32 266]
  [  0 313  98  58   1 381 291 240 182 176  13   8  44 365 115 234 195
   120 380 342  24 192 205 248 350 319 213 258 192 182 178 304  95 246
    48  70 110 376 386  70  33 238 355 358  84 346 162  49  24 187 258
     0 246  12  82 390 192  91  54  33 284]
  [  0 136 386  14 364 306   6 327 201 302 305  99 341 241 228 159 141
   136  35 378 289  95  41 196  75 313   9 365 185 242 393 282 335 144
   173 210 118 239  38 127 275  47 149 140 204 315   5 149 244 267 110
    93   0 206  21 279 113  78 280 172  14]
  [  0 205 262 103 282 357  84 252 157   1 235  27 319  57 336 105 118
   318 368 314  22 364 257  24 322 273 114 191 378 320 117 284 243 225
   344   3 354 131  26 180  22  36 183 388 256  73  39   7 349 182  95
   325 308   0  91 168  35  19  80  50 200]
  [  0 101 313 391 349 143  52  56 111 366 302   4 334 354  77 332 284
   290 387  12 170 390  82  58 321 279 291  46 143 340 222  41  20 378
   331 214  60 158 271 317 353 177 117  88  85 165 199  36 256 280 147
   166 133 325   0 156 334   8 333 309 340]
  [  0 340 279   9 180 217  20 211 352 174 375 278 131 153  91  49 216
   218 286 225  80 214 254 137  25 264 184 117 340  49  72 338  75 350
   249 161 232 104  87  55 221 363  16 175 206 167 163 103 318 208 200
    54  47  69 132   0 234 353  79 204 385]
  [  0 225 121 348 331 275  75 333  26 292  30 275 190 348 200 126 285
    29 200 362 331 217 248  72 198 385 284 356  89 137  91 377 153 170
   109 329 267 313  43  71 148 376 336 276 209  14 202 137  27   0 388
   347  86 260 357 326   0 121 162 160  76]
  [  0 176 347 154 335 376 150  78 338 275 103 323 377  44 226 261 120
    30 381 309   9 299   5 370 232  68  11 122 136 138 262 155 396   3
   146 366 262 251 344 143 372 245 329 373 124 251  78 335 251  16 318
    10 187  96 208 375 212   0 187 263 248]
  [  0 146  95 247 377  47  12   0 190  55  98 257 281 190 180 370 259
   279 240 190   3  24 188 350 341  16 245 206 302 194 126 279 114 109
   204  14  82 115  47  52 254 382 213  67  56 237 383 193  46 223 259
    93 332 310  95 198  97 323   0 385 122]
  [  0  64 225 242 373 314   6 202  61  50  26  76 280  68 223  77 303
   289 144 319   4   7 167 208  23  39 326 228 287  55  60 281 332 282
   391 204  98 217 162 174  79 317 164 322  16  51 164 270 308  30 395
    43 195  86 330 360  37 142 269   0  11]
  [  0 295 217 371 257  19 383 193 214 148 152 218  16 137 316 258 154
   220  47 365 166  12  80 301 172 159  54 202 395  78 395 240 239 252
   131 381 240 189 308 392  75 209 371 142 242 201 213 279 388  76 190
   177 172 261 355 383 380 295 363 107   0]]]
release_time
[   0 1346  308  828  799  344  982 1011  624  465  530  511 1145  633
  256  696  714  825 1373  443 1128  271  809  737  783  754   22 1217
  769 1343  799  760  212  567  523 1166   89  578 1118 1109  813 1004
  734 1411 1258  492  819  137 1299  626   23 1073  180  588  931  701
 1116  124   73  599  562]
due_date
[   0 1569  391 1425 1567 1353 1350 1420 1450 1301 1438  577 1271 1276
 1256 1273 1155 1278 1427 1237 1128  517 1559 1479 1513  998   37 1616
 1479 1491 1505 1427  663  656 1198 1395  648 1370 1547 1259 1612 1195
 1427 1458 1303 1125 1236  228 1329 1193   29 1567 1215 1506 1529 1021
 1463  485  495 1309 1418]
unit_emission
[ 5 12  4 15 11]
emission_limit
24052.4
setup_severity
2.0
due_tight
0.3
due_range
1.0
release_tight
10
degree_constr
0.2
