mach
5
job_rate
12
weight
[ 0  6  4  3  7  7  4  6  1  3  3  9  8  5  2  4  3  9 10  7  5  1  6  5
  9  2  6  2  1  9  8  2  1  7  1  6  8  4  5  1  7  4  4  9  8  7  5  6
  6  5  3  4  6  1  6  2  1 10  4  1  6]
proc_time
[[  0 108 106 127  89  99  84 141 145  73 110 122 118 138  75  86  62 133
   89 124 105  92 112  76  83  66  50 102  89 145  73  55  58  88 142 124
  117  92  69 116  85 106  90  65  64  93 109 138  53  96  69  96 102 115
  141  90  76  65  55  52 103]
 [  0 145 127 149 114  64 149  83 100 125  72  78 115 123 132 133 126  92
   58 143  97 143 134 138 145 123 124 122 123 144  57 103  78 142  98 114
  139  63  94 144  91 139  50  55  88  63 113  69 100 127 146 118 138 144
   53 142 101 126 149  62 102]
 [  0 118  72  84  51  87 111 143 150  75  58 132 100 114  77  94 113 116
   58  74  73  53 134  58  77 100 137 125  89  85  82  80 144  69 124  93
   98 104 108 138 112 131 118 126 102 107 122 108  84 125  88 104  61 131
   59  77  59 138 130  95  81]
 [  0  81 142  97 140  91  69  53 114 119 104  58 112 134  61  92  59 143
  103 102 105  50 136 106 117  81  86  69 107 106 147  52 136 134  90 118
  105 101 126  55 149  77  64 123  96  88 148  56  72  97 139 123 117  52
  103  73  97 105 129  66  88]
 [  0 117  72 108 115 118 100 103  63  98  61 122 146 111 136 104  99  64
   86 145 144 113 102 144 109  81  72  98  66  61  82 130  88 105  62 102
   54 126  80 118 125  86 121 112 102 106 121 125 135 116  66  51 119 143
  127 115  54  81 138 138 137]]
setup_time
[[[  0 296 163  18 286 191 179 229  65 367 157 286 199 341 289  58  41
   394 332 221  44 111 339 373 150 173 386 308 213 169 337 351 179 350
   403  11 251  36  70 351 232 224 272  42 357 402  61 182 293 140  54
     7 250  63 136  90  14 187 341 330 125]
  [  0   0 267 403 198  55 125 108 166 279 265 100 196 379 248  13  67
   384  89 121 309 212 405 259  76 279 312 180 392 407 239 339 309  54
   284  15  56 366  27 215 249 302 193 177  57  51   0  57  70 213  94
   238 335  44 330  94 121 276 158   2 264]
  [  0 368   0 226 337  27 258 158  72  43 245 341  55 340 282 328 294
   222 114 254 387 211 164 203 396 171 346 257  41  29 166 189 350 184
   214 264 284 374 112 367 288  68 226 138 116 328 219 215 117 219 182
     3 126 192 206  82  92  54 235 261 156]
  [  0 142 387   0 220 348 348  89   0 223 125 219  46  97  28 302 266
   144  35 197 178 394  82 180 392 346 214 369  83 132  50 256  77 158
   307 327  99 144 228  86 393 243  71  25 234 293  35  38 270  94 334
   329 277  46  78 334 129 324 229  28 145]
  [  0  80 373 361   0 225  52 173 333 126 328  76 246 327  40 346 189
   177 348 158 355 322 179  97   7  94  61 238  66 224 210  49  93   4
   272 354  13 370 341 102 240 255 173 221  99 194 111 157 335 226 120
    34 221 123 272 366 288 363 291 288 294]
  [  0 124   2 203 307   0 241  31 375 307  22  11 317 185 170 188  67
     5  71 234 342 344  85 268 101  53 217 256 335 406  66  50 135  43
   163 175  39 287  34 273  45  39 169 227 136 341 132 301 308 165 308
   295   3 160 356 185 202 328 118 238 196]
  [  0 247 340 125   1 399   0 188 311 381 338  79 121  78  60  44 256
    34  31 286  39 358  11 375 396 336 266 131 220 406 206 229 294  20
   129   5  65  14 137 304 337 243 315  72 270  57  92 372 165 295 149
   281 325 352 147 339 151 362 394 377  98]
  [  0  33 135 144 214  23  44   0  42  69 182  40 268  65 278 278 227
    24  65 296 166  35 106 204  39 325  26 148 372 227 317  24 226 398
   324 319 162  65 303 199  12 141 279  82  34 127 219 353 384  69  82
    71 218 179   7 282 323  55 389 144 286]
  [  0 372  39  96  54 130 180 358   0 406 148  17 332 204 325 261 207
   162 315 292 302 176  56 235   5 124 369 126  72 169 257 318 358 162
   375 259 343 117 372 112 280 124   7 239 364 287 167  19 296 260 207
   339 289 185  60 254 153 334  24 269 349]
  [  0 399 400 375  33  92 373 334 116   0 356 157 331 185  19  91 204
   127 344 275  85 307 148  24  80 230 267  20 206 348 198 330  61 146
   401 377 170 399 300 250  97 234 149 312 280 123 250  82 184 399 234
   233 143 246 356 179 335 311   7  57  99]
  [  0 368 361  12 276  60 182 339 384  79   0 257 187 157  66  98  88
    47 344 214 321 206  95 190 219 260 371 139   6  41 185  75 297 292
   353 340 121 300 266 330  61   8 149 406  21  63 214 384 175 139 386
   206 163 343 396 213 117 377  94  74 334]
  [  0  32 197 383 111 239 130 115 172 274 214   0 108 249 407 339  40
   151   7 227 323 129  54 163 255 287  96 133  36 183  11 185 134 160
    14 243 103 112  42 118   7 127   1  26 170 373 288 332 327 294 366
   197 211 396  16 230 282 161  34 293 352]
  [  0  62 234 395 274 169 336 120 273 290 380  97   0  57 149 308 327
   372 381 164  81 354  98 346 366 402 273   4 130 403  39 327 133 360
    53 371  60  15 249 240 189 249 152 166 360 105 209 121 366  34 356
   290 292 402 311  26 172 135 119 365 164]
  [  0 106 308 320 400 276 380 179 296 234 314 142 120   0 135 407  26
   318 378  35 240  59  23 122 154 256 138 333 225 268 344 230   3 270
   285 176 192 148  44  95 260   6 189 146 280 127 242 253 286  39 194
    86 119 225  75  85 308 198 232 327  11]
  [  0 101 140 216 118 166 344 175 299 173  32 320 268  87   0  61 218
   392 242 356 131 129 112 265 323 176 203  37 287 254 135  99 255 310
   141 293 320 270 374  60 136  31 405 127 334  50 397 161  93  88  58
   233 407 321 238 153 313 165 370 115  15]
  [  0 396 169 370 152 142 154 297 231 333 159 230 322  31 389   0   4
   349  21  12 393 179 170 354  97  80 232 349 190 383 384 290 391 114
   276 309 295 116  38 224 111  67 117 354 228 301 254 144  77 184 367
   106 246 401 407 372 319 109  61 378 126]
  [  0   7  40 177 345 345  14 180 311 284 266 120  95 386 284 379   0
   207 173 189 307 201  63 325 373 142 101 355 179 237 310 146 155 212
   162  64 306  12  70 188  16 251 216 311 247 199 345 301 274 231 339
   196 351 170 201 367 266  71 236 236 346]
  [  0 335 117  52  61 241 400  23 406 317 349  92 279 196 201 180 368
     0  13 166 107  55  62  83 333 163 118 125 202 320 224 304 369 393
   384 337  79  13   6 309 165  41 256 172 239 290 371 144  22 382 407
   204  75 279 251  31 103 237 186 191  18]
  [  0  85 264 145  28 174 300 387  89 187 331 389 103 369 326 111 393
   250   0 250 175 167  89  88 204 389  31 270 141  56  97  14 238 181
   155 349  86 158 186  76 361 156 140  43 229 342  38  31 149 173 253
   172 276 306 244 128 312 211 126 165 173]
  [  0  61 293 328 375 368  32 316 243 227 365  59 373 352 371  84 221
   138  43   0  43 314 403  91 376 137  66 274 176 277 374 126 283  58
   118 133 323 133  15 181  24  64   8 193 239  55   4  78 328 321  50
   314  43 314 262 186  87 246 101  19  75]
  [  0 240   8   8 110 223 333  84 341 355   5 176 373 236 258  52  97
   259 207 402   0 368 341 357   5 357 198  94 207 227 212 264  69  10
    24 285 329 390 381  35 385 232 257 245 378 226 187 372 402 179  17
   136 110  48 365 355 290  54 362  58 331]
  [  0  48 364 140  56  89 388  38 172  56 278 198 375 151  36 368 279
   152  43 383 365   0 309 273 228 119 311 381 170 289 271 369 390  98
    63 353  16 202 305 123 347 272 270 339  46 102  26  93  89 357  19
    69 405 146  11 118 271 180  32  18 324]
  [  0 275  45  95 400 164   8 106  82 207 406  54 165 368   6 132  96
   217 115 168 142 173   0 217 342 342 307  38 247 273 371 391 178  78
    84 134 374 308 186 212 284 268 147 309 285 381  46 360  20 145 125
   179 328 164 313 142 144  11 238 144 147]
  [  0 398 249  21 396 389 196 235 164 315 282 254 128 265 324 141 253
    79  82 333 164 226 123   0 229 355 297 392  72 170 341 346 289 403
   285 130 162  66  69 231  15 393 256 312 203 194 381 245 193  80 167
   294  50 394   4 397 295 365 134 186 265]
  [  0 395 284 187  61  35 372 341  14 373 295 201 329 320 284 290  24
    40 347 304 373  69 272 380   0 293 284 319 188 380 198  76  44 129
    54 344 396 164 301 159 160  93 366 118 270 365 201   5  80  33  21
    46 177 103 166 257 363 223 363 371 172]
  [  0 372 262 298 115 225  65 299 284 324 342 163 279 147  20  65 104
   116 204 272 321 310 355  67   0   0 138 300 362 124  93 136 183 131
   107 166  49  75 110 128 240 165 235 180 115 304 367 300 345 230 164
    22 115 364 225 269 224 302 161 124  43]
  [  0  75 363   9 359  87 303 201 125 128   5 388  36 114  16   8 103
   375 140 117 258  68 330 284 363  33   0   1 332 180  64 304 120 168
   230  38 285  89 202  93 264 229  46 124 184 122 405 264 402 299 274
   218 295 193  43 218 270 306  86 309 377]
  [  0  96 273 320 124 288 102 321  95 342 372  68 236  88 108  65 188
   247 395 189  50 391  24 404 207 406 233   0 128  83  29 381  13 228
   294 147 236  39 405 313 382 358 406 267 115   8 343 399 155 113 179
   107 335 302 253 356 201 237 197 368 138]
  [  0 285 373  62 158 171 316 281 299  12 387 284 300 179 171 282 137
   135  92 194 198 400  57 112 374 242 307 369   0  43 301 284 100 263
   192 115 353 359 337  40 143 138 347  18 216 264 210 202 404 124 193
   291 105 311 404  76  33  15   9  51 294]
  [  0  50 397 219 332 322  26 196 130 239  88 289 170 172 318 354 138
   358 160 316 133 203 107 124  80 368 196 246 188   0 194 113 337  24
   307  80 150  77  89 146  93 150 392 374 230 241  98 395 298  30   6
   138 400 279 259 379 247  95 319 116  91]
  [  0 365 274 217 102  59 407 278 211  16 202 217 260  31 196  38 326
   100 282 255 318 187 380  80 215  47 208 341 111 306   0 165 324 140
    81 311  20 110 297 259 156 397 296  28 229  17  58 278 341 147  87
   162 310 367 217  12   5  76  12 270 190]
  [  0 347  16 330 315   7 201 148 213  62  21  50 272  74 349  81  89
   120 135 337  73 221 177 246  99 262 150  72  73  65   6   0 399 221
   271 215  20 333 195 277 397 385 122 159 295 191  28 290  51 176 388
   161 322 388 207  35 400 297 235   5 384]
  [  0 252 229 106 342 242 188 274 181 249 126 256   6 269  99  65 405
   317 131  73  81 127 345 279 162 382 172  71 263 361 211  73   0 192
   166  73 400 174 338 365 291 215 392 121  20 332 238 226 334 199 134
   292 127   4 347 197 131  61  64 148 278]
  [  0 300 342 372 149 168 270 284 147 135 156 150 345 233 347 167 135
   104  15 372 208   0 157  32 348 229  81  41 289 367 303 360 379   0
   311 317 158  13  32   1   7 161  29  62 372  57 339 136 271  71 382
   272  41 113 390  65 312 317 176 260 263]
  [  0 223  74 230 182 133 261 110 139 407 135  75 283 205 238 298 322
    85  55 153 149 302 399 226 238 100 244 295 169 359 178 311  97 354
     0 220 260 338 260 336  59  86 132 389 285 237 135 396 303 266 350
   306   7 163 288   5 268 158 250 202 166]
  [  0 239 266  26 157 236 319 192 207 208 246 197  56 191 233 190 230
    15 300  86  12 170 103  21 299  44 220  47 265 212 402 124 205 115
   113   0 407  25 305 270   6 188 375 387   6 366  58 250  87  96 276
   171  69 212 188 135 398  71 191 305 406]
  [  0 331 272 104 281 154  70  91 218 117  11 247 366 152 118 200 115
   223  59 268 209 122 111 404 258 318 111 184  19 241 116   0 153 382
   163 127   0  13 125 311  96 360 189  76 323 238 101 273 371   9 191
   393   4 208  83 342 336 246 357  31 125]
  [  0 402 212 322 228 300  71 122 406 128 244 112 129 388 300  93 241
   142 393  20  92 229 283   6 280   2 277  98 399 262 250 138 139 157
   150 103  88   0 120  42  38  10 267 296  81  73 341 112 238 339 278
    35  96 128 235 113 112 140 114 246 361]
  [  0 173 228 186 267 240 174  92 177  88 171 368 179 272 345  41 365
   150  71  45  44  88 183  19  56 271 276  15 163 387 356 186  79  40
    17 353  86 243   0 266  56 330 226 101 234 174 294  88  88 405  67
     5 175 233 165 362 212 170 398 230 350]
  [  0  89 396 289 256   2 219 286 280 322 159 335 110 128 204 100 379
   166 395 306 139 218 178  60 274  93 164  77 368 207 282 105 350 195
   376 346  61  16 310   0 350  61 285 214 406 147 318 312 172 211 400
    48  72 302 367 344 335 108 197 156  47]
  [  0 371  44  20 173 250 342 106 387 161 174 296 299 222 404 232 259
   310  67 118 198 402 322  52 239  73  68  90 329 334 116 329 280  28
    99 128 263 309 199 111   0  31 192  24 124 337 244  39 194 339 337
   170 289 285  69 199 394 289 179 255  18]
  [  0   8 107 303 315 367 277 236 325 363 139  16 134 315 250 263 274
   220 396 263 164  48 130 141 363 280 106 173 194 151 208 292 162 278
   378  12  27 338   7 261   4   0 196 182 215  56  78 154  10 159  10
   205  86  38 330 350 346 281 126 212 111]
  [  0 122   7 372 259 357 297 312 207 202 384  40 130 155 165 381 314
   227  61 203 305  67 127 401 339   9 385 193 378 218   7 378 173 337
     4 145 216 339 209 330 155  28   0 162  90 177 349 196 388  79 200
   241 252 366  85 192  59 198  32  83 211]
  [  0 302 184 278 309 271 330 292  42 208  10  36 224 273 309 335  21
   274 268 142 179 276 395 241 349  30 305  24 334 392   9 159 114  37
   266  25 283 315 371 324  21 230  16   0 142  50 180 226 260 228 328
   247 313 123   9  29 151 240 127 260 330]
  [  0 210 185   2 303 115 149 210 146 270  76  57 231 336 214  24 309
     9 377  64 337 234  89 217 318 121  31 318  57 256  21 380 296 205
   221 326 206  82 272  16 319 221  97 208   0 270 296 312 120 364 238
   407 243  52 159  18 338 234 308  43 204]
  [  0  35   6 148 265 396 105  79  87   6 157  58 355 121 197 121 201
   371 220 332  68 277  36 292 337  24  28  43 250 322 305 345  72 231
   129 186 371 194 349 324  67 328 209 146 143   0   1 323 295  86  10
   322 128 377 304 101 376 288 151 381  38]
  [  0 401 116 244 344  11  17 378  23 313 127 268 243  87 160 120  17
   367 299 306 219 384  40 242 194   8  47 101  47  86  18  22 170 325
    44 372 197 328 306 231 250 207 407 152 283 174   0  19 148  30 109
   227 383 311 136 242 340 361 124 254 249]
  [  0 194  93  30 149 131 206  42 196  47  67 105 163 306  31 157 384
    10 258 280 180 143 219  79 284  96  58 282 249  34 244 222 280 247
   286  18 366  77  26 263 299 215  71 401 204 242  83   0 243 259 209
   136 402  68 103 317 352 207 282 300  19]
  [  0 201 196  30 262 333 379  99  67 153 347 234  84 344 186 402 402
   239 326 223 297 399 175 397 307 316 194 345  79  41 261 288 288 186
   146 356 241 163 214 339 386  19 362 302 371 175 114  39   0 132 346
   330 189 222 257 315 163 273 296 346 308]
  [  0 123  75 395 387  32  34 398 159 125 325 309 328  96 315 262 195
   184 193 227   2 183 233 186 309 139  21 108  42 217  92  14 406 167
   406 237 286 275  48 393  48 184 247 350 322 374  16  76 195   0  91
   186 223 150  48 205  35 288  25 373 209]
  [  0 232  37 121 375 264 347  48 271 100 233 130 325  18 124 406 100
   354  85 209 210  73 230 407  12 278 119 379 216 155 316  57 307  33
   314 372 329 353 349 187 321 314  39 383 213 387 207 119 335 209   0
   133 108  65  43   8 315 179 297  98 246]
  [  0 309   0 174 197  70 371 199 319 160  69 377 270   6 150 132 298
   398 386 254 300 131  39 138 195 318 183 320 353 300 397 259 395 201
   195 289 130 164  80 108 243 379 391  17  54  53 218  90 215  98  85
     0 265 119 378 398 133  64 118 284 168]
  [  0 286 318 318 198 196  93 106 271 217 236 323  93  55 384 221 355
   261 358 144 286 357 347  28 272 118 317 346  99 224 392 376  43 193
    86 246  36   5 284 362 120 234   9 271 383  37 241 187 370 257 195
    12   0 269 315  63 186 225 351 319 131]
  [  0  67 332  49 302 189 293 121 266   1 138 391 300 318  32  12  34
   275 315 276 177  80 380 288 264 331 136 390 169 358  85 353 250 253
   391 286 212 348 344 224 106 406  92 115 214 278 289 169  32 330 214
    68  98   0 223 214 290 257 403 208  10]
  [  0 272 336 330 159  85 353 229 288  54 227 188 378  26  20 197 182
   303 147 407 136 142 252 115 394  54 368 235 390 288 173 215 311 370
   365 129  91  86  61 207 397 214 126 322 309  52 291 268 121 171 115
   108 390  51   0  63 325   3 243  62 360]
  [  0 217 130 224  52  49 277 397 122 189  48  74 235 151 179 373 324
   231 397 377 381 369 287   9 109 211  94 267 163 129 396  97 129 272
   225  76 357 364  96  13 401 140 383 320  69  38 164 142 312 186  94
   204 395 283  61   0 324 146 384 304 383]
  [  0 153  20 196 211  50 203 386 331 302 329 245 336  73 371 197 328
    40  59 138  13  24  93 293  67 332  16 338  59 329 226 288 382 128
    75  83 244 108 103 106  51 104  94  91 144 221 241 259 301 370 198
   153 121 322 335 314   0  26 197 133 209]
  [  0  92 308 281 285 338  22  20 138 389 195  24 123 137   4 232 239
    67 208  49 312  91 323 265 401 110 351 167 248 176  48 378 156  74
    86 288  25 259 324  24 304   4 264  47 218 125 239  36  44 359 286
   218 185 318   7  57 375   0 191 153 110]
  [  0 161 294  18  42 198 267  36  27 122 232 173  19 170 177 155  73
    82 324 280 101 298  65   1 327 281 139 214  70 144  83 346 390  87
   357 273 194 332 182 260 315  18 157 182 209 370  62 374  60 281 274
   147 379 132 102  93  81  86   0 264 341]
  [  0  71  78 186 392 147 312 219 206  63 180 134 192 134 221 311   6
   375 134 103 273 112  32 293 150  48 287 125  34 232 248 235 348 259
   168  99 132 141  78 258 120 339 282 322  58 148 302 158  10 224 295
    56  59 139 222 228 237 223 117   0  33]
  [  0 172 397 207 152 289 312 152 344 227 209 341 267 346  40  49 189
    54 307  97  31  45   9 143   1 194 197 288  77  63 360 152  53 260
   154 247 329 291 309  16 363  87 118 134 311 334 159 194  71 195 335
   390 283  20 277 179 368 132  78  83   0]]

 [[  0 204 402 103  58 164 386 306 340  99  44 170 400  28 400  94 239
   391  51  14 233 286 313 122 100 145  12 106 390 196 253 145 207 283
   395 117  26 133  14  26 351 236 247 172 358 123 169  58 311 230 405
   384 275 392 156 275 347 358 222 125  92]
  [  0   0 379 287 305 294  57 229  79 249  92 272 371  77 320 212 406
   324 218 262  24 345  62 389  96 366 201 225 164 308 100 236 195 358
   316 185 207 216 175  22 342  32 136 299  27 190 343 253  47 216  64
   395 244 396 162 266 108 122 188 227 189]
  [  0  53   0 264 313 131 308 295 253 382 316  91 334  13 393 119  38
   296 294 133  27 234  28 151 290 213 158   3 154 258 355 191 184 355
   139  15 378  94 284  70  53 396 107 120  89  84 334 321 155 375 302
   234 350 350 325 323 150 170 351  32 131]
  [  0 286 148   0 316 334 116 377 246 126  75 298 201 396 326 215   9
   252 212 164 359  40 358 257 189 152 188 335 105 134 213 149 261 375
   300 176 357  49  81 214 247 319  77 184  20 154 202 190 102 100 404
    38 111  16 267 285 261 181 357  20 361]
  [  0 354 263 260   0  63 121   0 337 345 261  82 288 156  38 382  32
   331  24   1 145 255 318 300 147 234 372 137  82 356 320 161 287 370
   331 166 187 229 107 338 245 324 348 263 141 184 116  97 359 231  49
   222 394 211  51 287  65 199  78  44  61]
  [  0 399  25 186 127   0 148  86 271 149  36 292 343  84 394 143 239
   383 324 209 310 217  71 221 168 104 353  46 407 288 177 225 211 135
   337 371  49 385 312 176 225 272 362 183 332  10 388 162 155 161 211
   117  65 116  13 250 150  21 159 117 395]
  [  0  51 242 275 133 162   0 161  88 140 352 374 371 381 379  67 267
   133 229  74  62  27  35  73 227 310 260 399 243 149 188 290 366 261
    47 190 154   5  11 253 215 363 339  16   0 242  10  70 219 385  71
     3 355 360 115 336 172 271 149 200 191]
  [  0 139 265  64 407 293  62   0 195  65  29 382 329 116 206 102 259
   398 350 205 242 281 180 282 334  71 327  26 175  69 317 199 252 383
   289 156 249  97 329 274 259  11  56 230 379  22 159 254 103  20 392
   106 233 211 146 201 192 331  43 258 376]
  [  0 225 268  32 236  33 336  19   0 188 216 212  34 110 374 339 300
    33 307 147  61   6 191 150  48 269  26  94 342 373 225 331 101 235
    81 325  49  86 272 327   5 352 264 100 158 322  66  30 241   8 337
    70 401 164 102 268   9 229 114 369 370]
  [  0 201  11  81 279 392 100  30  39   0  54 103  16 368  36  99 264
   380 196 368  82 301 166  87 331 106 310 361  66   0 142 225 138 260
   349  88 111 222  81 308 105 322  60  14 352 155 206 116  92 201 205
    42  12  61 134 275 401 184  51 272 104]
  [  0 309 363 391 233 253 247  21 234 195   0 269 126 265 285 234 192
    55 143 296  82 405 348 106 305 154 159 278 158  99 268 226 390 184
   195 266 181 146 142 366 257 176 368 276  20 155 169 341  43 163 376
   188  85 235 200 132 294  18 137  59 208]
  [  0  32 132  99  12  79  70 182 203  43  53   0  90 234  88 240 203
    41 248 140 309  93 367  30 175 151 309 400 164  21 102  59 398 212
   239  52 392 312 154 338 206 134 318 304  21  52 115 181  12 381 346
   332 156  97 181 260 342 364 381 148 225]
  [  0  24 263  84 335 269 103 185 258 352 142  29   0  20  24 233 200
   293 309 110 178   3  15 243 127 393 237 233 375 357  19 199  19 336
   357 135  80 168 110 362 349 265 300 375 266 395 298  48 325 159 103
   297 334 357 395 316 358 221  45 267 112]
  [  0 394  35 192  50 314  22  87 168 219 143 173 312   0 388 353  58
   306  43  82 390 278 170 405 177 391 127 121 105 333 336 237 337 267
   136 155 196 273  54 142 120 221 221  39 299 181 176  50 284  66 307
    88 406  70 337   7  41 194 294 153  18]
  [  0 126 219 305 372 407 294 199 272 154 162 189  74 330   0  97  53
    52 119 371 255 185   9 166 404 303  32  67 342   5 401 149   5 242
   210 347  32 283 187 247  93 222 144 174 301 338 137 227  86 312 357
    65  12 402 392 168 323 203 131  86 282]
  [  0 400  93 298 193 366  56 194  28 167 357 344  57 190 122   0  76
   131 256 371 239 254  59 244 385  77 331  23 384 333 319 156 129 209
   259 398 192 403 256 265 392 207 194 173  44 290  45 294  58 332 241
    34 108 180  80 151 400 327 196  49  41]
  [  0 332  85 258  43 341 378 366 224  26 226 111 169  50 336  56   0
   272 213  75  13  14 200  27  49 166 249 383 103  17 120 344 288  81
   300   4  22 333 148  24 336 164 151 313  93 162 148  75  29 298 163
   299 372 247 376  37 131 325 151 193 381]
  [  0 276 326 106 307 150  95 123 124 335 220 246 298   5 157 305 290
     0 387 394  87  70 123  87 264 352  67 128 147 270   4 130  62  60
   269 258 188   3  88  83  43 234 306 288 171  28 294 220  28 179 382
   320  75  16 156  15 278   3 374  52 388]
  [  0 387 236 178  42 146  42  21 310   7 162 229 290 251   5  40 251
   262   0  60 129  61 267 293  61  23 267 131 139  44 387 211 298 188
   254  76   4 362 204  75 235 113  39 104 383 263 127 123  87 181 132
   195 128  95 287  78 331 160  98   1 352]
  [  0 278 294 319 270 289  56 179 332 102  63 291 204 300 248 237 232
   391 223   0 340 305 180 320 303 371 152 333 160 114 264  91 333  35
   302 154 276 164 238 254 239  99  50 269 189   3  84 179  79 134 280
   302  62  86 139 265  49 347 212  78 200]
  [  0 382 233 381 280  97 321 307 308 405 104   8 262 378  42  18 299
   129  59  11   0 275 138  44 201 398 227 179 367 101 395 352 380  53
   101 188 320 229 165 338  45 236 230 207 396 372 338 307  50 179  95
   155 171  50 256  65 200 356  72 185 238]
  [  0 162 384 347 173  49 321 282 243  25 117  90 382 208 290 131 232
   165  14  40 373   0 285  18  57 374 115 298  33  16  79 262 161  23
   115  73 331 207 152  51 198 382 325 174 236  98  24 350 124 247 247
   180 345 160  42 224 102 385 241  21 183]
  [  0 254 108 122 384 223 301 111 322 271 173 108  51 288  40  85 250
   331 242 390 188 150   0 273  95 367  73 233 240 216 170 153 250 399
   348 324 174  95 181 306  47 191 229  31  28  21 128   9  38 216 121
   141  82 270  65 230 127 192  31 174 156]
  [  0 103 134 104 294  32 398 401 105 102 353 401 144 141  40 283 106
    53  82 407  44 326 289   0 222 384 299 232 234  35 255  45 223 278
   329 157 270 281  46 366 344 275 114 225  82 120 160 331 251 355 247
   147 315 145  36 107 228  21  47 152 204]
  [  0 308 141 224  12  96 148   4 134 122 302 200 385 355  91  67 338
   392 339  42 151 336 172 124   0 392 397 165 351 251 204 204 193  33
   368  26 251 197 140 170 110  93 271 223 276 124 320 190 147 146 244
   133 295 379 209 180  94 229 361 107 133]
  [  0  23 131 328 268  79 170 398  55  14 244 185 235 113 236 398 260
   406 327  67 398 343  88 359 330   0 182 332  54 182  80 368 247 135
   224 271 127 228  65 255 392 406 402  84 337  23 356 213 251 281 319
   210 123 168 347  80 368   8 283  48 396]
  [  0  15 156 385  30 395 161 229 345   2 342 362 238 135 316  55  46
    95 160 119  42  87 251 169 126 385   0   0 220 176 185 227 369 245
   323 336 231 211  87 189 331 328 377 252 341 171 365   4  33 162   5
   391  89 117 315 251 304 221 233 154 167]
  [  0 187 223 289 367  82 395 124 201 389 123  58  78  64 391 164 110
   357 124 398 181 387  78 299  49  32 313   0 389 351 231  30 399 323
   380 332  59 324  92 112 239 115 309 314  13  25 316 254  69 316 358
    17  25 127 169 137 220 121  79 135 155]
  [  0 308 286  59  21 160  89 140  12  44 252  67 121 335  29 300 130
   195 141  53 286 228 316 293 181 183 105 394   0   9  85  69 210  45
   270 396 326 328 340 314 394  91 212 254   0 346 407 247 144 392 305
   344  43  77 172 160 133  21 217 299 404]
  [  0 385 278 166 189 348 338 135 303 346  43 385  48 172 269 123  54
   223   9 405 243 394  15 346 114 136 403  29 120   0 186 392  84 290
   232  85 289 341 125 129 271  86 248 266 384 103 189 189 190 402 169
    84 292 200 264 321 376 104  38 130 270]
  [  0  85  50 152   5 358 148 117 362 202   4 111 282 249 378 284  28
   313 340 253 359  10 131 388 364 117 245 216  49 166   0 300  31  72
   339 160 322 132  44  48 181 185 379 144 361 270 317  87 336 321  63
   287 343 388 162 346  73  82 156  65 250]
  [  0 339 114 176  15 282 176 291 267 360 219 113 136  25 117   8 225
   369 225 175  26 145 325 331 338   8 348 401 238 302  37   0 180 366
   320 258  43 311 100 299  47 352  34  51 125 141  88 151  38 186 170
   195 328  18 115 141 346 228 390 353 179]
  [  0  69 263 329 261  16 271 237 290  59 280 187 284  66 400 380 133
   104  74  96 273 298 319 336 376 110 263 132 230 174 202 212   0 351
    66  34 239  59  16  20 365 333  68 283 131 365 364 167 249 183 202
   338   2 170  81  38 285 102  83 225  93]
  [  0 155 252 194  46 308 363 146 257 345 144  20 111 147 398 280 211
   145 309 177  87 260 301 303 330 340 239 322 196 113   5 223 289   0
   332 102 385 121 236 268 341  14 279  42 169 235 152  24 349 203 253
   395 151   6  76  61 181  66 325 328  49]
  [  0 273 169  40 298  35 258 306 319  64  82 150 279 357 394 272  25
   384 153 346  18  71 406 330  83 198 371  63 294 101  70  37 309   1
     0 233 180 371 145 221  13 156 269 245 227 105 295 152  63  43 166
   381 405 154 123 257   0 385  51 328 346]
  [  0 172  42 158  39  53 218   6 157 118 116  84 180  82 396  33 271
   265  53 358 286 221 271 398  82 269 182 360 322 168  19 240  79 226
   266   0 305 271 266 225 242 197 276 282 184 223 138 116  73 329 170
    66 260 159 259  97 355 356 331 396 173]
  [  0  24 206 246 291 203 235  31 367 144  42 232 190  77 265 133  58
    64 177 269 123 227 395 342 116  22 145 239 396 167 107 314 324 364
    77   8   0 344 301 378 325 281  65 219  98 298 175 121 367 274 176
   283 166 261 322 309  57  18 370 317  94]
  [  0 401 149 306 381 217 310   5 337 290 352   2  63 285  76 322 147
   198 284  95 257 292 364 375 205  49 140 316 233 333 170 182 285  56
   210 401 120   0 192 310 118 103  30 209   7 150 197  80 338 346  93
   359 359  44 380 300  64  12 331  20 334]
  [  0 102 364 224 256 166 352 104 224 186  82 182  93 263 165 227 136
   106 393 358 312 399 206  11 110 196 367  22 272 240 179 378 178 152
   309 322 395 379   0 325 103  78 370 321 340 126 236 174 182  83 388
    59 327 305 318 339 226 305   3 327  59]
  [  0 288 318 133 281 205 171 260  92   6 322  37  66 252 370 238 333
   349 154 233 143 182  35 392  11 138  66 172 125 197 104  29  64 232
   276 169  80 220 195   0 322  30   5 251 377  29 128 265 130 342 330
   294 138 168 171 104 343 258 170 295 336]
  [  0 164 304  92 105  60 195  92 207 278  73 285 303 274 354 378 342
   294 108 370  37 161 390 228 250 257 104 233  74 271 332 229 391 162
   145 323 246 191 376 131   0 280 229 243 242 281  49 274 331 256 100
   202 163 317  93 272  68  67 197 209  30]
  [  0 341   3 202 383  41  17 198 317  90 110  18 241  48  57 246 393
    41 276  73 331 306 201 337  77 113 169 387 200 211  10 296 274 168
    82  65 294 342 115 193  71   0 278 154 345 358 113 192 104 118  86
   127 129 158 100 305 139 334 371 259 333]
  [  0  59 223 317 307 169  17 358 215 187 276 268 114 337 307 141 181
   296 312 315 131 267 367 304 213  93 343 261 340 364 145  17  25  66
   155  28 176 126 164 181 183  47   0 193 341  65 147 133 208 395 107
   187  80 380  14 349 150 209  56 110  17]
  [  0 131   1 221 321  41 130 404 331  86 183 114 257 308 378  10 382
   298 287 229 211 295  20 350  16 363 157 267 109 255 239 163 249 348
   204 233 265 398 308 302 161  95 401   0 357 187 198  38  36 170 162
   332 110 209  84 314 203 147 166  56  17]
  [  0 347 134  25 142  21 121 148 179 128 268 254 359 272 297 106 347
   187 273 157 280  22   4 146  72 282 260 109 116 221  70 330 311 213
   111 382 169  62 245  52 269 106 193 275   0 252 267 391 382 149  31
     1 341 368 350 202 139 246 164 314  45]
  [  0 160  82  22 216 266 305 269 365 280  76 384 136 284 345 264 396
   300 386 198 235 375 133 148 360 274 312  67  49   6 257  96 305  62
    78 123 300  41 168  97   8  55 234  39  14   0 118 317 352 368 269
   398 145 352 338 262 201 320  20 181 217]
  [  0 264  42 100 230 279 106 123 120 212 208 298 327 194  85   4 389
   109 289 113 166 160 123  33  12 186   3  19 200 123 277 342 368 153
   147 239   0 368 366 315 350 271  57  37 130 255   0 327  86 337 121
   330 227 286 124 239 110 280 371 327 364]
  [  0 159  55  19 322 216 281 355 214 263 207 236 292   0 316 374 170
    23 365 317 354 137  69 183  59 149 144 344 402 392 274 213  16 378
   140 172 210 346 168 332 127  77 393 227 345 271 168   0 298 172 149
    20  68 101 229  56 175 214 244 147 284]
  [  0 267 101 284 257 341  56  56 274 354 240 307 104 225 403 285  58
   168 298 364 275 184 152 177  12 363 187  67 255  77 155  54 339  22
   389 400 333 319  64 303 324 366  31 173 111 328 171  93   0 345 273
   234 316  76 406 361 154  39 106 170 276]
  [  0 118 367 241  10 374 390 281 365 293   8 283 106 169  62  18 298
   336 372 141 184  13 212 129 283 287 379 228 154 291 280  60 320 126
   262 338  19 162 368 160 384 295  47 183 260 302 385 374 107   0  11
     6 131 228 271  20  71  51 362 364   2]
  [  0 315 125 288  58 404  86  74 305  75 388 384 218 276 358 278   2
   404  72  17 333  68  41 179 137 132 294 347  34 348  80 230 262  27
   177 294 250 380 207 400 381  53 165 352 319 390  25  84  38 198   0
   290 356 405 271 363 126 290 352 198  33]
  [  0 150 308 390 206  28  35   2   3 305 293 193 347 276  33 394 341
   309 378  55 299 321 199  29  42 273 318 113  86 341 405 274 293 327
   246 137 192 387 344 223  48  18  96 316 180 287 318 370 204 357 125
     0  61 235 378 312 380 208 361 293 313]
  [  0 170 354   3 354  39 251 248  98 214 180  56 108 336 162 293 309
   301 199 326  64 296 334 378 121 292 195 122 355 217 337  26 131 246
    23 155 249 220   5 263   7 233 388 132 239  92 332 361 317 102 233
   405   0  36 125 109 154 246  40 329 369]
  [  0 161  51 222 376 297 236 374 198 373 247 147   7 299  13  26 214
   352 246 301 201  43 217   7 204 398 249 387  57 122 240 407 363  38
   375  23 362 235 400 269 407  30 237 148 142 333 210 167 147 265 200
   386 309   0 338 376 127 185 399  14 244]
  [  0 175 290 392  61 166  52 159  10  77 390  46 185 214  67  92 145
    72 204 211 309 309 176 311   1 219 207 297 320 168 176  53 383 306
   106 172 349  55  67 171 307 370 399 318  92 167 383 220 119  88  60
    55 333 108   0 332 167 193 227  51  51]
  [  0 285 270 252 279  88 168 208 187 378 142  77  94 282 145 357 213
   215 268   8 198 404 299 181  63 272  58 156 380 216 126 314  66 162
    61 125 332 186 100  61 355 363  95 113 207 342 197  99  36 104 176
   344 317 125 264   0 302 392 384 191 265]
  [  0 195 171 276  98 137 168  23 253  80  26  14 210 374 173 133 243
   111 273 294 142  77  98 380 134 105 308 238  76 174 133  28 229 216
   406 404 233 334  35 372  69 334 278 283 122 135 370  45  80 171  61
   145 290 143 165 136   0 356  10  59 340]
  [  0 256 406 226 178 229 264 210  73 300 354 271 379 398 260  72 260
   286 175 371 200 122 142 357 222 153  64 352 406 116 285 272 156 347
   230 336 323 345 178 233   2 111 377 120  18  17 186  60 288  63 379
    81  35  34 387  62 169   0  58  62 220]
  [  0  71 381 223 337 277  72 322  31 218  77  17 168 130 290 194  56
   298 385 278 125 342 113 181 309 365 191 372 132 363  88 160 151 161
   293  61  48 122 256  51 385 277 241 228 321 184 320 312  32 291 342
   123  35 120 258  84 359 144   0 265  12]
  [  0 154 347 322 396 269   5  22 118 223 363 164 188 151  90 321 390
    56  81 327 355 107 174 113 294 221 127 397 315 167 365 255 318  47
   168  94 252 388 107 139 131 317 241 227 177 142 266 386 232 223 286
   209  97   6 100  51 214 277 236   0  76]
  [  0 348 323 140 137 289 251  84  54 190 346 399  70 276 305  35  39
   190  85 246 369 384 207  54 345 329 404 301 400 390 115  16 111 297
   261 360 101 260 298 313 337 323 127  69 149 337 128  29  50 397 205
   380 264  50 355  63 234 129 320 214   0]]

 [[  0 265 357  54  20 323 390 227 383 191 386 383 172 147 263 321 135
   363 299 245 362 193 151  26 273 196 321 213 181  23  23 276 289 130
   207 217 386 316   2  68 285 192 334 150 113 222 382 166 349 124 379
   126 331  18 308 160 362 114 104 344 356]
  [  0   0 398  72 232 343 385 368 357 266 363 137 292 132 108 406 214
   281 188 344  18 344 131 236 307  73 366 246 131 375  47  43 130 121
   354  98 372 200 197 210 195 238 311  63  64 169 389  14 130 213 283
   325 364 107 185 150 137  11 168  26 156]
  [  0 369   0 224 207  56  62 249   1 359 289  31 164  11 233 178 224
   110 194 303  38 274 295 226  25 142 188 358  79 145   8 218  91 309
    99 298 205 199  12 346 400 261 237 197  10 375 287 348 143 213  55
   284 148 376  41 156 109 137 258 254 309]
  [  0 365 251   0 170 369 351 292 234 219 127  86 281  89 115 155 335
   264  66 132  99 259 248 375 218 254 102  32 276 242 281 315 249 354
    76  79 113 258 249 131 255 246   4  13  99 302 191 346  69 266  38
   390 400  50 368 402 293  75 348 317 325]
  [  0 104  61 186   0 289 206  75  34 294 307  29 402 366 340  73 407
   399 119 130   3 317 256 372 226 202  81 316 405 130 261 290  59   2
   122 157 329 117 372 296 191 191 340  53  59 294 156 248 119  14 356
   354 115 285 267 279 107 388 313 161  41]
  [  0 129  35   7  69   0   0 104 406 269 260  24  73  85  23 352 343
   167 199  66  72 114 225 235 217  10 270 324 309 193 139 238  19 344
   344 362 314 244 212  53 299 329  47  75 207 221 404 104 250  76  11
   357 102 270 151 139 342 360 141 312 344]
  [  0  20 224 124 207 147   0 347 369 136 140 366  11 330 231 379 321
   311  92 263  25 145 149 348 193 333  40  88 321 266 114 340 181  20
   309 257 118 377 167  72  93 222 349  61 261  62  58  49 160 291  51
    97 181 344 203 165  88 398 212 359 339]
  [  0 156 167   1 144  23 105   0   8 356 108 370  48 181 166 243  37
   304  55  60 187  34 118 229 252 328 360 184 167 180 195 386   0 119
   246 142  50 312 196 157 210 180 330 131  95 329 356 369 183  45 101
   364  98 357   2 220 135 126 394  66 275]
  [  0 119 286  63 301 319 255 373   0 294   0   3 205 391 391 283 116
   199 323 184 317 369 274 218 303 108 351 163 369 276 286 168  74 347
   131 329  37 279 228 200 111 106  24 197 236 404  48 393 386  28 216
   334 220 337 348 168 257 153 241 386 381]
  [  0 136  67  97 381 193 358 240  82   0 113 284   4 192 349  35 190
   122 229 355 225 122 302 132 328  11 186 334 103 252 273  52  51 309
   134 117 407  22 145 324 201 196 218 164 110 398  20 327 191 112 336
   149 354 249 149 322 233  29  64 378 311]
  [  0  84 109 127 255 329  94 221 279 406   0 180 161 239 144 176 167
    89   5 350 142 144  91   8 339 297 384  39 156 361 228 193 239 284
   351  91 282 222  86 276  90 234 276 123 405  43  92 134 313 165 212
   257 405 142  27 283 250 105 294 352   2]
  [  0 300 170 128 391 199 240 393  37 218 129   0 345 173 343  22 360
   222  34 355 342 155   2 198 250 159  83  50 194 202 286  20   5 226
    61 328 143 134 273 367 109 401  77 330  56 133 170 398 166 349  15
   110 403 118 371 366 336 230 247 277 284]
  [  0  61 133 197 385  65 151  63 255  32 162 198   0 113 181 318  13
    15 295 333  34 260 373 281 349  96 238 300 391  16 233  53 324 370
     2 205 105 192 378 227  64 328 103 402 304  99  47 115  97 344 305
   266 222 190 157  85 355 403 293  56 242]
  [  0 154 276 114  94 154 138  47 398 159 220  33 317   0  67 385 163
   205 331  60 196 291  54 402 362 322  11 224 136 325 381  30 298 357
   194  34 106  29 171 385 156 281 285 164  26  12 163 382 388 318 380
   137 400 115 177 117 252 360 176 175 103]
  [  0  28  33 369 400 376 166  64 402 372 294 208  86  17   0  53 299
   277 375 138 196 304 250  71  65 261 211 253 153 274 101 303 403  87
   374 340 303 216  95 405  51  35 292  38 227  58 167 312  73 285 278
   367 355 397 242 293 117 322 351  17 384]
  [  0 386  36 103 187 158 335  24 205 233  43 140 103 209 292   0 102
   134  33 193  24 407 139   2 230  37  15 364 326 280  31 133 286 210
   210 365  73  53 327 227 262 156  54 386   0 334 132 378 189 272 315
   175 327 340  25 310 153 117  81  16  18]
  [  0  11 148 281 386 205 116  95  38 185 391  13  42 291 114 290   0
   283  41 172 379 214  71  32 407  50 406  22 169 246  14 240 291 395
    45  93 231 187 333 177 106 175 335  69 103 210 307 379 256  95 221
    28 404 300 216 298  62  73 272 228 264]
  [  0 377 113 280 346 106 235 392 283 193 196 243 198 196  78 180 144
     0 158  60 199  27 146 339  36 392 139  12  83  48 128 385 137 372
   327 217 259  91 189 142 370 377 193 237 198 114 391 346 279 324 233
   163  74 184 363 310  97 201 294  36 396]
  [  0 276  33 175  54 241  21  64 198 221 316 198 182 249 334 201 376
   406   0 307 107 397 229 407 341 211 359 274  15  80 291 141 333  45
   304  76  62 108 155 334 195  27 109 174  79 241 362  90 175 278 262
   398 210 381 170 196  43 138 103 157 246]
  [  0  61 219 167  74 125  42  58 299 147 300 403 182 393  19  46  93
   211 214   0 290 402 247  41 122   5 391 112 156 328 348 118 277 371
   119 303 405 341 238 296  29 237 266  57 392 268 194  81 156 171 218
   375 350 378 208  49   5 129 322 403  21]
  [  0 119   1  29 337  24 290  31 172  47 119   1 308 236 406 314  38
   100 162  55   0 132 338 270 237 318 247 256 227 269  58 242 215  22
   204 203 284  92 252 122 220  15 184 350 280 282 235 337 164 113 395
   380 133 116 388 332 124 289   6 197 391]
  [  0 147 128   7 342 151 326 207 356 340 137 358  26 223 305  96 316
   350 361 370  47   0 266 153 320 340  33 155  38 146 325 113 220 299
    11  12 330 370 244  92  71 314 286 111 232 384 338 136 286 334 144
   212 203 237 161 105 209 215 387  38 203]
  [  0 312  47 158  75  78 198 184  46 222 141 284   9 298   5 229  53
   160  39 398 272 236   0 178 124 258  54  97  95  18  86 112 201 107
   321 106 120 157 177 159   8 178  54 367 158  62 159 169 261  54 248
    14  40 236 260  50 218  27  72 193  93]
  [  0 279 180  38  71  20 389 173 339  39 178 347 289 168 161 266 220
   177  64 204 230 315 236   0 168  34 172  95 141 248 200  79 303 118
   178 234 181 304 270 207  20  37 237 401  17 120 337  77  16   1   1
    13 305 112 370 164  56 147 358 154 119]
  [  0  42  45  33 106 231 157  65 242 296 150 144  45 130 157 155 332
   305 157 297 267 133 116 128   0 251 317 376  34  63  71 238 318 331
    32  40 320 153  72  21 403 149 360  40 217 112  65 153   4 285  35
   277 145 171 313  97 190 259 298 147 354]
  [  0 289 330 301 246 183 143 106 399 174 109 407 354 237 388 230 346
    83  69 384 276 172 322 331 401   0  77 353 163 112 304 242  49   9
   122 372 316  71  20 399 371  18  71 320  60 248 146 111 282 209 117
    29 402 403  37 237 181  65 348  74  13]
  [  0 308 315  10 207 245 360 118 366  35  25 253  37  79  14 273 405
   135 161   8 308 352 138  12  74 340   0  26 101  58 170 242   0 271
   237  81 274 223 143  20 277  37  58 289 233 135 159  37 142 297 360
   193 109 347  89 405  34 188 292 293  85]
  [  0 128 198  18 158  45 134 216 261 304  91  19 299 218  93 168 311
    72 101   2 347  31 230 170 101 147  22   0 183 180 368 254  17 354
   363 242 131 280 166 403 233 170 254 351  37 192 239  73 354 183 378
   394 185 205  70  35 228  28 180 362 211]
  [  0 211 277 234   7 138 222 153   9 349  25  88 271 258 363 183 232
    45 340 187  92 392 169 241 292 326  99  28   0  13 132 211 163 103
   112 311 370   7  39 171 151 208  56   6 110  39  55 319 182  92  53
   156 366 136 118 137 120  35 186  78 172]
  [  0  88 384 258 274  27 178 184 406 136  82 405 251  14 332  20 326
   155 315 364 264 229 381 405 310 303 161 259 267   0 203 255  42 376
   232 159 114 239 300 224 220 308  43 349 297 275 354 262  58 297 318
    20 167  64  17 375   3 190 190 373  33]
  [  0 399   8 339  87 339  62 223 374 219 309 193 261 197 290  47 308
   312 316 199 158  78 356 124 216  56 167 400 380  26   0 192 309 321
   109 234 340 395 268  55 276 117 253 354 209 293 319   1 297 394 127
   164 404 153 262  27 232 387  24 338 392]
  [  0 145 228 373  74 292 201 340 364 233 278 132 168 310 191 371  85
   214 289 352 147 129 339 187 392 216 180 222 197 217  81   0 140 329
   268  69 348  27 406 296  33 167 327 333 185  62  50  99 116 286 247
   241 193 138 387 203 357 198 196 162  44]
  [  0 252 183 406 304 387   8  53 233 175  53 137 277  64 215 326 314
   108 128 328 182  11 270 238 227 294 157  39  71 220 257 281   0 372
    24  69 400  54 367 108 136 381 159 135 263 280 374 356  89  94 259
   232 142  62 288 145  49 257 154  71 404]
  [  0 398 362 120  20 356  55 393 351 130 196 349 251 171 381 330  47
   175 377 302 175 352 374 400  86 124 315 197 407 293 310  20 335   0
    34 329  86 383 232 237 364  75  15 200  86  63 329  45 294 156 293
     9 317 363 224  16 342 201 233  41  94]
  [  0 328 127 152 299  30 396 321 405 151   6 407 131 404  10 208 232
    33 284 281 270 393 243 125 182 120 164 369   1  97 400  90 159 190
     0  94 376 297 234 268 289 223  25 150 222 405 245 345 253 201 282
   291   6 254 307 102 379 201  55 333 178]
  [  0 256  74 311 311  59 338 127 232 287 110 107 129 404 242 298  84
   387 258  35 364  87 327 407 248  68 345 198 192 264 150  97 230 396
   291   0  51  37 129  59 282 309 204 331  43 374 286 159  46  43 261
   121 135 122 332  39 198  93  59  62 198]
  [  0   4  97 133 290  49 107 224 404 182 286 324 117 243 113 401  50
    72 264  32 217 133 150 359 115 230 336 189 317 344 328 351  30  85
   364 215   0 176 190  62 345 233   4 282  76 341 265 248   7 219  20
   194 196 277 247 102 309 374 226 349 171]
  [  0 270 356  65 179 382 389 290 385  29  93 271 407 393 252  11  89
   123 244 260 341 196 247 280  55 294  26 118 252 353 233 250 196  63
   382 283 127   0 210  46   7 165 169  47  58 308 250  67 325 405  67
   200 317 350 327   3 380 235 215 220 327]
  [  0 289  14 338 255  37 173 363 398 385  30 339  29 262 332  88 192
   352 259  86  95 362   6  57 287  25 159 398 138 186 289 306 351 154
   163 369 158  85   0  45 395 316  12 403  58 323  16 212 356 271 375
   152 280 192 262  23 119 235 124  71 167]
  [  0 123 316 264 112 239 302  47 352 330  67  85 148 242 202 281 221
    72 354 264  87  28 398 330 119 406 245  11 262 334 260 246 211 395
   172 326 345 148 134   0  58 267 162 403  18 195 212 170  26 117 302
   139  66 221 295 395 282 237 152 198 405]
  [  0 193 329 207  97 207  38 386  29  58  29 297 262 264 241 356 386
   113 402  52 252 217 382 327 142 127 199 298 114 277 188 116 195  35
   258 362 167 140 253 135   0  56  53  85 309 382 195 189 235 325 367
   196 392  33 340   2 352 232 138 228 279]
  [  0  52  66 396 249  30  49  80  33 111 369  16 142 227 179  18 315
   318 248 404 303 183   6 133  37 144  69  15  17 404 228 336 200 391
   182 124 324 102 278 107 152   0 171 194 300 212 255 359  21 127 321
   342 329 145 188 331 390 321 346 207  66]
  [  0 358 391 393 364  19 349 357 120  45 391 305 193 385  96 207 196
    81  56 221 275 323 279 166 250  20 379  21 259  93   8 380 103 151
   144 239  47 311  41 320 324  96   0 210 127 236 165 109 337 209  73
   255 212 281 235  88 139 253  66 181 166]
  [  0 128 252  47 386 319  78 247 212  45 212 361 378 223 338 256 208
    49 404  25 311 204 134 166   2  23 126 200  40  37 125 219 153  60
   282 101 395   4 294  90 121 278 353   0 296 278 160 311 184 123 353
   188 270  61 182  24 113 173 149 290 291]
  [  0 401 399 373  96 127  62 142 118 334 144  64  82 130 140 229 400
    99 236 202 369 370  20 321 310 406  62 236 297  50  45 286  19 166
   121  29 198 243 100 101 151 108   8 170   0  56  94 167 356 353 319
   102 255 374 148  51  53 212 234 110 225]
  [  0 121 108 268 290 316 213  89 123 149 221 374 197 389 289  32   2
   270  20   5  86 106  86   9 186 262 140 176 246 339 170 344 397  26
   360 368  55  82 406  49 254 389 260 387 304   0 273 183 134 123 103
   283 170 171  66 149 158  31 152  52 376]
  [  0 250 211 288 108 181 301  67 160 200 183 244 320 185 142 177  59
   362 352 244 392 318  20   6 324 381 210  11 255 231 253 357  21 301
    91 396 142  97 174 164 205 378 336 337 166 190   0 200 129 331  82
   319 134 244 225 262  10 347 385 173 301]
  [  0 378 328 214 131  52 236  29 240  23 280 379  29  49 318  84 242
   383 352 338  86  65 118 242 337 294 376 120  45 379  76 218  79 256
    80 345 314 372 344 195 357   3 365 221 185 396 106   0  97 146 176
    52 341 262 306  64  67  82 395 266  53]
  [  0  68  41 271  14  24 236  25 363  20  60 248 168 101 152  43 100
    48 186 185 279 284  43  68  66 262 130 350 347 343  15 105 368 322
    31 128  20 280 333  77  15  94 152 282 367 248 350 365   0 128 241
    11 257  64 151 308  10 314  37 162 130]
  [  0 212  64   2  85 300  41 229 114 100 364 195 175 143 224 202  86
   351  14 158 195 235  90 247 103 377 209 299 292 281 245 206 110 336
   390 227 294 193 172 324 243  34 122 327 126 218  64 105  17   0 375
   222  87 228  85 135 299 385 263 271 231]
  [  0 246 223 135 316 159 281 306 255 119 217  76 304 179 214 169 275
   286 246 315 345  29  62 399 390 292 359  29 319 264 222 332   9 310
    59  58  28 236   4 313 214 173  76  60 234 364 384 407 251  58   0
   227 256 233 277 370  67 196 257  11 306]
  [  0 166  68   6 369 379  15 370 403 376  39 318 221  23 379 114  44
   322 131  71  92 164 270 190  75  75  47 139 126 312  64  91 189 365
   395 108 209 137 406 148   9 232 239 370 374 109 338  46 185  98 369
     0  96 220  62 203 391 344 242 292 259]
  [  0 250  20 311 134 337 291 374  74 255 165 353  73 376 336 214 141
   299 224 202 255  81 231   6 213 120 221  79 264 161 175 271 322  17
   159 134  39  81 187 290  76 249 199 126 381 337  20 130  11 398 137
   364   0  57 290  68  72 260  46 177  99]
  [  0  74 248 367  25 142 205 190 154 254 338 370  67 183 290 121 165
   185 179 373 195 339 106 283  63 396 322 279 187 376 333 214 261 108
   279 404 382  36  33  88 405 227  32  32 369 388 259 196  17 136 311
   144  65   0 118   3 105 201 228 385 173]
  [  0 361 301 154  13 396 109 328  18 120 105   7 236 288  69 255 379
   361   7 259 197 344 375 343 370 194  95  86 152 363 290 309 293 218
   392  63  78 224 101 166 108  20 181  41 193 291 129 400 367 283 104
   120 393 257   0 106   2 295 296 340 276]
  [  0 283 206 391 379 343 378  98 116  94  96 200 286 225 228 134 185
   256 386 232  61  53  96 286 176 406  95 245 182 327 401  86 101 381
    23 259 162 154  87 149  72 262 272  68  27 212 305  65 242  92 348
    86 154 364 350   0 314 170 222 241 274]
  [  0 360 289 102 152  92 261 142 257 402  35 296  87 245  11 390  11
   110 115 291  74 266 223 248  47 176 374 138 153 290  14 406 372   7
   302 102 334  73 130 264 369 348   4 214 267 367 364 229 226  94 200
    74 206 143 239   9   0 299 175  69 337]
  [  0 139 203 389 249  86 365 231  42 396 344 340 277 247 401 108 294
    81 145   8 220 330 273 183 174 345 144  75 262  70 251 358 325   6
    20 335  59  46 320 141 377 315 222 148 368 140 214  99 326 352 173
   167 280 383 292  15 380   0 159  27 210]
  [  0 136 123 364 277 270 132 281 246 276 377  84  50 374 270 336 312
   351 161 369 126  92 178 228 375 238  45 234 110  63 303 138  42 125
   102  18  96  93 364 397 375  19 328 133 192 288 276 211 140 337 282
   295 287  17 319  54 153  29   0 329 283]
  [  0 265 211  51  73  51 208 200 333  58 147 147 155 145 355 318   4
   112 120 126  67  28 303  31 376  77  45  50 323 385 195  56  23  72
   393 383 204 338 373 118  28 144 338 267 102 324 218  58 137 211 314
   174 189 265 295  54  69 217 273   0 186]
  [  0  39  12 105 406 281  40  28 404 303 204 126 290  65  11  40 146
   297  22  62 150 101 238 402  47 172 304 400 288 179 182 359  60  95
   112  87 247 124 377 201 377 407 252 297 404   5  63 210 311  37 325
   118 300 279 322 393 176 324 235 269   0]]

 [[  0  47  10 274 290 354  99 347  11 165 164 123 344 177 326  59 184
    59  41  58 120  85  62   2 217  40 156  91  66 209 208 104  33 220
   176 286 193 207 343 353  55 357 356 387 363 394 140 157 358 241 306
   188 339 181 167 326 189 359 156  32 250]
  [  0   0 198 129 405 288   1 296 225 283 223 364 206 137 253 189 105
   343 323 364 352 342 402 215 342 183 342 258  15 151 137 363 327 156
   384 372 334 135 207 330 341 263 305 254 117 286 357 386 142 280 387
    77 179 309  84 340 381  95 294 185 154]
  [  0  97   0   4 211 315 330 158 174  18  99 324 255 167  60  93 343
   272 395 382  76 376  33 159 230 380 278 403 146  43 183 341 162 118
   378 142  73 117 188 256 107 122 100 168 161  45 121 407  40 317 177
   175 335 251  30 306 164 149 188 234 233]
  [  0 117 344   0 351 338  76 335 294 193 160  16 192 221 344 288  28
     0 274 357 229 163 294 277 224  59 365 289 113 348 186  68 219 165
    13 339 295  73 370 318 244  28 282 127  53 173  99  23 330 329 184
    73 344  94  37 108 234 372  37 175 259]
  [  0 146 228 234   0 111 139 242  11 258 157 395 402  26  19  40 119
   207 115 164 120 156  82 183 275 330 199  18 350 230  31 114 406 225
   298 209 207 381 179 269 292 293 171 384  95 231  61 368 402  61  91
   299 272  20   9 266 244  28 311 212 255]
  [  0 283 213 213 238   0  49 267 126 168 382  55  56 356 214 376 178
   140 149 305 269 394 152 188 270 379 380 339 334 135 256 131  87 334
   131 251  80 232 179  87 180 300 308 363  10 103 217 272 250  27 134
   153 211 353 245 310 148 314  30 197 390]
  [  0 223 171 159 309 356   0 260 263 296  82 362 197 129 316 249 389
   390 296 148 135 195 218  41 269 331 250 170 199 284 181  48 337 197
   214 163  74 312 343 229 349  94  73 121  57  66  51 133 270  10 353
   307 137 213 399 357 383  46 261 240 266]
  [  0 224 320 334 247 324  13   0 115 358 356 202   4 339 189  28 276
   159 118 143  98  20 257  83  81 169 282 306  53  10 350 188 216 184
   199 252  71 318 229 199 312 238  59 351 179  32 122 273 247  58 194
    19 151 231 339 187  70 282  55  28  12]
  [  0 131 312 227 383 378 230 317   0 338   1  96 298 387 267 203 272
   206 184   6 168 400 139 119 149  81  39 102 327 126 283 381  15 341
    87 102   0 256 304 168 223 328 171 333 136  11 239 371 306 107 273
   206 360 173 242  99 102  44 393 123  89]
  [  0 153 203  98  49 166 377  61 206   0 387 151 189 122  55  91  19
    13   8 266 200 133 292  27 108   3 236 160 368 211 165 238 330  12
    73 194 383 372 151 125 209 270  88 391 160 340  18 154 331  44  51
   387 186 372  41  68  34 131 290 182 361]
  [  0 265 371 201 307 218 146 129 328  10   0 210 141 353 308 222 132
   127  16 177 403  63  45 270 245 285 363 132 391 394 154 214 351   2
   218 260 384 346 311 364 277 316 234 291  91 377  22 278 367 364 346
   168 296 231  28  42  32   2 208  12 230]
  [  0 239 178   5 156 186 105 157 275 100 356   0  17 407  17  18  35
   131  49 324 315  56 401 388   9 159 301  72 142 186 343 239  87 296
   170 302  96 251  19 129 264 275 197  57 169 316 217 314 382  22 356
    95 373 210 336 153 298 191 332  81 168]
  [  0 222 206 192 201 290  40   7 197 152  82 124   0  69 259 148 231
   256 134 233 154 289 244  32   0 159 176 118 189 102 260 386  42  41
    71 209 260 160 120 358 201 384 159  82  60 136 281 281 330  70   6
   297 164 284 365 249  98 327 263 286 167]
  [  0 187  69 350 332 348 139 405  46 162 337 324 104   0 326 248 301
   262 234 103 181 138  95 379 148 177 235 391 279 370 170 172 177 215
   359 152 214 303 404  37 392 148 180  28 395 136 221  61 398  90  99
   234 391  81 242 363  42 379 244 348  30]
  [  0 357 118 142   3  71 349  98 227 105 232 208  13   6   0 333 200
   277 256  50  56  24  68  28 236 308 315   3  50 148 144 254 310  20
   241 233 199  41 137  99 327 304  45   2 180 230  65 178 359   6 164
   237 193 180 284 242 265  51 203 271  37]
  [  0 107 297 192  94 190 375 192  76 198 257 189 362 105 113   0 118
   365  68 193 210 305 350 130 403 385 271 328 321 360 134 407 115 275
   204  84 261 323 367 223 245 349 295   5 149 306 386 183 366 315  51
   268 366 396   4 352 402  63 319 262 124]
  [  0 250   7 252 194 148 353 255 110 230  38 388 341 231 358  82   0
   106   0 137  84 366 257 350 115 391 290 218 385 324 358 320 318 133
   315  60 188  72 183 390 103 307  96 259 380 392 106 149  51  39 393
   205 162 322 404 365 337 384 213  37 343]
  [  0 193 304 297  16 170  91 370 234 224 221 198 232 285 306 247  68
     0 230 202  62 320 188  65  40 300 377 264 188 198 221 106 134 401
   291 240 164  98 338 349  81 214  86 289 210 380 197 361  52 259 184
    85 258 370 130 203 260 168 149 123 243]
  [  0  58 203 256 208 384 179  49 300  34 179 353 286 138 219 102 337
   282   0 394  79 304 214  73  47 280 229  47 286 323 345 336 183 341
   207 150  53 144 402 121 153  58 289 311 265  17 288  23 173 362 395
   347  30 327  12 103 164  35 249 238  51]
  [  0  69 377 239 265 369  39 116 265 235 276  55 353 147 378  12 125
   323 123   0 264 114 178 343 165  15  20  58 221 168 371 138  12 244
     9  89 246  85 163 318  86 135  51 392 131 313 145 126 302 245  29
    65 383   3 264  34 376  25 146 161  92]
  [  0 111 104 372 193  31 299 287 291 364 299 157 242 160 371 218 170
    48 113 198   0 248 283 148  69 291  68 118 229 147 115 317 360 396
    46 389  96 281 387 256 365  63 181 296 286  83 316 125 170  80 235
   279 340  37 248 282  14 192  98  81 165]
  [  0 379  21 175 360 343  64 176  93 111 201 138  98 292 122 320  27
   103 258 125 304   0 215  26  82  41  35  23 300 107  77  91  93 389
    33  28 104 327 316 188 296 198 111 209   5 144  37  88 351 241 241
   280 132   8 294 290 172  38 280 233 273]
  [  0 277  34 237 218 392 272  84 114 308  50 367 263 252 208 107 226
   341 158 204 387   6   0 187  61 285 239 404 125 112 250 181 185 295
   191 373  55  58 137 197 188  10 164 181  34 177 139 101 169 233  98
    80  61 182 220 385 234 218 317  92 101]
  [  0 167 246 334  42 277 147 312 332 117   5 332  59 154 318  78 172
    76  52 293 175  95 282   0 314 149 344 145 238  76 294 310 215 163
   276 250  62 389 322  78 115 389 255 276  71 305  31 277  61 194 372
   224  10 222 277 364 128   8 224 142 155]
  [  0   9  37 170  54 254  95 340 300 261 192 328 202  85  32 211  98
   189 279 173 386  78 360 239   0 338 381 205 328 359 113 153 182 234
    31  24 361 166 368 299 284  97 341  21 285 312  11 350 129 244 229
   299 362 118  36 294 240 113  72 334 120]
  [  0 316 349 342 136  58 225 154 161  21  67 183 183 295 193 338 128
   357  35 310 356 263 248 180 344   0 332 338 280 188 195 108 189 135
   119 383 111 160 214  59 308   3 379 346 317  62  59  68 380 298 176
    27 284  53 243 183 240  13 280 357 301]
  [  0 288 367 125 223 128 239 259  22  29 228 320 226 319  10 259 373
    75 150 126 232 342 291 270 387  13   0 340 254 167  63 151 353  94
   235  92 384 378  82 296 144 400 402 385  88  50 201 227  36 195 146
    96 250 145  30 340 383 140 242 306  83]
  [  0 259 345 288 210 315 283  90 141 307 315 349 320 298 396 193 247
   288 144  39 151 141  57   7 375 370  23   0 278  61 139 336 104 297
   105 106  84 100 405 204  48  79   5 138 180 145 114 366 331 315  45
   308 134 223  80 150 124  63 348 332 277]
  [  0 115  67  82  49 293 108 251 355 233 323  81 328 108 346 397 379
   131 236 131 229 218 313 151 192  94 373 382   0 339   4 242 255 242
   133 308  28 161 107 326 303 320  34 208 230  85 396 343 351 237  19
   351 348 202 304  21 245   3  53  64 103]
  [  0 211  67  53 216 341 159 165 311 239 241 177  75 405 190 240 296
   123 116  73  86 273 248 333 348 280 142 381 260   0 355 319 316 103
   122 323  70 403 288 126 394 384 268 333 321 331 226 272 184 172 236
    16  67 138 253  35 365 349 322 141 341]
  [  0  20 253  92 233  24 106  89 153 311 246 298 355  88  19 106   3
   390  45  48  55  19 353  62 401 398 400 204 127 400   0  47 233  92
   151 357  69 270 196  36 374 332 285 279 227  71 203 407 387   7 346
   335  84  91  23  88 172 146  33 393  26]
  [  0  23 129 158  10 303 198 210 252 291  84  60 194 279 265 282 403
   334 346 167 276 324 121 192 361 298 401 181 335 261   5   0 327 215
   242  52  98  63 188 262  76 130 178 396 206 157 292 130 221 196 172
     1 127 117  70 141 107 241 284 163 282]
  [  0 250 191 401 260 305 383 159 118 400 295  56 141 282 105 171  21
   171 101 138 378 125  70  39 401 271  19  38 397 112 194 318   0 283
   102 341  68 356  65 373 343  79 203 358  36 373 374 299 253 405 340
   245 309 404 360 407 112  16  99 344 288]
  [  0  42 246 405 288 110 188  22 104  96  77  84 393 369 139 333 305
    89 369 363 216 316 377 187 183 379  23 270 245  44 221 354 121   0
    50 161 218 212  54 285 245 230 184  13 381 306 126 268 404 302  92
     8 147  35 269 220 199 329 315 262 401]
  [  0  91 284  90  69 363  19 272 202 103 363  59 219 129 387 320 406
   223 318 395 193  50 318 228 215  75 269 234 135  57 315 197 283 245
     0 285 102 233 198 185 354 291  18 241 374 159 198 229  87 353  24
   123  82 141 133 319  46 343 152  44 312]
  [  0 163 195  94 358 273 395 195 114 187 287 358 280  40 102 350 371
   386 167 226   6 313 181  75 217   9 174 376  35 206 116 158  79  25
   335   0  88 210  58 342  52 107 114 264  35 273 217 366 333 362 181
   360 326 252 208  74  40   2  83 403  60]
  [  0 245  42 218 337  42 263 406  37 296 350 123  29 366  60  58 225
   187  14 155 269 256  80 159 293  38 220 361 393 237 202 305 191 225
   300 277   0 280  86 274 135 240 204 138 321 395 193 153  15 188 291
   318 314 315 323  67  88 183 343 144 130]
  [  0 202 310 135 167 194  67 234 213  45 222 112 343 197 250   2 187
   261 159 274 194 382 145 110 116  90  30 140  64 306 363 347 372  14
   171 145 252   0  78 215 336 400 283 168  16 244 104  70 358 180  41
    24  90 242 391 282 171 341  40 349 327]
  [  0 369 169 209  83  98 182   5 106 106  43 143 104 316 280 102 121
   389 381 326  47 286 304 187 332 384 215 111 203 262 373 297 153 326
   177 355 150   9   0  22 396 261 306 402  54 310  58  77 100 292  54
   305   8  71 406 288 334 335 278 294 190]
  [  0   4  32 406  30 140 375 196 184 339  51 321 111 328 325 309 362
   339 115 172 332 151   7 191  14 258 327 237  67   0 289 189  57  52
   318  86  73 108 322   0 171 295 321 341 339 286 108 302 339  95  67
   217  23 176 234 244 218 381 299 396 140]
  [  0 255 343 160 101 199 344  53  38 276 283 233 273 391   7 373 118
    69 206  64 303  54 175 178 169  59 403 262 269 279  40 385 115 404
   166 274 118 314 194 161   0 223 233 308 155 272 233 375 177 260 212
   179  27 213   6 170  94 329 214 147 132]
  [  0 395 332  90 355 241 404  82  70 282  94 311 218 109 200 275 322
   191 393  63 126 360 245 178 369 262  82 311 337 347 278 328 362 239
   113 292 104  73 315   7 238   0 311  90  60  73 135 285  51 395 338
   189 313  41 284  99 270  18 217 131  97]
  [  0  12 129  79 275 164 343 261 268 169  13 188 353 399  44 247 186
   392 312  13 302 273 380 191 375  22 193 292 310  60  64 337 139 247
   326 363 385 362 241 332 156 232   0 398  75 320  63 153 158 154 153
    75  87  40 127 182 288   1   3 202 299]
  [  0 296 222 374 285 300 194 245  65 157 326 209 219  21  39 149 159
   135 403 356 406 164 100 112  82 214  69  69 177  10 187  43 188 347
   383 114 407 156 307 181 207 121 305   0 299 263 327 237 374 116 170
   314 345 175 114  71 160 405 131 219 220]
  [  0 135 210  17 246 152 174 301 355 303 334  86 262  70 323 185  37
    58 340 405 329  13  82 232 404  52 105 214 319  36 393 376  54  98
   316 119 269  20 105 194  66  38 326  60   0  79 261 216 187 357 315
   359 157 296 356 396 199  43 401  88  78]
  [  0 166 214 366  43 284  77  12 377 295 304 127 226 141 198 258 321
   102 406  87 380 217 149 282  25  99 273 273 288 319 277  48 407 384
   245  73 303  74  49  41 407 384  98 261 137   0 379 237 198 374 132
   261 238 105 396 134 258 165 193 180 209]
  [  0 376 273 139 136 179 261 219  43 294  16 220  67 115  10 134 278
     9 279 115 120  23 250 238 196  64 192 355 362  96 213 196  93  63
   277  30 341 310 233 293 117 258 376 153 316  47   0 263 297 176 153
    72  35 212 257  91  80 152   3 245  29]
  [  0 288 346 350 307 339  95 187 118 169 358 229 308 287   3 255 115
    35 194 317 212 345  17 346 375 302 392  55 279 288 146 252 127 251
   138 210 361 404 177  10 385 241  94 407 141 139 352   0 295 370 191
   277 240  92 397  50 193 361 109 307 376]
  [  0 295 217 405  78 103 358 405 402  95 197 344  74  57 374 200 246
   187 183 374 352 225 122 357 319  41 332 405 237 256   5 216 299 241
    55 112 308 206  86  36 192 364  34  92 267 155 219 205   0 386   7
    16 233 333 175  52 311  22 218 125  72]
  [  0 335  68 183 208 160 170 144 154 133 198 156 379 127  53 354 405
    63  27  59 255 350 115  29 112  27 224 191 132 332 295 158 141 225
   325  85 170 318 244 245 208  29 163 146 146 135  71 204 310   0  65
   305   9  15 341  61 142 355 374 204 133]
  [  0 340  50 237 328 310 267 288 141 246 275  95 220 157  86 273 311
   174 127  65  68 252 400  76 114 149 127 164  86  93 335  94  69 320
   275 333 263 321 109 233 198 343 404 295  47  57 256 387  37 268   0
   242  74 214  25 384  71 276 339 256 363]
  [  0  29 357 202 151 391 254 178 212 337   5  68 306 357  18  28  27
    59 147 122 188 364 349  88 142 216 241  37 266 229 332 244 224 213
    81  84 310 186 136 380 380 304 221 121 238  66 259 166 247 360  59
     0 143 402 350 292  26 127 101 384 200]
  [  0  68 158 200   6 134 135 385  85 265 142 228  97 291 102 302 399
   169  74 272 205 324 352  21 167   2 234 384 127 186 328  57 362 241
   323 232 169 191 307 391 290  74 216 193 210  88 323  51  43  84 384
   243   0 193 116 332  71 234 317 102  35]
  [  0  27 366  41  66 247 326 142  37 206 119 354 202 201  27 127 302
   402 152  35 139 162 211 134 189 205 226 150 186 291 291 401 104 168
   306  40 157 224 209  34  73 277 394 376 312 282 304  96 316 362 105
   401 304   0 252  43 390 171 252 305 220]
  [  0  82 288 144  44  72 348 331 314 274 263 258 257 150 307 301 348
   362 377  70 331 195 266 137 352 205 157 192 407 393 296 404 354  16
   197 174 374  18 129 186 276 394  61 196 198 314  76 313 399 392 308
    67 138 187   0  47 256  52 255  21 276]
  [  0 163 318 119 275 210  85 274 142 390  76 103 323  35 230 233 302
   165  91 315 225 372 380 128 376 253 214 239 320  88 360 315  39 216
   192  82 340 120 265 404  19 331 308 330 397 341 305 237 121 156 233
   259  20 130 331   0 169 133 302 392 203]
  [  0 128 296  29 205 345 100  72  35 323 324 233 258 205 332 374 219
    38 284 319 359 139  65 162  62  90 302 139 306 358 123 126 122 144
    95 108  63 288 268 276 338 144  46  37 384 171  55  63 388 331 382
   214 297 291 347 245   0 323 304 181 134]
  [  0 256 252 203 379 406 373 149 333 340 309 269 201  49 374   0 369
   369 179 374  63 123 312   9 232 223  98 340 282 165 316 159 368 200
   178 255 291 268  88  18 334 172 135 363 173 127 276 391 224 324 139
    97 234 371  16 341 241   0 145  69 131]
  [  0  86 169 192  65 105 359 366  39  67 221 153  65 239 195 199 378
    37   5 267 303  35 187 181  83 363  35 195 382 335  57 348 247  78
    38  72 341 313  14  78 184 163  97 238 232 371 301  37 158 172 375
    62 248 180 283 401 369 335   0 156  36]
  [  0  13 194 309 119 165 254 222 217 375  86 170  27 381 175 197 393
   319  35 137 364 200 320 379 199  74 107  23 315 131 208 275 323 336
   276 301  90 369 135 385 306 284 343 237 216 197 117 281  33 329 264
    63 173 301 136 207 312  53  40   0 373]
  [  0 359  44 332 169 144 143 185 288  71 383  63 197 342  92 115 132
   246 213 241 155 188 214 167 222 396 357 131 284 218 111 331 248 347
   351  34 259 327  55 235 302  73 315 350 142 375  83  95 227 221 131
   158 397 144 129 305  61  93 383 110   0]]

 [[  0 150  86 303 355 154 323  50 384 227 291 372 172 217  18 396 193
   406 372 128 362 215  87  10 133  48 373 217  54  69 184 238 328 275
   162 240 258 368   0  81 103  52 342 277 384 323 231  63 251 170 394
   407 177 205 147 364 173 400 268 406 191]
  [  0   0  38  48  16 214 243 266 256  52 386 322 293 104 308 240 313
   369 366 210 378 244 281 275 387 390 139 242 222 316 207 352 135 135
   118 318 188 258 298 230 180  67 359 303  41  62 405 288 371  21 346
   324 155 200 225 259 264 290  55 257  98]
  [  0   5   0  86   6 281   6 337 338  14 271 343 313 302   7 225 158
    43 187  40  54 132 389  73  75  38 358 153 275 246 268 134 163 137
    48 239 240  94  54 368 194 221 307 277 390 179 353 357  62 236 388
   198 346 318 291 378  85 377 125  65  60]
  [  0 289 248   0 208 378 325 389  19 356 178  76  47 333 337 169  33
   380  92 392 135 249 269 332  50  59  95 239 318 268 323 272 319 238
    92 210 210  40 222 352 300 210 158 404 270 218 272 355 197  57  70
   148 377 383 288  75 120  28  75 388 305]
  [  0  19 220  15   0 324 163 311 350  76 257  47 298 326  31  60 231
   302 236 151 370 354 228 279 133 284 330  28 326 115 319  78 304 151
   405  44  14 370 138 174 378  44 326 251 403 400  14  60  39  31 225
   318 236 276 128   6 225  46 391 203  29]
  [  0 292 140 136 223   0 126 297  95 256 249 151 333  76 377 258  70
   157 152 157  42 205 346 330 200 196 145 340 304 299 262  28 397 195
   151 241 318 394 291 159  51 222  83 212 216 241 253 325  73 170 272
   158 369  99 207 189 111 325  54 137 212]
  [  0  51 174  97  95 284   0 395 126 214 182 364  52  19 201 184  63
    40 347 393 119 275 267 207 387 258 136 348 249  47 404 234 313 108
    71 272 119   8 148 106 358  19  97 394 303  98   5   7  26 277 126
   253 173 313 298 372 288 367 171 152  21]
  [  0 259 106   1  93 246 244   0  69 219 323 131 400 153 103 315   9
    80  72 337 388 318 213 397 154 160  75 294 178  24 186 300 165 106
   126 342 191 361  88 130 357  32 179 358 205 364   3  43 209 120 161
    39 164 226 257  31 341 243 122 284 321]
  [  0 381 341  98 386  22 180 117   0 313 146 353  56 380 308 291 176
   171 110  51  40 248 114 282 242 354  32  55 225 329 190  99  59 257
   358 344 251  35   4 175 317 359 162  72  53 194 155 205 390 310 116
   143 223 233 298 227 344 347  71 372 192]
  [  0 160 163 234 393 140  74 233  77   0 170 226 317 335 392 226 361
   128  96 381 273 183 292 167 323 304  52  60 172 156 187  53 111  85
   112 389 402  29 314  83 224 130 236 345 348 151  64 236 155  12 175
   373 337 201 252  77 191 257 403 103  94]
  [  0 126 276 258 335 179 398 256 146  65   0  30 114 194 162  19 230
   136 150 308 197  26 378 248 111  32 217   7 254 143  29 266  59 121
   171 256 399  61 132 384  92 117 361 407  86 109 402  34  58 105 270
    35 330 270  76  61   6 367 242  14 302]
  [  0  20 267  26 113 227 216 136 265 340 286   0 239 365 233  86 227
   172 194  92 211 291 130  44 197 232 294 168  93 267  69  15  98 211
   345  33 192  95 249  22 350 113   1  43 156 406 238 182 172 110 176
    64 177 132 197 155 251 343 221 189 364]
  [  0   1 105 247  86  72 316 337  88 284  66 118   0  72  76 129 166
   395 207 289  47 102 123 315 352  22 273 299 228 219 237 140 367 279
    29 262 223  79  72  29 379 195 132 370 326 283  58 363 144 287   5
    55 352 269 174 117 358 400 169 173  42]
  [  0 122 330  87 243 172 255   2 360  56  86  66 300   0 133 218  85
   114 108 400  65 276 293 150 373 230  63 202  49 387 152 321  73 375
    23  94 177  56 211 212  13 389   7  33 152 153 153  73  63 298 219
     7  95 358 360   2 391  82  76 153 199]
  [  0 398 271 168 307 216 239 247 308 260 111 173  48 229   0   4 120
   259 387 240 286 230 139 196 231 367 112 268  58 125  59  84 141 362
    15  45 236 108 271 235 260 131 256  48 254  55 364 194  69 314 209
   366 395 272 245 233 367 263 335 137 254]
  [  0 116 273 358  60 145  70 233 263 396 103 312 366 116 379   0 348
   258 259 369 107  75  11  58 160  90 120  58 162 237 220 310 183 164
   227 276 395 344 158 307 146 179  41 174 400 403 330 145 315 274  53
     5  35  99 348 139 339 205  51  49 388]
  [  0 232 282 310  17 250 266  25   9 234  57 245  95 397 202 186   0
   391 157  96 128   0 301 322 263 318  93 224  65 202 118  62 387 167
   103 208  93 144 385 342 402 400  22 319 189 407 130 396  42 402 404
   327  62 178 187  28  94 209   4 369  60]
  [  0 201  18 326 360 394 149 150 104 275 404  95  28 371 368 111 150
     0  64 387 231  25 202 155  71 393 232 263 376 382 191 202 328 358
   370 272 397 200 268 202 123 120  46 100 331 197 331 305 109 393 110
   186  89 258 195 163 208 170 214 261 206]
  [  0 367 209 149 173 300 232 312  33 299 190 290 381 140 269 150 361
   332   0 261  77 240  59 175  83  47 263  21 310 183  95  31  15 210
   107 370  24  33 148 329  46   8 297 330 270 196 105  38 129 322 325
   230 269 280 203   8  73 367 297 278 394]
  [  0 372  86 244 189  47  72  86 114 102  67  14 145 268 107 378  45
    51 163   0  60 225  66 392 249 154  85 362  22  38  32 397 304 241
    35   9 218  41 117 258  72 251  48 292 395 247  37  20 397  37 185
   394  63 307 140  58  84 219 146 329 214]
  [  0  45  10 319 286 326   0 337 304  82 333 273 254  23 367  52 341
   239 263 251   0 345 314 357  37 130  11 218 328 250 347  51 233 304
   387 355   7 354 316  47  82 267   5 225 153 129 115 225 365  14 194
   227 358  77  40  15 263 116  22  51 192]
  [  0 266  86 372  21 143 290 149 359  70  44  79  87 227   5 227 368
   321  24 263 252   0   4  19 148 133 315  90 119   8  87 389 262 251
    37  50 215 234 234   1 323 277 357 154 102 215 224 134  30 139 331
   395  13 133  82 112  52 342   7 157  23]
  [  0 395  31 370 168 143 296 219 119 303 361 393 181 255 136 237 173
   122 407 360 338 251   0 143 365 339  67 144 219 133 157 392 103   2
   167  60   8 117 225  96 216 396 286   0 140   7 386 357 201 249 152
   378 372 197 142  36 402  23  95 346  28]
  [  0 146  22  86 212 161 129  55 382 357 218 339 363 251 359 128 272
   388 214 257 158  37   4   0 363 293 232 306 256  18  27 158 244  42
   392  94 103 298 338 115 323 258 381 275  39 199 243 359 325 263  55
   373  29 202 227 185  10 369  31  94 338]
  [  0 257 397 128 326 196 191 169 276 217 211 395 360 403 106 108 275
   364 366  14 293  52 284  45   0 405 316  29  37 357  64 357 177  79
   278 197 248 331 351  25 153 317 268 334 402 371  98 108 373 226 400
   285  11  84 239 113  85 264 216 279 103]
  [  0  96 282 153 403  42  49   2 210 135 219  71 180 127 155  67 159
   263 246 305  98 255 124 234  94   0 324 107  74 371 318 105  35 282
   230  73 351 337 320   3 333  55 276  66  48  30  97 150 308   2 132
   287 136 225 237 284 203 126 253 255 279]
  [  0 197 157  45 389  38 211  95 300 196 160  38  39  83 386  51 148
   106 241  18  61  12 121 171  53 131   0 285  20 252 362 312   7 395
   241 135 126 318 346  21 165  88 303 349 173 398  49 395  64 107 309
   159 245  14 358 403 178 230 259 369 278]
  [  0 384 273 222 368  57 275  27 303 102  17 343  45 134 243  10 218
    14 261 322 116 272 187  69 345 396 322   0  13 396  50 386  81 363
   301 269 127  82 190 136 226 329  49  37 199 102  52 308  58 284 161
     1 338 398 224 395 159 100 329 126 273]
  [  0  81  64 126 246 297 323 132  71  15  22 276 353 383 241 309 174
   181 202 346 233 323 186 119  82  87 355  74   0 369 220 241 104 233
   152   6 188   4 203 312 401  32 245 254 146 199 156 140 375 372 307
   148 279 220  40  72 246  43 347 203 393]
  [  0 214 193 402 350 214 149  10 313 168  23 176  64 224 281  42 386
   323 186 295  32 117   0 357 286 144 139 196   8   0  44 186 308   6
   144 193 206 204 161 214  99 216 156 358 169 174 322 132 127 363 129
    43 201 362 136 228 189 287  40  26 208]
  [  0 345 323 275 196 114 145  67 355  59   4  15 243 162 257 221  32
    63 374 377 172 142 251 373  30 266   7 290  77 280   0 385 123 208
   302 212 351  67   4  73 388 383 402 279  83 167 123 356  12 322 269
   238 336 217  63  64 373 260 359 272 126]
  [  0 263 382 200 363  79 236  78 113 366 282 386 313 160 285 378 142
   142 296 383 194 323 192  54  44 235 276 394 340 346 115   0  42 173
   121 128 190 250 129 154 258 114 127 367 263 109 353 105 354 142 355
   377 121 307 161  60 399 140 332 333   4]
  [  0 164 296 315 216   8  41  44 225  73  59 373 211 200 298 396 262
   157 264 148 174   8  71 175  19 229 382 327  88 144 190 384   0  74
   169  25 337 154  17 259  99 140 304  17 363 286 137   0 289 358 371
    41  78  99 234 224 365  61 405 335  92]
  [  0  21 374  29 370 332 357 300 299 395 258 197  98 271 224  48 220
   180 124 100  86  65 204 373 292   7   0  70 178 225  89  86  82   0
   165 356 144 321 187 201 294 290 331 145 177 348 185 285 198 371 343
   186 254 232  62  41 367 228  10  75 353]
  [  0  71 384 324 131 361 405 271  16 395 106  55  60 257 362 398  24
    23 276  42 348   2 243 316 135 354 242 271  75 205 299  98 118 131
     0 159 233 379  80 158 218  13 186  85 264 402 107 108 238 180 274
   294 276  43  78 164 223 156 308 342 322]
  [  0 377 241  94 121  45 338 159  57  92 211 309 127 379 230 334 178
   204  75 123 212 247   6 153  32 217 172 265 202 129 197  75   6 113
    48   0 384 406 270 313 195   3 268  48  98 326 210 137 141  15 373
   382   3 254  87  28 355 129  79 274 352]
  [  0 337 313 239  98 138 404 158 338 398 140  52 229  96 216 309 384
    39  72 210 300 343  79 298 394 379  58 216 269 359 326 294 213 369
   345  13   0  60 326 142  66 100  89 367  72 374  56 149 394 352   5
     8 110  90 111  95 153 166  32 157 244]
  [  0 311 290 170  59  45 407 186 329  45 200  99 402  24 217 163 297
   155 142 345 107  94 368 328   7  48 382 297 380 301 194 247 119 160
   150 133  88   0 340  98 144  89 138   7 152 352 358 339 275  50  91
   364 234 373 148 253  64 347 242 324 168]
  [  0  16 326  33 407 254 102 172  15 297  31 288  12  50 179 218 183
   234 129  39  67  91 376 265 267  82 132 168 188 147 352 236  91 387
   406 400 170  29   0 262  72  65 230 255 265 169 402 101 310 224   7
    20 342 211  41 117 332 394 395 371 147]
  [  0   1  93  27  72 360  92 323  56 271 376 126 316  89 386 281 276
   366 283 266  42  52  93 201 364  98  87 224   2 207 339 341 165 143
   397 322 246 360 314   0 130 141  14  57 317 121 145 160 381 258   3
    36 127 281 255 383 274 323 369 165  93]
  [  0 265  96  92 400  59 385 231 211  39 325 303 198 379 398 280   9
   159 326 135 156 350 358 374 258 351 370 321 154 304 328 211 143 394
   265 138 227 402 232  36   0 365   8   0  64 123 202 156 249 213 320
   116 396 241 261 304 174 106 275 100 231]
  [  0 395 135 123 134 113 303 176 223  60 318 360 349 245 324 258 270
   194 172 325 136 203 199 406  51  85  20  98  17 208 221 344  12 308
   317 281  90 250 390  13 334   0  36 356 389 396 267 339 161 143 304
   370 273 148 245  20 308  44  45 372 249]
  [  0  12 366  43 183 383 162 119 375  15 106 255 264 169 245 264 119
   172 295  17 267 193 374 125 372 224 337 121 340  60 162 346  75  80
   252  53  25 255 335  82 176 273   0  32 241 397 299 106 170 384 297
    43 203 275 143  35 369  21 261 352 260]
  [  0 259 279 187  39 127 173 172 136  59  61 269 178 364 298  32 135
   323 407 293 122 191  35 367 169 147 180 133  43  45  39 195 133 241
   328 255 397 307 331  25 201  68 153   0 213 171 359 232 266  12 140
   216 349 235 394 316  87  71 360  19 381]
  [  0 240  22 314 167  40 118 268 101   0 248 251 179 334 360 243  92
    17 328  32  58 394 402   4 246 340 167  36  18 357 167  67 367 334
   389  88 217 402  78 107 284 407  98  95   0 125  88 171 396  81   8
     4 394 268 151 201 285 330 270 305 392]
  [  0  41 402 115 217 170 196 340 187 238 252 230  25 304 129 293 147
    71 257 200  23  25  67  61 407 164 322 131 188 133  14 142   4 288
    43 320 222   5  62   1 117  10 174  74  81   0 288  13   5 336  51
   340 146  46 106  71 162  61 207 186 390]
  [  0 204 279 198 229 129 279 111 108  68 216 105 249  39 134 308 116
   234  99  30 193  39 345 204 214 142 331 318 153 261 125 170 181 102
   197 266 215 100 194  33 161 199 329  19 209 266   0 123 170 335 317
    51 142 377 365 362 147 108 156  44 295]
  [  0 338 226 340  94 350 205 352 366 396  97 291 364  46 227  34 286
    85 381 212 168  80 220 338 176 124 309 381  76 252 179 251 117 208
   328 310 374 313 284  70 131  16 237 300 276 209 188   0 152 206 374
    32 107 285 172 123  80 263 303 363  31]
  [  0 353 136 321  98 242 118 153 186 136  98 326 156 275 158 302 313
   133 328 225  42 348  82  99 107 255 222 330 328 298 156 238 118 276
    32 266 305 398 361  26 104  64 384 283 256  68 195  32   0 218 372
   360 162 375 115 356 257 260  87 216  13]
  [  0 195 252  27  95 244 300  66  82 250 241 363  25 294 384 237 257
   319 318 101 347  48 233 207  93 238 305 368 246  81 258  33 106 348
   226 151 126 360 296 234 156 302 247 230 405 178 120 336 268   0 212
    86 119 128  81 202  34  16 207 221 117]
  [  0  34 127 191  80 224 404 251 193   1 140 242 337  92 192 381 340
   348 218 124 372  65 401 298 384 183 312   6 108 250  39  26 175 203
   377 213 170 333 283 148 257 118 313 383 245  42  86 344  89 231   0
   396 232 158 144 136 361 220 242  65 140]
  [  0 364 100 134  37   8  57 227 120 180 293   8 371 379  39 276 151
   322 191 192 369 331 305   4  63 202  58 139 122 364 325 127 293 235
     1 360 154  75  77 395 294  10 357 155  94 330 160 294 129 266 335
     0 135 340 199 268  28  78  47 335 289]
  [  0 349 105 292   9 200 271 380  36 222 186 277 290 237   8 196 211
   191  96 393 153  44 337  29  50 134 336 233  63 348 162 314 137 105
   123 262 260  84  28 186  32 353 361 230 304 327 167  94 372 295 314
   325   0 281 197 326 325  90 158 132  82]
  [  0 326   4 322 388 238 320 390 273 189 344  22 231  55  11 228  60
   261 341   3  55 387 312 355 288  18 268 352 209 266 212 289 381 213
   293 220  30 207 183 114  28 121 125 309  93 388   7  75 140  44 109
   230 119   0 214 335  46 318  80 216  63]
  [  0  63  73  75 158 308  81 261  91 325 401 108 114 332 176  79 197
   216  26 322  22 308 356 298 232 380 378  48 183 249 291 241 332  31
   209 142 115 402 222 112 299 346  67 250 258  12 248 232 219  81 239
   222 364 217   0  53 271 211 329   7 368]
  [  0 213 252 394 148  25 346 350 293 331  18 203 265  35 208   2 284
   281 270 108 182 190  78 238 238  82 194 214 404 316 304  74  34   4
   226 362 302 226 374 300 327 378 380 386 276 277 391 317  71 247 365
    72 398 399  83   0  85 203 128 261 101]
  [  0  10 276 276 249 167 378  62 169 323 248  39 391 274   8 339  92
   386 162 171  93 372 376 306  50 258 262 401 213  26 186 370 101  98
   404 382 157 162 241  22 254 237  96 199 218 208 334 333 401 181 379
   240 203 284 394 226   0 370 222  57 318]
  [  0 100 298 249 391 277 112 389 280 223 292 228 372 263  18  21 188
   200 172 260   0 173 304 370 344 100 229 144 264 366 234  71 136  67
     3 264 100  94   8 172 199 324 338 312 403 373 353 118 187  68  70
   211 317 386 393 272  88   0 383 303 117]
  [  0 246  82 356 289  94   5 186 136 213 174 122 303 213 133  83  81
    14 348 184 173 126 245  80 398  43 288 333 242  55  42 403  70 406
   190   7 187 310 223  84 321 392 101 406 187 202 339  97 401  10 296
   254 375 364 298 121 378 299   0 361 303]
  [  0 180 381 401 366 157  76 178  89 196 303  67 363 127 218  41  17
   401 251 225 280 236 107 359 217  55 394  84 273 277   0 131 255  82
     9 371 270 120 112  88 295 294 399 186 339 237  63  20 144 255 354
   220 311 189 249  17 202  41 365   0  93]
  [  0  81 383 118 326 295 221 277 199 338 333 269 397 102 234 268 149
   305  40 307 173 151 121 358 399 308  55 308 357 296 338 305 311 138
   366 336 356 277 119 382 366 380 131  83 320  27  73 277  19 195 132
   364 292  23  88 276 349  97 240  77   0]]]
release_time
[   0  682 1275 1268 1437 1539  868 1174  800 1255 1553 1559 1335 1619
 1259 1647 1345   59 1501 1216 1547 1502 1186  875 1333 1416 1166 1046
 1259 1452  144 1252 1264 1485 1392 1158 1591 1627 1585 1436 1296 1023
 1311  740 1095 1395 1587 1296  522 1225 1391  815 1346 1431 1527  801
 1188 1456 1266 1476 1148]
due_date
[   0  724 1375 1367 1462 1577  968 1272  808 1273 1632 1625 1365 1659
 1289 1657 1426   61 1505 1330 1587 1532 1247  914 1377 1485 1217 1053
 1335 1459  160 1259 1337 1499 1471 1253 1620 1627 1587 1491 1337 1112
 1348  819 1165 1434 1658 1315  553 1333 1487  879 1378 1463 1530  858
 1202 1457 1318 1519 1168]
unit_emission
[ 2 20 14 10  5]
emission_limit
24224.0
setup_severity
2.0
due_tight
0.3
due_range
1.0
release_tight
1
degree_constr
0.5
