mach
5
job_rate
12
weight
[ 0  1  2  1  6  3  4  8  4  2  8  2  5  1  4  9  3  4 10  4 10 10  6  7
  4  4  2  7  8  9  5  8  6  4  2  8 10  5  5 10  6  9  1  8  7  1 10  2
  6  7  3  8  5  4  5  8  5  4  9  3  1]
proc_time
[[  0 120 100  91  69  70 120  67  64 102 131  88  74 106  54 123 112 146
   55 111 125 137 125 135 131  51 150 125  90 112 141  73  57  78 142 105
  130  93  76  95  84 124 127  83  84 101 145  71  59 116  50  92 107 110
  142 137 110  50  50 149  51]
 [  0 117 106 127 129  94 129  94 135  53  91  50  65 121 126 105  52 113
  141  84 132 102  81 140  74  90 128  79  51 111  93  70  53  61 102  71
   89 108  79  51  71 102 146 146 126  52 115  66  79 108 105 111  50  87
   66 103 107  55  74  52 100]
 [  0 141  54  73  65 121  66 120  83 150 141 130  92 125 110  61 135 140
  102  92 118 112  61 100 126 138 113 111  94  89 124  60  51  72  70  87
   93 106  60  81  56  73 148 132  97  68  59  57  70  77 146  86 100  54
   96  90 109  67  63  67 138]
 [  0 150 133  58  82 106  63  96 145  64 120 134 127 144  98  85  95  80
  119 106  95  53  53  71  76 137  55 100 149  82 137  75  61  88  69  77
   79  95  56 124 112 120 105  66 121  77  77 130  78 143  80 115 105 130
   71  72 122 103 137  57 117]
 [  0  99  65 140 107 100 115 142  52  58  61 118  68  50 110 106 131 114
  106  51  90  52  92 135 113  77 140  51  96  53 144 119  99  54  86 128
   75  86  94 138  56  94  68 130 140  62  82  72  58 134 100 101 108 147
   75 147 106  80 135 125  64]]
setup_time
[[[  0 203 274  29  54 365  43 317 291 247  92 154 117 202 281  61  56
   156 368 371 323 289 164 273 149 341 176 304 136 369 316 361 203 294
   193 134 196 195 169  45  91 100  65 190 288 291 310 302 294 105 101
   237 356 281  93 225 257  88 191   0 151]
  [  0   0 283 372 351 385 276  11  21 160 136  73  23 246 196 290 155
    11  90 275 299 306 305 168 366 317 364  44 240 191 340 100 263  45
    61 388  77 123 291 275 297  26 263 118 115 184  37 355 302 138  70
   279 112  88 117 330  65 355  86 194 293]
  [  0 338   0 319 329 287  12 118 362 167 143 241 112  52 360  62 210
    93 192 297 323 281 351 169 332 278 210 108 343 225 384 335 169 366
    54 306  23 265 111 371  93 188  51 221 190 251 194 321 224 232 217
    25 296 310 246  13 102  18  98 283 269]
  [  0 330  48   0  62 366 288 377  93 269 115  85  10 227 387 333  52
   254 209 286 292 290  24 382 357 111 241  43  81  89  62 206 122 304
    76 388   9 133 332 159 303 228   6  56 330 174 154 139 190 305 200
    84 173  15  94 248 207 268 321 384 270]
  [  0  79  36 362   0  17 109  33  56 257 154 250  86 327 382 349 227
   314 344 104  64 105 158  18 199 171 345 135 380 131  16  11 376  95
   377 159  76 246  65 271 380   3  62 212 234 201 192  81 289 300 203
    87 165 234  18 348 108 126 176 268  65]
  [  0  81   9   9  41   0 380 118 333 158  39 205 244 257  60 214 283
   188  95 301 360 164 168 293 310 265 102  39 252  91 379  16 129 107
   281   1 248  90 229 123 183 120 388 163 322 233  14 313 275 346 258
   270 380 245  94 153 125 338 192 181  63]
  [  0  33 312   0 149 269   0 213 235 223 205 238 246 214 262 256 184
   102  82 193 114 137 375 348  96 197  22 154 273 214 240 330 281  36
   131 115 382 349 270  83  49 191 256 241 299  40 358 195 152 285  20
   130  85 320 362  65 146  25 275   3 271]
  [  0 219 164 225  66 244 224   0 279 185 328 318  52 138  77  59  51
   354 324  44  76 307 234 110  33  99 183  25 211 265 152   2  18 329
    58  62 246  18 148 194 376  18 328 151  54  71  63  98 104 356  79
   322 339 126 379 124  77 262 203 195 308]
  [  0 307 194 277 313 254 259  97   0 377 358 368 209 206 168 273 213
   125  21  93 216 168 312  77  14 138 115 160 222 341 301 344 363 178
   204 168  31   6 131 241 375 381  63 226 387  84  35 295 327 180 113
   326 128 307 235 246 376 267 195 265  59]
  [  0 239  20 318 350 368 155 194 296   0 179 176 221  62  92  71 162
   283  86 188 314 366  76 169  63 385 308 181 271  59 221 219  84 299
    73 242 293  16 170  27 279 296 321 188 198 106 345 374  56 146 225
   295 123  99 330  57 170 358  68 336 325]
  [  0  59 317 143 223 369 361 194 148 169   0 110  15  96  61 105 386
   187 283 339 199 356 260 199 164 335 105 271 242  12  70  48 336 177
   232 218 287 102  24 192 345 183  30 197 336 346 199  62  93 349  11
   126 120 165  37  50 202 146 164 128  65]
  [  0 307 347  27 120 276 287 179 367  58 192   0   4 348 144 229 251
   248 359 184 287 382 124 244  28 321   8 356 360 263 117  79 154  58
    55 314 244 304  47  75 135  95  83  58 365 220  77 239 373  17 363
   352 157 261 324 358  71 186  83  72  17]
  [  0 304 241 319 362 245 145   5 302 325  94 201   0 323 301 315 333
   102 332 354 252  10 166 275 299 214 237  78 116 184 196 105  99 190
   286 217 244 279  37 305 280 233 166 274 240 328  60 144  47 331 194
    28 253 307 236 387 201 203  42  43  73]
  [  0 256 101 202 170 200  31 363 100 323  84 272 206   0 266   3  98
   300  84 211 200 315 363  68 112 236  94  15 278 352 242  15  29 160
   338 277  56  21 134  91   5  25 242 111 316  60  54 273 188  11 149
    62 222 151 361 216 379 267  16  20 135]
  [  0 252 150  69  20 245  50 192 186   3  42 302 378 147   0 304 158
    59 168  36 317 120  69 204 162  75 178 362  92 314 287 382 369  72
   341 332 188 309 380 339 375  33 225 298  77  18  62 123  78 339 291
   259 189 228 107 228 119 194 146  16  98]
  [  0 220 339 278  84 275   5 176 282 163 199  38 108 317 134   0 193
    36 294 126 244 369 245 135 250 330 221  11   0 201 303 108  99 316
   123 248 298 280 248 307 379 386  59 191  51 204 113  56 360 279 169
   180 203 379 144 130 196 370 356 264 163]
  [  0  89 350 242  64 311  19  40 358 176 364 246 357 286  55  21   0
   157  23 110 285  30  69 152 230  72  87  96 225  69  30  92 265   0
   141 193 106   2 288  60 225 366 287 164 377 251 311 218 118  64 275
   298 360 155 227 106 271  58 295  92 356]
  [  0 110 236 331 229 284 134 159  56 114 153  33  90 318 265  71  28
     0  81 260 198 277   8  72 183 293  15 193  22 372 347 112 331 269
   296  76 340 222 266 245 365  72 279 315 102 338 384 310 332 304 359
   195 118  11 379 149 132  87 306 235 162]
  [  0 262 383 125  34 158 188 235 299 273  73 255 201 284  49  58  72
    26   0  22 207  17 169 382 323 148 282 120 333 190   6  58 248 282
   225 216 153 337 148 249 355 306 215  48 260 192   0  30 184 266 218
   140 163 181  26 275 164 130  92 157 319]
  [  0  98 118 367 110  34 204  38  61  47 301  80 300  84  76 282 116
   143 190   0 225 378  79 143 139 147 326   2 353  79 144 281 199  35
    92  10 113 329 271 354 275 142 239 319  77 378 273 340  48 268 101
   202 120 240 324  94 200 383  80 106  61]
  [  0 266 195 118 111 183 146 164 150  79 377 241  62 313  29 181 299
   288 244  12   0  26 261  58 154 128 124 258 387 175 264 169  53  29
   144 218 322 358  10 102  75  20 123 276 308 262 263 151 124  62 150
    49 217 164 328 233  37 198  78 319  38]
  [  0 327  49 161 111 130 324 225 260  39 230 171 335  11  74 292 343
    11  11  90 307   0 153 312 143 259  58 255 279 361  75 269 290  88
    42 184   7 333 167 116 217 328 308 311  17 241 178  62 306 205  74
   230 330  11 266   8 141 149 337 218 109]
  [  0  52 108 185  15 237 239  62   1 194 194 206  39  71 195 315 313
   155  56 240 387 248   0  67 349  72 231 324 166 218 114 111 161  49
   386 302 260 125 347 139 195 365 299 387 298  21  54 118 109 217  66
   277 324 294 236 319  45 216 382 340 270]
  [  0   2 108 173 315 336 324 134 184 168 183  37  86 188 284 116 322
    73 304 266  77 128 293   0   1 267 155 376  88 179  69 193  84  54
   266 351 350 319 111 357 322 304 333 228 290 245 151 347  85   4 386
   306 144 168 181  75  49   9 291  43 331]
  [  0 150 179 127 349  10 227   0 341  43 182 140 123  54 328 231 366
   201 322 362 160 243 366 131   0 298 378 189 123 352 300  56 228 128
   149  48 150 146  75 343 380 124  45  85 357  30   6  62 272 129 361
   180 332  42 366 173  96  36 201 353 302]
  [  0 167  92 377   2 388 309 198 218 337 298  26 272 270 191 364 283
    11 215 307 138 111 152 347 339   0   2 203 252 115  61 379 265 114
   353 267 116 286 245 377 249 179  36  62 166 116 254 243  53 106  72
    59 171 221 201 378 366 289 212  41  91]
  [  0  91 231 378 221 104 237 212 137 107 192 218 122 378  93 232 276
   252  11 364  68 139 361 189 111  52   0 369 353 260 310 205 129 150
   278  21 111 365 236  84  11 113 264 364  91 223 107 323 170 251 273
   376 114 270  23   2  18  88 277 170  11]
  [  0  82  93 206 157  71 203 344 148 352  21 213 335 159 338 355 266
    45 151 179 301 198  26 187  24   9  89   0 252 175  81 348 230  63
   276   0 219   8 337 239 226 309 283  81 355 156 303 181 277 315  36
   222 361 185 334  33 381  15 269  48  94]
  [  0 331 336 380  97 149 263  37 249 352  54 298 198  84 152 161  67
   283 149 192 205  85 361 156  56  10 297 200   0 341  50  90 274 188
    63  24 228 362   8 217 332 313 195  78 331 133 317 278 228  59 255
   254   6 247 118 109  55 218   4  49  17]
  [  0 313 141 202 229 312 181 330 146 293 376  19  57 143 282  83 215
    38 119 222  37 225  46  58 233 100 186 374 289   0 199  10 350  40
   311  80 112 238 141 218 197 102 335 343 333 380 160 147  32 222 189
   338 374  89  24 174 248   3  70 105 175]
  [  0 113 177 191 152 327  41 180  72  85  53 291  51  90 361 138 226
   166  92 308 268 129 119 152 305 348 280 173 382 175   0 147 264 180
   195 355 383 206 136 195 222 363  83 275 307  28 292  31   5 116  32
   285  30   8 152 255 301  67  72 140 121]
  [  0 103 254 120 300 152 147 355 278  94   1   2 115 160 157 174 218
   109 138 182 355 387 201 301 295 136   2 380 100 187 372   0 373   2
   212 148 171  54  60 182 360 218 149 170   5 244 146 101 199  68 187
   290 373  80  17   6 135 125   7 225 386]
  [  0  91 235 293  59  47 300  93 114  90 198 370 280 159 358 255   1
   166 373 333 121 164 154 277 144 226  36 254 105 269 100 264   0  93
   379  68  66 294 109 210  29  58  47  40  34 120 330 333 332 361 304
   295 110  85 308 355  38 143 236 261  83]
  [  0 379 133 220  70 268  97 279 382 258 115 142 292 315 223 388 378
     4 315 284 111 249 183 209 198 149 251 291  23 185  65 378 349   0
   296  76  82 233 359 316 111 355 114 316   7  89 317 146 279 365 260
    54 172  42  18  33 348 249 307 163   6]
  [  0 270  92 357 185  69 255 179 303 123 233 385  28 273 133 221 330
    71 173 154 316  61 227 236 217 332 269 318 120 124  41  62 224  27
     0 276  38 312 272  63 332 157 193   9  68  41 327  54  25 174 198
   259 131 322 332  18   2  11 364 254 178]
  [  0  71 177 120  27 352 231 370 137 232  85 203 120 230 254  13 135
    71 249 158  25 159 296  42 384  67  90  15 143  90 301 200 243 115
   126   0  66 230  41 277  93 168 125 357 294 205 128  69 221 284 184
   125  12 249  35 143 300 336 143  38 125]
  [  0 202  27 344 218 181 356 198 169 120 246 228 106 206 229 375  48
     7  23 216 165 271  33 233 324 326 255 167 160  73 325  96 186 292
   186 238   0 251  78 291 305 249 286 346 348 252 266  96  93 343 113
   156 386 202 285 368 160  36 354 208 271]
  [  0  96 213 349 219 206  69 165 264  44 387 107 366   8 154 258  86
   182 156  91 100 298  19 267 388  12  72 277 242  91   4  32   4 146
   354 137 163   0 375 309 105 171 278 203 145 108 313  51 346  62 370
   165 206 268 199 111 225 190 297 302 359]
  [  0 240 135 343 333 138 310 333  60 246 349  48  38 206 176 184 176
   107  17 384  88  59 293 118 160  58 136 341 156 121  29 191 272 315
    35 280 353 223   0 327 271 315 233 348 324  70 336 227 251  43 328
   362   8 253 159 227  56  57 228 158 385]
  [  0 157 203   8  92 180 179 287  11 178  52  14 186 152 384 194 201
    87 121 201 362 381 211  66 155 317  80 344  79  87 319 134 329 281
   232  78 100 165 125   0 359 134 171  51  66  71  73  56 103 153 313
   210 335 388 148  72  18 157  63 225  48]
  [  0 108 152  27 219 195  42 200 154 217 268 369  34  30 195 215 245
   314 269 247  38 146 274 108  80 162 209 246 355 336 266 297 330 221
   325 339   6 267 371  13   0 255 124  99 287  56 240  21  97 343 170
   312   5  92  65 379  62 121 161   1 101]
  [  0 322 325 367  97  14 365 226 335 238 171 177 207 166 222 257 227
   195 168  24  64 382 103 364 342 117  42 165 201  13 184  41 372  28
   125 304 354  41 260 176 109   0 250  71  78  70 313 204  39 193 158
   322 205 348  94 271  83 265 181 273  18]
  [  0 305 386  86  65 164  36 264 154 157 314  27  76  19 196 219 353
    54 104  36 326 278 127 168  33 134 232 320  78 382 112 187 287 118
    33  98  17 323 242 136  58 372   0 174  48 302 316 366 324 275 371
   123 229 150 263 282 151 172  51 206 209]
  [  0 356   2 265 175 165 336 354 279 292 245 264 288 166  96 170 376
   299  87 373  83 154 293  70 234 269  88 323 202 355 337 176  80  91
   111  74 269 107 283 177 303 195 175   0  64 263  65 159 164 283 327
   205 277 145 111  63 370 234  30 296 245]
  [  0 235 170  51 156 104  14 178 193 227 199 307 230 207  27 319 296
   204 160 246  84 251 237  48 145  36 371 171  70  56 322 126 113 280
   156  25 297 321 365 341 227  69 143 308   0 106  33 180 197 253 156
   377  24 217 132 274 125 290 378  88 291]
  [  0  87 349 225 166 291  46 121  30  24 122 141  45 119 195  87 104
    15 374 133 250  21  65 243  23  83  66  10 333 191  25  63  63 321
    20 169 356 170 103 373 153 367 238  30  23   0 183  71 384 248 119
   275  56 273 278 292  71 192  34  19 308]
  [  0  12 194 196 158  44 360 372 115 361 226 128 162 137 306 194 133
    35 159  22 362 251 164 162 387 163 276 182 115 386 200 111 238  30
   276 296 335 267 277 128 230 312 225 278 257   7   0 148 122 224  66
    85  24 302  32 231   7 292 182  87 233]
  [  0 283  67 346 164 235 227 183 244 114 280 256   3  34 159 129 249
    87 363 129 175 319  71 279 327 139  18 172 343 346 200  50 356 183
   221 370   1 175 329 283 280  77 167 186  78  74  72   0 169 205  21
   169 367   3  65 225  85 320 128 166 149]
  [  0 213  24 203 262 322  36  70 223 375 206 115 193 326   2 302 142
   349 198  96 278 383 289 331 386 148 286 353 155 127 378  14 295 379
   166 313  48 379 332 215 224 375 158 180 168  47 318 221   0 164 214
   234 256 160  14  34 265 269 219  99  45]
  [  0 160 142 128 118 356 149 236 216  73  88 106  15 124  65 101 366
    48 179  23 367  44  88  10 167 337  23 335 219  30 148 310 376 221
   378 112  87 276  75 146  14 346 173 385 101 340 206 320  19   0  70
   121 354 156 239 279 169 145  14 165 300]
  [  0 225 213 209 306 371 326 124 161 375 379 353 285 357  91  87 110
   208 320 142  19 138 369  58 230  99 162 307   4  18 126 237 208  33
   230  43 111 235 360 133 137  56 362 312 368  73 117  54  74  98   0
   331  63  91  27 129 373  79  85 271 276]
  [  0 148  75 333  67 131 386 273 126 250 103  81 264  86 210 304 152
    78 358 158 300  47 346  25 118 106 105 245 261 230 147 373  93  29
   387  93 149  86 374 166 105 134  14 383 366 235 357 130 202 117 323
     0 160 104  65 148   2 358  74 155 214]
  [  0 359 276 320 286 104  77 359 172  36 336  39  17 137 112 324 266
    94 158 142 219 188 380 152  92 237 378 317 183 155 246  51 286 388
   368 322 121 152 153 323 152 254 303 155 177  87 286 291 137 333 158
   145   0 303 338 234 293 185 176 158  21]
  [  0  88 129 227  37 334  58 254 163 311 180 286 197 120   5 343 277
   135 103 246 153 249 303  15 258  17 242  10  88  36 287 362 116  95
     6  36 143 272 118 324 103 289 199 243 256  65 206 280 284  33 170
    28 131   0 108  98 199 254 291 363  52]
  [  0 159 274 100   3  95 350 311  38  71 310 160 245 150 295 139 100
   200 131  29 202 261 228  25 182  87  93 177 144  36 184 365 170 138
   237 343 161   6 226 315  64 190 267  55 126  91  17 375  79 309 331
   165 144 125   0 305 331 190 357 148  11]
  [  0  39 137 142 195  88 369  16  76  10 370  73 133 277 320 260 217
   106 222 188  79 275 270 121  57 353  29  14 246 109 124 378 213 157
   291 299 196 240  88 262 265 210 195 357  39  59  54 287  43  99 217
   306 254 148 237   0 363 299  67  53  21]
  [  0 181 217 150 383 217  55 141 367  82 199  94  69   2 388 195 138
    75 211 263 246 178 375  64 228 372 132 215 186 223 182  11  70 110
    29 124 264 241 167  92 119 191 342 268 149 151 118 348  25 297  53
     6 168 143 261 227   0  31 108 214 352]
  [  0 189  13   0  36   0 263 225 349  89 128 147  87 254 331 190  61
   117  21 310  89 126  33 274 155  59 105  88 259 184 381 205  53 345
    99 189  23   8 207 335 346 307 356 234 170 262 167 358 344  34 291
   140  62 224 110 227 322   0 260  39  39]
  [  0  21 324 171 330 250  22 126 150 337 199   8 278 109 296 338  29
    18  26 316  34 271 264  10  76 272 171 377  12 209   7 342 276 349
   288 232 225 237 267 273  26  82 258 195 268 362 271  26 153 171 106
    69 187 380 377 105 337 109   0 223 268]
  [  0 374 264  78 331 238  56 194 159  54 283 215 261 367 207 162 287
   245 222 221 366  93  77 147 360 359 130 177 242 242 252 174 346 161
   293 361  81  80 244 331  70 175 224 313 300  34 172  86 363 168 152
   343 336 247  98 143 302 188  44   0 196]
  [  0  25 115 383 279 230 214 204 254  18 187 225  57  43  60  34 377
   198 112 289 349  73 357 315 323  44 319 179 113 231 169 296   1 350
   225   9  12 228 265 313  73 124 220 274 284 107 290   8  38 124 269
    87 184  17 303 299  31 109  25 124   0]]

 [[  0 384  83  31 386 382  43 280 238 204  35 336 138 206 225 145 348
   169   3 234  65  77 169 223 104 250 120  68 140 108 348 100 148 186
   348 196 233 202  65 338 378 106 385 186 271 219  92 355   8  10 332
    44 268  18 154 134 225 179 287 155 341]
  [  0   0  30   5 187 266 203  20 296 184 364 289 279 288 346 214 282
   232 242 112 130  57 265 334 190 225 236  72  78 369  60 163 199 192
   245 224 165 152 121  94 385 123  23 122  85 293 270 252  76  17 121
   145  77 327 199 380 150 142 353 259 156]
  [  0 301   0 121 341  79 378  99 163   4 165 210  91 368 140 285 124
   128 380  43 209   1 254 175  15 150  68  81 244 170 181 341 261 176
    53 131  56   5 277  22 147 174  99 167 125 220 295 121 219 254 140
   282  93 283 224 187  14 346  64 128  52]
  [  0 372 130   0 376  10 288 273 387 171 224  73 374 118 127   9 319
   322 276 216 162 147   8  76 341 222 258 145  81 287 359 250 382 319
   275 223 323 386 112 387 265 211 370  21  14  63  69 342 197 287 244
   233 249 188 316 117 166 324 112 314   3]
  [  0 188  12 291   0 254 141 285 365 106 350 200  45  30  30 239 221
    42  81 308 272 196 293 132 179 292 167 102 317 339 336 272 141 161
   344 329  29 191 103 124  57  17 343  52 139 299 217 286 281 185 176
   206 208  76  49 161 107  28 287 379 292]
  [  0 118 327  81 153   0  25 230  23 123 299 259  45 125 238 200  62
    20 371 387 343 147 141  26 286 147  11 307  99  95  49 257 180  19
   276 250  98 277 153 339 242  69 189 280  17 154 114 251 201 183 230
    56  88  25 131  67 205  25 321 165 146]
  [  0 184 310 363 350  62   0 368  29 365   5 243 310 333  67  13  70
   151 244 131 335  48  37 361 253 258 100  51 211 116 196  30 172 264
    71 234 254  76 382  15 236   4  87 126 361 126 268 129 226 354 388
    79 269 268 232  65  44 214  41 283 121]
  [  0 124 241  94 194  71 138   0 165  87 186   4  87 363 325 213  61
   316 179 180 290 215 155 136 338 290 146 164 234 150 134 249 258 149
   239 218 258  67 295 186 143 116  76 312 364  27 193 383  24 273   8
    19 148 231 279  70 303 206 125  26  29]
  [  0  48 172  64  18 134  23  96   0 317  21 225 110  55 207 140  42
    58 230 327 360 158 364 275 366   7  58 246 155  98 281 343  91  81
   106 145 281 240 223 126 339 366 331 306 113 296 286 269 328 260 289
   274  25 299 110  14 183 349 347 240 201]
  [  0 244  37 179 238  75 235 378 331   0 180  68  38 183 233  95 238
    36  31  96  75  98 218 329 312 273 290 120 102  42  66 164 191 380
   261  97 232 110  28 343  26 171 183 271  52 179  80  75 296  45 172
    97 225 177 139 314 165   7 257 307 249]
  [  0 160 102 197 331 351 386  68 259  12   0   2   8 130 360 335 382
     4 244  49  93  19 311 317  40 385 143 144 183 137   4 349 167 173
    84 228 334  75  48 280 345  24 237 269 212   5 167  44 126 180 315
   163 126 228 110 348 362 382  55  18 360]
  [  0 377 227 244 321 145 186  69  63  60 184   0  71 205 273  25 205
   250 328 282 235 144 134 251 299 193 344 160 331 117 316 365  40 243
   124 266  32 328  62 339  77   2 105 238 205 270 285 382 214 344 280
   204 249 310 350 156 273 180 196 291 238]
  [  0 237 330 347 274 296 114  59 188 202 261 224   0 195 355 252 355
   291 101  41 287   3 367 219 337 296 232 251  70 372  61  80  28 269
   217   6 379 229 292 234 316 127 237 375 383 230  59  74  54  27 105
   229 204  60 221 131 324  92 286 166  44]
  [  0 221 327  57 145 265 282  70  74  76 338  68  46   0 381 352  35
   221  37  97  32  12 348  99 118 272 277  19  33  24  34 368  67 118
   264 146 160 344 164 353 123 292 142  11 157 192 234 199 246 374 347
   245 360 236 242 310 322 297 104 325 316]
  [  0 143  77 154 164   8 304 187  24 241 340 162 378  27   0 223 216
   188 369  58 170 284 202 255 163 230 156 176 292 223  95  19  83 129
    58 205 281  30 258 270 343 155 323 238  51 292  40 304 188 200 304
   229  79 184 295 144 239  25 290  60 315]
  [  0  86  87 183 202 214 171 140 222  74 225 254 146 167 257   0 291
    75 268  95 373 237 101 343 164  80  37 164 337  52 176 106 172 358
   116 157 153 281 307 326 383 236 102 118 131  77 175 211 366 184 294
   334 362  87  58 110 195 210 202 242  58]
  [  0  79 139  85 303 231  18 150 253 139 341 220 176 334  26 211   0
   379 196 243 226 326 105  81 180  40 108  29  48 114 343  82  54 294
   153 256 101 373 193 222 369 137 235  99 255 183 207 252 312 145 342
   279 283  96 339 126 352 120  55 266 113]
  [  0 342 320   8  55 317 269 179 120 198 192  35 205 226 206 161  44
     0  92 134 184 139 143 225 173 198   9  38 126  51 245 208 293 249
   317 111 381 366  39 306 343 263 120 250 131 165 163 208 270 325 306
   259   6 166 240 160 318 193 194  80 332]
  [  0  65 230 350 287 267 185 180 199 375 325 247  72  52 296 296  84
   222   0 102  38 322 233 166 277 141 217 191 315 377 207 263 242  40
   241 141 138  74 119 372 319 305  56 285 144  67 123 218 272 327  85
   304 100 194   6 135  94  15  31  74 299]
  [  0  53 309 290 143 201  15 295 319  10  13 362 253 276   6 239  78
   106 174   0  72  92  89   5 361  81 285   5 237 165  78 387 209 137
    98  42 172 157  54 121  78 116  85  37 206 127   4 139 101 241 142
   342 213 293 124  77  19 358 314 270 105]
  [  0   0 165  85 188 147 271 209 357  72 320 380  63  85 360 274 197
   296  63 129   0  93 106 107  64  22 176 366  73 235 369 140  88  55
    75 255 158 181 138 351 261 103 215  94 341 336 188 204   8  56 211
   118  70 143 165 219 197 119  71 378  27]
  [  0 359 335 253 118 344 233 296  98  25  99 345  56 195 135 122  77
    67   0  18 202   0 179 370 300 384 307 370 346 128 233 252  27 168
   365 278  71 328 319  98 194 216 129 201 186 325 281 243 135 382 252
   129  71 352 300  54 367  15 172  86 165]
  [  0 328  22 323 256 129 305 186 319  29 379 369 364 332 326  15 202
   354 293 209  31 278   0  17  37  57 232 223   5 212 222  19 305 357
   124 146 200  66  62  11 253 214  92 312 134 342 115 140  66 224  92
   172 251   9  34 162 157 267  18 176 230]
  [  0 222 380 239 227 142 321  78 325  46  33 261 152 114 256 259  53
   363 271 350 360 302 299   0 354  24 150 184   8 186 296 126 144  36
   122  69  42  32  41  74 214 298 255 144  47 219 308 320 257 223 100
   144  41  98 151   9  92 331 129 131 306]
  [  0 167 267 105 324 228 255 345 307  93 153 237 282  99 249 350 172
   146 245 169 327 153 102  45   0  12 269 388  71 220  11 329 240 106
   183  15 352 345  79 174  31 102 132 177  57 238 239 299 217  58 230
   385 166 238  55 176 343 106  78 221 168]
  [  0 333 210  68 343 366 114 214 331 376 261  39 120 368 382 369 241
    89  19  84  52 139 258 178 184   0 284 265 164  83 189  52  29 170
   283 283 240 306  99 265  71  83 329 340 107 142 201 303 186 244 235
   357 254   4 271  46  32 286 289 379 298]
  [  0 118 167  33  97  33   2 129 182   4 179 253 307 337 175 258  50
   158  23 224 278 384 347 106 210  23   0  90  45 123 184 145 272  47
    21 110 177 176  45   2 386 384 314  91 274  67 334  39 137 144  45
   359 243 334 382  15 196 170 243 194 306]
  [  0   9   2 275 120 130  46 324 117  24  76  60 233 349 145 368 179
   122 154 378 328 171 120 136 315 301 101   0 330 290 320 228  11 147
   193 101 148 273 278 105 294   9 334  82  16 160 324 149 287 340 339
   260 297 317  65  32 177 123  14 154 305]
  [  0  37 159  62 202 106 130 173 240 236 381 359 289 125 325 347 222
    27 148 380 156 128 101 278 129 109 360 175   0 233 203 268 270 210
    86 373 352 331 268 371 311  90 159 120 386 101 142 373 230  89 194
   299 149 194 228 332 288 386 206  22 219]
  [  0 129 195 215  58 208 224  82 251 261 321 215 384 362 147 298 255
   243  52  69 142  53 115  96  85 245  40 100 194   0 328 342 181 309
   127 351 291  16  72  53 355 192  40 183 251 324   0  94   1 149 202
   119 354  80 187 258 369 152 303 159 353]
  [  0 366 307 225 162 305 247 204  12 179 330   7 314 285  31 222 214
    71 341 320  34 289 148 213   2 373 229 232  47   0   0 197 229 207
   223 347  84 220 178  31  78  55 130 237 234 102   4 296 176 234 377
   183  12 277  15 262 184 140  82 384 246]
  [  0 126  90 355  84 283  55  54  42  36 145  50  45  55 320 168 171
   195  10 208  79  18 262 272 108 287 271  77 180 378 360   0 293 371
    64 118 380 298 261  43 325 243 296 187 212  28 381 358  27 103 253
     7  39 179  16 373  48 286 220  86 350]
  [  0 170  75  57 220 220  83 239  84  50 351  88 263 224 213  20  40
   127 289 215  25   6 162 254 295 100 380 132 270 268  28  53   0 163
   101 288 352 321 201 262 254 179 214 379 148 323 168 326 261 284 102
   137 345 269 176 142 381  59 193 264 174]
  [  0 154 343 106 262 224 190 343   5 237 122  43 331 100 190 283  96
   341  42 285 272 135 349 312 300  79 285 274 243 267 188 327 113   0
   268 197 226  99 265 232  55  26 316   1  46 201 157  51  29  62 154
   326  13 336  86  44 374  84 239 385  53]
  [  0  32 317 276  38  52 141 126  69 174 149 288  62 107 144 122 252
   218 210 239 172 279   7 124 210 188 360 280 296  13 166 304 373  61
     0  72 362 178 328 139  91 123 212 354 223 302 356 200  25 244 261
   207 201 328 159 378 373 189 236  83 256]
  [  0  81 116 104 263 230 130  33  52 103 222 328 382 376 232 278 311
   290 364 204 268  66  41  55 218 242 242  14  29 378 366 174 360 382
   386   0  90  89 343 130   7 175 158  22 256 262 327  15 110 232 330
    16   8 176 245 365 233 100 305 138 199]
  [  0 176 101 383 358  56 357 284 313 180 275  99 264 319 248 140 328
    46  80 280 335  52 361 210  10 342 139   4 191 181 170  74  54 185
    31 308   0 260 354 205 175  15 309 192 252  31 363  92  88 376   1
   280 155  26 297  38 340  16 346 281 178]
  [  0   8 311 238 382  63  98 308 344  56 332 218  71 270  79 220 223
   144 192  40 303 325 102 146 313 358 291  52 149  38 170 286 278 118
   232 238 194   0  30 172 125   1  93 213  63 169  82 207 361 107 311
   248 200 276  53  97 121 253   0 370 244]
  [  0 191 358 284 195 306  96 265 114  16 176  51 184 182 332 208 368
   296  63 180  36  83 300 237 282 228 231 193 315  69 279 113 193 204
   156 184 388 252   0 249 166  64 215  66 279 362 297 380 127 220  73
     9 365  80 243 165 302 226 341  29 101]
  [  0  23  27 185  38 171  76 252  31  94 235 244 199 153 354 329 280
    31  44 235  59 196 174 222 384 136 131 153  91 381 235 118  48  86
   151 128 320 140 308   0 296 137 156  17 283  10 136  36 376 286  29
   279 203  60 306  22 357 243 128 290 213]
  [  0  20 183 343 320  20 107 330 192 134  55  87 284 224 283 214 301
    24  67 261 190 155 195 153  22  78 187 234 307 364  11 300  16 360
   304 246 129 361  73 226   0 293 222 343 117 359 192 348 157 253  35
   243 353 324 314 364 223 220 375 289 128]
  [  0  99 104 250 323 281 168 128 130 325 125  39  15  43 113 349  83
   306 323 113 360 354  94  25 224 124 317 136 136 243  99  54  93 158
     4 361 127 193 203 133 194   0 191 387 245 240 178  34 217 127 193
   195  15 203 154  99 261 354 108 112 274]
  [  0 109   1 129   6 125  92  18  30 218 361 178  46 140  98 378 222
   111 201 359  64 121 287 377  26  63 152 337 316 251 129 232  78 382
    57 268 274  53  71  29 227 279   0 232 243 188 386 127   8 280 115
   119  74 321 148 319  71 388 348  21 299]
  [  0  30 351 273 244 202 178 131 208 372 266 338 135 184 178 257  16
    30  75  82 218  48 144 279 135 171 354 362 328 330 326  17 128 207
   378   6 129  86 287  48 253 173 121   0 335 245 259 188 331  20 371
   196 180  19 205  66 282 331 143  43 376]
  [  0 302 319   3 189 225 129 205 100 102  88 327  53 385 176 276 126
   158  85  82 201  24 309 359 358 192 112  29 342 290  76 140 140 204
   271  79 301 343 149 326 279 369 123 214   0 123 256 102 194   0 246
   108 178  56 304 363 306 282 335 220  33]
  [  0 255  22 165  15  74 266 248 237 149 322 100 346 357  24 158 362
   235 284  85 328   1  52 357 187 249 169 308  90 142 222 137  55 127
   229 262  85 118 344  70 293 362 264 239  86   0 362  94   8 348 278
   103 223 198  39 192 332 195   3 223  92]
  [  0 215 111  40 386 176 278 107   8 280 241  84  59 157 337 268   2
   244 243  81 249 229  27  87  23 261  48  96 117 203 185 197 120 220
    19  88 211 189  60 174 217 244 233  64 159 376   0 261 336  90 303
   214  13 162 259 105  13 227 155 304 288]
  [  0  57 252 143 273 286 336 259 103 174 334 144 103  21 198 223 335
   384 180 226 301   6 251 136 336 203  47 109 104 375 296 320 198 100
   110 314 225   3  88 160 302 168 289  27 345   5 272   0  51  61 376
   296 378  98 297  90 283  93 151 240 386]
  [  0 170  85 254 301 206 272 327 147  22 329 345 333   2 192  61 271
   155  67 299 341  34  44  64 341 267  86 153   7 316  75 313 370 110
   298 310 358 286 256 284 242 290  73 257 112   5 352  66   0 267 163
   235  76  90 103 179 245 106 106  69 372]
  [  0 312 115  53  84 359 252 282 375 366 346  90 274 339  97 237 242
   311 201  90 163 354 161  56 187 154 180  47 382 213 198 164  39 253
   367  51 203 300 381   4 309  41 350 269 105  50 363 364 211   0  47
   168 205 102 170 368 350 165 298 154 327]
  [  0  26  61 191 211 347  38 256 369  94  84 318  50 242  17 362 194
   155 154 129 131 134 278 115  28  59 286 152  14 192 100 105 165 224
   306 362 327 151 190 334 338 138 179  77  40 362 350  81 223 360   0
    92  78 139 341 303 124 230  11  99 332]
  [  0 144  20 198  97 128 279 382 263 265 245 315 367 228 377 167 345
    11 220  79 363 116 265 290 128 101 162 233 229  49 379 213 195 220
    43 383 184  86 122 107 386 196 117 272 130 232 380 343 383 254 225
     0  21 281  20 117 381 184   4 140 225]
  [  0 175 321  54 122 222  75 341 250 252 235  33 369 327 165 175 165
   362 175 179   9 256 354  27 176 232 365 287 277 156  83  56 204 214
   189 191   8  10 130 155 281  45  96 338  21 365 165 337 310 242 109
    64   0 333 139 161 369  15 135 149 334]
  [  0 282   5 179 208  46  50 176 324 149 209  99 150  25 347 141 197
   159 231 373 237 276 280 306 266 256 264 109 139 211 255 267 122 119
   267 210 199 380 327 134 300 326 333   0 172 365 167 259 219 327  88
    73 349   0 313  61 251 292 365 217 140]
  [  0 287 153 319 148 264  72 272 304  61 114 370 208  30 307  80 230
   131 117  78  84 135  78  88   8 162 179 322 342 312 126  40 148 137
   182 152  94 229  47 115 382 335  77 339 120 352 136 161  92 156  59
   344 204 100   0 264 254 352  41 295 254]
  [  0 203  84  27  52  75 302 276  51  50 326 227  18 380 173 282 247
   264 243 123  70 127 225 371 108 267 371 182 329 168 113  26 308 146
   131 254 243 101  33 283 369 242  82 261 170  57 242 285 101 323 356
    27 236 336 250   0   6 273 299 158 151]
  [  0 143 369 378 177  17 356 217 253 252 263 295 265 262  50  51 283
   303 385  40 115 114 271  58 355 345  27 316 206 280  91 121  25 106
    47 214 111 349 342 317 375 364 183 359 146 274 156 382 144  12 235
   349  95  40 168  81   0 216 204 378 144]
  [  0 188 359  62 199  62 200 103  85 320  95 113 123 291 388 344 243
    68 261 377 148 342  45  53 140 159   5 246 362 212 354 240  25 280
   329 224 351  57 311 202 320 261 378 345 131 383  19  30 172  67  95
   298 129 194   1 194 246   0 143 317 336]
  [  0  73  73 387  37  98 191 187 236 327 302  36 183 217   4  95  18
    64 388 131 311  60 158  96 101  55 113 383 103 322  42  74 128 261
    81 239  43 352 222  86 356 181 132 223 315 202 220 182  46  47 135
   117 385 103 152 228 215  22   0  51 145]
  [  0  72 318 139 182 302 225 181  51 323 282 316 178 226 299 210  31
   314  61  52 279 327 268 326 343  41 139 198  91 309  31 273 359 202
   172  73 315 347   6  15  44 271 133 330 197 274 386  79 177 171 254
    59 342  67 327  95 168 344 350   0 117]
  [  0 303  43  96  34 181 317 156 217 204  63 324 194 344 111 164  12
   213 275   3 300 309 112  42 182 185  23 323  92  72  64  62 194  66
   323 202 231  23 196 151 239 211 245 233  54 278 375   3  97 239 124
   305 174 224 135 139 135 334 168 219   0]]

 [[  0 268 192 111 125 343 135  72  78 279 300 344 205 238 120 323 250
    15 307  92  49 205 360 272 234 310 330 353 366  95 232 202 135  96
   182 296 204  82 170  94 296  83 358  74 213 154 311 373 152 362 158
    31 365 255  89 306 313 271 339 115 267]
  [  0   0 304 245 151 150 134 213 126 200  47 208 151 175  20 287  78
   251 384 381  99 232  90 138 346 372 286 209  11 128 186 184 319  13
    48 282 318 285 164  90 151   1  87  73  59   8  93  22 277 351  15
    12 222  83 380 204 209  42 302 221 127]
  [  0  57   0 235 349 269 126 281  31 178  11 384 117 154 339 306  79
   378 339 310 310  98  54 382 382 152 189  60 346 199 306  41 213   4
   385 213 352   8 150  79 129 235 382 178 101 340   3 131 142 167 111
    39 121  24 158  36 284 246  85 107 102]
  [  0 148  56   0  22 113  60 189 331  97  11 206 231  21 249  61 255
    31 224 189  56  45  48 333 139 229 359  61 272  85 241 157  13 310
   293 277 290 158 345 250 319 116 204 135 378 141 109 301 298  40 158
   159 178 148 271 306 380   5 165  68 201]
  [  0  41 187 226   0 184 282 304 231 269 105 180 296 299 221 100  39
   384 246 108  70 135 211  88 329 189 256  57 325 133 180 317  10 340
    13 133 169  82 286 346 198 385 192 336 220 309 269 273 210  77 374
    94 179 295 384 188  32 354 242 383 240]
  [  0 194 163 354 373   0 279 383 138 370  12 368 165 282  57 254 334
    64 235 279 320 140 343  97 323 192 132 346  48 271 259 363  35 248
    84  58 140 155 103  24 232 338  63 363 181 219 346  20 176 217  33
   185 373  50 318 231 207 232 259 232  99]
  [  0 340 150  64  42  49   0 137 368 182 309 270 203 173 354 163 162
   302 364 197   5 125 253 322 236 285  53 130 336 358 318 375 337 237
    50  84 278 376 114  80 179 327  54 248 112 142 209 271 349   0  88
   181 310 385 277 307   0 154 349   5 212]
  [  0 125 211 329  29  68 329   0 270 175 270 181 339 269 294 310 154
    14 362 282  61 301 258  18 309 240 274  96  45 177 259 216  27  30
   105 312  65   6 190 313 365 351 296 119 365 162 125 383 116 224  30
   381  92 255  28  49 173 227 287 125   9]
  [  0 202 180 109 175 106 204 371   0  39  34 384 205 349  46 214  18
   295  58 175 124 238 351 333 111 368 103  34 377 303 191 206 337 381
   119 340 256 105 142  79  51 162 248  56 367  19 109 272 102  66 368
   262 381  18 216 199 172 217  69 313 348]
  [  0 242 132 124   9  22 153 273 355   0 307 360 345 357 125 100 266
     2 199 220  86 226 373 116 148 119 184 325 132 174  40 177  33 315
   131 100 221 268 225  86 230 358  36  16 242 106 298 365  68 146 344
    77 200  24 333 247 313 112 211 130 251]
  [  0 350  83 276 198  99 293 123 218 249   0 250 330 231  18 355 364
   282  62   4 349 122  80 141  54  64 242  67 196 218  23 145 318 379
   178 383 148 153 331 147 313  53 148 323 371 321  54 212  43 187 227
   285  44 295 211 203 125  36  90 244 333]
  [  0 362 217 127 188  34 327 176  80  33 262   0 311 250   1 234  59
   126  45 267 180  88 160 199 233  22  75 217 282 283 201  34 253 244
   293 145  81 247 114 163 139  21  65  47 149 237 349 316 125 288 189
    12 365 169  69  75 381  41  71 226 147]
  [  0  36 104 388 140 384 321 100 134 272 145 272   0 182 237 157  65
   136 161 119  55 385  21 159  63 269 151 210   4 125  93  66 342  33
    25  97 160  48 324  96  76   4 208 281  33 341 235 358 264 222 127
   381  96 193  97 152 275 174 315 201 101]
  [  0 352  90 377 181  97 170 109 246 305  72  97 318   0 194 106  15
   355 356 205 273 380  74  90 150 350 141 247 324  26 155 173  66 342
   139 283 376 261  80 320 351 307 315 246 236 376 167 373 114 284  83
   242 234 330 181 123 349 254 350 310 144]
  [  0 342 113  87 252 379 360 323 306 325  81 323 189 344   0 211 229
    39 233 331 228 227 316  31  33 212 369 170 102 281 275   4 316 257
   134 363 304  17 299 122 167 288 210   5 272 132 144 364  51 144 364
   222 254  59  26  78 312  87   7 349 284]
  [  0 226 327  96  71 101 213 367 203 148 230 379  58  30 276   0 184
   160 196 344 326 112 306 256 318 100 297 144  71 170  69  80 304 157
   350 211 197 325 215 351 272 266 225 303 377 285 247 322 122 124 327
   317 106 249 329 120 216 339  37  14 351]
  [  0 100 332 252 358  59  35 374   8 352 373  32 263   5 252 321   0
    61 328  95  17 250  25 309 229  38 170 153  42 240 117 238 212 368
    75 341  64 361 233 315 371 152 135 225 317 308 257 180  27  10 299
    21  91 111 281   3 310 347 256 305 113]
  [  0 232 221 216 324 277  79 208 241 196 388 365  24  78 239 239  21
     0  16 305  51  52 262 165  69  18  93 311 159 230 239 256  70 113
   270 312 293  25 304 121 218 268 191 251 383 194  49 360 123  21 360
   221  90 103 264 269  13 251 388 215 242]
  [  0 141 145 334  13  36  45 302 258  97  81 134 201  82 109 202 205
   360   0  15 289 203  62 110  94 153  57 247 132 135 119  33 112 114
   306 382 343 332 319 311  59 261 145 115 173 246 226 209 366 115 254
   110 284 225 160 268  87 115  69 218 262]
  [  0 255  92 185 186 138 158 305 130 136 208 172 298 283 177  86 388
   309 295   0 244 376  78 254 342 288 298  52  17  73  22 304 343  66
   232 114 237 368 247 247  67 258 161  27 176 387 199 363 212  20 190
   175 272 173  91 303 157 380 197 112  53]
  [  0 363  77 275 322 105  82 345 214  97 107  63 236 187 272 174 371
   271 320 109   0 232  71  68  86  37  22 102 131 290 369 186 236 233
    50 233  52 224 242  43   6 324  63 167  27   4 322  71 121 287 109
   191   4  12 167 385 346 160  80 176 164]
  [  0  53 387 169  25 227 122 138 122  85 368 298 114  67 321 140 174
    84 232  49  57   0 342  23 161 217 312 253 353  45 386  39 288 355
   249 253 150  79 221 175 127  71 344  85  60 342 342 249 301  90 365
    32 358  87  90 365  64  99 224 327  58]
  [  0 271 337 293 188  94  66 249 337 178  70 348 325 256 267 293 201
   257 260 252 111  55   0 187  95 383  53 236 232 281  61  91 206  30
   102 228  25 179 155 239 376 283 193  38  33 262 246   4 297 189  66
   343 122  74 318 164 192  87  60  77 336]
  [  0 296 100 215 337 305 377 152 226 326   0 244 285  95  12  82 374
    13 160 179  49 335  52   0 245 335 375  87  42  54 107  53 304 182
    31 115 372 194 331 167  10  64 255 373 361 293 156  81  11 221 326
   279 120 249 157  70 227 222 247 164 208]
  [  0 256 171 299  69 217 151 387 262 278 100  10 344  57   9  28 326
   246 141 124  88 157 314 152   0 115 216  92 349  28 321 290 228 284
   123 349 301 210  62 151 378 221 103 298  39  11 243   4 262 230  95
   387 221 271  59 272 249 280 264  76 258]
  [  0 122 198 200 283  72 343 361 336 286  53 213 156  20 322 216 230
   220   5 341 295 138 189 325 354   0 326 311 127 347 232 284 298 333
   354  79 103 179 302 231 282 275  84 242 384 215 277  82 135  68 222
    11 375  38  92 366 278   0  23 247 372]
  [  0 249 218 382  76 101 234 173 293 222 136 312 310 361  74 142 235
    23 178 252 293 218 130  76 113 349   0 354 225 210 114  26 234 176
   259  74 258 174 281 137 318  52 172 279 166 267 224  47 265 292 128
   193 213 128 200  75 146 194 321 296 232]
  [  0 224 197 253 115 123 262  52 270 115 108  95 174  14 111  47  42
   274 124 303 161 364 260  47 268 205 124   0 382  55 155 112 207 268
   229 239 349 257 133   2  57 255  34 343 198 345 356 148 144  33 293
   274 212 322  64 194 346 133 315 358 152]
  [  0 113 180 338 345 358 356 218 293  72 370 174 291 188 120 281 319
    52 387  73  25 343 350  39  71  20 272   8   0 218 218 180  90 299
   127 117  18  20 192 119 148 235 279  10 249 200  68  76 282 303 103
   309 272 280 160 186 122 371 255  41 310]
  [  0 153  50 341  72  11 286 284 385 129 120  92 168 228 274 281  38
   241 202 271  74 192 124 355 330 201 242 226 308   0 260  33 250  17
    55 294   9 305 247 350  53 116  44  77 120  25 134 326 168 331 228
   266 291 235 201 368  26 141 229 178 240]
  [  0 121  19 221 177 198  44 357 281 283  59 333  80 168 129 160 232
   258  84 168  56   2 225 137 262  55 333 171 173  18   0 151 364 353
   369  60  25 146  12 345  41  17 286 139  61 168 216  57 161 174 326
   149  57 288 309 100 321 331 297 307 204]
  [  0 232 315 216 116 332  83 190 353 212 171  52 364 369 267  57  29
   384 168 284 370  17 257 232 134 300 275 348 343 133  19   0 120  34
   337  59 171 205 102  15  50 103 242 263 257 187 137 227  97 266 354
    66 108  74 166 369 221  22 237 155 289]
  [  0 304  50 359 130 387 386 129 334 159 104 293 275 209 371 275  28
    83  11 190 257 190 218 212  82 309 341  52  95  41  97 219   0  22
   263  63 162 221 144  13  79 166 376 239 274 146  94 106 292 127 105
   253 375 242  71 337  14 169 230 344   5]
  [  0 319 352 133 306 264 302 207 331 377 349 341 133 309 283  32  32
   265  67 260 169 293 200 265 193 321 141 329 226 140 160 176  99   0
     5 377 151 248 144 345 338 154 164 129 127 219 382  52 331 281 127
   379  62 309  70 278 145 248  53 231   6]
  [  0  27 370  25 201 362 137 326 342 232 319 355 145 165 347 289 327
   105 202 322 282  23 253 172  65 245 321  72 313 363 323 150 386  81
     0 100 268 288  16 299  74 210 168 113 136  84 164 185 293 215 173
     0 202 138 154 283  84 188 102 158 165]
  [  0 157 258  45 367  72 207 185 327  85 339  20 116 227  19 104 184
   141 380 287 150 371 104 360 308 272 290 126 182  81 226  51 346 229
   152   0 385 223 369 224   1 334 379  58  56 137 240 201 330 258 344
   361 377 293 289 293 229 360 368 247 370]
  [  0 124  31 164 123  14 105 159 120 327 122 103 104  49  35 229 194
    86 199 354 377  76 119  98 324 142 253 284 115 258 294 229  72 249
   356 367   0 297  61 180 238 120 203  72 129 215 175 255  41 219 251
   152 376 228   1  45 135 244 327 128  85]
  [  0 280 256 125 163 126 200 348 323 371 238 259 374 152  63 203  75
   248  77 357 266 302 266 189 159   9 304 325 371 240 197 122  64  86
    19  53   2   0 228  20 114   4 182 366 162  49 183 143  97 192 173
   336 330  95  26  10 302 126 125   2 349]
  [  0 305 340 175 104 204 261 235 230  76 247 258  66 120 365  57 112
    54  85 352  49  25 375  93 351 179 110 359 250 321  35 353 208 285
    28 260 360  70   0  83  95 221  40 176  10  62  70 133  79 267 325
    59 245 133 100 365 219 259 240 123 196]
  [  0 354 234 312 180  40  60 106  39 111 322 205 291  49 352 365  65
    24 367 123 224  61 315 234 216   3 318 345 239 319  82 243  13 309
   302 250 159 283 217   0 289 378 152 100 374 136 348 351 109 158 197
   306 269 388 151  67 361 222 367  87 157]
  [  0 370 370 149 305  92  20 337 180 385 324 153 285  96 284 126 149
   300 299  77 336 342 375 317 159  44 302 334  13 218   9  76   1 339
   293 179 287 278 278  52   0 170  54  25 264 203 186  31  36 274 144
    28  63 225 182  74 201 358  58  16  44]
  [  0 127  27 165 179  46 337 374  95 109 320 244 193 211 341 348 144
   382  10 359   9 366 382  41 149 338 213 166  54 328 247 306 241 313
   231  67 372  40 335 224 244   0  91  87 120 287  39  89 168 253 288
   107 216 130 239 281  12 141 333 268 255]
  [  0  77 358   4 190 140 219 162 268 328 110  96 272 247 119 142 330
   266 243 370 236 379 162  15 142 204 266  10 135 122 176  74  49 153
   387  26 124  72  39 261 259  19   0 359 254 343 244 198  87 258   3
    56 239 170 113  39  88 330 301 173   5]
  [  0  42 329 153 138 179 146  42  67 282 214 261 189 370 175 135 181
   106 175 286 169  17 314 180 195 279 194 201 286 216  26 196 180 246
   343 368  30  98   3 294 278 376 127   0 294 201 144 180 373 152 167
    17 210 208 172  32 259  51 216 305  13]
  [  0 363 183 113 143 374 326 358  25 225 372  63  40 149 114 251 183
   210 203 313 370 207 337 333  68  91 309 291 335 355 242 186 384 255
   342 177 132 215 374 320 225 194  14 336   0 309 222 126 304 236 382
    85 111 281 373 120 209 145 129  50 107]
  [  0 183 305 369 135 167 279  65 287 383   2 230  63 315  36 241 115
   222 203 127  98 180  99 259 107  58 230 359  58  43  18  93 184  50
     2 182 386  85 381 185 174  75 332 292 363   0 357  44 319 215 386
   239 203  90 383 388 366  74 313 378 231]
  [  0  87 113 251 137  39 286 326  20  27   6 323  23  72 160 122 117
   163 329 162 279   6  82  12 199 311 204 236 168 295 335 300 264 378
    64  42   4  62 221 306 291  52 141 101 201 138   0 165 293  35 183
   149  86  64 320  89  89 149 114 217  54]
  [  0 125  48 223 300 134 306 294 105  74  97 118  76  14 363 315 329
   352 151  47 361  66 130 319  46 285 216  59 218 348  17 238  57  12
    54 232  88 162 244 326  94 217 302 184 213 184 259   0 128 296  43
   245 233  53 164  33 336 106  85 347  68]
  [  0 318  95 326  38 252  31 368 242 196  84 267  71 213 284 363 270
    24 213 148 227 332 193 323 135 315 239 176 214 291 195 238  87 327
   349 364 313 174 219 294  62 150 283 352  28 326  20 354   0 257 314
   305 307 376 204 296 163 151 285 197 376]
  [  0 356 232   0  34 308  93 233 142 370 198 161 156 191  44 186 180
   143  14 371 220 233 146 129 226 377 277 365 221 121  41 183 316 310
     9  80 194   4  57 337 121 243 329  72  79 175  17   8  49   0  18
   210  66 169 211 100 107  85  11 198 334]
  [  0 222 269   8 280 164 151  61  81 300 377  63 249 267 344  64 313
   257  15 227 167 333 221 315 112 145 125  56 299 250 228 118  33 122
   221 116 247 328 283  65 287 134 140 183 381 250 130 135 138 287   0
   365 196 331  46 185 164 192 255  73  14]
  [  0 198  93 303 352 329 121  69 106 117 195  28 292 385 276   4 359
   129 143 280 266 141  16 323 159  39 356 352 381 239 142  60 310 149
   375 234 330 267  11 119 276 299 269 108  94   1 365 197  38  55 263
     0  75 302 193 181 388 102 187 343  66]
  [  0 275 171 191  11 274 340  58 124 168 171 147 378 375 144 224 248
   248 116  90 228 107 346 348  38 247  61 175 179 165 378 369 126 174
    30 254 199 189 359 147  38  68 119 284 284 342 236  44 291 232 301
    32   0  13 123 329  98  81 122  86 195]
  [  0 353 161 249 365 313 281 191  26 332 296 285 134 265 158 160  19
   271 248 224 139 310 128 303 316 220 137  23 202 284  28 314 286 173
   202 198  92 282 334 196 235  84 290 245  64 113  47  63 183 249   0
    82 146   0 184 217 279 193 285 164  40]
  [  0 173 300 127 306 319 356 167  83  60 171  99   1 122 274 122 187
    45 341  94 326  51 157 259  57 358 111 203 110 148  29 229  60  23
   138 378  60 261  89 251 211  40  96  13  40 330 345   5 380 205 116
    64 318 174   0   5 376 243 382 129 221]
  [  0  88 293 332  14  81 259  34 120 371 236 247  69  78 105 158 140
   269 213  43 381 287 136 380 104 348 345 176 171  51 312 183 227  51
   290  47 248 354  96 281 146 163 105 364 280  69 280 237 203  47 136
   302 378 289 226   0 307 305 272 247 334]
  [  0 278 250 111 173  20 115 364 299  90 105  14 108   5 376  96 327
   235 247 157  91 317 309 132  22  75 245  55  23 310 148 260 238   6
   167  65 295 321 351 151 261 171   3  97 349 345  33 333 109  48 249
   347 357 106  20 312   0  85 356 109 357]
  [  0 332 214 367 206 375  96 183 234 176 149  36 323 341 362 251  50
   200  42 221 142 257 388 303 218  22   9  81 336  92 292 207  64 273
    24 288 292   4  94 349 104 377  52  26 344 189  79 120 258 272 378
   229 363 104 200 364  73   0 341  50 383]
  [  0 293 242 164 323  75 367 131 318 167 136 345  17 322 239  76 106
   224 256  24  72   8 230 239 101 261 215 236 154 201 331 371 302 218
    83  28 164  71   8  77 358 307 211  54  73 111 296 216 192 363  16
    53 205  11  76 382  65  56   0 155 110]
  [  0 133 374 218 153 206 226 261 332 199  59 169 299 223 291 161  30
   273  57 374 377 269 248  33 190 237 387 253 318  24 296 301  21 365
   372 233 370  74  78 207 353  76 279 130 137 237 266  67 271  10  14
   218  67 105 153 347 250  13  95   0 270]
  [  0 140  21  50 336 171  32  71 219 210 277 178 209 252 101 301 361
   267 166 126 168 128 147 337 232 172  75 296  90 261  34 277 296 165
   318 354  80 324 374  19 376 204 335 331 229 197 308 371 292  31 110
   372  32  89 169 249 335 232 147 246   0]]

 [[  0  65 149 340 108 280 244 296 267 154 114 342 151  59 215 365 251
   120 341 252  60 141  38 244 331   6 218 265  97  21 154  32  85  54
    52 284 134 190 377 257  38  65 374  79  96 197 101 268 199 278 170
   122 365 286  42 256 171 164 318 253 216]
  [  0   0 151  18 269 353   9 353  17 259 302 288 355 299 195 280 174
   258 225   2  47 371 356 256   3  69 384 185 144 358 243  35 286  86
   263  68  55 224  63  18 334  81 279 122 327  65  67 303 388 230 383
    84 122  76 222  94 208 270 382  36 165]
  [  0  70   0 315  19  17  11 378  71 154  98 326 318 275   7 219 137
   183  57 233 247 293  94 226   2  46  96 123 362 263  80 354 158 277
   116 339 307  86  72 151 248 311 259 100 228 122 278  41 140 344 120
   197 301 320 279 125 101  20 265 312 330]
  [  0 322 353   0 288 353 211  81 337 383 283 191 151 193 313  26 290
   136  96 217 170  82 120  46 199 284 131  79  71 175 142  58 265 154
    92 113 120  31 145   0 353 322 298  80 348  26 384  65 237 152 215
    35  23 353 193   1 159 143 336 123  11]
  [  0  57 181 297   0 298 185 247  90  81 172 127 158   2 253 166  37
   268 188  49 301  68 369 224  68  64 119  57  73 267 362 110 344 128
   223 316 290  84 296 173 306 233  45 381  49  27 211 220 135  34  37
   269  68 270   3 325 180 333 320 344 206]
  [  0 303 129  71 224   0 351  99  52 172 313 310 197 383 153 207 231
    48 226 282 307 117 213 291  37 121 110 233 269  35 323  33  22  72
    64 119 213 143 242 191 277  74 214 377 237 270  36 187 109 317  28
    78  51 262 263 204  51   3 214 290 267]
  [  0 235  73  50 295 164   0 185 235 315 338  55 315 268 339 205 355
   250 369  33  81 381 318 150 318 250 207  61  59  36 255 152 117  55
   295 147 352 105   9 183 116 370  98 338  72 227 205 267 330  76 327
    32 386  31  64  84  38 265 385 352 359]
  [  0 289  59 266 383 162 224   0 170 374 313 198 227 301  50 330 188
   213 136 361   3 189   5 276  93 128 332 264 359  33 379  40 104  84
   312  24 358 223 335 155 103 313 111 210 324 227 261  54 333  65 274
   280 239 309  65 377 198 202 343 111 156]
  [  0 162 357 171 117 171 186 379   0  30 155 178 272 317 162  56  87
   279 368 147  26 265 214 210 210 333 330  64 120  40 218 241 242 216
   140 346 321   5  71  62  54 362  93 230 373 315 351 147  62 300 139
   268  87 258 324 143 316 219 292 161 252]
  [  0 235  38 307 163  64 127 368 118   0   7 163  33 206  30  56 386
   119  99 203 295 130 343 364 375 198 177 354  19 373 362  37 100 116
   276 179 273 367 285  98 273  22 248  52  49 205  59 201 303 234 100
    90  67 114 154 170 182  65 115  34 318]
  [  0 360 173 127 269  57  30 110 358 138   0 208 217 299  28 388 164
    78 354 217 106 268 244 289 344 156 189 106 179  11 126  34 120 290
    47  27 340 261 196 198  64 117 314 107 113 280 307 208 101 144 281
   325  12  33 145 313 195 228 227 344 384]
  [  0 108 199 388 177  17 242  32  12  73 190   0 273 280 284 251 186
   244 193 308 227 220 127  72 251 146  42 300 348 250  65 198 316 371
   133 386 108  87 152 373 229 356 346 324 352  69  94  79 287 191  53
   363 168  91  19 156 109  27 126  61 125]
  [  0  73 299 221 227 264 229   7  53 184 374 277   0 191 232 325  27
   197 175 144 193 265  21  64 315 136 280  84  18 362  44 176 167  57
   381 336 159 388 126 355 300 322 131 318  91 347 287 177 331 205 167
    13 160 149 185  12 374 100 207 108 146]
  [  0 225  49  38  64 304 263 156 365 361 349 193  43   0 224 308  32
   140 191  62 331   5 367 332 378  60 275 260 289 104 338 377 264 378
   101 109 135 276 375 271 111 194 193  30 353 146 351 335 295 356   8
   288 126 266 270 211  73 280  72  16 106]
  [  0   4 125 314  57 201 261 224  88  90 314 188 265 170   0 363  56
    72 243 240 372 155  62 283 226 188 123 210 181   3 363 236  63  26
   171 251 176 126 342 108 231 343 383 137 308 119 308 236  76 129 144
    28 105 229 196   9 387 305  96 241 137]
  [  0 243 348 343 126 125 139  31  19  19  12  71 245 133 367   0 262
   136  15 377  31 304  22 366 197 363 125 322 378  41 318 376 220 354
   285 189  70 377  68  20  68 125 132 112  74 190 231  40 262 132 218
    67 132 304 178 169 355 290 212 227 122]
  [  0  82   3 307 199  42  96 309 362 240 221 190   9  16  21 333   0
   196  34 292 341  45 285  86 153  69  55 164 144 332 121 275 325 202
   268 133  15  83 216 225  59 126  44 381  58 211 273 277 265  83 175
   202  68 289 178  91 265 283  55 176 339]
  [  0  99 179 267 101  55 300 387   5 274 160 368 217  30 282  27 268
     0 253 278  45 165 194  10 140 321  70 104  80 250  26 274 354  27
   355 101  26 386 285  81 123 181 367 292  55 274 110 300 155 161 118
   208 303   1 310 215 330 194 344 309  39]
  [  0  42 340 380  52  36  53 345  76  88 229  10 207 350  50  55  45
   302   0  12 346 150 220 103  86 235 314 310 134 361  39 367 327 194
   173 385   1 101 215 249 381 183 205 230 216  81 353 350 332 330  91
    97  24 164  52  69 102 241 255  81 107]
  [  0 372 160  88 293 237 213  20 101 154 363 150  72  30 180 164  43
   244  46   0 139 122 329 128  38 151  76 198 130 345 179  66 177 276
   362 177 375 187  92 384 289 174 195  92 310 307 273 224 153 385   5
   330  45  27  51 314 214  48 349 291 272]
  [  0 111 320 342 123 136 191 231  84 309 266 311 286 245 345 334 384
   263  27 121   0 237 106 270 198 206 130 169 182 234 290 235 116 337
   161 167   5 300 291 300 365  16 190 110 123 145 126 157 143 121 222
   226 366 356 234 362 288 165 225 296 102]
  [  0  41   7 210  25  27   7 255 137  87 287  87 200 273  68 228 330
    54 304  23 149   0 212 216  57 305 205  56 235 251 212 321 105 114
   124  50 218 307 223 266 273  95 133 295  79 258 372 141 222 348  80
   172 281  95 286   7 124 342 357 332 321]
  [  0 371 302 209 208 210  34  99  57 216  85 364 331 268 239 328 341
   243  25 224 226 328   0 163 175 199 220  43 305  28  43 295 342 109
   306  58 326   7  21  46 209 184 157  35 344 113 241 335 156 335 373
   169  45  88 316  38 204 100 302 147 367]
  [  0 338 185 260 321 177 181 198 107  34 154 359 364 300  33 352 164
   368 128  14 114 293 245   0  10 251 144  96 201   2 231 171 278 338
   352 353 347 260 352 144 167  17 172  17 143 334  51 195 141 373 144
   212 243 354 363  61 323 120 298 279 125]
  [  0 266 385 230 103 316 215 235 110 218 233 229  75  44 169 124  40
    22 176 368 318  28 329 219   0  91 191 290 371  47 188   2 227 118
   359 347 310 128 314 120 326 335 239 198 375 278 375 246 220 385  65
   201 136 128 281 145   2  36 295 353 148]
  [  0 378 203 267 346 268 124 226 215 258 327 379 110 372 192 304 250
    83 212 132 246 255  73 228 238   0 349 298  73 299  24 255  13  65
    63 331  85 202 313 278 355 223  43 205  12 224 129  16  57 281  69
    77 377 236 205 139 159 253  87 325 143]
  [  0  59 190 121  85 175 161 246 212 326 355 203 169 318  13 256  28
   151 116 207  99  52 361 126 351 155   0 349 150 181 199 381  11 100
   364 380 379 212  83  91 270 290 340  55 338 216 360 199 253  58 159
   257  90  76  75 133 232 362 165 159 132]
  [  0 242 383 276 206 308 284 180 383 227 293 281  55  37 185 116 118
   170 369 260 209 375 122 154 251 214 144   0 198 210 314 344 344 125
   328 174 203 187  79 250 365 378 155 359 163 137 100 263 248  81 279
   296 268 280 333 362   3 115 294 314  31]
  [  0 326 323  97  40 254 381 339 201 287 189 105  55 175 347  26 382
    58 309 220   0 252  26  15 301  52 279 209   0 248 319 152  30 201
   121  36 344 295 302 323 241  35 115 277 344 256 276 124 233 333 284
   365 155 230 317 292  42 242 373 263 232]
  [  0 128 332 363 337 295  94 226 331  70 120 350 275 119 109  42 301
   184   9 387  15 122 332 258 343 238 231 217  52   0 388  29 131 218
   331  10 330 166 178  30 355 349 279   1  84 141 130 386 339 317 181
     6  89 192 227   7 296  52   0 296 101]
  [  0 125 167 340  74 322 195   2 369 215 376  97  36 122  88 355 183
   260  35 341 308 267 109 207 260 110 315 329  56  36   0 106 187 111
   184 237  22  61 256 300 150 386 164 353 266 123 176 127 324 326  24
    54  30  75 386  76  69  52  18 352 207]
  [  0  64 342 302  13 155 144 336   4 365 229 131 351  29 250 175   4
   177  10 202 165 114 289 209 355 115   7  37  93 250 129   0 286  84
   169 279 126 116 111 278 283 142 351  58  90 195 110 224 131 130  64
   304 355 166 369 279  59 190 263 123 261]
  [  0 338 194  88 282 282  76 186 350 254 121  97 366  31 134  67  52
    59 232   9  92 205 165 155 269 109  73  40 204 344 352 196   0 329
   266 213 129  12  56 382  25 211 172 226 230 230 171 309 161 347  63
   306 247 322  16  31 244 266 171  33  96]
  [  0  18 212 202 231  36  88 259 111 138 245  60 129 190 270 115 215
   183 315 284 284   5 368 351 271 228 288  91 370 114 194  65  18   0
    82 331  28 211 265 374 287 374 167 210  78 255 343 212 231 114 135
   298 156 263 309 148 155  95 324 344 160]
  [  0 337  27 377 200 260 267 335 281 124  53  85 294 136 194 309 155
   141 230 216 381 190 356 109  24 160 230  35 345 325 132 163  20  58
     0 257 325 138 277 321 265 129  95  42 125 310 287 223 122 184 176
    24 311 270 315 212  52 218  57 174  34]
  [  0 311 344 253 215   0 266 203 207  40  72 375 274 258  76 212   9
    90  70  24 198  96 263 331 191  15 332 289 208 165 380 359  36 300
   225   0 190  70 185 359 375  55  10 320  31 331 170 353  86 151 314
   190 354 178  79 204 338 258 340 221 367]
  [  0 113 251 116  80 101 343  61 140  31 273 190  18 193 294  31 244
   189  35 327 242  93 255 148 207   2   7 285 177 168 380 217 218  89
   380 305   0 265 115 377 220 208  92  47  78 387 128  43 327 105 357
    94  91 206 143 146  62  67  51 233 143]
  [  0 220 120 173 215  12 288 358  59  97 331   2 153 284 141  18  44
   229 332 172 162 270  34   7  80 229 201  40 301 246 217 387  22 318
   357 168 299   0  98  71  74  33 229 151 104  70   2 139 343 160  92
    17  61 332 230 205 133 284 109 177 118]
  [  0 155 121 315 284  65 101 280 350  66 305 133  88 138 272 209 174
   260 126  72 303 348 363 366  69 327  39 339  69 361 287 201 323 362
   337 366  21 186   0 247 111 338 243 179  49 289 294 331 239 237  71
   294 361 332 314  80 296 220 262 335  10]
  [  0 224 297 325 287 136 207 309 199 346 187 260  50 344 302 179  94
   166 278 277  67 257 198 286 340 122 166  99 109  72 178  73 229 252
   305 245 333 309  11   0 159 226 238 245 253  55  24 188  91  85 127
   181   2 373 135 166 136 322 270 179  24]
  [  0 233 354 116 207  69 240 267 194 303 261 125 190  47  53 317  15
   171 387  99  26  65  87 315 147 384  16 386 338 211 231 184  17 268
   177 386 277 357  53 290   0 164 329  21 353 106 137 107 322 130  74
   163 143 379  20  34  44 246   2 315 191]
  [  0 331 345  68  71 366  29 223 190  39  86  82 148  61 323 196 187
   324  30  22 363  11  40 261  35 155 145  99 366  44 103  47 191  80
    77 343 329 273 102 211  94   0 142 345 139 167 272 317 373  12 313
   220 331  25 320 194 256 296  44  42 222]
  [  0  21  91  67 222 151 247 249 297 125 215  52 371 102  46 152 239
   173 276 363 238 356  60  21  15 149 238 138   5 199  43 289 214 217
   308  43 347  51 340 154  26  33   0 180 299 126   8 236 131 193 113
   212 209 354 371 268 363 362 245  71 332]
  [  0 287  31 189  98  74 214 171  81 381  92  77 139  13 282 210 199
    29 323 262 275 380 112 192   2 123  44  39 207 279  95 177 127 157
    90 211  42  14 151 128 297 362  44   0 329 212 268 109 371 356 125
   278  83  93 119 255 190 139 368 340 198]
  [  0 263 361 242 299 152 243 215 191 235 387 301  18 227 111 138 237
   354 228  15 216 328 313 366 324 163  94  73 350 314 246  32 123  92
    62  26   9 144 226 330 219 309 218 370   0 185 120  43 175  99 193
   345 102 104  83 157 116 382 240 161 372]
  [  0 272  84 317 377 378  56  10 148 295 309 287 297  52  72  90   3
   375 172 111 320 304  49 237 153 347 374 225  10 292 152   7 352 368
    49 155 280 336 225 118  90 339  49 189  52   0 198 321 299 275  17
   180 293  23 225  80 360 268  34 259 102]
  [  0 170 149  43 241 168 152  99 167 321 334  21 283 245 370  86 281
    66 233 236 354  84 193 314 117 115 299 131 229 343 275  71 253 384
   289 385 107 138 119 200  35  28 328 359 381 241   0 206 116 129 282
    14 290 305 358 138 295  43 379 157  82]
  [  0 144 140 309 151 113 325 305 355 228 249 386 324 229 114 237 130
   305 191  23 269 175 262 237 235 180 295 293  53 207 135 373 361 131
   296 195   1  76 251  20 365 327  85 132 380 246 220   0 262 206 316
    61 370  59 381 118 281 212 352  80 251]
  [  0 103 371 379 137 281 330  48 267  49 202 339 124 378 235  61 255
   331 274  33 117  49 360  32 208 314 190  59   3 124 228  27 265 385
   120  52 222 193   5 385  35  18 302 353 119  94 110 343   0 361 261
   232 359 343   8  37 285  85 322 284 143]
  [  0 256 367 307 266 220 321  80 222  95   6 212 383 352 386  89 125
   213 143 329  74 104  16   4 110 165 187 338  49 384   9 310 129 361
   288  66 264 288 226 264  96 122 340  45 190 155 356  37  51   0  17
   195 325 192 128  22 137 338 175  38 161]
  [  0 128 169  20  38 342 229 375  72 200 212 158  45  39 196 174  33
    99 211 308  13 179 129 254 275 176 286 353 326 178  59  26 199 358
    39  81  47   8 260 167 196 278 342 130  48 260 113 283  11 100   0
   346 330 113  44 324 188  58 202 382  21]
  [  0 275 218 137 308 240 243 202 265 176 304 329 121 364 277 151 148
   172  76 312 102 196 370 163 129  86 282 311 324 160 340 128  17  60
    93 159 369 210  77 332 255 159 262  23 113 311 241 377 100  27  85
     0 131 121 140 313 221  52 230  82 294]
  [  0 125  25 348 109 247 156 274 146 371 197 321 196 154 306  92 225
   214 147 201 274 265  24 292 131 305 338 218 316 216  74 225  41 201
    39  48 379 287 173 370 325 179  44 246   5 265 231 267 252 200 193
   273   0 321 163 173 170 245  83 369 206]
  [  0 225 328 328 228 144 302 183  61 238 388 265  55 119  41 292  84
    67  94 134 184 132  18 271  28 141  97 244  75  44 125 126  48  79
   120 148 144 376 258 326 235  86  94 185  83  24 249 268 148 166 119
   334 359   0  58 127 128  93 121 287 382]
  [  0 243 304 148 278 242  76 238 116  25  60 301 296  74 366 224 230
   338 109 267 160 138 242 143 172  63 103 195  63 212 301 133 229 127
   243  64  82 312 267 387  87 344 266  93 347 105 224 216 275 122 369
   196  45 205   0 387  77 169 345 351 113]
  [  0 183   1 123  21   8 347 356 162  55 384 280 277 142  97 226 281
   356 329 355 222 377 296 122 122 215 133 233  52  93 127 247 244  93
    51  67  66 101   6 155 296 312  79  58 359 377 112 359  19 193 252
   295 253 162 103   0 294 276 139 206 326]
  [  0 249  88 187  12 203  10  50 117 152 185  66 156  84 310 350 187
   224 131 350  71 176 362  24 292 239 302 100 337 147 178   8 252 182
   265 255  14 242 221 151 147  41 240 177 283 313 187  29 267 214 370
   284 166 236 234 213   0 182  53  92   9]
  [  0  18 136 382 381 253 232 121 196 328 128 118 297  28 176 213 161
   134   7 330 159 273 211 259 250 325 256  98 128  79  27 336 305  97
   131 130 303 153 170 157 270 358 133 249 102 367 131 207 103 140  65
   153 356  22 273 222 264   0 308  35 234]
  [  0  19  54 285 281  71 200 365 262 381 211  70 133 243 300 102  42
   172  10 289 171 285 161  67 143 303  85  50 331 246 162 288 359 182
   169  54 343   2 232 210 386 299 344 231   3 193  58 195 135 108 145
   110 231 312 149 130 371 172   0   6  25]
  [  0  23 107 381 133  57  20  77  42 106  43 384 380 366  38 358 295
   255 306  82 251 223  51  83 312  31 271   3  72 230  97 360 240 236
   220 122 273 101 121 340 271 225 319 214 354 276 193   6 333  62 323
     9 157 135 127 335 378 116 319   0 253]
  [  0 248 341  83   7  91  34 388 240  25  20 290 279 135 289 134 237
   165 257 228   2 129  55 160  68  43 330 296 254   4 384 327 236 277
   207 205 345  71 342 326 385  78 362  24 275 292   4 112 126 206 274
   216 353 312  84 185 215 208 200 338   0]]

 [[  0  79  36 132 187 211 163 140 321 124  31 124 372 315  66 385 185
   374  75  38  47 281 118  82 350 252 154 378 343 377 279 139 191  74
   105 156 344 147 307 268  74 120 370 191 283 346 318 104 172  81 259
   286 375  92 382 383 185 127  40 133  34]
  [  0   0 301 215 197 109 179 371 278 360  18 214 356   7 186 186  85
   388 268 200 188 345 383 344 346 202 363 353 282 223 105  21  53 177
    51 254 243 349  34 150 311 122 312  14 383 348 364  29 140 350   3
   183 364 366  16  79  20 223 309 172 282]
  [  0 351   0  78 267 228 321 264 266 298   2 154 324  37  66 267 358
   378 336  76  47  19  53 239 149 103 286  80  40 288  66  87 388 304
     8  36 220 281  66 267  27 247  47 249 226 137  17  77 253 265 197
    97  25 300 112 286 180 171 224 307 280]
  [  0 323 217   0 142  31 384 276 339 346 304 191  41 312 197   2 280
    30 190 330 105 217 206 165 222 287 144 148 320 334 251  77  72  71
    58 308  66 290  32 370  31  47 314  81 128 357 193 348 241 305 333
   160 353 177 336  31  68 380 227 176 196]
  [  0  16 327  11   0 360  95 277 313 125  11 378 109  93 190 329 126
   191  18 108   1 279 284 289 357 118 208 179  92  38 287  45 281 218
   168 248 276  37 169  15  98 253 228 224  16 228 101  77 287  64  50
   100 201  73 106  27 263 123 109 382  54]
  [  0  69 228 163  25   0 357 292 167 251 221 209 119 256 183 374  10
   189 131  74 311 323  16 383 169 186 137  28 304 161 266 209 217  22
    49 287 383 160 259 182 355 228 314 322 365  96 251  76 331  74 178
   137 248  23  68 364 177 262  77 166 160]
  [  0 106  60  68  36 376   0 348  76  29 190 265 235 336 207  78  79
   171  19 115  11 110 307 245 102 381  95  79 113 220 385 192   9 315
   167 255 142 372 338 172 137 208 347 128 373 330 243 163 288 269  47
   154 356 120 134  16 145 195 209  43 192]
  [  0   3 259 171 255 318 345   0 262 276 176  84 296 351 108 139 253
   321 365  67  35  55 144 280 157  99 322 300 135 160 101 184 377 245
   158 247 160 287  25 248 142 239 265  32 162 134 173 251 176 160  27
   296 337 218 382 259 135 266 255 384  46]
  [  0  69 371 202 217 362 161 249   0 291 332 373 196 282 217  73 147
   282 144 235 141 143  18 378 161 178 378 327 380  41 192 262 166 381
    53   1 151 242  16 157 358  23   2 371 360 180 357  42 214  82 233
   231 162  62  92 201 351 127  57 142 197]
  [  0 333 154 142 324  26 197  68  93   0 337 277 341  39 249 315 380
   360 299 167 350   1 328 113   2 167 128 375   9  51 221  14 322 100
    81  11 177 225 271  91 358 352 373  99 112 331 206 309  45 108  47
     8 205 234 165 347 314 206 324 161 356]
  [  0  52 307 228 133  19  88   5 345  11   0  53  81  45 224 364   0
   133  69  96 126 380  23 313 263 176 310 242 146 346  79 160  83 252
   105 280   7 372 235 179  73 135 149 202 329 255  55 293  81 342 123
   157 375 205  91 219 315 316 342 268  85]
  [  0  35  96 286  27 163 289 161  80  28 215   0 210 346 358 199 291
   263 148 192 184 360 264 256 285  85 383 145  77 338 340  42 249  20
   212  61 242 229 332 193  99 327 316 160 181 359 112 238  81 148 209
    89 198  10 372 369 315  67  58 201 320]
  [  0  51 189 299 338 339 121 207 232 221 154 286   0 178 260 149 297
   385 150 140 273 291 133 284   2 373 366  18 348 217  91 369  21  70
    71  36  63 205 374 255 381 253 183 296 207 113 273  84 345 218 172
   123  76  71 349 260 357 110 375 303 134]
  [  0  63  99  63  37 324  97 371 302  56  77  16 358   0 283 333 270
    83 234 240  49 252  27 112 139 110  42  12 311 232 337 341 383 305
   191 304 311 162  40 168 151  53 180  21  39  47 228  86 156 324 188
   226 147 134  53 263 197  58 143 185  68]
  [  0 153  58  53   0  28 164 201  41 108 355  68 250 129   0 202 345
   262  90 328  38  45 323 167  98 301 123  31 158 151 202 137 226 271
   356 103 342 212 113 294 378 304 283 294 359 379  83 188 375  26 325
   309 190  28 110 258 104 240 330 255 350]
  [  0 142 384 186  45 197 257  98 285 231 101 361 140 365 243   0  59
   236 282  95  67  21 201 271 172 111 105 132 273 110 340 160 121 143
   333 203  97 111 301 268 293  94 115 161  64 272 147  87 258 106 141
   247 262  14 285 277 271 330 324 385 219]
  [  0 198 184 249 339  34 269 116 211  83 257  42 267  22 202 298   0
   138 192 279 296 110 144 147 258 309 343 123 270 381 377 281  88  66
   211 199   5  55  21 183  35   5 356 281 181 184   1  62 359 327 279
   224  31 115 288 220  23  43 218 101  89]
  [  0 263 259 314 336 130 137  51 110 184  40 374 188 190 173 204  52
     0 346 244 169 131  69 114 337 249  16 166 155  97 227  14  49 174
   211  42 265 242 309 214 208 222 200 315 210   1  38  63 225 280 353
    69 209 306  78 131  21  42 171 142 192]
  [  0 174  39  82 274  17 325   8  37 146 136 340 265 159  45   2 257
   156   0 314 142  65 308 304 255 338 142   2  75  87  85 133  18 219
    62 175 263 329 147 260  37   2   7 278  89 234 342 164 143 331 273
   203 370 226 159 127 177 299   2  72 137]
  [  0 261 306 372 331 324 182 203  81  24 215 321 272 162  60  17 284
   141 330   0 183 316 140  81 142  61 220 348 135 294 332 223 164 251
    11 219 250 161 297 372  36 212 180 135 178 372  40 317 120 366 289
   378 322 360 257 163 186  58 163  32 190]
  [  0 304  40  30 380 162  58 239 254 169 299 238 275 248  72  35 366
    31  28 336   0 372   0  22  20 366 142 232 343 235 201 107 277 280
   169 204 249  73 226 116 132 201 234  60 281 196 131 288 373 115  83
   334   3 127 165 364 298 253  54 378  59]
  [  0 117 261 372 153 234 151 300 371 199  86 149 245  94 335 186 376
   287 102 232 119   0  80 280 281 227  81  44 269 188 145 234 339  20
   337 245  76  42  94 241 168 268 191 376 210 294 149 375  67  19  21
   209  40 351  25 335  43 146  55 254 333]
  [  0 170 102  81  35 367 371 144 167 163 277 275  51 304 113  14 207
   132 291 130 107 360   0  73 158  42 327 207 308 373 328 182  15 294
    43   0 178  64   7 276 370 335  23 364 348  38 233 262  56  27 355
   349 144 262 106 163  60 358  55  59 339]
  [  0 276 362 289 355  47 336 120  38   6 244 339  98 198  31 382 329
   241  90 346 320  15 333   0 258 103 314  91 313 304 104 267 115 180
   111  49 302 332 144  32  56 305 353  60  42  17 368 103  71   0  51
    78 164 113 219 247 121 150 358   7 113]
  [  0 171  85  36 294 267 157  71 251 110 102 164 375 221 252 256  81
   188 164 228 280 283 169 101   0  27 320 301 139 336 238 174 229  62
   201 308 123 370 306 260  60 341  87 121 225 320   3 235 335 104  14
    75 113  77 156 296 181 232 262 322 294]
  [  0 353 107 268  37 101 212  87 223 139 212  39 258 113 147 303  79
   136 359 127 386 317  98 248 152   0  63 323 247 351 314  82 193 251
   219 150  93 341  41 284  99  88  13 231 123 177 213  26 388 115 110
   176 147  35 235 354 253 214  30 120 257]
  [  0 381 134 241 315 157 136 321 206   3 239  65 311 114 163 169 127
   177 141 224 232 140 102 281 348  22   0 127 185 144 148  39 313 305
   157  21  52  99 245  48 258 329  41 241 122 358 312 256 341 381 361
   183  64  58 288 216 213 121  59 352 113]
  [  0 299 327 136  63 353 240 368 237  98 177 325 341 167 141  11 100
   266 249 119 290  62 213 344 162 200 150   0 245 101 224 387 117 383
   214 193 113 375 234 173 144 330 167  93  32 335 176 384  67 274 327
    17  60 225  17 357 277  90 246  89 239]
  [  0 203  34 123 324 134 322 306 272 365 161 101 342 213  79 232 289
    75 240  21 144  22 322 241 146 274 110 179   0 102 271  95  27 378
   346  19 211  43  69 202 172 352  11 356  28 110 199  38 370 240 182
   253 290 370 313 238  32  97 239 322 176]
  [  0  12 122 124 155  79 244 376 113 325  61 369 148 171 167  45 344
    52 234 163 280 321 300 261 263 176  17 153  31   0 263  31 298  83
    45 252 189 123 157 378 325 347  56 347 304  45 123 385 150 355 188
   270 374 193 188 100 265 289   2  48 322]
  [  0  53  50  35 101 105 289 292 310 153 207 159  15 183 205  87 211
   188 307  32  44 209 271 141 171 144 217 227 373 202   0 128 307 225
    43  65 170 139 294  75 235 135  61 185 167 192 161 182 250 229 140
   141 141  13 267 127 173 269 131 257 378]
  [  0 106  37 190 343 112 101 156  27 101 356   7  37 152 129  94 386
   161  20 255 366 198  36 209 266 267 108 139 242 353 288   0 263 215
   133   7  17 142 227  83  85 111 329  72 199 241 163 253 333  50 221
   309 224 149 223 218 251 151 134 222 332]
  [  0 294 384   7 250 348  15  33 272  47 179 170 344 301 385 321 262
   212 329 110 259 137  40  60 295 177 110  14 195 324 134 173   0 336
   164 285  33 334 310 111 195 168 243 147 179 284 159 267  11 351  73
   121  78 304 197  94 290 135 303 358  54]
  [  0 215 144  68 115 388 213 387 275 267  10 164  91 326 330 111 323
   110  42 294  88 170  24   4 198  39  63 161 129 335 121 294  15   0
   135 348 229 107 283 267  81 136 225 338 307 100   3 175 374 280 145
   170  79  79 139 156 306 310 362 175 306]
  [  0 141 277 346  23 220 337  54 256   9 215 220 241 295 224 377 377
   304 209  75 363 156 354 107 168 113 356 229 190 240 118 334 366 338
     0 113 355 260 150 291 170 170 254 165 192 170 295 217  70 176  17
    83  39 132 155  74 168 172  56  15 285]
  [  0 184   4  92 169 286 244 285 315  12  74 139 100  76  34  92 261
   226  33 182 159 181  79 278 164 244 258  70   1  85 353 230 327  28
   113   0 262 243 297  66 118   9 121  65 111 200 304 108 336 295 194
   342 248  91 341 362  31 179 173 226 350]
  [  0 154 387 251 383 287 151 221 180  34 286 318  31  12 231 166 148
    28 143 280 158 253 155 239 282 375 364  59   0 176 356  30 284 206
   220  73   0 316  29  27 384 190 358 304  94 228 257 365 313 153 370
    47  93 123  79 168 331  42  78  67 275]
  [  0 245 371 329 138  69 298 156 317 136  38  28   4 355 306  76 296
   171 331 383 261 198 183  76   8  42 289  95 188 312 304  80  30 138
    21  58  79   0 218 156 271  25  22  15 314 220 259  68 260 164 103
    97  43 158  34 325 253 275 236  33 181]
  [  0 259 155 192 199 161 188 192 321  51 375 126 385 263 219   0 219
   348 209 247  36 242 347 269  76 118 262 359 257 140 360 319 363 329
    90 126 264 335   0 381 249 277  32  23 124 299  70 116 301  90 246
   324 381  53  72 128  13 215 176  28 109]
  [  0 217 330 275 235  53 113  83 298 188 263 334 380 190 161  85 272
   245 159 207 364  83 184 122  95 377 331  21 106  51 189  68 342 186
   334 335 100 370  74   0 200 320 320  85   2 203 214   9 278 384 131
   169  10 206  51   2  65 290 307 169 368]
  [  0 165 157 111   8 304 281 319   9 245   6 195  66 309 171  79 299
    51  56 258 178 355   9 152  11 313 325   3 213 106  93 334  66  55
   359  97 238 154 274  80   0 247 258 290  82  30 226 187 295 236 188
   324 232 113  98 360 170 247 251  98  82]
  [  0  20 253  95 228 290  54 299 231  94 297 290 375 159 352  18 301
    73 372 234 150 379  56 359 298 143 197 102 156 120 339 243 181 371
    67  23 278 344  52 379 293   0 177 151 268 317 287 139  27 298 294
   103 194 167  88   5 201  65 101 229  38]
  [  0 359  64 303 106  23 321 249 333 354  27 263 265 137  44 379  14
   292 238 200 299 191 257 387 169  13 125 182 384 339  18  54  70 303
   341 311  81 173  50 325 169 379   0  67 256  98 273  74 178 373 355
   262 198 150 382 264 117 337 247  38  74]
  [  0 272 222 332   3 368 223  25 309 257  69 311 274 243  21 237 388
   313 135  50   1 317 187 349 127 153 137 280  39 281 378  51 236 106
   261 213 264 100 223 113   8 246 301   0 280 168  44 207 238  11 312
   279 183  90 122 240 194 317 191 101  53]
  [  0 152  15 382  59 284 174 378 134 199 365  28 289 190 285 360  77
   239 227  59   0 370 269 128 308 235  63 294  73 324 258 164  56 184
   108 207 227 304 341  51 146  41  28 129   0 383 237  44 205  87 104
   115  70  27  51 110 338 122 110 217 163]
  [  0  75  20 217 109 372  15 103 363 296 259 111 347 231 230  63 151
    38 377 335 371  36 131 226 363 225 347 370 245 362 197 256 164 315
   363 307 281 363 238 221 120 204 135 268 109   0 130 133 160  89 244
    82 376  33  40  63 260 344 298 325  86]
  [  0 283 305 141 228 242 110 241 328 203 266 344 209  52  26  19 262
   347 135  58 123 144  53 300  79 289 280 321  11  12 197  15 225 368
   383  39 114 149  73 167   2 100 370 386 130  59   0 191 265 305 335
   339 220  68 209 232  73  34  55 378 210]
  [  0 230 257 387  74  15  13 132  29 100 210  85 101 343 377 292 312
   134  95 232 338 208 143 295 190  14 256 292 185 299  57 243   0 150
   108 184  67 342  41 263 170 266 294 368  43 281 138   0 181 352 214
    43 239 287 226 257 267 273 298  76  63]
  [  0 237 323 230  56  20 367 254 179  63 356 309 177 381 270 338  89
   331 242  36 129 135 276 381 310 177 341 135  41  40 335  70 127 110
   286  76 106 262 102 101  65 345 193  40 247 206   8 135   0 237 261
   277 234  37  52  71  21 209 240 161 118]
  [  0 388 351  33  32 303 312 141 276   3 205 363 226 137 365 382 178
   150  35 183 363 122  13 144 371 211 325 372 304  68 275 147 184  64
   168  30 201 294 193 113 171 249 224 209 301  88 150 240 220   0 158
    69 147 243 328 160  37 129  27   4  34]
  [  0  36 297 221  95 366  90  16 375 244 295  50 386 244 198   2  18
   195 240  78 315 226  79 178  79 344 371   5 212 321 291 219 146  41
    90 340 145 111 116  56 327 148  66  11 113 203  45 170 137 181   0
   356 344 100 187  50 265   5  99 383 273]
  [  0 362  22 269  76  51 224 217 314 134 131  38 374 292 127  41 230
   281 173 172  34 140 336 354 313  61 170 354 269 155 136 345 279 155
   348  58 164 219 185 164 254  54 370  75 376 154 299 338 187  41 110
     0 259 202 351 242  11 381 148  52 231]
  [  0 302  94 203 219 235 233 374  38 311 324 365  94 165  91  74 295
   110 139 232 369 286  94 126 241 235 184 224  88 239 369 186  25 256
   364 378 168 220 385 102 260 261  85 145 271 138   4 200 332 219  51
   102   0  50 233 269 281 160 280 370  65]
  [  0 284 179 267  24  43 184 350 161 213 323 254  42 103 123 154  29
   362 213 182 113  49  62 252 223  68 136 339  47 360  76 126 108 365
   249 371 260 272 209 313 346 321  67  75  88 136 185 388 238 119 128
   295 382   0 129 269  65 373 144 289 230]
  [  0 229 144 197 333 121 150 173 334 235 287 243 127 359 385 343   4
   167 156  21 212 301 200 309 193 256  23 311 282  76 165 108 102  90
    89  11 369  25 139  74 285 374 244  18 238  28 260 273 174 314 244
   238 231 288   0 317 187  65 378 337 296]
  [  0 151 384  67 109 128 143 279 316 143  36 280  77 173  57 226 240
   369 216 141 239 167 181 254 254 149 223 225 250 294 365 249 270 336
   360 388  41 199 281  68 284 289 350 259 283 317  27  82 306  98 141
   115  70 174 328   0  60  95 317 320 275]
  [  0  69 371  21  42 318  64 162 359  65 157  18 197  40  73 220 131
   213 195  88 208 269 309  93  90 354 160 307 169 305  66 376 331  64
    16  22 293 272 265 292 127  12   2 284 106 342 227 263 176 135 348
   299 173  66  40 104   0 368  84  29  31]
  [  0 308 136 216 241 349  76 310 268 290  28  84 295 142 139 141  56
    67 341 295  64 340 210 188 253 381 342 167  66   1 188 200 106 106
    69 158 308 224 346 156  81  44 278 223 202 294  25 169 257  98 280
    10 211 281 100  79  10   0 367 146 101]
  [  0 189 171 157 279 359 316 144 323  25 138 369 201 246 275 355 161
     6 235 218 385 117  45 302 177 206  32 211 169  59  89 157  17  81
   145 345  34   5 211 380  76 341 291 183 364 114 269 276 184 388 348
    87  55 102 238 321 218 320   0 264 124]
  [  0 235  92 321 121 318 227 341   5 171  23 226 280  45 252 142  62
   343 193  25 136 166  19 332  11 296 357 258  83 255 171  14 368 203
   202 381  20 115  90 378  88   2  94  71 185 369 209  48 108 214  87
   233 129 382 372 248 274 202  28   0 217]
  [  0 197 271   7 272 156  13 135 282 354 255 346  55  98 363 383  54
   173 331 106  85 298  83 381  38 263 358 258 314 343 190 216 346  49
   337 358 172  25  22 328 293 333 387 160 376 345 141 279 206 121 206
   188  31  98 136 271  26 352  68   4   0]]]
release_time
[   0 1077  899  875 1170  961 1104 1133  984 1014 1013 1090 1138 1163
 1044 1093 1143 1007 1127  952 1172  925 1048  952 1112 1200 1160 1028
 1196 1010  894  964 1162 1130 1215 1053 1059 1179 1043 1026  943 1044
 1160 1118 1126 1205 1139 1109 1127 1096  926 1051  973 1098 1080  954
  869  868 1194 1069 1120]
due_date
[   0 1119  986  909 1210 1044 1202 1151 1055 1076 1120 1128 1209 1168
 1112 1149 1208 1068 1132  961 1177  950 1115  968 1214 1221 1175 1119
 1217 1018  932  976 1162 1189 1222 1078 1126 1227 1096 1040 1001 1129
 1230 1208 1201 1228 1225 1141 1194 1132  928 1108 1006 1156 1154 1024
  890  868 1211 1115 1207]
unit_emission
[ 4 15  3  2 16]
emission_limit
15578.6
setup_severity
2.0
due_tight
0.3
due_range
0.25
release_tight
1
degree_constr
0.2
