mach
5
job_rate
12
weight
[ 0  2  8  2  7  1  5 10 10  5  9  2  1  5  3 10  4  9  6  2  8  8  4  2
  5  2  8  9 10  7  8 10  1  3  7  5 10  5  3  2  5  3  9  7  7  3 10  4
  9  1  9  4 10  4  5 10  2  4  8  4 10]
proc_time
[[  0 106 129 117  61 119 111  87 121  68  71 114  60  73  98  94  81 108
  141  80  64 104 100 150 105 145  99 104 122  82 140  85  93 133  68  80
   79 112  61 105  82 122 141 103 110  92 134 140  77  89  65  50 130 139
   93  68 113  80 133  61 132]
 [  0  98 136  67 117 142 106  51 146  73 125 144 136  53 103 144  66  99
   62 101 143  70 150 106  78  77 123 129  57  59  89  61  79 138 119  95
   74  87 104  59 104  54  85  82 110  53  66 130  94  59 143  97  52  80
   99 106 133 140  91  73 113]
 [  0 136  81 102 132  53  63  53 119  88  88  89  57  91  60  50 109  75
   68  56  93  60  57 104  90  55  53 132  93  88 125 122  75 147  87  95
   64  64  84  98  87 106 121  67 135 130  69  56 111  52 123 118  54  55
   91 110  74 139 103  78 121]
 [  0 108  86  91 144  80 123 138 150  81 137 146 106 130  83  99 143  59
  115  73  98 112 117 116 115 133  84 107 121  82 128  52 125 144 120  54
   96 146  71 115  57 110 129 124 135  50 111  58  66 104  84  54 100 102
   58 127  60 149 147  80  60]
 [  0  59  63  98 148  61  81  78  60 103 131 145 132  83  93  65 114 142
   72 139 119  93  50 105 108  81  79  89 132  92 144 144  96  67 131  71
   85  75 111 102  97  62  66 144 138  80 115  63 117  87 116  91 131 102
   81  90  93 108 141  67  94]]
setup_time
[[[0 4 0 1 4 4 4 3 2 4 3 2 1 1 0 0 1 0 1 1 2 2 4 2 2 1 4 1 4 0 2 3 2 0 0
   0 2 2 2 3 1 3 3 4 1 3 1 4 3 1 0 1 1 4 1 0 2 1 3 4 3]
  [0 0 1 0 2 2 2 4 4 4 2 0 4 4 4 3 4 1 0 2 2 4 1 2 0 3 3 3 1 2 0 1 0 2 4
   3 3 0 3 3 3 1 0 4 2 4 1 0 3 0 0 4 1 0 3 0 2 2 3 4 1]
  [0 1 0 0 0 0 2 3 1 0 3 0 1 3 2 2 3 1 0 1 3 3 0 2 1 0 1 4 2 0 1 1 4 3 3
   0 2 0 1 0 3 1 2 2 4 3 2 4 1 4 0 2 0 2 1 4 1 4 3 2 1]
  [0 4 4 0 0 3 0 3 4 2 2 1 2 4 4 2 0 4 2 0 3 3 1 1 3 4 2 1 3 1 0 3 4 0 4
   3 1 3 1 0 0 0 0 2 0 0 3 2 1 0 4 0 2 1 4 2 3 0 1 0 0]
  [0 1 1 0 0 0 1 3 1 1 1 2 4 3 1 1 4 1 0 4 1 0 0 1 3 2 3 3 2 1 3 1 1 0 2
   1 1 2 1 4 0 4 1 2 4 1 3 4 4 1 2 2 4 1 1 2 1 1 1 4 4]
  [0 4 3 3 1 0 0 3 1 2 1 4 4 2 2 3 1 4 3 1 2 1 3 4 1 3 4 2 0 4 3 0 3 3 3
   2 0 2 2 4 4 4 2 3 4 4 0 1 4 1 3 4 1 0 1 3 4 4 3 0 1]
  [0 1 0 1 1 3 0 0 4 1 3 1 0 1 2 0 1 4 3 0 2 0 1 0 4 3 4 1 4 4 3 0 2 2 0
   4 0 1 0 1 3 0 4 3 4 0 3 0 3 4 2 2 4 2 4 3 4 1 4 0 1]
  [0 2 4 1 1 0 2 0 0 0 3 4 3 3 4 1 3 3 2 2 3 2 3 0 0 1 4 2 3 3 2 1 0 4 0
   2 3 3 3 2 1 4 4 3 0 4 0 0 1 3 1 3 1 1 1 3 4 2 0 3 3]
  [0 2 2 1 1 3 1 2 0 3 2 1 1 0 3 2 4 3 1 2 1 1 2 1 4 1 3 2 2 3 1 0 2 2 2
   4 3 0 3 1 1 2 3 4 1 3 4 2 0 2 4 1 0 3 2 2 0 2 3 4 3]
  [0 3 2 2 1 0 3 1 1 0 3 4 2 4 2 1 1 1 2 2 1 2 1 3 2 4 0 1 4 1 0 4 1 2 3
   0 1 0 0 2 0 3 1 3 3 0 4 3 4 4 0 4 3 1 4 3 3 4 2 0 1]
  [0 0 4 1 1 1 4 1 2 1 0 2 4 2 0 2 4 4 4 4 4 2 2 3 2 0 1 3 0 0 1 4 2 1 2
   0 2 1 4 3 3 2 2 3 0 4 1 3 3 0 1 1 3 4 4 4 3 1 1 2 4]
  [0 3 4 1 0 2 3 4 3 2 0 0 0 4 0 3 4 2 0 4 0 1 2 0 2 2 4 1 3 2 1 1 1 1 2
   4 3 3 4 4 4 1 1 2 1 4 3 4 4 4 4 1 4 1 3 4 3 3 1 2 1]
  [0 3 4 4 2 1 3 4 1 2 3 1 0 2 1 3 4 3 0 1 1 4 3 3 4 1 2 1 3 3 0 0 4 0 4
   0 1 0 4 2 4 3 1 4 3 2 2 0 2 0 2 3 1 2 0 0 0 3 3 3 4]
  [0 2 0 2 2 1 3 0 3 2 1 0 1 0 0 2 1 0 3 1 3 0 3 3 0 4 1 1 3 1 4 3 4 4 3
   2 3 0 2 1 4 3 3 0 0 2 0 1 3 2 3 2 4 3 2 1 3 3 1 4 4]
  [0 0 3 3 4 1 4 3 3 4 1 3 2 4 0 4 2 1 2 1 4 1 4 2 4 0 2 1 3 3 3 2 1 0 2
   0 4 1 2 1 0 1 2 2 0 2 0 1 0 1 1 2 0 3 2 0 0 4 4 3 2]
  [0 1 4 0 2 4 3 4 3 0 4 4 0 4 3 0 1 3 2 3 0 3 1 2 2 3 3 3 4 1 1 2 2 4 2
   3 0 4 3 0 1 4 0 2 2 0 4 3 4 4 2 1 1 2 3 3 0 4 4 1 2]
  [0 4 0 4 1 4 2 1 0 2 4 4 1 2 1 2 0 2 0 0 4 1 2 1 4 0 4 2 3 4 2 0 4 2 3
   2 4 4 4 4 3 2 1 0 4 4 2 4 1 3 4 0 3 2 2 0 3 3 3 2 4]
  [0 1 4 3 1 3 1 4 1 0 3 3 0 3 4 4 1 0 1 0 0 0 3 0 0 1 1 4 0 2 2 4 3 3 1
   4 0 0 4 3 3 1 3 2 1 2 0 4 0 4 2 2 0 1 1 1 1 4 0 4 1]
  [0 0 0 4 2 2 4 2 1 0 0 0 3 3 3 4 3 0 0 4 1 1 3 3 2 2 3 0 2 4 3 0 0 4 0
   3 2 4 0 2 0 2 0 4 3 1 2 1 3 3 4 3 3 1 1 0 3 4 4 2 4]
  [0 3 3 3 3 3 4 1 3 2 1 3 1 1 3 0 3 1 4 0 0 1 0 2 4 2 2 4 0 3 4 1 3 2 3
   1 0 0 0 3 1 0 2 0 4 1 3 0 4 4 4 0 2 1 1 1 2 0 3 0 3]
  [0 2 3 0 0 1 3 4 3 3 3 1 3 1 3 2 1 4 1 4 0 1 2 1 1 2 4 4 0 2 3 0 3 0 4
   3 4 1 4 3 3 2 3 4 1 1 1 3 0 0 4 4 3 2 4 4 0 0 3 4 3]
  [0 2 2 1 3 0 3 2 2 0 0 1 2 0 4 0 3 2 3 3 4 0 1 0 4 4 4 2 4 3 3 0 1 3 3
   0 0 0 0 2 3 3 2 4 0 3 2 4 1 1 4 1 1 0 0 0 3 1 0 0 2]
  [0 1 3 1 0 4 0 2 4 4 2 0 2 1 3 3 0 2 4 0 4 1 0 1 2 2 3 3 1 4 0 4 3 2 2
   4 0 0 1 0 2 4 0 3 3 3 1 2 0 4 0 3 2 3 2 1 2 1 2 4 2]
  [0 4 0 3 4 2 1 3 4 0 1 1 3 3 1 4 3 0 3 3 3 2 3 0 4 4 2 2 4 4 1 2 3 4 4
   4 3 2 4 2 0 4 0 1 1 3 0 3 3 0 1 0 3 2 1 2 1 2 3 3 2]
  [0 2 4 0 0 4 0 4 1 0 0 2 1 4 3 2 3 1 1 4 0 0 1 3 0 2 3 4 2 4 4 3 2 4 4
   4 3 4 3 3 1 1 3 4 0 3 1 4 4 0 4 4 4 3 1 1 3 2 3 2 3]
  [0 2 1 1 4 3 0 4 4 4 3 3 2 0 2 3 0 1 2 4 1 4 0 1 4 0 2 0 4 0 0 1 3 0 1
   3 2 0 0 3 2 3 1 0 3 3 4 1 3 3 0 0 0 4 0 1 1 3 4 0 3]
  [0 3 4 0 0 3 4 4 0 4 3 2 0 4 3 0 2 3 1 1 2 1 2 4 0 0 0 3 3 2 3 4 4 3 2
   0 2 4 0 3 3 1 2 1 1 2 4 2 2 2 4 3 2 3 1 0 3 3 2 2 4]
  [0 3 4 0 3 1 4 3 2 3 3 0 1 1 0 2 0 1 3 0 2 0 3 2 3 0 0 0 1 1 4 0 0 4 1
   4 4 1 1 3 1 1 1 4 0 3 1 4 0 1 2 3 3 0 2 0 3 4 4 4 2]
  [0 4 2 2 2 0 1 2 0 2 1 1 1 1 4 4 4 4 3 0 4 3 2 4 3 2 0 1 0 1 1 1 1 0 2
   2 3 1 3 4 2 3 4 4 1 0 4 1 1 4 3 2 4 1 1 0 4 1 4 0 1]
  [0 3 3 4 1 3 0 3 3 1 3 3 4 0 4 3 1 3 4 0 3 3 4 4 1 1 4 4 3 0 3 2 3 4 0
   2 0 2 4 1 1 4 3 0 2 4 2 3 2 2 4 3 1 1 2 4 1 3 1 0 1]
  [0 3 3 3 2 0 1 3 1 0 0 4 2 3 2 2 3 2 2 4 4 2 3 4 4 2 0 2 1 0 0 1 4 3 3
   4 1 4 0 3 2 4 2 2 0 1 0 0 1 3 2 1 4 4 3 4 1 1 4 2 0]
  [0 2 3 0 0 0 2 1 0 0 2 4 3 1 4 1 3 2 3 1 0 1 2 0 4 1 4 4 4 0 1 0 0 4 0
   1 0 4 2 3 4 0 2 1 2 2 1 2 1 0 3 4 3 2 4 3 3 1 2 0 2]
  [0 4 2 3 0 4 3 3 3 3 0 3 2 0 2 2 4 2 0 2 1 1 2 2 4 1 2 3 0 2 1 2 0 3 0
   1 2 3 0 0 2 2 2 2 0 2 4 2 2 3 2 4 4 1 3 1 2 0 0 0 1]
  [0 1 2 1 4 0 0 2 0 1 2 4 2 0 2 0 1 0 1 2 3 1 3 1 3 4 1 0 4 3 0 0 1 0 4
   4 1 0 4 1 2 1 1 4 0 2 4 2 1 3 3 2 3 3 3 1 4 2 1 4 0]
  [0 1 3 1 2 0 1 4 4 3 2 2 1 2 3 1 0 3 0 3 3 4 3 0 4 1 0 0 2 3 1 0 0 3 0
   1 0 4 3 3 4 2 1 1 1 2 1 1 4 3 2 4 4 4 2 4 2 4 3 4 2]
  [0 4 2 3 1 3 4 2 1 4 3 1 2 2 0 3 0 2 0 2 3 1 3 3 2 1 4 4 3 4 3 0 2 3 2
   0 3 1 0 3 1 2 4 1 0 0 2 1 3 0 3 4 3 1 2 4 4 1 3 4 2]
  [0 3 4 2 2 0 4 4 0 3 0 2 3 0 4 3 4 2 2 3 1 3 4 4 3 3 2 2 3 1 3 2 4 0 4
   0 0 4 4 2 2 4 3 0 0 1 1 0 2 1 2 3 0 1 3 2 3 2 1 3 2]
  [0 3 0 0 1 0 4 0 4 1 2 2 0 1 2 0 2 0 3 1 2 0 3 3 4 1 4 0 2 4 2 4 0 2 2
   1 4 0 0 1 4 1 3 0 2 2 4 1 3 4 1 0 3 3 2 3 2 0 4 4 3]
  [0 0 3 3 1 3 2 0 0 1 3 2 3 1 4 1 0 2 3 0 2 3 0 2 0 0 1 2 3 1 0 4 4 1 1
   2 4 0 0 4 4 4 3 1 4 2 1 3 2 4 3 4 1 0 1 4 2 2 0 2 1]
  [0 1 4 3 1 3 2 4 1 4 1 2 4 3 3 1 2 4 3 4 2 3 4 3 1 1 4 0 1 1 2 3 2 2 3
   0 0 1 0 0 2 0 1 0 1 2 0 1 3 3 3 3 3 2 0 2 2 3 2 0 0]
  [0 0 2 2 0 0 2 0 0 2 3 1 2 1 4 0 1 1 3 3 1 1 4 4 1 4 3 1 2 4 1 1 0 2 0
   4 0 0 2 2 0 4 1 1 0 2 4 0 3 2 3 3 2 3 0 2 1 3 3 1 3]
  [0 0 0 0 0 2 4 2 3 0 2 1 4 4 3 4 4 0 1 1 1 3 3 4 0 2 0 1 0 4 1 2 3 2 4
   2 3 0 3 1 4 0 0 1 0 1 2 0 4 4 1 4 4 3 0 2 1 1 2 3 2]
  [0 3 1 2 4 3 1 4 0 4 1 1 0 1 2 3 0 2 2 1 3 4 4 4 4 3 2 3 2 2 1 0 4 0 1
   4 3 3 1 4 1 1 0 4 4 3 3 2 2 1 3 0 1 0 2 4 1 2 0 4 3]
  [0 3 2 3 1 4 1 1 0 0 2 4 4 4 4 3 0 3 1 0 0 4 0 1 2 4 0 0 4 3 0 4 4 2 2
   1 2 2 0 0 3 3 1 0 4 0 1 3 1 3 4 4 1 2 1 4 4 1 4 2 1]
  [0 3 0 3 0 4 3 4 3 0 1 1 2 0 4 3 0 4 1 0 0 3 4 2 0 0 1 3 2 3 4 3 1 1 4
   1 2 3 2 3 2 3 3 0 0 4 1 2 4 3 1 1 2 2 3 4 2 0 3 2 0]
  [0 0 1 2 3 1 3 3 4 2 1 4 1 2 2 0 3 2 4 1 3 3 1 2 1 3 3 4 4 3 1 1 3 3 1
   3 2 3 0 2 1 1 2 3 2 0 4 3 0 4 3 1 3 1 2 2 3 3 4 1 0]
  [0 3 3 4 2 4 4 1 0 4 4 3 1 2 2 4 4 3 0 1 2 1 0 3 0 3 3 3 1 2 3 3 3 4 3
   3 0 3 3 3 4 0 1 0 0 2 0 2 1 4 2 1 3 1 1 0 3 4 2 2 1]
  [0 4 2 3 3 3 0 3 3 1 4 3 2 3 0 1 0 4 4 2 3 2 3 1 2 2 3 3 1 4 2 4 3 4 0
   4 4 1 4 1 3 2 0 4 2 4 2 0 0 4 2 2 4 3 2 3 2 4 4 1 1]
  [0 3 1 4 3 1 1 2 3 0 3 4 3 2 3 1 0 4 0 4 3 3 2 1 0 4 0 2 0 0 2 3 0 4 2
   1 0 2 2 1 3 2 0 0 0 4 1 1 0 1 1 0 2 1 3 1 3 4 3 3 3]
  [0 0 4 4 3 2 3 4 4 1 2 0 2 1 3 3 2 0 1 4 4 4 3 1 0 4 1 1 0 3 1 0 0 3 1
   1 3 3 0 2 2 4 4 3 0 3 4 4 2 0 3 1 3 0 2 3 3 3 3 1 4]
  [0 4 1 4 2 1 4 1 0 3 4 1 0 3 0 2 3 3 0 3 4 2 4 3 0 0 3 0 1 0 1 1 2 0 3
   1 1 4 3 3 3 4 0 3 1 2 1 4 0 0 0 1 0 2 4 4 1 4 1 4 4]
  [0 2 2 3 4 4 4 2 2 4 2 0 2 4 0 1 1 1 1 4 0 1 2 3 4 0 2 1 2 4 4 4 2 3 0
   4 4 0 1 4 1 3 3 1 0 0 0 3 3 2 2 0 3 3 3 4 3 2 0 1 2]
  [0 4 1 2 2 4 3 4 4 0 3 1 3 3 0 1 4 3 1 0 3 0 1 1 4 2 0 4 1 1 4 4 1 4 3
   2 4 2 2 4 1 3 3 1 4 3 0 1 4 1 0 0 0 0 3 2 0 1 1 1 1]
  [0 0 0 3 1 0 1 0 1 4 2 1 4 3 4 0 3 3 2 3 4 3 1 4 2 1 3 4 2 1 0 2 0 0 3
   4 4 0 0 4 0 1 2 0 1 0 4 4 3 1 2 4 3 0 4 1 1 2 2 2 4]
  [0 1 0 2 0 3 3 3 0 4 1 1 3 1 1 2 2 3 2 0 4 2 4 2 4 3 4 4 3 3 0 2 2 3 4
   3 1 3 4 3 3 4 3 2 3 0 3 1 0 3 0 4 3 1 0 0 4 4 3 4 3]
  [0 0 2 2 0 0 4 1 2 4 2 2 1 1 2 2 3 0 1 2 4 0 4 4 3 1 4 3 2 0 2 1 2 3 0
   3 0 3 3 0 3 2 1 3 3 1 4 4 2 1 1 4 4 2 4 0 4 2 0 4 0]
  [0 4 4 3 3 4 1 3 2 3 1 2 4 2 2 2 3 2 3 2 0 1 1 0 0 1 0 1 3 3 4 2 0 2 3
   4 1 0 4 4 4 0 3 0 1 3 3 0 2 1 4 2 2 2 2 2 0 4 3 2 4]
  [0 1 3 0 4 0 2 4 0 4 2 2 0 2 2 0 3 3 4 2 0 2 1 3 1 1 2 2 1 4 4 1 3 1 2
   2 4 2 2 0 1 4 2 1 3 1 0 3 1 4 3 2 2 2 4 2 1 0 4 0 4]
  [0 2 0 3 2 0 0 1 2 4 1 0 0 4 0 1 1 2 3 0 1 4 0 1 1 0 3 4 0 4 0 1 0 2 3
   4 0 2 2 2 3 4 3 3 0 4 4 3 4 0 3 2 1 4 3 1 1 2 0 2 3]
  [0 3 0 2 3 2 3 2 0 3 1 4 2 3 0 2 3 4 2 4 3 3 4 2 3 3 3 0 4 0 1 4 3 1 0
   0 3 1 2 2 0 3 0 1 4 3 1 4 2 3 4 3 1 2 3 2 3 2 2 0 3]
  [0 4 1 2 1 2 1 1 0 3 3 2 3 3 0 0 4 2 0 1 2 3 2 2 4 4 0 3 1 2 3 4 3 4 3
   4 4 0 0 3 4 4 2 3 0 4 1 2 0 4 3 2 3 4 1 4 2 1 2 3 0]]

 [[0 1 4 4 2 0 2 3 2 2 3 4 4 0 3 1 3 1 4 0 4 0 3 3 4 3 2 4 2 0 2 4 4 1 4
   1 2 1 0 1 4 4 0 1 4 2 0 4 1 1 0 3 0 3 1 4 2 4 3 3 0]
  [0 0 2 0 3 1 1 3 0 3 4 4 0 3 0 3 1 1 4 2 0 4 0 4 4 4 3 1 2 2 3 3 0 4 3
   4 4 0 4 0 1 1 4 1 3 1 3 3 2 3 1 2 4 3 0 0 2 2 0 3 4]
  [0 4 0 3 3 0 4 3 0 2 2 0 2 0 2 4 1 2 0 4 2 1 4 1 4 2 3 1 2 3 2 0 1 2 3
   0 3 4 3 1 4 2 2 2 1 0 4 1 1 2 0 0 4 4 3 1 2 3 4 2 3]
  [0 0 1 0 2 4 0 3 0 3 0 2 4 4 1 0 2 1 4 4 3 0 4 0 1 4 0 0 1 3 0 1 4 3 0
   1 4 2 3 1 3 1 2 2 3 2 2 1 4 3 3 3 1 2 4 0 3 1 4 1 1]
  [0 2 1 0 0 0 4 4 4 2 4 4 2 0 4 1 3 2 4 3 3 3 3 2 4 3 3 4 3 4 2 1 3 1 3
   2 0 1 3 3 1 0 2 3 1 0 2 1 2 2 2 0 0 3 4 4 1 2 1 0 1]
  [0 1 3 2 3 0 0 3 1 2 0 0 1 2 3 3 4 0 4 4 1 0 0 0 4 0 2 2 3 2 4 2 0 4 2
   2 1 3 2 3 3 0 3 0 0 3 1 0 3 0 1 4 2 2 1 3 3 3 2 3 1]
  [0 1 0 2 0 3 0 4 4 3 2 2 4 0 4 1 3 0 4 3 0 4 1 3 0 2 0 3 4 2 4 2 0 1 0
   1 4 4 1 1 2 2 3 3 2 1 0 1 1 4 2 0 2 0 2 0 2 3 2 2 3]
  [0 3 1 4 4 0 2 0 0 4 3 4 3 0 3 2 1 2 1 2 0 4 4 1 0 0 4 1 3 4 0 2 3 0 0
   2 4 2 1 3 3 1 0 3 2 1 2 3 1 4 1 4 0 2 1 0 4 4 4 2 4]
  [0 1 1 0 2 0 4 0 0 3 3 2 4 2 3 1 2 0 4 2 4 4 0 0 2 3 0 4 2 1 4 4 2 1 2
   4 0 3 4 0 2 4 0 4 4 1 4 2 1 3 2 0 4 4 3 4 2 3 1 2 4]
  [0 4 3 0 3 4 1 3 1 0 4 1 4 3 0 1 1 1 3 4 2 3 0 4 1 3 1 2 1 2 1 3 0 0 0
   2 2 4 0 0 1 4 2 2 2 4 0 3 2 4 2 4 4 3 4 3 4 3 0 1 3]
  [0 2 4 1 0 4 1 1 2 3 0 3 1 0 1 1 1 0 4 3 0 1 4 2 0 0 0 3 1 3 3 0 2 3 3
   2 2 0 1 0 3 4 2 3 2 2 2 1 4 3 1 4 3 3 1 0 4 0 2 2 0]
  [0 2 0 2 0 2 2 1 2 3 1 0 1 3 2 0 1 2 0 3 1 0 1 2 3 4 4 2 3 3 4 2 0 0 3
   4 0 1 1 3 1 2 4 2 4 0 3 0 0 3 2 4 2 0 2 4 4 2 1 0 3]
  [0 1 4 0 0 3 2 0 3 2 3 2 0 2 0 3 3 1 3 3 3 0 2 1 0 1 4 2 4 1 0 1 4 0 1
   1 0 4 2 4 3 4 1 3 1 3 4 1 1 4 0 3 1 1 4 1 3 1 3 0 2]
  [0 2 4 3 1 0 3 3 0 4 1 3 4 0 2 4 0 4 2 3 4 3 2 2 0 4 4 0 1 4 0 4 0 4 1
   2 4 1 4 3 4 3 0 4 0 0 2 0 0 0 3 3 3 4 4 1 1 2 2 3 1]
  [0 0 1 1 4 4 1 3 1 1 1 4 1 4 0 4 2 1 3 1 0 4 2 4 3 4 4 4 4 0 1 3 1 4 0
   2 1 1 2 1 3 4 0 0 2 2 2 1 4 4 4 1 3 2 2 1 1 0 2 0 2]
  [0 1 1 4 0 4 4 1 0 1 4 4 4 2 3 0 2 3 0 3 0 0 4 1 1 0 1 3 2 0 0 0 4 0 0
   1 1 3 4 3 2 4 4 0 2 0 4 4 2 4 3 4 1 0 4 3 1 4 3 0 3]
  [0 2 0 1 0 1 4 0 3 2 1 4 0 2 0 1 0 3 3 1 4 0 1 0 3 3 0 3 2 3 2 4 2 3 4
   4 1 2 0 3 3 0 3 1 4 1 1 0 2 1 1 4 0 0 4 3 3 2 0 4 4]
  [0 2 1 4 0 4 3 2 3 0 3 1 2 2 1 1 0 0 2 4 4 2 1 3 4 0 2 3 1 4 3 1 1 4 4
   3 0 1 1 1 2 2 4 3 1 0 0 1 0 0 3 1 4 4 1 1 4 4 2 3 0]
  [0 0 2 0 4 2 3 3 0 4 4 3 1 4 1 4 4 2 0 1 4 0 2 1 2 4 4 2 4 1 0 1 1 3 1
   4 4 4 0 3 4 0 3 2 0 1 3 4 0 1 4 2 0 1 2 1 2 2 3 3 2]
  [0 2 4 4 3 1 4 4 2 4 1 4 0 1 1 4 0 1 3 0 0 3 1 2 3 3 3 1 4 0 3 1 2 4 4
   1 4 1 1 0 4 1 2 4 2 1 0 3 4 0 0 0 3 1 1 0 0 2 4 2 4]
  [0 2 3 4 1 1 1 1 1 3 0 4 1 2 0 1 3 4 1 4 0 0 3 0 2 3 2 0 4 0 0 4 4 0 2
   0 4 3 4 3 3 2 3 0 0 4 4 2 2 4 4 3 3 2 4 0 0 3 1 0 1]
  [0 4 3 0 1 1 0 3 0 3 1 0 1 4 2 3 2 2 4 4 3 0 4 2 1 2 1 4 4 4 1 1 0 0 4
   1 2 1 0 0 0 1 0 2 1 2 0 2 1 2 0 4 1 1 3 3 3 4 3 3 2]
  [0 2 1 1 0 2 0 0 2 4 2 4 2 4 4 2 3 1 2 4 4 2 0 2 4 3 3 1 2 1 0 4 3 0 1
   1 0 3 2 1 3 1 0 0 1 2 2 2 1 3 3 1 4 2 4 0 4 0 3 3 1]
  [0 3 3 2 4 3 4 2 3 3 4 3 3 3 1 1 0 1 3 2 1 3 2 0 4 2 2 2 1 3 3 3 2 3 1
   0 0 3 0 2 4 2 1 1 4 2 3 3 0 4 3 2 4 1 2 2 4 2 3 3 3]
  [0 0 0 0 0 3 3 4 0 2 0 2 3 2 3 1 4 4 4 0 2 2 3 4 0 1 2 1 3 2 3 1 1 2 2
   0 2 3 4 0 0 1 1 1 1 3 2 3 2 0 1 1 2 2 2 2 0 3 2 4 2]
  [0 2 2 2 4 4 1 2 2 0 2 2 0 1 2 2 2 3 0 2 2 2 2 3 1 0 2 0 0 4 4 1 0 0 1
   2 4 0 1 0 2 3 1 2 2 3 3 1 1 2 4 2 1 1 3 1 0 4 1 3 3]
  [0 0 1 0 1 4 2 2 0 2 3 3 0 2 1 2 0 3 1 0 1 2 4 0 3 4 0 3 1 1 3 0 0 4 0
   4 3 0 2 3 1 4 1 0 4 3 2 4 0 3 2 1 3 3 1 3 3 4 3 1 0]
  [0 0 1 3 4 1 2 2 4 2 0 1 3 0 2 0 2 3 1 4 0 4 2 0 2 4 2 0 0 0 0 2 0 2 0
   1 4 0 0 0 4 2 4 1 0 3 4 0 0 0 2 3 3 0 3 2 0 4 0 1 2]
  [0 2 4 2 3 2 0 2 3 1 2 2 2 2 0 4 1 4 0 1 4 4 4 3 2 1 3 0 0 1 1 1 4 3 0
   2 3 0 2 2 4 2 0 0 2 3 3 0 0 2 3 4 2 0 0 4 3 2 4 0 2]
  [0 2 4 1 2 3 2 0 0 4 4 2 1 3 2 2 1 1 3 1 4 1 2 2 4 4 4 0 2 0 0 0 0 3 2
   3 4 0 4 0 1 2 2 0 1 4 0 1 0 1 3 0 3 4 3 4 2 0 3 3 2]
  [0 2 4 3 1 3 0 2 4 2 4 1 0 1 2 1 4 4 4 2 1 3 1 1 0 1 2 3 4 1 0 3 0 2 1
   4 1 3 4 2 1 3 0 4 2 0 0 4 3 1 1 2 0 1 0 3 1 2 1 4 1]
  [0 3 2 1 1 1 2 1 0 3 0 1 3 1 2 0 2 0 0 1 2 1 4 2 1 3 3 4 4 1 3 0 1 3 0
   0 4 2 4 1 0 3 1 1 0 4 0 4 2 2 4 2 4 2 3 3 3 3 3 4 1]
  [0 0 0 2 0 1 3 0 3 4 1 0 1 1 4 0 3 3 3 2 1 3 0 4 3 2 4 1 0 3 1 0 0 3 1
   3 4 2 1 3 1 3 0 1 1 4 4 0 1 2 0 0 0 4 2 3 2 2 1 4 0]
  [0 3 0 3 1 0 1 2 2 3 0 0 2 4 1 4 1 2 0 1 4 4 0 3 2 1 2 2 2 3 1 3 2 0 3
   3 0 0 2 0 3 0 4 2 1 1 4 1 0 2 3 2 3 1 2 0 0 2 2 1 3]
  [0 4 0 0 3 2 4 1 2 4 2 1 0 4 4 1 2 0 0 2 4 1 4 2 2 2 4 1 4 2 4 1 1 2 0
   4 2 1 2 0 0 3 2 4 3 0 3 1 1 0 0 4 0 2 1 1 1 4 1 3 4]
  [0 3 4 2 2 2 3 1 1 1 3 1 0 1 3 0 3 2 3 4 2 3 1 4 4 3 4 4 2 1 3 2 2 0 1
   0 4 3 2 1 1 4 0 0 1 4 0 0 3 0 4 1 2 1 4 0 1 3 0 3 4]
  [0 0 2 1 0 1 2 0 3 4 2 1 0 4 2 3 1 1 2 2 2 1 3 1 3 0 3 1 3 0 0 4 4 3 4
   4 0 2 3 1 3 1 1 4 2 1 0 4 3 2 1 4 1 2 0 2 1 3 1 1 2]
  [0 2 0 4 3 4 3 2 1 4 2 4 4 1 0 1 1 2 3 4 3 1 0 2 2 4 3 0 2 2 4 4 1 1 1
   4 0 0 1 0 0 0 3 4 4 4 4 1 1 3 4 0 2 3 0 3 1 1 1 2 4]
  [0 0 3 2 4 2 0 1 1 3 0 1 1 3 2 0 3 2 3 4 3 0 2 1 0 1 3 2 3 2 4 0 1 1 4
   1 3 1 0 1 1 2 4 2 1 3 3 1 1 1 2 4 3 3 0 4 4 1 3 0 0]
  [0 4 4 1 2 3 2 2 0 1 2 0 4 0 0 3 1 3 4 4 1 0 2 1 1 4 1 2 4 4 1 0 0 1 1
   0 2 3 0 0 1 0 1 0 3 1 3 1 0 0 3 2 0 3 3 1 3 2 3 2 2]
  [0 1 2 1 2 3 0 0 1 3 1 3 2 0 4 1 2 4 0 0 3 4 2 3 0 0 1 4 4 4 0 1 2 0 4
   1 0 1 1 2 0 2 4 0 4 3 1 1 4 1 3 2 2 0 3 2 3 4 1 4 1]
  [0 1 1 4 4 1 1 3 1 1 3 2 2 2 4 0 0 4 4 4 3 1 1 0 3 4 4 4 0 2 0 0 2 3 2
   4 1 2 0 2 0 0 2 1 0 1 1 4 4 0 2 1 3 4 2 2 0 4 1 3 0]
  [0 1 4 0 0 2 4 3 0 2 0 3 3 2 2 0 2 1 4 4 4 4 0 1 2 2 2 1 2 1 1 4 2 0 2
   4 2 4 1 3 3 3 0 0 2 3 1 2 0 1 4 1 2 2 2 0 0 0 0 0 2]
  [0 2 0 3 4 1 2 4 1 2 1 4 1 2 2 2 0 2 1 1 0 4 0 1 3 4 2 3 3 2 2 1 3 0 1
   2 0 4 0 0 2 1 2 0 2 1 2 2 1 0 4 1 4 0 2 4 3 4 2 1 2]
  [0 2 0 4 2 1 3 1 0 3 4 4 3 3 0 2 1 0 0 4 2 1 1 4 3 3 3 2 3 2 0 3 1 3 4
   2 4 3 3 3 4 0 0 3 0 2 3 1 4 4 0 3 1 3 0 2 2 4 2 2 1]
  [0 0 1 3 4 3 0 3 4 0 0 0 2 1 2 1 3 4 0 0 3 0 2 0 3 1 4 1 3 4 0 3 4 2 0
   0 0 3 0 0 4 0 1 2 1 0 1 2 0 2 4 3 3 1 4 1 2 2 4 2 0]
  [0 1 0 2 4 4 0 0 1 4 0 3 0 2 1 2 3 2 3 3 3 3 4 1 3 1 0 0 2 0 4 0 4 3 2
   1 0 4 0 4 4 4 3 0 3 1 0 2 2 0 2 4 3 3 1 0 0 1 4 0 0]
  [0 1 2 1 3 1 1 1 2 0 4 3 0 2 0 0 0 2 4 0 2 0 4 2 4 1 0 0 3 1 1 4 1 0 2
   3 2 2 2 3 4 0 0 4 0 0 1 0 3 4 0 2 0 3 1 4 3 1 0 4 2]
  [0 0 2 1 1 4 0 4 0 0 0 3 2 1 1 3 4 1 3 0 2 3 1 4 0 2 2 3 1 3 4 2 1 0 2
   4 0 0 2 2 3 1 3 0 1 4 1 0 0 0 4 0 0 3 1 2 0 4 1 3 0]
  [0 4 2 1 2 2 3 3 2 4 4 2 3 4 2 2 3 3 1 4 0 3 2 3 4 1 2 4 2 1 0 4 4 0 0
   0 0 2 0 2 1 2 1 0 3 0 4 1 4 0 3 4 4 3 1 4 4 0 3 0 2]
  [0 2 1 3 4 4 2 2 2 4 2 1 1 2 3 3 2 3 0 0 0 1 3 3 0 3 3 1 2 2 0 4 4 0 3
   0 0 4 0 2 0 1 1 3 1 3 2 0 3 1 0 2 4 1 1 3 0 4 1 4 1]
  [0 1 4 1 2 0 4 4 0 3 4 4 4 2 1 4 4 0 0 3 1 0 1 3 4 0 0 0 0 2 2 4 0 0 0
   2 2 4 2 0 1 0 3 0 3 0 0 1 1 1 4 0 2 1 3 3 0 3 3 3 1]
  [0 3 3 1 0 4 3 3 2 0 2 0 1 2 4 3 0 2 4 2 0 1 0 4 1 1 4 2 3 0 0 1 3 2 4
   0 3 2 4 4 2 3 1 2 1 4 1 1 1 1 3 2 0 1 2 2 0 3 3 2 0]
  [0 0 3 4 2 0 1 4 4 0 3 4 0 1 1 0 2 1 0 1 2 1 3 0 4 2 0 0 1 0 4 4 4 1 4
   0 0 0 0 4 3 1 3 1 0 1 4 0 3 4 4 3 4 0 3 3 4 3 1 1 2]
  [0 3 0 1 2 0 2 4 2 0 0 2 0 1 0 0 0 3 2 4 0 3 1 3 3 4 2 2 4 3 0 1 1 1 4
   2 4 1 1 2 3 2 3 2 2 4 3 4 2 1 1 4 1 3 0 0 3 1 2 1 2]
  [0 1 3 0 2 3 2 2 2 0 0 0 0 2 0 1 1 1 3 0 0 1 4 4 3 0 0 3 2 2 2 4 0 2 1
   2 0 1 2 4 4 2 0 1 0 2 1 4 2 1 0 4 2 3 3 0 2 0 1 3 0]
  [0 0 2 4 4 1 1 2 1 0 2 1 4 3 2 4 3 3 4 4 4 2 4 0 3 1 0 2 0 4 3 2 1 4 4
   3 0 1 0 3 2 1 3 3 1 2 4 1 0 1 4 2 2 3 4 1 0 4 1 2 0]
  [0 3 3 2 3 1 1 3 3 3 4 3 2 0 3 3 0 3 1 4 4 1 1 1 0 0 3 1 0 2 0 2 4 4 1
   1 1 2 4 0 4 3 3 0 1 4 0 1 3 4 0 0 2 1 4 3 3 0 1 2 0]
  [0 2 2 3 3 2 4 2 4 0 0 4 1 0 0 4 1 0 1 2 4 0 3 4 4 1 1 0 2 0 4 1 4 1 0
   3 3 1 0 1 3 2 1 2 3 2 3 0 2 2 1 2 4 1 2 3 0 0 0 0 3]
  [0 0 3 2 3 1 2 2 4 1 3 1 0 2 2 1 3 4 3 3 3 1 2 4 3 1 1 3 1 4 2 1 0 4 2
   4 0 2 2 3 0 4 4 1 4 0 2 0 0 3 1 4 3 0 2 2 0 0 4 0 2]
  [0 1 4 2 3 3 1 2 4 3 0 2 3 3 0 4 4 1 4 1 0 3 1 2 2 1 0 2 4 2 3 1 2 3 3
   3 4 2 2 0 1 3 4 2 1 0 2 3 3 0 2 0 3 1 3 4 3 2 3 3 0]]

 [[0 1 0 2 3 1 1 0 2 2 2 4 2 3 1 1 0 4 2 4 0 3 4 0 3 4 0 0 4 1 4 4 0 0 4
   2 1 0 0 2 0 0 0 1 4 2 2 0 4 0 1 4 4 2 4 4 4 0 4 0 4]
  [0 0 3 1 3 4 3 2 2 4 4 4 0 3 0 0 0 4 1 1 4 0 3 1 3 3 1 1 1 1 4 4 2 3 0
   1 3 0 0 1 4 2 1 3 0 0 4 3 2 4 0 0 3 4 4 0 1 2 4 1 2]
  [0 3 0 2 1 3 1 3 2 2 4 2 2 1 4 2 0 1 1 2 3 1 3 3 3 2 0 1 0 0 0 4 0 0 3
   3 2 3 3 1 2 0 3 4 1 3 4 2 3 1 2 1 1 1 3 2 1 4 0 3 2]
  [0 3 1 0 2 4 1 3 1 2 4 1 1 0 4 1 1 0 4 4 4 3 3 4 1 2 3 2 0 4 3 3 3 2 3
   1 1 0 1 0 2 2 3 3 0 2 4 4 4 4 4 2 2 3 1 0 0 1 2 0 4]
  [0 3 1 1 0 4 2 4 4 0 2 2 1 1 3 1 3 3 1 1 0 2 1 1 3 3 2 1 3 4 1 3 0 4 0
   2 2 0 4 1 1 1 3 1 3 2 4 0 3 0 0 4 3 3 3 3 4 1 2 3 0]
  [0 2 1 1 1 0 4 3 0 0 3 2 3 3 2 4 0 4 3 4 2 2 4 4 2 1 1 4 2 4 2 0 0 4 4
   3 2 1 0 1 1 2 4 3 3 3 4 1 0 0 1 0 0 2 2 1 2 3 0 4 1]
  [0 3 2 3 0 1 0 0 2 4 1 1 3 1 2 2 2 1 1 2 1 3 2 4 0 0 0 2 3 3 0 0 0 2 3
   0 0 4 3 4 1 0 0 1 2 0 0 1 4 2 3 2 2 1 4 2 4 4 4 2 1]
  [0 2 1 2 3 0 1 0 2 0 2 4 4 2 4 2 3 0 3 0 4 0 2 3 2 3 2 0 0 4 3 4 2 4 0
   2 0 1 3 4 3 0 4 0 0 4 0 1 1 3 1 0 0 0 4 3 1 3 0 4 1]
  [0 1 3 3 0 1 3 4 0 1 2 4 3 2 4 2 2 3 1 0 1 2 4 3 1 4 3 2 2 1 2 0 4 2 3
   4 4 1 1 2 1 1 3 0 4 0 1 2 2 3 0 3 4 4 2 2 3 1 4 2 2]
  [0 3 1 2 4 0 3 1 3 0 3 0 2 0 0 3 4 3 4 0 1 3 0 3 2 3 0 0 1 4 2 1 2 4 1
   1 3 0 3 1 4 0 4 1 1 4 3 4 4 1 2 3 1 1 0 3 2 3 0 1 3]
  [0 0 2 3 3 4 3 0 4 1 0 1 1 1 0 1 0 1 1 2 2 2 4 1 1 0 2 1 4 0 0 2 4 0 0
   3 1 1 0 2 2 3 2 0 2 0 2 2 2 3 2 2 1 1 0 0 1 4 0 4 4]
  [0 0 0 3 2 3 0 3 4 3 3 0 2 4 2 1 2 2 0 0 0 2 3 1 2 0 3 1 4 4 4 1 2 0 4
   4 0 4 4 0 3 1 0 3 2 3 2 2 1 3 1 3 2 2 0 3 1 3 1 3 4]
  [0 2 1 4 2 0 3 4 2 4 4 0 0 4 4 0 4 1 0 4 4 4 0 1 0 4 4 2 0 1 2 1 3 0 2
   1 4 1 2 0 4 4 1 0 4 0 1 1 1 3 0 1 2 1 1 3 2 4 1 3 2]
  [0 1 4 2 4 3 2 3 3 1 4 4 4 0 1 0 0 4 1 4 3 0 3 4 4 2 3 4 0 0 3 2 4 2 4
   4 0 4 1 1 4 4 3 2 4 1 1 4 1 0 0 4 2 4 0 3 1 2 4 1 0]
  [0 4 1 4 2 0 4 4 1 0 1 0 0 4 0 3 2 0 1 3 1 4 3 3 0 0 0 0 3 1 4 0 3 3 0
   2 3 2 2 3 0 0 2 1 0 2 3 4 0 4 0 1 4 3 0 1 3 3 4 1 0]
  [0 3 1 4 2 0 1 1 1 4 3 3 0 1 2 0 1 2 1 3 4 1 0 0 3 3 2 4 0 3 2 4 1 2 3
   3 2 4 1 4 2 1 2 2 1 1 2 3 0 4 3 3 3 1 3 4 4 1 3 3 1]
  [0 3 2 3 0 3 4 0 0 1 4 0 4 0 4 0 0 3 4 4 3 1 3 4 1 3 3 3 4 3 1 2 3 4 2
   3 4 3 4 3 1 3 1 0 3 2 2 2 3 0 3 4 1 2 4 3 2 3 1 2 1]
  [0 4 1 1 1 4 1 2 2 1 3 0 1 1 3 0 1 0 2 1 4 4 0 4 4 2 4 1 3 0 0 4 3 4 3
   0 0 0 1 2 2 2 0 4 4 0 3 2 3 4 2 3 1 2 1 1 4 0 4 3 0]
  [0 0 1 4 3 1 1 1 3 2 4 3 3 1 4 4 3 2 0 3 2 3 4 1 0 4 1 4 4 2 3 1 4 0 2
   4 0 3 2 2 2 0 3 0 1 1 2 0 3 4 1 1 2 4 3 3 0 2 2 0 4]
  [0 1 3 4 4 4 4 0 3 3 1 4 4 2 2 2 3 3 2 0 3 4 1 4 4 1 3 0 2 0 1 4 0 3 2
   2 0 2 0 2 1 1 3 1 2 3 4 4 1 3 2 4 3 0 2 3 2 0 1 0 2]
  [0 0 1 3 3 2 2 0 3 2 4 0 2 2 4 3 3 4 0 0 0 0 1 1 0 2 2 4 1 0 3 1 2 0 0
   4 1 1 3 2 2 2 1 4 1 3 0 1 2 3 4 2 2 4 3 4 4 0 3 1 3]
  [0 1 0 4 2 0 4 1 2 4 4 4 1 3 3 1 3 0 2 4 4 0 1 3 0 0 1 3 4 0 2 2 3 2 3
   2 3 4 2 1 2 3 1 2 2 3 3 2 3 2 2 4 3 3 4 4 1 2 2 4 0]
  [0 4 3 1 4 4 2 1 0 0 1 2 2 4 1 3 4 4 3 4 2 4 0 0 3 1 1 2 1 1 1 3 1 0 0
   0 1 3 2 3 0 1 3 3 2 4 4 1 4 3 2 2 0 1 2 3 0 3 2 1 3]
  [0 1 2 1 3 3 4 3 1 3 0 2 4 4 3 0 1 1 2 1 4 2 0 0 0 0 0 2 4 1 4 1 1 0 3
   3 3 2 4 1 3 1 0 4 0 4 0 2 4 4 2 1 3 2 0 3 4 1 1 1 3]
  [0 4 0 3 0 1 1 3 3 0 2 4 4 4 1 3 3 4 4 3 0 3 1 2 0 3 1 3 3 4 0 2 2 2 3
   3 0 0 2 2 4 0 4 0 2 3 2 4 4 2 2 2 3 0 1 0 0 2 3 1 3]
  [0 2 3 3 0 1 4 0 0 4 2 3 3 3 3 0 2 1 4 1 2 4 0 4 0 0 3 4 3 2 0 2 2 3 4
   2 0 2 0 1 1 0 3 1 0 3 4 3 3 4 1 4 1 4 4 3 2 4 1 2 0]
  [0 0 1 2 4 4 0 0 4 0 1 1 0 1 3 1 3 4 2 1 1 1 0 3 3 0 0 4 1 2 4 0 2 2 0
   3 3 3 1 1 1 0 4 0 0 1 4 0 3 4 3 1 0 3 3 2 0 4 0 0 3]
  [0 1 2 3 0 2 0 1 3 0 4 1 1 0 0 4 2 1 0 4 1 4 4 0 4 0 4 0 2 4 3 2 2 0 4
   3 1 1 4 0 2 2 3 1 2 3 0 1 1 1 4 0 1 2 2 0 3 3 0 1 1]
  [0 4 0 3 1 0 3 1 1 2 3 4 2 3 3 1 1 1 0 1 4 1 4 2 0 0 3 0 0 4 2 0 3 4 0
   2 4 4 0 1 1 2 1 4 3 1 4 3 4 0 1 0 3 3 0 4 1 3 4 4 4]
  [0 1 2 3 1 1 3 2 2 3 1 3 3 3 0 0 4 4 1 2 0 1 3 2 0 3 0 1 2 0 3 4 1 4 3
   4 4 3 2 1 4 1 0 0 2 4 3 3 2 0 2 0 2 3 2 0 0 4 0 1 4]
  [0 4 2 0 1 0 3 3 1 2 3 0 4 2 3 1 3 0 1 0 0 2 0 1 0 2 4 2 0 1 0 0 1 2 0
   4 1 2 1 4 2 3 0 3 3 4 2 0 3 0 2 1 3 0 3 1 3 3 4 1 3]
  [0 4 2 3 2 4 4 0 4 2 3 1 3 0 3 0 3 2 2 4 2 3 1 4 4 1 3 4 3 4 1 0 3 3 3
   2 3 1 4 1 0 4 2 0 4 2 1 0 3 0 2 1 0 0 3 2 2 2 0 3 3]
  [0 2 0 4 4 3 4 0 0 4 1 4 2 2 1 0 1 0 3 4 0 3 4 1 1 3 1 2 4 1 2 4 0 0 2
   2 0 2 4 2 3 2 2 3 0 1 3 0 2 4 3 3 2 2 2 2 2 1 2 3 4]
  [0 0 0 0 1 3 2 0 4 0 4 3 2 2 0 4 4 4 1 0 4 0 4 0 2 3 2 3 2 0 4 4 1 0 3
   4 0 4 0 2 3 0 1 4 2 2 2 3 0 3 0 1 4 3 1 3 4 3 1 0 1]
  [0 3 0 1 4 3 4 0 0 4 2 4 4 3 4 1 1 0 0 4 2 4 0 4 0 2 2 2 0 4 3 3 1 2 0
   4 3 3 3 1 3 0 3 0 0 4 4 3 0 0 0 4 0 2 1 2 2 2 1 2 1]
  [0 2 3 1 2 2 4 1 2 0 3 2 2 2 2 0 2 4 3 3 0 2 4 2 3 2 3 2 2 2 2 2 0 4 2
   0 4 0 3 2 3 2 1 0 3 3 2 0 4 2 1 4 2 2 2 1 0 4 2 4 2]
  [0 3 0 3 2 2 0 0 1 2 2 3 4 2 2 2 2 2 3 2 3 0 2 0 2 2 3 2 3 2 2 3 0 4 4
   1 0 1 3 1 2 2 1 2 1 4 2 4 3 3 0 1 2 4 2 4 2 0 2 4 4]
  [0 3 2 1 0 1 2 2 3 4 1 1 4 2 4 3 2 1 2 2 2 0 0 4 2 0 2 4 3 2 0 1 3 3 0
   1 4 0 3 3 1 2 4 2 4 3 4 2 1 1 3 4 2 0 1 2 0 0 1 0 3]
  [0 3 1 2 3 4 1 2 2 1 0 2 4 1 1 1 1 3 1 0 0 4 3 2 2 2 0 3 1 2 0 3 4 3 4
   2 3 2 0 2 0 4 4 4 2 0 0 2 0 4 2 4 0 0 2 4 4 3 0 2 0]
  [0 0 3 2 4 2 1 0 1 1 4 0 2 1 4 3 4 1 0 0 2 3 4 1 3 2 1 0 3 1 2 3 3 2 0
   4 2 1 3 0 4 2 0 4 0 2 1 1 3 4 2 0 0 4 1 3 2 1 4 2 1]
  [0 4 4 0 3 4 2 0 0 3 0 1 4 2 1 3 1 4 2 1 2 2 3 4 1 1 2 1 2 4 4 4 4 3 2
   3 3 2 3 0 0 2 0 1 4 1 4 3 3 1 1 3 4 0 4 0 0 4 0 2 4]
  [0 3 0 1 1 3 1 0 1 2 2 1 4 3 0 4 0 4 2 3 3 1 4 0 1 1 1 1 2 3 1 1 1 0 2
   1 1 4 3 4 3 0 0 4 3 1 4 4 2 1 3 4 2 0 2 0 1 1 4 0 1]
  [0 1 0 4 0 3 3 1 0 2 3 4 2 4 4 3 3 2 2 4 1 0 3 3 0 4 1 0 3 0 1 2 0 0 1
   2 4 2 4 1 1 4 0 2 4 1 1 0 0 1 0 2 4 2 2 2 1 2 2 4 4]
  [0 4 1 4 1 0 0 4 0 1 2 1 4 0 2 3 2 2 0 3 4 3 1 0 0 1 3 4 4 1 4 3 2 0 0
   3 0 2 2 0 3 1 4 0 3 3 2 1 1 4 0 1 3 0 2 4 3 3 2 4 4]
  [0 3 4 2 2 0 3 2 2 2 3 0 2 0 3 2 4 2 2 1 2 1 0 4 0 0 2 2 2 3 1 1 4 1 0
   2 1 0 4 4 4 4 4 3 0 2 4 0 1 3 3 3 2 0 0 3 0 2 2 4 0]
  [0 3 0 3 4 2 4 4 1 1 4 3 3 4 4 0 3 2 2 3 0 1 0 4 1 0 0 1 4 2 3 4 3 2 0
   3 4 2 2 4 0 3 4 2 1 0 1 4 1 1 4 3 1 3 1 3 3 1 2 4 1]
  [0 0 1 2 0 4 2 2 2 3 3 2 0 2 4 2 0 0 3 1 0 1 2 4 0 2 0 4 0 3 4 0 0 0 3
   2 4 1 0 2 4 4 2 1 2 0 0 3 2 3 1 4 0 1 0 2 4 1 4 0 0]
  [0 4 0 1 0 3 2 3 0 2 1 1 2 4 3 1 1 3 0 1 1 4 4 4 0 1 1 4 3 2 2 4 1 1 4
   0 4 3 0 0 0 0 2 4 0 4 0 0 2 2 2 1 1 2 2 4 3 2 0 0 0]
  [0 2 1 0 0 1 0 3 1 2 0 0 2 2 1 2 4 2 1 0 4 2 3 4 0 0 0 4 0 4 0 2 2 1 0
   1 0 1 3 4 0 1 3 4 2 4 4 1 0 4 4 4 2 2 2 3 3 0 3 0 1]
  [0 2 2 4 2 0 2 0 4 3 0 0 3 2 0 0 1 0 1 0 3 4 2 0 1 0 1 3 1 0 3 1 2 4 4
   1 1 0 3 2 1 1 0 1 2 1 2 2 4 0 3 2 0 1 1 4 4 2 2 0 4]
  [0 4 1 3 2 0 2 2 1 3 2 4 0 4 1 2 3 2 4 4 3 4 1 2 0 1 4 4 0 2 2 4 3 3 3
   3 2 3 2 1 2 4 1 2 3 1 0 2 2 1 0 0 1 1 3 2 2 1 1 4 0]
  [0 3 1 4 2 3 1 2 0 0 2 0 1 4 3 1 1 2 1 1 4 0 2 4 4 2 1 0 1 0 3 4 1 3 0
   2 4 3 0 2 4 4 1 1 0 4 2 3 2 3 1 0 2 1 1 3 1 3 3 4 1]
  [0 4 3 2 4 4 1 1 4 1 3 0 4 0 0 3 4 0 4 4 4 0 3 3 3 4 0 2 3 1 1 0 3 4 2
   0 4 1 0 0 2 0 0 3 4 1 1 3 0 2 0 4 0 4 0 3 1 2 1 2 2]
  [0 0 3 0 0 3 0 4 2 2 0 0 1 0 3 0 3 1 4 4 1 3 4 2 2 4 0 2 0 0 4 2 4 3 3
   0 3 1 4 2 4 3 1 1 2 2 3 4 2 4 3 3 4 0 4 3 3 0 2 2 4]
  [0 0 1 4 2 1 1 3 3 3 2 2 3 3 2 4 0 2 1 2 0 2 2 3 3 1 4 4 1 0 0 0 3 2 2
   2 3 2 3 1 0 4 2 0 3 0 0 0 0 4 4 2 3 4 0 1 3 2 2 0 4]
  [0 4 4 2 4 4 2 4 3 1 3 1 2 2 4 0 2 4 3 0 0 4 4 0 0 3 3 4 0 4 3 4 4 3 4
   2 0 0 2 1 3 1 3 3 2 3 2 3 3 2 0 2 4 2 4 0 1 1 0 3 1]
  [0 1 2 4 4 0 1 2 0 4 4 3 2 3 4 2 4 3 4 0 4 4 3 3 0 4 0 0 1 1 2 4 3 3 3
   0 2 4 1 4 1 3 3 0 0 2 2 3 4 1 3 1 2 2 1 0 0 2 0 0 0]
  [0 1 0 2 4 4 1 2 3 2 1 4 4 4 3 4 4 2 4 4 3 3 0 2 2 2 1 0 1 0 4 4 0 0 0
   3 4 0 1 4 1 1 2 0 0 4 0 2 3 2 4 1 4 2 3 2 0 0 0 3 3]
  [0 1 0 2 1 1 1 1 1 4 4 0 1 0 0 0 3 3 2 3 0 2 2 0 3 4 1 1 0 3 1 4 1 2 3
   1 1 4 2 1 1 3 2 1 2 3 2 4 1 2 2 3 0 0 1 2 4 2 0 0 3]
  [0 4 4 0 2 3 3 0 4 4 4 3 3 0 4 1 0 4 1 2 3 3 1 2 3 0 4 3 4 4 4 2 3 4 2
   2 2 4 1 2 2 4 0 0 0 0 2 2 1 0 1 0 0 2 4 4 1 0 3 0 4]
  [0 0 0 4 1 3 1 0 1 0 0 1 0 4 2 0 4 3 0 0 4 3 1 2 3 2 0 2 2 0 2 2 2 3 2
   1 3 2 1 4 1 2 3 0 1 3 1 1 2 2 2 4 3 0 4 3 4 0 4 0 0]]

 [[0 0 3 2 1 0 2 1 0 2 0 2 0 2 1 3 1 2 2 2 2 1 1 3 2 4 3 4 2 4 3 2 0 0 4
   1 0 2 3 4 2 4 2 1 4 2 0 4 4 1 0 2 2 4 1 4 2 1 0 3 3]
  [0 0 1 4 0 4 3 0 1 0 0 4 0 3 3 1 3 4 0 4 0 4 1 1 1 4 4 2 3 2 1 4 3 3 4
   3 1 0 3 1 4 3 2 4 1 1 3 3 4 0 1 0 1 3 2 2 3 2 0 4 1]
  [0 0 0 0 3 2 4 2 2 1 3 0 4 2 0 3 2 4 0 0 2 0 2 3 1 0 0 3 1 4 4 4 1 2 2
   3 3 2 0 2 1 3 1 2 0 1 2 3 2 3 3 1 1 2 2 3 4 4 2 2 0]
  [0 2 0 0 0 4 3 3 2 2 0 3 3 1 1 2 3 3 0 3 3 0 2 1 0 3 1 0 0 4 0 3 4 3 4
   0 0 3 1 2 1 2 2 3 2 1 0 0 1 1 3 0 1 4 0 4 1 2 4 3 1]
  [0 3 3 3 0 3 4 0 4 2 2 4 0 0 3 4 4 4 4 2 3 3 0 0 3 1 4 2 2 4 0 3 2 4 0
   4 4 3 1 3 1 4 1 2 4 3 4 0 0 0 4 0 2 3 3 4 1 1 0 0 4]
  [0 2 3 2 4 0 2 2 1 0 4 3 1 1 2 0 3 0 0 3 1 0 3 1 4 4 0 2 0 3 1 0 4 0 2
   3 3 3 1 4 1 3 3 2 3 2 0 3 3 1 1 0 4 0 0 2 1 4 2 4 4]
  [0 2 1 0 2 0 0 0 2 2 3 0 1 3 0 0 4 3 1 1 0 1 4 4 4 1 4 0 2 2 3 0 2 0 0
   0 3 2 4 2 3 0 4 1 3 1 0 2 4 1 3 4 3 4 1 4 3 4 3 4 2]
  [0 0 2 1 4 1 0 0 4 1 1 0 4 0 1 3 4 3 3 2 3 0 2 1 0 1 4 2 1 2 2 4 0 2 0
   4 4 3 1 2 3 1 1 4 2 0 0 3 3 1 0 4 0 3 4 1 0 3 2 4 0]
  [0 2 3 3 0 3 2 1 0 3 0 4 2 4 2 2 1 0 0 2 0 0 4 2 1 3 3 1 4 2 3 1 3 1 3
   0 3 2 2 4 4 4 4 1 3 4 2 2 1 2 3 3 0 2 0 2 0 0 3 0 2]
  [0 2 1 4 4 1 0 2 1 0 4 1 3 4 2 4 2 4 1 0 4 4 0 1 4 0 4 2 2 0 0 0 4 3 3
   3 3 2 2 4 2 2 4 3 0 2 0 3 0 4 2 2 2 0 3 4 3 0 1 1 3]
  [0 2 0 3 2 3 0 2 0 4 0 3 1 3 0 4 1 3 0 3 4 2 4 1 4 2 2 1 0 2 1 0 4 4 0
   3 0 2 2 0 2 2 4 0 2 3 3 3 3 3 3 3 0 4 1 0 3 2 1 0 4]
  [0 4 4 2 1 4 3 4 4 3 4 0 0 1 2 3 0 3 2 0 2 3 4 4 3 0 2 2 1 2 1 3 0 0 0
   4 0 2 1 3 2 4 2 0 2 3 1 4 4 4 4 2 2 0 0 1 2 2 4 1 0]
  [0 0 3 2 1 1 1 3 4 1 3 3 0 2 3 3 4 0 1 1 4 1 4 0 3 2 0 0 0 4 0 3 0 4 1
   1 0 0 3 4 0 2 1 3 1 3 3 0 0 3 2 1 3 2 0 1 0 3 0 1 2]
  [0 0 1 0 2 1 1 4 0 2 3 0 2 0 1 0 3 1 0 1 4 2 4 3 3 3 3 4 1 3 0 3 4 4 4
   0 4 3 0 3 3 4 0 1 0 2 0 0 1 2 1 4 2 2 4 0 4 0 4 3 2]
  [0 0 3 2 0 1 2 3 3 2 1 2 3 4 0 2 3 1 4 2 2 0 1 3 1 1 0 3 1 1 0 2 3 3 0
   0 1 2 1 0 4 1 1 0 2 4 3 0 3 3 4 1 3 3 2 3 2 4 2 3 4]
  [0 4 3 3 3 0 1 1 4 0 4 1 1 1 2 0 4 3 4 0 3 3 0 3 4 0 0 4 1 4 4 3 0 3 0
   0 4 2 4 2 4 2 1 1 0 2 1 0 4 3 1 0 2 1 0 0 2 3 1 2 1]
  [0 4 2 4 3 1 3 1 2 2 3 2 3 0 3 4 0 3 1 3 1 3 3 2 4 3 2 4 4 2 4 1 0 1 1
   3 4 0 2 0 3 3 1 0 3 1 0 0 4 2 1 0 2 3 3 3 1 2 4 0 3]
  [0 4 3 4 1 2 1 1 2 4 3 2 0 2 4 0 1 0 3 1 1 3 3 4 0 2 0 3 3 3 2 3 1 2 2
   0 1 0 4 2 3 1 0 1 0 3 2 2 2 0 2 3 2 4 2 3 0 1 4 3 2]
  [0 3 0 0 3 1 3 4 0 1 1 4 4 3 2 1 4 3 0 1 0 3 1 3 3 4 0 0 1 2 3 3 4 3 3
   1 3 2 4 0 1 3 2 4 1 2 1 1 4 1 2 3 3 3 0 4 4 0 2 4 1]
  [0 2 1 0 4 0 1 4 1 4 1 0 0 2 1 0 1 3 3 0 3 1 3 2 0 4 4 1 0 0 3 1 4 3 0
   0 0 0 4 0 2 3 0 1 1 1 4 3 0 4 1 3 4 0 2 4 0 2 1 4 0]
  [0 2 2 3 0 2 1 0 4 2 0 3 1 0 1 3 2 2 0 3 0 0 0 2 4 2 4 3 4 3 3 3 3 4 3
   0 1 3 1 3 0 0 2 4 1 3 3 0 1 4 1 2 2 2 3 1 0 2 0 1 2]
  [0 2 1 0 0 4 3 1 3 0 4 1 2 1 3 0 2 0 0 3 3 0 0 0 2 1 4 3 4 0 0 4 2 3 2
   1 3 2 1 1 0 2 1 0 0 0 1 3 3 1 4 0 2 3 1 3 0 3 4 4 4]
  [0 3 4 4 3 2 2 1 2 0 4 4 0 2 2 4 2 1 2 2 1 2 0 2 2 1 3 0 4 2 4 1 4 0 3
   4 3 2 1 0 0 2 3 2 2 4 2 4 4 4 3 0 4 0 3 3 4 0 2 1 4]
  [0 3 3 3 1 2 1 1 3 3 1 1 0 3 1 4 4 0 0 3 4 4 3 0 4 4 2 4 4 0 0 2 4 2 2
   3 0 1 4 1 0 0 3 2 3 2 4 3 3 0 3 3 1 0 4 3 3 3 0 3 4]
  [0 1 2 0 1 1 0 3 0 4 3 0 2 1 2 1 1 0 0 0 3 3 3 0 0 2 1 0 1 1 1 4 2 0 0
   0 1 3 4 1 0 0 2 4 4 2 3 4 0 0 0 2 4 0 4 0 3 4 2 3 1]
  [0 1 1 4 2 1 3 3 2 1 0 3 1 4 3 3 4 1 2 3 1 4 1 1 4 0 4 3 0 0 1 4 0 3 2
   1 2 2 3 1 1 0 4 1 1 2 3 0 3 3 1 3 4 3 3 1 2 1 0 0 2]
  [0 4 4 0 4 1 4 2 2 4 1 2 4 2 0 3 3 4 2 4 3 4 1 1 0 1 0 4 3 4 1 4 1 1 4
   4 2 0 3 0 4 3 2 2 4 2 1 2 3 4 4 3 4 1 2 4 3 2 4 4 1]
  [0 2 3 1 2 2 1 2 1 1 3 0 4 3 2 0 2 3 4 1 3 2 1 2 2 4 4 0 2 0 4 4 3 3 4
   0 3 4 3 0 2 1 2 1 1 2 2 1 1 3 2 3 4 3 0 1 0 2 0 4 4]
  [0 3 2 4 0 0 0 1 1 3 4 0 4 2 2 2 1 1 1 3 4 3 2 1 4 3 3 1 0 4 1 3 1 1 4
   0 3 4 2 3 2 3 3 0 3 1 1 1 1 0 4 4 0 1 1 4 2 4 0 4 2]
  [0 1 3 0 3 2 3 4 3 4 0 4 2 4 2 1 0 4 4 1 4 2 2 4 0 2 4 4 2 0 4 1 3 3 4
   1 1 2 3 4 1 2 2 1 0 4 3 3 3 3 3 4 1 2 1 3 3 3 4 4 4]
  [0 4 3 4 2 1 2 2 1 2 4 0 0 0 3 1 2 3 1 0 1 0 1 0 2 1 3 3 3 0 0 0 4 1 3
   3 4 4 1 2 3 2 2 4 4 4 1 3 4 0 1 2 1 2 4 3 1 3 2 0 4]
  [0 2 1 0 0 3 2 3 0 0 2 1 0 3 3 1 2 1 4 3 4 3 3 3 3 0 2 0 0 2 0 0 4 2 3
   3 1 2 2 2 1 0 2 4 1 3 1 3 0 2 1 1 0 1 1 4 2 4 2 0 4]
  [0 0 0 2 0 0 3 1 0 3 2 2 4 2 2 1 2 0 2 3 1 4 0 0 0 0 1 4 4 4 2 1 0 1 3
   3 4 0 4 1 2 1 4 2 4 4 2 1 1 3 0 0 0 3 2 4 0 2 3 1 4]
  [0 0 4 0 0 3 3 4 2 2 3 1 3 0 1 0 4 4 1 1 3 1 1 1 2 2 1 1 4 0 1 2 4 0 4
   0 3 2 1 1 0 1 0 4 0 3 3 1 1 1 3 3 1 3 3 4 4 4 0 3 0]
  [0 1 1 0 3 4 2 1 3 3 3 0 4 1 4 1 4 2 3 2 1 4 3 3 2 4 1 3 1 4 1 4 3 2 0
   3 0 1 4 4 3 4 0 4 0 4 0 4 4 2 2 4 2 2 3 1 2 3 0 2 0]
  [0 3 3 0 4 1 4 0 1 0 1 2 2 4 2 2 0 1 4 3 1 2 4 1 1 4 4 4 1 2 2 3 3 2 0
   0 0 0 2 2 2 2 4 4 4 4 1 3 4 1 2 3 4 3 2 0 2 2 3 3 3]
  [0 4 3 3 4 3 3 3 2 2 2 1 4 0 4 2 2 3 4 4 1 3 2 2 4 3 0 4 4 3 0 0 2 0 0
   4 0 0 4 3 0 3 0 4 2 1 0 1 1 3 1 0 2 1 2 2 3 4 2 2 1]
  [0 0 0 1 3 1 0 3 1 3 4 4 1 0 1 4 4 3 4 0 2 2 2 3 1 3 3 0 0 3 0 4 4 3 3
   0 1 0 2 4 1 0 4 2 2 1 0 1 4 0 3 0 0 1 0 2 4 0 1 4 2]
  [0 2 0 1 1 4 4 2 1 4 0 3 0 1 4 1 3 2 4 1 4 2 0 4 3 4 1 0 4 2 3 4 4 4 3
   4 4 1 0 4 0 4 4 4 4 2 1 1 2 2 4 1 2 3 2 1 2 1 4 1 3]
  [0 2 3 1 2 1 3 0 0 0 3 0 3 0 3 2 3 2 4 1 4 1 3 4 3 0 4 0 2 1 2 3 2 0 1
   0 1 2 0 0 4 4 0 0 1 2 2 1 4 1 0 4 4 1 3 4 1 1 3 2 3]
  [0 1 4 2 4 3 0 0 3 4 3 1 4 3 4 1 4 4 1 4 3 1 0 1 4 2 3 2 0 3 4 2 2 3 2
   1 0 4 0 2 0 4 3 4 2 2 2 3 0 4 0 3 4 0 4 1 3 4 3 3 4]
  [0 2 1 0 1 4 2 0 1 4 3 0 2 4 1 0 3 3 2 2 4 0 1 2 4 3 4 3 2 0 4 1 1 3 3
   3 4 3 3 1 0 0 3 1 2 3 4 2 1 3 4 0 2 1 3 4 2 4 2 1 0]
  [0 4 4 4 2 1 4 1 3 4 3 4 3 4 1 3 3 4 2 1 2 0 2 3 3 1 0 0 2 0 1 2 3 2 4
   1 4 1 3 4 4 3 0 2 3 1 2 3 1 2 1 1 2 0 2 3 1 0 1 2 1]
  [0 3 2 2 2 4 3 4 2 1 3 2 1 0 2 1 4 0 4 0 4 1 4 2 2 3 3 2 3 1 2 2 1 1 3
   1 3 4 4 0 1 1 3 0 0 1 0 2 3 3 0 0 4 1 2 2 2 1 1 1 3]
  [0 2 3 1 2 3 2 3 0 3 1 0 0 4 4 4 2 3 3 2 2 0 0 0 3 0 4 0 3 2 4 2 0 3 2
   4 1 0 3 2 4 0 4 1 0 4 2 0 2 0 2 0 3 2 0 0 1 2 3 0 1]
  [0 3 1 0 4 0 0 4 4 2 2 0 3 0 3 2 0 3 4 0 0 4 0 3 4 1 1 2 0 2 4 1 3 4 0
   0 3 2 2 4 2 4 4 3 3 0 3 1 4 3 3 2 2 4 2 3 0 1 3 4 0]
  [0 2 2 1 4 4 1 1 0 0 1 2 3 0 2 2 0 0 4 1 0 2 4 2 2 2 4 3 2 0 4 0 0 2 3
   0 4 3 2 3 3 3 0 2 2 0 0 1 0 2 1 4 2 3 0 3 3 0 2 4 2]
  [0 3 4 4 1 1 0 2 4 0 0 4 4 4 0 3 0 0 1 0 4 2 2 0 1 1 2 1 2 3 3 1 3 4 1
   3 1 2 1 1 3 1 3 4 4 0 2 0 4 0 1 2 4 4 3 3 3 2 1 0 4]
  [0 4 1 4 4 3 0 0 1 2 0 0 3 3 1 3 1 0 4 0 4 0 4 3 4 4 4 3 0 4 1 4 2 3 2
   0 0 4 0 1 3 3 0 3 1 0 2 2 0 1 2 1 4 4 0 2 4 1 2 0 0]
  [0 1 1 3 0 0 0 2 0 2 2 3 0 1 2 4 2 2 1 3 4 1 2 3 0 0 2 0 0 4 0 4 2 4 3
   2 0 4 2 2 0 4 4 0 1 3 2 3 3 0 0 4 4 2 3 3 0 3 4 3 3]
  [0 2 1 4 2 4 3 1 4 3 2 3 3 3 2 4 0 3 0 1 0 0 3 2 1 2 0 3 4 1 2 4 3 3 1
   1 3 1 1 4 2 2 0 0 4 4 0 4 1 1 0 2 4 0 0 0 1 0 4 4 0]
  [0 4 4 1 0 0 2 3 1 2 2 0 0 4 4 0 1 1 0 0 0 2 4 0 2 3 2 0 2 2 2 3 4 3 3
   4 2 4 3 1 1 2 0 0 2 0 4 2 1 2 3 0 4 4 0 0 4 2 4 2 2]
  [0 1 0 0 3 1 4 4 3 2 3 3 4 1 0 2 4 1 2 1 2 0 3 0 0 1 4 4 1 1 0 3 0 1 2
   3 1 4 2 2 0 2 2 2 2 3 1 0 1 2 1 1 0 1 2 3 2 0 3 2 0]
  [0 2 0 1 1 1 0 3 0 4 4 2 4 2 4 1 3 2 4 0 4 2 3 0 4 0 4 4 2 0 2 1 3 4 4
   4 1 4 4 2 2 2 1 2 4 4 2 2 0 4 3 1 3 0 2 1 2 1 2 1 0]
  [0 0 0 0 4 3 4 2 4 1 1 0 3 2 4 4 0 1 1 2 1 1 1 3 3 2 3 2 2 3 2 4 2 4 0
   1 2 3 1 1 1 0 1 1 4 4 1 2 4 0 4 1 0 3 0 0 3 1 2 2 2]
  [0 0 1 1 1 1 2 0 2 3 2 2 3 1 2 4 2 0 4 0 3 3 1 2 3 0 2 3 2 0 1 4 1 0 3
   1 1 0 2 3 0 4 1 4 0 2 4 0 2 4 4 3 3 4 2 0 4 1 2 0 4]
  [0 0 3 2 0 0 1 2 4 3 1 2 4 2 1 4 2 3 2 0 3 2 3 4 4 1 4 0 4 0 0 3 1 4 3
   1 2 3 2 4 2 2 4 2 1 0 3 1 2 3 1 3 3 4 1 2 0 0 2 3 0]
  [0 0 4 3 3 3 2 3 0 3 1 2 2 4 1 2 1 4 4 3 0 3 1 2 0 2 3 2 3 1 4 0 0 2 4
   2 0 2 1 4 4 2 4 3 4 1 3 2 2 0 4 4 1 1 4 4 1 0 3 1 1]
  [0 3 0 3 2 2 3 4 4 3 1 1 1 3 3 0 4 0 2 2 3 4 1 4 3 2 4 1 4 1 1 2 3 4 1
   4 3 4 0 2 4 2 1 4 4 4 1 1 4 4 3 2 3 4 0 4 4 4 0 1 4]
  [0 0 1 3 4 0 1 1 1 3 1 4 4 2 1 3 0 2 1 4 0 0 1 1 1 2 4 2 1 3 3 0 2 2 4
   4 3 3 2 4 2 2 4 2 1 0 0 4 2 2 3 3 3 4 1 0 4 4 2 0 0]
  [0 3 4 1 1 2 1 3 0 1 4 1 2 2 2 1 0 0 4 1 2 0 1 4 2 0 0 1 4 1 2 2 3 1 2
   0 1 0 1 2 2 1 4 0 4 3 0 0 2 4 3 3 4 4 2 4 2 1 2 1 0]]

 [[0 0 3 0 2 0 1 1 1 1 3 3 1 3 4 1 2 2 0 0 4 4 0 2 0 0 2 4 3 2 2 0 4 2 3
   1 0 0 4 2 2 3 1 1 0 0 4 1 4 4 0 4 0 4 0 2 1 4 0 0 0]
  [0 0 4 0 4 4 3 3 3 1 1 3 3 3 1 2 0 2 4 2 1 3 4 2 4 3 1 3 4 4 1 3 1 2 4
   4 3 3 4 1 2 2 1 1 0 1 2 4 3 1 2 4 4 2 4 2 3 4 4 1 3]
  [0 2 0 2 1 3 4 0 2 1 2 3 1 2 2 4 1 2 2 3 3 1 1 2 0 0 1 4 3 2 1 2 2 2 3
   0 0 1 2 0 2 1 2 0 0 1 3 0 2 2 3 3 2 1 3 1 2 3 2 2 3]
  [0 3 1 0 0 4 1 4 0 4 4 3 4 3 4 3 2 1 4 3 4 1 4 1 4 3 0 2 4 2 2 1 3 1 3
   1 0 1 4 1 3 2 2 1 2 4 3 2 2 3 0 4 3 1 1 3 4 0 2 2 0]
  [0 2 0 1 0 4 1 4 2 2 1 3 1 3 3 3 1 1 3 2 4 3 3 3 1 3 0 3 1 2 1 4 4 3 4
   1 0 2 4 3 1 4 2 4 4 3 0 0 1 2 4 4 0 2 0 3 1 0 0 0 4]
  [0 0 0 0 3 0 2 4 3 4 1 1 1 2 3 1 3 0 4 1 0 2 1 1 0 0 2 4 1 1 3 4 1 4 2
   2 1 4 4 3 1 3 2 2 3 1 1 3 3 1 0 3 0 0 3 0 0 3 4 0 3]
  [0 3 0 1 4 3 0 2 2 2 1 1 4 1 1 4 3 0 2 2 3 0 0 1 3 2 0 1 1 2 3 3 1 4 4
   4 1 2 3 3 1 4 4 4 1 2 3 2 0 2 4 0 0 1 2 4 1 2 1 3 2]
  [0 4 0 1 1 2 4 0 2 1 2 2 2 0 2 1 4 3 0 0 1 1 2 1 1 2 2 3 2 3 3 3 0 0 0
   3 0 3 2 4 3 2 0 4 0 3 1 0 1 2 0 1 3 1 1 2 4 0 3 1 0]
  [0 1 2 2 2 4 4 4 0 4 2 0 2 1 1 0 3 1 1 2 3 2 2 4 1 2 4 0 4 1 4 2 0 4 2
   2 1 4 0 2 4 1 1 0 3 3 0 2 3 0 2 1 4 1 3 4 3 4 3 0 4]
  [0 1 1 4 0 1 3 2 4 0 0 4 3 2 3 4 3 0 1 4 3 4 1 1 1 4 4 0 1 0 0 1 3 4 4
   2 3 1 0 2 4 4 0 1 0 0 4 1 3 1 0 0 1 2 0 2 4 4 1 2 3]
  [0 4 4 0 2 2 1 3 2 4 0 3 4 2 3 0 1 2 0 0 1 4 2 0 2 4 2 2 3 3 4 3 0 0 3
   2 4 3 4 0 2 2 3 4 2 1 1 0 4 1 1 4 0 1 4 3 1 2 2 4 0]
  [0 0 1 2 4 3 1 3 2 0 2 0 1 1 2 3 4 4 3 1 0 3 2 3 0 0 3 4 4 1 3 4 0 4 3
   0 1 2 3 4 4 4 3 2 2 2 1 4 4 2 3 3 4 3 2 3 0 0 2 2 2]
  [0 2 1 1 0 2 0 0 1 0 2 1 0 3 0 1 3 2 1 2 3 2 1 0 4 2 1 0 4 2 3 0 2 2 3
   3 2 4 2 2 1 0 0 3 0 0 3 1 0 3 0 3 4 4 1 3 3 1 4 2 2]
  [0 4 0 0 2 1 4 1 0 3 3 3 4 0 2 4 2 0 4 0 4 0 0 3 1 3 0 3 0 0 2 1 4 3 0
   0 4 3 1 0 1 0 4 1 0 0 3 3 0 2 2 2 3 0 4 2 0 4 3 1 3]
  [0 0 3 0 0 1 0 1 1 3 2 2 4 0 0 3 1 3 2 2 1 3 0 2 0 1 0 1 1 4 1 3 4 4 3
   2 4 4 3 1 3 2 0 2 3 4 4 0 0 4 3 4 1 4 3 1 0 0 0 0 1]
  [0 0 3 1 4 2 4 3 1 2 2 4 0 2 4 0 1 4 4 4 1 1 2 0 4 1 0 2 3 4 3 0 0 4 2
   3 0 3 0 3 0 2 0 2 1 0 3 0 3 2 0 3 3 2 0 4 2 1 3 0 0]
  [0 1 2 1 4 3 1 2 4 1 0 1 4 1 0 2 0 2 3 0 3 1 1 3 1 3 3 1 0 2 4 0 2 3 4
   4 3 2 0 3 4 0 2 2 2 4 4 3 4 2 3 0 3 3 4 0 3 3 2 3 2]
  [0 4 0 4 2 1 1 3 4 2 2 4 2 3 0 1 4 0 2 4 1 4 2 3 1 3 3 1 3 4 0 2 1 1 2
   2 3 2 1 3 4 4 0 4 0 4 1 2 3 0 4 4 3 1 4 4 2 3 0 1 3]
  [0 3 0 0 2 1 3 3 1 2 0 0 2 4 0 1 0 4 0 4 4 1 1 4 0 2 1 4 0 0 4 1 0 2 2
   4 0 0 0 1 2 2 0 1 0 0 4 0 1 4 3 1 1 0 3 2 2 2 0 1 4]
  [0 2 4 4 1 3 3 2 1 2 4 4 0 1 0 2 4 3 4 0 0 3 3 2 3 4 4 0 0 0 3 4 4 2 3
   3 3 4 1 3 0 2 1 2 4 4 3 4 4 3 0 0 0 3 1 0 2 4 0 4 1]
  [0 2 2 4 2 2 2 1 2 0 2 0 0 3 1 2 1 2 3 1 0 2 2 2 3 1 1 1 4 0 0 2 4 1 1
   4 4 0 2 2 4 4 1 0 4 4 0 4 3 2 3 4 2 2 3 3 0 2 4 0 3]
  [0 0 2 1 4 3 0 4 4 4 1 4 4 2 1 1 3 4 0 1 2 0 1 0 3 0 3 4 4 2 2 1 0 1 1
   0 2 2 4 3 1 4 1 1 3 1 0 2 3 0 1 3 3 0 1 4 3 3 1 2 1]
  [0 0 1 0 1 1 2 4 0 2 0 4 1 2 3 2 3 2 3 0 1 3 0 0 3 4 3 3 0 1 0 0 4 0 1
   4 3 4 1 0 2 0 3 4 0 1 2 2 0 2 1 0 3 1 0 3 0 4 1 1 1]
  [0 0 2 2 4 0 1 0 0 0 0 4 0 4 4 1 0 0 3 4 4 2 1 0 2 1 3 0 4 4 0 0 1 1 0
   0 0 0 0 3 0 2 1 2 2 4 0 4 4 1 0 2 2 4 4 0 0 0 3 2 3]
  [0 3 4 0 3 4 2 0 2 0 2 1 3 4 3 0 2 2 3 1 2 0 0 2 0 0 4 0 2 4 4 3 1 0 3
   3 2 2 3 0 1 4 4 3 2 4 2 1 0 0 0 0 2 0 2 0 0 2 3 1 0]
  [0 0 4 4 4 3 0 3 2 0 0 0 0 3 2 4 4 4 0 0 2 4 2 1 2 0 0 2 0 1 4 0 2 4 3
   2 1 4 0 3 3 0 0 2 3 1 1 3 4 0 1 3 4 0 4 1 1 2 3 2 0]
  [0 1 0 2 3 4 2 3 4 3 3 3 3 4 2 0 3 1 4 0 3 1 4 2 3 2 0 3 1 1 1 1 4 0 1
   2 4 4 1 0 0 3 4 0 1 2 1 0 3 3 4 1 4 1 2 4 3 4 3 0 4]
  [0 4 1 2 3 0 2 1 2 3 0 3 3 0 0 0 0 3 3 2 2 2 0 0 1 4 3 0 4 4 3 3 1 3 4
   1 1 1 4 0 0 1 1 1 1 3 2 1 3 2 1 0 4 3 4 2 0 2 2 2 3]
  [0 2 1 3 1 2 2 1 3 2 4 0 0 0 2 4 3 1 3 2 4 3 3 4 1 2 2 3 0 2 4 2 4 1 3
   0 0 0 4 2 3 0 0 3 4 2 4 0 3 3 4 1 1 1 3 2 3 4 3 1 2]
  [0 2 4 2 4 0 1 0 3 0 2 0 1 3 3 1 3 4 2 3 0 2 2 4 2 0 2 4 4 0 2 3 3 1 4
   0 2 4 1 1 3 1 4 2 0 1 2 1 1 3 3 1 0 1 3 0 4 3 3 4 2]
  [0 0 3 3 3 0 4 4 0 4 0 2 4 4 0 1 3 2 4 0 1 1 4 1 2 1 1 1 0 2 0 2 4 0 2
   0 4 4 1 2 2 2 4 3 1 1 2 0 2 0 1 0 1 2 1 0 4 3 0 1 0]
  [0 0 4 2 3 4 4 2 3 1 0 3 0 1 4 3 1 4 4 4 4 2 4 0 0 2 2 0 1 0 4 0 3 0 4
   1 4 2 0 0 2 4 4 0 0 0 0 4 2 0 3 4 4 3 3 2 1 0 4 3 4]
  [0 2 3 0 1 1 0 0 4 2 3 3 4 0 0 2 2 4 0 3 4 4 2 2 2 0 4 2 1 0 3 4 0 1 1
   1 3 2 4 0 0 0 3 2 3 1 1 1 4 2 1 0 2 2 3 1 1 4 1 0 2]
  [0 3 1 4 3 1 0 3 4 3 3 1 0 3 4 2 4 2 0 4 1 0 4 4 1 3 2 2 2 0 4 2 2 0 2
   2 0 2 2 2 2 1 3 2 0 1 1 4 3 4 2 2 2 4 1 4 4 0 3 2 4]
  [0 2 1 0 0 0 0 3 0 3 3 4 2 1 1 4 0 0 2 4 2 4 0 4 4 2 0 4 2 3 1 0 0 1 0
   1 0 1 1 3 1 4 3 3 1 1 2 1 2 4 0 4 3 4 3 3 2 4 0 4 2]
  [0 1 0 3 1 1 1 4 0 4 4 1 2 1 1 3 2 3 0 1 0 2 1 4 1 2 1 0 4 4 2 1 2 4 3
   0 4 2 2 3 0 2 2 3 4 3 2 2 2 0 3 1 2 4 0 4 1 0 4 2 3]
  [0 4 1 4 3 4 4 0 1 4 1 2 1 3 0 3 0 4 3 3 2 4 0 0 2 1 0 3 4 3 3 1 4 0 3
   1 0 4 0 0 3 2 2 1 0 4 1 2 3 2 1 4 1 0 3 3 1 0 1 2 2]
  [0 2 2 2 3 1 0 0 3 2 0 4 2 2 1 4 1 2 3 0 2 3 1 0 3 4 3 2 2 4 1 4 2 4 2
   0 1 0 4 4 4 3 3 4 4 2 0 1 4 2 3 2 0 3 4 4 3 1 4 2 2]
  [0 3 2 0 3 0 0 4 1 2 1 1 3 2 1 1 2 4 2 3 0 1 4 4 0 1 3 2 0 1 1 0 1 1 2
   0 3 4 0 3 2 1 0 1 0 0 4 1 4 0 3 1 0 2 2 1 0 0 4 3 0]
  [0 4 3 0 0 1 4 4 4 2 1 2 2 1 3 3 3 0 2 0 1 4 3 1 2 1 4 1 1 4 1 3 2 2 3
   3 0 1 2 0 0 1 0 4 0 1 4 4 0 0 3 2 3 3 3 1 3 2 4 2 3]
  [0 3 2 3 3 3 1 4 1 3 1 1 3 4 2 0 4 2 1 4 2 1 2 2 1 2 4 4 0 3 3 0 1 1 1
   1 3 3 4 3 0 0 4 3 2 4 3 4 3 4 4 0 3 0 4 0 1 4 0 3 3]
  [0 3 2 2 0 1 3 1 4 3 2 0 0 0 4 0 2 3 2 3 1 3 4 1 2 2 4 1 3 3 0 3 2 2 4
   1 3 3 2 0 4 0 4 1 2 4 4 4 0 0 0 4 4 1 3 0 0 4 4 0 4]
  [0 0 0 4 0 3 2 1 0 4 0 1 3 0 2 4 2 0 1 0 4 3 3 0 1 2 2 0 4 0 0 1 2 2 4
   0 2 4 2 1 4 4 0 2 3 0 1 4 3 4 3 4 2 3 3 2 1 2 3 0 0]
  [0 4 2 0 1 2 1 3 0 4 4 2 0 2 3 3 1 2 3 2 0 3 4 3 3 0 2 4 3 2 1 4 0 3 1
   4 1 3 2 2 3 2 3 0 4 2 1 1 1 4 1 0 1 3 2 3 2 2 4 2 0]
  [0 3 2 4 0 1 4 2 4 2 3 3 2 1 0 4 4 4 2 3 1 4 0 4 1 0 2 0 2 4 0 3 2 0 1
   4 2 4 3 4 4 0 2 0 0 4 3 4 3 4 0 0 4 3 1 4 1 2 2 2 3]
  [0 4 2 3 3 4 4 2 3 3 3 1 2 0 2 2 2 0 0 2 0 4 3 2 2 1 1 1 4 4 4 4 0 4 0
   2 4 1 3 2 4 0 1 3 1 0 1 2 1 3 0 3 0 1 1 2 3 4 0 0 2]
  [0 4 0 1 2 1 2 4 4 4 4 2 2 0 2 4 0 4 0 4 3 1 0 3 0 4 0 1 3 4 3 1 0 0 4
   1 1 0 1 2 3 0 3 3 1 0 0 1 0 0 3 1 4 2 0 3 4 2 0 1 2]
  [0 3 2 3 2 3 3 3 1 2 1 2 4 0 3 0 4 4 3 0 1 3 2 0 1 3 4 4 1 3 2 1 2 0 4
   2 2 2 1 4 4 1 1 2 2 3 4 0 3 0 2 3 1 4 2 0 0 2 4 0 0]
  [0 1 1 4 0 4 3 0 1 3 3 3 1 0 1 4 2 4 2 4 0 2 4 4 0 0 3 4 1 1 1 3 4 3 1
   4 2 2 1 2 3 4 0 2 1 0 0 1 0 0 2 1 2 4 2 0 3 0 3 0 2]
  [0 0 4 1 3 4 0 0 4 4 4 0 0 2 3 3 3 2 4 0 3 0 2 4 1 2 3 4 2 1 2 4 0 3 0
   0 2 4 4 2 2 2 1 0 3 4 0 2 1 0 2 3 4 4 4 0 0 2 2 3 3]
  [0 2 0 3 4 4 3 1 4 0 2 1 1 3 0 3 3 4 0 4 4 0 4 4 4 1 0 0 1 4 2 0 4 1 2
   0 1 1 3 2 1 2 3 3 0 0 2 3 3 3 0 2 1 1 4 3 1 3 4 3 2]
  [0 4 2 1 2 0 0 4 4 1 0 1 1 1 3 1 1 1 4 0 0 0 3 0 3 0 4 3 0 4 0 1 4 1 1
   4 4 3 0 0 2 0 1 0 3 3 1 1 0 4 0 0 4 1 0 0 4 1 4 3 2]
  [0 0 2 4 2 0 0 1 2 3 4 2 0 1 3 2 3 0 3 1 3 2 0 1 1 1 4 0 3 0 3 0 4 3 0
   4 4 0 0 4 3 4 2 4 1 1 0 3 4 0 3 0 0 0 0 0 2 1 0 3 4]
  [0 2 3 2 3 3 1 3 0 3 2 1 0 2 1 0 1 0 3 3 0 1 1 2 2 2 2 3 2 3 2 4 0 2 2
   0 0 1 3 4 4 3 1 2 3 4 0 1 2 0 1 4 4 0 4 1 1 0 4 1 2]
  [0 1 0 3 0 3 0 2 0 0 3 3 2 1 0 3 3 2 0 0 1 4 3 4 0 1 0 1 0 3 4 0 1 1 3
   3 3 0 1 1 2 3 0 2 0 3 4 2 0 0 2 4 1 1 0 0 1 1 3 1 4]
  [0 1 4 0 0 0 0 1 4 4 3 4 3 2 2 1 3 1 4 3 3 4 1 4 0 2 4 3 3 4 4 3 0 4 1
   4 4 4 1 2 3 0 4 0 0 4 0 3 4 3 1 4 2 4 3 0 3 2 3 4 0]
  [0 1 0 0 0 1 3 3 3 3 3 2 3 1 1 4 1 3 2 1 4 3 2 3 3 1 0 3 2 2 3 0 4 4 3
   1 0 2 3 0 3 0 4 2 0 4 0 4 4 1 0 4 1 4 2 4 0 3 1 1 2]
  [0 3 4 4 0 2 4 1 0 0 1 4 2 1 4 3 4 2 4 0 3 4 4 1 1 1 0 2 3 2 2 0 4 3 4
   1 4 4 0 2 4 0 4 4 1 0 4 1 1 0 4 0 4 4 0 4 4 0 2 3 1]
  [0 4 0 3 2 3 3 3 2 4 0 0 2 0 2 3 3 2 2 3 4 2 2 3 3 4 1 2 0 2 0 3 1 3 4
   2 3 4 2 1 2 2 1 3 2 3 3 2 1 2 1 2 2 4 2 4 2 2 0 3 2]
  [0 0 2 4 2 2 3 0 3 0 1 4 2 0 3 1 0 4 3 4 0 2 3 3 4 3 3 2 1 0 2 1 1 1 2
   3 2 4 0 0 1 4 2 0 4 3 0 0 3 1 2 4 0 4 1 4 1 2 2 0 1]
  [0 1 0 0 4 3 4 1 1 0 1 0 3 3 3 3 2 3 4 0 0 2 4 3 2 4 0 3 1 4 4 4 4 3 3
   2 0 2 2 0 2 0 3 0 4 2 4 3 1 2 4 3 0 3 4 2 2 0 4 0 0]]]
release_time
[  0   1   6  35 540   1  18  50  90 641  55  42  21  17  14  60  22 104
   5 592  31  24  13   4   6  74  51  24   9  78  12   4   3   2  68  63
  18   1  46   1  68  24  23  21  28  44  61  20   2   4 229   2  28  16
  18   6 490  18   4 522   0]
due_date
[  0   1  14  72 552  72  47 107 206 659 108  45  38  17  21  62  45 111
  27 615  51  72  21  40  21 110  52  33   9 107  43   5  93  51  84  91
  44  12  69  19 107  28  34  22  52  57 101  41  16  68 313  59  41  48
  44  15 508  24   4 583   5]
unit_emission
[ 1 17 20 13 12]
emission_limit
42013.6
setup_severity
0.02
due_tight
0.9
due_range
1.0
release_tight
1
degree_constr
0.8
