mach
5
job_rate
12
weight
[ 0  6  3  7  5  8  8  2  4  5  9  8 10  7  8  4  5  3  7  3  3  3  4  9
  2  3  5  9  6  9  7  7  8  5  4  1  5  4  8  6 10  7  2  5  4  6  3  3
  8  7  8  5  4  5  1  4  2  4  2  4  6]
proc_time
[[  0 144  74 129  97 112 141 133  61  56  65  84 130  60 105 107 132 100
  150 126  96 142  81  83 120 138 111  51  73 102  99  68  61 107 137 139
   50 146  52 105  56 115 113  97  84  60  58  69  98  64  69  52 106  97
  112  71  70  97  73  56 113]
 [  0  54  69 106  94 146 109  67  52 140  86 120  63  68  62 147 124 148
  133 119 105 105  86 101 144  72 118 140  67  94 117 103 150  96 118  52
   80  97  52 134 104 106 112  69  69 150 131  56  92 146 148 108  59  59
  145 145  59 112 112  58  74]
 [  0  52 103 121 110  77  86  82 130 127  82 141 103  81  90  70 111 101
   97 116 131  91 116  93 132  92  71  98  97  55 125  63 113  70 142 103
   74  61 114  65  94  89 147 139 122 143  50  83 108  78 147 107 134  91
  114  95 102  61  69 114 101]
 [  0 137  61  53  92  53 119 127 123 105 134 149 100 108 118  97 101 122
  109  83  51 115  86  84 128  84 139  65 122  50  65 121 118  55  84 127
  145  84  81 131  65  55  78 116 138 117 134  66 136  91  54  56 138 112
   97  62 108 149 126 104  87]
 [  0  77 109  55  62 129 137 150  86 140  80  76  71 150 126 142 128 116
  147  74 102  64  82  53  67 112  79 110 146 101  93 117 128  79  85  98
  135 113 132 138  90 107  80 149 147  66  96 149 111  87  85 139  68  93
  142 134  78 130 143  95  74]]
setup_time
[[[  0 376 223 113 137 293 248   9  19  72 327 205 302 191  19   7 313
   190  31 306 222   4 236  37 401 366 365 213 199 218 323 289 127 318
   260  74  15  21  19 270 332  43  27 327 358 388 223  33  57 396 227
   351  64 335  76  69 190  32 120 259 254]
  [  0   0 183  17  14 247  61 103   1 248 330 163 184 293 226 290  92
    10 375 221  58 401  26 194  39 134 162 385 329 396 287 194 268 144
   114  24 205 172   3 165 301 214 162 127  48 131  49  45 357   7 136
   120 319 268 342 276  46 204 326 129 384]
  [  0  97   0 373 239 132   8 138 381 109  79 156  79 355  34  24 103
   235 104 215 312  97 127 226  91 209 152 239 201 151 383 363 169 257
    22  98  94  15 134 284 316  83 396 372  56 167 287 137  14 195 391
    37 268 399 271 256 354 157 109 296 312]
  [  0 402 115   0  98  75 101 224  61 142 152 359  28  91 137  10 345
   264  78 368 366  25 172  79 286 229 129 110  10 278 115 380 151  89
   277 175  57  24 364 236  63 233 215 281 117 358 220 157 326 308  44
   216 281 118  73 340 372 179  97  13 397]
  [  0 398 339 289   0 226 200 281 114 219 250 186 309  89 173 119 302
    22 219 393 326 212 351  78 165 170 334  52 287 387 368 250 357 395
   324 104 156 145 104  57 317  41  61  87 326  75 102 281  78   1 305
   354 333  42 205 351  32 178  65   0  79]
  [  0 160 171 137 328   0 370 214 351  13  89 341 215 360 275 262 392
   277 188 142 385 348  39 149 170 224 289  99 342 368 385  98   1 225
   157  39 211  18 206  30 120 345 334 376 331 343 175 124 389  48 399
    34 258 133 250 343  97 308 210 231  70]
  [  0 200  79   4 218 202   0  12  55 260 190 308 148 159  26 157 332
   148 394 125  35 321  59 333 243 374 169 300 237 311 120 106 153 269
   350 115  75 277 394 208 192 305 384 116 277 386 216 258 397 197 223
    80 286 196 202 232 295 251 155 389  45]
  [  0 332 326 256 120 306 150   0 221  17 319 302 337 208 213  96  34
    11 207 241  25  82 312  32 166  60 153 333  27  22 254 395 150 374
    60 382 187  74 338 135 224 395  72 265 274 120  94 319 236 178 282
   325 162  32 185   8 166 197 210 303  80]
  [  0  91 171 175 147 337 335 123   0 374 137 189 209 197 196  29 400
   111 265  13  86 247 207 237 202 336  26  21 401 122   0  87 175  64
   189 319 376  60 258 170 213 402  17 208  40 224 382 155 385 373 156
   291 327 349 217 154 295  27 135 272 184]
  [  0  70 252 234 402 269 242 312  72   0  51 163 207  81 295 280 196
    35 199  41 150 384 398 300 393 164 201  14 304 353 324 389  64   3
   352 337 363 123  25 132  24 348 237 202  60  43  52  33 257 179 323
   112  42  32 210  50 153  14 234 304 160]
  [  0 375 262 143 242  37 293 273  73 305   0 342 257 278 225 275  58
   106 167 217  97 379 264 275 226 161  49 210  67   6 324 128 152  89
   129 103 339  15 383  95 202 398  90 350  13 244 338 216 245   5 284
   401 198 367  25 199 313 173  50 297 343]
  [  0 269 288 172 221 169 228 134 189 318 382   0  66 116 147 234 107
   362  28  64  16 184  37 355 225 319 164 174 135 100 316  80  78  22
   333 364  88 195 305 150 316 187  78  16 135 398 103 268  32  39 378
   358 281 324  57 381 347 251  74  68 172]
  [  0 286 333  96 384 168 191 324 108 143 138 222   0 133 126 183  90
    37 136  42  55 157 194 162 269 401 394 261 263  62 233 168 304  60
   324  68 199 196 115  86  65  83  78 238   8  10  97  20 275 134  80
    99 246 179  22 209 126  21 168 325  68]
  [  0  26 116 340 375 211 155  72  73 311 318 298 199   0 136 277 296
   156  23  79 212 211 235 119 166 300 272 117 184 206 106   7 199 108
   109  51 397  58 364 117 319 309 358 379 233 399 225 282  22 259  46
   345 195 394  69 192 342 171 205 214 100]
  [  0 124 273  64 268 380 243 139 214 315 149 312 290 258   0  63  84
   221 395  65 290 365 156 253 308 128 224  16   6 149  68 239 173 129
    11 300 192 117 170 313  81 220 138 239  78  71  87 357 188 103 301
   164  88  64 236 212  39  55  42 187 234]
  [  0 401  37  20 161 266 168 392 305 226 395 164  85  59 209   0 152
   402 145 224   1 358  62 344 325 276 389 165 254 397  46 374  86 250
   186 191 120 136 241 327 148 243  79 268  80  67   3 387 292 153  65
   299  87 199 184 252 145 268 212 106 225]
  [  0  78  59 326 321 149 185  28 105 193   2 371 214 344 132 329   0
   193 337 230 149 300 158 184  61 110 119 153 290 257 316 194  42 295
   383 358 225 364  83 317  86 396 347 167 402 202 253  25 177 100 255
    62 322  56 221 332  21  11 314 281  21]
  [  0  43 377  84 220 177 265 241  21 359 208  74 209 159 382  58  31
     0 288 103 160  89  88   7 216 393 390 177  45  98  14 106  87 225
   255 122  36  17  77  27 164 369  16 298 301 315 394 384  70 366  29
   111 222  70  83 170 307 174 378 323 271]
  [  0 291  52  37 115 329 315 245 270 113 114 323 199 371 234 139 178
   105   0 386 242 164  17 145  85 153  15 260   2 108 110 333  17  34
   195 297 344 113 149 365 293 334   6  13 199  32 241 362 215 180 105
   378  53 244 390 367   8 226  22 338 246]
  [  0 179 282 110  89 192 348 123 351  58 150 362 136 253 213   8 153
   346 357   0 237 290 283 365 284 320 368 349 144 355 349 157 220 127
   112 132  99 144 357  91 402 220 379 140 152 305 193 248   3 352 366
     2  97 226  14 181 189 196 299 107 163]
  [  0 116 242 185 377 186 325 180  69 150 318 396  76 120  30 394 349
   133  72 239   0 204 302 333 267 329  98 235 318 220  50 219 205  14
    10  28 306 181  15   5 293 359 180 321 328 155 327  25 392 240 213
    49  96 135 108  54 122 148 332  20 105]
  [  0  29 193 177 282 386 356  98  18  99 356 207 123 218 123 263 171
   150  86 284 371   0 402 351  52 183 236  71 158 223  15 219   0 226
   117 235 213 159 172 199  86 222  18  66 117 291  76 281 148  21 180
   177 189  42 200  97 181 129 292 326 360]
  [  0 184  24  10 249  16 293 186 289 210 255  75 370 326 210 173  31
    86 326  49 310 157   0 202 242 263 244 212 318 152 237  78 265   8
   131 205 376 398  29  60 296 117 142 153 304 298  47  84 125 287   8
   229 260 193 373 350 315  79 300 376 360]
  [  0  58  35 237  36 223 198 137 127 222 198 346 349 303  95 366 351
    32 302 117 273  45 109   0  41  92 111  43 117   8 342 182  79 196
   287  32 209 215 117 188 300 362 137 262 290  71  61 226 247 342 170
   169 234  15 351 168 208 278  66 207 272]
  [  0 370 335  78 398 374  33 232  12 345 138 292 306  10 130 357  39
   371  27 143 108 167  37 335   0 139 150  30 173 371 169 176 330  65
    27 230 303 350 379 248   3  75 262  55 187 247 122 241 204 344 359
   181 268 310 196  80 104 328 269 183 285]
  [  0 219  90 124 330 112 131 173 160  39 327 396 163 363 365  94  70
    80 365 316 322 357  66  69 262   0 142 209 395 280   9 325 113 234
   251 392 332  39  16 137 365  77  27  78 237  83 347 250   5 166 314
   235 380 158 344 257 238 312 190  97 219]
  [  0  34  23 283 255 316 360 113 275 248 111 156 110 389 366  61 350
    75 193 400 318   2  62 281  13 367   0 216 209 325 337 135 183 125
   367 329 364 276 292 224 312 377  89 256 209  52 265 113  91  76 240
   299 398 191 192 386 109 115 126  82 210]
  [  0 297 312 343  49 338 305 341 392 178 267 243 228 317 393  71 247
   208 185 387 315  92  91 192 375 186 107   0   5  29 392 248 346  42
    67 330 368 199  17 349 137 299 259 357 240  50 298 183  43 388   0
   263  17  18 301 314 379 346 209 317 277]
  [  0 149  94 141 397 267 168 333 273  27 182 255 344 273  38  63 112
    52 258  44 244 116 370 193 296 162 303 332   0 203 311 230 113 353
    25  61  98  90 310 302 283 334 238  86 235  35 247 187  41 215  61
   363 331   8 380  71 349 364 210 222 115]
  [  0 243 226 233  57  22 254 259 274 400 124 271 190 152 341 237 342
   105 105 122 343 120 363 219 206 160  80 243 160   0 138  29 296 286
   228 203  41 315   3 101 169 299  21 202 155 156 364  42 167 248 132
   275  21  86 132 221  63   2 142 393 399]
  [  0  20 162 244 395 253 280  15 252 217 181 299 266 173  24 122 380
   203 307 352 232 141 254 241 355 222 212 338 140 294   0 273  49  54
   278 171 337  62  73  49 293  99 162  98  67 321 161 308 220 179 299
    81  14 172 332  98 314 341 146 117  20]
  [  0 268   9 138 371 134 151  88 194 158   7 398 158  11 101 327 112
   147 354  95 302 232  99  93 385  42 119 120  47 347 391   0 327 138
   150  23 276 333 204 385 342 182 382 171 166 382 237 167 202 180 172
   296 390 130  16  54 265 209  30 236  42]
  [  0 208 321 362 228 398 158 140 329 204 383 262 206 359 161  24  60
   196  87 145 261 384  56 299  65  33  49 149   5 356 346 290   0 271
   279   0 308 195 330 269 144  18   1 391  39 175  95 282 315 293 396
   173  36 360 142 120 331  45 322 224   2]
  [  0 103 120 271 186 345 125 355 380 306 202 327  34 328 112 113  25
    90 294 207  27  65 169 344 197 342 219 249 214 330  52 201 330   0
    88 352 260 394 115  92  51 157  58 290  26 239  60 306  13 292  17
   319 311 133 261  34  84  62 247 255  12]
  [  0  76 381 322 217  77  55 123  88   0 204 112  35 230 380 336 391
   325  60  65  61 192 196 273 271  16 327 143 290  66   5 396 113 181
     0 172  86 321 146 372 150 165 319 341 130 212 121  63   7 399 149
    39 315 181 190 137 140 232 255  11 302]
  [  0 191 327 376  45 146  39 392  34  28 146 114  16 226  77  85  40
   256  51 290 249  21 308 102 101 395  43 182 365  43 160 362 128 258
   187   0 283 282 213  88 308  21 336  69   9 246  32 399 387 390   8
   151 339 101  73  51 231 233 207 138 127]
  [  0 264 292 339 402 200 285 191 392  42 227  86  66  67 184 217 237
   331 228 235  32   2   6 128 192 141  49 336 144 209 102  57  87 309
   100 269   0 116 217 231  54  23 159 150  33  32 115 234 112 261 135
   282 327 189 237 172  34 115  29 138 329]
  [  0 174 283 255 143 379  72   4  16 300  57 351 331 219 155 143 264
   192 207 197 243   2 209 213 189  61 246 274 305  76  63  75 123 263
   139 139  68   0 168 326 294 329 231 308 313 320 185 148 336  48  40
   154 213 143 327 140 253 261 341 140  54]
  [  0  72 197 380 291 254 367 110 313 282 214 226 337  85  53 218 328
   304  91 243 224 121 185 265 364 133 173 332 207 385 368  84 209 245
    32 130  26 223   0   1 310  74 202 262 340 133 306  19 142 248 248
   373  46 241 169  30  70 377 158 264 148]
  [  0  57  30 317 284  56 332 243 272 350  61 151 317   2 218   5  56
    72  41 401 227 335 248 329  11  10 240 135 210 126 366 303 398   0
   125 182  48 335 253   0 151  70 368 382 210 230 159 146 249 200 228
     1 282  86 398 162 360 177 206  88  24]
  [  0 351 263 226 115 295 133  30 167 286  78 211 267 107 226 348   7
   240 366 254  24 190  37 355 246  51  28 282 203 322 138  36 316 345
   256  83   2 235 241 278   0 241 394 234 289  28 160 360  24  27 271
   137  76 339  23  30 374 254 143 135 221]
  [  0 351 131 119 110  78 169  78  24  43 216  56 295 359 271 161 196
   170 299  21 114  27  64 233  15 103 202 101 319 223 161 126  77 298
    14 328 401  66 338 178 209   0 259  15 397 374 135 275 275 103  88
   370 162 188 202 293 321 165  69  64 374]
  [  0 203   5 260 309 366 162  88 345 108 204  65 354 200 239 365  21
    36 310 139 227 126 379  61 189 212 247 108  62 378  40 215 332 331
   314 212 211 221 286 263 344 143   0  93 376  31   8 328 180  23 151
    37 179 255 206 118  44  10 208 223 279]
  [  0 110  90 266 363 209 381  49 205 217 206 193 212 204 132 227 335
   209 103  55 344 363 325 146 368 318 235 112 128  72  57  45 354 177
   214 347 386 127 317 207 209  84 116   0  47 402 361  38 242 164 165
   121  40 204 370  27 117 114 129 263 380]
  [  0  20 101  36 368  98 114 266 347 231 309 251  80 305 149 158 160
    62 185 169 335 341 158 235  45  19 268 128 245 364 103 320 215 375
   205 171 398 368 143  71 139 302 321 302   0 181 390 202  65 225 332
   293 288 208  20  64  41 267 208 377 134]
  [  0  63  45 309  64 143 144 164 211 283  95 353  46 390 389  42 105
   111  93 322 127  18 370 313 291 188 149  24  92 151 288 263 386 290
   164 168 218  58  23   1 387 215 337 133 195   0 211 235 215 356 134
   147 286 206 217  57 310 397 160 222   5]
  [  0 108 171 185 192 354 189  17 148 338 377 387  37 204  87 399 209
   159 325  19 329 193 340 364 306  42 187  26  72  57 357 142 332 143
   359 395 163 319 351 368 141  51 313 394 157  64   0 141 124  60 270
    61 294  12 128 241  20 166 351   6 285]
  [  0  22 273  68 268  45 217 306 196 205 317 290  86 127 372 298 119
   188 192 218 340 311 217 236  18 187 329 313 201 245  96 255 351 240
    64 166 201 131  12 232 376 398 374 304 228 185 270   0 302 290 152
   357  49 356 379  37 148 129 226 139 266]
  [  0  67  54 122 150 310 316 258 327 193 318 183 145 116 187 235 280
    98 214 162 136 235  99 171 346 244 299  69  96 234 207  69 103 123
    26 393 202 140 312 372 335  96 215 287 167 321 177  80   0   4  15
   116 130 171  33 337 161 185 178 377 287]
  [  0 223 302 180  73  39 273 321 256  26 348 115 253 360 295  98  20
   392 358 360 319 297  40 267  56 368 266  57  42 140 145  42 261 371
   142 104  75 181 106 336 302  77  90 280 346 398 181 152 348   0 298
   246 128 115 303 128 132 121 257 300 118]
  [  0 208 191 323 215 346  57  37 132  94 210   8 374 120 287 215 174
   171 258 116 139  36  25  27  77 352 385 268 108  88 236   6 137  63
   258 333 116 241  56 324 310 239 183 395 117 279 201 308 181 374   0
   152 136   5 242 313 374 142  18 380 147]
  [  0  71 114 327 272   7  51 316 355 341 194 105 129  76 153 381 319
   205 298 237 214  55 210 315 162 253 136 352 271 339 334 218 176 259
   329 106 296 105 168 399 388 177 162 208 112 365  29 159 208 253 311
     0 396 355 281 348 199 120 345  25 179]
  [  0 264 256 198 233  70 185 101 126 225 319 357  39 294  76 364   5
   144   1  82 280 381 176  43 384   5 153 196 249 323  43 298 140 219
   248 139 182 226 114  57  56 390 245 324 169 109 138 109 355 132 325
    27   0 297 291 285 344  18 216  75 393]
  [  0  58 232 334 384 140 197 154 387 150 361 103 142  42 254 355 277
   264  77  28 361 113  47 133 162  90  83 265 260 368 189 265  10 369
    95 197 295  51 340 356   9  46 257 337  79 272 204 162 378 196  18
    84 401   0 274 274 393 303 281 359 108]
  [  0  10 263 231 152 149 164 236 252 170 129  69  61  43  67 305 224
    91 250 391 334 122 312 337 144 328 357  87 174 317 358  95 106 106
    10 317 294 237 380 223 310 182 208 344 228 360 228 157 311 189 189
   118  77 192   0 327 201 219  83 149 210]
  [  0 143 365 323 284 183  36 325 356 304 172  95 293 188 315 387 273
   182  73  14 370 189 270 349  97 396  70 104 191 296 181 112 239 130
    49 358 108 282 356 289 311 336 133 191 307 211 128 174  13 278  15
   359 272   5 176   0 207 178 176  59 192]
  [  0  49 303  48 294   4 177 334 334 374 187  70 119  62 393 150 359
   231 146  99  66 401 157 349 224 264 363 246 224 263 131 241  64  38
   150   4 284 247 154 104 325 267 390 266 139 345 375 236  54 123  10
   268   5 183 391 193   0 347 157  36 178]
  [  0 266 112  37  56  23 306  65  79  73  24  52 223  24 286 396 196
    58 328  97  16  36  62 288 183  52  52 241 335 167  94  96 142 202
   107 285  30 345 311  59 138 239  49 225  28 121 232 207 288 134 106
    34  16 138 222 238 166   0  54 393 374]
  [  0 239 319 137 317 335 128 354 146 337 161 203 380  58  25 193  49
   155  57 281 315 264 325  97 135  70 289  69 169 130 140 251  22 178
   101 174 299 119 266 242 343  43 364 202 148 146 104 197 109 258 241
   221 346 177 295 243 333 355   0 386   3]
  [  0 239 150 310  61  45 281 132 170 176 170 172 396 345 292  30 116
   225 379 205 335 261 397 259 399  47 291 288 133  14 358 231 172 390
   388  55 164 300 177 302 293 195  88 396 155 229 388  79 180 265 211
   142  18 132 327 276 155 267 248   0 291]
  [  0 224 106 367 115 373 371 129 210 233  87 129 229 263 159 356 160
   156 138 316 324 224 119 191 366 128 248  10  70 374 194 335 166  20
   397  22 115 224 355 308 325 352 401 346 200 167 178 307 361 199 353
   261 166 381  93 104  84  98 178  65   0]]

 [[  0 237 196 333 359 377 329 102 145 365  30  55  39 324 224 152 251
    13 129 149 143 172 315 374 311 309 142 243   8 287 353  67 213 176
   353 198 152 137  69 311  15 325 117 265 106  47 208 251 316  84 246
    53  21 283  77  23  18  18 142 280 228]
  [  0   0 316 263 134 317 203 362 306 288 188 330   3 229 264 228 153
   363 191 173  63 265 211  98 387  79 336 108  62 208 263 305  82 305
   186 323 257 208  51  13 110 109  15 334  70 112 381  52 342 142  71
   254 361  50 271 249  58 330 373  84 234]
  [  0 331   0 305  76 243 117  14   7  55 228 134  12  79 154  41 125
   178  51 322 119 334 328 343 289 267 291 327 296   4  77 364 315  59
   265 234 103 113 147 155 180 344 184  27 129 136 379 322 369 366 211
   105 313  71 136 299  90 233 287 284 402]
  [  0 253 156   0  93  82  75  79  66  47 376 161 296 155 296 120 116
   124 104  67 252 275 327 301  41   5  43 253 163 260 277 243 289 153
   123  90 262 393 200 277  20 381 280 102  41 156 125 260 392 301 365
   349 245 270 220 167 353 303 320 251 167]
  [  0 339 316  82   0 401 355 277 290 301 100 261  55  17  96 230 380
   272 359 218  12 385 351  96 155   6 222 110 393 322 217  46  99 273
   362 142 148 288 114 375 210 300 107 143  39 361  44 149 162 400 333
   231 299   8 313 381 146 210 189 211  93]
  [  0 181 363 161 325   0  93  54 217 153 121 401 205   7 339 155 315
   341  15 235  84 286  52 365 364 147  33  13 398 110 334 364 150 118
   271 229 260 308 257 170 129 215 348 199 298 296  75  16  34  64 233
   381 396  48 177   8 251 109 393 291 342]
  [  0   1 112  42  35 266   0 391 338 152 268 107 220 110 290  24 232
     7  13 271 195 381 320  82 276 256   9 350 386 245 359 400 270 264
   181 206 211  73 249 392  39 218 319 250 346 304  89 263  54 400 357
    13 147 315  47 285  80 258 214 260 173]
  [  0 339  15 289  70 136 391   0 261 168 286 320  97 108 173 203   8
   350 342 191 313  34 169 320 138  32  47 385 243  24  28 153 268   8
   174  76 117 199  65 263 135 243 147 376 285 286   3  41 266 360  60
   186  48 199 368 136 122 373   3  88 246]
  [  0 402  89  19 399 191 116 213   0 332  38  92 346 356 319 247 373
   281 365 236 350  71 390 232 105  93 131 193  47 223 365  77 380 253
   244 370 148   3 306 118  45 273 229  41 189  61 348 145  49 138 140
   294 383 168 353 165 204 328 257 198  85]
  [  0  85   4  14 111 262 196  97 272   0 329 154 293 314 244 112  22
   106  51 185 398 168  94 303 329 245 221 319 112 233  94 292  34  74
   179 268 357 269 299  96 330 292 119 340 379  22  67 127 302  47 290
   400 298 184 254 130 380 368 174 320  69]
  [  0  66  52 216  27 197 384  61  92  77   0 205 195 329 212 398 233
   356  96 291 320 231 348 240 116 343 117  44 282  71  86 306 334 198
    83 169  12 276 365 173 354  85  70  55 188  78  72 324 166 299 355
   254 312 240 161 297 229 168  38 124  76]
  [  0  97  57  71  90 258 123 226 332 101 312   0  39 186  31  61  86
   360  39  47 401 371 164  38  74  43 208  38 155  22  20 303 131 363
   159  50 251 197 234 232  96 110  12 103 219 244 345 157 120 187 314
   132  19 105 235 161  89 165 287 181 382]
  [  0  15 386 289  29 131 353 376 190  78 271 163   0 128  16 275 388
   204 372  69 131 399 262 300 389 379 370 306 358 162 167 341 170 191
   212 230 239 333 122 341   2  79 157 222 384 202  18 286 344 125  64
   232  71 172 168   5 284 397  45 239  65]
  [  0 198  47 231 372 116 321 219  67 299 126 395 366   0  23 131  94
   333  22 184 287 164 212 207 291  86 127  73  87 179 220 153 276 272
     6 397 292 223 319 390 357 306 192 330   6  92  12 348 326 118 209
   378 315 334 290 159 338 384   5 316   6]
  [  0 140 193 191 335  51 288  24  88   4 324 113  97 169   0 257 389
   299 193 351 107 301 228 129  30 138 266 382 148 333 139  98 255 260
   395 370 325   2 280 323  85 175 163 205  22 131 225 288 292 173 123
   167  77 328 267 228  32 202 177 373 144]
  [  0 388  60 235 301 117 221 111 144 198 340 358  46 338 169   0 318
   287  90 270 188 306 261 226 391 322 166 173 315 373 307  40 191  57
   270  59 393 358 211 280  59 153 216 229 354 329 294 260 340 275 199
   258 298 302  46  24  26 372  97  41 336]
  [  0 190 268   3 320 251 199 303 145 118 319 392 270  40 381  72   0
   172  90   7 124 244  24 360  48 333 133  49 313  44 159 211 163 219
    62  12  40   4 137 127 100  36 326 144  47 381 337 383 232  13 370
   221 131 142 124 397 344 311  29 301 292]
  [  0 291 260 281 308  50 311 283  48 212 122  86 204 261  47  29  53
     0  39  11 294  89  66 372 374 187 382  29 127 283 190 117 166  84
   394 365 162 290 125 194 320 372 368  30 208  54 137 267 364  77 382
   398  56 125 193  70 120 259   7  93 231]
  [  0  24  93 329 248  69 285  59 325 242 402 216 118 370   2 375 353
   170   0  75 201  36 243 358  34 124 122 119   4  60  76 169  23  28
   204 283 327 267 301 114 204 372 390  76 207 338 229 181  93 111 110
    69 388 396 195 150 125 202  29  23 141]
  [  0 289 219 386 114 343  74  45 352  88 250 121 120 355 373   8 380
   366  49   0 319 154  81 198 217 181 329 325 114 276 128 292 113 393
   205  89 174 235 256 328 250  77  71 212 364 314 139 299 299 368 179
    11  29 307 297 360 339 144 250 282 151]
  [  0 266 199 135 145 372 376 317 358 323 247 271 368  26 147 150 400
    14 304 282   0 301 285 277 265 225 267  50 211 361 155 320 216 289
   246  17 365 130 294 104 342  57 262 396 368 331 401  29  64 399  95
   123 319 145 336 219 120 341 314  41 286]
  [  0 353 325 336 316 265 204 113 120 105 135   3 281 277  29 217  80
   248 354 340 256   0 333 334 195  96 199  56 209 366 239 155 226 238
   112 275 281 317 346 179  95 337 336  42 176 227 210 278 134 263  26
   241  84 247  37 330 195  31  87   5 212]
  [  0 281 231 323 113 294 394 183 179  90  19  89 378 397 202 158  80
   257  98 333 169 178   0 194 323  45  46  48 132 274 350 166  62 221
    60 359 267 157 151 111 399 384 235 364 376  68 159  99  86 145 367
   301  64 149 214 204 148 330 236 347 345]
  [  0 380 124 268  86 210 399 141  48 195 274  89 198 258 132 267 125
   120 197  16 130 340 324   0  97 253 278 236  16 346 146 143 130  48
    25 399  81 384  13 225  58 121 136 308 154  28 232  95 154 320 329
    35  32 138 184 196 400  88 121 268 280]
  [  0 369 292  79  26 323  45 143   4 382  27 311 228 306 153  99 179
   112 174 318  68 263 350 111   0 287 158   5 252 211 164 363  77 157
    92 375 329  73 159 351 306 156 395 388 262 249 302 254 315 190  65
    21 105 396 136 237  42 129  98 171 327]
  [  0 331 391 149 401 109 119  34 368  14  13 248 308   0 309  87 112
    48 285  14 372  62 340 306 276   0 290   9 263 218  14 314  43 325
   267  12 195 238 136 113 143 336 152  57 207 398 384 364 386  13 280
   346  79 287  33 345 111 271 218 143 307]
  [  0 331  13 302 110 358 315 300 201 367  64 385 301  27 218 166  98
    41 152 124  28 392 321  76 204 351   0  43 317 199 138 178 344  42
   284 319 128 164 225  83  81  82 173 221 376 364  10 179  19 349 365
   281 104  22 205 206 343 158 400 298 169]
  [  0 289  37 213  95  54 232 294 194 264 183 219  62 284 196 204  63
   361 112 156 297 183 293 386 105  10 402   0 320 402 364 383 221 172
   271   8 125 391 345 389  58  92 135 280 143 187 340  19 166 345  64
   254 336 203 128  18  83 175 235 335 207]
  [  0 306  28 378 260  67 251 326 285 235  95 202 364  30 296   7 327
    12  11 159 206 156 130 228 261 172 362 188   0  97 285 121 287 221
    60 224  37 256 137  61 309 159  46 377 278 282 249 318 229 121 138
   340  79 396 204 316 200 209  58 163  10]
  [  0 131 134 283  60  33  52 152  73  78 393 240 261 259 370 159 322
    58 263 397 237 162 173 246  29  81 287 353  10   0   4 180 274  44
   172 266 298 167  47 104 140 338 264  76 288 171  68 107 131 167 218
   193 299   5  54  78 355 140 213 142 260]
  [  0 117 159 295 317 148 348 289  32  99  78 263 372  77 271 236 335
    21 321  50 392  24 136 160 297 106   3  89  79 365   0 371 146 245
   185 281 117 397 336 106 124 392 361  42 197  57 352 366  33 339  18
   347 213 332 325  37 281 134 123 291 373]
  [  0 330 121 228  63 172 374 395 160 278 307  36 159 375  66  41 351
     3 194 353 121 287 395 146 173 153  66  47 149 151 238   0 400 302
   236 217  25 144 364 178   2 309   8 300 198  26 135 175 214 306 297
   349  31 108 145  99 148 152 226  92  90]
  [  0  52 320 269 180 346 399 103 288 134 322 301 108 221 389 129  31
   204 324 102 304  81 204 348  56  87 323 170  99 266 193 393   0 295
   306   1 209 267 265 324  34  77  66 311  58 151  66  17 101  36 336
   266 324 198 142 209 325 144 366  76  34]
  [  0 259 193 200  20 313 107 191 327 294 310 246 130 343 180 335 149
   316 265 100 369  88 280   4  92 322 169 164  37 307  18 348 244   0
   364  20 340 123  80 313  73 324   0 299  35 317   0  28  88 328 223
   108 320 115 126  17  66 317 269 120 201]
  [  0 214 179  52 374 301  26 301 337 374  54  32 331  60  82 259  74
   241 400 336 260 128  20 202 153  99 133 294 170  17 399 338 363 249
     0 137  98 155  19 390 178 256 150 116 167 271 397 282 299  22 191
   335  30  67 284 334 122 258 152 200  75]
  [  0  75 205 164 399  75 239  68  76 204 110 165 356 377  81 130  11
    58 235  53 221 114 348 101 309 155  35  50 391 368 183 250 151  41
    15   0 386 128 370 218  70 268 340  28   4 171 131 304 120 123 299
   151 304 348 377 228 402 135 320  23 315]
  [  0 162 359 317  25 285 160 194  76  66 290 148 400  94 235 155   9
   316 275 299  69 125 370 275 162 103 308 302 173 118 312 201  80 282
   156 186   0  60  85 136  98  43  86 228 377  80 128  59 103 355  21
    43 118 193 310  67 149  92 314 105 386]
  [  0 217  66 285 331 267  88 385 143  18  15 121 217 354 309 208 322
   283  29 134 400  92 318 306 118 209 333 352 315 198 126 154 253 284
   306  32  58   0   3 274 319  43 228   1  62 326 378 252 289  94  82
   389 121  24 166  55 351 210 122 331  86]
  [  0 380  24  43 190 394 195 128 309  52  36  40 130 231  76  80 212
   265  11 379  34 293  82 319 397  52 171 297  95 154  61 106 338  95
   243 375 338 359   0 269 391 315 207 401 288 299 293 382  27  21 347
   135  87 361 183 365 372   2 354  59  86]
  [  0 152 396 332  24 176 352  83  63  64  67 235 290 213 194 240 187
   229  28 290 274 236 366 135 335  66 299 350  15 303 355 106 156 103
    91 207  75  47 187   0 210 334 181 283 189 366 134 293  23 296 168
   200 215 202 342  34  17  90  33 398 339]
  [  0 312 161 317  35 400 130 177 186 251 198 224 251 315   7 262 155
   370 219  89 293 182 369 158 203 282 289 260 309 247 101 346 110 278
   344 145 239 339 121 344   0 184 234 290 368  81 226 159 205  15 280
    50 109 123 190 109 255 147 240  19  56]
  [  0  66 126 383 216 191 158  19 227 400 150 102 319   0 165  84  45
   235 165 210  74  82 134 308  19  89 147 278  18 235 109 215 151  77
   398 314 199 389 337 257 301   0 191 273 149 235 162 179 344  59 126
   394 267 277 126 400 376 119 285 363 217]
  [  0 256 375 379 337 359 344  12 129 147  52 277 345 268 397 122 119
   230 275  71  42 159 398 128 319 373 174 236 264 390 287  47  29  65
   384 185 277  38 282  34  24  65   0 368 345 145 314 265 359 392 195
   282 310  29 121 323   8 109 389 225 186]
  [  0 266 250 393 263 109 390 362 210  91 189 376  79  23 267 114 287
    11 277   0 260 309 377 246 386 189  28  37  69 256 271 258  19 268
   400 218 268 376 255  98  83 195 336   0 304 385 163 225 153  96  20
   152  55 181  42 274  47 400  11  56 337]
  [  0 345 258  46 281 219 252 204 247 197 188 340 118 216 287 229 162
   385 339  35 317 396 321 346  95 137 222  45 291  18 288 229 385 264
   234 359 170   3  36 132  48  30 189 125   0 171  48  33 151 362 244
   269 326  85 105 370 237 148 238  80  19]
  [  0  30  25 168  42  22 117 366  91 330 397 267 301 162  75 272 212
   239 397  73 354 239 257 378  41  78 287 287 191  36 235 225 214 238
   138 231 382 279  71 323 200  36 308 361 103   0  35  45 147  44 387
    14 217  89 378 331  85 369 320 192  33]
  [  0 179 171 360 371 388 176 186   8  38 211 146  48   6 373 315 288
    34 162 335   0  84 123 275 165  16 227 130  24 355  41   3 165 233
   145 167 341  42 324 374 333  40 115 103 171 245   0 300  78 309 397
   230 130  18  63 169 385  90 265 376 336]
  [  0   0 188  80 170  71 363 395 314   5 168  31  33 348 276 345  84
   221 347 258 328  78  86 190 346  81 338 172 371 330 393  39 162 369
   262 353  58 286 306 124 202 355 381 239 327  59  47   0 351  99 365
   284 242 139 113 154 193 106 152 379  66]
  [  0 163 104 129 251 283  36 136 324 284 109  49 125 212 370 253 209
   253 360 111 276 316  22 335 145 293 396  86 140 279  61 142 233  29
   379 249  53  45 299  93 359   8 148 382 347 234 400 386   0 149 121
    60 201 265 163 177  77 346  71 150 239]
  [  0 335 377 181 325 324 221 170   4  78 129 221  18 342 299 186  31
   112 127 294 291 308 166 125 266 188 335  41 173  94 301 356 309 134
   139   5 100 179  23  91 392 100 378 185  18 298  64 247 175   0 270
   363 111 250 305 224 363 213 369 300  48]
  [  0 144 249 268 345 368 182 305 341 212  84  60 318 279 315 391 313
   266 326 349  79 242 143  76 237 163 320  44  72  78  74  68 307 185
    43 226 244 359  96 250 214 115 194 326 186 164  28 184 182 334   0
   336 364 385 141 250 230 121 104 198 146]
  [  0 126 230  42 187 372 102  10 125 165 267 305 114 138 123 266 285
   286 108 234 186 387 277 254 121 372  76 136  99 203 231  35 394 336
   263 186 149 305 109 258 182   4 114  89 147 201 318   2 377 230 134
     0 269 313  83 282 331  20  76 399 346]
  [  0 109  67   2  30 318  17  72  50 337 356 274  89 235 112  58 148
   151 365 124 371  24 100 110 103 297 106 348  76   0 181  71 389 109
   337 245  88 364 360 266 235  17 393  20 391  76 373 168 188  40  71
    27   0 138 155 109 293 302 158 173  90]
  [  0 297 190 313 151  53 307 231 158 398 382 317  73 103 258  34 206
   277 235 101 163 339  81  38 154 155 167  56 115  25  51  53  14 326
     0 169 177  68  77 268 304 375 125  16 121 293  26 374 191 379 316
   200 372   0 265 334 339 186 322 226 210]
  [  0 377 132  82  36  17 348 174 186 288 330 268 239 348 105 211 201
   224 233  14  80  20 285   4 393 390  44 282   7   8  59 216   1 220
   143  79  48  57 384   7 121 207 298  34 108 335 298 189 237 230  89
    29 133 182   0 210 117  97 109 240  17]
  [  0 189  54 266 397 173 301 157 314 204  11 228 287 250 368 217 104
    67  71 167 154  99  22  10 146 222 178   2 401 281 394 213   2 336
    46  16 251 274  91 322  33  12 302  79 218 370 291 125 224 105 350
   282 121  36 223   0 201 365 321 165 366]
  [  0 296  21  55  41 104 396 156 357 260 232 102 201 344 141 249 379
   354  85  33 148  98 173 336 193 302  35  29  44  65 148 192 271 297
   155 185 142  26  63 238  54  82  94  18 307  91  97 210 260 367 384
   100  43 204 293   7   0 246  48 101  50]
  [  0  48  94 256 395 132 377 353 213 219 116 212 383  15 306 236  48
    11 369  37 360 374 309 225 241  27 354 138 272   0 313 208  49 355
   313 112 127  57 323 271 171  88 359 342 336  92 310 367 331   5 306
   351 168  48 129 266 309   0  30 239  27]
  [  0 114 153  59 324 315  26 217  58 346 232 351 207  33 380 345 393
    37 274 182 340 385  57  95 302 249  45 249 278 100  18 282 400 211
   322 166 369 151 353 246  50  65  25  62 141 184  10 120 222 214   5
   391 249   7 262 241  24  30   0 184  66]
  [  0 218 329 197 113  74 320  27 140 380  57 145 193 189 314 375  44
   319 166  60 122 316 264 360 160 108  23 334 126 158 183 394  62 172
   382 113 348 104 390 285 234  24  42 280 332  75 338  60 258 343 208
     5 230 385 248 224 370 106 285   0 201]
  [  0 387 398 334  11 243   3  30  87 202 279 185 339 312 272 353 220
   290 196  93 153  66 270 338 399 210 260  32 396  52  77 139 366 189
   154   6  75 266 328 327  79 173  92 159 230 200 260 182 209  32  56
   224  10 304  85 205 224 326 401  28   0]]

 [[  0 121  21  90  78 376 377 330  74 376 145 110 339 207 223  71 160
   249 144  97 115 336 176 296 327 130 339   9  31 234 120 389 338  15
   198 393   5 237 304 124 337  35 155  46 188 111 400 212  42 146 349
    23  70 313  44 385 376  67 179  96  21]
  [  0   0 234  22   5  88 357 391 373 274 240 401  57 131 380 113 253
   354 281  40 373 332 346 243 181 325 224  26 192 189  56  36 126   4
    88 188  83 355 185 170 188 226 365 229 108 321  39 266  11 168  14
    74  50 197 401 131  93 167 307 158 286]
  [  0 280   0 193  87 235 331 246  19 345 315  67 237 179 148  53 258
   289  68  71 331   5  63  78 361  29 302 240 365 192 361 350 282  84
   218 129 284 259 388  86 151 258 354 379 280   3 292 104 260 393 358
   330   0  76 101 299 204 135 300 313 118]
  [  0 240 285   0 143 390 300 273 222 331 177 399  23 117 187 274  31
   167  84 284 129  41 127  43 132 247 290 238  91 146 289 109   7 230
   185 223 299 322  35 348 251 220 372   4  52  26 302 244 265   7 199
    33 382 182 199 307 116 394 119 149 235]
  [  0 337   3  92   0 131 222  22  86 184 355 220   6  92 216 213  64
   181 373  90 121  32 314 335 361 338 125 125 209 190 336 302 101 252
   263 219  85 282 171  50 252 161 110 364 397 238 136  33 119 180 252
   133 377 290 239 318  17 323 362 174 244]
  [  0 169  79 361  18   0 321 328 160 150 187  86 246 159 201 178 141
   215  87  54 132 272 155 277 245 262 173 119  33  29  46 242 255  97
    17 312 232  29 294 346 268 391 385 250  86 201 325 348 334 386 291
   180 388 242 288 199 340 209 327 400 401]
  [  0  40 303 398 218 293   0  17  50 159 382 388 371 230 360 215  64
   108 318  47 173  40 165  38  28  29 114   1 155 247 128 353 198 365
   339 364 153   0  47 175  65 333 298  99  80 115 241   9 213 358 176
   144 176 288 170  75 184  51 320 353 248]
  [  0 162  74  78 143 264  63   0  31   8 102 213  35 199 148 275 350
   352 127 333 268 233  13 260 333 279  48 394 139  95  18  95 217 106
     7  56  18   9 390 390 286  19 113  70 382 241 331 123  57  43 135
    91 248 375 381 341 328   1 361 367 349]
  [  0 342 161 102 279 281 166 169   0 311 247  63  58 197 143 228 358
   182  19 193  64 314 191 120 363 228 293 113 246 278 177 349 319 139
   326  99 318 277  97 318 105  24 197 209  33 154 394 146 264 103 137
   391   7 271  44 244 393 269 102 329  47]
  [  0 350  99 343 246 349  94 374 135   0 379  68 158 124 225 234 102
   223 401 312 366 334 175 101  81 398 384  68 397 324 400 200   1 124
   365  58 277 390 182 384 249 371 351 247 279   1 394  74 148 257 195
   287  40 201  34  36 331 381 191 348 388]
  [  0 281 120 201  11 118 129 254 125 143   0 382 113 302 374 157 298
   193 300 272 172 286 203  70 318  38 281 395 241 378 181 283  57  15
   273 355 197 322 234  48 122 247 308  16 175  48 249 179 120  85 204
    38 332 307  19 121 325 272  68 374 168]
  [  0  97 252 203 192 124 375  81  47 112 312   0 192 135 222 141 242
   368 397 346  72  42 286 267 240  54 374 119 168 318  81 274 136  58
   335 375 284 239 355 353  14 159 188  51 148  37 262 130 325 295 340
   192 214 257 352 203  97 118 376 272 154]
  [  0 184 221 268  47 152 180 176 350 260 218  48   0 340 306 346 279
   346 357 340 182 384 399 221 232  76 258 399 181 381 180 397  30 358
    99 348 347 207 193 200  92  99  76 142 150 114 308 379 364  70 241
   104 223 171 359 102  32 165 131 172 354]
  [  0  90 102 221 300 101 354 167 353 225 291 277 389   0  72 134 216
    35 225 308 256  13 151  65 219 251  77  70 298 232 166 168 191 236
   395 189 334  35 259 116 121 176 184   8 266 332 104 284  69 401 117
   189 138 279 158 227 152 261 147  77 370]
  [  0 319 242 161 159 156 322  19 125 195 239 131 290  28   0 267  56
   171 317 130 320 189 375 141 231 175 155 180 329  38  32  53  29 376
   317 153 146 248  69 328  94 122 182 307 153 199 232 236 376  45 178
   137 305 286 280 265 370 222 300  87 292]
  [  0 228 255  77 362 150 326  92 266 112 315 359  65 366 304   0 139
   170 288 329  96   8 203  32  93 271  59 245 121 187  44 321  88 129
   238  41 343  89  34 240 155  62 258  29 288 373 368 373 302  63 363
   361 146 245 242 323 118 288 354 240 333]
  [  0 129 358  32 101 316 158 129 308  39 388 298 175 196 363  93   0
   352  38 394 399  90  97  53 316 245 208 401 140 335 362 396 184  89
   122  10 208 109 123  42  37 368 208 266 309 336 162 191 313 317  51
   303 184 160 302 383 160 314 146 112 345]
  [  0 229 379 127 202 362 166 115 287 323 355 202 174 397  16 249 207
     0  36 154 268  90 238 180 106 260  17 367 217 133 380 248 136  90
   331 267 288 239 263   0  45  40 104 188 340 156 275  29 312 228 284
   255 170 236 150 191  66  59 377 155  80]
  [  0 273 212 253 392 221 385 265 293 337 389 120 341 126 335 378 270
    27   0 187 265 267  34 346 220  29 110 302 244 177 318 259 272 129
   293  29  34  28  52   6 218 212  22 107 166  79 131 117 217 393 109
   364 398 149 335 209 256  14 333  25  11]
  [  0 100 309  39 155 338 368 105 124 142 163 151  56  31 400 263 284
   105 161   0 108 160 266  24 161 153  99 174 284  26 278  50 243 166
   191 302 284 155  42 278 218  19  96  47   5  78 302 298  31  55  60
   163 308 295 139 180 389  28 114 131  34]
  [  0  10   0  52 118  36 144  85 269 181 186 338 329 358  86 374 279
   295  85 247   0 156 224 331 159 394  76 213 142 133 340 118 168 178
   278 373 340  83 265 212 316  55 350 107  37  60 299  54 221   7 255
    38 103 118 312   0 223  26 311 271 160]
  [  0 159 216 339  68 214 208 151 118 363  73 329 201  48  24 387 115
   192 154 353  80   0  94  22 255  32 268 226 250 400   1 215 119 194
   386 378 220 184  89 138 325 321 103 380  69 357  47  48 222 215 245
   281 215 220 340  58 296   2 305  17  19]
  [  0 337 348 196  47  16   6 190  26  19 137 350 388  16 295  14   2
   219 232 233   1 156   0 178 258  91 247 290 243  61 393 371 135 217
   385 108  13 250 139 237 225  18 238 198  51  95 188 190  75  13 164
   313 221 278  30  33 339 384 138 344 239]
  [  0 189 328 386 149 304 185  38 125 122 328 272 166 155  41  13 311
     9 187 135 178 366 138   0  78 197 294 118 105 364   8 230 220  15
    82 282 280 390 398 192 386 391 238 283 112 228 109 133  13 261  72
    77 310 242 263  47 295 292 217 311 206]
  [  0 155  15 247  12  46 389  49  27 280 351 282 140 123 357 228  57
    38 121  64  41 367 240  86   0  50  38 117 332 350 267 202 193  19
   347   5 166 173 198 367  30 311 315 126 110 110 117 306  10 173 390
    30 335 273 162 290 400  65 383 393  86]
  [  0  49 193 190 181 188 288 171 158  15 272 175 249 354 246 156  94
   395 389 164 401  37 359 178  58   0 324  35 228  15 215 226 283 203
    73  93 353 321 330  79 250 274 247 384 209 395  62 282 222 220 178
     8 271  79   2 173 120 102 119 360 371]
  [  0 131 200 335   5  49 228 325 108  25 176  34 158  84 369  63 229
    91 254 358 237 356  41  65 127 136   0 268 233 193 110 185  59 246
   352 193 266  63 393  26  13 314  21  51 377 314  24 206 308 247  69
    73 197 221  84  38 366   0 194 287 247]
  [  0 175  36 271 327 141 341 281  19 196  42 321 134 287 130 215  89
   316 141  81  68 382 322 216  25 263  62   0  87  46 281 212 279 167
   204 259  30 167 153  70  20  74 244  74 193 212 377 384  27  46 195
    97 254 264 395  24 368 145 319  75   2]
  [  0 280 228  20 390 347 304 263 113 298 308 224 313 185 224 366  48
    43 348 339 283 356 129  67 246 123 331 344   0 216 130 165 395 363
   321 354  97  73 312   2   8 118 130 353 119  44   7 202 251 328 196
   270 114 196 364  45 137  22  26 116  78]
  [  0 221 149  97 212 279 259 293 293 164 367  17 104 249  49 134 196
   370  99 353 137  93 333 130 245  59  78 167 217   0 317 313 264 212
   214  95 382 125  43  69 348  58 108 384 231 139 361 110 182  42 244
   161 233 377 293  67 124  11 267 361  85]
  [  0  92  67 155 376  52 262 192  90 245  29 370 226 400 290 120 270
   253  87 337 236 330 113 345 369 303  48 373  20 338   0 273 238 366
    34 327 195 343  51  47 106 106 343 317  14 384 169 261  87 327 198
   365  39 335 248 187  57  49 201 230 399]
  [  0 101 215 104 398 323  42  80 273 348  30 296 295 149 252 282 255
   178 138 217 359 149 365 172  19 276 240 361  56 339 262   0 326 339
   119  53  20 260 286  26 114 307 194 216 170 124 371 387 400 254  31
   370 180 341 379 253 148 272 336  30 162]
  [  0 250 350 332 178 143  91 134 317  85 257  45 174  52  68 155 254
   396  66 391 351 395 293 293   3 256  18 308 395 154 364 237   0 215
    83 337  93 243 330  66  89 260 202 128 280 295 163 163 376 232 335
   225 180 327 102   6 241 265  25 338 375]
  [  0 141  45 203 159 116 366 280 163 101  40 251 306 102 217 156 313
    85  72 132 211  48 379 195  63  63 153 277 369 277  56  65 205   0
   190 382  83 323  37 301 357 204 291 117 108 285  97 346 187  72  64
    32 107  44 327 160 305 279  66 362 200]
  [  0  28 276 192  17 379 304  32 317 242  29 112 321 300 261 401  22
    29 232 231 212 227 367 125 266 215  86 149  51  36  87 343 273 164
     0 265  22 270  85 196 322 209 212  69  85 242 140 235 170  53 171
   257 335 301 308 247 261  12 350  52 322]
  [  0 242 232 142  38 152 246 247  99 244 102 352 354 398  17 206 387
   217 165 135 389 295 348 345  91 364   5 331  36  32  77 344 351   5
   385   0 240  28 220 389 300 289 181 165 249 174 389 167 309 395 143
     0  83 155 162 175 102 100 375 314  73]
  [  0 116 216  20 339 209 214  30  21 299  39 287  99  16 287 381 174
   374 159 202 355 315 108 110   1  76 376 127 368 208 384 163  50 374
   352 275   0 353 143 347 111 128   5 377 347 238  86 117 151 236  39
   109 193 267 191 386 286 153  65 366 185]
  [  0 163  45 391 344 201  89 193 100 333 125 370 195 360  36 241 296
   198 284 382 278 148 193 287  29 294 352 152 397 154 194 376 354 335
   364   0 235   0  39 299 191 322 230  39 184 251 252 331  72 152 285
   398 238  67 389 173 251  30  58  67  76]
  [  0 235  86 314 225 227 177  87 131 393 101 144 373 377 328  50 358
   110 348 276 301 345 348 168 189 317  39 226 150 402 154 336  42  85
    66 300 104  96   0 220 212 319 331 101 183 362 288 302 141  49 302
   354 365 225 215 324 292 401  94 131 274]
  [  0 329 222 207 255 348 375 189 359 378 182 301 202 234 276 368 372
   233 392  93  26 334 227   7 228 132 290 166 261 153 110 345 260 322
   306  38 260 251 219   0 289 242  86 153 119 123 317  15 272 315 148
   350 256 389  85 320  13  48 147 103 251]
  [  0 339 167 127 188 150 307 367 134 295 364 242  21 397 177 342 314
   391 244 251 216 393  37 285 322  42 369 395   3 297 375 119 362 344
   134   0 264  58  87 186   0 402 170 349 103 330 155 300  88 320  84
    17 298 384 156 212 119  57 303 124 384]
  [  0 366 283 330 321 227   2 335  30 125 215 342 379 297 363 371 192
    21 294  12  19  42 305 147 114 377 217 243 214 386 200  45  13 196
   317  33 166 244 151  88 117   0  18  77 272 208 277 256 106 296 187
   304   3 385 125 197 198 126 324 391 341]
  [  0  21 399 316  26 206 161 248 260 294  46 271  66 208 135 209 227
   107 348 242  68 308  90 128 326 150 251 385 166  55 300  22  69  74
   118 107 335   9 140 386 133 170   0 331  97 244 223 235 118  65 298
    82 339  94 294 198 252 178  24 318 294]
  [  0 112 329 174 263 127 197  15 332 380 218  13 373 355  80  88 268
    24 101 366 166 180  94 133 223 163 167 303  15 359 312 352 240 114
   341 192 215  75 280 119 187 327 226   0  66 229 381 391  94 393   2
   151 266  28 106  61 315 357 167 234  76]
  [  0 218 166  75 400 235 331 323 350  39 164 122 321  95 380  84 101
   381 270 338   8 173 126 212 148  82 130 266 295 288  46 291  10  66
   225  27 189 257 211 199 298 331  12 206   0 354 141  98  54 250 142
   224 290 220 293 305 228 294  30  74 185]
  [  0 254 324 292 160  55 104 164 340 197 350 298 102  93 270  15  65
    56 207 380  61 348  28 143 315 350 361 261  62 323  50 167 335  27
   389 320 357 230 160 261 328 245 211  67 376   0 355 207 264 238 198
   336  49  26 354 339 254 349 361  81  78]
  [  0 341  45 267 186 217 380   8  97 228   9 190 204 336 223 365 374
   143  57 231 376 131 147 184 151  56 354   8 128 135 300 318 207 187
   305  39  25 285 400 309 398 317  31 180  72 174   0 253 115 177  24
   300  10   4 381 225 199  30 320  43 123]
  [  0  47 183 306 229 266 370 279  35 112 294 228  30 304 385 108 327
   121 303 190  97 214 118  75  46 189 354 379  10  87  97 331 131 361
   295  35 236 393 316 126 258 361 133  72 314  62 122   0 351 181  33
   401 367  81  84 372  87 227 245 187 215]
  [  0 125 292  99 398 265 389 171 276 162 319  61   9 270 394  97 293
   120 347 328 346  57 372 127 342 305 326 178 163 137 250 217 153 205
   127  34 254 128 349 322 179 305 321 307 229 266   1 252   0 159 394
   399 180 230 192 233 152  62 303   3 344]
  [  0 292 251 114 282 163 291 169   0  75 173 192 192 169 249  95 266
   331 376 167 388  77 182 291 317  89 231   5  76 139 243 402 206  50
   214 244 101 240 110  87 201 211 138 309 382 373  61  81 263   0 206
   213 312 377 306 170 399 346 166 297  44]
  [  0  90 217 282 114 399 302 364  11  51 176 174 360 128 276 174  67
    23  52 401 395 162 128 120 127 249  20 105 132  94 119 288 263 279
   308 314 297 359 234 398 216 268 328 234 324 160 303 354 105 208   0
   283  68 258 283 132 156 286  15 146 399]
  [  0  46 126 329 376 127  29 175 155 216 331 304 151 294  26 374 114
   214 350  48 346 306 230 319  38  63  32 108 161 346 339 200 146 207
   379 310  28 294  45 178  41 380 245 254 225 112  98 173 106  59 157
     0   3  80 192 376 153  21   7 244 304]
  [  0  22  76 153  24 164 216 170 361 185  42 240 222  99 280 323  27
   315 223 176 382 122 153  53 149 378  77 275 217 266  17  91 170 370
   280  65 323  73 256 339 174 316 146  29 135 350 141 272 137 293  81
    53   0  75 326 400 398 260 258 318 348]
  [  0 297  14  80 198  59 158 353 360 128 257 233 204  33 298 196 239
   152  99 389 276 158 275 371 335  76 157 328  41  91 124  69 363  74
   354 155 195 152 204   3  39 366 131 393 120  40 236 151 239 346  41
   200 331   0 233  26 115 402  64 139  36]
  [  0 362 251 250 319 386 277 346 207   0  96 287  41 187  61 310  81
   255 145 268 359 216 343 288 358 287   5 340 352 393 124 104  94 388
    71 334 225 197 244 179 170 195 216 153 221 309 347 249 364 393 281
   258 148 310   0 156 249 252 119 335 294]
  [  0  22 230 238 195 175 178  91 401  90 273 177 351  46 128 338 183
   199 351 129  51 373  49 355 388 298 396  59 369 277 297  82 371 324
   148  69 146  66  34  94 312 166 392 280  17 287 104 108 272 270 267
     9  98  72  77   0 206 395 297  50 273]
  [  0 142 235  83 307 139 109 253 196  77  10 300  69 120  69 192 147
   356 189 128  33 191 339 123  81 182 137 286 122 241 156 177 355 294
   380 131 381 181  35 103 347 123 165 394 300 230 297 285  88 172  75
    72 192 103  30   7   0 262 189 278 291]
  [  0 359 108 395 321  44 178 222 245  62 389 258 223 121 351 347 320
   238 386  72 382  21 189 154 216 241  58 311  47  80 103 253  18 134
   198 147  19 154   0 232 136 381  84  72  85 313 267 328  18  23  57
   173 368 199 101 149 359   0 136 242 192]
  [  0 326 104  37  36  77  93 201 399 269  25 307 191 268 105 398 150
   173  94  82 388 151 216 370 183 282  56  39 230 350  80 107 160 293
   353 355 306  87 244 132 230  67 196 238 285  54 148 373 278 402 352
   190  42  53   5 242 388 305   0 163 222]
  [  0 190  58 267 211 143 105 172 194 311 158 305  53 364 366 351 330
    91 149  31 393 358 206  38 228 249  73   1  59 144  81 183 323  61
   191 231 266  54 398 164 401 344 155 155 261 354 384 144 226  94 400
    46 137 273 378 341  86 190 209   0 308]
  [  0   8 108 158  58   2 120  43  39 115 282 368 272 335  65 160  88
   170 110  50 292 290 312 307 198 168 101 305  41 322 356 390  20 365
   139 272 373 141 142 143  64 127 247 321 101  86 316  95 329 236 310
    78  90 365 189 342 388 345 251  51   0]]

 [[  0 211 251 316  41 107 390 220  97  93  21 293 178 287 168 295  43
   269 402 261  99 187 290 332 390 392 218 361 157 342 298  70 247 229
   154 317 124 297 306 318 296 270 177 327 211 264  34 176 349 345 340
   390 116 393 218 244 339  27 287 152 261]
  [  0   0 137  83 128 183 278 152 131 196 152 228  78  13 272 186  64
     2 169 153 323 269  39  53 277 284 116 342 294 144 358 316 292 131
    21 165   5  73   2  87  84 302 389  98  64 166 149 331 102 330 311
   292 284 109  63 308  80 289 252 136 131]
  [  0 319   0 151 210 166 395 391  34 163 217 183  89  84 336 247 390
    81 283 119  52 284 265 222 197 163  88 376 102 255 106 359 241 146
   168 219  72  34  62  61 264  42   0 192 189 302 268 267  42 389 352
   111 265  76 394  94  33 242 141  84 391]
  [  0 269  99   0   7 173   0  48 292 107 167 129  12 118  99 134 399
   132 108  17 297  89 305 216 269 338  94 312 401 133 376  67 400 294
    90 166 370  17 331 174  84 303 371   7  61 239 227 401 270  89  63
   146  23 165 335 269 281 150 160  50  88]
  [  0 248 173 299   0 380 302  73 242 370 151 171  49 261 232 287 138
    59 182 364 299 124 172 158 273 183 393  44   0 143  83 258  17 164
   362 113 209  34 223 368 349  14 127 273  89 364  53 167 397 126  89
    41  65 212 187 243 270  66 348 310 240]
  [  0 309 191  27 209   0 167  69  79 171 295 268 395 264 274  62 221
     3 255 182  26  37   5 268 182 201 103 378 313  48 386  39  33 355
   266 273 289 103 106 387 198 160  49 297  54  44 259 177 125  67 277
   390 237 288  94 347 148 217 400  16 331]
  [  0  66  40 215  70 304   0 117 113 151 212 333 124 244 343 390 187
   314 104  96 224  67 251  31  61 187 228 382 360 198  22 325 213 199
   322 254  27 239 370  28 235  50 193  31 387  86 192 204 282 325 218
    74  82 341 200 295  98  51 362  11 309]
  [  0 202 365 236 145 228  88   0  23 136 220  39  26 368 379 143 123
    97 270  92 376 145  17 198 387 137 287 401 269 251 176 267  51 243
   387 221  79  11 192  25 278 209 280 315 297 320 262 283  38 395 151
   402 133  88 288 402 292  19 399 242 197]
  [  0 255 329 187  40 303 214 327   0 125 363 402 338  67  19 342  71
   373 381 261 319 118 338 394  51 252 166 100 342 309 180 345 330 209
   131 170 148 349 123  88 220 222 104 402 291 188 273 119 109 402 188
   387 354  24 138 116  27  10 123 136 363]
  [  0 253   8 381 130 329 221 206 265   0 243 171  84 113 282  88 336
   235 293 331 332 160  17 138 196 230 233 122 192 221 205 198 209   2
   337 173 273  63 401 198 295  93 169 351  10 244  69 258 322 163  42
   217 321 380 154 203 201 159  73 144 266]
  [  0  26 333 238 178   1 321  97  22 250   0 209 222 326 168  74 297
   388 360 118 335 306 242 109 127 279 139  72 277  34 224 323 244 382
   162 249  79 392 240 299 286 304  94 238 106 283 157  52 391  34  11
   366 191 248 275 292  15  63 174 145  60]
  [  0 330  98 108 344 212   0 297 401 390   1   0 146 131  51 391  84
    95 297  90 201 255 399  63  23 277  70 166 277  57 308 249 160 378
   323 387 364 125  33 141 308 322 109  57  86   6  96  89 358 308 203
   223 222  55 230 359  77 167  32  79 190]
  [  0   4 368 281 272 312 159 336  60 387 185  87   0 168 127 245   4
   160 130  46 390 181  26 371 202 237 104  18 312 127 377  55 328 127
   353 152 232 255 278 265 109 323  35 378  37 159 113  93 347 332   9
   184 384 275 401 352   6 342 203 164 290]
  [  0 195 336 139 210 383 274 294  62   4  88 277  35   0 187 278  57
   318  85 291 194   0 314 313 169 384  14  52 101 397 383 237  16 126
   345 104 172 101 139 147  55 228 250 162 280 316 305  43 300 322 352
   296  54 233  12 325 154 224 272 308 103]
  [  0 126  87 102 238 333 299 125   3  73 208 211 222 181   0 221 335
   397 294 330 357   6 256 130 120  98 220 298  80 222  81 372 223  94
   372 241  28 102 294 144 355 240 389 343  81  92 378 326  90 228 352
   228 110  13 329 347  76 361 324  75 336]
  [  0   9 345 126 294 209 282 284  70  79  52 193 137 113 312   0 204
    28   6 326 181 395 142 269 116 313 245 208  65 235 115  18 312  62
   272 187  70  91 373 289 242 255 355 273 270 331 400 225  35 303 353
   156 158 295 185 396 387 258 128 114 118]
  [  0 116  40 139  37 342  70 224 148 261 390  49 329   7 171 279   0
   209  47 377 152 163 298 131   8 244 259 394 132  24 136 324 300  53
   126 376 324 375 365 379 334  36 235 317 310 336 365 399 186 199 140
   162 271  74  29 164  72  34  43  75 209]
  [  0  43  42 156 304  46 197  26 366  85 320 214  99 367 200 112 126
     0  44  44 292 233 130 277 110  52 172 193 124 370 182  57 271 287
   273  40 272  21 176 215 211 281  41 304 229  96 226 385 236 346 287
   371 365 183 272  74 106 303 167 323  20]
  [  0 386 155 166 237 391  22 291 372  53 262 266 301 166  10 126 322
    33   0 162 287 132 133 366  65 360 245 206 157  33  24 234  42  79
   138 332 234 367  38 340  86 364 402 135  27 379 242 197   3 181 131
   228  21 365 289  77 268 336 312  79 162]
  [  0  92 341 284  95  98   0  25 186 377 108  11 178 129 356 358 352
   252 108   0  89 236  55 146 345 131 312  55 389 185  41 211 153 383
   336  24 312  73 363 396 352 187   2 233 232  20  46 294 337 360 150
   327 319 236 221  24 100 364 102  94 126]
  [  0 349 387  30 129  31 113 173 155 372  15 109  51  34  81 364 324
   138 211  29   0 352  71 163 366  12 163 262 334  37  99   2 305 117
   141 183 188 213 319 359 346 127  89 294 147  34 253 239 242  70 316
   167 241 197 310  86 369 397 167 131  49]
  [  0 124 232 370 167 327  29 192 214  75 110 309 247  36 163 329 312
    20 114   6 300   0 341 307 233 109 255 269  84 182 127  61 335 352
   130 334  77  64  73  60 239 191  20 289 102 164 234  33 282  25 121
   269 225 115   9 220 359  20  39 110 122]
  [  0  64 334 306 111  65 358   9 129 345 271 144 351 106  43 254 345
   347 237 139 283 172   0 167 263 155 303  96  18 263 290 125 211 105
   301 101 402  27 376 217 107   7  70 392 269 307  58 115  52 279 148
   204 281 282 150 174  90 227 191 240 390]
  [  0 219 297 117   3 128 167 252 336 130 336 246 118 320  38 119  22
   248 207 207 165 384 334   0 115 233 201 185  98 237 324  32 222  61
   145 152 390  23 355 334  23   8 247 277 384 239 157 399 150  18 136
   344 122 324 191 208  35  42 135 107 224]
  [  0 246 277 268 130 173 237 274 121 289 351 303 124 272   2 255  11
   381 311 308 336 191  10 276   0 162 355 349  37 270 194 212 253 304
   155 383 262 279 106 265 317  79 131 216 251  86  49 346  70 144  17
   330 265 240 301 261 273 108 134   7 389]
  [  0  60 386 194 237  80 163 390 132 141  12 395 391 281 224  80 299
   253 307 264 340 393 380 241 122   0  87 160 298  41 141 144 173 129
   353 288 398  36  17 144 281  52  84 300 147 251 128 360 154 112  94
   341  12 233 320 268 135  90 211 101 136]
  [  0 399 245 287 132 112 126  35 227 304 185 270 394  42 192 159 104
   167  37 146 401 272 227  56 332  90   0 358 177 348 217 232 372 151
   307 345 384  13 226 311 191  98 215 244 220 110 157 391  28  16 239
    99 238 243 286 119  66  22 192 303  67]
  [  0  60 167 251 116 160  92 182 372 367 150 342 300 311 387 347 373
    36 337 220 370 199 311 357 347  68 171   0 223 289  25  37 312 285
    92 119 148  88 293 350 314  66 288 372  16  58  36 359 184 365 119
   111 378 351 246 165 115 149 201  55  36]
  [  0 152  53 293  46 240 388 349  19 323 193   0 314 388   7 344 143
    32  18 183  21 161 185 392 180 209 176  33   0 393 131  57  96 130
    47  41 381   9  45  74 190 336   5 304 144 250  46 160 381 330 343
   230 181 162 138  31 367 397 278  89 100]
  [  0 124 157 321  29  51 121 343 174 137 115 275 145 206 103 305 242
   286 131 175  16 111   6 137  81 303   1 221  95   0 204  52 168 345
    45 105  54  38  63 140 239 300 390 311  22 223 320  42 138 253 225
   258 233 140 316  99 242 281 189 147  90]
  [  0 137 140 137 163 250 280 318 120  95 103 194  63 355 123 269 344
   305 341 189 289 205 218 177  80 323  61 357  49 255   0  16 294  54
   126 222  15  62 358 363 317 274  39 379  40 269 385   0 182 279 333
   355  12 358 151 370 378 109 326  51 312]
  [  0  50 231   7  60 145 303 376  24 268  86 137  61 383 102 323 177
    23 306 186 306 196 259 358 142 275 372  75 320  45 133   0 194  64
   333 218 399 287 271 141 388 281  68 216 118  74  90  10 158 101 183
   328  39 276   4 352 352 217 299 308 341]
  [  0 185 178 375 113 363  96 246 274  79 358 226 161 174  61 118  28
   106 367 359  37 136  89 283 253 223 158  25  44  79   4 241   0 116
   169  45 310 114 398 379 222 232  89  80 240 373  67  72 128  82 112
   162  47 367 165 293 319  50 336 338 338]
  [  0 255  18 135 340   2 376  37  65  96 314 238 113  39 177 298 369
   338 137  40 340  41 158  96 264 273 166 124 316 287 202  50 334   0
    70 198  22 387 123 234  85 160 336 169 111 144 200 116  10  30 200
   401 200 173 239  43 219 290 228 312 382]
  [  0 271  51 244  15 392 164  31 263 226   7 159 199 288 167  86 339
   296  64 343 151  32 280  55 133 376 256 129 207 160 301  70 236 264
     0 299 341 312 221  58 167 220 389 364 234  32 226 256  24  34 141
    59 188 272 319 216 398 349 134 160 141]
  [  0 179 172   7 114 131 145  63 307 343 139 100 331  54 349 318   1
   390 331  79 349 153 331 307 171 239 264 395  69 327 332 241 131  61
    17   0 355  98  19 234  37   7  79  90 202 367 100  22 184 177 329
    95 282 309 325 203  59 333 110 269  88]
  [  0 181 113 342 108  94 373 128   8 185  37 392  62 248 306 307 325
   246  17 344 210 371 360  81 381 226  32 373 168 209 398  20 355 269
    82 368   0  14  53 263 140 100 262 213 302 224 273 396 161 305 271
     1  66 352 163 318 368 307 130 292  55]
  [  0  14  56 182 317 384 364 179  53  10 237  15 195 355  22 208  64
   241 167 333 270 357 128  89 124 340 302 131 389 350 382 191 281 173
   283 167 390   0  97 168  37 330 324  39 107 268 210 107 207  14 119
    66  71  29 167 288 165 262  98  23  87]
  [  0 237 233 221 311 251 250 197  62  23 200   8 374 284 223 286 191
   295 111 139 319  89  38 315 399  85 151 363   0 397 197  13 117 218
   266 393 107  20   0  62   9 376 346  10 372 222 185 349 168  41 224
   285 400 380 132 342  30 231 100  25  63]
  [  0 285 398 239 320  79  30   5 263 364 218 202 164 382  69 228 357
   135 164 233 194 310 160  74 171 191 172 241  67 138 263  17 361 250
   107 279  44 354 248   0 226 324 343 321 123 234  40 167  11  53 190
   325 176 168 100 247 131   7 315 366 161]
  [  0 314 122 342  72 165 213  55  25 163 320 183 398 204  83 255 352
   165 396  21 133 358 183  89 184 321  16  33 253  78 252  98  25 231
   269 140 329 199 151  78   0 240 363 268 116 308  89  14 241 326  67
    22 108 231 191 129  55 234 235 190  65]
  [  0 290 357  59 350  17 364 231  86 132 103 188 205 260 348  22 317
   139 362 122 315  51 372 296 321  55 201 362 368 346  90 343 325 159
   114 351 166  31 198 219 384   0 358 290  59 112 399 382  32  37  59
   396 195 203 245  47 342 310 282 100 261]
  [  0 271 281 247 331 235 314 230 163 130 107 206 331 157 365  40 163
   226 354 244 166 257 301 360 389 170 193  57 257 378 394 271 101 101
     9 164  46  26 107 273  44 396   0 392 185 305 153 223 131 310  86
   216 362 313 159 346 189 309 402  27 388]
  [  0  48  79 267 181 194 102 322  93 174  16 146 320 391 360  27 345
   220 125   6 369 243 248 316   3 134 376 327  86  63 308 129 115 161
   161 362 143 186 132 202 175 357 129   0 271 184 189 364 285 202   1
    83 236 340  25 396 239 196 401  21 196]
  [  0 194 278 124  11 192 289 223  15 382 376 333 104 208 233 175 270
   250 279 309  80 303 219 345  83  85 330 239 114 347 338 374 327  58
    86  57 280 356  52 224 329  86 125 243   0 169 266  11 160 377 187
    52  99  47 185 314 190 138  88  33 230]
  [  0  69 361 187 401 401 142 154 227  15  36 253 140 365 293 224 314
   258 195   2 255  40 202  87 344 176 183 301 185  23 276  24 275  97
     8 199  90 100 358 270  65 108 117 284 122   0 197  18 282 279 209
     8   7  82 290 202 391 286 156 285 225]
  [  0 374 135 378  95 159  48 372 268  93  46 262   0 400 275 401 131
    13 359 132 325 223 211 168 377 287 375  96  25 107 191  46 234  73
   211 209 161 351 338 304 238 241 261 142  77  95   0  11 199  94 199
   283  32 324 150 351 222 296 306  16 199]
  [  0 215 181 124  17 226 283 195 195 218 214 259 240  95 154 107 103
   358 324  82 395 270 400   6  82 356 365 267 206  59 225  69 304 348
   372 301 177 134  49 372 138 128 101 229 199  33 144   0 157 240 272
   397 266 198 248  20 252 200 342  42 386]
  [  0  32 262 337 175  87 284 198  21  88 111 256 128 217 257 379 284
   359 382 115 320  80  12 311 330 255  41 133  33  40  28  99 351 193
   157 394  75 121 373 375 358 260 274 357  76 191 220  16   0 111 389
   110  49 312  37 311  40  53  86 356 348]
  [  0  15 266 376 261  14 371 134 238 286 162  87 330  15 106 218 218
   145 351 244  87  66 303 212 201 393 182 207  75 110 350 314 394  61
   245 217 200 270  35  41 146 371  30 370 207  51  43 243 339   0 229
   111 218 188 326 247  47 104 399 259  35]
  [  0 116 225 153 282 281 178 342 264 160 278  91 157  53 131 218 198
   148 127 256 291 336  49 240 169   9  19  66 329 197 213 248 189 128
    70 229 111 320 230 231 343 389 338  54 163 348  38 249 151 119   0
     5 388 163 242 211  97 382  39 238 154]
  [  0 250 162 397 289  95 316 258 287 310 350 332 133 358 338 235 225
   163 397  61 287   6 216 243  64 274  54 279 266 110 316 113 266 244
   110 218  20  84  33 123 299 244 392  91 235 143  12 187 301  31 302
     0 156 375 351 264 351 226 125 269 104]
  [  0 182  27 161 208 243 287  86 199  21 210  90 239 271 274 247 171
   118 376 317 228 290 258  11 129 200 202 312  45  82   2 187  69  35
   109 116 357 312 332 282  43  12  30   9 316 194 394 148 221 164 343
   267   0  61 359 254 280 392 304 332 136]
  [  0 391 352 312 197 230 385 317 279  30 127 212 164 218 401  72 326
   169 370 102 375 309  59 401 122 186  39 116 118 251  49  47 176 296
   331 118  44 162 105  30 303  19 208 237 177 196 148  35 373  96 296
    63 175   0 389 172   7 378   7 395  96]
  [  0 359 392 301 397 248  19 268 350 136 313 205 302 210 111 145 277
    47 384 351 355 399 297 288 356 347 299 341 312 330 146 214 381 348
   275 309  52 385 399 185 219 178 118 113 211 282 328  68 284 393  85
   146 163 150   0 126 252 365 352 310 359]
  [  0 337 388 391 162  32 182 265 108 160 101 265 106 297 374 108 282
   250 345  37 121 217 250 275 379 109 337 362  97 174  18 198  39 167
   245 296 263 376 261  65 166 265 299  98 228  32  79 361 367 270   5
   333 154  10 246   0 329 130 102  79 185]
  [  0  82  51 278 326 166 295 229 192 162 368 400 400 401 282 324 281
   232 130 342 313 387  33 367 265  19  43  64  32 119  17 317 130 336
   380  49 402 124 219 201 270 243  23 347  77 100   0 393  29 199 320
   375 264 194 280  55   0 100 156 141 209]
  [  0 207 242 242 156 268  44   6 383  10 158  81 357 103 103 257 361
   340  10 346  97 383  32 298 223 112   5 113 278  71 214 195  38 169
   264  71 320 177  22 360 113  97 183 181 369 169 398  86 265 110 396
   367 162 197 163 320  93   0 200  21 168]
  [  0  89 317  55  40 314 332 307 187 189 267 149   2 396 105 212 217
   346 270 290  12  84 145 275  36  63 209 279 335 189   6  12 128  89
   202  53 302 388 185 152 273 291 281 327 362 310 342 109 197  72 156
    90 342 300  82 203  36  84   0  95  94]
  [  0  37 135 235  76 228 225  40 394 198 127 113 360 356  79 280 236
   210 231 161 290 170 342 172 271  21 121  98 297 385 132 210 238 243
   103 212 146 296   2 158 134  30 127 242  10 232 167 125  43 330 241
   180  28 280 392 179 164 219 338   0 167]
  [  0  13 402 213  34 315 281 136 199 275 398  86 350  53  19 233 132
    43 171 254 306 352 220 378  43 252 315  51  38 399 348 266 186 390
    17 151  50 108 282 186 160  72   7 186 355 104  23 272  99 103 298
    37 295 170 308  80 370 274  85 315   0]]

 [[  0 359 164 401  92  91 231 155 261  31 141 132 338 269 198  58 102
   304 177 153  16 220 345 171 200  51 251 147   9 148 218 373 102 233
    89  10 222 283 154  26  49 306 386  22  99 345 220 387  29 110 142
   344 399  60 257 216 192 285  43 217 382]
  [  0   0   9 351 200  33 391 125 310  95 230 376 292 191 302 274 377
   327  27   0 378 273 144 326   5 254 315  64  51 226 145 106 218 264
   371   0 284 172  43 322 351 261 294 209 334 184 247  50 177 197 200
   331 236 115 126 273 152 123  28 316 198]
  [  0  81   0 148   4 306 354 237 175  85 219  70 104 312  88 198 118
   178 172 388  72  33 249 257  67  76  85 107  35  39 354 317  21 249
   251  54 185  84 254 214 278 192 195 313 285  83  14 253  19  62 394
   291 258 395 274 333  14 173 169 382  66]
  [  0 311  38   0  57  79 234 174  21  71 345  96 138 180  60 287 258
   233  52 325 228  39 303 199 310 240 295  26  99 129 209 298 298 394
   219   6 102 174  79 119  69  41 124 262  29 345  54 113 259 206  21
   230  70 393 280 220  51 222 207 285 212]
  [  0 165 369  13   0 102  21 168  26 266  15 300   4 144 242 319 242
    88  71 343 102 300 340 397  59 104 189  52 326 307 119 195  32 236
   369  29 365  28 248 318   1  99 203 268 337 102 208 376 402 174 395
   191 198 285 326 236 236 239 112 147  13]
  [  0 315 330 365 259   0  52 111 211 204  80 199 163 363   5 392  32
    11 314  79 382  37 122 260  50  93 284 263 236 223  55 383 277 286
   181 222 320 348 186 271 135 121 295 327 237 360 214   5 263 322 197
   215  22   2 138 195 192 136 395 318  44]
  [  0 393  85 310 229 142   0 156 374 384 320 278 110  15 380 234  44
   310 384 310 151 386 169 264  13 167 106 224 174 218 138 399  87 140
    18  88  35 194  89  94 167  36 197 224 374 371  48   2 261 177  93
   160 163  47  91 351 298   3 295 109 265]
  [  0 347  24  36 237 140 199   0  75 273 333  34  17 337 155  77   6
   361 300 233 374 233 344 159 362 194  64  67  32 362 202 132 383 397
   187  27 117 263 330 330   3 259  37 323 230 143  31 172 191 260 168
   296 299 105 335 169   1 228 364 270 246]
  [  0 301 174 177 194 391 248 166   0  43 144 254 104 279 150 402  28
   113 305 165  38 107 379   8 197 191 179 109 295  71 107  84 221 294
   191 353 138 257 137 359 122 206  45 151 301  16  97 284 184 234 365
    78  45 273 321 384 109 272 200   7 188]
  [  0 141  26 135 288  74 232 385 327   0  26 322  49 401 322  52   5
   390 342 316 313 260 227 138 170   8 239  82  64  51  53 324 129  94
   343 214 297 235  61 333 390 172 113 193 366 367 123  76 164 381 327
   140  46 155  88 251  69 176  90 111 325]
  [  0 210  37 142 379   3 274 302  52 283   0 374 266 319 307 254 343
    27 102 357 284   3 103 137 159   3  62 201 354  67 197 123 112 294
   393 116  94  48 277 131 341 273  89 192 154  54 396  20 229 178 371
     1 364  23 103 362 123  33 170 391  47]
  [  0  93 172 382 254  33 146 112 289 298 352   0 359 205 235 150 345
   179 282 390 251  21 331 195 215  32  36  16 391 215 152 106   2 154
   152 267  96  87 224 366 261 205  74 392 201  42  32 259 119 200 235
   137  60 225 148 301 143 315 317 320 320]
  [  0  10 145  24  70 173 375 285 266  51 325  14   0 172  31 100  65
   194  96 222 241 120 162 226  91 202   7   6 389 265 307 183  22 308
   390 326  80 247  70 171  97 214  72 372  10 371 265 175  76 353 310
   372 211  14 183  95   2 330 358 268 272]
  [  0  92 362 150 363 320  17 147 364 173 205  96 393   0 370 136  46
   199 282 312 350 156 130 178 156  41 235 128 165 350 231 168 219  26
   401 236 237  42 333   0 192 310 128  79   6 195 152 397 252 220  58
   224 272 323 223 323 396 152 264 367 264]
  [  0 201 301 167  50 270 301 362  72  29 249 268 346  26   0 238  59
   272 133 198 207 303 163 162 213 178  87  46 231 324  18 395 123 331
   181 290 292 391  15 332 188 286 265 202 187 358 275  69 339  79 271
   340  94 380 171 289  41 325 125 335 397]
  [  0 209 204 293 383 258 392 206  84 383 124  82 314  35 261   0  55
   210 111 245 142  66 258 116 335 371 199 128 340  59 156 169 361 198
    41  22 203 167 212 325  94  53 258 386   2  68 169 297 377 349 357
   191 268   3 216 195  50 189  55 123 367]
  [  0 232   8 265   5 103  25 378 314 291 291 147 378 242 138 325   0
   364  61 342 127  65 355  59 319 311 146 110 249  83 322 170  96 221
   268 392 316  10 388 237  84 131 313 179 360 173  46 231 255 117  21
   337 253 300 291 257 107 211 208 275 198]
  [  0 402 131 261 373 253 296 138 326 191 262  63 294 321  52 328 105
     0 342 151 169 296 156 246 340 365 389  31  29 344  78 243 384 324
   197 143  60 147  20  38 115  47 370 384 295 240 241 146 227 277 176
   193  31 201 293 213 295   8 327 320 326]
  [  0  63 363 312 342 158   7 223 375   3 298  38  54 178 265 214 352
   308   0 108 304 172 353 402 130 143 339  72 373 340 199 208 299  42
    12 247 222 263 338 365 334 372  60 324 237 234 335 324 184  27 354
   246 276 251 349  20 274 373 374 165  79]
  [  0 222 121 240   4 393 228 341 123 361 202 360 324  69 187 103   2
   223 381   0  65 154  76 153 223 141 346 175 271 200 222 333 387 236
    77 394 266 170 304  98  41   4 300 137 106   6 159  30 137 179  42
    45 334 175 222 290  31 256 310 401 295]
  [  0  66 239 270 249 355  58 264  80  88  74 370 381 347 184  55 167
    71 304 182   0  84 282 352 352 197   8  90 244 358 159 228 393 212
   104 139 370 362 329  55  92 221 176 156 157  25 375  27 133 130 281
   386 242 216 108  51 188 283  80 381 392]
  [  0  44 319 146 146 104 110 236 116  28 159  92  52  38 322 382  50
     4  59 108 189   0   4 356  63 152 247 276 274  22 290 400 304 257
   133 261 147 186  89 166 192 187 381  24 397 276 398 285 197 207 316
   170 261 134 285 218 115 103 331 158 294]
  [  0  75  11 205 236 383 158 120 141 284 172 131 114 322 379 336 305
   340  30  86 374 300   0 230   5 271  42 106 160 280  24 337 226 357
    43 229 125 293 194 358   7 126 180  64  66 389 137   1  32  71 379
   349   8 345 236 267 326 125 180 279 344]
  [  0 113 255  11  20 114 240 393  90 165 133  68 392 185 325 115  92
    71 397  44  91  11 209   0 342 275 335   7  52  80  75 367 263 211
   375 177 107 352 208 201 344 228 193 333 254 137 199 272 185 126 109
   306 176  26 267  91 294 384 336 342  60]
  [  0 374  54  86 391 368 294 122 214  47  85 322 343 344 300 177  16
   119 311 173 256  33 103 273   0 308 156 160 201 137 335 278 227  15
     8 265 382 252 300 279 174  60  68  69 365 238 286 337   4 182  66
    84   9 337 313 332 129 355 149 200 208]
  [  0 167 255 277 384 253  98 308 391 332 358 338 150 286 109 183 278
   370 166 102 378 396 271 168 346   0 390 284 400 138 237 165 381  91
   274  93 164 143  70 389 353 190  95 387 297 278  46 105 312 228 351
   123  74 362 210  97 126  13 383 191 173]
  [  0 194 384   5 237 343 242 307 104 184 265 259 186 336 259 271 296
   272 361 196 290 107 336 175 139  46   0 338   8 151 307 255  35 365
   245  12 341 249 241  30 198 264  35 301 351 110 180 336  86 124 273
   400 292  91  30 349 363 174 161 175 212]
  [  0  54 150  45  42 127 228 155  79 348 129 281   6 307 139  88 203
   227 364 227  20 327 309 362 192  91 298   0 131 372 218  36 367 341
   176 237 213 192  22 252 248  84 339 385 389 106 178 107  57  48 254
   383 211 166 400 225 377 147  95 213  94]
  [  0 182  46 221 337 389 159  42 396 356 300 224  25 109 120  52 231
   290 334  85 272 127 232 362 400 231 198 199   0 176  93  28 104 321
   318 159 271 392  94  53 227 119 300  83  89 285  33  30 101  35 177
   324 321  35 402 228  34 378 285 167 389]
  [  0 125 209 362 203 362   9 153 193 387 220 334 162 246 269  31 200
    90 142  94 369  73 275  38 240 261 140  14 341   0  68 373  74 298
   307 142 357  22  38 251  75 397 198 109 394 316 215  35 214 134  52
   327 224 347 195 176 337 292 228 396 344]
  [  0  98 365 373 354 204 107 398 131 313 370 273 297  68 364 375  99
   374 173 211 333 358 390  36 313 205 351 363 328 348   0  53 374  54
   122  14 124  23 238  26  13 377  67  72 206 326 304  70 243 249  69
   235 255 381 228 144  99 368  43 273 391]
  [  0 331   2  17 252 244 264 229 198 144 231 152  92 396 401  43 219
    33 359 172  70  48 301 184 393 283 301  35 293  24 289   0  57  73
   299 357 339  73 159 362   7 150 257 191 212 274 144 224  97 338 191
   300 239  58  93   6 255 326 169 246 381]
  [  0 174 137 293 291 175 323 252 261  30 245 259 342  96 255 169 100
   131  16 302  74 157 211 356 386  32  37 107   9  55 144 239   0 367
     7 118 391  72 205  44 286  39 299  75 337 101 209 398 139 111 355
    91 234  16 213  60  15 181  83 292 345]
  [  0 155 175  51 336 379 375 261 124 133 154  85  70 255 375 103 353
   116 142 182 276 378  66  19 124 253  49 167 231 287 155 214  24   0
   213 189 160 390  20  79   6 153 250 282 274 290 194  90 371 221  54
    47  94 330 319  84 328 307  72 288 191]
  [  0  26 120 208  77 371  50 376  23 282 337 172 104 123 161 277 341
   322 291 184 359  59 251 289 349  76  16 330 356 388 297 196 239 289
     0  60 228 331 213 165 150 102 110  30 343 286 258 398  89  29 222
   108 238 234 120 116 140 185 358 302 258]
  [  0  24  28 398 158  11 307 307 250 146 402 359 227 134 108 359 297
   368 242 401 289 145 214  11 305 380 279 144  18 172 188 119 340  89
   156   0 349  52 311 138 375 336  52 250 106 333 133 171 235  11  47
   321 258 358 107 374 368 129 114 180  68]
  [  0  70 252  34  23 273  22 150 205  42  73 133 217 375 400  36 384
   210 118 231   4   4 152 339 388  14  94 163   5  48 347 129 235  86
   130 161   0  18 317 132 281  80  54 342 136 360 227 326  71  35 254
   223 301 275  54 303  29 322 104 210 320]
  [  0  11 286 390 140 198 197  63 300 230  29  92 287 185  52 276 303
   365  54 213 251 347 343   9  41 358  30 145  44 263 148 237 288   1
   123  37   1   0 290   7 122  86  25 244 361 114 305 295  23 141  79
   126 374   2 304 334 158 329  52 252 359]
  [  0 201 228  32 189 119 291 124 278 173   5  89 193 346  15  11 305
   360 384 327 352 382 204 205  30  22 249   1 301 143 279 163  44 250
   206  54   1 258   0 251 187 378 311  89 264  70 229 164  44  70  18
   297 328 271 175 114 106  21 392  66 297]
  [  0 308 374 132 225 297  55  95 156 100  11 190 229 313 223 291 294
   236 363 237 382 366 101 169 130 272 110 260 200 108  52 159 106  79
   125  71  87 263 353   0 298 229  40  19 287 254 237 256 182 388  65
   121  25  47 392 391 226 214 279  98 214]
  [  0 327 171  25  65   9 333 174  61 134  71  22  41 369 340  67 182
   167 289 113 197 331 298 120  52  82  32   4 277 120 150 261 360  55
     4  39  75 207 396 159   0  62 188 282 146 196 309 370  17 180  78
   118 180  97 260 348 119  86  87 284 300]
  [  0 362  76 105  34  84 240  43 214 351 151 306  38 265 109   7  46
   194 130 235 343 224 270  17 111 314 166 285 393 241 234 251 171  43
   391 362 219 155  35 324 364   0 310 203 229 154 164 152  71  16  24
   313  99 386  28 166 326   3 224 171 178]
  [  0 323 350 350 277 325 186 342 212  53 239 179  97 256 207 367 345
   348 215 390 115   9 257 208 189  55  70 281 352  45  95  32 171 217
   101 193 245 252 266 268  53 355   0  32 291 113 105 180 285  23 376
   379 355 337 109 278 113 135 215 282 223]
  [  0  93 173 302 123 304 362 358 243   3 239 342  54  78 226 363 281
   297 368 153 174 305  84 362 249 348 190  65 191 228 281 302 214  34
   239  73 151  55 144 214 112 233 199   0   6   0 230  60 383 269 188
   207 309 184 133 338  48  83 389 160 376]
  [  0  28 387 162 169 116 146 313 110 370   3 394 146 160  31 164 343
    38 172 385 300  63 180 271 342 296 273 144 370 271  67 111  74  64
   192 255 286 157 378  69  34 400 107 259   0  90 381 309 178 251 277
   310  34 182  78 297 124 382 216 356 227]
  [  0 154 229  29 314 124 201 366 232 109 253 339 222 345  82 308 124
   127   5 395 181 128  49 198 297  93 387 113 241 243 289 357 306 109
   371  59 197 147 354 168 100 218 164  53 246   0  78 344 366 392 322
    53 257 242 349  59  49 371 374 382 252]
  [  0  25 227  65   6  31 335 170  72 309 245 246 364 153 366 132 349
   228 240 287 114  77 192 239 400 267 296  15 279 108 282 212 227 105
    62 291 343 264 271 235 314 209  69  57 139 118   0 192 100  77 217
   166 274 302  56 402 386  13  67 222  24]
  [  0  33 389 340 157  94 335 308 328 383 100  52 282 343 298 304 308
   157 331 267 325 256  47 365 388 384 280 188  89 251 209 233 191 224
     8 349 180 383 282  66   6 370   1 167 311 384 385   0  13  41 153
   216 143 245  27  75 140 206   2  62 189]
  [  0 221 109  96  87 142 217 387 367 204  59 373  10 375 153   2 308
   184  44 290 187 279  69 225 153 254 215  29 400 300 226 355 387  82
   179 189 382   8  73 396  98 148 160 121 165 320 249 371   0 270 269
   302  47 282 196 376  87 128 230  51 176]
  [  0 347 120  17 151 344 323 196  39 244 224  44 387  55 337 272  76
   343 140 267 322  73 111 175 274   0  42  99  12 169 209 303 246 136
   143   0 176  12 186 127 192  98  97 277 241  91  54  61  46   0 257
   238  31 334 127 351 154 387 261 269   7]
  [  0 354 322   7   0 129  84 185  68 112 187 161 387 328  27 199 153
   196 205 188 378 315 353 221 310  67 365 186 320  41  80  71  85  32
   199 166 207 379  45  28 259 335  16 330 244 303  64 388  13 372   0
   144  92  50 322 376 399 272 142  84 222]
  [  0 283  60 194 303 333 224 192 319 314 369  93 176 123 339  21 226
    61   3 101  48  66 345 105 151 214 212 208 109 242 240 155 196  46
   285   4 235  72 203 148 145 306  71 301 270 113 145 372 197 246 235
     0  96 229  66 173 336  85 105 238 358]
  [  0 198 215 223  12  18   9   5  62 328 386 383 319 189 304   0 328
   361  14 395  68 166 287 228 207  16 372 144  42  66 321 372   4 138
   167 345   4 184 288 119 282 357 120 343 369 365 257 206 136 288  43
   126   0 145 115 234 369 131 154 127 217]
  [  0 227 195 175 152 400 188  53 377 284 372  10  13  11 184 301 122
    85 297 221 174 364 312 247  80 176 374 356 259 326 125  24 272 295
     3 196 178 384 307  73 249 355 261 282 278 280  37   0 278 364 323
   248 189   0 307 232  67 176 265 251 285]
  [  0 390 341 100 147 221 122 321 380 321 155 210 184 128 373  33 151
   117  45 154  76 322  50 135 279 216 353 121 142 324 362 225 108 148
   198 252  70 340 234  80 334 216 129 344 147 145  47 397  23   6 289
    71 366  79   0  45 277 106 388 339  78]
  [  0 351 253 306 267  37 335  63 157 205 272 210 323 270 224  30 251
     0 190 110   3 159 134  64 355 282 264  20 145 245 161 293 318 399
   180   8 292 300 194  64 194 351 206 394 120  61 307 391 335 269 153
    59  48 126 376   0  74 134 215  55 280]
  [  0 149 375 166  66 180 247  95 271 141  53 261 262  43 391 110  87
   161  35 111 263 353  95 324  85  57   3  82 363 121 186 230 141 341
   293  84  25 120 153 149 166 336 340 310 296 194 237  37 203  25 371
    92 217 150 331 364   0 372 258  92 281]
  [  0 129 286 355 164 102   2  92 353  73 126  32 381 165 348 344 191
   230 363 348 194 123 399  52 285 395  57 340 370 363 208 220 210  99
    78 364  65   7  45  35 356 228  85 163 316   8 256  18 290 152 209
   258 288 119 178 382 213   0 301  16 331]
  [  0  72 227  57 389 312  70 103 342  63 387 330 317 396 278 333  52
   220 176 145 248 230  99 376  94 176 231 276 341 309  23  56  93 101
    56 173 129 232 150 310 349 111 376 299 348 105 303 352  98 351 133
   338 144 209 149 161 120 175   0 160 162]
  [  0  72 139 340 357 223 182 132  36 172 305 373 305 214 135 287  17
   401 381 306  26 274  53  58  94 355  20 320 123 120 148  63 328 136
     6 378 227 383 119 288  68 108 197 313 360 170 167 133 326 280 383
   107 200 293  65 327 229 255  91   0 195]
  [  0  53 228 153  29 173 311 264  69 126 166  61  19  71 135 319 374
   388 150 159 224 179 179 168  13  22  14 146 151 402  41 104 325 259
   300 332 242 362  94  12  87 390 123 277 374 195 220 365 227 241 146
    10 329  70 350 219  16 141  68 321   0]]]
release_time
[   0   50 1360 1149 1507 1173 1399  170  130  620 1123 1550 1499 1084
 1502 1517 1219 1249  116 1108 1350  695 1373 1461 1286 1495 1319 1429
 1282 1197 1262 1430  103 1544 1379 1337 1242 1314 1434 1226 1209 1448
 1575 1402 1441   72    1 1129 1529 1558 1114 1294 1314 1368 1309 1247
  368 1297 1072    9 1212]
due_date
[   0  119 1416 1215 1595 1195 1513  227  133  648 1196 1636 1540 1153
 1585 1541 1315 1287  177 1172 1439  722 1383 1508 1347 1503 1373 1467
 1293 1272 1270 1449  158 1566 1389 1397 1336 1350 1502 1311 1244 1452
 1641 1488 1541  164   39 1195 1546 1617 1150 1385 1317 1420 1332 1271
  410 1336 1114   62 1237]
unit_emission
[ 3 10  1  3 18]
emission_limit
19548.4
setup_severity
2.0
due_tight
0.3
due_range
1.0
release_tight
1
degree_constr
0.8
