mach
5
job_rate
12
weight
[ 0  9 10  7  3  7  1 10  7  6  6  8  3  5  4  2  1  3  2  6  6  1  4 10
  9  9  2  6  4  8  8 10  8  9 10  6  9 10  2  6  4  3  5  5  7  4  5  7
 10 10  7  1  9  3  2  1  9  5  8  7  3]
proc_time
[[  0 120 104 141  92  74 118 130 106  50  59  77  58 138  83  85  83 101
  120  74 125  94 147  74 142 143  77  99  50 126  84  59 116  92 107  64
  141  77 103  86 116 131 137  95 135 106  59  57 113 121  75 105 106  57
   73 108  95  74 129 100 150]
 [  0  78  64 103  63  73 100  80  73 132 125  93 102  92  50 122  67  61
  150 120  80 111 108 130  98  63  56 132 126 104 147  64 149  89  62  65
   56  96 141 115 103  68 119 120 124  83 128  50  88 146  96 141  69 128
  121 112  67 106  60 118 131]
 [  0  85 103 124 100  77 131  52 121  90 109  66 109 109  50 122  77 126
  120 126 139 111 130 140 130 150  60 126  93 146 116  94 131  62  57  52
  104  77 124  64 105  70 136  59 124 127  76  50  85  50 126 117  60  61
   79  68  77 103  62 133  76]
 [  0  56 146  93  76  50 112 137  70  91  62 132 147  76 119 117  84 124
  110  75  62  75 123 110  80  94  96  87 146  87 150  83 140 149 128 130
  130 109 107 147  66 104 133 110 131  63 130  93  83 135 100 135  78  98
  102 126 128 130  60 132 122]
 [  0  73 113 114  73  65  60 143  57  84 147 128  88 111 100  90  98 111
  101  64  83 104 111  81 123 111  99 146  99  94  81  93 114 147  81  95
  149  79 121 142 140 122  74 123 135  80 108  81 112  95 100  64  97 106
  124 137 135  51  86  79  66]]
setup_time
[[[0 1 4 4 3 5 5 1 4 3 2 5 1 5 3 2 0 2 0 5 4 3 2 1 1 3 1 4 5 1 3 4 0 3 5
   4 5 3 3 4 2 0 3 1 1 5 3 2 1 5 3 2 2 5 0 0 3 3 4 2 4]
  [0 0 5 0 0 4 4 5 2 4 0 3 5 5 4 0 1 2 2 2 4 5 0 2 2 0 4 3 1 3 5 3 5 0 4
   3 1 4 2 0 0 0 2 4 0 4 4 5 2 1 5 5 2 1 0 1 0 2 2 2 4]
  [0 2 0 2 3 5 1 4 5 2 3 5 4 2 3 3 4 0 5 3 1 1 5 4 5 4 4 4 3 1 0 3 2 3 0
   3 3 1 5 1 1 4 3 1 2 1 1 3 4 3 2 3 5 0 1 3 2 4 0 0 3]
  [0 2 0 0 5 5 4 2 4 3 3 5 3 1 5 3 4 0 4 5 3 3 0 0 4 4 0 1 2 1 3 2 1 0 5
   3 2 5 2 3 4 2 0 4 2 0 5 0 2 3 5 2 2 4 2 5 0 3 4 5 3]
  [0 5 1 4 0 3 3 4 5 4 5 2 1 5 2 5 3 3 0 5 0 3 5 3 5 0 1 5 5 2 0 1 1 2 5
   0 1 4 2 4 2 1 2 2 5 5 5 3 0 5 3 5 4 4 4 1 1 2 0 5 3]
  [0 4 3 3 5 0 1 3 0 0 0 5 2 1 3 0 2 1 1 0 0 3 3 5 1 0 5 4 1 3 4 4 1 1 4
   5 3 5 4 5 4 0 4 4 1 1 1 0 3 4 0 3 3 5 2 4 5 2 5 2 5]
  [0 2 5 3 1 2 0 5 5 3 5 5 2 1 3 5 2 4 5 5 5 3 0 1 3 1 5 1 5 5 3 1 3 1 2
   5 2 1 0 1 4 2 5 1 1 3 4 4 4 3 3 3 3 5 0 5 3 4 5 4 2]
  [0 4 5 3 5 5 1 0 5 3 2 4 2 3 3 5 5 4 5 5 3 2 0 1 4 1 4 5 4 5 0 3 1 1 4
   1 2 5 2 4 0 2 5 3 3 2 4 4 2 3 3 1 5 4 1 1 1 3 0 2 5]
  [0 3 2 4 0 4 5 3 0 4 0 2 4 5 0 5 3 5 4 2 2 2 3 5 1 0 0 5 0 1 1 1 4 2 4
   4 2 1 2 0 0 5 3 1 4 1 1 0 4 5 5 1 4 5 5 1 3 2 2 2 3]
  [0 0 1 1 4 5 3 4 5 0 5 4 4 5 0 5 1 0 1 2 4 5 3 1 0 2 1 2 2 4 2 5 5 3 3
   5 0 5 5 1 0 3 0 4 0 1 5 3 4 1 5 0 5 3 3 4 0 0 1 1 0]
  [0 1 5 4 1 2 1 3 5 3 0 2 5 1 3 0 1 1 2 5 4 4 1 0 5 4 5 1 4 2 2 3 0 5 5
   4 3 2 1 1 5 5 3 5 0 4 4 5 3 2 4 4 3 5 0 3 0 5 0 3 3]
  [0 0 3 3 0 1 1 3 5 4 3 0 1 5 4 4 0 5 0 4 1 2 1 1 5 3 3 4 2 4 1 1 1 4 5
   0 0 0 1 5 0 2 2 4 2 1 0 0 5 5 0 2 4 0 3 3 3 0 2 5 0]
  [0 0 0 0 1 1 4 2 2 5 5 2 0 2 4 0 4 2 0 5 2 3 3 5 3 1 0 4 3 0 0 1 0 3 5
   5 5 5 0 5 1 1 0 5 1 1 0 2 1 1 1 0 5 0 4 1 3 4 1 3 3]
  [0 5 0 5 3 1 2 1 0 1 4 5 1 0 3 3 3 0 0 2 5 3 1 5 2 2 0 0 1 4 0 4 1 3 4
   5 0 4 0 0 4 3 2 0 3 1 3 3 0 5 1 3 1 2 4 4 2 0 1 4 4]
  [0 1 4 5 1 3 1 1 4 3 0 2 3 1 0 3 3 5 5 2 4 2 4 4 1 2 0 1 1 2 3 4 3 0 2
   1 4 0 1 5 0 0 1 1 1 1 3 2 1 1 2 1 0 1 4 2 5 1 2 4 5]
  [0 2 3 2 0 4 5 1 3 3 0 1 0 2 5 0 5 1 2 5 5 1 0 0 2 1 1 4 4 5 0 4 0 4 1
   2 5 0 3 2 4 0 1 1 5 5 2 2 1 3 4 2 3 0 0 1 0 0 3 2 5]
  [0 0 1 5 0 0 0 2 4 3 5 4 4 2 4 0 0 2 0 0 0 3 3 5 1 0 5 1 5 3 1 2 5 5 4
   5 5 2 5 4 3 2 4 4 0 4 1 1 5 2 4 5 2 1 5 4 0 0 3 5 5]
  [0 0 2 1 5 3 1 2 1 1 1 4 1 3 2 3 0 0 2 3 0 3 2 1 1 5 4 0 0 4 1 0 1 0 5
   3 3 0 1 0 4 5 3 0 3 4 0 3 1 2 3 5 0 5 1 2 3 0 0 3 1]
  [0 0 4 3 1 2 3 2 3 1 0 3 4 5 3 5 0 3 0 0 2 1 0 3 0 2 2 1 5 2 2 4 5 2 0
   4 4 1 2 1 4 2 5 5 3 2 5 5 4 0 4 4 2 5 1 3 4 0 0 5 4]
  [0 3 2 4 1 1 2 0 4 5 4 3 5 5 2 0 5 4 2 0 3 4 5 4 3 0 4 0 0 2 2 3 5 2 4
   4 1 0 0 3 3 4 4 4 0 1 2 2 0 2 2 3 5 3 2 5 5 4 1 2 4]
  [0 3 0 3 3 0 5 2 0 5 5 3 3 3 0 3 4 3 4 2 0 4 1 3 0 3 4 3 5 3 5 3 0 4 4
   1 1 1 0 3 2 5 0 3 4 0 5 4 0 2 2 0 0 1 3 5 2 4 3 2 3]
  [0 2 3 3 1 0 5 3 1 3 5 3 3 5 1 3 4 2 5 1 0 0 0 4 3 3 2 2 5 5 5 1 5 5 5
   4 3 3 0 3 1 4 1 5 2 3 3 5 1 5 3 3 0 2 4 0 0 3 0 4 0]
  [0 4 3 2 1 5 0 5 2 1 3 1 4 5 1 0 3 5 4 1 0 4 0 3 4 0 0 5 5 1 3 3 2 5 4
   5 0 4 3 1 0 0 3 0 0 4 3 4 5 0 2 0 5 5 4 5 3 2 5 4 2]
  [0 4 0 3 4 2 5 4 5 5 5 2 0 3 5 0 1 0 2 4 2 5 5 0 5 5 0 2 3 5 4 2 4 1 4
   3 5 2 5 0 5 3 0 0 1 1 5 0 5 4 5 0 0 4 2 2 3 0 2 0 0]
  [0 5 3 5 2 1 5 4 4 1 4 5 0 0 3 0 3 4 2 5 3 4 2 2 0 5 3 1 0 1 0 0 5 3 3
   2 5 2 5 0 4 4 5 1 1 1 0 4 1 4 5 4 1 1 2 4 2 5 4 5 3]
  [0 3 3 4 3 3 5 1 5 3 2 3 0 4 4 0 0 4 1 0 0 1 3 5 2 0 3 4 4 3 5 3 4 1 1
   2 2 0 2 2 3 2 5 3 4 1 2 2 1 0 2 0 5 1 1 2 5 4 1 3 0]
  [0 1 2 5 1 3 5 1 3 3 3 2 4 2 2 2 0 0 1 4 5 2 5 3 3 3 0 4 1 2 1 0 1 1 5
   1 5 5 2 5 4 4 4 3 5 4 2 5 5 1 4 1 0 2 2 3 1 0 1 0 4]
  [0 1 3 5 2 5 3 5 0 2 4 3 1 3 2 1 3 5 2 5 4 1 4 5 1 3 5 0 5 2 0 0 4 2 5
   4 3 4 4 0 1 0 3 1 1 2 4 3 3 5 4 2 0 2 1 5 2 2 1 0 4]
  [0 3 3 3 5 4 2 5 2 2 4 4 4 5 5 4 3 4 4 2 2 4 1 4 5 3 2 5 0 1 0 0 5 1 2
   5 1 1 3 5 5 0 2 4 0 4 0 3 4 3 4 1 2 2 2 1 2 0 4 2 1]
  [0 1 1 4 4 0 3 5 4 1 5 3 2 3 0 2 0 3 5 4 5 2 2 2 0 4 3 5 5 0 0 1 5 5 5
   0 4 2 1 4 3 0 4 5 0 0 2 1 3 4 1 2 3 1 4 2 0 1 1 1 2]
  [0 2 3 0 2 3 1 0 0 4 4 3 5 4 1 1 1 2 5 0 1 5 0 1 3 1 0 2 2 5 0 4 4 2 4
   5 4 4 4 0 0 5 3 0 5 5 0 0 0 4 1 5 5 1 3 4 1 0 1 4 1]
  [0 1 5 4 1 3 4 1 5 3 0 5 2 0 3 0 4 0 2 0 4 1 1 4 5 3 5 0 1 3 4 0 0 5 3
   0 4 5 4 4 5 4 1 5 5 5 0 1 1 3 5 3 1 5 4 5 3 2 2 5 4]
  [0 3 0 1 5 5 2 1 2 0 4 5 1 4 1 4 1 2 4 1 5 4 2 5 0 0 3 3 0 2 0 5 0 1 3
   4 1 3 2 3 0 5 0 3 5 1 1 1 1 1 1 4 3 2 2 5 4 1 0 4 4]
  [0 0 2 1 3 5 0 0 3 5 0 2 4 3 3 3 5 5 3 5 2 3 2 2 5 0 4 2 5 5 2 4 0 0 4
   2 1 0 4 3 1 1 5 1 0 5 4 1 5 4 5 0 0 4 5 1 3 2 4 2 0]
  [0 4 1 3 2 2 4 1 0 1 1 3 2 2 0 5 4 5 3 1 1 2 0 2 2 4 5 0 2 3 0 3 4 5 0
   3 1 4 5 4 5 0 5 5 3 0 3 1 5 2 3 2 5 0 0 0 2 3 2 0 1]
  [0 3 0 1 0 5 4 2 2 1 4 0 4 1 4 0 0 5 4 4 0 5 2 3 2 0 2 4 5 1 3 3 4 0 4
   0 2 1 0 0 1 4 0 0 0 2 1 4 5 1 0 1 2 1 1 0 4 2 4 1 0]
  [0 5 4 1 5 1 0 0 0 5 5 3 5 2 4 3 1 2 2 0 2 5 3 5 1 1 4 2 4 2 2 3 4 0 2
   0 0 5 4 4 2 3 0 5 3 1 2 3 1 4 5 4 1 4 3 4 2 4 2 3 0]
  [0 4 3 1 0 5 0 1 4 4 2 2 0 0 1 2 3 0 3 4 2 4 2 0 5 2 3 0 3 1 3 2 2 0 5
   3 0 0 5 0 2 0 3 3 5 2 4 4 1 0 4 5 4 1 2 3 5 0 2 5 2]
  [0 0 5 3 2 5 4 2 0 0 4 4 1 5 1 3 1 5 0 5 4 5 4 0 0 5 2 2 4 1 1 5 5 4 1
   2 2 4 0 2 1 5 5 1 5 3 4 0 4 1 5 1 4 2 0 3 4 3 2 2 0]
  [0 5 2 4 2 1 0 0 4 2 5 5 0 3 2 0 5 1 1 1 0 1 2 0 1 0 5 2 5 4 2 1 2 2 3
   5 1 0 5 0 3 3 1 5 2 4 5 0 3 3 2 0 1 1 3 0 2 5 5 5 0]
  [0 3 3 0 4 4 4 3 2 3 3 4 0 1 0 5 0 0 5 4 0 4 5 4 2 4 5 0 3 4 0 3 3 4 0
   3 1 3 3 1 0 3 3 0 0 0 0 5 3 1 5 5 0 3 0 0 3 2 2 1 0]
  [0 4 0 3 4 2 4 5 3 5 3 1 2 2 4 5 2 0 4 1 5 4 5 5 5 3 1 4 3 5 4 4 5 5 0
   4 4 4 3 2 0 0 1 4 0 3 2 1 5 4 1 5 4 0 3 2 5 5 4 4 0]
  [0 5 5 3 3 2 4 3 0 2 4 0 0 3 3 5 2 0 2 2 3 2 1 0 0 0 0 1 1 3 5 2 1 2 3
   4 0 1 4 3 4 2 0 4 4 4 3 3 5 3 5 4 4 1 2 2 0 1 5 5 4]
  [0 5 4 0 5 4 0 3 1 0 2 3 3 3 2 4 5 5 5 3 5 4 4 0 1 3 4 3 5 2 5 2 3 4 1
   0 4 3 5 5 4 2 3 0 1 2 0 2 1 1 2 0 0 2 5 5 1 4 1 2 2]
  [0 5 5 4 5 3 2 5 2 4 3 0 5 4 1 3 0 4 5 1 5 4 4 5 2 1 3 2 2 0 2 4 1 5 5
   0 3 1 5 5 0 5 1 3 0 1 1 2 1 0 4 0 5 0 0 0 5 1 0 5 2]
  [0 3 2 2 0 5 4 4 5 1 0 0 2 0 5 1 1 4 5 5 3 3 1 5 2 5 1 4 3 5 0 5 4 3 4
   1 0 5 1 2 3 0 2 1 1 0 5 0 3 4 1 0 1 2 1 5 3 4 2 0 3]
  [0 3 3 1 4 0 4 2 3 4 2 0 3 2 2 3 3 5 2 5 4 2 1 0 3 4 4 5 1 4 5 4 2 3 4
   0 2 5 0 1 1 1 3 5 1 2 0 0 1 3 1 1 1 5 0 2 5 2 1 2 3]
  [0 2 4 1 1 5 1 5 1 1 4 3 5 2 1 3 1 4 3 1 4 2 0 1 0 2 1 2 3 0 1 5 2 5 1
   1 5 0 1 0 3 4 4 1 0 5 0 0 0 4 4 0 2 3 3 3 3 1 1 2 5]
  [0 1 2 1 0 1 3 2 0 4 4 3 0 0 4 5 3 5 4 2 3 1 4 5 5 5 1 4 0 3 2 5 3 2 5
   5 2 3 5 1 2 3 1 1 5 3 2 5 0 1 4 2 1 0 4 0 5 2 5 1 4]
  [0 4 0 4 1 3 0 1 0 2 5 0 1 3 2 1 5 2 3 2 0 0 1 5 2 0 1 5 1 3 0 0 3 2 5
   4 5 4 2 5 4 3 3 4 1 4 3 4 0 0 1 0 3 1 0 2 2 5 0 5 2]
  [0 4 2 2 0 1 0 1 3 2 0 5 1 3 2 0 3 4 5 0 3 4 3 2 4 1 5 5 3 3 3 4 3 5 3
   5 2 4 3 1 5 4 4 1 5 5 1 2 4 0 0 4 0 2 4 4 1 4 2 3 1]
  [0 0 3 2 0 4 3 0 3 1 3 4 3 4 5 2 4 4 4 4 1 2 3 3 3 4 1 3 0 3 4 1 5 5 4
   3 5 0 0 0 5 3 5 3 4 4 3 0 4 1 5 0 4 3 3 3 5 0 2 2 4]
  [0 4 3 5 0 0 5 2 3 0 1 3 4 4 5 3 2 3 1 0 4 0 2 3 1 3 1 4 5 5 3 1 4 5 3
   3 1 5 5 4 3 1 5 2 0 5 3 1 2 4 4 2 0 1 5 3 0 3 2 4 5]
  [0 5 1 0 2 4 1 4 0 4 0 3 2 4 0 0 3 5 1 0 1 1 5 0 1 3 2 2 1 2 5 4 1 1 0
   3 4 4 1 5 4 2 1 5 2 5 1 5 2 0 5 3 2 0 2 4 2 1 5 5 1]
  [0 3 4 1 3 5 2 0 1 2 3 2 0 5 5 0 3 5 0 1 1 1 3 0 1 3 0 5 2 1 4 0 4 3 2
   3 2 1 5 2 1 4 3 0 4 3 3 1 5 0 1 0 0 1 0 1 1 0 5 5 2]
  [0 3 2 4 5 2 3 4 2 5 2 3 1 5 1 2 3 1 0 3 5 1 4 3 0 0 1 3 5 1 2 2 2 5 5
   0 5 0 3 2 0 4 2 5 0 3 1 5 3 4 3 1 1 5 0 0 4 4 0 3 2]
  [0 2 5 1 4 5 3 2 4 3 5 1 3 4 5 1 0 5 1 5 3 0 5 3 5 2 0 0 3 1 3 3 5 1 5
   1 1 3 2 1 3 2 3 4 2 4 1 4 3 0 5 1 2 5 2 5 0 0 4 2 4]
  [0 0 5 1 2 2 1 3 0 4 2 5 3 2 0 2 2 5 1 3 0 2 3 1 2 5 5 3 4 0 1 1 4 2 2
   3 5 0 2 1 0 3 3 2 5 1 4 0 1 2 1 4 3 3 5 4 0 0 4 3 2]
  [0 2 2 3 4 1 5 4 3 4 1 5 0 5 0 5 2 3 1 5 1 0 4 3 3 5 0 5 5 0 4 0 3 0 3
   4 5 0 0 4 4 2 3 2 0 4 0 3 0 3 1 5 5 4 5 1 0 2 0 3 4]
  [0 2 3 0 2 2 5 1 5 0 5 0 1 1 1 4 1 5 1 3 0 1 4 2 1 1 3 1 2 3 0 5 4 3 5
   0 3 1 2 4 0 3 0 2 5 1 4 0 4 5 4 2 3 1 5 4 0 1 3 0 5]
  [0 1 1 3 2 4 2 1 1 0 2 1 0 2 0 4 0 2 4 3 2 2 4 4 1 0 5 3 1 4 4 0 3 5 2
   1 2 0 0 4 4 4 5 4 1 2 2 3 0 1 2 2 0 2 3 0 3 5 4 1 0]]

 [[0 4 2 1 0 4 3 1 2 1 4 5 5 2 2 1 1 0 4 1 5 4 3 0 2 5 0 3 4 4 2 1 1 5 3
   1 1 4 2 3 4 4 5 2 0 4 3 2 2 3 3 4 3 3 1 1 4 5 4 1 3]
  [0 0 0 0 3 3 1 5 2 1 3 0 4 4 4 5 2 1 2 3 1 4 4 1 0 0 5 3 1 2 3 3 0 1 3
   3 5 3 4 5 2 3 4 2 2 1 3 4 4 3 3 0 5 5 4 0 4 1 3 1 5]
  [0 0 0 1 1 2 4 1 1 3 0 0 4 3 1 3 3 3 1 2 4 3 0 4 1 4 3 5 2 5 5 0 1 1 4
   5 2 1 0 3 0 0 3 4 3 5 1 5 4 0 5 1 0 0 2 4 0 3 2 2 0]
  [0 0 3 0 1 5 2 4 4 5 0 0 4 1 3 3 1 5 4 5 5 0 0 4 4 0 1 4 1 0 4 0 2 0 0
   4 4 0 5 3 5 1 2 0 5 5 0 4 0 1 0 1 4 3 5 2 0 3 2 4 4]
  [0 4 1 1 0 4 0 0 3 0 3 5 3 4 4 3 0 0 4 3 0 2 4 4 0 1 1 0 0 4 0 5 4 5 2
   4 3 3 0 5 3 5 5 5 3 5 5 0 5 5 3 0 1 5 3 4 2 0 5 4 2]
  [0 4 4 3 4 0 1 0 0 2 4 3 2 3 2 1 2 4 1 3 4 2 4 5 0 0 0 4 5 5 0 3 0 2 2
   3 0 3 0 2 0 1 0 4 2 5 3 4 5 2 2 3 0 2 0 1 5 2 2 2 5]
  [0 3 0 3 4 2 0 3 4 3 5 0 0 5 1 0 4 3 2 1 2 4 5 0 2 5 5 4 0 0 2 0 3 2 3
   2 0 1 4 2 1 5 2 5 2 0 1 1 0 1 3 3 1 1 3 5 1 3 1 5 2]
  [0 4 3 0 5 3 3 0 5 0 4 2 3 4 3 0 1 0 1 2 1 1 4 0 2 5 2 0 1 4 4 4 4 2 0
   0 1 4 1 2 3 3 2 0 4 2 4 3 1 3 5 4 0 4 4 0 5 2 3 3 0]
  [0 2 5 1 0 2 2 5 0 2 0 1 3 0 5 4 1 0 4 5 0 0 2 1 0 5 3 4 4 0 0 0 5 2 5
   5 0 3 1 0 4 2 5 0 2 4 0 3 2 0 0 1 0 3 0 0 2 3 0 3 4]
  [0 1 4 0 0 5 0 3 3 0 4 0 1 3 1 5 2 4 1 5 5 4 4 4 2 0 5 2 5 2 4 1 0 0 5
   3 0 2 3 0 1 1 5 1 2 4 1 0 1 1 3 5 2 1 4 3 3 3 1 0 1]
  [0 2 2 3 0 4 3 5 5 1 0 4 4 5 2 4 4 2 5 3 5 4 1 3 2 4 4 2 0 4 3 2 2 5 4
   0 1 1 1 3 4 1 5 5 5 2 4 5 3 4 5 5 5 3 3 2 1 5 2 5 5]
  [0 4 4 1 1 2 0 5 0 2 1 0 2 5 2 2 2 2 3 2 5 4 2 4 5 3 4 2 4 3 2 3 5 2 1
   5 1 2 2 4 2 2 4 4 5 4 3 2 2 1 1 3 0 0 2 5 4 5 3 0 5]
  [0 1 5 1 2 2 3 2 3 0 1 4 0 4 0 0 5 2 3 2 0 0 2 3 1 4 4 1 4 2 5 4 3 1 1
   4 0 1 0 3 4 1 2 1 4 2 4 4 3 2 4 5 5 3 4 4 5 4 1 5 2]
  [0 0 4 3 4 5 1 2 5 5 0 5 2 0 1 4 1 1 1 1 3 0 3 0 5 2 2 0 0 4 5 0 2 0 2
   3 1 4 5 2 2 4 1 3 5 3 2 2 0 4 3 2 3 2 4 4 3 2 2 4 0]
  [0 1 5 5 4 1 1 4 1 3 1 2 3 0 0 3 5 1 3 0 5 2 2 4 3 3 3 5 3 4 1 0 5 0 0
   5 0 4 2 5 0 5 2 0 1 2 1 0 5 3 1 4 0 3 4 3 0 0 1 4 1]
  [0 5 0 0 0 1 4 4 4 2 0 1 4 4 2 0 3 0 0 1 0 0 3 1 3 5 5 5 2 2 0 0 0 3 3
   5 0 4 3 1 1 2 5 1 0 3 0 4 0 2 3 2 0 3 3 1 4 5 0 0 2]
  [0 5 1 3 4 2 0 2 3 3 3 1 1 1 4 4 0 4 2 4 4 5 5 2 5 1 3 4 0 4 3 4 4 2 3
   0 0 1 3 4 4 4 4 4 4 3 5 2 3 1 3 0 2 5 2 5 4 3 1 3 2]
  [0 3 4 0 3 3 0 2 2 0 5 1 2 2 1 0 5 0 4 3 4 1 2 4 1 1 0 3 2 4 1 3 5 3 5
   4 5 4 4 5 0 1 2 1 4 0 1 4 2 5 2 4 1 3 0 1 4 0 1 0 3]
  [0 4 1 0 3 2 0 0 2 2 4 0 3 5 1 2 0 4 0 2 1 2 0 5 1 0 0 1 1 4 5 3 5 3 1
   4 0 1 3 2 2 5 1 2 4 5 0 5 4 2 5 3 5 1 0 5 0 2 5 1 1]
  [0 5 5 2 4 1 1 2 1 3 2 1 2 3 2 2 1 4 1 0 5 1 0 0 4 1 4 3 1 5 2 5 3 5 2
   2 4 5 3 3 5 3 4 2 1 4 0 3 0 0 5 4 0 3 1 4 2 0 5 2 0]
  [0 0 5 5 4 0 4 1 0 2 5 5 0 2 3 5 5 2 1 5 0 0 0 1 2 4 2 3 0 0 0 1 2 2 0
   5 3 5 0 0 0 0 0 3 1 4 1 5 0 4 1 4 4 1 1 5 1 1 0 3 1]
  [0 3 0 2 2 5 4 2 2 3 0 1 0 5 5 4 5 5 3 2 0 0 5 5 5 2 5 3 1 0 1 5 3 4 3
   0 2 5 5 0 2 5 0 5 3 4 4 5 2 1 4 0 0 4 0 3 0 0 2 1 3]
  [0 3 3 5 2 2 3 3 2 0 5 1 0 4 0 0 5 5 3 1 1 4 0 5 5 5 4 5 2 4 0 5 2 3 0
   2 4 4 5 0 0 2 4 1 0 4 0 3 0 1 1 0 1 5 3 5 5 5 5 3 3]
  [0 3 1 0 4 5 3 3 0 0 0 4 2 5 4 3 1 2 4 5 5 1 3 0 0 0 3 3 5 3 3 1 5 5 0
   1 3 1 3 0 1 4 2 0 4 5 2 0 0 4 1 2 0 1 2 5 1 2 3 1 3]
  [0 5 1 3 2 1 2 3 5 4 0 5 2 2 2 2 1 0 2 2 3 5 0 2 0 0 3 5 2 4 0 5 0 2 3
   4 4 0 4 3 4 5 4 1 5 4 1 1 0 4 3 0 1 3 1 0 0 0 4 5 0]
  [0 3 1 1 2 5 5 2 4 1 5 3 5 5 2 2 3 5 1 0 1 3 0 5 3 0 5 2 2 1 3 5 5 5 4
   3 5 5 0 4 1 1 2 1 3 0 4 0 3 5 0 0 3 0 1 5 1 2 3 2 5]
  [0 0 4 3 5 1 4 3 3 5 1 1 3 2 1 2 1 3 2 0 1 5 0 0 1 0 0 4 3 3 0 0 1 0 2
   1 0 2 4 4 3 4 1 4 0 4 3 2 1 2 4 3 5 5 1 5 1 2 1 0 1]
  [0 2 3 5 3 3 0 2 3 2 1 5 4 2 2 5 1 0 2 1 4 5 4 1 0 0 3 0 3 5 0 1 1 4 5
   4 1 4 2 3 1 5 4 5 0 4 5 4 2 5 5 0 4 4 2 5 1 2 4 4 1]
  [0 5 0 0 3 5 0 4 2 4 4 1 4 2 4 2 5 0 4 5 0 4 2 0 0 3 4 2 0 4 4 5 5 0 1
   5 5 4 1 0 3 0 0 4 1 5 3 1 1 0 0 1 3 0 4 2 4 3 1 1 1]
  [0 1 0 2 2 4 1 2 5 5 1 3 5 4 2 4 3 0 0 2 0 2 2 3 0 2 3 0 1 0 4 3 2 4 4
   3 3 5 3 2 0 5 4 2 1 0 2 3 3 2 5 4 3 2 3 2 0 1 2 0 2]
  [0 3 1 0 5 2 1 0 5 1 2 3 4 2 2 2 0 3 0 0 2 4 3 0 0 2 1 5 2 4 0 4 0 4 4
   5 5 3 3 1 1 5 0 1 1 5 5 0 5 5 5 0 0 2 1 1 2 4 5 2 0]
  [0 2 0 0 5 0 2 1 3 1 2 5 5 4 5 5 0 1 2 4 4 2 1 0 4 1 5 4 3 4 3 0 1 3 5
   3 0 4 5 4 5 3 2 3 1 0 0 0 5 5 4 4 1 0 2 3 2 2 5 0 1]
  [0 4 1 2 3 3 4 3 2 4 0 0 2 2 0 3 3 4 1 5 5 3 1 2 5 5 4 1 1 2 5 2 0 0 0
   5 2 3 1 1 0 0 2 1 2 4 0 2 1 1 1 5 1 0 0 4 0 5 4 1 1]
  [0 1 5 0 1 1 5 2 2 1 5 1 1 2 4 2 1 4 3 1 4 4 4 5 2 2 0 3 5 1 0 5 1 0 2
   5 1 5 2 4 3 0 1 2 5 5 0 2 5 5 3 1 1 5 2 0 1 3 3 5 3]
  [0 5 1 4 2 5 2 3 3 3 2 2 4 3 0 1 5 1 1 5 1 0 3 0 1 4 0 3 5 1 1 2 0 4 0
   2 5 3 2 3 1 0 2 2 5 3 4 4 5 4 0 0 0 3 4 4 3 5 0 2 0]
  [0 1 2 1 5 4 5 5 0 1 0 4 3 5 2 3 1 3 5 5 5 3 4 5 1 2 4 2 1 4 0 5 2 1 3
   0 5 1 4 3 0 0 0 0 2 2 0 4 2 5 2 4 1 4 0 2 2 0 4 2 2]
  [0 3 0 0 4 1 2 2 3 1 1 0 4 4 1 1 3 0 3 0 0 4 2 5 4 3 3 4 0 3 2 4 5 2 5
   0 0 3 4 1 5 5 2 2 4 5 1 0 0 3 2 5 1 1 2 3 4 5 0 4 1]
  [0 3 4 4 3 0 3 2 0 4 4 2 4 0 4 5 5 0 0 1 3 2 0 5 5 2 3 1 5 5 1 5 0 1 4
   2 0 0 5 2 0 0 2 2 1 4 5 0 1 5 3 3 3 1 1 4 5 3 2 2 1]
  [0 0 3 1 0 3 5 1 5 5 0 5 2 4 3 5 1 1 4 2 0 1 2 2 2 2 0 5 3 2 4 1 1 1 2
   5 5 3 0 4 1 4 4 1 4 5 3 5 1 3 4 0 4 1 3 5 5 1 5 2 5]
  [0 1 5 2 3 5 2 4 5 0 3 3 4 2 3 4 1 3 0 3 4 4 4 0 3 0 0 0 3 5 5 0 1 5 1
   1 3 1 4 0 4 3 0 1 4 4 4 5 2 1 0 2 0 4 1 2 2 5 3 3 4]
  [0 3 5 5 0 2 2 3 1 4 3 0 0 4 4 2 5 0 3 4 2 2 2 5 3 1 2 3 5 1 4 5 2 2 2
   3 3 2 4 2 0 1 3 5 4 2 2 5 4 2 0 4 0 2 1 2 4 5 5 2 5]
  [0 0 3 1 2 5 0 4 5 5 4 3 2 2 4 0 3 2 5 1 2 1 2 3 0 2 3 5 3 3 2 5 0 3 1
   1 4 5 0 3 4 0 1 3 5 5 4 3 5 4 5 0 5 0 0 5 0 0 0 0 4]
  [0 4 5 4 2 2 3 0 4 1 2 4 4 0 2 3 5 1 3 2 1 3 1 0 2 1 1 2 4 1 2 5 3 4 0
   2 4 1 1 0 2 1 0 4 4 3 1 5 0 4 0 3 1 5 0 5 0 1 5 0 2]
  [0 2 0 2 4 5 1 4 2 5 2 1 4 2 0 1 1 3 3 5 3 4 0 1 2 2 3 5 3 1 5 4 1 1 4
   0 5 2 4 5 5 1 0 0 1 2 3 2 3 2 5 4 5 3 1 4 0 4 5 1 5]
  [0 2 4 0 2 2 4 0 4 2 5 5 0 3 1 4 1 3 0 1 0 0 3 2 5 5 2 0 1 5 3 4 4 2 0
   2 2 1 1 2 2 3 2 3 0 0 2 0 5 5 2 1 5 3 4 0 1 3 2 0 3]
  [0 4 4 2 1 3 5 3 1 4 4 1 1 5 1 2 4 1 1 5 1 3 0 3 4 2 1 1 0 1 1 3 0 2 4
   0 5 3 4 0 5 4 4 2 5 0 2 3 2 4 5 1 2 2 4 2 3 3 2 2 3]
  [0 0 0 2 0 4 1 5 4 5 3 2 4 0 0 1 5 0 5 1 0 5 4 4 0 4 2 4 1 2 3 5 1 4 3
   5 3 2 5 2 3 0 4 4 2 0 0 3 4 3 4 1 0 0 4 3 4 3 0 3 0]
  [0 2 2 0 0 0 0 1 4 1 4 4 3 0 4 0 4 5 1 4 1 2 5 4 0 1 5 5 1 0 4 5 2 2 2
   3 0 5 2 1 5 4 3 0 4 2 0 0 2 5 5 0 0 3 3 3 5 0 1 1 3]
  [0 2 5 4 1 3 1 4 3 1 5 2 2 0 4 3 1 0 1 2 2 4 0 0 0 5 2 5 3 5 2 3 4 0 1
   0 4 4 2 1 0 2 5 4 5 4 3 1 0 0 2 5 1 3 2 3 1 1 4 2 1]
  [0 2 4 3 3 3 0 3 5 3 1 1 0 2 2 1 4 0 1 1 2 3 3 5 4 5 2 1 4 2 3 2 4 3 3
   3 2 4 4 2 4 3 2 0 4 0 5 1 0 0 0 2 5 1 3 0 2 5 5 0 2]
  [0 2 2 4 3 4 2 3 0 1 3 0 0 2 1 4 5 3 1 1 1 3 4 0 2 3 5 5 1 3 1 0 4 4 4
   2 3 0 5 2 3 0 3 4 1 2 5 5 0 3 0 4 3 4 2 4 0 0 5 1 2]
  [0 5 2 0 3 3 2 5 5 2 2 0 2 0 3 4 1 4 0 0 0 5 4 3 1 3 2 5 5 3 0 3 2 1 3
   1 1 3 1 1 3 3 4 5 0 0 1 4 3 4 1 0 5 2 5 3 5 5 2 0 1]
  [0 2 4 4 2 0 1 5 3 5 3 1 0 3 1 5 4 3 3 1 4 5 1 4 5 5 1 0 2 4 1 4 3 1 4
   1 4 3 2 3 2 2 2 1 3 2 3 1 4 2 2 1 0 5 4 1 1 2 3 3 0]
  [0 0 0 3 3 2 5 5 2 2 3 3 0 3 3 4 2 3 1 4 1 2 3 0 2 4 0 2 0 3 5 2 5 1 4
   2 2 3 1 5 0 1 4 0 5 1 2 5 0 3 2 2 1 0 4 1 4 3 5 2 1]
  [0 0 4 2 4 0 5 1 5 0 3 0 1 4 4 2 1 3 4 2 0 3 0 4 4 1 0 3 4 0 1 1 1 5 2
   4 2 1 0 5 4 2 5 5 3 4 1 4 0 0 1 4 0 5 0 4 0 2 4 1 1]
  [0 2 0 5 3 4 4 1 3 1 2 0 2 4 5 0 2 4 1 5 2 5 3 5 3 2 0 3 5 4 1 4 1 1 4
   4 3 5 0 5 5 5 5 1 0 1 5 4 0 1 3 4 2 3 1 0 3 5 0 1 5]
  [0 0 1 1 0 3 0 1 1 1 0 4 5 2 4 2 3 5 0 3 2 4 3 5 1 0 2 4 0 0 0 4 3 1 3
   4 3 4 1 1 4 4 5 2 4 2 5 2 0 5 0 2 0 1 0 3 0 1 2 1 3]
  [0 2 2 2 3 5 0 4 0 2 2 4 2 0 2 2 2 3 1 2 4 3 4 3 1 2 2 0 0 1 4 3 0 2 1
   5 4 3 5 3 4 0 0 0 2 5 2 2 5 0 0 2 3 2 0 0 0 0 3 3 4]
  [0 2 0 2 2 4 2 4 4 0 1 5 1 2 0 4 1 5 5 4 5 3 0 0 1 3 2 1 1 5 0 4 4 0 5
   3 2 1 2 3 2 0 4 4 2 1 0 0 2 2 1 4 1 1 5 4 0 1 0 1 2]
  [0 2 2 5 4 0 3 0 1 3 0 3 4 0 3 1 0 1 2 4 2 1 1 1 5 3 0 2 3 2 5 0 1 3 2
   0 2 5 2 1 4 1 4 4 0 1 2 4 4 2 4 3 1 2 3 1 5 2 2 0 5]
  [0 5 1 5 1 1 4 3 4 4 3 1 3 1 4 0 4 0 0 3 3 4 0 4 4 3 4 1 5 1 5 2 4 4 1
   1 5 0 1 4 4 1 2 2 1 1 1 1 0 3 3 0 5 3 2 2 4 3 1 5 0]]

 [[0 5 5 2 1 3 3 5 5 1 1 2 4 0 2 0 0 1 1 0 3 5 3 0 1 3 1 3 2 2 5 1 5 0 5
   3 3 2 1 5 5 5 4 3 4 1 5 5 3 2 0 1 0 0 2 4 1 0 0 1 3]
  [0 0 5 3 5 5 4 3 5 0 2 2 4 3 3 0 4 4 4 1 4 0 3 0 4 3 3 5 1 3 4 5 4 2 5
   5 0 1 2 5 3 0 3 3 2 5 4 2 4 5 4 4 3 4 0 4 1 1 5 5 2]
  [0 3 0 3 5 0 3 2 4 4 5 5 2 4 2 2 0 3 3 0 0 1 1 0 2 4 2 4 0 2 2 4 5 3 5
   2 3 4 2 4 3 2 0 0 0 3 3 0 0 2 0 5 5 5 5 4 3 5 3 5 5]
  [0 0 3 0 2 1 0 2 4 5 5 5 1 4 0 4 3 0 2 5 0 0 1 0 1 3 3 1 1 2 5 4 2 3 0
   3 2 0 3 4 0 5 4 0 5 3 2 4 2 5 3 0 4 5 1 2 0 2 5 3 0]
  [0 2 4 3 0 0 3 4 3 3 0 4 3 5 4 0 0 5 5 2 3 3 1 4 3 3 4 0 0 2 0 0 1 5 4
   0 2 0 2 4 2 4 4 4 4 4 5 0 1 2 0 2 2 4 1 3 3 3 0 1 5]
  [0 4 3 5 5 0 4 1 3 3 1 0 2 1 4 3 3 3 3 2 3 5 5 4 2 0 0 2 5 4 2 2 1 3 3
   4 5 0 5 0 0 3 3 0 4 5 2 5 5 5 4 3 0 4 5 0 1 1 5 1 5]
  [0 4 5 2 0 5 0 0 0 0 4 1 4 0 4 2 0 1 0 4 0 2 5 5 2 0 2 4 3 4 1 5 5 0 5
   2 5 0 1 3 5 4 0 3 3 2 4 3 4 0 4 2 5 2 3 3 5 5 0 4 4]
  [0 3 1 2 5 4 4 0 1 4 4 2 0 1 0 5 3 4 3 0 1 4 5 4 4 3 1 1 5 2 2 5 5 4 2
   4 3 0 3 5 2 3 2 3 1 4 4 4 0 4 1 1 2 1 4 3 4 2 0 0 0]
  [0 3 2 4 1 0 1 5 0 5 4 0 1 0 3 3 0 0 4 5 0 1 1 3 0 4 4 0 0 4 0 0 1 3 1
   5 2 3 4 5 5 1 5 5 4 0 0 0 1 1 3 3 3 4 3 1 0 2 0 3 1]
  [0 2 4 3 1 0 1 0 0 0 5 1 0 0 0 4 0 3 4 2 2 1 2 4 4 5 1 4 2 0 5 4 1 1 5
   0 0 2 3 5 0 5 5 2 5 2 1 4 3 4 2 4 0 5 5 2 0 3 4 5 3]
  [0 2 0 5 2 2 1 3 3 0 0 1 2 3 3 5 5 0 0 5 1 0 1 5 2 5 0 4 2 2 3 4 1 4 2
   3 0 5 1 1 5 3 4 0 5 3 5 0 3 5 4 1 3 5 4 3 0 5 5 5 1]
  [0 4 0 1 5 5 5 3 4 1 2 0 3 4 2 4 5 2 3 1 0 3 5 3 4 4 0 0 3 4 2 3 1 0 1
   1 3 3 5 1 4 0 5 5 4 1 1 2 3 4 4 2 1 5 4 3 5 4 3 1 1]
  [0 4 3 5 0 5 5 5 0 2 0 2 0 0 3 5 4 2 4 1 3 5 1 0 4 4 0 5 1 5 3 5 5 2 2
   1 4 2 5 4 4 1 1 4 1 5 1 0 4 3 0 5 0 1 3 0 2 1 5 3 3]
  [0 3 1 0 4 0 5 1 2 2 5 5 3 0 4 3 4 2 0 4 0 4 0 4 2 0 5 0 4 2 2 3 0 2 0
   1 0 0 5 2 3 0 2 0 4 4 0 2 5 4 2 3 2 2 1 1 1 4 1 4 4]
  [0 1 3 3 4 5 1 0 0 1 0 2 3 5 0 3 5 1 5 1 4 0 0 0 1 0 4 4 3 4 1 3 4 5 2
   3 4 3 5 3 5 3 5 3 1 4 2 5 1 2 3 5 1 3 5 0 2 4 4 3 3]
  [0 3 3 0 5 1 4 4 3 4 2 2 0 0 3 0 2 2 2 5 4 0 3 0 3 1 2 0 5 4 4 5 2 5 4
   3 2 5 1 3 2 1 4 4 0 3 1 5 2 0 0 0 4 1 1 4 1 5 4 1 0]
  [0 4 2 5 0 4 0 2 2 2 2 5 3 2 2 3 0 3 3 0 0 2 0 0 2 5 1 5 3 5 3 1 2 5 4
   2 5 5 5 0 0 3 2 5 3 4 0 4 0 3 3 2 0 1 5 3 4 2 3 1 3]
  [0 5 5 2 3 1 3 0 4 1 3 1 4 3 5 1 3 0 0 4 5 4 5 5 2 0 4 3 4 1 1 3 4 0 1
   2 5 0 3 0 5 4 1 3 2 5 2 0 2 2 4 3 2 1 3 0 3 2 1 4 1]
  [0 3 5 2 0 5 3 2 0 1 4 4 4 0 1 3 1 0 0 0 2 1 5 3 0 3 5 5 2 1 3 1 4 2 4
   1 2 5 0 2 0 3 3 2 3 2 0 3 1 5 5 5 1 1 1 4 3 3 4 1 4]
  [0 4 3 3 2 4 5 5 4 2 4 3 0 1 2 2 4 0 1 0 3 4 2 5 2 1 5 4 5 5 4 4 4 0 5
   4 4 1 0 2 3 3 5 1 4 1 4 5 5 0 5 4 4 3 1 3 1 2 5 4 3]
  [0 2 1 5 0 4 1 5 0 2 1 5 4 0 1 4 1 1 5 2 0 4 4 2 4 5 1 4 0 4 2 1 3 1 1
   3 1 0 3 4 2 4 3 3 4 0 4 1 5 4 0 4 3 0 3 5 4 1 4 1 5]
  [0 2 4 2 2 3 0 5 5 1 5 3 5 1 4 4 1 0 4 1 4 0 0 0 1 5 1 0 5 2 4 5 1 5 0
   0 4 0 5 4 4 4 3 1 2 3 0 4 5 4 0 0 2 1 4 5 2 5 0 5 5]
  [0 2 5 3 5 4 2 5 5 3 0 5 0 3 3 4 3 0 4 5 2 2 0 2 5 2 2 2 0 5 1 2 0 5 3
   1 3 1 5 3 2 5 0 1 5 5 4 2 2 3 5 3 4 4 0 3 5 5 2 2 4]
  [0 3 4 4 2 2 1 3 5 3 3 4 5 3 1 3 5 4 2 3 0 0 1 0 5 0 2 2 5 3 1 3 4 4 3
   4 4 4 2 5 2 2 0 0 0 5 3 4 1 5 4 3 1 2 0 2 4 5 5 3 5]
  [0 4 4 4 0 3 5 4 1 5 3 2 1 4 1 2 3 1 3 4 1 0 0 1 0 1 3 1 0 2 1 0 0 0 2
   3 3 1 3 1 4 2 1 2 1 5 5 3 4 1 1 3 4 4 5 2 0 1 4 4 2]
  [0 5 3 0 2 3 1 5 4 5 2 2 2 1 0 4 0 0 0 0 5 4 2 5 1 0 4 4 3 5 5 4 0 5 4
   3 4 2 5 1 1 3 5 3 0 3 0 5 4 1 4 1 1 3 5 2 3 3 2 2 1]
  [0 0 4 0 2 5 4 5 4 0 0 5 2 2 1 3 1 4 1 0 3 2 0 5 1 3 0 3 2 1 4 5 3 1 5
   1 1 5 2 1 5 2 0 3 1 5 5 4 1 0 0 1 0 4 1 1 1 4 0 4 0]
  [0 1 3 4 3 1 5 1 0 5 5 2 0 2 3 3 3 3 1 2 4 1 3 1 4 2 5 0 4 3 5 3 2 3 0
   3 2 1 2 3 3 5 1 1 2 4 4 2 3 2 1 2 1 2 5 3 3 5 3 1 5]
  [0 2 2 0 2 0 2 4 3 3 3 4 5 5 0 2 2 0 5 4 0 1 0 2 5 4 1 3 0 1 4 3 4 4 2
   3 2 0 2 4 5 4 2 4 5 2 4 5 2 1 0 2 3 1 4 0 1 5 4 0 5]
  [0 4 4 5 2 4 4 5 1 3 4 0 0 0 3 2 5 3 2 1 0 0 1 2 0 5 3 3 0 0 0 0 1 1 1
   2 3 4 1 5 1 3 3 2 3 2 3 5 5 2 3 2 1 5 2 0 1 2 2 0 5]
  [0 5 3 2 2 2 5 0 1 5 1 1 0 2 4 3 4 2 1 0 3 4 3 0 1 4 4 3 4 5 0 0 4 3 1
   4 5 5 4 4 3 2 2 0 1 4 0 1 1 1 0 2 4 2 5 0 4 2 0 5 4]
  [0 3 5 1 2 1 5 2 0 4 0 3 4 4 4 3 5 1 1 2 3 5 2 1 3 1 4 0 0 3 4 0 0 4 3
   2 4 0 0 4 0 0 4 0 3 2 0 0 1 5 4 0 5 2 3 1 2 1 4 5 1]
  [0 4 5 5 4 3 0 4 2 4 2 1 0 4 0 0 2 1 0 0 5 4 1 1 4 3 5 2 3 1 4 5 0 3 3
   3 4 1 5 5 5 3 2 3 2 5 4 5 3 5 1 5 5 5 5 5 2 4 5 5 1]
  [0 1 3 4 1 0 3 3 0 3 1 0 1 4 4 3 3 1 2 0 2 4 3 4 3 5 0 4 3 5 1 5 1 0 0
   4 0 2 1 1 0 2 1 2 4 5 5 2 4 5 2 4 3 3 5 2 5 3 1 5 1]
  [0 2 0 1 2 2 1 4 2 3 4 2 4 4 1 1 4 5 3 3 1 3 4 5 5 4 5 1 4 0 0 3 4 2 0
   2 2 3 0 2 5 2 2 3 3 0 0 3 1 4 2 2 3 3 1 1 1 5 4 3 5]
  [0 0 2 0 0 4 1 0 0 0 4 2 5 2 3 4 3 5 0 3 1 2 4 5 2 1 2 5 4 2 4 0 0 3 4
   0 2 2 1 0 0 1 4 4 2 3 1 4 4 4 3 2 5 1 3 1 0 0 2 5 1]
  [0 0 3 0 0 1 4 0 3 1 3 5 3 4 0 0 2 1 0 1 2 0 0 5 2 1 5 0 2 2 2 2 1 0 4
   2 0 2 0 1 2 1 0 5 3 2 3 2 4 3 5 0 0 5 2 5 5 4 3 3 4]
  [0 3 1 1 5 4 0 1 1 5 5 1 2 0 0 3 0 5 3 2 5 4 0 2 0 5 0 1 1 3 4 5 2 5 5
   0 1 0 1 1 4 5 2 2 2 5 2 5 4 0 1 3 3 1 1 2 1 2 0 5 4]
  [0 3 4 3 4 2 3 2 1 2 5 3 5 5 2 0 1 1 5 1 0 2 2 3 1 0 3 2 0 1 4 1 0 1 2
   1 3 3 0 3 3 2 1 0 5 4 4 3 2 5 1 0 0 5 2 0 2 0 0 2 0]
  [0 2 3 3 4 4 5 2 4 0 1 3 0 0 5 0 2 0 1 1 3 1 1 0 1 0 2 0 5 3 3 0 1 0 2
   4 2 3 2 0 5 3 2 0 2 3 3 0 2 5 0 3 4 3 2 2 3 3 0 0 3]
  [0 5 5 4 1 1 4 5 0 1 0 1 5 2 3 3 1 5 4 4 2 1 1 4 2 2 1 1 1 5 1 5 0 2 1
   2 2 1 2 5 0 3 5 5 0 2 5 3 5 4 4 5 5 1 1 2 5 1 4 5 5]
  [0 2 1 5 5 5 2 2 5 1 3 0 1 4 2 2 5 2 4 1 3 4 2 2 5 2 4 2 4 0 5 1 0 3 1
   5 3 5 4 0 0 0 5 3 1 4 2 2 3 0 4 4 3 5 4 4 1 4 1 0 0]
  [0 0 3 1 2 2 2 2 0 0 3 4 0 5 5 3 1 4 3 3 0 3 2 4 3 3 0 1 3 2 2 4 5 0 2
   4 0 5 0 5 5 0 0 3 0 3 3 0 5 4 5 0 2 2 4 4 1 0 0 1 2]
  [0 5 3 4 5 2 1 2 3 4 5 4 1 3 0 0 4 1 1 0 5 2 2 0 4 5 0 5 2 2 4 1 2 1 1
   0 2 4 2 1 5 2 3 0 4 4 2 1 0 1 5 1 0 3 1 0 3 3 3 5 1]
  [0 3 4 1 1 0 3 5 2 4 4 5 3 5 0 4 5 0 5 2 3 0 1 0 5 1 1 3 5 0 3 1 3 4 5
   5 0 4 1 4 4 4 2 4 0 0 3 1 0 0 1 0 1 3 4 3 2 1 1 3 5]
  [0 2 2 4 0 5 2 5 5 1 3 0 4 5 0 3 0 5 3 5 0 3 2 2 0 3 4 5 1 1 3 2 0 1 2
   4 5 5 0 4 2 3 3 3 5 0 2 4 3 3 5 1 5 5 4 3 4 5 3 4 1]
  [0 2 3 3 3 4 1 3 3 2 3 1 5 5 5 1 5 4 1 3 1 1 4 2 2 1 0 1 0 2 2 5 3 1 0
   1 1 0 0 1 0 0 3 3 1 3 0 1 1 2 0 4 0 3 1 5 2 4 3 3 5]
  [0 4 3 0 1 1 2 2 4 3 0 3 4 5 5 5 1 5 5 0 1 5 5 3 1 3 5 1 2 2 4 3 3 2 0
   5 2 0 3 0 4 4 2 2 0 4 0 0 1 1 4 3 3 3 3 1 3 5 2 4 2]
  [0 2 4 4 5 5 2 1 1 0 5 5 1 0 4 2 4 5 3 1 3 4 0 0 4 3 4 1 5 3 1 4 2 1 5
   1 5 3 0 3 0 0 4 5 0 3 2 3 0 0 2 2 5 3 3 0 1 5 5 0 3]
  [0 4 5 3 3 5 5 3 0 4 2 4 0 0 0 4 0 0 1 1 4 2 0 5 4 2 4 0 0 2 2 2 0 2 5
   2 1 4 5 3 0 1 5 2 5 1 4 1 5 0 3 5 0 3 0 0 1 5 5 0 2]
  [0 4 3 1 0 1 1 3 2 3 3 2 2 5 1 3 3 0 3 3 4 1 5 0 1 2 1 5 1 3 2 2 1 2 2
   2 3 0 0 1 2 3 5 3 2 4 0 1 5 0 0 0 2 5 2 2 4 2 4 1 1]
  [0 1 5 2 2 0 4 1 1 0 2 2 0 0 5 2 4 5 3 3 3 3 2 3 4 1 4 0 2 4 1 4 0 4 5
   4 2 3 4 0 2 0 2 5 3 2 0 2 2 3 0 0 1 2 2 2 3 1 2 4 5]
  [0 1 0 0 2 0 3 0 2 0 3 0 2 3 1 5 0 5 2 4 0 5 5 5 4 1 4 0 4 2 1 3 1 1 0
   0 0 5 3 5 0 2 3 0 0 0 4 1 3 4 0 1 0 4 1 2 5 2 4 4 0]
  [0 4 1 0 4 5 5 5 0 2 3 4 5 1 1 2 4 1 4 5 3 0 4 5 4 5 2 3 4 4 2 1 0 0 4
   1 2 3 3 0 1 2 0 4 2 1 0 3 4 3 2 1 0 0 5 4 4 0 2 5 5]
  [0 0 3 1 3 5 4 1 5 1 5 4 3 3 1 2 1 4 0 1 3 0 2 4 4 0 3 0 0 4 0 1 4 1 2
   2 2 4 4 2 4 5 2 0 0 5 5 5 5 3 2 0 3 0 0 0 0 5 0 0 2]
  [0 3 4 0 3 2 2 4 5 2 0 3 2 5 0 5 2 3 3 1 4 5 1 2 1 3 3 5 3 3 3 2 0 5 1
   0 4 2 2 4 3 3 4 0 5 5 4 3 4 5 4 0 1 2 0 0 5 5 4 1 2]
  [0 5 4 3 0 1 3 5 1 0 4 3 1 2 0 3 4 4 3 4 4 0 0 2 4 0 0 1 4 1 5 4 1 2 3
   1 0 2 0 4 2 2 1 1 1 4 3 0 1 3 3 4 0 4 1 2 0 3 1 3 5]
  [0 4 0 0 1 2 4 2 3 4 5 5 3 4 1 1 0 0 2 4 4 3 5 3 0 0 0 1 5 3 3 1 1 3 3
   4 2 4 1 4 0 4 3 1 5 4 0 5 5 4 3 1 3 1 1 2 5 0 4 0 3]
  [0 4 5 0 1 3 4 1 0 3 5 3 4 0 3 1 3 3 5 4 1 5 3 0 2 2 5 1 4 5 3 1 2 0 3
   5 3 4 1 5 0 3 4 0 1 1 1 0 2 1 5 1 2 5 0 1 2 0 0 4 1]
  [0 5 1 4 5 0 3 4 2 2 0 4 0 2 1 4 4 0 0 3 1 4 3 3 2 1 1 0 5 5 4 1 1 5 0
   2 3 2 1 2 2 4 2 3 3 5 4 2 1 4 1 3 0 0 0 1 0 1 1 0 1]
  [0 2 5 4 1 2 2 3 1 0 3 1 0 3 5 4 2 2 2 2 4 2 3 1 1 1 4 1 0 3 4 1 0 0 1
   5 3 1 4 4 3 1 3 3 3 3 2 3 0 4 1 3 3 1 0 4 3 1 0 2 0]]

 [[0 0 4 3 4 1 5 3 4 4 3 3 1 0 4 4 0 1 4 3 5 2 1 0 0 3 3 4 3 4 3 2 1 5 5
   3 1 5 2 2 0 4 3 2 1 0 5 3 0 3 0 1 5 1 4 1 4 3 3 0 2]
  [0 0 3 2 1 0 4 1 0 1 3 1 0 0 3 2 5 0 0 5 0 2 1 3 5 1 0 1 3 3 0 5 1 0 3
   1 4 4 4 1 1 1 4 1 2 0 2 1 3 3 0 4 2 4 1 2 5 0 0 4 3]
  [0 3 0 4 1 4 0 0 1 1 5 1 5 4 4 1 4 1 0 3 1 4 4 2 2 1 2 4 3 1 1 4 1 2 4
   1 1 2 0 1 5 3 1 4 3 4 5 1 0 3 2 4 0 0 5 2 5 2 2 2 1]
  [0 3 0 0 1 4 5 1 0 2 1 1 4 0 4 2 0 2 4 5 0 2 2 0 2 2 0 3 0 5 3 0 1 3 3
   2 4 1 3 0 1 2 4 1 3 0 2 4 3 1 1 1 4 2 3 4 5 1 0 1 1]
  [0 1 4 1 0 4 3 3 5 1 0 0 5 0 1 2 2 2 0 5 4 0 1 1 1 0 0 1 1 4 4 4 2 3 5
   5 1 1 2 1 4 3 5 2 1 4 5 1 4 3 4 4 2 3 2 0 0 3 2 5 4]
  [0 0 0 1 3 0 3 1 3 1 5 3 4 1 1 4 0 5 4 4 3 2 3 3 2 1 2 5 0 2 0 2 3 3 2
   5 4 4 4 5 0 0 0 1 1 3 1 3 0 4 5 1 0 5 1 2 2 2 2 3 0]
  [0 4 0 3 1 0 0 2 4 2 5 3 2 1 4 3 2 0 2 4 1 5 0 0 2 4 0 3 4 0 4 5 0 3 4
   4 1 2 4 4 5 5 4 1 1 0 5 2 2 2 5 0 2 2 4 5 0 5 1 1 0]
  [0 3 3 1 3 5 1 0 2 3 3 0 5 4 5 0 4 0 1 3 5 0 3 4 5 4 4 1 2 4 1 2 1 1 3
   4 2 2 2 0 4 4 4 0 0 0 1 1 4 3 1 4 0 2 0 0 5 2 0 2 1]
  [0 1 0 2 2 4 2 0 0 3 1 1 5 1 1 0 0 5 5 2 2 2 2 5 1 4 0 3 0 4 3 4 1 2 3
   3 4 4 1 0 3 2 4 0 2 3 3 3 0 0 2 0 1 1 2 4 4 3 0 3 4]
  [0 3 3 5 4 0 5 3 0 0 5 1 2 2 4 3 3 3 2 4 5 2 4 5 1 3 2 2 5 1 5 5 5 2 2
   1 4 3 4 1 4 0 2 4 0 0 4 0 1 1 5 0 3 5 5 4 2 2 1 4 1]
  [0 2 1 4 2 3 3 4 4 2 0 4 5 0 4 0 5 3 2 3 1 0 3 3 2 1 1 4 4 1 2 1 0 0 1
   3 0 5 5 4 4 1 0 1 4 5 4 0 4 5 3 1 0 1 4 0 2 0 2 5 2]
  [0 3 3 3 3 5 4 5 3 2 1 0 5 0 2 2 5 4 2 1 3 0 4 4 2 3 0 0 4 4 4 3 2 5 0
   3 5 3 4 1 0 5 1 0 4 4 4 2 1 2 0 0 4 4 5 0 4 5 5 1 4]
  [0 1 3 0 3 0 4 2 5 4 5 2 0 3 0 3 3 3 4 1 2 3 2 4 0 1 5 1 3 4 1 1 0 3 1
   3 1 2 3 5 4 3 4 3 4 1 2 0 0 2 5 2 4 0 5 4 5 4 4 3 2]
  [0 2 0 3 2 1 0 5 1 1 0 4 5 0 1 2 0 4 1 1 2 5 1 2 3 0 1 4 0 3 0 4 5 3 1
   1 4 3 3 0 0 3 4 4 1 0 4 5 5 0 2 1 3 3 3 4 1 2 1 0 4]
  [0 5 0 4 0 0 4 2 2 2 5 2 5 0 0 1 0 4 2 5 4 4 2 4 1 1 4 2 0 2 1 5 3 1 0
   3 5 1 2 5 3 3 4 2 5 0 3 5 3 2 4 3 0 4 2 2 4 4 1 5 1]
  [0 1 0 4 4 5 4 5 2 1 4 1 3 2 2 0 2 5 4 5 5 4 3 3 3 4 0 2 3 4 1 3 1 1 3
   1 2 1 4 2 5 3 5 1 4 4 2 0 2 1 1 4 2 5 5 5 5 1 3 4 2]
  [0 5 2 3 3 3 5 4 4 4 3 0 5 4 4 0 0 1 4 2 0 5 4 2 5 2 3 3 5 5 5 0 3 2 0
   1 1 1 3 0 4 2 1 4 4 4 4 4 1 5 1 1 3 2 3 5 4 3 5 1 0]
  [0 0 1 0 4 3 2 3 2 4 2 0 1 2 3 5 5 0 3 5 1 5 4 2 5 2 0 3 0 2 4 2 0 5 3
   2 2 1 5 4 2 2 5 0 3 1 3 5 2 0 5 2 4 1 1 4 4 2 3 4 4]
  [0 2 2 5 0 3 4 3 0 1 4 3 4 1 5 3 4 5 0 4 5 5 5 3 0 5 5 2 4 5 5 0 4 2 0
   3 4 1 1 3 3 2 5 4 3 2 1 2 1 5 0 0 0 5 2 4 1 2 3 1 5]
  [0 3 1 0 1 1 5 0 2 2 4 2 2 2 4 3 0 0 3 0 0 1 0 4 4 3 3 4 2 5 2 2 2 1 1
   0 4 2 0 5 5 4 1 3 1 4 0 5 3 2 4 5 5 4 1 1 5 0 1 0 2]
  [0 5 2 1 5 5 2 1 2 2 4 0 5 5 1 2 5 0 5 2 0 0 2 2 1 0 4 0 5 2 3 4 5 2 3
   2 4 0 5 2 1 5 4 4 0 4 4 1 4 3 3 1 0 4 5 5 0 2 1 5 0]
  [0 4 3 2 2 4 5 0 1 3 3 0 1 1 3 0 5 1 3 3 3 0 2 2 3 4 1 4 1 4 5 0 0 4 0
   0 1 3 4 4 5 0 5 1 3 5 2 3 2 2 1 4 3 2 2 4 5 4 4 5 2]
  [0 5 4 0 3 2 1 4 3 5 1 0 3 4 1 3 5 3 5 0 4 4 0 1 5 0 5 4 3 1 1 0 4 3 1
   2 1 3 5 2 4 4 2 4 5 3 2 4 5 0 2 3 0 5 0 3 1 3 1 4 4]
  [0 5 4 3 1 1 1 5 4 2 1 1 0 2 0 1 5 3 3 1 5 3 4 0 5 5 3 4 2 1 4 3 4 5 1
   3 3 5 4 0 0 4 5 1 0 5 0 3 0 1 2 3 2 5 2 4 2 5 4 1 5]
  [0 5 4 1 4 0 0 4 0 4 4 5 1 0 0 5 1 2 5 2 4 1 5 3 0 2 4 4 0 5 5 2 1 5 4
   4 0 5 1 5 5 2 1 0 3 3 4 3 4 3 5 2 5 2 1 0 2 1 4 0 2]
  [0 3 5 2 2 3 2 2 3 2 3 2 0 5 0 0 1 5 1 2 2 2 0 0 5 0 3 3 5 1 2 0 1 4 5
   2 3 4 3 2 0 1 4 4 2 5 2 0 4 3 1 1 1 3 5 4 5 5 2 5 5]
  [0 4 0 3 4 3 3 5 0 1 1 1 5 3 5 0 3 1 1 4 2 1 1 3 3 0 0 0 3 3 0 2 3 4 0
   1 2 4 5 5 3 1 1 4 5 0 0 0 4 0 4 4 0 2 0 0 2 2 0 5 0]
  [0 4 1 3 0 1 4 0 3 5 3 0 1 0 2 3 5 2 0 4 3 4 4 2 4 4 1 0 1 3 0 3 4 2 5
   2 3 5 3 4 3 1 1 1 4 3 4 5 0 0 2 4 1 5 2 5 1 3 2 5 3]
  [0 2 2 0 3 2 0 0 4 4 3 2 3 4 4 5 0 3 2 0 5 3 0 1 1 5 3 2 0 5 1 3 4 3 5
   0 4 2 5 2 4 0 2 2 3 1 0 3 4 3 3 4 3 1 5 3 2 3 0 1 1]
  [0 5 3 5 3 0 2 5 4 1 2 0 2 4 0 1 3 2 0 0 5 1 4 1 2 5 3 3 5 0 4 0 1 0 4
   2 2 0 0 3 3 1 3 1 5 3 0 3 3 4 5 2 4 2 3 1 2 3 0 0 0]
  [0 1 5 3 2 2 2 5 1 3 1 1 0 2 0 5 2 0 4 3 1 3 3 2 2 0 4 0 3 3 0 1 4 5 2
   1 5 1 5 0 5 2 1 0 2 3 0 1 3 2 3 4 0 0 2 5 1 5 4 1 4]
  [0 5 1 1 5 5 3 4 2 5 1 3 2 1 5 1 5 1 2 0 5 3 5 5 2 3 1 0 1 0 2 0 0 4 3
   2 1 3 2 1 4 0 3 2 2 5 5 3 2 5 5 5 3 2 0 2 5 1 5 2 4]
  [0 3 3 4 2 0 2 1 3 2 4 5 5 2 0 4 3 1 3 3 0 2 0 4 4 3 0 0 3 4 5 2 0 3 2
   3 2 3 5 3 4 3 5 5 3 0 1 4 0 0 1 5 2 5 0 4 5 1 0 5 1]
  [0 5 5 3 3 0 5 4 3 3 4 1 0 5 3 2 1 4 4 1 2 2 2 4 1 0 1 1 1 2 4 0 2 0 3
   3 0 2 5 2 0 4 0 1 3 3 2 3 0 4 4 5 2 3 3 2 3 5 3 0 2]
  [0 4 3 2 0 1 3 5 3 4 3 3 5 1 2 2 0 3 1 0 1 4 5 3 2 5 5 0 5 2 5 0 1 1 0
   0 2 3 4 0 4 5 4 4 5 1 2 4 2 4 0 1 0 5 0 5 2 1 2 5 4]
  [0 3 4 4 3 5 5 5 0 5 0 4 1 0 4 3 4 4 5 3 2 2 5 3 2 1 2 1 1 2 4 4 1 2 1
   0 5 0 4 0 3 0 0 2 4 4 0 4 3 2 0 2 2 5 3 0 2 5 3 2 1]
  [0 4 1 4 5 2 5 0 5 5 0 5 4 2 1 0 3 0 1 1 0 1 5 5 3 2 3 5 2 2 0 2 5 2 4
   2 0 1 5 1 3 0 4 3 0 4 0 3 5 4 5 0 0 0 2 5 0 1 1 3 0]
  [0 3 5 4 3 1 5 2 0 2 5 4 2 5 4 1 3 2 5 4 4 4 0 5 4 2 1 5 1 5 1 4 3 2 1
   1 2 0 5 1 3 1 4 0 3 3 1 2 5 5 1 3 0 3 2 5 2 3 1 0 2]
  [0 2 1 2 5 3 0 2 5 2 4 2 2 2 4 0 5 0 5 5 4 2 3 1 5 1 3 2 4 2 3 1 5 0 4
   1 1 0 0 4 1 5 5 1 2 4 1 5 3 5 2 4 1 4 0 3 3 3 5 4 5]
  [0 5 0 1 0 3 0 5 5 0 3 2 0 5 5 1 1 4 4 5 1 0 0 2 0 0 0 5 0 1 1 5 5 3 3
   5 4 3 2 0 3 0 3 3 4 5 5 5 3 1 1 4 3 2 5 0 2 0 4 5 2]
  [0 2 3 3 4 4 0 1 1 0 5 1 5 3 0 3 1 1 0 1 1 1 4 5 2 1 1 1 1 3 0 1 0 1 0
   0 0 1 5 2 0 3 1 3 2 2 0 4 0 1 3 1 2 5 5 0 3 1 5 4 4]
  [0 3 2 5 4 5 3 5 1 2 5 2 2 3 5 1 5 5 4 0 2 5 1 1 2 4 5 5 3 3 2 5 1 4 4
   3 2 5 1 4 2 0 3 4 1 2 4 2 4 2 1 4 1 4 3 3 0 1 4 0 4]
  [0 0 2 3 3 4 5 2 4 2 3 5 2 5 2 0 5 0 0 0 5 3 3 4 4 5 4 0 4 3 0 3 3 0 4
   2 5 5 4 1 3 1 0 1 1 3 3 1 1 4 5 5 4 3 0 0 5 5 3 3 4]
  [0 3 0 5 0 1 4 5 2 0 2 5 0 1 3 0 0 4 3 2 3 4 5 2 4 2 3 1 1 4 4 4 3 3 2
   4 3 3 4 5 0 0 0 0 5 2 2 1 3 0 4 4 3 2 3 3 5 1 4 0 4]
  [0 2 5 3 5 2 2 0 3 2 3 3 3 0 5 1 1 5 0 5 3 0 5 0 5 5 1 5 5 4 3 3 1 0 1
   0 2 3 4 2 2 3 1 0 0 4 1 4 1 2 1 4 3 1 5 3 0 2 5 5 3]
  [0 2 0 3 1 5 2 1 5 1 1 5 5 5 0 4 1 5 5 4 0 4 5 2 4 5 1 0 4 2 1 3 2 5 4
   3 0 4 3 3 4 3 5 4 5 0 1 1 4 5 0 3 5 3 0 4 5 4 0 3 1]
  [0 4 5 0 0 0 1 5 3 3 0 5 4 3 2 0 3 4 2 1 1 4 2 1 2 4 1 3 4 1 5 1 1 4 5
   5 2 2 4 5 2 3 2 3 1 3 0 4 3 4 0 2 1 2 3 1 4 0 0 1 0]
  [0 0 1 5 1 2 1 1 4 0 3 0 4 0 0 5 3 3 3 0 3 4 2 1 5 4 4 3 4 0 0 4 1 3 5
   5 1 0 2 5 2 5 5 1 4 4 4 0 2 1 1 3 5 1 4 0 4 3 0 0 4]
  [0 5 1 3 0 0 1 1 3 4 1 0 0 1 3 0 1 5 4 4 5 0 1 0 3 2 5 4 5 2 4 5 3 1 1
   4 0 0 2 2 0 0 3 3 2 0 3 4 0 5 1 1 2 1 2 1 3 5 1 2 1]
  [0 1 5 4 3 3 5 2 2 5 5 5 2 5 2 1 3 4 2 2 3 3 3 2 2 3 5 1 5 5 5 1 4 0 3
   0 3 3 2 0 4 3 2 5 4 2 3 4 2 0 5 2 5 5 4 2 4 0 1 4 3]
  [0 2 5 4 1 5 5 1 3 5 3 3 5 4 5 5 4 3 4 4 1 1 5 1 0 3 3 4 1 5 0 0 1 3 4
   1 0 3 0 1 2 4 5 0 2 5 4 0 1 1 0 0 2 0 5 3 0 1 0 1 4]
  [0 5 0 4 3 2 3 4 0 2 5 0 5 1 0 3 2 3 1 5 2 5 0 4 2 4 5 4 3 0 2 2 4 0 3
   0 0 1 4 2 3 4 3 2 5 4 1 4 3 0 2 0 4 1 1 2 0 0 3 2 2]
  [0 3 0 4 1 0 0 2 0 4 3 4 0 4 4 4 2 5 3 4 4 0 0 0 2 5 1 5 3 0 4 1 1 4 2
   0 0 1 1 0 2 1 2 2 3 3 1 4 5 5 0 3 0 1 1 5 3 2 4 0 2]
  [0 2 4 3 2 0 5 0 2 4 0 2 2 4 0 0 5 5 2 0 3 2 0 3 3 2 4 1 1 4 3 2 4 0 3
   3 0 4 1 1 4 0 5 2 3 2 1 2 2 4 1 1 3 0 2 2 2 5 1 1 2]
  [0 1 0 3 0 4 1 3 4 3 3 5 4 5 3 1 2 3 1 5 2 5 5 2 1 5 4 4 3 0 5 0 1 5 1
   4 0 3 1 2 3 3 4 1 5 4 0 3 4 5 3 1 4 4 0 1 2 1 3 2 5]
  [0 4 0 2 1 2 2 2 2 1 5 1 1 1 0 4 4 1 5 5 5 0 5 2 0 0 1 3 1 3 4 2 5 2 2
   0 5 3 3 1 4 2 2 4 1 1 1 3 0 0 4 5 3 1 3 0 4 2 3 4 1]
  [0 1 1 2 4 3 3 2 2 2 3 1 5 0 1 3 4 0 2 0 0 1 0 1 1 4 0 3 0 2 3 5 2 5 5
   5 1 3 0 5 3 1 5 2 4 4 0 2 3 4 0 2 4 1 4 0 0 5 4 0 4]
  [0 1 0 4 0 4 4 5 3 5 4 3 1 1 2 3 0 4 3 1 5 3 3 3 2 2 5 3 3 2 2 2 1 0 0
   3 5 2 1 5 3 5 1 1 1 1 0 0 2 1 3 3 3 4 2 3 0 0 3 2 5]
  [0 3 4 4 3 3 1 5 0 0 5 5 3 4 4 4 5 3 3 2 2 5 1 0 0 0 2 2 0 3 1 4 0 4 1
   4 1 2 1 2 3 5 4 4 2 5 4 1 2 0 0 2 2 2 0 0 4 3 0 1 0]
  [0 4 2 1 0 5 2 5 1 2 0 3 1 2 4 2 2 4 1 0 1 4 1 4 1 0 1 0 3 3 3 4 3 3 1
   3 1 0 5 4 3 4 2 5 4 2 5 4 0 3 5 2 2 4 1 4 4 0 3 0 3]
  [0 4 2 2 4 3 4 1 1 3 3 1 0 2 1 4 2 4 3 0 5 1 5 3 1 3 0 5 1 5 1 0 4 2 1
   1 2 5 2 2 2 2 1 2 5 1 0 1 1 3 0 3 5 0 5 2 1 0 0 3 0]]

 [[0 3 2 2 0 5 5 3 4 2 5 4 1 4 3 5 5 0 5 5 5 3 4 5 3 4 2 2 5 5 4 1 3 4 4
   1 5 3 2 1 0 0 0 2 2 4 1 4 2 1 0 0 4 2 5 2 1 0 0 1 5]
  [0 0 1 3 2 3 2 1 1 5 2 4 1 1 4 3 3 2 2 2 2 5 0 5 5 3 0 1 1 2 1 2 0 5 2
   2 0 1 5 3 5 5 5 5 3 2 5 0 4 1 5 3 5 1 0 3 0 3 4 4 4]
  [0 3 0 4 1 4 3 5 4 0 5 3 5 5 4 1 3 5 1 2 5 2 2 4 2 3 4 0 4 1 2 2 0 5 0
   2 5 3 5 1 3 2 3 2 3 0 5 2 2 5 1 3 4 2 5 2 3 1 2 4 3]
  [0 5 4 0 5 3 4 2 4 4 1 2 4 2 4 2 2 0 0 0 1 3 5 5 0 3 0 5 0 1 1 0 2 1 3
   0 4 2 2 3 4 2 1 5 2 3 5 2 4 4 0 5 0 2 0 0 1 1 5 1 5]
  [0 1 1 2 0 2 3 0 0 5 3 3 2 0 5 2 3 3 1 2 0 3 5 0 4 1 4 1 5 2 1 2 0 4 5
   2 4 3 3 1 0 2 0 1 5 1 1 0 2 1 3 1 4 4 3 1 2 0 3 3 1]
  [0 3 3 5 5 0 4 0 0 0 2 0 4 2 3 0 2 0 0 2 0 3 3 5 4 1 2 0 4 4 5 1 2 4 2
   1 4 2 0 3 2 5 3 2 5 1 4 2 5 1 2 1 5 3 4 5 4 1 4 5 1]
  [0 3 1 4 0 5 0 1 1 0 4 4 0 1 4 4 0 2 4 0 0 3 2 1 0 5 3 1 1 4 4 5 2 3 5
   0 3 2 0 3 2 3 4 5 1 2 0 0 0 1 0 5 0 2 2 5 5 1 0 5 5]
  [0 0 1 1 4 2 3 0 2 4 0 3 4 3 3 5 3 2 3 3 5 1 5 0 1 0 3 1 0 3 2 1 2 4 1
   0 1 4 4 0 3 0 3 4 4 2 5 3 0 4 2 5 4 2 2 1 2 3 5 1 2]
  [0 4 2 3 1 5 1 4 0 4 3 5 0 2 4 2 3 1 5 2 4 5 3 2 2 1 4 0 1 1 2 5 1 3 4
   3 3 5 1 5 4 2 2 1 1 1 3 1 5 2 3 1 2 5 1 0 5 0 0 2 2]
  [0 1 2 2 4 4 0 4 2 0 1 3 0 0 0 3 4 2 2 2 0 3 2 0 3 0 5 1 5 0 5 3 5 3 1
   0 2 1 4 3 4 3 5 1 0 5 2 2 1 0 3 3 5 5 0 1 3 1 5 0 2]
  [0 4 0 4 5 2 1 3 3 3 0 1 1 4 3 4 4 5 1 2 4 4 0 5 1 5 3 0 1 3 0 0 1 4 2
   0 2 2 4 0 5 1 5 1 1 0 0 3 4 0 2 2 5 5 4 4 4 3 2 3 2]
  [0 4 2 3 5 4 4 4 3 2 3 0 4 4 5 2 3 3 4 4 1 1 5 1 0 0 0 0 2 0 5 4 3 5 1
   0 3 2 3 0 0 4 3 3 2 2 4 3 0 0 4 2 1 4 1 0 0 3 3 0 0]
  [0 0 5 2 1 1 4 5 1 4 1 2 0 3 1 0 2 4 3 4 1 5 4 1 3 2 1 5 4 2 5 1 5 4 2
   2 3 0 0 0 4 2 5 1 3 4 0 4 0 3 4 5 3 1 0 3 0 1 5 4 5]
  [0 0 5 2 3 0 1 3 2 4 3 0 1 0 4 1 3 0 4 0 5 5 5 2 3 3 1 2 2 5 5 3 1 2 3
   1 5 4 5 1 1 3 4 1 3 1 5 0 2 0 5 0 4 1 0 5 1 0 4 3 3]
  [0 0 4 4 5 3 3 0 0 0 1 4 3 1 0 4 1 1 2 1 5 4 5 3 1 4 0 3 4 4 1 0 4 2 2
   4 4 5 5 0 0 4 2 5 4 1 5 5 1 1 0 0 2 0 5 2 3 4 5 4 1]
  [0 1 2 3 0 5 0 1 0 0 3 1 3 3 3 0 3 5 5 3 0 3 5 3 4 4 3 2 4 3 3 0 0 3 0
   3 2 2 0 4 1 3 0 3 1 0 4 3 5 0 0 2 1 3 4 5 1 3 2 1 0]
  [0 0 2 2 2 4 1 0 4 1 4 1 4 3 1 0 0 4 1 3 3 5 5 0 4 4 2 1 1 1 5 3 0 5 3
   3 5 0 3 4 1 5 1 2 0 3 0 2 5 1 0 2 5 3 1 4 4 1 2 2 3]
  [0 0 3 3 0 5 5 3 5 2 4 5 2 0 1 2 1 0 3 1 1 3 0 3 1 3 5 4 3 5 4 5 0 4 0
   3 0 2 0 5 0 1 4 2 0 1 4 2 2 4 3 0 0 2 2 0 5 4 1 1 0]
  [0 3 1 5 5 5 1 5 3 4 0 3 5 2 4 2 2 4 0 1 1 0 5 3 3 2 1 4 0 0 3 0 1 0 0
   4 1 1 1 3 1 4 2 4 4 3 2 3 1 2 1 1 4 2 5 5 2 0 4 5 4]
  [0 5 3 2 2 2 4 5 5 4 3 1 2 0 4 5 4 3 3 0 2 4 1 0 4 1 1 3 2 0 1 2 1 1 1
   3 3 5 5 4 5 3 2 3 1 3 0 0 5 1 3 0 0 1 3 4 1 1 0 4 5]
  [0 1 3 3 3 0 3 4 2 2 2 4 3 5 2 0 4 3 1 4 0 2 4 2 3 3 3 1 0 0 4 2 2 2 2
   1 4 4 2 5 2 5 1 2 4 4 0 1 3 1 3 1 1 4 1 5 2 2 1 2 5]
  [0 0 3 1 4 1 3 4 1 4 4 2 4 5 4 4 2 2 1 0 0 0 1 1 0 4 4 3 2 1 5 0 5 2 3
   4 4 3 5 1 4 0 3 4 4 2 1 0 0 1 3 2 4 4 5 1 4 3 5 2 1]
  [0 5 3 5 4 5 4 2 1 1 0 3 2 4 5 5 4 0 0 0 4 4 0 0 1 5 3 2 4 0 2 1 4 0 3
   1 1 4 3 4 5 1 0 0 1 3 5 1 1 3 0 4 5 4 4 5 5 1 5 3 2]
  [0 1 4 0 0 0 4 2 2 0 5 2 3 4 3 3 4 1 5 0 1 3 3 0 0 0 3 0 1 4 0 2 3 3 3
   1 1 5 1 5 0 2 1 3 1 3 2 2 3 3 2 1 4 0 0 4 3 3 4 0 3]
  [0 2 5 5 3 5 0 0 2 3 3 3 1 5 2 5 5 1 3 4 1 0 0 0 0 5 4 1 4 4 5 4 5 0 4
   5 0 5 0 2 3 0 2 0 2 4 0 2 5 3 4 4 2 3 3 4 5 4 3 5 4]
  [0 1 5 2 0 4 2 3 1 0 1 2 5 4 0 1 3 4 0 5 2 5 3 0 1 0 3 2 3 0 3 5 3 1 5
   2 4 5 3 1 4 3 2 2 1 1 1 2 3 1 5 1 4 3 2 1 3 1 0 3 3]
  [0 5 4 3 1 3 5 1 4 1 0 3 0 2 1 1 5 4 5 2 2 1 4 2 5 1 0 2 2 2 3 1 0 1 1
   5 0 3 3 4 5 5 3 3 2 3 3 0 4 5 0 4 5 1 3 5 3 1 5 3 3]
  [0 5 1 0 2 2 2 2 0 0 4 5 5 5 3 3 4 3 1 3 3 5 1 4 3 3 3 0 3 3 1 5 2 4 1
   4 2 4 3 2 1 0 5 4 3 5 2 1 2 2 3 5 5 4 4 3 2 4 3 5 2]
  [0 0 2 0 2 5 4 4 0 5 5 1 4 0 1 1 1 0 0 2 2 1 1 0 4 3 2 3 0 5 4 1 1 3 3
   0 3 3 1 5 3 3 5 0 4 3 5 2 4 3 1 2 1 4 3 1 5 5 0 2 1]
  [0 0 0 4 4 5 4 0 5 1 0 3 2 4 1 3 3 2 5 4 0 3 0 5 1 0 1 0 4 0 4 2 4 4 3
   4 2 5 2 0 1 5 1 5 4 5 2 5 0 5 2 4 4 4 2 1 2 0 3 3 5]
  [0 0 4 1 2 1 1 5 4 0 5 3 5 0 3 5 4 4 2 2 2 5 1 4 3 0 4 4 0 4 0 4 4 0 1
   3 5 0 3 5 4 1 2 2 1 0 3 3 0 5 5 0 5 4 1 0 4 2 5 1 3]
  [0 5 1 2 0 1 4 1 5 5 1 5 5 5 0 0 4 2 3 0 3 5 5 2 3 4 3 1 5 3 0 0 4 0 3
   0 2 3 1 2 4 5 5 0 2 0 2 2 0 0 0 4 4 4 4 0 3 5 1 5 4]
  [0 5 2 5 0 0 1 5 5 0 3 0 4 4 3 5 4 4 5 3 2 3 5 1 0 1 5 2 3 3 1 1 0 5 3
   3 1 5 2 4 2 3 1 2 0 4 0 3 2 1 2 3 0 2 4 3 4 5 2 5 2]
  [0 5 0 1 4 4 5 4 5 2 1 3 5 0 1 3 3 2 0 4 1 1 1 4 1 2 1 2 3 1 4 3 1 0 3
   4 3 3 1 0 3 2 5 2 0 3 1 1 5 0 0 2 1 5 4 2 5 1 5 2 5]
  [0 4 4 1 5 5 1 1 2 1 5 2 5 2 5 1 2 5 1 3 1 0 0 5 4 5 5 1 1 4 4 0 5 3 0
   3 5 3 2 2 3 3 2 1 2 4 1 2 4 0 2 1 3 0 3 2 4 3 1 0 3]
  [0 1 1 2 4 1 0 1 0 1 3 1 0 3 4 0 0 2 0 3 0 0 2 1 5 1 0 5 5 4 5 2 2 5 3
   0 5 5 3 0 1 2 1 3 4 0 4 4 1 3 3 5 1 0 3 3 3 0 5 5 1]
  [0 5 0 5 1 2 0 0 5 5 1 3 2 3 5 4 5 3 4 1 3 0 4 0 1 3 3 5 3 2 1 3 1 2 1
   4 0 1 3 5 5 4 5 3 2 4 4 1 4 5 3 1 0 5 4 1 0 1 2 1 4]
  [0 5 3 2 1 1 2 2 3 1 3 2 4 5 0 2 4 1 0 4 2 2 3 5 5 0 2 2 3 0 5 2 5 3 3
   0 0 0 4 0 4 3 5 2 3 2 5 0 1 1 3 2 4 1 5 4 3 0 2 1 0]
  [0 4 5 2 4 2 3 4 1 0 0 5 2 1 2 2 2 3 0 4 4 4 1 1 4 1 5 3 0 1 1 1 0 3 4
   5 5 5 0 5 4 4 4 1 1 4 0 1 1 3 3 0 1 2 1 4 0 1 3 1 3]
  [0 5 2 4 2 2 4 3 3 2 0 2 2 1 3 3 2 3 0 1 5 4 3 2 3 2 2 4 3 5 4 3 4 5 3
   0 5 4 1 0 1 5 2 5 2 2 5 0 5 5 5 3 2 1 1 4 3 0 4 1 2]
  [0 0 0 0 0 0 1 2 5 1 0 3 5 5 5 1 1 0 2 1 0 0 2 3 3 2 3 5 3 1 5 1 0 0 2
   5 2 4 4 5 0 0 2 5 2 4 0 0 2 4 2 2 4 4 0 0 1 3 5 2 1]
  [0 5 4 4 3 0 3 0 2 3 4 4 0 5 1 2 0 2 0 5 5 3 5 4 3 2 5 4 5 3 5 3 2 2 1
   5 2 1 5 5 2 0 4 3 1 0 2 4 5 1 1 0 0 3 5 0 4 1 1 3 4]
  [0 2 1 4 4 2 1 1 2 5 5 5 4 3 0 1 1 5 2 3 5 5 2 0 5 1 2 5 1 3 5 4 0 3 0
   0 5 3 5 1 4 4 0 5 4 1 4 0 2 3 4 1 0 1 3 2 2 2 0 1 5]
  [0 4 0 4 3 2 3 1 2 3 4 2 0 3 1 2 4 5 1 0 5 1 4 5 2 1 4 5 4 0 0 0 0 4 5
   4 4 5 5 2 2 3 4 0 5 0 0 2 3 2 4 2 5 1 0 1 3 4 4 3 5]
  [0 1 3 1 1 5 4 4 1 5 1 3 4 1 3 3 3 4 2 4 5 4 0 5 4 1 4 0 5 2 0 0 0 3 0
   2 5 1 4 3 5 3 0 3 0 3 5 4 2 4 4 5 1 2 4 3 0 1 1 3 5]
  [0 0 3 5 1 2 0 2 4 4 3 3 0 3 1 3 2 4 5 0 5 2 4 4 4 0 5 3 1 5 0 5 3 1 1
   1 0 5 1 0 5 5 3 3 4 0 4 2 5 3 4 1 2 1 5 5 2 2 0 2 5]
  [0 2 2 5 1 4 1 5 2 1 1 0 3 3 3 4 5 1 5 5 1 0 4 1 2 5 0 5 1 4 4 4 3 2 1
   3 4 3 2 4 0 3 5 2 4 0 0 0 4 0 2 0 2 4 3 4 1 4 5 2 5]
  [0 5 1 0 2 4 3 5 3 0 4 2 4 5 2 5 1 2 1 1 1 2 3 3 3 3 3 4 1 2 3 4 4 0 0
   0 0 4 1 5 5 0 3 1 2 3 2 0 5 0 3 3 0 1 1 3 5 0 1 4 3]
  [0 0 2 5 2 0 2 3 5 5 1 5 0 5 3 1 4 3 5 1 5 5 1 1 0 1 4 2 1 2 2 2 1 0 1
   3 0 0 1 3 2 5 2 4 0 2 3 2 0 4 5 3 0 4 2 2 3 0 2 0 0]
  [0 0 1 5 4 5 2 5 1 2 0 3 1 1 3 4 3 4 1 1 1 3 4 5 2 5 0 5 4 3 1 3 2 4 1
   5 4 4 0 2 2 2 1 3 1 3 0 2 0 0 2 2 0 4 2 5 5 2 2 0 2]
  [0 1 1 5 5 2 3 4 0 3 3 0 1 5 5 3 5 1 0 3 1 1 2 0 3 5 0 2 3 1 5 2 5 1 1
   5 4 0 4 3 5 0 0 0 4 5 3 4 3 4 0 2 5 4 3 3 5 3 4 2 3]
  [0 3 2 4 0 3 0 3 1 3 0 1 1 1 3 2 3 3 5 5 0 0 0 5 2 3 5 4 5 2 4 0 4 5 4
   4 0 5 2 0 0 3 0 2 0 1 1 4 1 5 3 0 3 3 1 0 3 3 2 2 0]
  [0 3 5 3 2 1 1 0 4 4 5 2 1 4 5 4 4 5 1 4 0 0 5 4 5 4 5 2 4 2 3 1 1 3 3
   0 3 5 2 4 4 4 5 4 4 2 2 4 2 4 1 4 0 2 0 3 1 2 3 2 0]
  [0 4 0 5 0 3 0 5 2 3 2 1 5 2 1 4 2 5 1 1 5 1 5 3 0 1 3 3 1 2 4 5 4 4 1
   5 0 1 0 4 2 0 5 2 0 1 0 0 3 3 2 3 3 0 0 3 4 2 5 4 4]
  [0 3 4 3 1 0 3 0 0 1 1 0 5 4 4 2 5 5 1 5 3 2 4 4 0 1 0 1 5 0 5 0 4 2 0
   1 2 0 5 3 2 4 0 5 2 2 1 0 0 2 4 4 1 1 0 3 0 0 5 2 4]
  [0 1 1 5 4 1 3 1 5 5 1 2 2 4 3 2 5 5 5 4 5 3 5 4 1 3 0 0 4 1 4 5 2 2 0
   0 0 1 1 4 2 0 3 5 4 5 0 0 2 5 3 0 5 2 1 0 5 3 0 5 1]
  [0 0 0 0 0 0 3 3 2 4 0 4 2 1 5 1 0 5 1 5 5 0 0 0 1 0 1 1 1 1 2 3 1 2 4
   2 5 0 3 0 0 2 1 3 3 3 0 3 4 4 5 4 0 4 1 3 0 0 3 0 0]
  [0 5 4 3 0 0 0 1 4 0 1 0 0 5 0 1 3 0 0 4 5 0 0 5 5 4 4 1 0 0 4 2 5 5 0
   1 5 5 4 4 5 2 0 0 4 1 3 3 0 0 5 4 0 5 4 2 5 0 0 3 3]
  [0 2 0 2 3 1 0 2 1 5 4 5 3 3 3 4 0 3 1 1 2 5 4 4 2 4 1 3 0 4 2 0 3 5 5
   3 1 5 0 5 4 2 1 5 1 0 2 0 2 4 4 4 3 5 4 3 5 1 0 5 4]
  [0 0 2 5 2 0 5 1 0 1 0 2 4 0 5 3 0 2 4 1 0 5 1 1 2 4 1 4 4 5 3 2 5 4 1
   0 1 5 4 3 0 0 1 4 2 1 1 3 3 2 1 0 1 1 4 3 0 3 3 0 1]
  [0 0 0 2 3 3 4 5 3 0 1 1 3 5 3 5 4 1 2 2 4 3 0 2 4 4 3 4 1 0 1 0 4 3 2
   1 4 2 5 2 2 4 1 3 1 2 1 5 0 5 4 5 4 4 1 4 3 5 5 4 0]]]
release_time
[  0   1  41   3  42   3  37  98  51  46   4  30  58   3 179  67  14  74
   3  19   2  56  23  59  62  16   8   3  62   0  98  52   0  49   5   6
 860   0  54  22  92  11  76  13  69  23  17  20  44  65  22  34   2  52
  25  35   2  78  42   8   6]
due_date
[   0   31   63   24   60  100  107  109  100  116   37   89  119   13
  385   84   70   85   21   32   20  105   30   60  105  112   17   21
   63    1  104  111   12  100    5   52 1063   38  100  270  106   50
   85  112   85   23   48   39  102  201  113  121    2   97   95   41
   80   92   60   37    8]
unit_emission
[ 1  1  7  9 17]
emission_limit
16266.5
setup_severity
0.02
due_tight
0.9
due_range
1.0
release_tight
10
degree_constr
0.5
