mach
5
job_rate
12
weight
[ 0  2  6 10  9  9  9  1 10  7  3  2  3  1  6  9  6  7  1  1  5  5  2  1
  1  3  6  6 10  3  2  6  6  4  7  8  1  1  6  3 10  5  1  1  6  7  5  9
 10  9  4  5  3  8  7 10  7  7  4  1  8]
proc_time
[[  0  75  64 148  51 129  82 120  76 107 125  78 123  94  64 110  84 105
   60 104  86  76 109  95  91  68 118 121  68  62 110  64  76  84 144 136
  126  83  83  60  83 115  67  64  73  73  87  88  85  73  51 115 132 133
   87  99  59  89  78 108  66]
 [  0  72 141 105  96  98 114  89  65  53 131 145 148 138 127 140 104 124
   52  88  99 133 124  74 105 113 104  74 143 106 122  95 116  95 121 129
  113 121  93  98  85  65  96 123  86 139 130  94 128 126  96  99  87  69
  148 145  63  91 121  95 118]
 [  0 102  67  83  73  74  97  65  84  50  74  63  83  82  50 147  68  60
  125  54 115  79  93 106 102 107  57  76 149 127 110  88  59  82 105  89
   70  99  80 112  61 118 108 138 104  53 146 121 149 130  74 116 150  94
  144  88 143 133  93 110  87]
 [  0  65 136  54  94 147 132 139  78  54 124  79 109 104 118  75 107  76
  135 148 132 115 135 130  73  54  75  90  88 142  67  87 127  57  65  51
   85  61  61  97 113  82 141  81  84 139 123  77 132  62  51  76 104  55
  117 112  66 139 130  56 113]
 [  0  51 141  76  62  86  72  69 138 133  91 144 128  64 138 146 126 110
   77  85  63 113  98  65 137 119  66  91  54 100  85  52  96 103 120  85
   99 103  61  66 101 103 125  75 141  56  70 114  73 113  58  60  75 111
  135 123 119  71 115  92 142]]
setup_time
[[[  0 360 140 178  79 307 244 213 309 235  15 138 221 151 193 223 106
   334  34 328 391  86  34 155 244 368 336 170 284  11  63  50 106 199
   366 384 363 174   2 360  56 194 379 376 137  26 329 339  95 283 184
   292 370  16 191 191 323 388 126 218 126]
  [  0   0  55 186  18 293 231 389  90  13 364 228 154 378 133 147  45
     0 151 207  92 328  42  22 243 100 281 332 312  89 191 298  34 323
    55 327 148 174  31 140 283 121 152 338 241 139 130 313 328  41 123
   365  26 153 149 334  17 256  20 313 157]
  [  0 358   0 165 282  67   6 283 368 288 368 286 206 370 167 162 353
   337 231  60 374  30 124 211 201 391 278  50 274 278 251 221 177 238
   201  10  50 242 313 374  52 270 245 114 361 107  16 264 240 142 195
   334  77 287  92 357 226 222  92 297  95]
  [  0 346 110   0 201 220 386 227 306 373 388 170 289 388 176 131  32
   232  11 135 208  20 390 245 295 375 242 283 361  43 140 372  61 321
   107 181 302 281 186 378 314 221  99 254 282 272 274 135  66  87 345
   156 356 137 150  81 148 252  37 362 213]
  [  0 190 331  34   0 381   0 104 280 252 207 377 127 311 301 138  74
   353  52 140 122 202 203 366  53  12 245 238 140 380  44  79 245 328
   211 189 235   3 312 278 313 138 378 283 186 198 190  91  23 127 182
   257 209 304 273 222 238  16  25 234 116]
  [  0  95 231 299 349   0 248 126 284 354 360 189 370 283 381 183 123
   107 180 310 295  15 343  62   6 370 198  49  10 219   3 343 337 317
   266 257  39 184 191 360 291 131 221 216 166 321 224  25 190 143 134
   305 195 243  96 278 369  34 339 117 136]
  [  0  38 203 123 386 373   0  27 332 144  72  54 137 170 178 164 246
   272 267 226 382  75 350 352   1 232 285 278  87 256 142 112 257 143
   104 349 230 215 291 269  56 216 366 300 185 127  72 198 236 292 342
   299   0 116 346  80 366 197 323 370  65]
  [  0 117 223 115 191  45 238   0 166 204  96 184  42  35 269 263  79
   118 214 359 170 263 183 297 252 200 104  19 355 357 115 321 273  19
   294 324 311 383 391 109  21 371 292 279 176 318 249 119 307 189 149
   140 318 378 228 129 249 232 309 389 342]
  [  0 386  22  83 132 317 300 341   0 204  82 365 328 306 386 358 118
   276 390 310 338 383 361  57 276  98  22 247 123 293 252 270  85 251
   137 213  63 168 145 247 201 175 256 200  43 293  83 282 188 328 346
   130 315 361 381   1 159  97  47 182 223]
  [  0  82 344 127 349 263 141 385 173   0 306  26 323 229 369 316  77
   118 200 162 110 211 189  82 262 364 384 316 354 249  82  88 264 185
    97 300  13 321  17  51  83 334  29 225 186 201 320 289 336 180 188
   259  85 250 330 249 198  81 108  22 129]
  [  0  67 197  35 114 194 347 332 225  75   0 382 206  25 155 279  21
   252 333 102 156  50  94 332 274  43 376 112  69 289 391 241 355 362
    31 309 237 262  98 310 208 265 384 263 378 211 333   6  35 271  40
   149 374 157 262  69 207 245 328 224 104]
  [  0 275 342 153 221 373 245  34  56 206 205   0 366 165 331 244 112
   102 157  33  98 352  15  74 332 357 222 132 381 337 343  58 350 220
   281 277   1 124 221 136 154 201 119 295  27  74 258 350 159   7  51
   268 177 303 145 273 169 183 177 134 279]
  [  0  69 312 203 221 210 261  57 116 333 173 200   0 235   0   8  58
   223 254  41 312  39 290 334 173 190 207 257 301 188 243 126 227 320
   251 286  69  78 296 380 346 272  82  80 387 263  77 358 372 293 248
   379 173 226 311  56  35  56 183 154  97]
  [  0  11 274 203  85  13 183 358 234 155 332 326 381   0 288  24 381
   157 176 121  56  76  56  11 116 282 213 121 193   7  20  50 254  15
    35 343  39 206 141 104  10 161  62 290 287 177 287 101 343  74  91
   218 329 149 354 341 180 186 380 376 248]
  [  0   5 211 227  48 214  74  70  67 256 213  79   2 376   0 298 199
   163  80 249 312 104 262 254 137 162  61 339 139 256 352 298 261 294
    36   0  13  77 381   1 201 287 381 289 116  57 369 348 121 349 109
   104   7 279 120 289 326 107 338 104 129]
  [  0 146  53 131 135 257  68  10   7 389 139 148 324 155  27   0 178
   378  55  53   6 312 375  52 284 141 107 291 189 133 196 153 204 295
   145 198  48 318 229 185 306 190 201  56 107 282 292  69 341  62  83
   360 103 213 180 172 100 345 192 228 135]
  [  0 353 197 370  42 369 186 301 267 238 383  46 275 154  61 353   0
    86 316 291   2 151  11  30 320 213 251 283 124   9  86  95 277 189
   362 209 374 120 146 130 302   1 201 349 263  22  44 250 123  86 132
   299 197 114 103 145  63  32 279 314  91]
  [  0 388 317 334 182 315 360 299 109 161 288  80 232 375 360 252 194
     0  32 157 305  18 336 129 305 338 284  91  73 164 129 186 172 118
   271 237  80 293 205 179  72  78 389 100 116 201 312 177  56 333 383
   109  83 338 165 278 192  90 308 224  59]
  [  0 222  61 249 282 181 204 159  77 312 386  11 203 272 300  54 188
   299   0 255  92  83 361 177  24 295  33 170 164 136 336 163 316 347
    19 276 181  33 162 125 263 336  80 241 109  83 274  15  16 248  20
   373 214 246 236 225 374 143 231 120 270]
  [  0 179 332 324 201 270 388 205 165 319 223 153 180 138 279 353 126
    17  61   0 172 101 184  62 129 116  69  51 315 251 288 371 113 302
   170 390  95 275  75  62 276 159 293 297 191  47 137 376   9 385 262
    36 282 332  72  48 338  53 116 304 139]
  [  0 236 283 324  61  24 265 337  72 214 387 176 185  13 261  84 306
    37 221 127   0   6  38   6   5  27 373 329 350 223 200 370 156 270
   279 135  78 279 293 139 292 363 171  44 362 372  26 161 145 339 207
   184 367 302  22 279 389  35 280 293 228]
  [  0  57 277 216  74  53 342  29  86 366 223 366  36 283 347 285  79
   126 261 173 292   0 133 181 362  10 299 255 254  57 289 363 378 195
    49 181  23  42 313 181 287  46 231 280 124 230  11  61 229 214 249
    22  19  24 163  62  65 356  95 112 305]
  [  0 156 327  78 390 307 150  76 126  13  65 327 279  55  23 357 182
   117 359 115 222  94   0 271 237 146  73 128  14  11  35  62  69 381
   177 262 326 329 269  18 309 383 196 269  38  42 165 367  98 147 127
   235 362 386 330 272 101 326 384  70 339]
  [  0 182 297 104 218 361 386 256   1 138 165 383 290 292 317 332  40
   235 211 231 350 144 225   0 115  96 391 206 269   5 219  78 276 358
   242 111 301  39 184  11 210  94 331  92 243 307 246  48  67  74 222
   110  11 351 129 120 134 368 250 193 334]
  [  0  27 155 208  38 122 301 233 226  83 182 350 154 364  41 174 112
   111  85  16  53  95 174 214   0 152 281 366   8  35 108 290 281  98
   307  88 301 172 117 235  98  96 388  38 350 273  30  62 387  79  92
   258 318 239 241  10 149 151 206 287 154]
  [  0 297 109 156  86  86 103  33  28 193  74 215 224 264  94 232 132
   310   4 374 259 323 180 174 123   0 268  54  86 172  61 345 320   4
    18 273  49 335  42 290   8 310  33 251  91 126 324 233 335 232 130
   389 318 315 203 157  43 234 168 374 156]
  [  0 151 226 342 345  70 388   8 165 161 278 352 293 147  55 211  93
   150 123 348  84 296 318 344  90  52   0 231  88 168  49 237 311 128
   309  39 228 149 348 289  15 109  86 289 209  32 357 105 120 219   9
   242  68 217  56 114 372 165  36 130 200]
  [  0 304  90  89 247  68 114 256 327 260 149  25 351 215 360 309 133
   272 206 174 157 317 314 257 117  25 374   0 297 120 300 306 285  92
    84 370 153  58  37 369 181 345 166 227 258 163 320  66  86 144 368
    59 260 236  23 195  88 144 124  41  75]
  [  0 384 226 152 382 219 147 361  78 212 200 103  85 233 204 248 202
   174  83 331  99 170 354  54 162  19 306 261   0 329 378 231 280  61
   195 337 142 342 145 338  92  97  76  37 380 328 139 354 331 271 234
   334 274  28  19 121 234 312 117 201 367]
  [  0 348  66  31 232 274 129  24 174 385 125 211 286 268 320 329 155
   288 111 374  56 164 325 131  32 331 214  92 313   0  82 206 176  56
   155  66  69 351 171  95 137  19 367 247  17 283 205  61 114 272 142
    86  94   0 198 386 304 390 387  62 306]
  [  0 281 226 354 180 212 332 140  27 102 247  69 119 240 194 238 274
   251 261  89 372 364 287 365  13 346 129 317  97 352   0  52 317 340
   383   6 137 223 189 292 326 132 207  35  10  33 361 328 231 309  62
    81 322  26 359 186 283 106 163 338 377]
  [  0 216 343 343 341 105 188 299 307 277 117 255 307 164 149  31 154
   115 315  64  96 268   8 144  37 274  66 176  86 276 101   0 247  62
   346 292 386 140 331 281 252 107 150 151 320 240 158  92 369 304  30
   344 258  57 267 199  28 166  98  70  58]
  [  0 330 258 215 149 134 169 363 105 226 223 292 279 349 323 129 216
    40 115 214 366 243 254 163 260  56 241 131 249  93 277 132   0  39
    15   5 336 214 326 223  61   0 373 254 183 255 224  50  75  43 337
   207 380 227  54 293 382 140 378 242  92]
  [  0 217 294  74 308 169 186 271 179  92 385 159 206 110 230 367 332
    95 345 275 292 107   2 104 309 148  59 307 384  50 267 224 383   0
   364  67 255 313 197 206  74 137 310 168  90 267 295 287 248 309  69
   202 159 263 205 388  45 149 162 168 100]
  [  0 164 202 192 356 363 221 117  61 120 160 218  23 134 234 219 247
   187  50 247  60 371 105 134  75 146 353 380 321 226 162 216 137 191
     0 200 221 349 223  63 344 307 377 304 239  81 161 130 164 116 328
   343 118 266 117 143  37 162 313 148 195]
  [  0 116 303 176 194 376 115 233  15 217 323 176 232 381 364 249  84
    25  28 158 240 178  68  92 264 275  32  27 146  77 181  32 338 263
   327   0  39 333  87 308 229 193 248 329 176 171 193 263 238 255 205
    58 119 176 153  74 341 302 207 197 340]
  [  0 200 239 336 243 335 276 278  99 268 132 291 233 153 295 198 199
     5 219 201 245  48   0 259  51 197 295  91 344 174 374 125  33 203
   112 223   0 190 252  31 320  91 144  61 214 261 351 103 329 296 249
   311 381 339 109 194  78 304  59 195  28]
  [  0 203 270 332  57 148 375 380 370  73  66 261  33 128 110  38  99
   189 209 254 140 381  56  90 287 193 322 347 123  67 250 341  19  82
   288  35 191   0 260 380  82 243 180  84  60 183  19 295 156 115  15
   297 326 388 111 131  48 224  11 106  25]
  [  0 134 207 338 184 175 371 322 366 225 228 186 173 233 309  19 351
   160 367 339 359 164 184 337 309 218 108 178 138 156 318  41 302 286
   267 262  78 239   0 252 296 308 340  87 112  19 340 161  73 138 384
   112 253  34 351 358 350 385  57 191 353]
  [  0 220 212 235 215 248  94  94  43 212 265 237 386  15 306 391 238
     3 213 380 195  44  49  72 252 186  37 312 328 288  34  37  57  33
    51 219 383 207 285   0 205 262  51 121 201  42  35 173 159 138 208
   118 316 314 191 342 220  37 346  85  13]
  [  0 195 287 346 142 299  18 224 230 186  45 181 185 111 296 102 111
   122  20 276   2 341  41 295 261 250  78 204 256 260 336 311  51  80
   228  19 235 209 237 266   0  67  21  10 140 254 255 270 105 219 290
   294 179 194 312 368 332  44   6 187 288]
  [  0  47 222 269 271  89 187 260  24  64 362 313 347 164 109   8 282
   317 232 292  18 151  17 263 124 208  71 173 324   7  56  21 159 243
    88 317 207 121 262 328 114   0  46 206   7  10 212  27 207 275 341
   180  47 246 326 314  61 306 129  55 164]
  [  0 240 215 268  74  98 334  10 108 117 143  29  41 103 169 308 359
   284  87  70 146 342 256 108 193  77  64   1 374 138 376 305  47 267
   299  18 189  33  56   7 387 111   0 226  78  60  24 244 169 354 151
   261  16  18 190 264  85 308 334  42  79]
  [  0 217 247 389 266 377 158 300 209 110 223  30 122 116 282 149 158
   134 357 344 386 246 372 286 389 369  52 351 301 276   4  13 362 192
   303  84 288 154 313 384 127 130  90   0 125 385 138 352 249  42 311
   386 277 307  49  87 114 130 295 307 213]
  [  0 378  86 354  14  64 315  45  16 360 346  62 372 111 227 386 266
   357 247 189  71  98 170 327 304 252 189 108 246  55  97 242 321 184
   117 149 118 371 278  94 289 312  43 296   0 160 328  17 143  70 225
   329 212 313 253 270 288 337  68  40  23]
  [  0 312  47 314  46 359  24 368  58 287 327 158 187 107  48 177 260
   247 347 181 228 340 302 364 329 318 174  45  30  44 291  94 228 367
   368 226  67 147 250 143 238 264 136  53 312   0 337 172  50   5 267
   321 171  74 229  70  53 328 231 386 330]
  [  0 303 159 147 259 259 206 283 310 197 189 177 142 323 327 335 170
   174 352 251 326 134  27   1  13 287 265 274 301 175  73 336 377 171
   148 368 369 347 132 115  86 378 191 353 274  30   0 156  37 225  23
   362 358  90 353 256 317  37 253 171 249]
  [  0 182  11 216 249 112 276  53  79  67 297 215 238 186 301 260 331
    71 263 159 269 240  56   9   3 187 365 302 273 180 204 319 146 383
   367 160 203 134 391 349 102 355 175 181 107 201 314   0 157 261  70
   147  15  29 123 352  68 102 285  79 353]
  [  0 336 363 290 259 306 377 337 127  66  44  52 247 102 181 155 129
   280 331 195 101 312 116 348  43 257 114 378 101 356  62 148 360  95
    24 388 283 254  68 335 366 163 302  61 264  18 351  94   0  89 336
   183 199  26 189 174  41 126 157  15  57]
  [  0 206  98 285 325 382 241  59 319 212 200 243 225 162  14 350  66
     5 195   6 277 134  76 274 333  58 191 197   9  24 165 332 101 295
    38 379  85 177 340  46 111  14  55  94 116 116 101 228 168   0 368
    26 368 266 193 274 203 166 259  40 333]
  [  0 253  64 178 307 210 126 380 150 236   3  79 349 277 254 375 206
   162  33 207 255 300  63 380  26 161 336 155 178 245 141  38 241 382
   322 125 264  75 266  12 269 199 102 334 154 292 288 278 277 117   0
    78 385 136 151 276 285 227  13 355  20]
  [  0 219 360 315 182 147 176  26  94 126  39 183 196 374 120  20  29
   309 327 246 251 387 168 157 128  59 276 139 351 266 303 236 247 145
   368  65  30  89  25 157 285 229 307  69 294 310 363 233  35 268 139
     0 384 384 158 350  81  65 343 194 126]
  [  0 257 103  45 372 105 383 376 136 126 168 338 212 216  76  79 108
   210 256 133 334  22 369 183  50 187 301 265 105 248 110 313  47  85
   288 297 255 118 154 366  47 290 307 262 199 161 141  78 181 389 139
   163   0 331  17 349 285  53 199 325 214]
  [  0  30 372 228 214  10  40 210 166 381 215 357 106 235 153 280 373
   373  19 168 170  25  78 164 239  51 203 333  17 136 373 287 173 200
   279 218 332  16   3 126 219 219  94 197  79  36 371 125 243 129 173
   372 134   0 135 223 340   6  95 366 189]
  [  0  18 293   3 228 323  25 246 190 314  72 105 349 218 320 220 289
   259  91 270 292  26  76 272 371 229 287 199  67 333  22 142 288  42
   279   8 351 151  90 178 383 150 342 196 222 230 177 133 208  51 297
   342  59 161   0   3 168 160  29  93  56]
  [  0  37  21 185 273 130 317  48  51 316 145  83 237 160 271 242  43
   133 228 388 250 133  13 320 363 286 235 175 264 345 188 188 187 162
   309  30 287 364 232 103 329 215 150 351 304 283  37 362 111   7 382
   366 341  78 237   0 325 301  46 164 161]
  [  0 378 246  77  52 218 292 202 230  49 103  69 189 375 245 243 232
   343 159 252 290 267 288 189 172  23  34  88 222 144  46 140 304  31
   375 352 234  74 215 224  50 312 252 321  54  57  44   3 333  82 309
   193  52 155 142 319   0 267 208 180 342]
  [  0 150 211  38 295  10 295 112  10 311 202 338 153 240  30 230  62
    88   3  82 325 307 375  60 296 127  39 102 152 211 144 334 326  44
   314 290  37  70  49 181 138 106 183 227 141 147 276 291 153 177 198
   320  62  46 237 370  55   0 356  31 300]
  [  0  15 154 138 307 245 299 327 195 156 228   0 220  24 215 380 297
     8  62 111 118  64 134  61 245 341 224  98 131  21 250 254 119 124
   121  49 241 333 143 284  76 322 108 217 344 366 359 245  27 330 371
   197 124  51 373 379 254 257   0 244  51]
  [  0  42 366  62 176 153 302 315 154 344 239  18 375 340 170  74 294
    91  88  32  87 294  80 251 106   6 348   6 181 335   3 191  41 221
   348 345 241 101 198  38 305 164 284 372 275   6 340 305 112 270 286
     2 315 275  96 201 383 133 141   0 118]
  [  0 118  46  93 374 230 187 216 170 225 259 204 114  75  77  82 285
   226  94 351   9 287 210 275  64 278 378 286 370 289  91 188  87 203
    57 255  50 366 172 383  69 322 108 261 232 286 200 126 314 276 379
    88 345 243 261  18 331 380 187  81   0]]

 [[  0  50 139 116 161 200 182  14 299 263 223 116  59 197  54  60  60
   371 315 347 223 325 127 190  81 376 327 142  87  32   7  93 148 294
   376 233  47   6 282 207 355 195 182 135 306 310 374  65 228 207 359
   265 307 238 218  67 311  53 188 134 282]
  [  0   0  99  69 218  24 361  37  59 250 145 162 199  15 352 127 343
   146 310 357  50   2 207 145 345 132 337 258  98  36 337 247 143 232
   318 134   1  38 328  29 375  97 162 353 252  85 335  40  73 168 389
   309 234  60 338 337 108 177 377  48  94]
  [  0 136   0  59 172  83  80 281 352 170  88  31 111 167 312 238  16
    53 225  47 180 340  54  92 151 110 106  21 198 141 254 272 343 222
    61 388 245 138 289 271 364 261 229 274 242 140 331 205 320 114 263
   298 347 179 330 314 287 184  91 208 215]
  [  0 296 359   0 152 341  42  12  70 237 132  53 182  73 385  53  22
   363 254 328 368 304 331 316   8 230 159   2 183 271 177 128   0 139
   171  67  32 189 330 126  19  37 268   2 303   8 180  51 299 267 282
    42 278 300 338  52 334 342 317 109  30]
  [  0 323 168 218   0  49 306 257 206  66  81 134 292  92 358 191 352
   282 323 209 196 122 213  46 234 369  51  13 143 121 237 284 254 330
   108  79  70 170 365  91 162  67 205 275 106 378 302 306  16 176  40
    14 323 114  79 232 284 112 228 366   2]
  [  0 335 297 203 317   0 383 135 270  88 232 343 279 150 280 109  32
   344  73  45 297  73 250 190 117  53 259 138 341 187 114  85 122 361
   271  52 276 236   1 305 144 237 204 163 253  47 109 387 170 230 271
    63 386  11  59  41 270  65  34 374 361]
  [  0 129 319  28 127  95   0  91   7  67  65 377   9 312 279 149 235
     6 210 251 250 387 250 202 312 302 177   3 272  74 153  97  52  44
   202 154 255  14   4 293 143   9 110  28 257 242  36 330  95  85 358
   107 233 104  86  28 306  48 197 124 270]
  [  0 300  86 105 215  74 291   0 144  28 258  36  11  98 209 343 294
   136 313 255 265 354 201 336 123 313 104 350 308 236 159  26 296 129
   132  55 100 110 118  88  15  15  13  19 248 350 311  17 230 105  14
   355 190 185 335  28 320 263 380  40 251]
  [  0 306 236 114 317 365 289 110   0 388 313 143  61   6  11 223  19
   125 331  88 149 315  91 382 289 309 374 147 168 389 105 116  94 208
   242  14 325  51  28 143 375 382 200 251 216 132 366  64 177  35 277
   343  79 364 347 121 244 189 130   8 367]
  [  0 324 252 137 187 307 191 300 358   0 103  22 209 313 275 214 170
    45  74 293  73 324   0 170 314 283 274 295 264  33 274 188  54 198
    82 187 294   8 145 135 382 223 356 158 162  56 151   6 162 286 273
   128  15 373  64 388 209 142  52 133 249]
  [  0 318 277 186  87  82   0  84  72 327   0 132 201 315  69  88 335
   116 369  87  75  98 355 229 180 377 320 389 287  22 326 224 269 197
   246  66  33   3 388  96 385  19 191 301 186 187 326 244  81  78 163
   334 382 218 341  17   3 142 141  81 278]
  [  0  98 281  66 240   6  55 307 122 312 181   0 367 233 313 347 297
   157 117 182 243   8  83 306 113 335  17 288 223 292 320 155  27  45
   292 315 223 282 134  32 157 370 301 300 365 205  28 107 255 378 386
   156  10 322 299  76 386 385 216  58 213]
  [  0 281 242 129  65   2 323 389  35  80 118 373   0 207 306 356  83
   228  63 350 148 269 262 280  20 133 337 290 330 166 133 341  74  48
   278 173 114  79 117  67 300  95  71 325 164  33 118 209  83 271 274
   367   7 261 147 385 353 190 249 280 137]
  [  0  28 384  62 248 162  17 169 295 112  45  24 226   0 232  71 183
    33 389 341 351 283 166 330 273  35 262  89   6 278  49 370 134 210
   260  46 154 381  34 215 232 135 221 251 306 112 322 246 222 124 332
   204  99 335 210  46  61 294 179 186 110]
  [  0  23 362  46 120 147 341 247  16 376 300 192  26  93   0 182 127
   248 239 365 296 210 103 293 375 160 312 207 274 278 277 187 208 391
   279  80 153 100 355   6 240 136 126 287  81 351 151 151 381 293 385
   324 212  50 199  82  28 215 325 267 353]
  [  0 223 321  74 163 156 189 122  18 136 319 247 218 285 291   0 127
   270 363 219  11  63 340 175   7  13 349  13  98  64   2  46 110 114
    82 120 259 116 145 361 206  74 211 110 211   8 244 200  60 381   5
    97 263 135 344  19 161  31  56 131 272]
  [  0  35 252 206  57 190 178  25  88 122 231   0 270  49  44 296   0
   266 370  67 126 169 322 265 296 266 157 328  70 112 164 313  49  33
   274  38 184 252 107 287 152 378 381 151  85  64 335 324  47 380 312
   113 164 316 209 194 136 233 306 273 224]
  [  0 347 210 296 206 322 175 237 238  17 205 364 293 193 162 319 162
     0  53 166 312  37 356  70 332 203  90 246 193 267 345  53  90  80
   192  56 387  49 288 222 291 264 355 300 106 225  81  55  19 140  34
    77  45 248 221 183  36 388 138 272 180]
  [  0 209 161  63 378 169  23 336 243 328  26 243 365 275 108 148  41
   152   0 328 278 311 385 313 240 141 251  18 310  74 197 202 340 387
   269 200 110 249 137 200 117   9 238 297 240 158 208 116 254   2 325
    35  45  69 119 387 365 247 156  43  79]
  [  0 371  70 282 155 207 364 328 281 154 192 130 188 298 147 101 267
   225 323   0 287 164   2 111 388 295 343 386 276  67 222 220 359  96
   306 224 297  88 175 343 342 247 172 121 221 126 380 207 111 312 155
   369  38 248  35 157 350 164 151 173 154]
  [  0 218 350 189 135 303 104 364   0  72 173 177 146 140 262 326 224
   388 323 198   0   1 353  97 210 286 169  96 169  85  75 260  15 184
   198 218  22 377 208 332  58  67 273 151 206 238  64 107 230 336 202
   322 236 136  22 143  62 145  92 238 313]
  [  0 129 242 170 230 327 376 226  42 237 200 123  90 333  11 321 248
   149 360 226 271   0 338 283  11 138 337 387 327 333 190  76  44  40
   104 352 105 260 216 363  15 337 311  91   8 388 155 105  78  24 388
   347 211 148  14  99 267  45 201 324  86]
  [  0  97 321 164 348 295 198 290 245 169 374 179 357 152 165  36 212
    22 201 261 148 263   0 108 120 232 342 311 371 213 293 329 266 332
   204 250 333 389 383 383 296 309 287  78  42  28  34 213 208 366 117
    40 339 151 227 286  27  31 343 127 181]
  [  0  28 126 361 350   0 308 289 133 320 315   9 171 133 107 314 381
   347 199 193 147 162 214   0 219 348 149 225 149  47 182 125 166 182
   294 363 226  61 326 380  56 154 160  35  82   8 217 145 287  68  72
   382 253  59 242  73 206 279 276 134 297]
  [  0 174 365 193  87  81  76  86 166  66 204  29 261 343 231  70 141
   158 311   1 324 176  78 264   0 117 350 114 350 262 132 204 163  25
   261 322 311 266 112  47 269  16 371 252 281 170   2 336   7 380 108
   120  28 257 267  79 248  87 295 310 282]
  [  0 276 341 373 108 129  97 226 335  15 260 126  41 113 290 112 357
   301 354 387   7 192 172 147 139   0  47   6  11 100 173 291 168 365
   168  43 363 312 100 211 179 141 162 350 323 311 325  40 288   6 245
   229 359 106  59 387 271 101  71 221 315]
  [  0 168  32 342 320 297 375  75  28 116 127 339 272 345 262 335  53
   162   6 207 381 242 191 279 192 177   0   9 304 320 245 102 330 273
   380 177  64 279 307 172 154  12 373 261   7 298  62  98  61 121 354
   299 314 270  91 293 126 118  28  41 136]
  [  0  79  86 249   5 256  83 176 295 369 290 295 319 352 351 110   7
   367  76 273  90 298  49 270 340 151 215   0 231 156 358 315 122 204
   106 283 387 211 156 194 216 369 291 182 364 295 279 367 134  33 138
    79 366  13  87 147 277 283  37 162 316]
  [  0 290 103 357 270 255 241  74 288  99 297 133 236 144  61  68 221
   119 186 235 110 338 116 135 160 297 175 161   0 371 159 248 245 195
   269  24 165 264 212 213  57  73 305 163 274 243 208   4 352 343 132
   273 166  52 179  13 345 342 205 245  19]
  [  0  41 259 168 136  40 217  94 349 104 345  34 109 197  22 189  81
   384 259  55 283 226 336 214 379 153  34 191  50   0 172  83 250 111
   296   0 167 389  18  42 277 147 175  73 108 387 107 336 293 128  21
   230 149 308 302 281 197  44 391 328 222]
  [  0 204 131 136 356 281 335  88 335 282  75 291  81  16   5 225 386
    35 122 341 372  74 176 222 207  25  70  23 228 211   0  75 313 128
   138 328  53 260  63 120 252 102 279  49  38 116 216 185 143 206  67
   189 233  68 336  92 174 312   1 169 247]
  [  0 166  58 101 251 155 337 318 192  45 368  66 147 162 271  41  60
   209 162 103 286 337 111 277 373  12 103  32 266 354 374   0  73 210
    22  30 324  49 112 334 377 114 294 103 293 223 191 157  95 301 248
   362  21  85 348 189  21 121 249 109 313]
  [  0 329 181 139 342 163  78 284 371 181 252 330 291 124 291 137 300
    36 192 112 233 135 270 312  25 303 142 161  96  94  86 182   0 235
   136 159 242 191  77 391  56 162 353 365 132 143 281 181 354 223 297
   379 302 275 209 266  86 254 103 352 354]
  [  0 200 357 282  95 108  92 288 351 361  74  61  12 142 123 278 295
   189  88 339   9 347 217 206 192 193 156 270   2 110   1  81  64   0
    65 134 160  20 154 310 175 220 373  55 335 262 323  99 378 191 387
   222 111  54  33 312  16 117 276 301  89]
  [  0  60 357  25 138 291 262 202 184  79 321 329  56 332 297 226  75
    94 223 121 141  76 326  30 301  94 211  85 172 296   5 161 386 247
     0 103 152 101  96  76  99 234  14  54 381 187 353 234  64 101  22
   293 251 240 203 111 289 128  92  53 334]
  [  0 145  31 285  15 163  75 281 313 377 247  49  91 182 282 189 185
   312 184 161 124 365  55 211 178 207 134 178 252 196 333 203 124 268
   282   0 332 123 373 106 110  18 331 154 191 173 383 350 137 372 372
   373 154  53 109 258 128 366 364 168 300]
  [  0 195  57 104  15 317 134 168 300  78 249 145 270 195  75 299 109
    87 218 355  22 284 266 173 246 175 107 340 151 276 106 205 223 199
   243 373   0  13 191 115 116  18 167  98 223 139 329 103 316  79 269
   126  58 326 157 353  60 310 186  28 217]
  [  0 323 133 288 297  64  16 172  79  28 336 245 135 156  85 143  71
   118  14 127 343 106 150 182 176 314  85 160 291 181  35 358 219 150
   297 287  52   0 265 184 113  69 180  72 196  51 148   8 291 391  84
    92  80 218 148  56 181  87 222 102  89]
  [  0 303 290 315 199 283  93 316  49 339 201 251 114 362 293 253 334
    77  38 199 209 174 326  30 186  36 227 189  97 187 106 364 330 300
    67 318 353 266   0 271 328  70 358   5  50 303 305 346  45  11 129
   350  34 389 267 344  16  59 305 134  26]
  [  0 106 210 173 332  48  12 347 347 183 140 380  92 235 275  68 101
   109 295  16  40  26 371 316 380 297 366 289 245  16 280 374 246 259
    45 335 155 142  47   0 353 118 222 218  44 350 172 362 331 371  60
   329 205 116 354 143 219 164 364 143  85]
  [  0 244 347  40 126 103 244 150 356 156 271 353 228 194 116   2 152
   103 163 349 167 185  76 100 200 126 250   0 283  87  38 370 280 266
   370   0  66   2 104 375   0 103 203 214 112   5 174 374 116   0 338
   255 247 112 155 203 304 189  19 288  59]
  [  0 251 224 126 312 360 270 127 169 236 250 363  49   4  83 106 338
   172 362 131  19 226 188 299 299 379 261  96 283 277 267 357 257 149
    94  54 141 109 275 196 362   0 260 167  32 242   6   3 294 145 193
   179 204 127 196 295 314 105 199 131  19]
  [  0  12 266  83 282 139 386 268 365 263   6 229 300 134 237 372 302
    59 322  82 174 260 264 300 170 301 347 377  11  48 119  85 353  11
   134 334  60 248 345  24 251 270   0 125 194 151  48 360 104 178 138
     7 341 137 203  97  16 384  94 136 255]
  [  0 309 367 266 122 346 203  42  31  75 220 278 204  33 198 285 391
   147 151 356 374 365 365 166  62 317  96 148  73  94 236 352 103 243
   303 167 190 226  21 189 278 100 155   0 150 295  47 359 211  58 245
   109 165  41 151 195 346 361  82 236  68]
  [  0  75  66 100 177  77  18 259 216 253  14 235 294 369 390  18  23
   323  73 379   8 256  84  10 102   3 147 258 294 354  55 351 303 121
   338 263 270  21 188 317  61 112 190 306   0 358 232 141  42 100 117
   321 348 216 325 159 199 335  17 121  68]
  [  0 146 376 388 225 376 132 340  10 360 199  10 357 320 133 295 337
    99 241 195  74  51 329  31 167 114 206 373 174 207 166 310 256  95
   173 268  54 179  30 226 361 175 182 326 261   0 218 237 388   2 181
   306 192 116 163 184 210 248   0 380 299]
  [  0 319 129 311 170  13 185 174 146  52 345 201 335 239 294  97 374
   327 305 281 349 201 158 111  97  77  87 324  46 137 145 290 141 249
   104 160 168 382 322  20 162 344 339 156 279  77   0 132 352 218 330
   255 206 370 265  92 338 145  47  27   1]
  [  0 100 325 202  62 177  60  40 381 230 182 311 327 137 235 384  98
   387 323 157 203   6 187 265 356 173 261 363 341  79 170 382  13  41
   387 287  68  69 352 206 119  58 194 277 263  40 382   0 381 208 301
   360  18  97  40 253 220 297 153 113 335]
  [  0   9 227 175 348  34 183 284  29 266 136  32 347 234 191 308  20
   390 366 315  12 285 381 135 269 223 267 302 297 213 345 246 304 266
   217  16  83 270 104  71 159 211 291 386 108 203 334 104   0  15 270
    22 211  14 131 231  25 290 198 248 326]
  [  0 389  70 381 379 241 148 164 262  37 181 322 327  21  38 123   2
   126 324 107 286 318 338 148 312 170  21  99 115 297 257 112  26  39
   118 176 256 355 285 265 147 372 354 197 344 243  12 351 263   0 370
    63 175  80 223 229 290 135 145  12 210]
  [  0  88 119 340  78 358  77 110  19 145 114  63 327 308 165 157 280
   141 325 116  41   3 110  50 213 145 330 222 383 233  37 371 183  20
   291 147 126 207 204  36 164 250   5 354 332  70 266 107 370  68   0
   275 230  70 203 212 114 346 128 143 190]
  [  0  43 388 191  48 344 106  11  72 355 125 352 265 364 243  36 171
   282 161  85 240 265 325  14  46 255 305  28 187 272 221 220  14  19
   367 225 311 130 162 318 243 338 230  77  75 155  52 347 112 138 113
     0 318  82 327 320 238 217 312  28 179]
  [  0 100 246 268 244 340 219 163 149 130 132 270  23 239 382 370 276
   173  28 370 374 348 213 216 109 334 175   9 170 390  36 369 197 227
   299 367 278  70 248 373 254  54  20 266 268 193 203 351 113 378 322
   231   0 381 289 378 315   8 320 150  66]
  [  0  95 265 119 263  64 315 202 156 332 301 220 326 249 259 268 209
    43 325 127  44 278 108 145 195 177 309 322 272  12 295  19  70 339
   135 389 345 293 346 189 266  57 280  99 365 167 390 300 282  40  16
    37 226   0   9  94 217 300 291 314 228]
  [  0 134 120 293  14  73 168 161 365 342 102 353 121  67  67 359 271
   121  69  90 333  10 240 108 221 255  58 182  79 340 231  10 194 258
    11 281 117 386  65 346  77 338 189 179  67 304 363 227  40 110 168
   292 154 105   0 302  21 261 149  17 104]
  [  0 391 188 120  53 344  85 264 202 376 337 179  25 365 300  95 250
   127 202   4 246 143  34 198 345 176 166 388  47  71  69 173 120 263
   273 351 297 323  59 184 356 373 367 204  23 148   5 216 252 106 350
     6 192 127 160   0 289  85 114 380 319]
  [  0 365 303 109 201 180 167 261 139 146 106 185 248 333 294 273 141
   323  69 109 388 117  91 330 293 209 198 337 248   2 172   5 166 343
    75 356 346  15 357 151 279  78 209 262 286 125  47 328 254 169 281
   274 296 310 379 250   0 196 265 115 383]
  [  0 295 173 199 313  50 318  76 326 146  86   8 132 201 109  79 222
    83 209  54 279   7 256 285  21 315 157 238 372  35 105 371 195 239
   128 258  76 350 140 309 303 163 150 342 118 267 355  85 171  33 376
   203 180 341 382 116 288   0 359  90  32]
  [  0  57 201 138  52  21 329 257 339 138  35 248  55 379  48 295  69
   136 217 230 106  88 185 304  45  79 112 216  72 147 117 244 118 312
    58 385 316 127 210   5 244  97 138 274   2   4 121 331  87 387 282
     6 203  40 347 128 365 112   0 192 314]
  [  0  93 310 115 304  11 163 165 222  47 309  13 278 332  76  17 215
    69 121  78 161 199  71 265  90 177 215 219 122 285 364  59  83 123
   318 300 146 281 348 302 354 300 375  71   6 194 155 192 299 182 145
   278  27 210  60  77 194 362 294   0 143]
  [  0  83 293 320 145  23 300 389 301 307 332 246 245 357 273  77 271
   151 173  84 333 205  36 322 326 343  84 167  18  13  78 221 128 137
   111 212 263 113  46 212 272  45 128 230  90  61 185 159 284 273  97
   381 329 145 160 252 261 334 280 166   0]]

 [[  0 238 293 248 222  11 226  61 108 337 229 362 342  67 291 327 241
    80 289 263  86  54  19 236 377 179 218 261 200 268 147 175 350 216
   249 270 163 355 190  54 315 331 206 326 189  70 282  88 102 205 390
   359 115  48 144 390  28 234 343 188 103]
  [  0   0 365 377  85 325   1 346 146  50  93 247  17 242 306 285 232
   389 347 294 202 180 120 284 337 257 194  50 258 276  43 353  64 366
    18  93 219 248 275 205 367 143  37 102 196  80 250  13 139 206 234
   125  96 199  24 265 371 300  16 178  94]
  [  0 192   0 226 293 325 223 178   5 267  68   7 275 319  85 135 370
   208  38 296  57  38  31 149  40 224 137  83 188 141 261 328 341 325
   235 258 306 144 253 208 105  90  46 132  18 361 148 190 386 327 195
   115 340  15 181 107  90  68 121 364 272]
  [  0 116 342   0 307   7  79  85  76  45 102 291 228 148  23  13 142
    86 334 297 144 138 285 319 105 197   7  17 164  51  15 213  50 210
    60 151 134 270 173 163 188 314 300  24 340 108  66 118 375   4 289
    82 191 101 269 379 238 299  52 102 350]
  [  0 153  14  28   0 196 350  85 251 288 302 331 170 275 131 386 303
   275  28 321 299  87 385 188 183 215 316 180  33 127 234 108  65 296
   220 391  29 125 283 203   5 122 385  32  74 385 304 374   9 342 266
   370 138 337  43 359 120 226 307 175 343]
  [  0 250 320 261  45   0 171 279 359 190 384   2 184  19   1  43   6
   297  18 123  47 332 233 238 339 358 291 361 264 226 246 285 162 391
    46 369   1  12 203  22 254 199 379 258 361  47  66  86 390 245 111
   380 265 131 201 175 224 133 364 196 167]
  [  0   6 219  55   0 309   0 365 107 283  56  61 241 272 217 160  30
   124  76  89 190 349 176 330 244  45  58 108  90 136 349 163  35  24
    11 208 123  10 223   2 217 162 258 383 328 127 197 207 213  46 194
   326 379 259 256 312 365 225 216 179 229]
  [  0 384 259 385 313 217  64   0 322 217 132   1 381 104 119 387 255
    68  51 301 147 181 193  59 287  57 159 177 384  75  82  38 151 345
   218  70  66  57 313 156 110  53  23  58 351 384 156  33 316 369 115
   293 259 300 262 289  29 185 210 107  41]
  [  0 277 339 294  22  28  91 223   0  27 310 365 315 212 212  72 278
    22 126  12  25 104 287 333 358 339 195  68 102 221 180 246 142 301
   203 331 296 365 185  43 330  74 256 318 149  94 112 258 324  44  22
   328 121 286 273  62 253  91 114  24   4]
  [  0 375  57  73 140 226 211 263 105   0 132 180  26  66 180 391 246
    46  40  49 324 247  13 202 343 237  89  59 339 332 280 325 112 128
   108 270 162   0 166 385  52 284  75 312 279  89 297  32  57 317 101
   112 126 386 315 355 379 138 279   9  68]
  [  0 124 324 146 344 149 166 268 113 166   0  80 154 130 218 117 211
   391 282 163 235 157 143 198 325 351 161  77 172 134 273 326  75 353
    21 181 361 125 266 216 267  39 256 227 134  84 315 152 297  96 293
   225 168 285  97  89  89 231  76 109 264]
  [  0 344 160 328  86 225 266 360  62  78  22   0 229  26 161  13 354
   160 188  21 170 320  68 205 384 246  88 373  37 149  82 189 366  13
   379 252 112 133 167 288 298 259   4  13 134 221 270 369  68 228 233
    22   5  44 188 364  47 209 270 136 289]
  [  0 351 283 335 331  33 156 120 364 311 313 146   0 153 226 283 284
   374 300 101 344 270 155 190  64  20 237 266 366 308  13  54 297 182
   139 176 237 352 227  46  47 213 317 189  43 278 276 281 159 240 375
   291 130 358 182  78 333  54 118  48 160]
  [  0 336  79 253 280 111 376 185  95 307  77 263 381   0 283  42 325
   111 198  33 205  40 136 156 285 174  90 185 256 123   3  59  50 305
    35  50  55 332 391 237 305  74 283 341 154 205 186  64 289   8 370
   209  61 180  88 163 264 355 391 202 188]
  [  0 292 148 199 147 311 389 136  60 366 281 132 191 282   0  41 255
   299 194 167 344 223 344 263 302 223  42 257  68  44 317 295 347  38
   112  67 117 367  94 120 280 334  69  72 206 315 142 260 157 343 284
   117  16 109   1  93 319  82  68 367 348]
  [  0 378 377 219 134  36 254 235 346 291 276 386  95  91 167   0  99
   207   2 193 232 356  82 278  66 280 251 140 133 254 155 121  13 131
   363 345   2  81 160  52 130  26 241   6 115 279 122 322 122  55   4
    88 253 244 363 121 105 102 148 356 383]
  [  0 156 149 146 237 327 260  39  28 204 348 287  42 120 185 353   0
    46 196 284 353 349 273 364 353 237 380 219  47   4   3  39 107 100
   235  50 174  98 368 334 183 331 314 291 221 272 103  73  60 312 206
   303 234 176 348 391  26 267 353 291 303]
  [  0 198 202 229  96 336  20 273 172 117 200  25 366 334 291 138 288
     0 112 171 378  83  94 363 312 348 307 133 296  86  23 175 315  27
   344 382 387 245   2 254 235 336 176 183 215 178 303 123 148 290 338
   389 160 153 275 261 296  44  30  12 382]
  [  0  33 149 303 330 155 337  54 379  59 293 364 114 112  57 286 265
   299   0  53   1 108 157 391 280 388 159  28 313 319 182 120  96 167
   287  97  58 301 309 219 195 286 257 117 376 214 259 385 214 232  62
   176 271 198  45 103 386 343   5   9 188]
  [  0 206 228 153  37 152 165  59 227 201 190 374  67 114 209  16 242
   235 327   0 186   6 217 172 329  88  46 185 104 258  59 363  33 281
   192 370  27 374 236  98 140 234 324 187  97 228 191 194 307 259 201
   247 240 106  14 355 154  51 335 219  97]
  [  0   8  33  45 225 284 130 365 381 333  32 244 330 323 371 254 180
   205 113 390   0 125 360 302 323 350  78  45 363 210 295 279 234 373
   325  77 360 264  30 169  41   1 243 363 369 223 351 168 206  71 101
   170 183 371  52 119 198 230  15 350  27]
  [  0 278 214 227  75 107  77 331   0 119 368 357 190 222 279 241 330
   357 119 114 106   0  20 155   8  51 102 108   8 249 151  65 263 198
   341 107 258 292 158 139 182 376 345 135 174   6 221  37 360 182 117
    98 274 116 319 240 290  12 235  80 273]
  [  0 137 249 315  68  38   4 277 294 165 149 246  42 282 358 371 254
   155 168 322 111 134   0 384 127 132 352 386  13 309 331  25 100 199
   268  87 290 314 103  30 340 170 309  62 221 165 175  30  24 313 223
   146 376 238 369  74 296 319 257 226 170]
  [  0 362  13 230 174 212 132  34 302 300 292 255 112  74 179 247  65
   255 150 214 324  80 362   0  85 194 327 261 225 224 243 172   3   3
    47 295 116  73 123 208 113 273 229 141 350 209 342  68 238 113 318
   305  20  12 369  99 206  14  15 102 194]
  [  0 227 308 381 244 319 133 265  67 186  17 166 202 332 139  97  65
   273 116 306  53  48  84 202   0 374  77  16 175  92 180 297 286  61
   210 359  82  50 142 332 195  78  55 187  43 288 320 241 192 290 384
   116 338 135 267  37  16  60 218 254 284]
  [  0  89  27 339  43 390 348 325 276 104  91 363 317 212 344  25 131
    39 348 157 170  36 112 351  92   0  62  12  50 171  24 232  90   0
   290 259 363  32 142  79  49 340 324 228 361 108 359 311  53 160 376
   154 365  23 199 196  68 132 141 140  84]
  [  0  59 259 197 315 367 159 222 137 266 336 204 114  99 197 248 289
   333 121 176 349  23  52 232 346 184   0 306 341 297 280 197 383  99
   263 159  84 225 159  17 100  81 148 368   5 291 352 161 285  30 248
   251  30 329 212  19 236 116 248 219 133]
  [  0 388 214 300 213 384 163  11 212 231  24 312  45 333 324 340  22
   369 320 323 310 224 373 202 277 270 105   0 124 211  21 262 114 244
   219  23 379 391 147 322  40 233 344  86 304 264 366 295  79 236 328
   120 161 247 256 146  72  98 183   2 339]
  [  0 122 228 238  20 233 289 181  64  35 240   0  21  51 351 110  25
    70 252 306   3 112 233  65 356 166 106 174   0 275 269  68  71 233
   164 250 250  35  59 157 135 191 348 336 300 371  14 108 164  58  51
   363 365 139 141 126 118   1 249 326 344]
  [  0 302  85  39 298  13  10 150 298  66 204 127  19 284 117 282 354
    46 235 145 204  63 133 263  31  37  48  74  91   0 186 307 174 329
   194  86 182 104 328  69 203 308  65   0 382 313  19 199 252 385 378
   296 180 318 341 121  17 384 189 134 118]
  [  0 284 162  77 101 146  24 106  56 354  89 166 285 349 363 319 303
   255 287   3 168 167 151 354 292 332 390 149 374 202   0 117 366  46
   278  54 386 216 159 346 130 249 274 286 301  98 182 330 192 207 230
   125 267 175 388 347 118 130 275 343 227]
  [  0 256 306 299  39 301 264  88 252 266 254 284 152 253 115  77  84
   264 309 116 136 206 240 111  57 159 120  35  31 117  92   0 164 160
   367 339  66 155 159 316 102 139 216 207  10 300  80 328 388 130  82
   178 201  72 175   6 226 304  61 245 182]
  [  0 299 150 204 258 199 192 332 391 112 248  52 243  38  12 232 106
   126 236 347 364 122 197 117 348 191  26 122 217 226 363 242   0 188
   218 335 115 145  31 279 334 373 248  31 386  29 193 135 278 238  40
   352 247  35 115 291  93  54 162 250 171]
  [  0  84 278 322 306 325 142 355 237 130 120 346 246 325 379 358 381
   171 275 145 364 156  15 278 126 389  89 200 148 375 110  52 239   0
    59 325 152 272  84   6 130  43  67 241 155 379 351 116 336 103 168
   165  48 246 272 110 124 223 221 159 389]
  [  0  11 375 266 342 316 222  27 288  91 277 179  27 180  52 254 339
   120 358 141 238  62 305 351  36 223 369  71 171  84  61 267  81 351
     0  64 198 156 139 241 320 310 236  23 102 180 301 256  57 284 385
    66 174 310 104 186  94 237 174 243  66]
  [  0  14 153 165 226 125 153 183 281 244  63 219  49 249 351 165 130
    95 303  85 127 339 277 157 112  19 260  13 229 266 306 319 112 316
   349   0 313  81 252  81  33   8 139 153  88 105 119  81 159 340 278
   307 320 131 228 178 135  65 387  85 212]
  [  0  19 162 377  31 349 102 201 274 337 273  83 300 376  41 162  59
   343 130 297 101 186 304   4 123 261 287 122 139 244 174 311 283  82
   169 130   0 291 229  36 190 291 243 283  76 172 302 283 126  32 160
   275  43  51 144 113  17 357  75 128 318]
  [  0  10 162  27 134  80  61  89  20 223  64 384 236   1  96  70 283
   261 372  40 386 361 374  47 339  63  88   3 244 294 169 120  93  62
   272 339 334   0 312  17 334 207 168 134 223 242  81  87 300 112 302
   177   7 175 350 357 301 202 355  48 238]
  [  0 136 330 198 263 322 159 185 312  99  10 222  19 374 155  95 110
   390 235  94  65 318 253  18 208 343 249  68 149 208 298 369  18 372
    45 290 388 169   0  93 306  28 190  64 328 270 373 194 296 288 335
   172 178 199 249  36  90 365 242 265 173]
  [  0 309 225  94  58 170 317 353 198  73 259 378   9 153  34 357 161
    75 157  11 132  59 114 241 149  46  55  92 114 195  83 379 272 275
   320 283  24 154  17   0  68  82 328 274 170  65 380   0 143 135  38
    12 240  23 153 122 211 143  72 210   7]
  [  0   8  28 369  41  27  76 157 144   9 166  70 155 370 142 306  21
   227  24  31 299 185  47 131 128  44 318  71  95 253 375 112 217 222
   366 174  89  31 201 327   0 338 318 371 326 328 289 299 330 204  98
    64 320 126  13 223 130  57  84 161 212]
  [  0   7 209 163 391 323 359 312  40 101 100 385 343 165 102 246 133
   264 109 282 183 201 135 215 296 308 179  13 344  79  92 100 354 195
    76  75 156 154 152  87 244   0 302 130 363 386 130 183 250 117 350
   138 104 277 122 284 147 113  15 282 338]
  [  0 201 188 346 225 131 386 131  58 331 249 322 269  33 309 290 316
   309 250 110 210 102  65  21 180 195  53 229 212 258 363 119  42 371
   133 182 314 355  43 144  65  28   0 268 179 147 242 253 294   9  58
   178 304   2  86  27 221 110 239 306 126]
  [  0  75 203 253  34  76 204 346 216  13   9 185 362 345 209 320  34
   281  90   0 380 252   5 331 301 307 208 358 329 167   0 312 170 189
   384 160 357 204 338 369 263  22 370   0 351  90 336 345 166 190  35
   154 311 216 303 239 258  83  40 354   3]
  [  0 354 158 304 273 245 252 369 267 148 374 265 348 219 289 276 220
   310 300 220 273 371  89 187 254 335  53  50 269 116 198 110 309 272
   134  47 325 250 366 273 294 109  36  27   0 301 369 325 388 108  55
   100 288  92 184 338 187 253 277  79 191]
  [  0 197 228 256  55  99  53  59 253 112 234 196  35 290 107 160  39
   383 123 108 150 139 336 175  76 110  68 356  69 228 306 200 204  70
   354  86 224 347 164 149 227 233 368   9  90   0 352 181 161 287 107
   207 107 111 375 239 284  37  53  77  40]
  [  0  51 178 186 288   7  25 129  41 354 133 134 385 143 295 384 162
   363 368 322 388  20   0 125 329 385 180  88 350 338 143  14 234 315
   159  90 270   8  61 326 174 285  53  79  59 135   0 280   6 176 379
   350 208 215 221 242  27 362 334 260  44]
  [  0 253 265  19 202 299 218  62 185 240 245 173 371 196 208 327  34
   168 306 198 190  28  94  55 145 189 157 186 330  91 245 269  28 226
   169 156 273  84 250 300 218 366 156 277 240  99 339   0 322  57  43
   376 164  62  67 227 290 214 367 343 289]
  [  0 258 101 232 218 156 371 259 173  69 344 146 342 257 195  91 273
    99   4 365 268 216 284  92 348 360 313 282  12 324  63  58 146 389
   346 365 284 380 350  22 175 148  49   9 251 278 320 182   0 335 138
   162 299 296 348 161 307 232 330  74  65]
  [  0   0  92 287 349 234 260 138  88  77 304 233 250 170 379 241  14
   243 240 227 114 111 221 244 229 282  35 277 140 322   9  56 322 326
    61 178 200 290 228 327 169 113  25 367 383 254 217 277 154   0 159
    22 292 140  39 250 166 305 338 387 317]
  [  0  54 388 240  55 321  47 281  56 182  94 233 177 272  32 187 337
    55 231 210 148 105  72  27 151 305 330 296 385  91 331 278  15 191
   391 389 320 257 219 250 114  95  60 108 131 265 353 132 220 154   0
   303  52  47  90 141 246 375 369 357  22]
  [  0 222 367 248  85  78 345 223 303 373 140 185 225 386  39   9  28
   280 204 176  59  75  79 354 229  11 332   9 324 217   0  42  46  97
    88  41 239 175 213 366 117 125 368 360 340 335 124 299  13  66 298
     0 313  98  39 238 316 251  10 302 314]
  [  0 373  53 117  95 328 159 118  53 221 328 208 354 245  96 147 352
   174 192 219 140 140 288 328  38  25 191 115  35  65 179  52 116 297
   372 199  93 359 139 155 268 167 171 158 115  51 115 326 133 332 360
    88   0 189  92 194 152 110  68 309 310]
  [  0 110 335 154 228 183  78 290  90 244 206 233 232  29  13 336 186
    31 137 335 249 391  80  43 189 131 305 324 336  47 216 248 268  17
   328 295 131 378 153 347 315 219 381 104 380  72 283  92  90 176 326
     1  15   0 386 131  37 105 168 373 160]
  [  0  52  91 347 302 311 171 284 307 294 335  50 149 178 287  40  66
    77  53  15 129 216  31 135  74 191   8 146 375 189  47 201 144 103
   337 249  12 168 372 159  85  24 285 378 127  68 178 145 332  63 329
   111 315  99   0 195 101 388 177 100  39]
  [  0 136   3 123 136 281  17 304 227 215 387 337 126 183 389 208 190
    54  19 357 220  89 255 130 314 168 197 252 176 132 220 348  93 155
     0 263   7 174 378 273 340 209 194 218 163 258 128 252  66 269 243
   291 290 112 201   0   0  14 373 328 281]
  [  0 110 222 382 275 130 259 154 337 181 177 152 248 176 380 295  71
   145 301 206 247 142 131 220 139 100 337  85 132 361  52 205 147 213
    61 378 152 247  83 230 236 343 109 112  38 323 307 342 112   6 348
    42   4 319  40 117   0  31 204 238  52]
  [  0 163 169  56 350 320 144 209 130 307 383 190 241 309  62 114  23
   116 264 344  84 148 363 360 302  84 115 224 227 274 141 262 179 134
    68  49 302 104 168  61  11 147 287 291 117 337 218 346  99 158 376
   290 132 291 278 220 342   0 187 186 189]
  [  0 171  11  66  45  81 316 182 228 353 158 359 200  82 104 284 110
   303 103 166 267 239 206 151 144  67 230 364 215  90  27 212 199 277
    18 223 349  33  66 367  94 382 361 170 179 198 181 288 187  57 294
   312 303 247   5 194   9 183   0 279  16]
  [  0 159 232 262  13 224 319 278 245 249 209  35 165 224 246 129 368
    71 229 168  90 318 269 161 307 225 235 136 210 377 192  18 391 336
   325  83 264 184 218  40  81 282 170 379 345 281 252 148  28 380 186
   218 283 167 160  99  30  59 381   0  19]
  [  0  42 112 346 354 360 316 133  66 222 204 315 361  61 189 113 189
   183  38  40 282 350 268   6 239 270  31 264 132 350 319 254 200 185
   273 140  17  85 342 141 349  17 257  81 285 359 376  15 186  82 131
   214 120 250 237  18 278 297 271 300   0]]

 [[  0  26 286 244   9 267  13 172 100 311 271 366 388 122 108 194 179
    67  81 285 185 283 131 138 103 128 317  52  14 268 388 146 300 226
   291 161 341 317  74  41 355 128  25 175 280 202 202 115 380 200 358
    53 311 332 363 107 260 265  84 353 367]
  [  0   0  37 295 352 338 229 362  61 237 373 350 129 138 391 239 176
   379  94  41  59  27 333  39 272 336 217 168 226  33 110 335 330  95
    29 178 191 360  60 324 339 205  40 356  13 216 316 354 361 235 337
    69  15 194 293 367 363  71 221 282 318]
  [  0 311   0 192 354 250 198   3 358 224 105  21 212 289 356   6 283
   233 278  69 278 135 218 338 257 241 381 351 318 169 168 182 280  50
   100 197 283 134  65 302 170 196 289 343 356  97 306   0 178  88 110
   235   1 383  27 264 228 197 209 103 150]
  [  0  93  80   0 323 352 274  84  71 278 151  61 313 302 129 290 196
    22  67 208 316 243  68  60  62  39 250 223 326  45 316 223 145 109
    62  25  83  86  17 313 265 228 271  73   9  47 212  92  30 237  47
   289 251 320 269 352 316 206 317 240   8]
  [  0 294 109 106   0 293 298 303 131  89 122  52 221 342 217  88 277
   106 280  30 343 251 288 330 223 115  36  92 273 185 149 313 224 353
   349 360 315 356 329 294 297 388  17  68 387 116 266 229 348  43 208
   196 131 143 252  48 386 327 207 105 389]
  [  0  73  68 162 102   0 203 278  23 163 365 320 156 225 359 275 339
   133   5 141 189 253  64  70 147 218  14  62 372 245 348 322 331 356
   375 302 108 292  26 372 130 323  34 209  28 203 237 343 241 207  77
   190 183  95 373  56  69 177 236 270 222]
  [  0 148 207 225  13 289   0 190 225 191  76  95 123 125 339 195  96
    58 196  24 183 279  78 277  72 385 361 374 196  84 371 193   1  19
   174  65 379  18 357  70 363 241 247  55 254  44  94 267 228   6  48
   162 188 305  15 233 267 165 288 312  88]
  [  0 174 201 123 181  85 231   0  55 138 268 168  78 262  99 239  35
   241  75 215  20 213 278 133  49  98 264  68 385  33  29  36 159 323
     6 131  23 274  36 255 117 210 121 106 137 163  18 162 369 116  38
   159 301  11 124 201 371 217  72 323  85]
  [  0 155 119   8 353 338  93  26   0 189 308 310 184  33 268 230 266
    74  35  81 256 200 208 170  91  92  58 164 214 294 336 303 173 349
   195  53  20 116 137 362 155 206 287 309 293  33 121 123 282 177  79
   284 296 261 152 309  85 278  17 353  35]
  [  0 254 290  53 312 371 330 228 228   0  54 349 353 334 192 122 191
    36  72 107  26 160 275 147   1 142 297  59 297 323  11 359 132  80
   366  73 300 165  84 310 379 139 343 264 325 249 158   3 190 373 197
    71 304 254 324 249 174   0 276 316 372]
  [  0 137 272  27 234 102  94 218 264  84   0 333 252 175 101 122  73
   105 118  44 180 125  85 148 265 255 248  17 374 360 191 230 110  47
   262 295  89  46  18 307 326 326 366 391 271 327  48  88 194 298  78
    20 320 272 242 250  73 158 313 343 241]
  [  0 140 183  40  56 244 200 134 175 289 181   0 328 168 267 116  67
   220 307 311 145 372 364 319 287  40  14 134 357 300 229 201 359 346
   229 244 117 334  46 105   2 192 127 343  50 383 119 340 336  95 199
   357 316 124 137  65 286 129 153 121  65]
  [  0  95  77 175 148 237  51 321  85  21  31 318   0  99  95 295 192
   391 246 278  52  81 194 298 268 235 178  90 293 275 319  50  97 117
    75 217 337 152   8   9 333  21 186  31 380  79  34 156 137 385 192
   124  50  23 186  69  48  64 144 126  62]
  [  0 297 333 147 335  89 305 105  69 342 280 348 312   0 218 329 241
   334 172 171 379 161 292  59 283 265 348  75 316 275 283 287 202 195
   197 207 367  21 384  34 168 242 147  74 347 119 150 389   7 197  34
   267  61 291 145 132 147  75 135 142 307]
  [  0 388 309  71  11 328 111 260 205 248 263  38 253  24   0 206 141
   279 363 373 225 385 256 281 177  24  87  99 230 301  71 282  64 239
   376 276 351  70 192 161 175 310 324 234 181 170  79  94 246 110 281
   384 314  56 118 302 207 301 177  44 230]
  [  0 301  97  81 177 233  28 307 286 341 276 228 218 155 387   0 335
   232 308 305 122 256 347 257 317 311 344 237 100 266 383 379 234   4
    68  62 262 333  56 192 133  41 369 244  64 284 140  64 218 253   7
   210 388  91 254  77 205 142 290 342 156]
  [  0 326 267 267  63 317  69  43 108 261 226 286 386 192 183 163   0
   347 251 366 293 318 206 212 371 369 103  31 280  86 143  14 369 187
   177 305 181 254 171 228  92 338  25 201 267 332 203 225  81 312 159
   266  69 112  14 370 234  30 205 197 291]
  [  0 349 351 129  29 186 104  62 110  86 282 116 114 345 110 309 331
     0 114 304 197  24 104  38  96 247 188 324 357  97  78  59 101   2
   159  15 368 279 338  42  45 117 365 348 120 258  69 184 153  84 274
   337 254 330 161  87  70 139 374 204 143]
  [  0 106 119 153  90  93 352 381  23 346 213 314  57 346  58 111 275
   362   0  82 135 375 190 120  46 197 274  60 158 323 198 228  79  23
    46 361 188  26 254  14 167  25   6 234 342 389 369 221 248  56  98
   100 329 359 285 211 313 198  14  74   0]
  [  0  81 346 138 213 378  79 253  16 153 133  98 249  12 152 195 190
   272 340   0 124 125 142 353 265 131 389 337 364 328  81 309  22  68
   309  24 366 316 231 228 368 273   6 169 266 130 179 359 299 100  41
   118 256   7 174 341 357 173  39  13 122]
  [  0 308 350 208 130 383 277 358 288 385  99  58 360  32 348 341 363
    12 223  52   0  62 249 318 357  88 136 214  20  74 278 314  76  42
   188   1  56  55 320 265 164  38 252  13 219 168  48 198  35  53 189
   246 301 159 313 374 105 301 321 357  90]
  [  0 102 359 202 345 216 318 265 382 235 128 179  15 347 348 326  96
   133 312  75 212   0  26 134  10  77 198 292 370  64  60 328 189  55
   359 361  59 315 321 356 250 108 110 331 366 244 239 364 138 175 383
    42 272 333 231 188 248 111 306  92 151]
  [  0 379 259  82 356 139 272 200  33 119 282 364 221 130 350  76 232
    45 226 284  91 328   0 156 245  94 123 290 162  42 224  63 308 229
    87  27 151 251 262  90 286 117 315 363 317  36 218 228 150 375 214
   174 390  44 222 106 110 270 307 271  42]
  [  0 251  38 150  47 233 172 345 144  70 320 299 174 271 297  51 294
    79 222 221 182 109 372   0 204 139 177 304 182 231 249 139 237  69
    98 283 331  75 380 379 156 206 204 237 156  88 312 167  70 335 376
    65  84 298 229  16 266 105 254 173 133]
  [  0 219 324  28 120 176 340 322 285 304  86  84  46 116 372 364 229
   234  30  46 262  89 332 103   0 121 358  31 267 321 338 373 305 209
   176 100  54  64 318 254 368 291  18 308 272 338 377  94 257 239 230
   162 230  35  43 296 285 248 250 108 354]
  [  0 323 317 265 195 335 268 164  29 133 378 368 105 197 382 331 228
    42 108 265  12 280 332 139 308   0  27   1 236 186 301  97 188 150
   349 253 216  43 172 127 295 374 233  71  36 182  92 352 166  26 166
   332 111 233 342   9 345 266 208 245 131]
  [  0 340 308 353  72  29 282  63 231 249 283 246 339 230 340 136 300
   178 130  82  68   6 203 316  72  83   0 120 247 101 159  46 367 367
    40 295 286 210 271  21 111 201 147 204  66 368  73 211 261 168 268
    14 162 291 112 242 203 265 323  11  29]
  [  0 207 217 127 184 166 239 175 101  98 252 269 218 279 201 288 275
   157 124 206 239  95 296 271 188 221 178   0 273 302 253 279 103 210
   102 339 141  29  60 122 136  88 261 349 126  93 306 361 135  19 367
   344 100 268  90 388 202 151 380 300 352]
  [  0 299 218 334  67 302 154 234  11  30  71 273  58  34  28 225 135
    87 193  86 354 260 245  93 258  28 171 237   0 172 309 256   6   6
    32 256  29 364  97 169  89 371 388 381 155 226  48  48 353 172 114
     9  18 348 150 273  59 327 308 325 354]
  [  0 154 361 189  63 341 322 318  16 262 156 137 354 296 288 283 323
    33 102 374  69 227 230  22 135 199 245 157 368   0 158 266 260 178
   236 289 118 340 331 282 291 337 341 231 320 111  37 374 173   2 111
   340  94 131 222 346  84 181 172  70 294]
  [  0  27  31 359 203 315 259  15  62 275 191 355  44 312   9 371  22
   257 110  56 197 112 160 128 356 141 301 197 185  15   0 309 148 309
    51 265 230 283 116  61 352  79  52 143 264  81 131 182 208 196 193
     4  70 280 206 368 219 178  82   5  20]
  [  0  27 349 343  28   1 374  41 208  99 119 355 335 288 133 254 327
   169 243  39 235 316 352 244  28 247 355 236 363 243 361   0 347 390
   140  67 111 167 373 328 107 317 145 218 349 192  34 136  24 198 274
    44 141 116 298 179 219  56 290 373  21]
  [  0 351 355 204 134 153   3 342 377  14 188  94 100 182 124  16 291
   353  29 165 389 248 186 348 348 140 232 382 204 134 252 169   0 304
   388 300 263 302 143 162 367 252  12  76 279 387 296  47  88 223 108
   307 370 301 218  40 310  12 234  10 193]
  [  0 141 158 353 193  99 179 212 235 327 281 180 282 290  36 198 317
    98 324   5 328 178 271 210 238  51  69  13 105 321 346 137 364   0
   100 291 124   2  24 173  21 287  68 304 269 294 206 331 322 299   1
   153 202 302  82   9 116 279   8 161   3]
  [  0   4 212  31 189 186 386 116 332 297  33 172   0 161  83 169  73
   243   6   2  40 295  59 271 239 290 334   5 302  12 213 343  98 241
     0 270 149 368 316   5 149   0 336  47 198   1 294 233 209 243  51
   370 124 371 304 376 260 258 280 318 310]
  [  0 105 154 185 148 174 179 112 350 332 230 333 211  58 301 216  91
   188 287 231 220 263 291 236  59 374 219 127 330 266  28 339 355   5
   164   0 265 121 190  16 187 174 288  84  75 380  51 274 347 217  20
    23   0 335 229 314 153  31 239 381  54]
  [  0  26 126  39 190 352 388  61 315  95 352 148   4 319 282 296 189
   247 364  10 286 206 379 206 269 298 198  28 131 257 183 275 324 140
   330  70   0 380   1 283 249 380 134 261 237 381 340 126 251  40 117
   122  76 258 290 247 307 227 317  76 101]
  [  0 328  40 206 189 362 348 110 342 109 110  19 154 201 283 195 146
   232 279  91 344 309  52 298 279  95  76 352 317 341 160 148  41 183
   339 128 176   0 177 372 218 335 190 371 381 377 272 249 281 266  94
   384 328  51 134  21 122   5 369 263 192]
  [  0 296 273 267 230 190 358 289 373 163 119 211 309  84 120  25 226
   364  72 271 110 221 361  43  16 231 117 247 170 239 217 386 302 178
   111 371 229  87   0 280  50 166 296 192  46 287 349 265 203 332  53
   285 155  92 105  17 187 346  23  63  41]
  [  0 324  75 374 188 350 351 217 207 344 241  66  37  56 165  56 181
   219 287  70 244 361  46  19 124 174 253 123 264  94 377 375  67 210
   288 376 337 323  22   0 279 215 264  45  39 356 195 130 311 362 132
   347 299 114 286 259 229   9 199 244  57]
  [  0 316  72  97 153 335 292  71 300 268 346  64  59 132 197 321  87
   271  40 202 159  83  54 224   9 331 189 284 377   7 157 367 296 216
   288   6 264 187  90 176   0  78 328  88  38  85  68 156 112 351 354
   264 132 308  87 292 100 272  17 174  38]
  [  0 261 278  99 206  18 242 285 141  41  72   4 190 210 349 353 303
   172 265 150 183 112 385 383 194 245 287  66 385 341  91 292 269 248
    58  32 285 329 193   3 189   0 214 153 306 160 184 226 263 195 262
   136 183 226  45 140 124 333 119 200 377]
  [  0  43 366 195  35 204 382  61 311 336 112 280 137 279 158 310  96
   133 116 163  89 118 228 288 380 123  64 194  92  16 159 288 111 382
   332  92 335 382 100 286 338 350   0  60  32 189  53 293 300 316  46
   116  11 279   4 180 321 371 226 368 175]
  [  0 133  87 304 303 274 192 254 259 145 292  11 237  15  65 329 121
   341 123 255 114 145 193 364 239 199   0 125 106 318 264  68 163 361
    45   9 217 135 108 339 137  61  79   0 158 385  34 138 342 319 368
   390 227 154 247 220 384 142 383  41 245]
  [  0 164   2 388 292  23   2 176   6 258 218 374 151 137  46 354  58
    66 189 249  46 278 351  94 319 137 355 282 388 216 110 161 105 230
   105 220 296  63 267 117  84 343  29 262   0 230  54 129 372 138  14
   135 240 225 264 170 192 130  24 229 358]
  [  0 185 137 315 247  57  85 264 384  26 149 244 348  32 262 301 208
    38  89 249 188 222 173 381 175 124 294 292 293  57 172  80 303 386
   260  43 133 203 213 329 201 219  53 384 256   0  78  70 242 302 256
   202 209 135  61  27 122 211 352 324 302]
  [  0 168 139 238  28  13 286 177 293  17  50  91  24 340 112 147 387
   351 375  37 300 210 265 122  97 343 264  53 318  67 375 368  11 168
   325  96 115 354 329 388 143 131 326  21  56  80   0 374 377 212 354
   367   1 126 163  25  92  32   4 343 187]
  [  0 202  70  31 374 150 225  61 209 275 196 201 335  14 284 169 352
    74 319 219  23 372 388 278 323 258 106 289 216 325 328 101 207 241
     5  88 308  43 194 190 362  94  90 341  34  47 294   0 241 198  72
   177   8 160 303 372 372  63 303 354 276]
  [  0 338 367 185 372   5   5 222  91 374 111 228  98 313 167 262 227
   383 148  67 387 249 225 232 231  61 257 251 320 265  30 129 306 299
   197 257 361 378  24 254 192 378  25   8  87 180 233 194   0  54 363
   383 380 291 148 380 320 199 135 278 390]
  [  0 150  12 315  47 132 136 233 102 171 357 131 301 322 103 297 203
   113 205  61 100 327  97 354 330  63 179 215 306 320  36 167  16  88
   364 108  97 322 368 191 107 122 333  53  58  55 266  68 144   0 133
   221 327 125 117 384 137 320 152 244 103]
  [  0 124 139 236  76 321 351  53 175 271 276  35 383 121 179 364  50
   134 238  28 387 118 319 324 368 303  77  94 124 273 359 324 139   2
   370   5 126  22 118 198 330 344 151 263 383 332 164 370 322  25   0
   178 101 359 289  59 177  53 262 308 136]
  [  0 259 134 313 293 184 230 312 319 292 217 310  31  10 144 233 107
   314 195   0  46 251 102 117 199  51  54  48  65 282 331 234 213 206
   110 197 177 290 359   9 126 270 128 365 256 335 328   7 359 245 130
     0 236 341 146 254  29  85 387 341 361]
  [  0 107 304   0 256 171 225 245  65 311 368 126 292 381 367 172  74
   308  24 321 221 300 216 372 196 381 334 199 187 264 111  45 189  73
   253 294 307 326 186 148 274  43 204 331  28 175 289  89 114 260 132
    15   0 381 292 297 119 210  85 383  33]
  [  0 295 365 306 314 279  61  46 116 155 301 260  99 283  88 198 196
    47 153 152 273  15 187 163 117 376 214  64 376  67 383   5 139 273
   191 114 209 113 304 391  84 124 115 298  84 293 225  48  47 154 300
   232 109   0 377  77 368 236 309  49 266]
  [  0 335 158 318 295 158 360 173  57 307 194 142 319  48 152 172 162
   301  91  33 154  89 148  32 142 249  18 120 377 282  87  45 233 223
   126 234  13 165 223 312  89 350  20 142 296  81 368 336  51  50 340
    67  49 258   0 307 334 182 196 267 384]
  [  0 216 167 316  27  33  15 277  58 304 222 205 307 292 341 194 386
   257  79 291 214  79 239 170 243 293  84 261 128 103 219  70 294 143
   197  90 188 388 262 276  68 135 389 387 298 338 237 311 101 371  51
   157 367   8  47   0 364 307  97   1 205]
  [  0 344  20 299 128 204 265  11 208  45  51  58  57 382 191  52 194
    52 179 222  42 357  18  56 102 196  28  29  64 229 163  91 262 390
   159 343 166 268 158 164 107  29 228 220 296 244 286 229 349 247 128
   163 305 381   1 381   0  43 238  73 341]
  [  0 144  80 308 279 313 379 291  20 116 202  60 383   9 173 203 137
   324 189 268 252  98 345 364 140 307 356 330 336  54 212 181 197  71
   149  80 251  31 262  29 115 323 160 330 292  37 362 145 251 123 104
   305 363 113 139 343 277   0   3 161 165]
  [  0 369 159  41  77 286 116  30 167 138 307 170 275 107  82 290 210
   344  66 319  91 285   9 243 313  86 378 141 262 202 226 301 312 133
   170 254 281 210 227  15 200 231 370 293 131 140 266 383 201 149 369
   335 282 168 135 231 113  46   0 349 116]
  [  0 385 242 247 246 299 200  32  99 220 129  41 307  54  75  36  70
   379 257  68 146  54 340 318 385 181 266 269 356 335  40 342 118 178
    38  78 135  66 240  35 190 236 351  87 169 173 372  70 218 178 243
   121 379 177 228 177  43 377 306   0 173]
  [  0  24 270 323  69 387 301 102 148  66 240  90 312 365 128 237 226
   319 165   6  44 152  47  69 331 160 200 263 220 279 102 103  23 141
   129 272 143 173 309 263 361 136  87 228 138 151  75 107 216  99 196
    39 300 336  36 250 229 207 250 338   0]]

 [[  0  52 363 348 362 313 184  53 117  55  89 112 345 271 154 210 133
   102 225 103  71 246 329  42 213 221 134 169  12  50 284  51 280 314
   213 387 374 303 178 347 359 305 127 391 137 245 279 100  49 357 348
    36  32 208 268  23  73 320 332 363   9]
  [  0   0 158  48 323 251  63   9 165 305  22 236 167 258  93  54 312
    74  82 386 238 105  88 111 158 341 113 219 337 132 143 305  51 281
    85 346 242 126 313 152 172 353 134 281 214 333 354  48   5 103 209
   129 240  15 302 282 133 169 309 101 142]
  [  0 238   0 169 162  29  21  93 196  71 271 115 291  24 319 105  23
    38 247 235 200 162 217 188 380 381  41 158  31  66 155 180 229 236
   310 326 183 224 279 318  90  74  61 144 284 256 332 390  62 210 144
   323 200  44 339  71  82 301 147 230 282]
  [  0  43 367   0 275 116   9 177 113 153  26 348  18  68 130  87  38
   310 281 150 322 231 242 259  28 193  42 384 208 306 271 325   2 357
    14 120  92 102 241 127 269 294 383  49 293  27 188 251 387 191 391
   365 153 351 359  49 143 189  88 233 140]
  [  0 283 293 291   0 380 278 368 199 285 269 162 343 322 129 240 377
   180 180 243 224  97  94 255 309 297 164 207  19  47 293 243  89 311
   385 111  90 226 336 116 308 159  51 365 126 114  52 246 381 360 345
   196 388  96 356 153 363 176 268   9  12]
  [  0  84 211 110 325   0 384 304 298  51 267 329  62 113 353  58 110
   147 288 368  79 208 164  59 202  47 146 114 321 120 312  96  64  13
   153 265  33 277 387  99 235 127 181 221  79 368 129  48  99 131  35
   350 375 112 262 199 349 124  63 371  27]
  [  0 134 375 275 223 275   0 336 269  61 222 247  60 373   3 261 295
   292 194 101 275 199 169 200 372 188 166 314 305 171 301 204 151 383
   382 163  40 286  16 349 179 380 277 331 160 301  35 171 269 118   1
   305  26  73 203 380 187 346 265 191 271]
  [  0 261 212 249  34 273  46   0 269  18  22 199 388 191   7 123  81
   381  15 205 131 196 172 297 328 138  20 204 323 253 212 353 167  29
   212 196 296 152 228 187 250  65  20  89  29   9 170 303  67   6 104
   253  53 116 183  93 263 174 199 276 200]
  [  0 159 120 216 200 258  52 182   0 177  15 194  50 236 391  99 373
   321 163 144 315 368 151   4  29 128 351  14 159 145 167 233 255   9
   302 151 126 237 195 192  79 309 156 126  78 297 348 125 126 145 350
   140 184 326  52  19  41 130   5 182 344]
  [  0 334 123 207   0 310 234  94 224   0 305 173 352 193 318 268  51
    73  52   1 308 298 300  77 336 303 189 182 263 340 155 304  20 327
   225 150  33 248  62 224 150 116 365 213 326 234 100 290 159 228  68
   326 186  87 353 178  41 103  87 230 264]
  [  0 210 244 357 214 383 269 337 292  99   0   7 168  76 205 246 221
   167 319 223 247 184 368 140 212 376 328  36 296 182  55  47  39  88
   294 292 165 128 221 219 129 202 315 180  98 178 154 299  20 241 182
    38 226 204 241 162 109 276 306 322 168]
  [  0 213  94  56 305  25  74 314 360  47 309   0 141  75  81 172 354
    84 381 278 120 153 228 285 139 205  62 267  26  81 150 274  72 194
   175 348 381  27  94 382 283 202 342 323 341  25 381 153 159 251 203
   375   8 200 190 257 236  37 317 186 122]
  [  0 369  50 216 151 133 260  30 193  66 217 296   0 257 279  46 264
   215 281 239  72 134 284 331 278 138 125   0  95 389 136 164  81 115
   279 385  16 252  28  12  56 305 183 128 140 282  25 347  52 233  98
   377  77 306 149 336 376  11  57  90 229]
  [  0  78 377 328 184 135 118 155 376 255 216 296  61   0 355 298  97
   185 166 189  63 243 107 253 275  35  63 362  97  58 366 342 262  81
   231 375 362  86  26 182 335 366 196  78 390 149 294 134 194 119 360
   367 284  69 192 371 259 299 245  27   7]
  [  0 312 377 268  37 309 351   7 112 303 239 100  21 269   0 382 180
   336 343  24 165  42 388 262  82 301   3  23 161 332  10 142  17  32
   324 226  40 117 139 241 145  81 170 268  53 280 277  57 210 353 144
   380 242  28  16 369 149 129 366  85 245]
  [  0 284 342  19  66 147 248 107  90 236 166 262 319   8 388   0 283
    42 327 287 201 307 388  71 182  12 100 345 273  53  70  87 214 280
   117 125 125 155  21 323  92  15 131 374 278 297  35 348  98 313 114
   211 140 173 234 193 304 173 130  15  17]
  [  0  15 226 267 162 307 328  94 185  56 199 154 376 318 371 383   0
   102  69 332 261 352  16  95 159  98 337   1  32  27  25 147 265 149
   190 193  35  80  42 384 284 386 167 199 189 347 145  66 287 285 370
   273 102 206 286 374 190 324  80 173  59]
  [  0 235  77 171 347 360 147  33 157 116   9 286   3 360 117  87 302
     0 326  12  95 162 323  98  48 159  45 344 278  41 307 192 147 125
    17 239 236 158 349 362 108   2 247 154 369 252 224 389  25 240  56
   382 111 189 115 226 294  29  32 323  92]
  [  0 258 383 362 366 101   0 220 367 237 297  20 107 200 374 151 276
   301   0 380  52   9 157 376 331 247 379 203  31  82  87 147 110  54
   250 230 216 157 263 167  53 312 231 301  90  51 137 226 257 203 373
   370  57 165 149  59 152  39 308 287 251]
  [  0 370 366 269 240 225 378 285 232 153 238 264 263  21 109  35  33
   305 187   0 207 238 128 132 256 184  89 342 270   3 161 286 135  17
   116 154  89 258 296 147 143 182 302 362 333  18 268 152 349  21  12
   137 366 175 250 267 170 147 239 296   9]
  [  0 221 137  68 236  66 227 143   0 107 224 249 322  50 152 370 156
   127 373 221   0 305 308 143 371 266 144  85 267 260 112  47  56 323
   235  76  67 298  56 239 232  24 253 186 347  12 312 167 236 104 317
   177 354  79 266 106 280 100  42 180  35]
  [  0 288 148 134 383 294 113 316 278 242 344 148 153 178 370 340 259
    69  67 228 184   0 294 206 188  97   0  65 297  18 215 346 305  21
   123 153  41 277  79 367 240 384 187  25 251 305 137 328 195 178  15
   289 292 246 201 256  18 137 321 264 241]
  [  0 327  81 333 187 207 218 116 225   2 191  91 297 195  62 127 128
   209 247 381 261  65   0 253 236 111 354 321  87  90   1 345 333 360
   353 293 176 351 271  47 375 339 171  90 155 187 180 333  90 168 150
    16 118 147 282 305 126 261  28  40 361]
  [  0 199 101  89 239 319  16 240 295  20  56  13 196 230 333  91  53
   289 275 129 199 202  20   0 259  13 200 154 369 176 186  43 126 312
   381 141  80 313 225 233 193 143 389 182 197 142 100 354 322 241  48
   272 228 325 309  65  75  63 220 272 243]
  [  0 254  64 155  94 273 309 154 255 352 146 190 195 260  51 255 218
    77 361 272  11 163 216 386   0 333 227 141 201 284 107 209 270  30
   115 295 232  49 305 230 374 388 148 182 249  46 271 352 266 172  45
     2  95 277 352   5 340 358 238 390  33]
  [  0 260 101 339 205  53 311 145  19 213 379 178  22 152  87  39 169
    95  15 273 141  95  71 111  49   0 164   7 163 369  76 101 199 274
    53 239  97 306 222 374  13 260 320  96 106  97 350 375 350 185 135
   202 311 360 184 202 248 210 283 273 147]
  [  0 251  97  86 258 252 309 146 133 211 137  94 305 381 265  55  98
     0 138 369  18 237   4 232 229  60   0 188 384 175 199 344 135 202
    95 210 182  61 290 249 218 289 175 213 329 106  59  24 267 293 356
    63 305 141 255 249 233 295 342 353 171]
  [  0 215 282 261 103 295  28  92  90 185 158 368 234 287 247 279 371
   264 302 286 331 106 292 100  63  37  59   0 184  47 125 262 194   9
   211 168  67 297 185 390 355 297 278 327  37 237 128 337 388 202 181
   331 208  45  16 129  49  86 242 200 213]
  [  0  30 107 287 111  17 125 349 349  60 141 126 268  65 189  43  66
     1 224 191  93 387  92 252 279 312 270  69   0 319  65  97 225 308
   223 151  94  49 302 204 132  27 132 269  31  91 213 371 172 211 204
     4 222  68 197  68  18 145 114 307 301]
  [  0 245  33 136 228 268 349 268 375 330 258 147 358 311 325  13   9
    66 368 296 232 193  34 223  94  12 149 112 226   0 385  77   8 193
   131 166 361 212 126 266 253 378 161 299  98  17 298  73 235 280  37
   167 297 223  25 159 122 189  25   0 127]
  [  0 287  41 267 218  81 225  35 290 143 322 269 352  58 215 247  17
   248 374  57 162 318 278 190 363 157 322 159 145 331   0 306 292 170
    13 305  20  32 103 143 120  13 175  23 379 147  67 316  24 374  80
   320 271 284 343 206  62  91  79 149  84]
  [  0 314 179  89  34 312 180 132 377 265 390 197 238 377 112 324 299
   341 237 293 353 104  67  13 187 296 256  79  88 152  84   0 311 145
    27 380 160  76 208 246 295  95  60 286  19  34  10 184  97 131 214
   102 222 334  12 123 157 282 146 147 321]
  [  0 276  35 123 328 167  76 367  12 307  77  20  95 302 376 164  97
   149 188  99  43 226  72 300 138 173   2 158 102 320 208 223   0 182
   324 315 381 230 114 132  56 360 276 270 176 185 265 145 213 251 344
    78 381 234   1 314  97 355 203  56  34]
  [  0 325 262 172 372 202 142 337 277 304 217 383 142  57 284 267 360
   246 198  52 313 196 350   2  16 173 218  67 163 171 215  50  61   0
   380 343 285 228 202 233 354 232 139  76 156  12 128  76 324  52  41
   298 133 207 124 326 131 106  87 356 279]
  [  0 311 160  95  86  32  99 193 323 176 206 320 287  75 267  53 126
   212 294 156 262 383 258 354 109 167 116 182 207 136  27  43 286 199
     0 204 252 221 245  56 138  58  48 260 108 294  31  94 186 365 113
    34 276  73 132  97 129 214 291  75 132]
  [  0 117 363 380 170 285 219 332 380 187 124 325 180 127 261 256 154
   318 281 235  27 164 301  77  17 271 344 183   8 147  81   3 111  22
   349   0 367 374  37 103 247 225 246 177 142 365  67  43 207 295 307
   316 131  13  63 102 123  39 151 343  65]
  [  0 208 126 374  14  12  93  24  72 180 363 269 361  29 317  66 353
   188 319  21 284 151  80 116 284 288 380   9 288 193 353  61  80 248
   358 216   0 158 109 198 212 137 155 388 306  62 269 297  72 181 299
   175 103  29   1 145 139  45 387 178  51]
  [  0   9 161 160 201   5 183  49 305 115 285 126 240  96 128 198 189
   319 328 118 293 332  47 163 183 248  23 216  63 227 105 243 160 319
    76 281 319   0 185  72  43 386 328 323 377 192 301 283 332  14 151
   329  97 374 229 332 115 349 188 365 157]
  [  0  40 123 264 356  15 239  17 329 225 299 228 240 292 287  11 186
   130 237 146 353 290 251 161  46 158  41  11 293 258 279  13 364 126
    72 123 298 375   0 209 155 185  95  69   1 202 343 183 324 159  53
    76  87 260 157  76  31 238  39  78 199]
  [  0 152 204 312 368 129  45 166   0  84  59 289 391 140 113 180 133
   129 184  84 237 155 374   3 340 260 385  67  79 198 187 140 312  94
   167 218 181 190 160   0 155 349 308 250 295 192 351 127 148  84 147
    54 236  33 135 365 141 365 252 304 141]
  [  0  34  98 205  65 227 193 334 301 193 157 272 301 304  34 220 296
   345 240 179 184 294  71 329 187 101  52 366 115 329 206 164  62 258
   157 308 337 339 344  88   0 278  89 262 247 248 339 207 353 283 325
   369 230 100 180 135  50  65  74  84  11]
  [  0 373 278  68 157 232 313 390  23 370 314 379 158 370 364 252 203
   114  52 146 295 338 391 148 190 139  76 194 135 268 279 240 191 369
   201 228 290 275 142  62 215   0 118 220  27 226  39 242 102 128 237
   212 149 124  48 230 250 279  62 109 263]
  [  0 126 296 174 321 163 325  49 380 194 159 303  23 224 376 171 120
     6 209 293 236 238 380 268  12  34 330 320  94 312 269  75 189 170
     3 182 152 144 357   4 333 353   0  94  72 234  17  53 246 118 362
   150  37 356  90   3 379  76 312 195 289]
  [  0 283 389 382  99 237 389  77 248 382  83  20  32 260 386   7  73
   210 314  27 326 233 101 312 355 236 378 138 390  89 309 355 291 107
    58  43 210 112  62 147 104 211 337   0 205  23 189 228 280 267 252
   321  55 153  23 358  73 262 124 107 230]
  [  0 319 292  97  55 272  68  59 226 326 217  25 379 160  40 322 359
   288 213 123 351  99 250 247  43 119 124  98  55  63 222 128 337  13
   246 154 231  39 217 197  81 299 351  48   0 373   3 140 300 197 202
   210 347  73 321 358  18 223 348 180 301]
  [  0  49 311 119 195  38 182 342  41 272 196 282 106 156 268 283 385
   134 361 136 338 182   1  51 229  38 165 220 209 300  64 251 256 338
    11 201 265 315 341 294 135 209 332 247 224   0 150 130  71 119 140
   307 288 331 273 375  79 295 165  98  31]
  [  0 378 239 218  25 205 175 248  47 238 145 222 145  53  69 188 257
   255 224 124 297 140 230 318 168 174 337 123 220  38 219  63 114 163
    52 332  88  72 376  86 292  49  20  40 143 168   0 169 333 143 211
   241 220  92 369 299 324 182 302 253 109]
  [  0 213 387  23 339 308 284 161  27 345 257 225 189 161 337  53 389
   309 214 152 304 168  40 339 273 112 111 207 294 185  66  46 375 391
   200 286 384 191 107 347 285 270 169 285 145  95   5   0 301  79 319
   247 266 258 207 325  19  81  14  52 289]
  [  0 155  56   4  12 322  70  29 192  14 230 254 302 106  16  85 283
   281 178 260  24  50 381 112 178 114 192 200  84  76 219 257 247 210
   147  39 367 204  67 184 343 213 200  72 283 246 294  48   0 265  87
   245 326  37 220 332 247  99 245  87 139]
  [  0 351 348 222 345 319 310 158 328 175  28 189 235  88 351 321 223
   217 253  14   9 283 166 230  40 358 371  20  73 375 207  98 316  76
   246 325 228 120 294 287 163 253 350 377   4 343  71 260 211   0 341
   124 133 176  31  28  18 130  18 137 206]
  [  0  30 379 182 227  23 352 263 282 356 389 291 159   0 362 315  73
    45 134  71 388  76  42 154  30 203 253  22 249 185 301 187 299  87
   269 331 143 276 112 329 236 240 132  88  49 377 239  62  36 200   0
   158 107 357 250  82 114 171 361 184 320]
  [  0 113 101 279 264 306 182 100 389 163 137   0 197 252 250 273 314
     1 253 258  36 157 385 296 107 251 271 166 166 243 157 244 210 320
    47 216 361  41  23  79 170 191 276   4  31  95  69 179  82 138  70
     0 349 379  57 359 161 270 386 196 184]
  [  0   3  55  42 379 174 232 305  14 229 296 297  98 381 270 125 339
   138 117 301 110  59 371   6  72 193 260 108 112  13  69 157  76  67
   339 259  70 160 154  22 189  73 212  97 177 102 269  76 321  46 239
    83   0 377  20 388 166 168 157 244 161]
  [  0 158 203 180 250 265 201 168 263  86 382 338 126 194 129   7 164
   302 227 285 196 391 336 322 284  36 113  48 161  31 245 221 361  78
   209 267 134  29  71 236 231 372 250 107  36  43 124  98 223 137 151
    55 178   0  53 109 264 202 119 284 317]
  [  0 389  51 190 290 142  69 134  50  87 291 161  35 304  89  53 101
   358 222 198 344 295 389 210 320 289 372   3 242 132 287 274 194  15
   138 372 296   8  15 307 105  88  55 225  91 249 283 117 298 302 391
    45 239 241   0 214 389 210 246 273 111]
  [  0 356 327  41 198 341 362 229 344  18 225 160 174 275 147 239 336
     1 241 319 263  79  82 270  56 172 237  60 335 271 297 116 156  89
   317  82  22 391 299 369 304 347 373 233 200  33 194 220 245 104 137
   244  56 171 285   0 119 125 207 332 173]
  [  0 366 194 314  50 356 330 186   1 344 374 354 134 367 232 135 218
   101   7 284 219 238  76 356 137  72  24 349 303 266  90  28 239 315
    93 279 113  31   4 389 369  56 133 222  37 141 276 185 123  66 271
    54 322 199 259 278   0 381 155 124 249]
  [  0 331 241  71 347 327 198 300   6 226 233  47 120 327 257 148  13
   289 329  99 202 345 222 258 384 161 129 277 295 113   6 108 222 106
   127 237 284 332 194 156 340 215 321 388 112 128  60 125 346 364 271
   346  59 382 306   4  49   0 308  70  10]
  [  0 126  24 245  74 287 207 297 149 289 340 211 248  97 228 217 239
   349 340 191  68 347 370 207 233  57 100 333 232 262  39 319 230 227
   253   0 329 139 266 153  81  53 144 339 321  22 244  21 287  63  65
    40 113 189 292   0 351 264   0 268 288]
  [  0 375 232 187 154 125  21  16 183 139 244  94  41  22 289 336 261
   322 373 170 154 335   1 350 297 196   9 197 252 354 331 103 369  85
    11 390 310 262 127 221  46 309 318 377 253 291 341  57 146 363  53
   109 314 162 127   9 376  23 105   0 225]
  [  0  37 304 224   1 140  17 140 151 306 341 366  69 360  19 287 309
   184  28 252 159 236  64 353 305  14 144  98 160   1 223  11 196 230
   207 361  58 180 381 340 205 291 372 205 126 151  79 173 182 366 328
    58 170 348 142 117 237 376 224 114   0]]]
release_time
[   0  934 1083 1183 1121 1206 1161 1092  984 1167 1018 1129 1153 1079
 1107 1090  805 1084 1021 1090  902 1085  998 1101 1103  787 1127 1185
 1088 1068 1101 1085  868 1200 1075 1095 1191 1096 1124 1111 1127  869
  980 1159 1141 1213 1107  900  833  859  989 1004  758 1109 1041 1081
 1122 1124  859  987  943]
due_date
[   0  953 1172 1240 1192 1232 1211 1164 1058 1176 1067 1177 1210 1136
 1167 1168  895 1161 1094 1165  966 1154 1017 1171 1170  841 1171 1232
 1157 1169 1166 1161  871 1226 1177 1177 1217 1186 1199 1176 1187  900
 1065 1197 1178 1213 1212  907  898  915 1005 1080  850 1120 1167 1123
 1212 1202  881  999 1022]
unit_emission
[16  6  8 20 20]
emission_limit
39433.6
setup_severity
2.0
due_tight
0.3
due_range
0.25
release_tight
1
degree_constr
0.2
