mach
5
job_rate
12
weight
[ 0  5  7  3  1  2  7  4  8 10  2  1  3  7  3  3  8  9  1  3  2  5  8 10
  2  3  2  9  4  4  3  6  7  7  9  2  6  9  2 10  2 10  8  1  9  6 10  4
  3  3  7  2  4  3  7  9 10  9  6  1  1]
proc_time
[[  0  70 117 120  50  67 146 123  64  77 143 128  55 118 136 130 137 149
  106  81 100  57 135 113 114  92  98 136  90 116 109 114  63  98  56  93
   91 132 108  79 118 146  94 130 124  80  51  65 149  56 126  63 108 101
  135  62  98  92 140 110  70]
 [  0 118  50  74 126  66 118 102 101  85 109  80  68 103 123  94 130  96
  130  85 141 139  69  83  71 138  90  52 150  68  54  73  68  87  86  96
  116 105  94  51  51  94 111  69 113 138  88 118  85  66  83  56 147  86
  137 124 141  79 130 136  80]
 [  0  67  74 148  90  78  93 150  52 122 120 104 121 127 121 133  96  63
  103  66  94 138 131 114 139  57  56 128  72  87  68  55  74 118  62  90
   62  59  56 137  58  67 132 114  98 138  70 138 113 109  56  73  64  70
   63 118  72  70  77 136 144]
 [  0  57  60  65  67 124 115 125  55 129 147  84 103 144  53 111  84 126
  120  95 144 124 101  68  66 125  67 132  57 129  91  64  81  86  56 108
  150  98  78 114 133  69 118 127  68  96 144 115 110  90  52  55  83 108
   85  97 101  60  72  75  68]
 [  0 115 118 125  95  61  97 104  98 118  75  85  79  86  98 124  80 113
   92 141  71  80 102 122  82  81 142 103 144  87 124  89 123  69  95  83
   93  89 125 128 147  67  52 119 122 105  83  83  52 101  89  69  84 147
  101 143  91 131 147 131  93]]
setup_time
[[[  0 114  56 251 334  44 134 343 352  73 190 279 232 127 247 107 340
    12 116 169 359 110 213 157  36 138 379 127  50 388 114  68 270 351
   316 271  18 385  42 316 278 375  41 236  50 223 374 381 283 316 205
   287 327 273  75 321  96 328 202 178 152]
  [  0   0 250 364  89 309 247 393  50 177 216  51 215 251 205 191 279
    65   9 390 349 134   5 246  29 170 136  43 319 262 209 166 343  74
   312 392 310  95 145 290 214 202 253 220  83 212  48  55  86 325  97
   162  20 255  78 232 301  31 146 263  11]
  [  0 217   0 120 359 264 188 276  73 273 345 226 176  93 337  48 237
   173 293 194 183  83 343 230 320 339 194 175 213  23 160 116 165  50
   235   7 142 132 183  27 132 296 227   0 275 379  63 153  60 317 189
   382 361 194  69 381 194 317 209 228  96]
  [  0 337   8   0 390  54 185 344 333  26  30 340 321 177 170  50 371
   205 258  25 139 362 325  82 302  11 124 112  64 127  40 313 310  73
   201 216 256 183  83   3  88 207 195 319 356  80 290 101  25 370 151
   275 239 292 123 109 361 228  13 367 109]
  [  0 176 356 266   0 196 294 136 307 126 220 344 339  77 173  49  78
   321 122  42 161 125  50 113 276 133 321  30 270 381 171  46 197  48
   103  74 146 288  32 381 297 139 141 169 278 209 255 102 335 373 242
   186  57  41 388  44  19 127 364 245 212]
  [  0  67 325 385 240   0 259  44 349 161  99 195 108 207 178 173 270
     2 172 256 149  60 236 195  77  55 237 195 158  23 332 167  22  17
   116 314 261  73 360 227 125 176  41 230  55  93 381 335 192  54 141
    80  82 361 202 243  94 262 109 202  16]
  [  0 246 369 385  93  62   0 324 335 252 170 131  81  87 157 192 253
   291  86 370 187 142   6 304  96 230 258 109 388 368 250 348 382 231
   171 335 272 345   6 136  99 203 310 193  65 347 303 240 352 120  72
   159 324 279 106 186 238 153  63 144  67]
  [  0  72 129 293 211  75 256   0 225 325 180 238 186 357  37 245  62
   301  28 375 277 205   0 174 277 331  66 371 119 184 243 226 306 308
   174 260 256 261  35 184 160 314 367 237 358  32 262 151 343  20 325
   297 261 193 210 326  70  84 346 392  48]
  [  0 189  76 330  52 194 201 192   0  23 376 386   4 313 363  37 318
    38 110 363  71  88  24 351  11 333  43 243 307 147 145 322  98 282
   283 321 353 196  11 200 199 351 214 236  12 308  84 299 326  91 224
   187 273  13  24 240 228 263  70  20 300]
  [  0 318 274 204 114 389 258  17  12   0  10 379 142 175 281  44 104
   245 211  83  53 315 187 170 262  39 126 254 214 124 129 135 279 320
   310 275 339  51 114 232 117  76 113  83 153 308 265 264  14 293   2
    18 331 383 198 370 253 315 263 268  94]
  [  0 282 386 250 368 156 294  80 215 203   0  88  65 155 219 230 105
   132 123 152 164 194 340 356 370 296  69 238 221  76 135 332 374  16
   309  32 131  85 331  13 317 209 366  66  86 233 298 256 139 358 218
   318 255  55 181 346 274 271 199 374 194]
  [  0 176 393 306 205  67  15  98 138 305 172   0 192 352 339  87 180
    33  92 258 309  30 377 161 134 385 223   7  45 320 306 288 321  61
   324 247 335 155 288 273  70 338  32  70 146  73 304  25 283  76 209
    83 182 180  37  89  88 216 304 136 135]
  [  0 324 135 220 355 151 296 357 198 175 100 145   0 134 243 214 225
    73 198 166 121 100 107 127  97 289  36  96 167 190  59 262 328 210
   310 267  55 334 338 384 381 305 319 187 158 355  53  65 385  99 306
   336 298  18  64 184  35 144 215  44  87]
  [  0  32  75  82  37 137 177 121 124 295 130 323 150   0 292  26 164
   370  78 338 333 309 126  65  78  33  72 260 389 268 154 114 214   6
   394   6 192 128 162 333 282 193 298 157 239  65 273 133 318 238 218
    45 105  32 357 184  11  84 270 357 131]
  [  0 265 265 329 275 287 335  40 277 211  92 379 296  12   0 194 121
    29 389  48 256 378 213  23  38 189 204 366 392 333  28 274 157 357
   126 368   3 299 128 344 335 345 140  48  78 215 349 238 118 308 336
    54 155  13 267 320  77  60 282 388 315]
  [  0 286 140 116 148  44 174 240 124 144  44 327  48  28 307   0  41
   219 379 246  89 227 319 235 173 273  53  17 241 306 183 276 104 349
   133 254 394 352 352  82 369 306 104 225 164 342   4 109 394 155 296
   101  96 280 200 359 271 335 344 288 389]
  [  0 127 305 278 287  20 117 216  50 341  59 361  25 253 174 111   0
   206 305  76 357 348  88 246 197 331 247  28  35 350 187 150 382  79
    44   5 290 300  12 317 346 294 268 157 275 178  54  79 222  76  96
   114 209 113 213 365 249 350 327  27 254]
  [  0 167 203 120 226 335 281 174 294 123 385 242 190 296 149  11 253
     0  57  34 180 148 312 160 341 360 105 148   2 162 205 284 226  14
    20  31 112 313 220 225 214 132 312  80 273 229 270 253 183  96 247
    46 236 334   2  52  23 140 111 179  65]
  [  0 314 232  53  19 275 104 290 260  47 144 125 374 276 378 169  94
   252   0 232 184 156 353  17 280 234 218  81 164 323 367  49 164 393
   365 294 193 105 335  67 214 172  25 334  80  79 256 205  35 305  20
   110 171 158  81 212 208 202 218  74 259]
  [  0 347  25  90 234 393 232 258 187  12   0 171 326   0 371  67 238
    29 183   0 350  54  99  60  38 180  46 277 211 162 120 218 287 380
   202  36 121  39 312 294 228 353 147 121  32 208 394 227  30 245   7
    59 205 346 250 385 252 356 193  14 259]
  [  0  15 256 373 160 371 293 330 294  71   9 281 290 107  41 273  65
   232 165 298   0 317 276  87 106 296  95 225 378 290 334 393 210 128
   216  82 327 297 325 172 208 187 110 134  92 251 106 334 312  54 274
    41  43   8 303  75 201  58 123 314 276]
  [  0 305  20 342 241 151   2  36 199   4 270 213 131 108 324  24 387
   227  55 331 304   0 300  68  65 332 252 149 301 377 310 226 394 177
   359 106 346 188  42 184 230  43 228 107   7 339  26 168 115 118 111
   370 200  10 114 139 375 194  90 245 341]
  [  0 198  25  71 298 308 282 309 115  27 294  61 234 275 204 383 124
     4  65 282 214 305   0  98  96 225 355  44 316  60 251 183 144 316
   291 219 329 131 120 275 351 292 331 100 154 325 321 140 227   5   8
   233 383 335 173 267 314   2 309  71 319]
  [  0 178 155   1  56 189 364 290 218  54 264 161 232 256 219 261 251
    77 281 169 286 349 211   0 194 186 275 357  87 110 103  42 225 386
   282 316 244 325 386 332 321 347 244 314  27 330 111   7 332 281 142
   177 150 361 342 231 299 296  54  43 220]
  [  0 248 360 198  51 105  70  45 286 132 213 148 235 281 212 139 171
    14 385   2 258 381 104 124   0 250 232 334 185  60 187 273 314 143
    63 280 120  38 129 123  51  17 112 156 215 382  64 166  82 170 152
   233 133 182 150  75 224 350  81  48 292]
  [  0 270 138 223 122  52 389 255 207  36 391 300 367 172 334 355 312
    59 170 178 341 382  50 124 165   0 244 169 368 263  25  80 163 175
   331 157 176 169 217 361 183 339  80  76  65  24  33 293  61 296 212
     3 192 125 371 269 153  44  94 140 134]
  [  0 203 296 383 160 303 178 122 287  37 101 361 195  70 160  85 271
   260 164 393  15 164 261  31 169 350   0 272  67 299 254 330 383 102
   344 139 319 382  52 141 143  95  92  91   3 244  34 175 152  51 134
   245 223 350 313 177  78 343 264  97 308]
  [  0 142  29 198 138  19 121  98  47 209 293  72 115 378 130  24  70
    78  49  52  59 171 206 211  98 156 275   0 107  67 381 360 256 263
   209 202 236 115  53 278 188  81 361  41  72 369 250 361 363 336 347
    99 184  23 374 250 344  32  83  15 255]
  [  0  61 322 123  74  77 153 276 230 261 103 106 214 291 341 114 257
    17 145 130 196  29 341 120 158 222  56 180   0 123  94 345  94 122
   336 132 100   6 351 233  19 148  90  33 110 227 219  64  16 159  69
   251 116 365 390 301  24 196  66 391  23]
  [  0 130  94  94  25 302 254 170 263 337 285 271 108 372 121  78  93
   329  52 148 326 308 239 281  84 280 361 175  81   0 197 107 117 181
    10  68  63  45 198  37  29 256 150 102 165 119 133 366 306 187  78
    62 309 330 295 243 336  22 226 156 130]
  [  0  80  65 111 373  75 263 139 323 206 201 372 309 162 165 265 121
   219  45 102 179  17 249 156   0 304 116 289 387 337   0 144 207 164
   112 333 278  34 146  52 284 254  57 264 334 120 204 147 227  18 189
    19 367  97 384 225 199 322  49 156 200]
  [  0  31  95 281 170  77 231 318 130 124 142  58 377 284 192  62  83
    81 359  73 260 273  24 394 315 373 182 292  94 209 228   0 115 202
   112  25 267  50  51 214 175 169 192 216 129 258 272 299  69 274  75
   358 148 170 171 180 286  57 187 250 315]
  [  0 289 127  61 310 231 235 370 298  54 143 391 115  83 375  81 279
    64  40   7  42  69  39 353  95  75 337 314 232 373 145 172   0 271
   282 106 236 251 101  87 353  89  31  63 230   3 116 287 148 307   8
    95 342 261 301  40 128  69 150 128 111]
  [  0 115 143  40 186  48 352 304 268 102  62 323 379  79  33 244 287
   188  39  37 360 227 145 341  56 163 165  10 349 227 108 353  66   0
   391 374 315 203 159   8 198 260 300 343 383 170 367 279  59 291 327
   176 291 178 248  24 293  43 129 162 199]
  [  0  32 242 338   4  31 327 305  95 372 145  39 319  31  89 376  49
   385 176 324 266 112  62  82 246 307 272 355 253 264  19 339 159  96
     0 143 310 104 223 182 289 282 135 312 322 327 101 284  83  72 192
   171 201 173 375 232 335 154 263 357  41]
  [  0 278 339 187 357 110 198 343  22 209 128 153 267 231 165   1 321
   332 131 183 350 280 137 277 374  16   8  12 181  96 181 155 356 198
   329   0  91 154  14 172 105 150 218 328 317 307  94 330 375 197 331
    41 227 172 299 178 319  71 200 273 162]
  [  0 296 148  28 154 248 148 327 303 133  77 327  13 295 291 362 357
   352 222 223   5 277 312 127  32 131 250 215 133  21 215 124 140 387
   279  60   0 288 202 209 183 360  89 324 157 239  19 179 270 333  87
   216 239 325 322 301  42 283 366 306 250]
  [  0 341 267  49  37  28 130 314 293  56 228  54 198 358 354 176 330
   184  21 100  40 316 118  78   1  77 379 387 305 149  17 394 235 159
    14 225 211   0 380 274  76 248 279 251  43 331  60 135 258 237 232
   278 258 157 288 254 369  18 251 300 377]
  [  0 275 284 197  89 278 208 320 274 366  26 324 183  63 310 152  80
   223 281   8 368  23 112 298 363 318  30 380  24 205 351 391  10  70
    99   1 330 391   0 133 142  66 351 293 124  70  61 387 316 110 348
   361 354 187 121 245 393 165 158 320 383]
  [  0 228 224 244  23  30 208  18  65 360 303  82 336  83 187 254  15
    89  70 203 271 223 367  46 134 128  97  84 246 195 279 186 212  95
    76 393  16 323  43   0 220 378 301  98 141 343  52 360  92  14 280
   212 388 208 316 127 304 119 143 158 208]
  [  0  65 184 234 333 339  76 152  58 366 277 295  85 206 124  69 222
   344 276 121 318 289  31 207 163 205 137  35 260 224 235 187 161 300
   214  37 221 324 378 233   0 121 312 344 214 148   1 139  82 389  79
   205 349 319  75 284 364 310 268  66 336]
  [  0 313 313 224  80 151 214  12 327 388 372 167  39  98 283  73 212
   338 167 143 275 317 160 116 162  37 254 281 191  89 352 327 356  14
    94  71 358 331 206 177  13   0 378 195 124 302 113  87  54 353 199
    68 123 195 267  17 257  11  35   3 341]
  [  0 271 302 313  93 345  83 382 156   6 306 119 303  77 222 181 112
   280 356 110 250 391  76 302 280 278 209 299 332 306 283 351 265 277
   124   1 244  69  33 196 310 383   0  95 119   2 223 393 199 378 260
    88  52 118 313 324 129  88 140 161 166]
  [  0 369 132 355  79 199  32 220 238 190  79 389 200 213 154 109  39
    74 377 394 323 164  80 235 243 376 184 230 344  29   4 140 138 281
   207 322  82  46 221 296  89 317  37   0  97 113  34 382 313 223 204
    68 325 128  50 320  58 342 333 280  47]
  [  0 320 185 381 193 107 133 140  10 198 233 114 357 316 311 120 202
   201  76 276  78 101 196  61 301 283 306 215 371 215 235  35  82 265
   377 243 170 359 377  50 217 109  23 318   0 168 335 376  49 294  91
    80  31  53  28 184  62 249 281 107 100]
  [  0 366  49 247 132  47 146  20 306 254 254 100  70 290 119  74 262
    10 375  84 318 338   4 172 351 311  27 117 299 253 133 273  13 304
   141  99  24  16 286  86 313 331  37 216 247   0   0 391 164 274 370
   394 179 217 353  11 323 204 357  18 358]
  [  0 327 362  23 201  16 298 198 394 241  60 200  66 191 348 112  37
   103 222 150 116  86 368 306 143 290   2 373 255 292 174 279 263 306
   196 295 352 231 315 114 344 155 133 211 152 246   0 293 360 193 124
   214  75 129  48 348  31 141 341 370 223]
  [  0 303 379  10 135 316   2  73  62 359 334 190  45 213 338  23  99
   369 270 314  85 157 272 132   5 274 305 289  59  91 167 289 187  35
   119   5 384 196 394 357 354 142 328  24 342 120  63   0  51  36 132
   251 283 188 299  33  47 237 283 326 216]
  [  0 326 274 119 272 334  10 169 108 365 270 101  77  42  29 332 282
    16 345 358 389  22 385 305 141 313 224 317  30 154 283 389  78 290
   379 376   6 141 191  76  16 209 235 132 221  95 358 287   0  82 329
   211  47 189  88 345  41 344 162 342 280]
  [  0 162  77 281 207 329 263 289 328  59 213 215  21   5 127 141 105
   316  57  98 334  58 164 379 243 181 345  37 204  13 374  92 149 381
   314  32 290  84 275 340 105 329  10 343  32 202 224 343 209   0  14
    17  31  43  94 334 161 352  17 325  49]
  [  0 381 173 366 225 390 144  94 353  62 373  23  55 193 346 275 199
   371  96  18 156 300 180 309 184 228 235  84  25 312  47 331 162 258
   243 341 207 280 314 303 125  16 136 128 166  36 191 226 352  44   0
   344 340 317 193 327 270 293 263 190  26]
  [  0 253  98  30 344 266  59 111 195  41  25   7 339 297 359 286 119
   352 168 242 281 229 381 388 366 120 247 297  70  81 364 117 344 225
   223  78 219 231 248  56 102  11 345 167 155 355  54  19 314 376 356
     0  75  73 313 218  11 263 332 329  42]
  [  0 258  68 194 289 369 197  62  92  49 356  83 208 278 113 213 192
   276 239 326 273 319  43   7 155 220 292 209  97 226 261 290 224 321
   302 377 303 346 164 254  55  61  52 138 322 145  76 141 202  41 336
   206   0  67 199 268  79  62 206 310 144]
  [  0 323 270 200 281 158 304  79 234 394  88 139 233 392 265 252 119
   194 369 301 152 260 344 271 135  30 365  20  55 195 337 183 316 188
    82 126  86  22  23 138 116 161 144 207 200 303 170 221 391 374  65
   269  97   0  13 208  50 341 102 209 316]
  [  0 288 210 204 335  62 126 373  67 211  59 252 168 255 186 143 296
   296 271  57  83 292  77 220 285 283 361  99 201 303 134  13 299 304
   287  52  28 285 227 346 191  26   4   1 156 214 305 370  38  93 353
    39 370 238   0 374 148 306 257  93  11]
  [  0 352 342 133  60  82 391 162  64 122 233 133 339  47  82 387  54
    84 327 157 220 198 269  10 257 294  91 162  85  51 392 331 380 306
   359  19 248  98  62 119  58 338 260  91  64  75 365 169  83 249 176
   334 204 371 194   0 239  90  69 188  15]
  [  0  60 167 363   0 216   8 213 218 227 144 100  22 391 116 211 315
   216  64 228 295 253  45 376 231 285 188 226 136 329 265 255  28  47
   132 341 205  28 159 154 223 290 270  24  95 131  63 216 326 236  30
    96 241   8  17 378   0 132 134 100 378]
  [  0 317 181 332 300  40 192 284 127  61  65 232 328 379 341 320 329
   349 142 387  74 248 102 113 146 227 210 192  97 160 360 159 334 241
   133  45 300  36  58 144 233  27 139 322 215 380  84  68 229  65 180
   308 314 242 357 207 159   0 283 385 383]
  [  0  94 289 216  23  29 329 174 388  57 225 273 332  89  61  84 190
   279  49  42 133 110  94 192 310 188 315 268  39 285 351 117 193 284
   118  61 251  85 164 190 311 334 348 182 356 259  99 266   9 110  36
   103 338 223 127  65  39 350   0 286  92]
  [  0 209 289 288 316 360 374 280 294 208 229 369  36 162 175 302 175
   276  26 125 335 338  97   8 218  41 119 224 108 126 168 193 301 297
   334  97  30 379 103 381  72 217 133 218 168 275 375  20 184 233 140
    77 240 157 123 372  63 209 274   0  19]
  [  0 108 252 274   9  68 303 167 262 347 138  27 161 182 146  83 232
   235 333 147  40 202 381 281 135 218 349 170  93 117 374  98 226 153
   167 142  12 247 137 211 164  97 226 179 173 267 376 387  12 387 317
    33 270 223 281 220 256  44 246 103   0]]

 [[  0  76 251 197 245 208 253 301  28 110 274 359  87 121 339 108 238
   354 251 168 118  56  60  46 141 370 101  46 327 254 245 294 191 268
   263 274  61  40 299 202 106  54 301 176 265  99 238 276  24 156 124
   198 393   8 331  11  21 224 104 189  16]
  [  0   0  83 163  77 338  65 238 248 179 371 272  17  11 383 255  88
   239 166   3  32 378   3 153 163  22  64  90 338 344 371 242 376 318
   376 384  70  10 132 204 206 313 365 146  26 371  83 157  94 161 105
   234  61 354  85 355 249  80  13 160 231]
  [  0 140   0 151  18 312  25 204 164 166 137 196 238   7 391 180  80
   264 314 296 341 174 124  25 296  30 291  87 321 196 265  34 122 159
   202 156 306 233 375 277 298 309 330  42 300 345  72 311  71  38 354
    81 260 311 132 386 225 246 363  37  96]
  [  0 311 104   0 250 199 271 301  33 371 304  21 295 181 264  16 185
    84  59  40 317 138 336  65 101 363 141 346  94  24 380 222 178 352
    78 394  46 249  53 253 319 154 188 140 334 387 320 144 190 364 369
     8 153  55 103 176 302 257 117 145 249]
  [  0   7 273 229   0 370 328 186 151 376 199 183 346 278 210 148  63
   382 223 379 212 163 162  16 210 134  12 180 120 306 161 288 237 308
    25  95 223 212 297 252 119 243 223 286 244 348  26 355  13 287 362
   185 219 278 163 120  93 363 248  15 155]
  [  0 182 375 273 338   0 104 269 384 384 276 289 131 307  30 251  75
   177 187 273 231 309 212  35 352 305 244   9 176 377 247 316 142 280
   236  26 365 179 117 329  69 115 203 250  56 387 112 306  94 137 323
   257  89 152 281 216 284 370 263 369  85]
  [  0 273 321 162 325 173   0  97  38 123 226   6 194 144  87 276 166
    53 137 298 370 147 267  94   4 284 235 352  89 167 139  18 232 241
   148  92 301 253  79 327 266 300  83 237 230 140   6 106 238 120  55
    39  89 142  19 318 264 174 112 375 157]
  [  0 142  87 119  10 312 382   0  37 298 272 167 170 310  18 198 169
   178 256 290   4 384 218 294 261  98 256 148 392 357  84 259 393 367
   198  36  12 231 234  22 388  33 294 383  88 324 385  80 256  23 239
   125 165 158 238  15  47  86 150  45 265]
  [  0  95 301 237  67  70  42  19   0 318 118   1   2 134  41 234 254
   157 374 142 349 377 329 378  92 387  36 290 260 296 103 272  63  90
   332   8 345  80 275  65 388  90 252 334 323 242  64  82 227  63 330
    79  80 292  58 249 112 200 158  88 333]
  [  0 282 205   8 315 107 203  40 220   0 313  89  90 342   8 257  27
   347 386 326  12 123 141   6  14  78 163  44  17 350 256 194 146 357
   170 219 323 145 263 302 178 166 295 195  98 287  64 232  89 123 299
   202 102  95 204 271 329 116 276 267 194]
  [  0 158 102  67 304 130 187 318 280 274   0 354 393  39 391  41 148
    98  41 184 148  45 333 354  87 143 344 351 223 150  40 286 356 346
   386 203 313 220  72 254 159 315 318 277 358  86 388 329 123 166 346
   386 364 378 117  32  14 349  12 102 319]
  [  0 272 278 219 183 279 356 257  93 124  34   0 138  72 140 237 268
   333 206  45 169 392 251 116 322 140  54  17  10 256 313  81 386  50
   105 288 295 336 373 322 290 244 377 223 260  56 254 165 378  26 281
     2  42 316  98 229 373 318 108 265 356]
  [  0 230 391 358 278  97 390   4 375 390 247 177   0 110 310 171 197
    84 178 160 304 282 184 383  17 195 354 276  94 148 213 284 357 329
   200 263 180 132 269  35 367  58  19 288 271 322 309 353 352 316 145
   169  94 338 122 106 138 291 364 308 352]
  [  0 287 294 339 390  44 267 141 314 137   7 358 195   0 293  13 365
   202  98 294 298  73 393 191 295 113 376 319 324  63  45 316   6 127
   188 270 157 224 377 344 124 296 223 333  34 322 251 321  60 166 352
   315 135 214 236  49 102 306  31 164  40]
  [  0  71 172 184 391 353 159  85 258 341  57 126  28  17   0  30 120
   164 222 118 125  66 199 367 377 118 180 266 115  57 190 226 387 225
   377 158  96 172 197  81  62 156  79 229 376 326  90 394 213 198  81
   336 234 285 315 172 344  11 104 158 348]
  [  0 291 255 252 287  92 207 347 112 345  96 370 334  89 273   0 303
   179  86 175  39 142 346 292 197 349 108 138 365  93 365 294 332 156
    49  47  35 116 345  27  27  17 127 350 179 299 146  79  26 184  74
   142 132 284 142 152 168 164 125 269  61]
  [  0 308 291  80  65  35 172  94 220 363  85 102  18 344 229 335   0
   153 338 314  53 233 273   6 242 318  27   0 293 184 339 239 228  61
   172 121   4 354 314 326 215  64 359 167 118 189  53  91 346   2 124
   164 288   7 137 220  51 293 394  56 326]
  [  0 230 222 377  27 217  35 171  48  80 345 309 353  33 328 283   5
     0 392 360  42 109 122 367 298 182  32 216 109 104  22 204 225 356
   188 380 233 137  30  38 221 338  33 127 251 392   1 247 312 155 177
   120 112 372 161 282 107  61 394 171  65]
  [  0 207 326  50 331  39 314  14 188 196 217 373 127 115  72 247   6
   255   0 148 310  45 102 294  39 324 309 333 232  79 157  78 348 110
   102  92 219  72  55 365  64 270 258 343 185 259  44 147  36 161 143
   247 305 122 351 170 300 303 217 279 284]
  [  0 145 181 119 325 146 151  15 192 117 343 152 127 361 358 206 154
   385 102   0   6  77  17 213 191 115 170 120  89 182 178 261 256  47
   196 132 180 315 239 391 147 305 175 276 365 117 304  66 246 155  39
   330 291 151  29 135 225 319 155  42 130]
  [  0 105 236  27  95  82  23   2 186 337 263 230 375  79 135 223  17
   127 204 370   0  58 119   1 106 260 378  43 174  82 231 326 124 213
   300 354 264 208 284  33  70 368  60 393 337 217 302 250 271 140   8
    70  61 121   0  94 160  31 336  83 366]
  [  0  23  49  25  35 340 301  11 288 143  50 242  16  53 174 296  45
   353 127 150 105   0 297  40  15 365  36 173 157 335 331 296 190 146
   243 153 118 148 197 297 244 252 211 204  64 272 382  61 171  36 142
   212 231 215 360  20 364 360 144 250  40]
  [  0 111 191   6 352 281 288 137 206 132 203 337 287 353 129 204 188
   103   0 148 294 261   0 123  31 133  61 123 322  15 143 146 212 151
   305 338 316  47 301 220 173 205  13 281 296 364 123 282 372 198  78
    53 196 309 281 274   3 243 312 123 168]
  [  0 111 221 306 209   5 160 112  43 235 155 330 278 155 131  38 368
    61 231  13  88 235 206   0 162 264   7 241 157 190 120 281  22 237
    87 332 159  18 357  80  64 120  18 283 177  68 167 276 282 275  97
   360  49 313   8 348 355 376 133  54 112]
  [  0 163 103 242 304  45 292 267 286  43 362 137 351 303 294 130 226
   337  10  21 132 264  43 208   0 377  64 297 137  24  95  50  95 118
   161 209 344 376 293 162 367 308  90 160  95 378 263 297 157 138 184
    21 320 168  13  54 322 315 130  15 286]
  [  0   9 125  78  23 319 250  33 375 220 185 258  85  98 354 187 320
   114 203 156 180 251 212  22  88   0 281 307 314 312  28 252 368 207
    21  40 350 391 207 239 303 130 364 347 174 274  14 166 278 125 348
   304 320 213 305 130 177  92  30  49 203]
  [  0  83 137 170 129  22 152  80 350 266 121 252 379 126 334 138  86
    41 259 276  72 101 363 359  49 136   0 238   8  11 291 229 173 225
    46 136 193 189 205 241 300 142 273  61 144 317 357 100 147 326 168
   342 193  72 205  52 125 134 221 369 254]
  [  0 114  75 311 351 313 256 227  51 323 142 386  64  96  64 206 164
   285  63 332 226 239 181  80 385 187 339   0 110 223 151  56 209 108
   294  19 251 340  62  43 256 255 350 289 222 141 245 336 161 111 184
   268 217 180 334 371 338 261   5 301 168]
  [  0 196 227 217 197 293 264 162 265 210 347 197 179 168 156 229 110
   160 194 342 331 318 107 177 343 318 214 123   0 234 146 230 381 117
   169 146 123 149 353  23 281  63 182 316  96 126 316 141  58 345 193
   217 363  46  62 212 339 394  92 284 249]
  [  0 330 127  73 269 161  54 316 340 169 139 279   3  78  84  79  94
    55  29 286 243  26  99  75  97 117  28 160  47   0 205 178   7 254
   131 143 121 156  90 117 207 252  76  22  88 123 320 321  48 307 247
   278 332  17 295 298 318 299 126  38 158]
  [  0 350 322 114  98  83 130 142 210  71 177 334 378 132 133 388 117
    68  45 298 227 103 283 331  52 325 166 133  51 126   0 133 384 201
    57 192 291  98 325 270  92  66 114 211 284 168 274  50 145 297 238
   165 249 304 140 321 136 368  26 350 339]
  [  0 288 216 180  39 262 153 218  88 108 365  22 264 390 201 204 146
    51  79 114 222 111  84 116  29 126  43  19 219 129 134   0 253 216
   167 231 125 327 145 265 345  80 238 379 172 380 177 142  94  16 312
    42  31  96 304 231  41 203 223 245 176]
  [  0 110 370 389 342 199  80 391  26 233 108 227 152 173  25 117 341
   379 148  45  89 326 243  76 359  56 264 282   1 141 312  86   0 212
   276  46  61 363 345 330 108 184 285 352 245 387 116 321  49   6  32
   362 270 391 181 160 238 323  40 223 216]
  [  0 220 200 104 210 265 101 182   9 136  58  34  91 255 160  58 155
   130 183 220 371 204 301 289  37 259 201 152 192  10  69 384 217   0
   228 301 212 197  37 375 381 322  54 176   4 388  22  17 227 351 374
   179 378 366  99 191 264  69   1 105 287]
  [  0 239  60 256 216 270 310  43 245 236 181 187 288 317 326  53 353
   263   6 370 370   5 150  45 134 383 122 315 230 157   9 236 234 296
     0 207  86 297 257 366 309 367 388 251 311 356 278 145 349 362  72
   158 288 313 323 108  18 307 127  28 138]
  [  0 134 263 243 222 279 355  69 144  15 238   8 241 151 394 195 267
   178  23  97 188 165 176  40 350  63 226 342 161 123 212   1 240  10
   362   0  81 289 155 318 154  17  82 126 379  80 250 329 344 252 302
   101 145 290 174  50 353 209 237   6 316]
  [  0 270  56 372  30 121 385 371 187 202 145 121  97 315 345 138 154
   323  91 114 375 123  47  85 213 161  63 212 165  66  43 302 214 231
   251 277   0 152 144 193 232 223 204  87  16 282 169 215  42  49 261
   390 311 391 196 119 112  66 359 314 101]
  [  0 370 169 237  98 292 279 280  23 309 245 357 352  29 264 104 207
    29 335 152  95  25 390 371 232 365 293 297 251  17 162  17  92  58
   387 123 126   0 359 343  71 346 193 183  36 347 165 180  33 241 216
   119 334  39 359 309 353 233 218 339  70]
  [  0 202 270 243   9 365 188 160   8 185 279 384 201  26 124 239 276
    46 382 312 329  98 345 222 365 236 201 236 261 352 278 115 165 360
   254  11  65 240   0 136 280 260 253 318 166 309 390 308 388  14  14
   243 271 300 203 133 320  30 333  60  31]
  [  0  44 375 206 321 323 249 225 196 185 334 212 143 249 270  55 160
    16  36 185 177 308 275 372 303 347 240  70 177  60 344 344 292  65
    61 313  82 125 115   0 393 238 111 181 264 329 380  64 135  55   7
   127 164 386 305 106 109 206  53 250 143]
  [  0 188 287 265 258 350 304 248 210  36 114 105 312 317 246 152 132
   380 321  54 234 371 204  81 347 122 190 231 199 230   8 250 352 182
   284  52 264 201 385 242   0 226 207 284 234 161 282 252 121 198 280
   230 201 191 292 274 366  45 268 189 107]
  [  0  75 243 138 267 236  33 143  57 367 299 116  51 131 355 143 298
   103 330 346 106 146 359 117 101 255 351 203 198 296  68 332 218 247
   349 243  83 118 326 116 184   0 382 110 358 160 203 117 206 177 113
   333 290  18 136 101 104 239 200 331  61]
  [  0 356 283 343  57  17 369 232 359 346 266 320  53 252 193  11 255
   295 349 279  72 100 289  73 272  44 221  42 351  39 138 214 250 183
    34 212 321  37  74  29 116 258   0 339 328 295 206 156 209 170 340
    19 330 109 155 231 207  61 294 178 366]
  [  0 209 160 330  52 309  37  18 378 330 112 309  78 344  45  47 110
   258  93 214 129  25 191 125 177  43 133  97 274 282  14 235 279 179
   222   3 214 193 383 302  68 337 319   0  15 375 334 317 147 387 330
    36 278  88 385  78 326 380  36 219 353]
  [  0 132 102 199 149   0  41 281  38 381 313 199 226 175  41 165  97
   306 343 328 265 246 212 106 293 343 373 169 379 214 103  46 131  32
   144 286   6 121 100 184 121 215 132 107   0 175 282 387  52 129 224
    57 214  27  58 296  76 168  57 124 159]
  [  0 323 304 142 253 108 258   2 197 105 131 255 381 390 224 394 210
   138 380 286  53  75 158 128   4 134  74 167  23 327 206 160  53 379
   299 383 280 207 141 332 251  14 139 259 363   0  11 258 197 254 386
   224 375 319 370 117 281  29   8 269  74]
  [  0 304 303 391 372 300 118 323  37 295  33  99 388 290 207 245 192
    77 359 381 290 107 263  49 295  83 175 337 356 244  94 149  21  70
    50 326 198 162 297 106 150 331 214 363 255  58   0   1 313 168 237
   257 295  96 179 247  62 181 152  49 138]
  [  0  46  23  17 371  65  50 224 127 176  90 388 223 307 266 188  74
   338 252  29 133 241 240 145  44 364 184 150 200  45  36 300  42 156
    11 388 237 201  53 267 144 116  84 383 121 213  28   0  49 194 349
   155 280 391 207 321  73 120 353 105 245]
  [  0 293  56 333 266 364 255  64 184  76  48 362 337  56 176 392 149
     8 109 291 316 301  48 261 134 277 163 131 126 262 110 125 313 316
     6 383 118 352 262  33   6  32 212 327 307 155 321  89   0  38 152
   379 332 285 187  24 313   5 360 194 107]
  [  0  66 174 349 380  59 128  43 315 338 150 199 144 183 379  69 311
    53 139 251 393  72  94 199 147  22 392  24 340 353  74  57  64  91
   138  39 130  67 339 275  24 394 343 195  22 227  19 389  57   0 312
   279 202  98 238 312 126 391 156 269 325]
  [  0   6 342 380 231 229 350 283 268 249 335 195 362  43  56   4 290
   167 352 390 367 369  49 348 156  25  18 227 136 311  71 134 322 348
    41 350 259 266 273  21 181  73 138 284 249 155  65 179 311 335   0
   361 151 326 210   5  48 100   8 106  25]
  [  0 298  33 224 364 110 244  44 391 281 286 136  65 376 218  45 216
   340 296 105  98 144 132 174 389  11 380 384 265 246  49  53 264 160
   185 144 266 300 145 237 253  97  48 276 144 186 120 307 344 317 394
     0  39  66 277 150 269  52 364 289  44]
  [  0 194 237 231 164 137 256 154 378  90  41 265 297 387 383 288   9
   243 356 287 179 343   3  26   4 267 355 104 127 332  32 137 359  94
     2 255  98 244 137 206 283 290 293 183 143 220 297 133 190  99 288
   290   0 302 272  93 105 319 380 315 231]
  [  0 284  16 290 318 162 252 262  54  72  20 327 167  20 185 284 303
   229 167  15  69 203 151  37 132  88 333 391 122 215 365 239 195 315
   155  11  69 121  20  39 334 217 305 357  58 302 335 212  46 283  56
   320  87   0 262 287 221  73 292 213 204]
  [  0 201 218 140 298 281 219 330 208  86 146 215 368   6  87 153  73
   248  76 110 170 346  66 279  61  15  71 302 112  30 305 348  72  75
    27 137 393 355 146 377 186 342 237 320 247  79 362  78  31 273 216
   246 177 298   0 295 338 257 304 298  32]
  [  0 363  24 219  69 353 294  63 129 357 365 306  80  39 110 329 303
    51 109  90  37 298 117  32 222 240 180 214 275  27 115 311  39  85
   372 144 384 366 342 364 143 360 119 103 189 326 213 189 388 242 216
   255 187 348 361   0 235 366 100 272 103]
  [  0   0   6 107   4  38 328 277 247 335 138 335 301 344  12  98  90
   190 273  10 316 232 129 258 202 158 122 252 107 198 253  59 297 311
    19 335 375  88 281 118 160  72  96 335   0 168 207  52  51 312 254
   326 100 147  25 361   0 266 375 270 165]
  [  0 183  14 261 350  62 174 207 375 261  84 281 297 266   8 277 341
   357  82 158 320  34  98 194 111 293 132  86 297 377  75 143 136 223
   218 223 165  52 383 381 262 226  17  85 243  93  78 182 186 207 306
   290 116 154  98 193 345   0   6 147 380]
  [  0 138  63 392  99  82 144 269  46 220 376 104 230 223 221 107 260
   213 267 292 361  32 379 386 332 312 366  91 135 291 354 147 264 276
   380  77 141  43 342  17 214 282   5 197 283  39 254 133 349 122 122
   248 313 165 273   8 383  79   0 244 170]
  [  0  94 300 249 136 198 199  19  54  24  69  70 330  28 309  85 328
    62 350 209 320 251 390 190 200 175  25 373 304  20 349  24 132 362
   329  98 197  90  96 235 346 232 298  25  54 339 106 374 196  96 218
   272 370 218 263 103 118  67  39   0 301]
  [  0 208 277  10 295 162  29 220  83 224 154 204 245 320 151  71 287
   350 126 101 174 277 229  96 315 162 390 195 171  15 189 271  71 245
   324  61 268 281  26 146 382  64  31  60  31 275 305 118 148 260 233
   260 293  57 174  17 126 231 104 281   0]]

 [[  0 222  34 147  74 235 364 298 332 288 145 367 323 383  66 299  84
   390 122 141 317 243 296 238 212 354 351 251  37 280 326 350 184 104
   271 180 350   3 273 394 192 308 324  79  23 257  73  97 276 336  89
    60  80 156 369 256 352 306 257 157 127]
  [  0   0 223 194 280 167  77 301 303 348 127 299 111 176 384 193  75
   232 151 344 354 347 243 114 209 219  10 377 341 236 167  88 319  14
    56 132 290 114 266 195 159  12   9 309 278 204 124 385 284 155 209
     6  25 257 276 391  33  37 314 194  38]
  [  0 346   0 266 246 304  31 284 142 264 237 132  40 266 139 279 211
   328 147 209 155  57 377 319 217 206 345 266 218 310  65 315 299 315
   253  58 240 341  27 229 320 309 252 373 213 197 328 347  55  65 219
    55  43   2 205 182 287 239 279 319  97]
  [  0 304 223   0 357 357   2 256 164 390 268  38  64  96 112 194 387
   216 229  30 187 294 145 235  66 269  61 386  97 238  38 212 214  40
   163 377  34  60  45  68 256 142 145  39 372 244 377 273 167  47 279
   355 234 202 270 148 234  76 223 321  55]
  [  0 287 101   5   0  27 178 177 193   5 165  39 324 170   4 266 226
   309 231  75 212 197 125  39 383 172 392 245  55  78 360 138 248 134
   150 365 240 156 333 199 293 296 386 392 270 255 163 119  68  31 289
    57 342 267 111  41 131 348 349 313 380]
  [  0 377 137 364 283   0 219 212 312  79 317 356 269 275  49  88 130
    48  94 235  99 104  15  48 159 348  38 248 255 121  32 228 269 175
    74   8  78 347 153 265 364 256 123 279 151 251 296 308 250  36 113
    24 326  94   1 178   7 291  77 157 279]
  [  0 292  66  37 176  58   0 305 217  98  59 344 253  60 220 106 303
   182 270 356 222  77  86 220 378  39 361 133  83 156 212 171 300 321
    79 130 100 158 293 349  85 172 291 361 290 218  96 236 258 389   7
   332  18  38 137  31  32 350  13  42 271]
  [  0  86 294 121 316 137  85   0 323 255 238 241 284 371 171 268  59
   183 299 290 329  62 101 215 220  25 240 238  46 393 204 321  27 182
   284 348 290 334 148 102  25 101  40 125 231 240 104  54 369 123 106
   320 377 304  81 102 386 154 319 307 357]
  [  0 328 356 237 288 355 341  64   0 263 143 276 317  78 390 339 330
   130 198 328 264 327 156 368 120  49 225  66  69 108 319 105  25 266
   242 227 305 244  90 139 239  92 210 159  97 127  17 376 354 291 125
   190  92  57  21 134 328 197  30 376 235]
  [  0   2 307  95  16 153 326   6  95   0  56   5 375 254 158   4 280
    11 160  51  86 133 317  21 216  82 259 189 148 136 231 274  74 135
   244 175 159 243 201  43 258 120 219 118 353  54 298 303  41 174 201
   275 176 312 166 105 229 141 377  56  69]
  [  0 144 362 113 330 336 315 122 391 276   0 100 389 362 308 136 256
   333 302  61  73  46 335  59 107  98 211 116  14 194   7 209  81 120
   181 198 366 125 345 214  25 122  75 315 314 333 346 384 143  49 173
   287 271 324 248 239 324 109 229 221 276]
  [  0 263 121 229 280 331  89 241 155 262 166   0 262 377 199 176  19
   225 252 193 351  70 196  58 174 118 278 188 351 276 369 168 353  39
   112 249 151 194 254  77 394 158  73 315 208 284 223 132 116  45  77
   103 183  95 350  98 393   6 116  85 335]
  [  0 196 197  67 350 389 188 382 249 205 175 370   0  73  89 182 390
   330 284 215 257  94 322 101 367 149 389 143 143  70 383 257 198 155
   208 283 232 301 161 238   5 359  11  81 301 303 327  88 221 148 352
   292 387 309  43 168 310 204 280 124  39]
  [  0 158 112  93 375 267 162 187 305 110  79  29 249   0  97  58 157
   133 152 251 250 139 122  66 237 156 272 316  10 277  37 360 370 249
   177 394 351  81  77  43  50  12 165 308 357 282 170 173  84 227  82
    88 148 394  27 190 321 180 168 197 130]
  [  0 303 216 283 262 250 303 135 335 266  95 259 153  13   0 224 257
   274 260 366 365 327 242 166 294 166 221 192 288  56 219 289  36  91
   345 348 380 296 323 164 282  28 137 166 239 315 121 365  64   3  21
    70  98 173 322  88 212 316  61   0 369]
  [  0  65 330 120 139 229 381  19  12  27 315 245 200 158 184   0 361
   111 318 304 190 368  67 202  43 149 270 298 301 340  49 116 146 274
   292 133  45 147 289 237 347 318 297 384 384 325 252  33 114 329 377
   318 152 122 117 387 113  94 213 191 248]
  [  0 369 256 200 203 239 223  26 313 222 190 321 187 230 206  20   0
   362 161 176 109  47 104  31 351 240   8 103  87  59 250 227 122 379
   228 382 375 200 376  41 101 281   3 204 144 291 163 284  67 155 234
   148 343 317 327 117 278 379  84  83  48]
  [  0 305 325 295  56  23 178 108 369  92  85 160 203 144 206 326 225
     0 307 369 237  10 231 210   2 290 115 260 290  12 197 232  90  66
   111  84 147 352 120  83 171 375 184  34 390 214 353 164  76 102 382
   342  22 337 137  29 134 131 164 244 160]
  [  0 267 101  82 149 300 375 107 348 148 139 198 171 127 142 181  19
   248   0  24 351  11 331 172   4 367 387 141 104 332 122 112 224 265
    94 236 233 175 172  45 363  94 245 316  69 293 329  17 343 149 239
   351 173 330   1 225 101  15 311  12 202]
  [  0 299  85  91  40 241 248 127  57   7 323  43  74  15 182 334 169
    53  30   0 209  19  97  11 280  70 384  31  99  87 293 177 193  82
   329 243 371 260 246 216 197  32  64   7  61  57 237  55 387  74  83
    36 319 390  99 288 213 132 304  44  96]
  [  0 298 289 247 255 372  51 177 304 303 325 246 312  46 364  56  60
   182  67  48   0 276  49 107  32 150 292  22 194 386 192  80  12 158
   291 226 123  70  90 302 222 120 296 192  44  21  67 366 309 370 372
    67 321 262 246  24 235 185 225 189 140]
  [  0 100 119 198 337  32  93 124  82 177 300  80  71   5 287 387 113
    20 358  95 138   0 253 204 383 227 385 108 221 386  39 309 141 261
     5 243  22 134 303 223 255 229 315  36 184 387  71  78 194 388 385
    46 333 373 261 191 196  81 207 346   9]
  [  0 117 272 329 188 314 148 270 156 158 279 308 222 134 285 158 275
   213 275 230  86 290   0 261 382  36 251   6 124 245 275 225 270 293
    66 164 277 374 331 388  27 188  23 165 360 157 115 250 247 154 239
   349 239 252 166 102  54  24 316 336 163]
  [  0  21   7 119  47 224 159 238 253  84 189 271 386 318   0 363 313
   361 375 142 133 343  69   0 131 155 241 129 262 307 166 112 360 245
   334  92  42 236 153 260 351 130 162  86 333 368 158 218 173 384 192
   233 106   1  54 311 232 304 361 267 150]
  [  0 202 107 250  36 111 283 329 200 263  36  59 222  56 199   6 121
   316 191  38  68 138  38 196   0  80 375  75  40 104 216 247 273 119
   228 254  62 130  45 302 135 212 128 390 359 209 205 201 319 159 187
    10 268 370 338  76 389 345 380 272 384]
  [  0  66 220 330 139 164 385 390   1  80  45 382 260 218 139 106 304
   392 355  66 376 221  84 223   0   0 280 126 386 337   8 330  58 137
   368 257 393  58  22 168 144  98 190 246 377   2  79 358 374 393 363
   278  56  71 309 149  47 195  86 305  17]
  [  0 202 386 318  40 318 191  72 116 135 294 251 230 100 313 167  41
   341 173  39 385 110 381 237  50 262   0  20 242 125 295   4 272 127
    60 249 252 152 210 149  26 131 247 210 240 161  18 103 114  88 303
    51  85 204  64 284  37 176 127  93 305]
  [  0  39 382 275 218 139 107  69 100  31 218 264 296  19  59 390 390
   283 133 236  13 171  36 321  42 370 160   0 130   4  99  97  13 216
   138  76 294 268  97 293 223 217  98 145 302  98 273 323 364  19  54
   307 145 277  19  47 349 279  24  43  37]
  [  0 183 153 334 127 257 140 174  99 304 128 336 249 183  12 166  24
    97  49  25 243 302 329 344 170 276 118 253   0 329  88 336 374 142
   288 236 202 263 164  49  33  51 126 140 129 375 300 299  64   6  85
    56  42 224  56 270  61 338 159  38  73]
  [  0 141 119 166 224 170  19 248 310  83 181 122  30 296 376  11 194
   116 219  49 337 131 312 187 247 351  83 373 364   0   7  41 183 154
   188  94 345 261 339 190 165 227  95 105 138  32 110 217 285 263 191
   277 104 365 130 294   2 331 162   3 166]
  [  0 145  20 146  23 294 107  22  66   6 309 280 174 325 202 285 118
   129 275 346 245  45 335 136 255  12  50 160  16 172   0 180 171  39
   114 168 311  20 335 125 299 324 169 109  91  77 334 144 118 303 221
   305  85 117  77  24  85 393  19 146 335]
  [  0 193  32 178 167 201 241   6 175 120 339 242 162  19 208  23 313
   101 139 345  21 388 120 316 133 266  59  17   7 393 321   0  56 372
   286 297 325 103  51  30 132  61 279 203   0 317 258 250 369 298 142
   165 120  10 344 101 185 231 117 260 245]
  [  0  66 357 197 293  30 377 149 107 259 111  46 277 303 259 104 256
   130 387 134 180 381  59  60  67 234 232 347 192 301 234  13   0 108
   363 195  98 189 219 225 277 217 134 389 122  57 228 387 168 147 301
    87  63 389 241 230  76 159 282  44  41]
  [  0  35 221 129 351 322 236 373  65  68 352 358  31 350  63 334 216
   144 276 196  42 258 286 173 317 131 275 117 163 217   1 343  38   0
   313 319 212  26  92 243 145 191 336 316 232  91  26 316 132 234  45
   226  57 353  10 243 177 159 183 257  44]
  [  0 157  67 217  55   8 120  72 153 121  65 115 383 322  32 275 224
   393 103 157 249  28 187 106 100 140 126 219 350  36 273 105 246 267
     0 164   9 379 353 188 339 292 302 106  57 354  21 286 358 323   6
   236 261 332 354 183  28  57 318  82 214]
  [  0 279  97 236  57 165 128 251 355 216  71 150 208 207 152 312 229
   103 323 340 335 142 334 274  98 394 158 103 156  41 252  40   3 370
   143   0  42 195 259 213 291 386 266 342 144 179  31 366 389 290 122
   271  81 269 109 116  83 190 251 163 265]
  [  0 152 235 152  80 383 147 292 301 344 316   0 233   5  35   9 333
   202  98 254 359 369 167  81 231  62 197  68 353 390 267 280 368  14
   331 164   0 309 347  51 331 145 220 284 170 147  54 314  99 265 225
   358 210 212 362 330 195 373  28 371 250]
  [  0 311 200 238 199  47 103 255 121 392 353  95  63 152 301 308 260
   118 142 103 322 369 387  47 300 213 297 100  71 330 339 210 100  47
   211 172 348   0 302 159   5 255 286 247 222 161 193 119 101 160 389
   390 326 143 123 315  47 265  51 137 372]
  [  0 208 166 359 347 269  79 362 324  49 366 181  67 370 256  31 309
   393 125  60 153 155 372 153 232 205 342 367 177 283 337 230  19  13
   306  90 108  69   0 248  66  13 135 283 364 154 151  53  79 193 373
   165 103   6 293 380 247 247 193 172 146]
  [  0 227 115  20 218 319 211 374  51 149 199 358 146 170 361 100 384
   136 370 377   1  86 184 383  76 216 380 192 132 282  46 122   6 188
   195 377 390 308  35   0  59 221 357 257 154 284 131  91 166 275  33
   155  72 282  83 150 379 306 263  73  41]
  [  0 197  22  73 343 252 319 301 318 383 289  81 316 187 386 390 204
   373   1 257 183  60 345  59 113 136 378 124 242  45 189 203 195 295
    67 215  85 235 140 241   0 177 361  68 108 183 176 247 151 297 285
    91 226  19  62 275 295  56 149   5 196]
  [  0 127 335  95 217 303  77 347  68 117 201 103 287 370  62   8 193
   169 247 283 355 351 237 144 359 344 388 207 222   1 216 222 155 180
   379 230 290 221  18 174 342   0 335 220 225  23 113 282 154 310 358
   191 105 308 194 293 299  92  16  55 370]
  [  0 389 182   8 207 338 310 385 174 329 279 245 210 183 126 190 283
   159 354 145 233 185 306 186 263 131  60 357 266 311  45  97 127  12
   382 112 261   0 324  62  25  29   0 377  52 373  19  19 119  35 191
    15 256 300 165 254 106 242 336 147  64]
  [  0 195 224 284 228 110  25 170  96  88 343 282 144 377 379  11 162
    69 301 303 102 252  35 354 295 390  82 385  53 107 255  77 311 385
   310  40 348 377 391 163 147 279  20   0   3 326 199 326 161   2 264
     2 327 268 285 374 374 233 192 169 161]
  [  0  37 290 254 248 264 369 184 115 374  15 225  38 307 140 318 332
   372 253 336 212 306 318  30 392  42 218  47 292 282  90 206 248  52
   198 342 363 141 207 230 309  96 257 240   0  93 352 388 132 146 110
   248 160 125 111  81 296   6 306 200 389]
  [  0 265 308 331 306 390 320 312 137 307 348 383 240  74 362 303 108
   339  22 124   4 132 217 195  89 359 303 117 349 294 157 305 324 281
    23 112 294 219  94 381 373  34  18 230 336   0 332 391 371  20 169
   197 166  16  44 315 218 328 106  93 310]
  [  0 336  61 124 249 287  22 290 282 322 121 315 163 286 250  11  36
     8 100 285 310  44  20 115  81 150 260 322 241 346 131  38 368 185
   118  40  18 188 176 235  81  11 324 180 212 278   0 195   0   1 345
   196 328 239  82  63  62 270 225 125  43]
  [  0  50  33  43 173 162 244 150 102 310 364 191 146 154 216 377 211
    54 291 122  45  20 247 387   2 313 145 337 197 267 104 216 364 185
     4 170 102 261 236 128 262 289 382 117 316 297  21   0 369 305 366
   355 389 352  65 182 281 128 128 148  43]
  [  0 147 150  97 236 140  84 279 233  12 301 103  40 353  15 241 113
    52 133  71  31 213 153 156 352 132 370  70 309 214  73 352   4  77
    93  38 343 139 282 374 108 150 297 356 371 254 334  80   0 387 391
    76 130  29 109 325 307 312 269  69 213]
  [  0 209 282 372 100  85   9 364 128   1 169 394  39 113  49 273 390
   334  14 225  94 297 132 308 153 177 105 340  33  37 271  56  76 138
   297 212 188 177 199 171 156 115  31 195  15 352 225 257 385   0 148
    95  13 324 384 348 367 360  55  17  61]
  [  0 289 141 104 266 115  23 236 283 204 174 198 161 299  71  19 301
   341 237 131 323  64 213   5 388  17 249  73 109 281 160  72 349 273
   327 219 311  74 323 376 256 122 184 151 271  12 146 222  98  83   0
   258 211 342 167 107 360 133 238 341  95]
  [  0 175  60 352 338 307  90 306  43 383 142  94  89 250  14   3 242
   349 291  31 374 235 215 355 209   4 130  18  46 242  78 223 324 132
   392 340 391 125 128 363 156  93 253  53  40 143  63 329 148 284 317
     0 244 198 105 287 363  64 110 312  21]
  [  0  84 391 353 394 312 301 335 147  98 205 375 356 391 161 363 167
   114 234 287 233 270 157 179 164 310 346 182 240 123 142 213 346  39
   153  96 319 340  17 156 306 364  72 361 105  92 144 378 175 129  20
    61   0  63 256 101 283 383 307 265 202]
  [  0 132 234 196 373 234 122 369 336 169 317 144 225 183 328  70 363
   165 199 378 288 346 159 107 237   1  82 319 219 322  48 192  62 303
   349  47 336 209  19 233  74 304 164 386  10  82 195 221 180 249 291
   317 322   0 337 269 260  57  74 199 316]
  [  0 364 322 257 311 251 100  49 243 320  50 133 172 162 230  70  62
   178 306 142 294 363 377 108  60 208 259 332 162 139 177 124 192 312
   150  19 303   0 146 151 344 299  69 100 183 224 284 356 128  63 387
   283   8 245   0 339  29  50 180  67  92]
  [  0  84  87  68  45  90 360 357  38  43 162   7 366 387 339  34 252
   228   9 279 386  21 215 225  10 187 171 234 287   4 209 121   9 362
   161 193 200 139 298  23  98  42 192 386 138 141  97 353 305 102 175
   225  20  71 160   0 281  75 170 325 233]
  [  0 266 371 347 219 164 367 359 275 377  37 320 221 293  82 389 208
   108 239 162 238  73 159  26  37 362 298 127  44 271 243 277   1 185
   191 392 188 158  27 194 116 131 385 126  24 311 186   4 281  15 211
   327 237 307 337 292   0 361 322 130 210]
  [  0 363 371 151 288 293 137 193  71  50 237  50 216 186 116 287  53
   158 382  39 112  14 386 175   5 210 132 328  38 132 333 149 348 244
   354 373 139 264 128 207 329 233  50 151 134  32 153 228 237 296 342
   282  28  27 351  89  78   0 250 230 358]
  [  0 339 344  78  44 233 320 286  32 298 260 260  41 107 116 340  36
    34 361 234 275  23  32 119 290 147  12 110 102 294   3 185 279 119
   313 389 301  94 121 137  23  78 314 326 330 228 248  85  53 166 121
   201 261 298 285  68 179 152   0 124  15]
  [  0 156  63 106  78 157 384 301  26 327 240 365 282  86  91  49 337
   382 281 169 111  40  17  71  24 151 363 269 292 249  36 174 359 247
   295  61 181 367 252 316 144 184 250  53 138 293  10 327 263 103 139
   215  94 329 374  39  25 371 138   0 244]
  [  0 258 394 205 237 318 175 306 247 387  61 307 384  16 228   7 138
   150  78 307  48 229 157  71 179  95 212  37 299 124  10 334 104 365
    48 132  25 191 123 131 110 261 158  58 100 258  49 306   9 302 185
   274 293  18   8 374 245 336 358 334   0]]

 [[  0 248   2 285 341 265 282  96 213  77 309 156 222 259  96 252 353
   153 199  45 262  10 394  35 248 343 159 189  36 377  14 372  34 234
   177  85  70 116  78 355 298 257  64 256 112 205 265  34   5 387 219
    36  94   7  53  99 104 128  40 229  21]
  [  0   0 321 309 297 150 170 382 355  30 195  24  80 237  78   9  90
   335 239 330   2 175 262  31 183 235  16 280 228 393 292 112 100 108
   141 374 150 181 331 166 234  49  56 390 201 127  97 217 366 102 268
   352  80  41 232 223  53 143  30 213 315]
  [  0  72   0 143 199 256 277 314 161  97  75 161 148  10 104 287  99
   255 212  13 202  62 203  77 107 313  62 277  45 250 312  88  13 263
   210 294 196 234 166 108  37  23 246   5 177   7 388 205  88  84 389
   110 323 173 112 328 172 160 389 333  25]
  [  0  30 126   0 366 232 176 215 308 275 203 139 291 115 261 333  85
    88 385 109 364 392 117 128  80 113 316 312 182 262 201 321 248 301
   241 177 272 222 359  10 143  19  89 145 292 146 340 178  87  46 180
     5 219 321  52 104 372 191 300 207 356]
  [  0  73 121 270   0  13 293  67  16 165  32 297 278 197 164 170  39
   204 306 356  22  35 316 277 342 287 101 247  67  72 365  15 317 296
    13 181 205 275 350 160 136 382 301 384 141  17 258 294 114  97 205
   220 146 389 298 319 215 122 333  44 191]
  [  0  18 372 358   3   0 116 145 163 125 198  25 338 209  83 126 361
   143 329 319 196 215  68 105 250  46 110 316 253 357 358 155  28 366
   110 258 298 299 183 128 328 167 198 290 167  32  96 212 233 171 163
   361 100 223 266 223 266 355 377 390  76]
  [  0 166 261 314 322 176   0 199 315 370 330 347 320 291 243 378  84
   313  56 357 179  45  32 261 111 374 356 184 274 147 376   4 232 313
   110 249 386 183 112 339 135  48  47 314 146 304 330 101 126 335   3
    36   8 166 389 164  81 250  73 237  85]
  [  0 309 304 183 200 153  42   0  13 308  14 178 354 180 222  70 296
     7 224  27 111  76 222 179 226 140 394 278 166 324 376 384 303  53
   359 267 377 189 146  29 384 231 345 195 119 272 300  26 127  89 193
   216 273  95 180 371 357  16  11  55 229]
  [  0  58  59 137  18 230 246 163   0  22 287 278 275   7 314 130 194
   252 245 119 301 236 257 272 185 201 334 155 319 297  23 355 334 389
   251 213 249 386  97 220  90 257 281 351 107  46 383   4 198 214  84
   208 173 123 131  11 356 173  60  28 169]
  [  0 116 207  91   4 183 258 331  62   0 104 195 106 315 255  54  42
   155 216 233 268 193 192 159 194  45 381 146  77 244 366 219 219 287
   205  64 242  84 192  25 210 181 263   5 217  20 184 108 371 197  48
    71 270 149   6  92 131  86 206 387 362]
  [  0 197  62 190 308 273 389 268  78 336   0 343 346 366 373 382   4
    40 281 281  80 330 242 256 380 372 146 326 387  38 157  72 312  68
    18  37 385 204 310 135  77 389   4 129 224  56  72 113 149 314  25
   252  37 209 342 307 144 128  95  50  10]
  [  0 143  75 264 392 262 219 281  68  22 293   0 131 390 344  30 185
   147 338 358   0 292  48  92 210 143 178 240 380 237  16  42 160 287
   166 235  38 299 277 351 198  62 116 214 118  27 110 271 252 328 247
   330 288 265  62  60 239 354 265 382  87]
  [  0 291 241 177 241  27 208 221 293 118 215 385   0  40 326  80 250
   116 189 289  67 246 394  59 311 205 266 218   7 220 137 154  71  12
   356  58  93 158 109 347 322  10   7 137 147 144 133 229 104 374  25
   384 232 237 198 164  60  47 240 300 138]
  [  0  38  93 330 172 111  97 173 121 378  73 238 360   0 330 337 334
   217 391 300 175 165 258 332 300  87 172 251 164 207 349 132  96 142
   382 237  97 134 335 378 389 299 207 294 267  76   7 136 108  25 111
   148 260 380 233 318 333  93 305 253 167]
  [  0  93 198 381  62 133  68 136   4 390 156 148 221 359   0 271  68
   344   9 377 354 304  57 231  47  45 130  13  18  30 344 184  45 269
   312 383  92  84  94 176 294 394 329 246 360 164 114 262 297 255 306
   120 153  93 107 223   4 152 386 312  95]
  [  0 337 387  54  55  43 263 292 144  15  22 312  39 387  31   0 209
    99 377 210 196   8 339 190 149 305 159 260 260  23 301 310 323 313
   388   2 227  54 211 359  30 192 115 161 290 237 302 156 122 378 104
    35 241  95 135 200  22 252 135 260 204]
  [  0  62  71  54 152  79  77 128 293 286  70 258 339 144 230 256   0
   316  29 340 348 237 293 325  37 136  19 150 330 345  40  95 168 390
    38  87 390  41 375 331  72 179 162 190 235 369 239 327 204 310  47
     6 363 209 355 278 195 313 393  64  43]
  [  0  46 102 201 138  46 321 262  93 222 159 176 131 108 190  29  99
     0 285 366 343   2 366 377 298 183  65  32 127 388 166 149   6 196
    71 145 381 273 327  60 226  36 309 110 249 376  43  71 374 222 355
    93  39 374 321 299 236 208 337 183 346]
  [  0 127 375  53 362 393  41 106 122 178 255 345  25 183 115 146  61
   253   0 173 312 278  27  45 140 367 264 314 225  80 242 106 183 126
   239 142 227 293  65 153  14 273 311  14 224  72 338 341  79 295 233
    96 255 260 366 195 373 110  80 349  63]
  [  0 215 280 307 243   4 231  36 364 117 200 349 301 329 286 337 172
    10 210   0 119  68 350   0 216 354  48 137 332 151  65  95 219  10
    56 365  21 366  79 347 336  58  88 128 329 139 390 306 372  92   5
   371 243 376 258 350  78 275  45 327 292]
  [  0 303  80  20 250 203 245 164 325 297 356 196 225 116  81 366 286
   188 270 162   0  57 143 181 146 352 382 354  40 258 224 301 204 306
   260 359  79  90  12  56 252 335 350 211 233 356  38  50 359 218 267
    66 108  87 288 347  56 238 191  49 277]
  [  0 325 168 152 299  79 188 298 120 369 103 247 357 131  18 372 259
   292 176 192 393   0 367 193 299 242 264  41  58 361 281 345 188 316
   216 336 338  34 292 252 205 204 255  44 153 187  16 165   6  70  14
    56 173 309  96  46 150 292 213 214  25]
  [  0 328 236 351 155  15  57  45 356   1 253 216 209 263 385   1  17
   328  70 382 335 177   0 207 139 326 165 390  17 284 306 121 137  88
   304 219 255 113 269 231 243 367 158 342 360   1 230 114 218  80 184
   182  79 253 221 266  20  91   1 219 294]
  [  0 186 326 156 317 355 141 216 296 303  17 310 209 130  17  91 391
     3  55 303 214 317 307   0 177 371  90 165 211  89 345 331 370 364
    14 252   4  35 317 326 117  39 309 214 334  37 112 198 293 198 174
   320 258 245  27 136  54 126 277 178 273]
  [  0  18  41 249 231 373 204  11 133 128 288 212 274  79 200 285 169
    10 375 239 176 102 137 119   0 339  12 190 315 105 305 135 390 229
   142 131 288 258 144   9  90   3 173 394 103  93  13 178 171 181  47
   375 147 140 102  96 140 170 325 306 115]
  [  0  70  30  11 155 212  48 190 214 198 162  13 329 181 359 105 245
    13  79 291 173  73 342  24  37   0  27 360 223 321   0 315 131   7
   243 221 133 303  32 201 177 334 334 248 187  48 341 293  86 103 156
   334  72 308 253  77 118  18 200 225 188]
  [  0   2  67 198 322  62 296 131  45   3 376  26 202 267 363 310 318
    99 276 295 203 155 196 267 211 343   0  40 198  22 361 173  45   9
    96 168  78  13 117 133 282  72 315 268 271 323 214 394  34 393 249
    20 231  55   8  21 306 242 307  88 369]
  [  0 261  67  57  47 275 161 368  64   4 304 190 325 373 267 320 315
   145 102 176 300  16 210 152  54 103 249   0 243 346 199 101  58 123
   101 215 199 329 370 292 275 354 126  88 204 155  11 251  50 325 189
   335  36 310   0 391 131  36 110 314  63]
  [  0 134 190 278 209 304 265  60 123 157 254 263  62 202 353   4 252
   343 118 173   3 237 136 239  16  70 198 271   0 144 248  71 247  82
   324 369 118  15 271   7 182 328 273 272  62 112 177 183  75 280 261
   167  16 289 182 108 310 165 239 142 286]
  [  0  69 379 361 347 276 378 232 229 144 312 289 361 126 205 112 274
   207 222 237 312  38 336 195  54 298   3 355 170   0 253 292 376  16
   268 366  43 281 148 377 258 283 162 106 194 388  95 289 313  75 368
   220 294 166 286 136  13  32 105 188  22]
  [  0 360 215  44 281 394  51  87  68 302   4 165 242  84  33 159 259
   144 353 294 360  17  70 341 261  90 155  56 182 294   0 201 188 309
   353  26 253 173 139 247 273 306  43  96 182 208   4 334   0 211  91
   125 377  60 134 380 233  61 379 374  78]
  [  0 181  13 167  40 187 303  76 255 325 115 108 104 162  60  93 337
   139 365 171 289 135  57 279 145 309 382 294  62 249 139   0  51 276
   247 351 117 104 375  98 225 383 297 108 250 369  87 231  57 291  65
   382  96 190 238 110  94 355 117 384 296]
  [  0  17 282  43 267 287 151 357  40 245 139   2 210 161 185 248  32
   173   5  62  42 198 342  28   9 254 355 111 340 336   6 221   0   3
   275  73 297 105 216   6 117 283 341 363 120 328 176  61  66 124  89
   268 287  89  83 214 234  27 350 125 180]
  [  0 330 114 147 195 326 104 351 321  28 142 335 101 102 307 188 222
   291  25 338 307  32 367 367 265 271 100 264 230  85  36  63 112   0
   286 140 157 150 171 167 192 306  49 268 278  61 138 225 297  44 390
    58  45 380 276  96 289 378 136 289 257]
  [  0 117 334 218  78 242 117  63 119 302 259  30 285 309 388 245  54
   330 150 375 263 139 204 252  48 377 240 319 130 327   8 311  87  85
     0 163  55  48 236 378 226  56 138 360 382 376  92 188 262 183 123
   170 370 178  86 289  27  11 301 163 223]
  [  0 161 280 364 211 136 154  32 362 153 205 114 202 316  97 250 239
   368 304 249 126 299 155 207 300 119 247 262  67  24 375 248 136 228
    95   0 174 221 305 240  53 299 114  61 235 309 180  39 219 127 162
   345 158 267 262  53 352  58 375 175  41]
  [  0   1 248   5 210   4 165 323 286 278 108  35  16 276 125 100 185
    29 271  28  25   8 376  20 106 203  22   6 103 104  45 377  60 117
   183  90   0 185 125 111  18 131   0 347 235 278 164  68 368  86 317
   314 231 345 136 113 141 156 183 245 261]
  [  0 382 347 281 299  25 349 121  63 117  53 382 250 218 288  48 257
    14 201 186 275 120   8 215 179 185 164  32 270 196  18  29 243 281
   199 181 303   0 268 292 277 249 185 221 240 208 295  23 389 140 239
   292 308 275  71 124 321 200 386  48   8]
  [  0 106  60 164  47  21  53 324 190  38 357 255 105 227   4  17 118
   235 181 314 364  47 154 308 242 205 249  76  15  46 129 381 348  90
   324 378 137 356   0 247  57 156 384 150 323 343 332 291 254 146 251
   394 293 374 335  55  57   3 277  52 254]
  [  0 258  56  67 189  48 248 131  67  94 174 229 189 205 173   4 226
   107 237  36 271 223 199 111 220  31 199  64 283  61 129 182 187  30
   267 149 392 389 383   0 115 305 242 280 112  94  24 391 216 135 253
    66 111 213 379 381 300 359 227  45 156]
  [  0 184  23 147 289 121 282 226 371  58 182 394 210 257 144 391 350
   170 169 298 230 345 212  39 141 104 186 128 323 390  42 373 387 326
    26 300  95 342 261 173   0 354 293 193  64 153 170  84 155 373 221
   320 324 376 108 250  94  23 133 309  98]
  [  0 221 247  88   0 101 284 183 345 392 180  79  89 351 123 368 187
   322 145 175  65 102 287 344 287 107 137 207  87 244 106 312  91 212
   266 382  21 304  20 352 269   0 332 358 117  92  63 107 274 226 146
    31  54 269 266  69 131 211 297 281 351]
  [  0  83  99 331  81 137 290 330 391 223  85 371 382 203 321  96 252
   104 352 299 221  96 298 156  27 268   7 256 317 212   1 176 281 201
   176 257 233 280 167 193 252 168   0 266  76  45 197 106  34 129 124
    70 108 172 210 316 240 228  56 300 104]
  [  0 227 235 198 279  66 265 364 366 369 317 102 362 284 323 164  60
   383 206  80 298 379 226   7  66 109 193 297 169 332 252 319 229 162
   232 223 267 332 138 187   4 312 101   0 161 192 153  30 253 188 341
   310 114 115   5 352 249 317 131 366 328]
  [  0   6 355 231 268 227 210 293 339  41 224  19 353  35 110  99 201
   257 148 108 226 245 343 229 293  46 253  60 261  34 354 391  42 107
   370 318 299 258 307  81  12 140 304 149   0 175 114 353   1 186  92
   204  86 119 306 135 253 113   2 254 141]
  [  0 334 223 169  12 372 205 183 221 146 171  98 125 181 317 359 223
   392 337 236 161 289 255 215 257  46  61 341 207 243 285 167 125 321
    43  53 332 299 155  19  25   2 382 350  74   0  28 167 250 163 213
   262  75  82  55 264  99 243 247 390 125]
  [  0  16 147 295  19 309 271 118 243 321 315 144 212  18  73 200 378
   322 378 347 351  73 347 343 316  36 124 369 199 357 279 366 281 214
   136 347 282 260 123 187  40 144 180  14  69 347   0 307 251 363 322
   144 249 227 388 279 383 188   4 147  71]
  [  0  85  54 389 220 224 362 228 169 318 259 181  42 301 390 142 377
   393 250  80 189 372 200  93 247 328 230 268 344 349  70 235 283 269
   393 236 251 164   6 123 295 136 165  62 274 257   6   0 162 382 379
    21 124 275 126  14 373 385  40  94  83]
  [  0 390 109 239 368 153 365 276  48  21 158 201 104 201 150  59 376
   154 287  53 388 209 349 309 328 130 282 165 299 246  22  81 182 196
   377  50  50 106 233 165  23 277 184 297 169 223 126  77   0   2 193
    30  31  47 325 144 275   2 158 116 200]
  [  0  81 199 240 180  47 153 217   1 283 184 353  11 136 308 310 392
   122 390   3  36 174  53 164  91 239  17 172 393 158 392  93  60   0
    70 227  15 372 217 289  63 139 331  83  72 318 176  23 359   0 303
   160 188 202  91 144  31  42 100 151  35]
  [  0  45 112 307 258  56 290 206 125 278  21 187 389 330  77 242 270
    78  88  55 256 196 179   3 210  63 273 368 390 388 354 179 257 214
   321 271 383 381 204 132 325 264 128  11 309 271  45 266 327 239   0
   197 352 247 325  65 346 385 136 304 138]
  [  0 154  78 234  19  72 131 189  82 260 147  58  65   3   8 341 336
   277 134 116 387 104 293 133 286 184 351 164 240  32  83 156 385  17
   304 151 241 184  40 336  31  39 228 121 345 272 165 148  87 388 165
     0   5 192 123 335  79  65 306 179 326]
  [  0 298 347 271 196 371 392 253 393 193 377 309 145 308 301 118 359
   249 218 149 184  50 270   0 298 390 263 384 187  82 286 266 200  87
    16 322  65 113  38 175  48 144  14 311  39 141 238  18 357 144 275
   145   0 162 233 198 175 151  16 150 363]
  [  0 316 361 287 161 287 284 119 176 150 124 257 334  79 145 278 362
   244  17  15  33  63  66 300 224 211 340 218 266  69 311  83 347 187
   143 258 228 143 261  10 262 332  89   0 164 170 248  30 196  51 377
   188 317   0 306 296 230 137  98 365 271]
  [  0  32 237 333  30   7 165 227 199 130  21 222  59 225 136  62 274
   124 309 141 202  10 365 291  72 203 365 242 160 277 301 147 259 229
   301 145 240 133 208   4 393 271 261 233 194 227 289 146 360 129  93
   242  19  62   0 351 130  76 173  83 244]
  [  0 379 305  12 379 355 330  86  47 338 245 132  51 282 250  70 362
   149 263  28 192  63  33 393   4 389 206 247 322 305 215 346 137 123
    89 327 323   7 358 178 359 382 141 343 211  27 385 324 206 365 218
   117  70 366 127   0 346 280   1 197 176]
  [  0 133 214 325 346 113 286 368 144 262 180   9 134 215  26   2 372
   184 250 222  14 135 183 382 327 270 172  73 306 313 142 176 264 246
    67 334 150 279 243  89 345 326 392 271 321  61 255 158 229 220 225
   262 356 233  39 175   0 338 133 344 233]
  [  0 392 246 377  93   2 194 384 157 180  60 179 327 316 307  73 203
   138 317  23 313 155  43  92 106 323 162   9 384 169 123  82 231 183
    42  22 129  46 275  41  63 155 253  74 168 223  41 119 134  40  35
   187 122 356 139 259 246   0  15 166 319]
  [  0 339 220  37 391 294 186 317 236 170  60  21 177 138 309  28 142
    70 319 273 376 124 223  43 112 380 363 164  52  79  14 114 271 109
   380 132 371  44 207 227  50  56 165 210 371 119  87 371 387 114 171
   243 115  73 232 236 331  55   0 244 347]
  [  0  62  43  52  26 203  35 195 201 122 161 221  16 383 355 358 329
   295  82 104 369 100 276  54 138  86 291 150 361 147 373 303  74  62
   193 309  13 190 350 162  57 297 197 247 365   1  32  33 221 145 318
   142 136 313 291 317 269  41 244   0 386]
  [  0 354 156 192 369  54 338 218 153 376 164 104 316 116 302  92 393
   328 346 321 288 110  35  31  70 249 141 342  55 188  73 377 166  46
   224 270 267 346 192  97 369 240 214 164  36 212 201 250 203  39  14
   235 166 356 240 254 201 165 347 215   0]]

 [[  0 375 355 360 187 333 127 307 199  32 168 219 309 158 296 273 190
   182 214 272 361 299  84  20  83 334 208 268 287   4   9 280 147 124
     7 245  56 281  28 216  30 292 160  21 309 184  78 201  19  26 133
   263  71  92 128 179 192 156   9 305 141]
  [  0   0 331 328 193  25  57 384 157 318 196 186  89 375  62 105  13
   335  16 282 201 102  75 261 118 275 179  65 267  13  54 158  57  96
   363 208  51 118 393 245 327 340  46 156 247 204 256 362  30 392 166
   199 299 350 373 331   3 366 103 171 373]
  [  0 321   0  38 339   0 155 315  32 232  14 195  14 353 215 330 266
   363 300 268  32 135 114 257  31  97 292 131 160 326 234  69 181 136
   150 304 190 382  45 180 207 323 228  48 287 208  26 153 132  31 254
     5  15 111  19  68 233 200 354 356 324]
  [  0 196 315   0  77 360 362 185 136 302 113  18  45 383 224 306  89
   190 142 348 175  56 333 340 233 215 185 305 199 222  57 145  36 289
   309 348 324 338 295 279  69 262 135 265 271  99 205   2 392 266 128
   123  79 164   2 370 248 361 392 385 240]
  [  0 378 251 237   0 382  36 277  29 348 150 121 162 289 331 343 231
   269 177 170  14 124  54 307 209  23 103 355 156  74 273 383 102 189
   266  25  80  45 382 216 373 337  21 352 162 280 295 347 359 203  93
    39 246  89 385 373 154 281 365 319 117]
  [  0 162 209 390 167   0  26 191 393  81 337  61 310 143 296  79 247
   226 251 194 363  73 169 184 324  73 265 369 141 177  55   4 137 121
   194 246 261 107 169 306 294 148  62 252 233   7 303 333 132 365 258
    92 325  85 260  90 325 235  53  23 344]
  [  0 361 379 242 175  63   0 315 346  74 166 171 322  38 166  61 250
   278 269  79 304 100 256 319 393 198 279  77  39 257 116 148 236  67
    53  86 215  55  32 186 312 258 382 239  92 356 200 349  31  68 158
   284 223 173 279 362  64 383  61 239 127]
  [  0  97  19 286 322 351 256   0 129  98 135  74  30 336 268 137 116
   183 118  93 328 115 290 323 171 249 124  15 254 171 296 194 253 129
    21 152 212  46 361  61 209 101 174 230 243 119 193 139 149  37 294
   325  41 334 196   0  85 141  37 140  19]
  [  0 391  18  22 200 348  14 289   0  41 156 222  63 259 188 262 367
   120 140   2 148 312 307  43  11 370 191 335 369 220 372 229 136  42
    21 281 354  71  94 332  11 215 186 213 251 126  81 223 111 381 179
   245 320 123  21 378  58 226 324  56 235]
  [  0 387 120 176 360 251 205  65 378   0 202 100 182  35 364   1 311
    93  38  65 372 116 393 123 392 133 342  72 121 215 103 276 231 240
    23 213 226  67 227 244 376  95 319 312 150  53  73  98 335 333 387
   160 240 180 311  39 286  32 368 170 319]
  [  0 138 121  53 342  93 176 372  85 345   0 262 139 190 195 315  60
   329 164 289 204 330 379  37   0  99 330  75 393 162  46 318 215 325
   135 272 363 119 145 381 122 375 246 316 159 189  79  93 145 318 191
   213 202 382 350 114 252 369 198  48  83]
  [  0 233 339 269 228  13 135 196 334 261 220   0 317 371 152 176 332
    63 124 327 183 102  41 231 112 377  39 313  43 379 244 157 186 154
   302 212  23  38  68 247 211 235 248  15 236 344 171 300  94  49 387
    65  45  87 287 320 150 336 302 372 284]
  [  0 394 335  53 380 128 115 301 266 310  37 200   0 344 285 386 388
   315 178 355 334 246 130  84 312 319   0 252  82 240 344 373 141 349
   148 387  51  90 206 151 333 147  25  90 208 292  96  71 230 223 346
    11  75  53 247  84 265 140 283 247 299]
  [  0 269 368 265  27 371 382  91 147 145 282 145 144   0  35 376 260
   379 318 301 155 132 159 239 251  17 109  64 271 280 332 361 193 275
    61  47 212 311 240 184 199 309   2 326   6 155  75 284 207 213 236
   310 305 361 333 185 301 219  33 370 376]
  [  0 138 263 255 105 129 284  29 215 235 184 204 142  90   0 225 164
   213 347 258 122 137 179 119  68  85 291 339  40 334 362  28 199 288
   249 299  93 199  61  50 215 207 272 345 159  10  12 142  91  73 171
   331 211 223  55  73 270  91 352 126 172]
  [  0 279 163 282 308 293 350 215 349  41   5 288 339 282 116   0  94
   238 219 258 259  33 207 155 216 267  39   7 111  22 307 173 111 332
   394  61 186 288 198  47 311 216 264 295 227 107  57 316 168  34  76
   182 153 377 128 185 385 295 134 197 276]
  [  0 325 174  26  31 375 298 147 319 345 242 276  82 128 364 245   0
    25 217 279  54 125  95  19 121  36 394 377 257 243 338 143 223 344
   261 383 244  49 391 394  36 255 168 391 226 323 251 366  80  71 195
    42 295 100 150 339 156 344 225 205 353]
  [  0 332 189 161 172 205 293 201 285 170 349  32 175 344  82 122 285
     0   6 334 169  84 360 171 242 125 247 283 214 149 326 347  97 320
   349  21 306   9 171 226 158  17  50 312 173 391 116 202 306  20  41
   353  12 292 142 157 335 177 369  12 283]
  [  0 265 179 327 227 373 291  20 126  91  44 347 198  27  80 146 269
   139   0 175   4  90  21 259 268  42 343 135 352 152 146 376 264 206
   324 193  85 240  31 394 154 116 387  27 237 306 273 121 131 287  55
   321 274  15 355 212 141 365  27 214 135]
  [  0 229 105 241 308  10 120 177 353  73 313 263 198 310 103  91 360
   151 332   0 360 113 344 221   0 132 341  88  21 340 298  80 294 133
    58 190 354 168  12  92  60 110  25   3 184 391 291 137 334  44  78
    33 236 249  86 394 119 304  12 211 191]
  [  0 366 154 194 247 251 362 155 299  87 218 151  79 149 377 146  68
   244 277 158   0  24 232 146 312 134 367 107  20 163 210 347 326 380
   305 279 205 223 292 365 283 302 276 174  52  57 325  69 280  67 138
   103 391 317 104 188 284 343 284  23 357]
  [  0   0  87 358  69  28 180  48  69  56 352  99 189 177 103 160 370
   344 232  17 189   0 263 291 385 352 388 137 276 268 153 366 273 170
   169 149 345 252 317 236 207 202 371 240 118 243  79 300  52  64 335
   287 210 282 312 315 280 310  50 339 231]
  [  0 360  75 176 212 214 324 166  24  63 293 385   3 389 172 269 121
   240 187 147 390 352   0  25  54 367  45  27 319 341  19   8 317 373
   343   1 212 367 155 138  25 152 169 300  33  67 131  86  32  22 383
    69  62 156 259 316 353  80 348 140  87]
  [  0 338 163 274 182  54 262 218 378 341 265 172 355 191 348 191 244
    54 391 119 312 123  16   0  58  33 232 160 125 186  28 313 327 243
     6  42 240 142 205 328 236 117 267 315  59 326  28 223   5 100 255
   251 321 114 229 171   4 107 393 282   9]
  [  0 221 128 371 193 226 210 169 172 103 369  33 242 252   2  25  58
    30  77 152 317 213 152   8   0  49 325 197 278 211 313 230 239 139
   283 288  59 305 357 276   3  24 309 125 178 237 109 107   8   5 284
   384 247  45 156 106 305  46  56 365 309]
  [  0 194 323  61  15 381   1 161  77  57 189  23 318 374  82 129 126
   343   5 134  76 314 368 172 101   0  73 248 362 338 218 322 307  19
   355 266  43 392 326 211 370 168 113 146 238 392   3  99 322 223 219
   167 247 240 393 131  90  78  26 216  77]
  [  0 360 135  50 218 114 300 144 380 279  38 259 297 253  66 375 106
   237  86 314  56  86 201 235 293 301   0 118  12 293  17 369  53 276
   322  47 184 144 336 253 125 372  88 328 146 317 164 201 250 209 392
   277   3 385 212  70  17  86 193 390 357]
  [  0 369 244 309 164 174 146 243  15 128 135 235  72   1 239  96 368
   342 150 324  58 224 208 131 188 212 216   0 294 387  46 166 348  39
    30 112  73 237  36 360 172 110 190 389 383 282  35 306  64 250  56
   234 192 315 158  30 192 127 212 132 179]
  [  0 192  72 181 147 125  11 224 225 269 325 390 330   7 177 211  36
   106 335  54 237 372 161 148 145 350 280  41   0 355 316  46 225 335
   254  34  94 340 230 294 156   1  58 130 227 281  84 246 202 180   9
   145 263 364 387 213 373 256 122  69 166]
  [  0   7 276 105  38 255 292 180 221 253 185 276 158 325 242 106 176
   250  32 297 215  56 221 144 214  38  54 114 245   0  21 168 152  89
   280 204   9  98 134  57 343 153 192 270 116 303 379 379  61  30 153
   316  73  20 234 275 307  79 132 323 326]
  [  0 186 305 270 213 332 258 154 342 119 240 216 314 235 345 223 311
   129 108  90 284 177 276 260 221  38 148 174 137 267   0 169 247 234
   373  57 177 255 221 200 238 313  81 384  71 159  16 290 372 309 145
   215 374 252  42  88 164  88 292   9 232]
  [  0 196 164  76 261 108 204   7 314  55 134 159 111 171 335 152 135
   139  35 386 181 317 187 257 338 216 283 257  15 384 217   0 338 264
    38  44  13  75  98 329 237  68 338  75 305 246 310  62 228 320 379
   117  84 380 243  20  74 190 182 278  23]
  [  0  40 228 374 365  37  69 229 254 124  65 116 318 229  12 198  88
   328 341  50 377 377  96 158  33 173  30 152  26 155  93 194   0 284
    99  91  74 333 249  35 307 152  81 253 207 103 192 363 158 186 123
   168 223 115 223 385  57 117 161 243  33]
  [  0 309 285 102 346  24 145 155  15 147 253 381 372  73 111 311  96
   187  81 298 290  93 148 379 301  10 372  37 165 134  51  90 383   0
   348  61 368 149 102 286 195 185 380  76 230  66 320 289 315 346  20
   335  82 386 127  87 295 275 300 326 148]
  [  0  84  92 292 208 178   5 279 349 366  98 253 139   0 371 342 112
   266 190 101 130 330  17 155  16 375 363 149 348 354  12 202  27 118
     0 384 379 146 110 321 198 278 293 292 194 299 111  60  79  72 109
   370 371 233  93 244 140 326 129 331 363]
  [  0  80  97 126 298  84 314 203 291 357 273 185 206  98 345  99 334
   349 329 368 265  46  15 102 270 331 184 175 391  32 214 225 221 264
   221   0 257 105 227 114 360 197 102  30  38 374 219 328 300  82  59
   143 274  41 151 312 335   8 169  93 351]
  [  0 107 315 352  48  91   5  29 177 308  88 254 141 182 324 330 176
   352  61 187 121  64 123 107 366 150 355 127 223 373 336 300  55 166
   366 271   0  34 109 210 269 225  39 355 202 218 162  18  93 356 151
   204 332 132 363 154 188  57 121   8 218]
  [  0  60 236  24  84  82 391 257 170 319   2 255 380 126 243 270 154
   299  70  17 234 184 121  50 236 336 322 340 125 231 190 181 281   3
   139  67  10   0 349 249 292 120 351   3 106 212 157 350   7 293 233
   203 221 323  95 131  31  97 175 189 143]
  [  0 239  47 286 347  74  39  61 310 140  17 360 303  92   8  92  65
   292 182  67 129 214 386 336 119 322 211 177 354 193 144   7 236  35
   329  99  38 249   0 120 121 201 232 186  26 356  31 138  57 331 163
   386 375  89 185 281  83 181 330 154 388]
  [  0  63  80  12 282 176 169  25 359 283 230  78 338 191 213 108 215
   283 367 104  19 332 256  86  89 108  97  69 167 216  74 197  88 278
   136  21 384 213 266   0 145 287 237 151 170  93 164 353 171 282 326
    44 280 195 391 121 191 316 351 164 336]
  [  0 370  85 247 154 156  51 302 167 320 112  38 314 109 128  71 181
    36 281 386 323  22 382 150 133 183 288 103  72   3  53  36  45 194
    69  85 170 205 287   2   0 297   1 218 106   1 207 181 277 114  42
   238 368  86 187 244 350 307  32 335 221]
  [  0 216  13 302 204 323 255  50   4 250 270  48 107 160 378  87 315
   103 234 390  29 130  14 160 145 377 220 170 298  66 226  57  36 267
   110 228 131 320 224 135 313   0 310 223 310 180   6 103 349 202 186
   285 276 146   9 266 265  61 315  79 331]
  [  0 114  56  32 296  48 332 116  94 170 161 359 285  96 363 379 337
     2 230 118  62 324 248 135 355  17 292 266 155 253 226  47 155 177
   289  43  50 170 382 158 189  89   0 301 266 150  95  23 281 163  71
   390 344 259 197  54  90 139 383 335 192]
  [  0 267  69 354 384 327 296 139 390 221 130 231  26 121 132 168   8
   155 171 359  50 159 205  81 250 196 379  88 305 386 296 335 255 212
   132 366  12 364 282 194  20 140 294   0 228  66 277 240 314 389 211
    88 137  87 219 216  42  95 205 237 163]
  [  0  36 355 200  14 137  70 190 284 152 244 136 318 267 307 220 187
   213 101 135 135 114 186 390 368 334  48 368 390 245 284  12 201 393
    81 339  91 151 164 298  26 190 281  15   0 197 130 313 226 309  36
    31  54 189 383  74 195 198  41 105 281]
  [  0 367 275 205  82 129 282 101 295 383 295 284 292 142 362 375 185
   352 151 393  77 146  97  63 341 112 303 299 224  78  69  62 205 186
   324  22 353 272 122 119  79 239 311 201 153   0 257  84 117 264 144
     3   0 394  69 380  67 120 225 298 147]
  [  0 379 282  41  41 181 182 267 363  84  53 255 335 382 221 175  64
   122 248 389 240  65 382 228 170 373 290 354 184 248 139 120 291 112
   132 115  56  40 315 291 380 184 248 165  54 284   0  37  34  97  96
   265  34  30 307 188 371 245 278 239  67]
  [  0  59 118  80 129  57 154   8  57  52 108 388 101 270 261 117  52
    44 328 105  67 361 124  70 223 342 309  48  99 355  92 241 135 219
   195 304 185 333 227 249 388  68 204  42 162 228 200   0 267 380  31
   369  41  49   6 170 154 160  63  84 260]
  [  0 267 371 273  49  74 373 331 310 100 216 385 107  68  24 148 373
   374 231 139 163 268 275 183  90 192 355 121 238 105  15 322  80 269
   347   6 294 309 221 376 111  13 277 363 308 191 379  21   0 193 162
   382 301 299 188 368 316  90 124  88 314]
  [  0 270 354 131 288  12  94  12  10  75 315 192 109 283 227 288 332
    73 247 125 174 258 308 330  40 373 236 362 272 147 159 159 360 263
   261  57 175  92 149 335 173  91 230 273 331 158 261 313 210   0 150
   366 251 224  11  10  40 243 340 226  97]
  [  0 252 370 324 220 342 320 224 227 192   7  92  25 212 167 160 109
   384 337 362 220  48  99   4 108 111 249  24 213  41 141 318 235 220
   347 106 201  92 374 305 342  19 265 287 113  43   5 289 348 109   0
   301 386 231 327  48 303 363 141 264 123]
  [  0   4  48  40 339  81  63 324 391  46 234 264  36 201 146 202 289
   132 187 290 130 300   3 154 149 381 313 285  76 235 263 218  87  13
   279 249 262 289 326  85 275 225 112 372  40 268  94 355  37 323 298
     0  52 207 324 256 230 311 239 229 147]
  [  0 129 355 312 116 147   8 219  88 203   0 390 161 385 247 251 286
    61  55 135 352 288  68 148 220 361  91 278 133  27  45 217 220 142
   184 150 327 111 195 118  73 166 160 339 135 154 158  31  80  24 179
   227   0 291 320   3 261 177  43 137 247]
  [  0 141 242 294 342  90  82 351 274  48 250  65 276 142 238 178 263
    42 264 101 218 143 226 236 195 202 343  83 279 388 327 257 100 286
   345 202 349 190 349 204 195 356 211 293  74 370 157 182 291  10 292
   212 259   0 208 116 333 166  66 241 370]
  [  0 356 239 339 272 106 174 108 390 356 142 392 120 270 370 247 115
    40 394 312 342 117 227 180 191  47  85 119 353 376 324 298 152 221
   280 165  49 294  48 243 377  27  13 315  30 149  72 309 186 268 267
    92 283 199   0  62 344 228 263  98 204]
  [  0 151 348  24 234 129 306  17 191 274 147 375 186 195 301  97   1
   270 175 180 258 358 109 238 113 279 380 294  24  87 217 214  10 299
   286 308 128 253 319 126 113  70 138 207 348  56 290  16 116 337 205
   327 287 375  73   0 192 156   0 179  92]
  [  0  18 145 144 346 126 118  55 316 392 272 338 234  31  88 375  22
   107 146 126 297 248 153   1 342 266 123 218 370 335  46 250  74 261
   327  95 269 384 353 337 213  68 105 156  11 337 157 169 348  34 252
   176 203 333  35 238   0 128  29  50 165]
  [  0   4 335  58 108 104  98 208 374 255 226 249  28  36 215  21 183
   147  67  96 292  13 298 311  75 109 144 177  78   1 215   2  75 130
   257  85 234  94 309  84  71 191 159 183  70  38 111 140  62 141 364
    33 136 358 375 244  85   0  17 195 113]
  [  0 226 273 324 337   7 178 258 186 198 115 103  85  87  15 352 135
   160  58  53 353 202 372  21  44 114  62 295 205 316 286 266  88  10
    74 100  89   5   6 154 377   5 318 182 274 176  27  17 375 222 213
   390 308 206 261 235 291 184   0 312 182]
  [  0  90 274 109 335 328 192   3 138  36 202  26  45   9  44 269 351
   271 342 350  11 213 319 140 328 336  72  46 140 236 333  86  98 288
   230 337 142 199  40   3 108  42  33 369 337 311 380 258  57 113 275
    82 277  22  30 105 322 222  62   0 385]
  [  0  38 315 118  19 212 269 201   5 391 363  59 372 191 278  57 311
   371 354  38  21 116 169 278   5 157 346 370 203  24 176 134 226 227
   293  67 340 260 253 326  62 248 385 356 211 310  55 133 247 301 144
    35 353 255 317 361 177 296 118 104   0]]]
release_time
[   0 1077 1171 1121 1068  845 1120 1059  816 1067 1211 1182 1230  917
 1120 1125 1069 1176  827 1100 1190 1005  904 1126 1047 1206 1174 1186
 1075 1137 1161 1104 1085 1089 1177 1110 1108 1132 1193 1054 1137 1071
 1185 1085 1131  804 1059  932 1072 1027 1075  889 1117 1147 1182 1173
 1100 1202 1203 1034 1101]
due_date
[   0 1145 1219 1165 1080  902 1138 1176  881 1146 1245 1240 1236  975
 1195 1227 1085 1239  919 1182 1200 1047  939 1175 1057 1235 1195 1191
 1164 1148 1224 1127 1164 1145 1248 1157 1185 1171 1221 1062 1216 1143
 1185 1161 1152  855 1063 1004 1150 1035 1120  920 1146 1238 1214 1201
 1158 1206 1215 1140 1144]
unit_emission
[18 11  8 15  3]
emission_limit
37479.0
setup_severity
2.0
due_tight
0.3
due_range
0.25
release_tight
1
degree_constr
0.8
