mach
5
job_rate
12
weight
[ 0  8  7  2 10  1  2  8  6  7 10  8 10  1  8  9 10  2  9  8  7  1  8  9
  8  7  7  3  5  7  1 10  8  6  8  1  1 10  7  3  7  4  8  4  6  4  5  7
  1  7 10 10  9  4 10 10  3  9  3  5  3]
proc_time
[[  0  63  88 145 126  75  78 132  57  71  66  90  50 133  73 148  53 141
   67 118 116  86  61 115  68 129 145 128 100 148  56  90 125 130  72  58
  147  51  54 123  82 124 147  92  96  76  58  99  53 143 104  53  94 113
   73  61  62 133  85  81  73]
 [  0 119 112  60  95 144  90 139 143  72  76 107  90 101 140  76  61  82
   94  87  75 127  50  63  55 142  55 143  93  57  89  61 107 116 123 147
   75 139  84  53 131  91 144  85  89  73 106  99 140 147 139  60  61  63
  125 124 114 111 135  72 118]
 [  0 125 110 121  84  95 105 115  97  99  62 144  96  53 138  87 131  97
   57  67  60  68  82 115 140  51 105 140  90  89  66  75  81 113  60 103
  120  57  55 150  88 110 132 108  85  98  70  60 136  69  90 105 140 106
  100 130  66  60 138 148 114]
 [  0  75  65  66  96 131 141 101 149  55 131  55 148  95  82 135  62 133
   51 114 104  65 142 119  91  53 110 103 116 138 126 149 100 121  86  76
   50 128  61  92 126  90 134 137  76  83 103  85  86  84 108 111  64  60
  103 105 100  61  96 114  92]
 [  0 116  52  98  75 141 142 142  53 112  97  99 146  58 133  66  57 144
  144 108 119 101  93  63 127 114 150  84  87  96 137 143  67 101  86 127
   78 115 139 124 150  50  76 118  58  73  63 100 130 126 121  52 149 135
   75 109  93  58  86 143 148]]
setup_time
[[[  0 327 278 177 293 286 379 188 178 270 253 372 184 293  28 156   8
   327 351 350 122 362  57 387 320 316 391  55  80 343  96 289  13 305
   195 201 334 183 141 116 146 338 190   7  54 378 340 267 364 213 212
   307 272  91 242 274 144   0 138 129  78]
  [  0   0 162 139 112 240 350  50 269 326 355 344 326 147 241 189 200
   209  35  48 234 216 118 231 295 296 197   3 165 394 154 215 203 370
   357 117 147 269 284 269 310  90 251  50 129 390 334  71 365 207   7
   291  16  41  18 245 135  58 336 381  41]
  [  0 367   0 344 286 328 337 297 170  29  62 187 245 182 167 350 357
   225  60 172 109 250 197 267 392 277 227  56 188 175 396  14 148 189
   144 351 159  11 114 229 388 145 392 184 242 146 316 272 175 294  62
   144  46 363 124 367  66 232 109 192 238]
  [  0 231  79   0 214   0 253 319 177   5 209 289  23 347 146 219 176
    66 121 208 315  21 325 207 260 394  42 146 260 197 126 234 257 194
   296 171 262 321   6  88  34 307 173  51 396 202 151 379 200 301  44
   283  72 260 216 306  31 213 303  72 151]
  [  0 228 311 396   0 155 149 209  55 188  43 212 332  27 113 312 142
   376 292 256  44 108 293 208 329 286  77 272 389 175  64  25 317 276
   366 163 347 366  19 199 242 277 280 199 101  39  25  90  79  92 180
   355  21 167 109 251 213 137 378 287  54]
  [  0 382 354 107  69   0 150 329 238 252 292 274 307  54  97 135 284
   127 282 164 373 118 302  16 386 349  85 334  24 260   7 172 134  40
   174  58   1 122 337  76 132 119 244   6 196 342 163 181 350  13 328
    11 304 124 160 268 210  78 322 152 304]
  [  0 113  54 337 364 118   0 202 271   4  72  84 302 373 324 306  26
   127 341 196 209 261 321 231  48 364 377 182 202 175 177 174  94  88
   287 262 261  90  82 349  47 264  20 298 296 341 197 347 112 282 289
    97 183 141 336 305 105 145 245 119 370]
  [  0 379 149 207 147 352 216   0 150 240 172 301 317 167 174  78  57
    46 140 330 256  16 207 129  41 159 227 125 261 337 189  87 133 382
   219  94 341  26 240 149 234 214  54 206  16 156 170 229 156 349 113
    14 390 294 114 101  61 204 318 174 193]
  [  0  85 269 231 271 155 195  29   0 188  80 278 102 266 209 335 225
   364 305 387  62 126 111 378  82  32 162 153  87 265 392  48 156 113
   164 196  99 331 205 162 107  28 264 126 315  60 392 128  81 344 364
   157 338 281 169 274 101 162 227  26  91]
  [  0 278 173 179 396 162  62  41  80   0 124  36 114 260 112 143 196
    94 212 306  56 323 244 206 101 309 344 390 165 280 172  83 305 128
   266 316  11 325 145 124 236 278  70  90  38  48 328 236 251 229 206
   152 211 323  77 282   4 176 242 329 207]
  [  0 381 375 202 157 268 101 111  11 102   0 301  47 309  47 386 159
    82 114 357  95 275 184 194 265 227 273 263 318 383  33 269 195 335
   113  42  39  70  88 155 166 174 103  34 134 218 317 295 111 239 106
   337  43 368  45 139 295 269 266   5 122]
  [  0  62 264 139  85  94 253 152 382 269  40   0  51 294 200 153 261
   330 290 253 321  15 308 100 325 235  72 210 166 290 193 288  88 197
   394 184 327 345 118 176 185 332 349 104  92 107  19 235 118  83  80
   297 211 149 108 182 124 206  73 178 334]
  [  0  26 304 164 332  51 358 273 325 110 260 259   0 301 133 262  24
   371 320 336  40 124 271 185 211 389  77 228  34 329 289   0 266 218
   395  95  57 355  24 177  64 171 350 104   3 294  94 379 195  35 133
   379   0 121  67  62   6 159 286  15 211]
  [  0 319 272 104  11 239 274 141  11 279  25 254 127   0   3  38 241
   225 105  32 201 213  31 241 156 393 190  29 380 121 382 358 214 120
   182 102 338 226 224   6 339 364  46 227 183 278  97  97 188  17 345
     1  19 330 375 181 375  26 269  72 201]
  [  0 343 383 377   7  11  97 370 166 345 261 256 280  77   0 224  29
   379 158 163 106 208 246 152 178  12 139 142 287 362  68 129 217 171
   172 234 386 177 370  64 292 396 313 387  70  72 299 323 310 238  21
    50  49   0  66 122  49 115 393  32 136]
  [  0 197 396  47 229 260 355  84 147 201 166 386  40 376 118   0 111
   227  79  90  57 219 171 187 150  21  53 204  49 390 322  78 135 343
   135 163  96 159  86 179  87  51 300  83 326 358  28 303 116 127 344
   333  22 102 209 132 138 365 147 126 218]
  [  0 297 386 389 188 308 178 301  40 314 217 302 157 113  22 244   0
   317 260  12 315 167 101 106 367  21 358 349  13 240 285  40  83 299
    41 303 148 197 173 307 326 391 258 209 158 209  15  61 315 139 134
    56  33 323 382  10 310 122 190 318 257]
  [  0 232 266 211 236  18 387 294 118 326 311 150 257  89 321 283 385
     0  45  12 187 178 201  58  39 199 331  82 315 358 389 297 103 159
   392  55 335 228 285  46 368 104 344  46 330 119 306 254 390  48  44
   188  16 348 332  17 157 190 286 111 244]
  [  0 189 115 108 390  59 308 177   2 311 158 206 353 371 137 222 256
   142   0 167 127  90  88 259 185 280  21 367   5 115 348 365 396 318
    21 178 375 212  75 266  32 347 292 363 289 226 307   3 216 336  12
   235 217 172 249 185 259  16 242 258 363]
  [  0 327  50 389 152  81 253 310 396  33 220 144  87 300 295 201  33
   129 137   0 264 155 101 254  71 231 296 142 177  51  55 224 314  70
   159 234 121 239  72 179 129 240 388  34 177 228  72 330  65  43 168
    21  42  39 240 169 254 277 253  44 178]
  [  0 376 137  51 289 103 373 296  50  17 295 322 311 225 139 143 323
   312 122 276   0  15 115 356 313 283  95  64  42 162 394   4 219 229
   103  20 111  60  91 263 175 203 365  11 365 134 384 248 297 306  54
    88 295 131 340   4 192 355 229  17 144]
  [  0 150 310 342 325 314 212 267 163 259 102 215  20  99 251 172  90
    19 116 102 291   0 279 121 136 149 223 345 131  49  81 242 353   9
    12 339 291  51 160 317  19  75 350 249 301  78 313  88  92 321  43
   366 220 146 142 359 102  52 249  74 170]
  [  0 299 381  52 238  29 247 233  57 311 126   0 239 164  56 384 296
   300 329 229 273 185   0 388 357 361 179 361 370 393 119 245 363 317
   385 137 336 364 381 312 325 123  59  11  61 242 272  25 371 215 323
   311 359   0 190 270 390 175 270 277 128]
  [  0 308 337  47  54 303  58 115 158 131 254 390  34 212  55   8  62
    76 355 287 337 108 331   0  62 123 287 125 348 122 383 386  36   9
   321 197 267  56 363 264   2  34 387 267 382 249 345 138 385 118 104
   139 297 369 306  53 250 137 327 294 279]
  [  0 183 382  18 210 156 206 341 259  61  31 202 121 251 355  62  91
   308 202 340 335  25 186 288   0 355 301 348 319  30 275 358 234 365
    39 295  34   5 137 105  37 148 179  52 174 124 309  18  31 201 111
   309  50 186 347  79 150  80 172 164  66]
  [  0 376 272 319 333 302 165  21 155 289 159 276  34 359 314  83 134
    40 282 184  85 129  26 113  87   0 312 396 100 281 190 371  13 211
    95 129 253 378 201 283  52 344 163 259 156 376 204 315 369 296 219
   131 143 168  63 365 369 170  83 374 110]
  [  0 209 130 192 122 330  64 233 386 136 244 271 121 308 333 140 349
    34 320  15 156 326 183  70 256 231   0 286 258 127 135 182  91 370
   206  27 170  30 240 183 237 140 355 311 246 118  75 163 360  66 358
   153 281  47 375 388 380  63  12 214 199]
  [  0 376 357 328 113 253 368  51  19 145 217 344 316  66 151  12 282
   353 230 152  20 338 365  57 186 192  76   0  49  24 233 229 126 171
   391 242 314  54 241   7 260 291  88 230 285 238  50 307 295 233 192
   376  62 133  31 311 319  12 278 133  45]
  [  0 162 395  53 354  47  63 241 232 256 324 235 280 383  32 370 203
   333  63 105 194 138 117  94 245 361 316 339   0 189  83  88 232 341
   347 237   2 245 385 342 145 228 245 265 192  53  39  97 279  52  16
    74 138 358 260  60 322 349 349 199 201]
  [  0 263  36 193  88 268 168 149 161 236 239 250  66 391  69 106  26
   265  31  13 382  42 236 232   3 119 152 241 100   0  67 192 209 364
   332 312 145 174  52 319 227  11 188   7  25 240 123 222  93 336 363
     3 306 184  88  17 143 321 106 158 274]
  [  0  34 338 196 264  33 324 195   6   1 139 228 242 264 111 278 274
   171 136 152 289 361 251 214 217 139 265  95  64  33   0 198 299 182
    85 139 210 321 284   0 159 213 242 168 305 211 180 373 143 211  21
   267  79 116 302  97 377 390 294 219 198]
  [  0 126 379 379  90 167 271 329  93 193  85  64 322 352 138  17 276
   346 193  16 204  53 192 287 140   1 106 394 308 394 344   0 376 191
   291  70 286 236 209 328 298 216 313 128 233 269   9 321 349 334 157
   290 114 102 164 331 353 302 367 174 228]
  [  0 314 340 320 151 179 200 352 243 153  45 386 146 150 285 211 137
   317 123   4 105 383 234  86 191  18 386 120 325 351 243 271   0 365
   154  51 183 165 130 380  13  58 306 273  59  13 304  15 316  87  13
   236 290  37 168 192 203 120  17 315 123]
  [  0  55 105 158  89  37  81  19 208  72 388 172 172  46 279 392 258
    30 357 294  33 110 255 121 368 379 145 216 107 239  34 119 174   0
    47 260 366 147 128 235 185 137  17  75 164 133  37 245 195 290  90
   350 129  76 105 307  56  12 180 326 352]
  [  0  24 386 313  56 265 262 131 140 128 365 194 394 379 142 103  81
   290 235 279 346  21  39  97 278 223 371 187 169 138 262  38   0 233
     0 180  63 118 222 370 184 132  23 276 281 174   2 361 345 166  29
   145  61 309 224 121  44 240 182 357 225]
  [  0 291 146 244 209 363  39  14  97 306 378  53 354  38  79  10 150
   352 256  16 285 213  38 136 257 225 102 151 352  55 184   8   4  32
   355   0 208 153 219 381 298  29 208 115 280 200 344 306  62  65  46
   386 286 192 337 373 305 231  92 303 195]
  [  0 115  57 330 128  85 182  56 361 328 186 273 360  27  50 102 153
   243 240 225  58 166  85  62 176 163   1 269   3 216  17 262 206 126
   253  62   0 284 293 309  28 248 322 210 311 293 159 279 167 355  62
   111  33 126 248 107 332 143  54 223 106]
  [  0 124 269 106 204 147 182 314  84  65 287  44 296  48 298 209 295
   388 209 277  31 275  21 237 192 387 276 336 283 288 236 298 159 336
   239 217 223   0 246 128 238 375 259  58 147 273 311 199 389 137 232
   206 271 158 234 186   1  18  21  72 103]
  [  0 241  66 321  37 144 286 133 110 309  34 242  85  53  86 325 199
   248 261 134 345 386 367 319 135 210 227 184 348 201 335 120 169  55
   343 369  68 264   0 221 197 362 189 177 120 271 128 151   4   2 386
   294 219 146 396  87  58 306 212 143 367]
  [  0 197 221 285 291  66  14 247  79 203 155 100  33 331 195  80  45
    48 125 339  24 249 291 242  93  63 352  49  20  74  77 189   4 241
   371 360  34 235 313   0  89  73 296 190 329 288 103  14 160 262 261
   296 332 274 131 292  94 176  64 324 133]
  [  0 194 326  15 113  29  18  92  11 305  25 372  28 105 273 298 285
   182 340 150 198 231   5 145 373  85 135 215 110 162 216  64 129  56
   134 198  84 334 370 208   0  35 129 357 271 137 311  64 207 189 120
   168 341 332 367 257 300 344 244  96 347]
  [  0   1 234  23 317 345 128 196 307 173 173 129  62  42 234  56 128
    64 190  68 210 206  41 320 325  87 251 207  43 197 111  60 137 178
    16 324 340 120 237  46  78   0 268 134 248 290  66  17  88 120 296
   379 277 220 346 122  36 287 275  59  69]
  [  0 229 158 197 286 205  79 150 302 100 346  35  30 215 379 314  89
   301  58  63  15  66 313 250 155  21 267 185 306 380 304 204 352  24
   278 322 209  62 136 333 121 224   0 232 276 179   5 250 140 270 235
   271 330 257  23  48 166 309 170  55  96]
  [  0 240 224 220 303  13 200 290 205 249 224  67 108 335 191 262 315
   340 134 301 208  34 343 366 370 342  55 186 311 154 285 370 273 161
   143 284 201 333 320 336 258 193 364   0  57   6 222 377 197   1  39
    88  57  92  92 273 153  43  38 347 298]
  [  0 312 205  25 196 232  10  70 123 370 218 353 247 314 291 345 263
   142  74 323  78 139 100 290 155   6 307 301 175 183 139 251 376 260
    35  11  17 189 315 248 332 221 284 142   0 210 140 248 392 136 111
   267 278  60 387  40 309  77  33 244 329]
  [  0 257 332   3 157 201 146 173 348 272 376 333  96 149 167  80 267
   369  28 368  84 209 170 177 294 329 110  49 168 255  32 193 173  57
   160 195   8  66 285  10 342 256 246 110  77   0 271  54 159 130  86
   196  57 368 341 245 279 129 385 286  31]
  [  0  43 111 188   1  29 371 103 292 163  60  82 151  50 220 304 328
   356 352  45 283 185 159 217  13 175 113 373 157  23 250  18 384  23
   168  88  18 245 165 331 213   6 154 174  49  71   0 196   0 363 271
   205 378   9 349 256 202 214  56 257 361]
  [  0 103 241  61 257 154 283  54 144  90  58 220  21 388  97  18  92
   182 337 300 331 121  13 279 284  87 371  42  49 356 371 220  22 341
    73 343 213 189 348 302 287 138  91 230  57  91 356   0 365  72 210
   213 290 162 362  57 145 204  21  19 208]
  [  0 218 120 242 188 216 307   9 141 268 297   9  34 338 364 108  28
   330 122 258  76 100 186 319 239 380  27  31 144 345 299 279  75 267
   371   2 105 280 385  92 380 327 293  21 373  70 211  55   0 267  90
   329 314 185 356 272 106  90 194 203 206]
  [  0  42  30 228  16 280  53  36  40  89 358 308 131  28 261  52  24
   108 208 388   2   5  94  27 191 342  74 305 229 182 143 196 337 378
    48 235 375 310 109  35 350 154 212  77 289 213  53 258 183   0 149
   142 153  53 300 206 331 109 171 260 355]
  [  0 355 116 130 154 348 226   4 307 135 308 256 253  56 395 209 161
   216 312  42  79  14 282 181 176 348 323 314 133 320 155  79  91 220
   347 125 253   5 273 349  31 220 282 224 126 235 213 388 288 134   0
   265 271 216 393   6  79 378 183 349  64]
  [  0 172 378 343 323 322   7 303  73 363 154 367 156 147 351 319 291
   262 251 140 200 285 255  34  81 372 371 257 205  52 364 178 284  24
   141 327 161 115 168 392 141  23 210 325 344 225 242 230 331 164 267
     0 382  65  41 271 284 189 261  17 254]
  [  0 139 282  24 169  81  58 260 283  28 161 281 157 265 377 214 341
   198 288 156 146  96 322  57 112  13 375 153  23  34  74  51 137   8
    75 106 340  38 230 210 262 199 115 226 248 354  56  85 167 330 200
   134   0 196  53  14 346 313  26  28  33]
  [  0 181 294 375 227 174 148 141  86 277 331 252  12  70  19 299 363
   257  37 353  44 287 133 200 128  54 156  16 126 311  66 199  33  40
    83  88 115 384  74 219 241  63 386 377 254  26 202 123  27 195  51
     0 203   0  11 353 250 223 174 299 170]
  [  0 301 286 267  58 292 271 253 366  44 236 122  15 257 175  94  92
   365  30  57 136 371  29 197 156  69 172 118 148  17 367 215 289 320
    82 244 272  75 256   6 219 339  27  68 271  31 281 255 387  48 357
    60 126 149   0 383 274 153  44 141 148]
  [  0 386   3 261 370 192 377 236 281 268 276  75 321 280 319 278 163
   366 203 171 129  94 141 268  89 180 360 309 391 168 298 302 142 255
   373  80 235 248 181  68 325  51 356 368  16  38  74  23  38 161 395
    19 347 335  87   0  13 339 389 186  82]
  [  0  30 194 266 325 232 104 302 168 217   7  53 333  98 193 270 149
   222 333 322 162 353 357  89  20 131 242 355 314  34 311 135  93 223
   286  42 248 374 318 321 150 355 176 269  46  90 148 347  13 252 226
   112 116 241 366 155   0 186 175 252  27]
  [  0  49 104  26 379 339  56  35  63  17 230  70  98 389 148 385 165
   253 287 363 139   8 387 175 109 212 186 338 390 272 305  59  76  62
   189 178  37 144 276 355 382 231 265 165 104 172 302 356  30  51 387
   268  20 234 263 366 139   0  63 138 158]
  [  0 144 162  26 322  12 174 134  39 272 380 301 333 127 356 276 116
    54  34  66 345  74  55 255 263 332 126 333  61  37 333 193  24 217
   274 323 182  21 356 364 165 330  34 251 359  53 321  44 346 132 196
   195  52  91 310 127 192 351   0 339 252]
  [  0  46 257  52 112 285 307  82 183 293 185 237 282 100 315 171  24
   317 111 104 379 336  91 251 153  75  23 304 348 391 152 355 208 232
   359 144 184  86 101 328 266 198  21 274 153 150  58  37 116  76  51
   142 129  51 300  84  18 367 155   0 210]
  [  0 228  76 155  77 366   7 119 241  29 111 357 322 123 167 351 120
   115 268  48  64  79 197 320 103 330 308 113 273 264  46 306 152 116
   183 320 391 325 238 324 198 106 209 129 292 207 148  77 132 237 119
    22 109 135 178 238 233 325 247 329   0]]

 [[  0  58 123   4 312   1 183 376 108 166 275  15 153 186 334   7  26
   262 117  29  30 228 337 178 122 148 360 207 113 116 145 100 381  64
   335 267 153  62 161 156 166 334   1 331 360   3   6 120  82 145 156
    44 216 305 367  61   7 316 281 127 279]
  [  0   0  43 169 241  11  92 138 329 195 130 165 134   3 138 321 135
   259  55   1  77 126 275  60 198  59 362 283 265 120 261 256 102  88
   325  78 314 197 327 226 295 328 217 187 385 283  35  37 196 157 199
    27 350 381 246 364 148  17  25  84 200]
  [  0 369   0  78  22 179 373 370 109 384 241 171 198 131 120 211 375
   309 346 267 362 102 250   3   2 124 326 310 260 389 127 338 261  61
    63  18 393   0 346  34 131 294 356  78 292 372  46 169 349 232 227
   103 328  84 186  68  32 142  59 327 209]
  [  0  76 235   0 301 138 125  15 328 285 268 294 235 218  89 319 198
    53  69 216 179 282 158 299 310 232  79 326 311 304 376  16 146 116
   179 373 336 221 135  67 243 315 185 251 361 196  28 156 281 212 109
   174 124 164 140 220   6 330 242 155 379]
  [  0 275 219  83   0 365  15 184  99   2 228 107  74 103 317  67 306
   274 293 377 286 346  19  80 301 217 368 337 266 165 379 266  33  60
   225  72 276 317 372 258  94 335 355   6 157 145 142 316 277 160 395
   265  53  58 164 396 120 219 195 334 264]
  [  0 182 304 168 199   0 243 315 188 353 388 137  19 197 308 172 256
    91 319 294 198 104  32 346 237  69 314 341 182  28 393 324 200 335
    80  96 151 154 173  28   1 272 350  29 315 229 137 273 242  12 154
     5 351 149 216  68 336 120  11  10 380]
  [  0 103 109  28 115 254   0 219 336  55 230 246 342 237   2  15 341
   241  32  50 201 291 370 169 300  41 386 372 109 288 114 338 227 220
   149 310 147 344  56  62 337 106 201  98 245 361 152  67 391 220 270
    72 106  36 108 118 334 377 226 341 265]
  [  0  29 278 298 337 260 238   0 350  64 173  14  36  63 342 171 300
   257 288  11 290 126 120 211 357 183  65 350 266  47   8  94 383 162
    49 146  44  58 376 100  54 299 156 373 237 268  15 161 278  23  91
   211  26 303 266  92 303  86  60  30 243]
  [  0 224 299  38 146 220  12  33   0  62 119 252 393 268 317 128  92
   265 171 232 302 159  97  63 243 118 306 392 224 291 299 392 363 100
   369 338 265 197   3 329 243 187 148 395 186 146 217 353 119 248 104
   287 249 315 232 158  94 286 374 162 223]
  [  0   2   5 194 327 145 194 297  22   0  77 172 371  54 326 192 328
   166  75 347 370 367  53 128 116 329  56  51 383  14 269 330  75 386
   199 114  39 260 235 347 279 199 237 107 164 384 229 118 163 323  66
   193 160 381 133 224 189  18 247 381 246]
  [  0 251 254 103 233  79 186 351 384  91   0 325 369  92 169 303 291
    22  72 164 386  33 148 108  92 123 280 312 149 354 379 126 362  29
   378  87 121 131 104 239 256 332 377 189 365 186 179  42 390 191 239
   255 301 164  38 133  47  67 244 192 147]
  [  0 157  76   2  99 381 240 197  76  51  86   0  45 246 248 351 281
   376 237 145 340 380 275 330  54 207 392 373 320 210 308  71 334 213
     5 329 179 169 275 155 376 232  87 206 186 381  21 383  52 216 188
   347 307 268 104 238 265 196 369  69 200]
  [  0  60 125 311 109 192 205 183 176 161 316 315   0  43 108 388 269
   256 376 396 181 348 123 211 233 253 338  45  80 122 239 366 288   8
   252 221  75 248  52  49 230 320 198 255  50 392 306 199 153 124 280
   296 361  30 326 114 165 363 322 351 345]
  [  0  70 315  90 266 257  61 130   5 323 260 369 124   0 127 236 323
   217 173 232 128 112 148 193  41 200 392 152  91 337  84 279  80  86
    74 289 228  73 257 240 324 269 307 256  10 360 281 318 143 331 385
   366  66  78 329  36  34  60  65  76 303]
  [  0 217  35 265  10 190 245 151 166 153 238 216 357 126   0 273 247
   312 244 129 234 266 141 261 258 367 314 334  83  61 329 247 271  40
   139 154  26 193 360  31 369 157  78  53 260  56 115 107 144 361 219
   294 392 134 383  20  64  25 157 278 166]
  [  0  58  35 224  59 140 170 112 198 331  71  45 101 110  41   0 367
   353 266 197 342  63 100  71  57 235  68  86 235 195 302 174 381 391
   124 189 306 263 172 365  11 286  68 354  42 184 136 363 265 290   9
   121 215  14 179 278  81 239 106  32 220]
  [  0   9 241 320  27 310 204 372 336 216 274  57 103 283 268 381   0
    22 360 188 338 145 319 151 232 243 260 288 334 330  30 289 218 339
   390 124 210 275 118 334 356  49 238 251 241  40 118 355 315 188 268
   261  50 286 242  90 186 325 246 335 296]
  [  0 124 226  58 103 100 357  67 154  45  81 378 257  79 367 318  99
     0 248  19 388 280 112  68 131 128 101 116 302 264  16 111 214 335
    90 221 355 366  24  12  47 355 243 318 107 358 350 222 269  73  18
   219 220 320 386  78  60 381 252   6 329]
  [  0 218 276 274 243 232 106 107  52 265 299 390 131 168 383  22 245
    88   0 120 258  13 158  15 118 297 367 101 391 351 201  46 165 189
    44  20  29  31 107 305  48 320 150  47 106  52 170  16 291 291 202
    64 379 260 234  81 275 210  59 303 129]
  [  0  28 246 189 356  29 198 175 152 300 389 109 303  64 201 232 188
    23 118   0 172 214 195 255 372 144  25  80  90  24 146  16  22 161
   318 120 363 120  74  31  51 168   1  88 104 128 303  72  62 281 247
   289 337 148 232 330 367 161 383 357 390]
  [  0 135 354  12 217 217 115 368  15   4 219  96  70 149 394 157 339
   343 293 145   0 109 143 252 288 324 358 181 356  72 110  90 355 129
    22 342 393 234 292  98 292 137 332 169 141 319  84  40 259 122 327
    11 238  73   3 204   9 160 121 102 234]
  [  0 106 339  46 324 374 119 315 146 100 277 386 212  45 140 210  86
   212 115  40  58   0 347 182 376  22 211 128  21 294 151 149  74 309
   161 343  31 234 304 140 245 352 381 188 330 191 355  88 274 279  22
   190 139 185 115 365 267 336 299  52  41]
  [  0 320 176 281 198  80 194 321  80  46 346  14 119  25  57 375  91
   285 336  39   7 184   0   2 197 250 294 112 190 251  27 193 334 343
   166 327 250 255 396 205 112 319 244 346  18 135 366   0 348 165  84
   140 333 182  34 391 176 126 250 259 128]
  [  0 140   1 130 277 285  74 316 203  79 255   7 143 207 153  26 319
    43 116  37 247 145  17   0 133 156 114 206 350 161 215 170 171 191
   373 118  42 257 114 319 342 197 131  33 181 255 147 289  45 392 328
    94 388 210 173 382 346 173  27  62 298]
  [  0 187 331 141 353  38 152 311 143  79 349 121 284 311 300 347  44
   125 351 184 182 179  69  95   0 233 344 162 362 356   4 152 379 260
    39 320 262 292  71  58 347 232 352 175  88 227  54 385 128  52 303
   381 137 254 340 312  68 224 356 388 305]
  [  0 354  57 141 313 227 310 235  91 326  75  14 137 201  42 300  89
   389 273 300 102  93 378 198  94   0 389  12 183 328   7 268 322 195
    32  95 125 162 284 141 241  72  88 292 386 167  14 338 123 211 192
   237 247 200 287  48  31 221  66 203 245]
  [  0  24 198  81 205 193 322 170 307 277 196 318 194 274 251 288 249
    17 302  78 227 283 137 181 299 261   0  90 322 172 220  53 178 322
   315 285 240  96  63 286 184 349 153 171 181  52 384 213 173 210 114
   207 223 329 237 123   9 346  75  33 119]
  [  0 263 204 262 111 259   6 181 367  25 120  16 237 155  96 155  54
   276 231 327 355 300 184 220 165 261 265   0  77 330 260 244 216 157
   322 164  17  68 306 255 354 395 281 322 377 226  35  16  33  39 360
   191 150 290 377  48  24  45 330 325 349]
  [  0 341 104 291 158 286 361 374 103  24 150 347 193 100 384 183 274
   210 212  28 200 152 162 240 104  26 234 167   0 355  15  74 157 162
    25  56 319 105 210 127 290 211 261 358 323 149  57 146 115 110  64
   279 296 294 302 204 279 207 250  55  77]
  [  0 292  71 315 230 284  39  88 202 283 395 289 172  25 227 125 278
    80 326   1 269   9 266 114 153 147  41 221 298   0 193 375 194 124
   221 180  11  49  74 205 257  78 215 116 219 271 275 351  28  65 263
   162  79 343 235  27 253 170   9 105 223]
  [  0  63 304  71 329 381 324  94 227 166 173 117  15 348  43 328  85
    35 369 243 381 268 187 333 362 303 161 188 198 195   0 237 348 375
   248  56 171 261   6 315 220  89 171  44 145 239 324 300 283 273 229
   301 121 145  32 204 336 377 178  28 182]
  [  0  69  33 235 195  88 266  79  91  64  71 251   6 368  74  14 274
   269  83 134 124 185 355 269 285 316 172 229 135 277 106   0 372 365
   300 247  63  87 294  33  73 256 157 281 388 353  34 212 142 107 217
   170  85 198 203 119 362 217 155  19 145]
  [  0 187 171 386 171 158 136 110 302  82 317 342  20 305  73 356 354
   128  61  10  62 220 382 255 210  11   7 367  27 283 291 348   0 309
   288 231  83 197 171  36 283 320  24 310 126  75 212  67 327   7 108
   300 264 174 159 189 303 201 288 170 218]
  [  0 282 263 282 219 245 286  52 150   2 190 151  32 393 310 222 394
   191  47  77 278 200 161  11 343 376 344 158 273  36 284 392 225   0
   263  22 340 279 387 365  82 166  52 163 341  17 350 204 136 344 108
    72 375 199  90 196  11 210 271 362 335]
  [  0 111  87 212 335  27 373 209 325 349 220 172 136 218 320 283 393
   163 133 134  10  44 393 139 327 382 204 303 323 179  94 130 136  73
     0 168 236 202  64 315  64 348 112 210  48 169 153 120 377  15 393
   221 316  89  87 338 249 171 154   4 344]
  [  0 144 247  33  48 357 265  89 265 341 178 119 390  59  72 184 321
   109 240 170 310 294 324 280 350 240  10  45 306 248 396 298  51  70
    62   0  19  70 111  61 297 224 153 379  33  29 181  49  80 192 105
    39 119 198 333 348 270  81 314  23 343]
  [  0 295 171 302  97 321 110 348 365 122  59 290  52  70  73 306 150
   140 328 351 140  20 110 314 194  44  30 330 185 126 345 188 311 188
   117 236   0  16 336 119 160 119 144 257 144 247 122  74 187 357   0
     1  81 288 167 231 390  18  36 365 131]
  [  0 124 287 307 368 122 157  65 221 234  83 388 340 174 301 174 174
   379 106 212 320 108 248 320 121 349 354 346 173 249 351 135 230 270
   286 108 319   0 376  17 151  39  12  44 240 223 202 348  43  74 175
   118  79  57 240 137  66 380  48  49  78]
  [  0 234 248 325 313  93  88  94 375 163 193 309 343   3  50 118 213
   211  80  99 372  42 315 101  39 135 355  11 126 371 353 223 396 235
   198 356  86  95   0  56 274  27 293  41 315 346 242 149 271 133 238
   277 346  63  72 141 327  26 228 337 227]
  [  0 113 337  13   1  72 395  67 205 242 165 278  66 182 254 217 277
   130  80 264 211 251 331 131  10 127 290 337 223 160  29 165 299 122
   342 306  51  74 374   0  52 331 393  68 389 114 276 321 313 195  87
    25 115 340 106  88 127 356 373 281 107]
  [  0 277 106 137 394 278  64  32  99 109 182 257 367  96 136 355 380
    21 290 120  73 198 135 200 312 279 385  81 371  12 328 165  59 162
    91  72  85 114 245 149   0  84 381  33 168 280  89 276  54 198 389
   136 390  60  72  26 186 259 281 328 386]
  [  0  88 125 213 222 131 183   3 261 113 199 276 271 294  78  78 136
   104 135 120 137 383 213 322 332  31 177 189 149  58 116 138 224 252
    61   1 209 215  80  59 197   0 252 299 280 229 163 153  77 210 328
   308  59 198 276  92 382  45  71 139  67]
  [  0 299 186 386 269 349 230 387 393  87 203 142 115  72  46 193 225
    79 303   9 337  16 196 283  89 385 269  10  17 180 270  80  99 138
    43 308 364  64 146 312 130 377   0  90  66  67  47 297 266  59 302
   297 252 219 112  19   5 189  81 218 151]
  [  0 220   6 105 279 334 166 306 138 233 192 264 229  13 395  20 209
   146 197 204 228 242  49 177  37 242 106 140  59 137 235 113  12  40
   228  21 277  45  26 190 129 322 252   0  64 136 120 132 188  52 355
   332   0 284 201  86 209 287  13  48 307]
  [  0 298 366 140 295 107 221  56 242 363 167 210 169  12 333  26  29
    72 270 377  84 233 343 209 107 389 181 334 200  46 104 204   0 238
   224 324 132 104  99  45  57 288   9 145   0 145 177 196 382 388 288
   393 195 156  96  13  79 251 209 365 294]
  [  0 319 248 289 369  48 158 388 172 160 334 358 143 282  50  67 220
    64 270  66  59 334 198 253 169 270   3  26 222  27 170 118 246 345
    89 241   4  30 302  12 354   5 220 117 167   0 272 103 164 335  43
   345 270 321 262 190 101 294   4 306 388]
  [  0 169 251 231 244  78 305 126 300 307  92 348 119 386  23  98 165
   114  17 361   9  49  12 328 206  85 275 212 242 220 373 289 127 196
   379 118 377 295 253  69 243 363  88 313  79 264   0 129 273 350 260
    38  27  50 264 183  63 305 299 165 201]
  [  0 365  61 294 162 366  46  90 150 269 362 134 316 294 138 273 153
    65 147 341  76 379 209 358  73  12 277 271 146  16  55 185  19 340
   337 119 257  76  10 366 173 135 120 171 311 396 381   0  95 115 236
   114  78 160 278 321 359 335 306 394 207]
  [  0  35 219 190 371 180 219 212 129 271  35  10   5 132  77 376 242
   243 103 190 354 349 348 171 101 237 357 197 123 122 326 263 181 250
   117 131 172  77  70 100  87 320 155 138 291 156 175 351   0  44 220
    86 257 374 346 355  24 298 231  63 193]
  [  0   2 360 301 296 200  76 230 246 178 178 342 214 215 232 289 313
   393  95 179 280  97 214 162  29 316 387 139 134 218 381 184 146 262
   257 304 325 368 224 333 334 360  77 302 349 237  85 323  89   0 163
   177 388  81  32 163  34   2 284   9 323]
  [  0 281 282 125 374  96  80 179 143  48 376  44 272  51  77 360 251
    57 279 242  51 301 132  92 293 187 288 253 374  25 395  71 232 287
    54  96 248 348 377 315 339 220 389 313  95 157 391 182 292  36   0
    50 103 255 207 230  12 388 203 336 110]
  [  0 344  47  87 371 146 360  26 270  61  58 147 190 353 388  24 241
   105 306 260 329 202 393 319 161 253 196  29 266 226 383  98 107 289
    20 274   1 140  45  48 266 271 371 189  27  21 217  88 286  62 261
     0 341 125 105 144 181 156 193 380  45]
  [  0 208  23 172 200  78 227  72 267  61 201 189 277  40 330 264 285
   161 314 103 151 162 285  33 255  13  28 130  13  36  38 179  31 364
    84   7 157 355 152 269 364 278  28 122 186  49 372 173  54   0 168
   221   0 150 392 116 373 167 341 352 240]
  [  0 315  25 374 378 243  54  40 127 370 272   2 252 259 265 394 333
   195 114  92 219  51 157  64 134 218 282 194 216 312 359 241  86 178
    51 187 128  10  74 243 317  56  13   2 102 394 342  54 110 119  23
   252 335   0  78 196 268   3  77 161   4]
  [  0 131 380 173   4 249  69 214 161 296  67 333 234 309 141 228  62
    93 224 167 156 279 147 215 276 157 171 377 255  93 277 139  95 315
   225 302 107 249  80 389   2 213 284  22  82 163 247 180  98 363 282
   122 180 377   0 221  85 390  22 302 259]
  [  0 248  17 329 195 167 118 161 135 300 203 176 251 314 159  26 321
   289 245 272 118 318   4 357 240 151   8 303 369 257 100 331   8  53
    48  50 127 200 129 326  19 356 393 223 238  52 256  33  40 266 167
   345 258 378  90   0 307 305 151 276  36]
  [  0 229  61 384 264 266 235 241 288 378  57  88 142  29 296 173 199
   213 302  30 381 130 359  32 132 147 368 369 100  79 174 323  41  50
   276 229 304  51  95 227  84 363 250 271 174 210  13   7 235 279 335
   322 135 178  40 143   0 129 249 139  36]
  [  0 388 341 297  60 377 245 230 374 297 332 225 170 371   1 231 376
   166 312 262  94 396  52 259 290 125  70 353 356  55 213 374 194  88
    41 114 255   7 350 221 328 396  17 291  75  72 250 296  42 291 373
   328   9 200 358  26 166   0 348 390  36]
  [  0  11 208 201 111  11  22  72   4 234 318 369  77 213 175  51 242
   346 262 299 312 153  94 355  97 384 394 244 139   2  58  77 337 156
    76 240 233 221 336  16 349 275 114 256  60   4 336  34 319  58  96
   111  40 174  59   2  15 197   0  65 291]
  [  0  91   2 315 226 128 130 157  15 369 177  52 144 268  87 237 303
   187  84 321 248 257 265  77  34 318 207  65 394 118 351  18  56  64
   346  35  68 188 115 221 172  46  56  66 142  13 140 387 349 213 375
    61 365 203  54 118  45 129 234   0 348]
  [  0 347 217 340 332 209 306 197 278 385  78 114 106  57  76 299 262
   130  29   8 231 176 329  77 320 213 222 149 100  35  15 363 135 343
    92  23 262 286 383 336  15 161 188 127   3  14 350 117 124 358 316
   212 219 124 368 146 336 179 133 270   0]]

 [[  0 356  40   1 368 181 163 329  42  23 353 108 220   4 366 243 230
   390 165 295 328  16 268  10 169 254 166 365 235  17 386 134 298 138
    80 361 289 114 323 293  64 190  45 389 148  70  32   7 290 376 120
   148  65 236 362 268  47  11 225 135 353]
  [  0   0 130 387 274 307 351 130 130 363 128 381 139 107 365 115 184
   115 276 354 218 131 295 135 181  75 270 218   4 179  42   7 322  36
   255   7 161 223 268  50 170  19 213  13  36 119 233 372 124 271 266
   167  33 147   4 341 380  78 254 361 168]
  [  0 330   0 258 271 390 217 344 329 223 339 110 237 123 245 177 128
   247 289 396  70 194 282 317 189 296 285  41 139 266 210 101 192 129
   188 282   7 369 242  19  66 237 156 379 306 170 197 299 190 277 143
   129 162 357 149  27 271  20 227 145  27]
  [  0  71 117   0 216 339  14 377 135 166 111 366 193  53 177  33 105
    86 249 395 276  42  65 144 337   8 201 342  19 170 168 292  88 162
   340 197 299 200 348 349 314 136 167 379 204 133 299 158 186 138 273
    37 376  96 337 132 124 198 115 371  63]
  [  0 310 160 161   0 128 129 344  46 382  62 294 299 285 380 210 164
    33  13 117 327 214  43 395 228 191 374 200 270 338 112 300  38 396
   338  90 139 196  24 147  81  37 116 268  80  51 273 395 356 128 300
   330 257  52 138 248 150 376  25 187  26]
  [  0 141 209  79  38   0 108 370  84  44  62 176 266 251  66 332 123
   366 358 116 259   9  68 115 126 340 150 136  82  73  85 286  90 306
   124  59 382 371  58  13 140  39 207 302 216 275 202 306  13 302 264
   168 327 258 291  36  64 154 288 136  32]
  [  0  68 279 282 189 262   0  93 256 149 324 234 391 219 317  19 144
    88 358  84 383  99 385  58 356  33 340 204 273 147  72 181 192 319
   385 251 375 276 238 340 237 161 201  88   2  28 154 347 295 185 360
   146 216 337 110 289 343 341 240 237 223]
  [  0  14 329 203 370 190  81   0 116 306 346 370 113 169 266  40 148
    80  26   9 360 353  43 288 362  86 301 321  74 138 151 278  87  28
   303  67 374 249 274  16 270 101 293 330 298 309 270 220 269 273  22
   225 301 160 181 243 268 239  31 134  80]
  [  0 302  29 288  15 287  17 176   0 101 152 175  27 246 281  87  65
   159 250 267 203 393 194 270  92 338 348 335 284 307  26 336 365 361
   105 109  82 135 157 107   1 316  49 196  67 212 299 244 366  23 126
   361 147 372   8 156 257 133 121 326 171]
  [  0 205  34  81 391 325 387 131 246   0 181 123 208 156 210 129   1
    86  66  96 318 152 391 329  69 141  45 332 238 330 371 122 341  78
   356 335 386 181   6 348 381  24  93 272 120 338  12  55 227 349 119
    20 370 238 357  26  41 359 189  50 243]
  [  0  62 295 212 379  29  42 125  92 126   0 339 395  73 368 372 320
    48  38 380  92 362 142  75 144 308 227  36  76 107  39  59  92 152
   198 240 231 209 333  40  56 163 143  15 288 138 101 184 321 269 330
   356 261 359  73 160  87 183  13 255  33]
  [  0 151 368 334 312 145 166 277 208 264   7   0 180 282 146 119 161
   129 341  82 169 278 260 143 218 154 354  94 260 342 278  39 157 242
    61  76 373 333 130  42  72 212 154 261  76 158   2 327 383 241  31
    50  53 195  27 281 387   0  44  17  19]
  [  0 101 274  49 377 291 374  74  64 218  31 127   0 284 264 371 112
   269 327 165 101 168 224 387 363  69 114 280 354 276 360 382 272 103
   277 316 107  88 356 279 152 274  88 145  96  25 164 280 316 278 197
   210 360  92 180 326 152 390 235 130 179]
  [  0 314   9 131 345 274  29 221 299 383  44  53 209   0  46 194 341
   225 361 165  97 386  38 248 336 362 353 254 351 355 275 173 193  86
   370 295  57 242 389  99 192 242 345 123 141  69 184 188  39 385  99
   168 277  94 303 182 177 140 299 199 394]
  [  0 155 358 225 123  69 304 251 177 136 184 111 118 158   0 157 158
   144  56  88 129 238  82 194 375 302 255 158 271  49  23 171 285  96
   157 105 366 129  80 343 368 188 315 361 356 391  99 327   7 156 216
    62 183 296  65 168 355 280  50 214 170]
  [  0 204  95 337 245  46 209 342  66 124 275 289 256 335 241   0 144
   320 267 245 270   2 153 225 309 151 381 378   4 323 344 218  13 219
   318 168  87 354  33 217 263 195  91  58  35 165 279  12 191 153  16
   160 301 290 257 372  40   1 307 328 193]
  [  0 139 159  80 168 192  81 309 338  17  87 250 394 298 283 388   0
   239  16  81 217 329 386 184  28 304 140  64  79 213 202 315 132 244
   200  23 199 288  23 204  42 327 174 121 121 237 145 130 338 239 286
    96  21 222 296 375 383 378  93 139 149]
  [  0  27   0 303 133 331 146 214 242 315 138  74  82 254 312  54 359
     0 119 217 386 257 341   0 286 266 389 246 239 273  78  30 148 190
    51 274  88 119  47 305 368 338  20 306 336 193 391 165   8 300 196
   343 252 388 144 375 186  79 355 247 251]
  [  0 173 195 276 207 206 379 299 229 138 291  91 372  49 170  75 245
   365   0 147 269  24 277 270 155   1 190  60 163  83 295 382 350  91
   281  94 204 207 155 328 222  80 383 330 112  69  30  26  76 230  78
   203 201 355 150 209 372 320 357 180 309]
  [  0 318  71 382 120 111 130 205 235  45  51  45 176 180 184  43 247
   110 305   0 165 378 385 122  84 206 355 273 141  89 175 250  91 378
    33  60 252 131 367  58 327 354  32 353 329 153   1   1  59 298  69
   177  20 239  60 129 219  35 316 231  99]
  [  0 394 367 339  17  98  84 276 183  98 101 174  77 293 115 291 146
   381 344 276   0 212  97 206  98   1  36 379 344 186 285 267 213 234
   157 142 189 251  23 388 264 135 232 381 344 307 331 301 228 355 171
   148 218 120 201  98 333 169 369 372 244]
  [  0 377 123 176 174  17 268 339 287 340 144 144 275   0 128 295 137
   304 308 372 384   0 370  25 252 244 381  44 266 218  50  21  96 364
   104 213 215   4 151  38 269 359 350 104 109   9   3 210 272   7 179
    20 220   9 385 301  95 350  23 123 339]
  [  0 257 254 283  93 330 100 271 183  66  16 394   1 385 309 285 178
    36 360 329  22   2   0 131  84 242 263 294 299 220 123  65  55 159
   271 194 117 203 117 302  75 169 296 334 134  91 117 337 154 112 323
   201 117  90 344 309 387 136 302 156 166]
  [  0 252 121 100 223 164 107 395  45 382 121  13 291  38 217 272  89
   300  69 305   1 307 109   0 217 370 173  31 110 216 374 111 318 389
   217 225 333 139 242 308 285 223  67 131 374 140 267 375 271 113 350
   114 394 323 227 166  46 382  39  74 378]
  [  0   8 145 369  92 172 330 166 396 291   9  89 376 263 201 292 238
   340 130 311 384 372 229 136   0  55 133 318 328 336 208  50  30 384
   156 173 227 152 184 246 319 374  16 281 203  77  43 272  74 241 112
   393 377  74 151 365   4 252  51  67 176]
  [  0  52 385 314 139 198  46  14 296 154  68 145 193 136 163 199  13
   247 178 163 269 245 223 292  85   0  65 233 212 279 300 338 294 285
    34 249 137 160 251 216 288 175 372  83 229  30 157 221 101  89   6
   159 298  17 373  53  30 342 366  44 317]
  [  0 338 237 259 146 194  31 359 315  49   1 315 240 119 373 173 356
    59 222  33 286 332 101 379 197 130   0 185  23 292 106 323 161 379
    34 182 297 339 348 316 219 150  75  41 364  66 383 226 217 285 179
   185  72 361 324 347 195 381 188 351 262]
  [  0 281  33  32 391  49 383  41 221  32 269 257 116 283 136 236 335
   325   5  24 122 280 190 130 313  60 345   0 321 106   8 224 306 165
   240 272 248 217 210 162  51 386 217 137 249 269  31  52  87 254 233
   109 222  49 148 155  18 387  36 161  75]
  [  0 175 124 287 384 157 193 199  19  43 225  59  91 133 210  77 367
   360 369 116   6 386  36 119  36  73  13 337   0   8 368   4 186  35
   130 297 351 134 113  10 217 340 118 193 350 341  67 225 327 323 172
   197 355  99 266 134 360  41 393 384 215]
  [  0 370 226 177 222 186 175 117 209 307 366  46   3 200 299 368  97
     4 108  25 153 210 191 272 393 243  61  77 290   0 380 279 234 360
    87 130 337   8 387 134  98 162 270 274 389 194 217 231   2 210 220
    82 240 244 325 220 284 272 109 372  31]
  [  0 335  53 377 184 177 312 392  45  79 131  42 263 126 258 246 184
   322 387 307 183 105 321 297 365 318 228 341 301 385   0 267  95   0
   360  64 319 295  60 241  29  59 246 257 131 114 271  23 305  65 221
     1  60  61  14 143 246 171 361 129 132]
  [  0 162  87 112 170 227  22 173  63  39 112  63 259  41 158  35 130
   260 250 364 138 189 295 148 145  35 284 369 266 342 114   0  10 325
   288  12 147 118 180 276 202 156  48  37 136 173 387 126  46 131 282
   361 240 287 379 221 208 302 122 293 306]
  [  0 156 188 325 289 299 130 288 203 241  39  26 304 289 108  68  87
     3  80 215 114   9 378 311 224 278 334 162 368 183 135  32   0  72
   251  11 339 334  48 342 107 313   5 361 269  44 215 189 321 198 311
   137 332 202 294  15 151   4 195 246 141]
  [  0 315 300 341 114 351  10  90 248  24 373 326 381 388 312 195 222
   315  12 189 202  10  33 326 323 185  31  21 281 189 288 197 241   0
   282 325 180 323  24  82 298  99  61 248  89 197 127 185 221 336 255
   293 323 290  64 137 249 335 145   0 389]
  [  0 384 274 326 100 143 295 101  89 165 150 394 186  30 251 330 346
   176 308 135 301 361 160 393 211  77 176 234  54 188 141  61 167 107
     0 283 154 122 161  28 135 332 326 326  32 355 239  93 192  67 328
   320  88 335 256 277  45  62 319  27  76]
  [  0  86 261  56  17  71  98 304 173 336 233 317 199  77  39 112 367
   336 119 202 153 184 204   6  37 151 292 123 218 148 256  76 347  23
    28   0 272 310  14 212 267 358 233 167 256 371 387 124 326 294  41
   361 247 124 105  93 145 260 301 174 377]
  [  0 190  87 117 150 216  93 166 370 352 237  59  61  68 253 218  50
    64 208 285 217 205 102 387 336 211 253 255  55  52 167 391 334  23
   388 384   0 192  80  17 306 282 165 379 356 187 220 316 293 260 217
   300 256  46 370 140 325 102 169 300 206]
  [  0  19 272 152  50 134 143 125  23 271  72 180 355 266 122 119 104
    41 364 333 329 251   4 146 367  68  93 198 235 360 338   4 281 316
   270 236 263   0 140 218 193 240  72   4  69 226 169  40  13 108  50
   198 122 335 308 141 339 254 186  56  30]
  [  0 395 302 229 186 336 253 170  59 278 263 311  76 353 264 258 123
   274  59  41 192 310  57  49 153  84 242 329 354 224  34 187 235 303
    10  41  20 208   0 171  69  76 361 178 138 182 295 345 258  12 267
   292  63 189 327 388  35 207 226 220 129]
  [  0 368 165  57 269  29  20  12 220 242 344 160 249  17 391 192 246
   314 125 296 373 144 203  91  43 104 232  10 346 316 122  10 280 358
    19 259  98  85 302   0  80 394 347 254 103 360 225 192 372 271 159
   251 367 346 185 392 280  98  58 257 204]
  [  0  51 109  19 172 258 300  24 301 111 348 213 219 170  40 214 279
   261 161  92 292 242 281 269 349   7 188 359 385 261 169 371 149 268
    58 186 158  50 212  94   0 216 105 144 291 306  61 115  75 182 387
    23  39  24 188 222 192 148 158 253 341]
  [  0 333 104 116  29  50 122 210  29 394  49  11 115  50 274 101  73
   163  23 363  66 104 157   2 370  68   1 186 278  41 347   8  24 364
   178 204 266 153 116 291 305   0 343 134 352 317  40 301 320 282 149
   160 237 203  82   7 137 225 379 135 192]
  [  0 367 213 185 158  55 102 116 349 114 254 128 295 169 168 157 352
   197  82  67 209 163  82 107 207 201 363 257 218 263  31 228 131 380
   320 324  54 210 362 199 267  26   0 155 310 257 107  27 344 279 176
   233 106 298 217 272 159 205 353 130 164]
  [  0 225 313  90 241 382 107  73 374 244 339  16  36 229  90 294 359
   181 270 179 370 264 168  54  48  52 296 246  49 285 175 236 131  49
    49 106 356  70   8 203 215 256 375   0 178  66  37  68 389 220 284
   176 378 308  10  98 352 189 165  74 141]
  [  0 245 123  23 152 148 271 129  72 354 272 218  79 310 364  41 204
   232  83 338 385 336  62 273 142 130 217 172 373 322 100 196  98 300
    16 262 180 104  16 297 306  53  90 194   0 161 295  93 155 382 183
    51 184 167 234 239 280 309  87 264 248]
  [  0 219 180 189 386 202 383 215 101 112 101  67   8 190 194 226 265
   346  18 368 326 247 183  64 324 113  71 249 379 284 129 234 177 370
   240 205  96  66 271 367 167   9 235  41  27   0 310 269 385 166 131
   201 236 180 267 128  35 240 336 347 224]
  [  0  26  17 370 177 388  49 281  43   4   7  51  77  97 393 190 208
    96 359 269  13 309 156 215  54 222 222 218 221  59 270 379 360 322
    61 323 243 204 119 230 154 252 369  75  60 242   0  11   4 236 142
    65  17 310 307  15 395 251 309 343  99]
  [  0 147 313 106 174 108 396  36 213 207 250  74 109 288  65 208 229
   131 183 223  63 246  58 323 192  36 141   2 308 231 349 275 200 151
    31  13 376 294  32 295 137  24   1 201  48 224  58   0   4  23  94
    28  32 324 239 369  72   4 209 198 291]
  [  0 104 284 266 292 350 373 333 127  82 119 257 236 346 101  59 344
    15 147  23 395 134  32  49  30 361  34 295 289 271 329 226 381 156
   256 179   3 373 299 209 126 237 210 309 285  17  41 310   0 294 155
   272 119 202 389 291 312 333 161 275  14]
  [  0 286  35 390 355  97 345  37 184  45  91 183  62 246 338 350  70
   266 181  85  45 230 232 264 117 364  24  51  86 294 151 374 193  90
    90  73 131  13  53  80 244  75   0 170 387 340 150 182  57   0 168
   341 161 120 275 292 226 116 253 106  86]
  [  0 276 246 182 268 174  42 150 117 145 326 122 145 193 215  25 252
   154 219 278 300 308 375  94 340 258 117 348  30 263 157 364 249 113
   305  56 202 164 122 116 269 237  41 220 309 249 371 357 360 326   0
   111 315 194 380 144 337 193 229 339 324]
  [  0 343  23 244  48 329 271 284 202 116 263  34  27  93 163 344  57
    49 371  46 248 240 212  37  10 170 279  92 187  29 378 243 209  39
    44  69 320 305 110  70 282 246 322  47 264 155 396 182 162 248 345
     0  60 244  66 354 333 393 382 221 138]
  [  0  32 271 273  52  36 311 239  55 231 128  63 185   5 286  46 236
   236 366 149 365 228 120 352 305 395 161 336 263  21 297  93  97 115
   110  12  45  22 141 306  41 123 121 316 373  75 102  42 133 217 120
   145   0  23 391 306  78 208 366 171 371]
  [  0 147 387  45  95 269  36 332  48 237 257  16 317 269 196 179 329
   129  89  32 188 142 273 359 168 136 271 227  73 253  75 236 298 159
   315 189  81 201 144 126 155 283 276 345 245  34 328 316  29 342 305
   238 186   0 202 319  95 188 228 381 147]
  [  0  29 334  25 374 195  53 151 268  22 262 143 150 269  94  23 254
   328 318 136 365  87  10 320 336 221 231 239 160  23 308 396 348 311
   242  90 301  72  46 373  41 241 254 240 322 282 338 392 232 300 312
   338 106 191   0 134 256 321 328 350  32]
  [  0 296 189   1 264 187  51 177  59  46 280 352  40  70  38 259 153
   216 215   8 134 326 276 203 120  62 373  67 103 277   1 227 186 256
   343 106 280 322 329  24 341 299 183 342 100 139 109  50 380 109 201
   392  32 294 339   0 197 119 176  61 104]
  [  0 234 116 361 293 208  33 347 386 289  29 241   8 262  16 309 389
   117 107 263 357 365 266 357 174  57 146  13 162 143 119 200  37  83
    96 382  61  18  68 107  62 226 200 274 160 180 255 318 327 258 343
    22 392  74 293  28   0 389 103 351  53]
  [  0   8 117 155 146 384 291 221  73 229 348 327 361 121 273 359 181
   170 255  63  41  44  62 107 156 146 124 164  96 147 177 393  62 341
   121  59  63 385  84  88 392  28 341 177 388 390  62 290 307 113 110
    72  58 248 349 104 394   0 227  57   1]
  [  0  63 202 339  23 355 338 122 256  34 356 279 290 324 104 118 294
   344  29  43  10 217  89 314 189 233 289 198 349 141 264  65  87 239
    98 125 235 267  43 134 136 122 126 298 146 391  68 335  95 178 264
   105 260 315 349 128  27 108   0  50 363]
  [  0  79   1 294  60  66 392  85 168 206 295  64  38 313 194 363 145
    43 316 168 193 339 234 190 145 208 169 263 365 302 338 184   9 349
   297 324  99 133 349  99  16  54  67 333 101 391 217 245 319 128 166
    68 327 147  47  99 147 394 136   0  96]
  [  0 180 253 297 392 112 211 371 385 189  28  80 127 164 282 314 193
   324  99 159 110 256  35 225 104 311 134 332  90  76 283  32 265 367
   224 232  97 267 231 364 341 299 232 221 126 311 189  64  65 387 250
   308   4 184 392 137 335  48 190 247   0]]

 [[  0 381  57 191 173 290 119  67  41  90 351 363 380 203   5  30  80
   327  69 296 243 289 213 118 298 199 177 110  16 374 374 300  85  52
    94 386 144  16 265 295  63 319 277 356 166 334 346 262 178  32 255
   384 330 101  20 209  53 130 255  67   8]
  [  0   0  63 216 162  12 214 124 243 340 337 306 359 351 356   5 312
   142 307 378 218 230  34 351 353  88  20 278   1  31  60 250 261 171
   100  88 282 224 360 201 207  98 360  34 276 168 371 119 339 292 361
    87 355 302 353 228 113  16   3 183 335]
  [  0 186   0 290 222 308 265  25 207 165 386 227 324 356  78 384 307
    80 386 157 237   2 338 362 270 370 340 101 223 303 360 365 198 188
   130 291  50  11  88 312 244 336 108 173  72  93 381 206 150 354 176
   254 285 387 113 281  27 143   2 340 205]
  [  0 356 348   0 213 161 187 369 179 373  21  43 139 227  79 200 125
   210  18  62 312 346 300 122  92 103   6 154 327 226 167 217 284 366
    88  94  23 298 154 179 168  75 363 310 257  29 257   5 207  44 392
   352 389 123  20 317  36 218  77 229 326]
  [  0 384 336 347   0 252 350  48 335 342 347 345 305 337 350 153  66
   296 381 359 270  99 301 351  69 291 294  70 274 120 117 180  64 292
    81 296 199 294 311 169 107  67 255 304 318  46 154 121 389   5 309
   378 148 106 212 278 278 203  51  33 153]
  [  0 233  95 179 122   0  61  23 208 242  37 373 353 186 314 115  77
   361 191 245 276 306 347  14 149 293 129 201  81 364 217 197 140 265
     8 146 139 205 341 379 333 114 173 289  73  66 342  84 170 218 267
   154 156 312 311  80 229 259 125  31 255]
  [  0 388 227 328  14 156   0  87 293  19 395 339  13 302 319 180 283
   245 163  99 129 347 222 134 213  80 110 233 207 364  81 125 205 106
   275 310 139 143  92 264 357  61 158 332 190 343 126 360  43 184 293
   343 119 159 383  73 266 345 293  47 172]
  [  0 142 110 218 168 377 343   0 374  29 279  56  19 144   7 167 388
   230  31 275 186 186 177 268 163  97 150 307 189 169 150 345 348 129
   152  68 144 258 255  27 331 213 396 351 261 204 212 336 263 120  81
   171 184 318 130 138 234  74 152 390 238]
  [  0 286 236 108 346 148 365 206   0 317 190 370 263 341 165 322  48
   271 178 166 288 247  65 385  21  34 117 244  72 246 305 374 263 289
    94 283 196 300 154 117 331 160 247 143 118 345 370 263 366 363 170
   369 225 252 366 261 297  81  84 141 237]
  [  0 243 172 233 209 231 170 131 119   0 296 334 318  34  98 366  26
   382 160 289  90 190  41 342 383 352 235 130 204 259 385  46 304 355
   369  13  89 333 392  11 104 336 187  76 309  97 333 231 105 368 303
   383 323 149 315 376 386 340 262   1  75]
  [  0 103 134 126 372  38 173 156  90 159   0 225 174 126  27 358  78
    71 120  92 144 370 299 332 245 137  18 228 344 377  47 247 121 369
   396 164 185 283 231 296 299  29 186  37  36 273 340  17  55 165 261
   198 240 172 145 137 137 215 195 337  27]
  [  0 176 276 245 146 145  67 340 263 301 295   0  26 167  89 201  70
   136 325 196  15 301 253 160 353 295 288   7 146 247 366  81 318 390
   394 392 177 224 296 193 130 328 110 209  10  37  77 238 114  81 370
   217 179 331  25  66 157 192  49 367 392]
  [  0 185 293 168  16 268 118  71 285  82 132 277   0  28  64 338 344
   163   3 393 239 114 240 110  38 377 240 117 324 381 324 242   8 164
    17 370 193 253 330  89  44  26  64 120 191  75 339 281 317 265 235
   129  82  86 101  54  21 336 225 299 241]
  [  0  16 100 140  50   9 164  19 290   6 157 393 219   0 332 258  40
   131  95  35  37 250  19 230 328 133 328   3  46  33   6 171 348 238
   243  99 382 347 149 343 162  76 280 200  66  48  93 188  80 351 163
   329  67 262 252 292 177   3 251  42  86]
  [  0 306 300  46 223 164 388  64  62 156  71 274 167 388   0  16 368
   128 304 307 307 136 164 187  35 356 231  36 338 128  83 248 284 280
   394  75  99 130 301 299 313 383 288  40 105 309 126 200 124 199 292
   284 292 229  67 325 321 290  51  13  74]
  [  0 327  75 360 130 176 145  50 102 379 111 234 240 181 262   0 118
   383 370 131 361  10 302   5 207 377 396 176 135 263 350 383 264  58
   166 294 187   5 192 204 390  67 167 278 385 351 160 120 200 180 324
   341 119 302 368 315 102 285 110 362  60]
  [  0 248 300 225 239 317 186 185 299  56 321 274 148 312  96 222   0
   190 357  36  75 214 103  19  49 329  58 136   2 267 164 346 149 176
   226 354  60 316 318  85 104 201 134 221  88  43 177 220 100 290 176
   304 123 285 289 179 332 166 322  73 233]
  [  0 201 167 353 184 309  24  33 357 153 222 313  37 284  97  22 189
     0 165 321  16  15 360 102 249 237 276 266  48  55 388  22 363  66
   188  18  92 152 319 390 188 162 126 355  93 300 270 235  82 340 117
    50  89  92 349 347 259 165 357 247 101]
  [  0 172 144 183 210 181 328 330  80 239  29 348  63 168  64 281 104
   315   0 323 125 319 141 381 236 248  26 205 278 361 279  96 297  85
    20 288  50  18 386 179 167  97 192 166  65 221  26   7 330 128 331
    19 250 188 302  95 396  93 272 358 124]
  [  0  81 328 337 149  69 229 238  53   7 229  87 298  80  95 123 366
   341 163   0 328 147 191 214 260 103 222 353 269 126 145   9 349  43
   169  54 209 155 208 302  76  59 285 170 305 173  26 148 153 241  17
   369 263 130 233 253  52  22   1   6  16]
  [  0 326  42 151  48 119 239 246 274 216 189 154 218 188 375  44 141
   208 227 133   0 237 357 297 268 184 128  86 387 207  73  65  88 199
    84  32 374 102 372 343 194 263 178  55 283 277 303 232   2   3  19
   153 203 394 308  68  73  36 371 181 253]
  [  0 178 244 332 336 294 326  64 347 233 166 114 373  19 258 319 180
   226  60 227 148   0 227 296 177 304 294 204 352 106 107 373 188 349
   246 187 142  39 277 327 144 372  85 118  31 281 158  18 339 368  82
   274 257   2  71 324 330 246  39  42 356]
  [  0 232 325 118 345  38 131 265 227 318 287 252 239 332  29 295  74
     7   5 137   0 258   0 341 112  86  71 152 103  92  11  96 278 104
    21 302 159  44 385 277 142 374 309 156 327 281  74 354 135 363 192
   220 174 133  46  87 187 248  43 330 188]
  [  0 200 362 117  50 355 348  27 189 292 112  63 153 285 360  54  72
    26 114 262  97 210 328   0 295 150  55  69 292 248 232 210 128 241
   316 339  21  75 354 199 311 226 278 241 175  57 369 117 259 153 115
    87 326 302 210 370 295   8 239  82  24]
  [  0 177 265 118 279 303 293 117 314  21 106 335 243  28  95 236 198
    77  30 126 217 332 396  18   0 295 352 167 173 358  51 321 361 223
   106 357  89 345 333 325  31 111 185  93 255  99 152 171  81  38 200
   266 174 355 364 314  85 182 264 143   3]
  [  0  31 276 210 193  60 288 262 322  77   6 241 237  63 108  69 225
   232 330 372 268 178 332  73  59   0 249  18 105  68 306 361 268 255
    46 103 328 265  68 151  95 368   0 192  72 293  14  92  97 107 286
    15 346 311 120 366 289  64 377 295 340]
  [  0 101   4 174 218 289 375 195 386 373 181 373 375 166  68  52 288
    69  86 154 139  71 240 187 383 102   0 364 112  63  64  20 377 348
    73   6 145 213  79 331 177 303  14 354 286 186  99 335  61 382 223
    93  98   2  51  10 383 262 365  72 194]
  [  0  94 198 102  38  30 237  45  62 334 362  60  98  94 161  24  26
   110 269  81 210 104 251 302  10 364   8   0 214 235 281 298 319 317
   216 150 253 373 276  95  76 141 357 131 166 204 118 231 248 151 361
   217   6 244 158 271 272 371 370 152  82]
  [  0 218 383 168  72 274 168 226   2 299  16 313  19  81 381 138  83
    98 220 150 199 205 323 375 380  40 179 224   0  48 388 366 259 338
   242 254 177   4  30  32 191 288  55 361 361  52  17 342 270 354 305
    23 207 167  60 155 210 121 391   2 345]
  [  0 308  63 356   8 368  78 354 306 272 338 353 246  73 201 122 295
   175 277 385 187 302 365  54 231 328 144  35 273   0 322 353 331  49
   312 368 194 339 241 142 354  22  65 116 385 186  46 133 352 396 191
   353  37 179 177 371 194 233 206 161 194]
  [  0 236 156  19 316  71 227 223 363 378 149  63 272 351  35 378 158
   203  95 145 186 236  84 183 210 272   8 224 245 247   0 258 148 230
    39  98 248 373 295 265  51 282 207 169 140  71 118 339 170  93 236
   245 275 329  89 390 345 142 185 263 191]
  [  0 134 302 340  38 349 319  69 123 145 201 382 159 199  11 327 113
   145 207 149 301 351 223 220 357 297 204 311  16  80 205   0 344  41
   146  91 140 174 296 315 157 366 350 212 275  53  31 385 385   2  43
   258 233 190 182 140  41 320 143 262 184]
  [  0 255 176 271  43 361 283 123 255 112 276 380 199 206 310 364 209
   334 297 381  60 100  62 358 178 112 104 226 340 160 260 167   0 295
   243 270 239  44  47 110 337 388 162 194 377 136  71 375 305 336 218
   228 358  56 387 352 155 118 119 179  23]
  [  0 341  46  63 207 356 192 243 130 158 281  16  70 262 207 323 365
   158 288 156 298 254 108 181 170  65  31  61 151 247  26 335 240   0
   130 309 130 236 371 370 201  48 382 115 329 366  66  31 329 248  31
    31 177 167 278 197 103  19 340 320  84]
  [  0 372 366  89 109 253  87 257 137 175 375  65   8 356  12 252  96
   280  98 368 239 309 120 371 109 138  60 322 264 178  64 386  55 153
     0 215  30 241 279 285  95 204 130 280 231   3 162 216   8  69  54
   305  63 273 368  62 240  62 146 262  15]
  [  0 121 247 389 296 131 197 298  60 217  16 268 137  39 306 192 278
    28 184 177 123 185  66  28 255  64  36 282 267 241  76  96 355 193
   133   0 395 326 233 230 269 356  62  32 356 270   2 357 251  75 170
   214  87   1 113 253 313  41 302 396 222]
  [  0 191 381  58 222 206 346   2 321 350 369 371  66  17  11  67 175
   234 228 234 264 194  84  34 379  62 133  44 384 190 276 127 306 319
   165 219   0 175 136  84 222 262  31  41 340 154 373 122 322 245 148
   270 253 197 113 351 249 238 331 167 251]
  [  0  85 372 280 135 317 238 165 356 394  42 248 264 273 312 186 311
    97  72 150 135 220 224 280 192 392 298 198 146 383 346 277 178 240
    38 319  80   0 122 100  21 248 386 252 283  93 220 343 194 177 178
    94 171 377 243 182  10 266  66 367 288]
  [  0 221 343 332 249 321 119   4 218 370 188 257 132 301 381 244 186
   169 183 327  93 183  17  14 116 354 373  44 334 378 248  21 364 148
   178  86 374  81   0 199 105 275 374 381 304 316 259 107 222 161 320
   363 164   9 145 198 366 284 270  61 262]
  [  0 319 393  78 157  16 160 301 289 216 367  80 255  55 351 339  60
    41 296  77 243 189 175 371 362 290 203 392 354 250 335  37 192 213
   360 177 163  71 229   0 268  64 137 287 353 130 380 312 315 159 322
   252 307 189 305 341  96 272  33 324 200]
  [  0 205  32 236 321 300 330 347   2 182 133  96 223 159  11  44 285
    11 174 134  26 368 249 106  18   1  66 334  29 350 104  41 198 117
   301 135 280  95 214  55   0 130  45 167 396 181 306 274 231 145  22
   376 358 355  92 308 226 225 265 189 150]
  [  0 237  98 237 384 269 382  71 164  90  58  39 173 171 283 287  83
   264 198 304 257  36  87 253 346  88 118 370 320 264 396 136  12 179
   254 226 108 383 213 320 306   0 296 179 218  10  24 154  32  36 213
   238 206 323 294  67 165 372 247 134 273]
  [  0 332 133 132  96  25  48  33 172  56 163 312 224 376 205 110 245
    57  39 258 240 244 302 279 199  40   4 141  42  44 252  65 212  74
    35 211  67 239  32 347 239  30   0  80 278  78  73 299 334  17 125
   234 282 209 118  60 376  96 178 118 308]
  [  0 296 288  71 385 105 246 280 305 193  90 147 336 360 285 228 227
   105 367  32 103  57 171 129  49 158 352  10 316 146  13   7 285 391
   282 209  85 210 371 358 313 146  31   0  77  54 383 198 193  44 161
   158  61  62 351 151 303 168 197 330 346]
  [  0  24  84 258  96  31 156 119 245 291  54 338 270  98  35 180  26
    45 174 218 140 143 292 250 173 217 371 125 360  49 392 257 347   9
   232  47 181  30  79 294 339 286 335 267   0 128 388 310 194 386  58
   371 154 196 343  98 204 251 278 334  71]
  [  0 293 108  76 306 379 155 147 383 133 329 307  70 277 216 342  69
   354   6 129 232 235 211 246 342 267 279  48 321  59 102 321 129 251
    39  67  44 188 390 287 339 297 295  36 301   0  50 383 388 254 146
   279 205 317 309 375  77 359 232 130 318]
  [  0 152 226 352  65 220 313 217 274 378  66  20 124 260 213 188  52
   367 291 108 371 357  78  91 328 323 366 272 325  30 163 243 369  82
   276 278  64 391   4 263  59 221 266  96  16 114   0 216 136 362 265
   312 310 231 142  90 320 209 166 251  44]
  [  0 148 329 131 177 197  61 310 218 175  25 272 300  25 258 151 350
   390   7  58 192  81 163 262 248  27 384 300 205 113 184  23 388 169
   377 391 370  59   6 225 358 205  95 166 314 253 121   0 217 161  94
   205 229 274  51  98  70 273   7 226 169]
  [  0 165  47 112 305 338  75 298  44  44 235 289 329 235 304  88  41
   270 286 393  19 111 380 330  41 124 336  23  14 121 199 183 385 227
    24 214 277 220 112 142 206  44 167 305 299 256   6  89   0 106  18
   386  84 166 358 342  99 385 106 240 322]
  [  0 347 281  40 109 335 247  58 349 255 112 117 175 346 213 105 127
    86 355 228 353 297  92 392   1  99  13 109 296  79 259  38 253 144
    24 245 218 274 106 351 390  17 196 382 374  28   6 129 280   0  95
   355 214 170 336 321 235 328 359 311 269]
  [  0  47 257 287 174 384  90  85 217  51 162 334 152 238 377  99 353
   392 114 177  61 276 181 351  31 196  67 104   0 181 212 262 214  33
   172 361 344 153  30  54 325  42 359  14 390  29 340 331 245 232   0
   213   8  79 206 291 205 312  70  21 339]
  [  0 134 342 234 225  72 280 189  39  11 320 174 382 346 130 354 319
   192 383 141  17  86 269  44 344 203 364 369  87 140 206 298 202 388
   363 370 172  59 327 296 344 353 188 312  53  40  12 217  52  75 329
     0   1 389  90 312 336  67 267 376 366]
  [  0  14 104 131 389 175 168 157 241  27 191  66  45  83 193 310 216
   234 147 129  39 203  14 289 107 239  27 324 248 236  37 175 138 102
   168 225  99 382 191 143 185 215 266 392 204 367 232 126 267  58 200
   296   0 372 225 114 118 100 106  45  58]
  [  0  40 278 269 304 227 268 196  50 269 325 339  81  55 198 229 134
    46 359 208 178 249 316  59  18 330 280  28  53 344 119 277 346 207
   308 113 208 364 198 176 182 164 218 275 333 388 222 396  13 335 124
   127 113   0 344 205 176 150  91 191 256]
  [  0 351 335 150 118 189 371 374 148  29 271 156  63  55 127  39  59
   168  73 302  52 168  83 144 214 121 132 194 382  20 381  24  67 322
    95 175  31 179 106 394 345 159 262 384  22 212 236 333 126 386  25
   206 242 290   0 123 323 234 378 134 145]
  [  0 140  52 234  10 188 266  16 248  35 290 113 219 139 135 141  41
    26 193 222  88 249 211 252  69 274 287 380 238  87  10 298 353 369
    24 237  18 186 135  26 299 388 394 124 318  17 245 312 119  40 321
   130 100 166  40   0  44 264 224  93  39]
  [  0 104 138 200 245 201 144 176 270 296 225 129 268 193 331  27 204
    58 203 247 131 218 395 295 229 380 376 128 333 238 107 187  43 354
   227 193 191 301 275  13 240 152 142  63 342 274 332  11 390 289 293
    40  19 368 246 211   0 307  27 241 165]
  [  0 391   8 248 304 185 226 153 393 256 205  22  48 286 391  17 308
   175 171 324  15 257 133 189 179 152 233 174 307 373 224  31 239 123
   307  96 222 300  66 390  49 234 293 161 141 205 282 195 121 321  28
   141  93 235 355 349 301   0 187 368 212]
  [  0 238 283 352  88 334 312 382 270 385 297  36 164  26 176 335 259
   296 396  31 116 109 365 103  19 203  22  38 138 394  45 139 332 275
   233 389 197 265   6  30  69 244 235  66  89  17   1 216 237  98   7
    74 329 130 125  34 153 359   0 395 325]
  [  0 153 211 169  22 138 185  85 149  32 278 210  40 218 196 132 236
   293 296 302 196 325 159 114  96 339 295 340 224 208 336 358   8 271
    97 102  73 151 118  27 141 105  82  47  30  45 301 175 394 136 301
   182 247  93 203  68  10 114  94   0 356]
  [  0  77 363 183  53 125  44  17 120 167 140 224  53 147 380 178 321
   115 201 238 375 378 256 225 284 224 196 113 363 184  26  51 243 374
   292 276 110 189  42 272  61  30 101 295 161  61 218 302 355  54  37
    51 176 392 352 200 359 349  45 184   0]]

 [[  0  71 153 133  96 235  97  38 305  92 201 140 302 368 219 358  31
   239 318 287  92 141 191 327 138 165  84 328 263 199 274  38 107 119
   320 120 288 265 312 296 254 324  72 115 380 367 161 132 366 266 109
   395 237 134 369 366 388  83 162  90 303]
  [  0   0 318 341 310 396 203 357  91  64 312  37 295 127  68 277 162
   319 271 257 232 210 342  55 106 250 229 218  73  40 182 375 370 252
   316 190 173   3 330  87 173  28 281 374 384 265  98 288 233 134 349
   158  30 188  21 292 237 165 101 275 292]
  [  0  53   0 161  14 384  84 235 342 324 118 262  25 281  66  56 322
   141 154 213   5 199 287 352  45  80 190 103  53  30 238 259 258 355
   238  26  20  33  35  77 106 375 369  54 246  11 168 116 367 221 309
   296 199 200 372 314 369  10 137 166 322]
  [  0  17 341   0 231 202 285  83  72 198 149 389 218 220  89 320 152
   357 275   5 153 321 208 164 206 324 104 202 222 155 196 341  22 245
    85 367 309 232  29 388 309 134  10 338 206  42 383 272 322 314  55
   131 207 322 189 297 264 250 227 318 330]
  [  0  83 184  96   0  99 142 144  31 108  88  71 307 231 382  58  55
   144  47 106 245 244   1 193 211  17  89 202 150 270 240 385 298 386
   125 351 375  47  88 302 278   2 172  60 323 163 391   0 186 305 246
   135  25 287 263 214 150  55  62 367 120]
  [  0 393 291  47 130   0  27 348 240 316 395  29 273 270 195 284  24
   389 321 166  89 132 104 361 306 370 264 120 169  24 113  47  99 169
    65 291 318 212 301 166 395 236 189 386 203 135  73 103 279  18 228
   170 170 370  88 316 204 206 350 285  38]
  [  0 278  90  65 307 207   0 229  18 162 300 191 352 263 165 118 133
    25 270 307  52 211  45  80 336 107 326 284 360 362 366 358 171 194
   344  43  67  82 324 205 335 240 127 348 235 145   8  43  27 375 158
   376 316 248 179 160 342 332 114  96  34]
  [  0  83 206 112 209 215 244   0 197 164   5 377  57 276 264  87  80
   109 349 319 396 266 270 161  53  55 306 130 256 336 223 246  42 293
    11 281 274  60 347 340 168 309  48 104  16 389  87 186 323  55 213
   395 214  73 257 182 139  77 372 220 192]
  [  0  16  74 357 309 353   3  59   0 165 308 133 155 209 365  79 333
   372 162 174  36  33 266 136 329  30 360  92  50 352 366 191 339 124
   328 169  79 145 333 136  19  46 173 358 210 381 364  39  92 177 148
   261 278  33 151 102 199 303 138 317 392]
  [  0  84 364   8 197 219  23 239 356   0 101 142 303 189 100 368 342
     4  34 104  66 139  93  68 194 172 109 327 156 206 224  18 258 314
   188 238 139  15  86 193 344 367 318 284 110 298 136  25   8 356 311
   191 229 383 232 388 351 207 211  32 285]
  [  0 283  32 182 112  34 301 246  54 286   0  92  38 142 181 318 345
   145  45 300 202 192 288 299 156  34 207  30 350 395  11 331 232 135
   303 396 148 180 137 237 121 349 204  19 372 243 124  98 107 192  28
   238 147  73 290 213 157 323 120 316 203]
  [  0  94 192 101 129  89 167 358 199 278  61   0 372  80 339 334  77
    67 214  32 325  41  27   2 103 250 352 190 320   3 345 257  72 319
   263  32 249 308  37 118 334 123 328 131 315 325 362  13 361 336 278
     0  61 322 372 127 186 346 266  13 225]
  [  0 368 159   3 375 305 341  34 139 280 243 370   0  32  54 319 309
   238 259 252  18 121  19 224  42 309 367 134 241 282 381 182  60  84
    98 364 101 144 197  75  92  40 369 189  84 350 386  91 168 240 372
    99 350  83 308 161 230  68 216 274 311]
  [  0 292   1  43  28  76 345 348  73 343  15  61 342   0 338  59 313
   266 355  71 223 218 189 122  29 290  86 152  11 162 249 366 250  10
   145  12 246  32 147 341 378 110 153 140  66 251 332 170 225 180 341
    47  59 286 150   6 292 152 170 388 248]
  [  0 167 110 202 295 127 208 359 244  63 362  98 160 274   0  15 169
   112 173 333  62 245  82 121 378 301 304  35 167 160 112 200 197 373
   262 143  54 152  37 363 322 304 273 169 392 396 220   1 167 274  26
   194 275 290 132 350 284 363 112 218  42]
  [  0 198 144  87 134 368 301 269  19  18 354 101 269 127 110   0 112
    46 343 347  30 253  11 234 295 170 264 160 308  63  83 219  20 320
   200 145 285 199 275 322 347 358 200 111 144 140 342  87 150  26  50
   229 334 271 228 291 348  51 126 242 389]
  [  0  81 282 102 155  52 326 341 144  67 307 254 390 123 104 155   0
   116   1 318 153  21 177 304  15  12 391 349 136 211 343 192  45 263
   296 285 276 318 148 250 261 225   9   5  24 270 259 206  25 381  40
   301 290 347  21  39  30  74 373   5 125]
  [  0  21  88 204 160  86 112 173  10 191 154 298 373 286 208 354  42
     0 249 232  62 355 112 231 202 275  93 337 200  63   4 314 158 204
   300 288  23 106 367 127  87 257  97 106  11 223 185 339 365 298 159
   172  94 184 251  57 232 380 268 115 298]
  [  0  36 242 295 390 255  20 211 135  77 168 299 274 319  11 124 108
    71   0 167 100 108 256 132 267 185 180   6 313 138 219  71 103 366
   359 312 347 210 260 226  94 363 183 228 256   1 371 346 386 372 392
    77  11 393 206 247 186 251 143 144  94]
  [  0  27 179 369 343 323 379 102 211 262   3 353 185 143 156 125  87
   115 132   0  29  59  70 259 227 323 252 162  44 362 395 241  10 381
   351 240 311 211   1 389 244 301  77 133 194 119  94 219 119 134  91
    68 106 384 339  42 233 259 168 293 355]
  [  0  63   7 135 241 225 215 374 308 228 158  83  32 194 224  64 359
   129 234  54   0 240 364 277   0  71 233 224 124 235 359  38 376  34
   233 280 141 229 272 340  28  41  15   7 115  35  11 201 394 330 238
   252 218 137 328 214 328 330 249 384 215]
  [  0 346 210 245  73 359 198 190 121  53 137  96 161 200 178 304 361
    90 160 312  56   0  73 129 245  71 269 173 334 274   9  29 215 155
   344 170  83 336 273 304 325 233  13  96 141  25 175 378 216 321 252
   144  47 332 343 206 313 383  36 382  47]
  [  0 202 126  96 254 228 179 144 377   1 322 102 361 174 243 342  51
   275 277 208 235 168   0 380 166 188 135 118  22 129 196  39 260 102
   367  78  84 322 287 366 206 230   6 306  99  78 153  64 222 108 308
   294  56 172  39 340 142 141 380 375  24]
  [  0  31  93 107 353 226 294  90 263 182  20 113 357   1 152  58 127
   110 114 351 102  68 114   0 315 303 120  39 217 217 335 232  52 182
   206 332 142   3 217 342 191  86 297 334 135 135 297 235 124 316 169
   351 238 204  90 152 391 349  10   3 213]
  [  0 161 107 306  95 271 375 391 296 348 336  55 233  94 334 133  42
    28 157  31  16 372 376 130   0  54 194 237  75  73  98 331  47 208
   350  88 257 361  60 218  77 125 117  40 209  60  52 153 190 161   0
    13 113 324 193  63  13 387 294 254 209]
  [  0 118 387 380 234 129 124 219 191  83 350 385 114 365  35  14  65
   301 328 329  56 361 370  58 267   0 324 357  83 334  75  97 146 203
   318 249 257 125 309  93 237 234  98 258 244 280 371 385 213 212 323
   262  75 236   6 245 196 210 350  24 172]
  [  0   3 380 368 358 114 154 357 369 316 219 262 110 328  46  51 228
   348 287  39 366  51 182  31 136  13   0  82 291 316 129  25 247 108
   391 198 188 175 110 274 343 230 288  67 142 219  84 303 183 280 111
   330 211  84 233  72  30 113  64 314 331]
  [  0 216 332  41 148 183 237 205 110 259 314 112 282 297 298 242 226
   369  53  41 206 129 146  48 130 358 174   0 194 174 171  12 301 391
   175 339 386 223 179 152 160 176 178 323 345 213 335  10 120  60 376
   264 362 295 148 279 366 111 391 286 188]
  [  0 270   8 176 142 150 200   4  16  90  67 219 144  29 280 353 207
   298  33 207 294 315 119 269  13 118 189 336   0 134 283  26  84  53
   124 325  32  17  28 150  19 364 166 188  30 384 318 291 395 376  59
    52 197  31 291 283 192 124  96 366 164]
  [  0 302 139 251 264 296 200 365 330   5  88 358 231 357 150 281 230
   205 102 330 316 236 168 329  44 318 393  65 219   0 161 369 266   9
    10  77 342 329  81  68 150 381 208  48 388 221 248 205 210 253 378
   265 238 160 251 127  20 149 120 131 352]
  [  0 351  92 271 193 174 297 187 237 329 169 284 353  90  24  33 355
   114 297 217 181 149  92 165 378  33  29 345 301 131   0 297 102 338
   130 106 280  78 350 261 285 249  49 237 335 123 375 336  63 338  33
   369 201  25 170 147 375  38 392 151 340]
  [  0  53 268  71 266 280 303 160  66  15  96 213 243  84 323 273 100
   354 380 255  85 257 170 193  99  73 226 209 246 222 223   0 333  56
   126 307 281 213 347   9  70 190 240 234 114 164  49 239 308 116 252
   293 383 379 187 348  75  71 259  44 179]
  [  0 188 359 176 224 129 378 299 314 341  52 223 142 210 257 187 226
   187 137 374 306  83 297 351 152 369 312 326 317 171  97  75   0 287
   171   3 322 340 295  97 387  99 167 134 278 367 130 252 292 249 113
   140  25  16 162  33 386  61 335 253 354]
  [  0  63 255  60  96 129 190  83 386 273 332  14  41 128 353 118 171
    72 372 171 248 280  27  38  26  37 179  64  20  71  60 329 172   0
   163 109 347 230 323 209  39  13 367 229 101 148 114   3 161 391 119
   195 392 225 213 154  41 351  87 197  46]
  [  0  56 170 192 128  19 203 227 232 168 153 307 244 359 303 190 116
   369 103 276 245 138 136 212 304 263 247 122 188  42  98 338 367 356
     0 225 181  49 297 113 124 286 335 314 210 258  28  35  88 123 133
   246 268 163 362 124 301 291  32 344 248]
  [  0 243 111 173  81 240 316  23  17 392  35 389 239 340 341 192 344
   257 288 261 181  24  37 391 244 303 280  76 391 131 120 226  60 166
   302   0 327 155  56 209 278 208 131 313 378 336 259 205 237  71 169
   168  36 349  60 164 379 206 338  55 223]
  [  0 173 209 224 279  50 220 346 113 286 164 342 192 293 158 166 154
   323 188 225 231  83  82 145  65 115 247  31 384 221  93 223  15 141
    68 111   0  29  94  80 237 299 287 201   3 108 242 358 257 302  68
    61 186 361  25 278 352 363 361 304  60]
  [  0   2 286 223 111  62 276 239  60 189 118  77 239 266 246  83 229
    83 392 155  22 230 304 188 134 176  49 183 169  80 158 214  50 395
    45  21 109   0 350 167 305  87 103   0  81 396  28 383 110  90 267
   121 344 312 180 309 374 130 206 207 233]
  [  0  43 158 278 162  87  29 224 170 267 276 259 273 214 353  99 392
   299  70 233  48 311 386 163 194 315 348  39 316 258 394 346 147 350
   362  75 104 185   0 362 189 220 183  93 324  48 223 163 329 144 393
   215 265  99 140 155 129 102 225  79 234]
  [  0 161 208  21 387 340 308 183 215 197 370 133  52 106 209 268 360
    22 386 268 114 168 244  18 235 289 198  71 237 233 135 117 343 140
    15  32 157 180 226   0 335 284 174  28 105 287 179 338 265  28 253
   136 168  48  18 166  21 339 159 128 361]
  [  0 361 245 168 258 268 131 311 119  22 216 290 150 300 352 317 205
   257 366 129 367 118 192  48  97 194 231 284 305 131 346 105 302 171
   346 302 101  47  56 157   0  23 214 181  73 180 191  21 322 253 118
   101 337 226 191 307 255 126  98 260   9]
  [  0 223  96 348 341 229  35 322 157 169 277 178 273 365  39 355 145
   356  98 224  45   3  47 318 203 202 208  20 202 120 181 320 162  70
   351 258 319 313  38 225 104   0  10 233 126 282 180 106 262 331 206
   385 336 353 318  78 272 189 287 275 230]
  [  0 279 155 180 293 356 322 314  67 273 165 108 224  72  57 254  55
   209 206 144 276 304 390 122 267 125   5 186 260 199 147  34 123 196
    75   0  40 291 151 329  24  55   0 293  39 100 344 199 316  15  39
   394 265 232  18 308  51 192 258 293 293]
  [  0  77 372 130  46  75  21   2 146 204  85 160 130 130 225 338 175
   110 378 341 339 139 225 383 270  64 123 123 332  20 378 264  97 169
   322  14 299 108 327 184 264 316 284   0  40   7 197 299 108 253 252
   279 386 344   4 235 190 289 257 159 131]
  [  0 311  94 344 336 313 384  76 262 125 257  17  34 128 327 163 291
    96 186 195 260 379  11  75 396 153 138 139 340  39 386 302 138 171
    33  25 393 304 242  22  21 380 170 323   0  78 389 374 298 124 228
   223 228 139 254  10  32 209  12  29  44]
  [  0 235 282 318  54 321  59 190 302  51 123  62 309  23 311 298 170
    11 284 324 130  40 260 204  59 332 169 153 174 202 297 116  89 214
   289   8 243 131 264 300 237 320 308 224 396   0 357 294 396 209 393
   108 233 272 289 244 376 158 323 258 152]
  [  0 234 177 113 374 334 194  16 334  74 158 383 252 251 342  85 270
    70  39 240 162 175 228  30 307  83 296 315 246 358 315 205  78  57
   236  21  77  68 347  50 304 256  43 356   0 142   0  90 334  76 287
    46 342  90 184 351 239 145  62  72  30]
  [  0 330 391 209 305 325  47  95 129 172 158  79 304 165 342 372 300
   236  66 324 379  60 128 325 148  30 106 269 171 119 342  71 362  51
   202  86 177  56 291 178 263 193 174 152 194 260  79   0 324 197 253
   242  14 297 159   7 295  37 267 384 192]
  [  0  17 300 122 236 220   3 185 126 295 245 265  56 394 178 106  17
   130 359 268 382 310  90 359 111 115 268 272  42 353 164 174  62 290
   231 260 391 134 153 175 320 256   6  82  60 376  57  94   0 124 119
    24 135 363 372 360 363 175 264  95 345]
  [  0 316 381  31  95 233  39 352 279 203   1 109 316  64 195 133 316
   177  13  25 269 235 287 270 263 377 229 173 112  22  67 123 189 126
   204 176  89 180 390  69 358 205 132 141 363 138 146 385 263   0 374
   177 344 387  29  63  12 280 365 108  24]
  [  0  65 169 235 242 193 250 119  45  35 332  90 108 109 387 157 336
   198  25 341  35 381 193 211 206  44  40 321  79  61 296 115 223 265
   166 306  40  79  61 138 255  78  39 228 178 278 213 301 141 188   0
   160 116 327  72 125 192 242 273 256 251]
  [  0 365  59 184 115  40 141 278 274  92  53 322 182  43 353 391 232
   101  42 274  49 247  91 345 113 127 252 382 360 156 167 233 126 374
    43 292  66 358 297 204  57 197  17 289 340 289  40 137 390  92 230
     0 172  88  63 280 222 394 165 307   7]
  [  0  47 388 358 217   7 249 169 119 156 184 284 394  24 146 376 182
   325 387 319 261 314 267 312 367 320 324 308 126  87 263  38  77 322
   210 354  79 286 290 160  19 284 186  32   2 220 106 327 223 323 223
    41   0 127 118 205 154 389 129 285 373]
  [  0  18 236 369 346 187 312 356 379   6 299  73 318 336 379 334 281
   224 265 307 238 390 191  62 391 206 132  40 193  40 273  88 368 375
    17 346 111 296  27 193 167  29 131 347 377 312  53  94 223  66 101
    41 294   0 287 108 195 249 259  96  86]
  [  0   4  77  52 305  59 265  57 169 395 296  96 131 249 254 361  52
    23  48   8  58   3 257   7 324 183 169 310 157  10 266 199 361 333
   169 121 273 252 359 186  45 122 190 131  64 344 169 255 359 294 198
   101 232 106   0  95 225 189 157 326 261]
  [  0  82  65 347 215 351   2  87 320  45 368  17 359 196 302  96  37
   380  27  74 149  20 131 233  65  74 299 379   7 286 318 267 387 225
   361 164  36 233  85  24 144 210  49 211 231 371 113 217 336 150 300
   295 373 318 239   0 316 135 304  16  86]
  [  0   6 361 128 146 165 224 347 157 159 321 396 384 303 327 360 315
   311   0 178 267  84 226 372 378  27 356 132 285  66 217  88 218  91
    13 325 259  59 183  63  37  51 336 311 104 223  28 211 122 265 120
   316 272 259  62 129   0  98  24 115 156]
  [  0  54 180 308 314  82 233 336 131 281 312 306  67 187 148  90 149
   256 279  69 340  76 236 249 194 284 130 202 145 302 183 264 201 323
   331 364  74 372  66 266 283 291 178  72 150 200 292 224 307 355 394
    97 153 293 219 335 248   0  83 184 325]
  [  0 346 134 127 184 136 168 313 102 246 224  34 264 167  24 378 154
   144  40 217 281  67 275  22 225 227 335   1 236 200 101 368 201  52
   214 226  65 168 206 255  27  90 123 241 244  17 338 163 288  53 343
   153  55 151 252 360  60 179   0 192 170]
  [  0  88  51 285 343 245 245 252 258 379 112 175 277 328 112 231  84
   395 102 109 166 237 309 301 219 317 330 356 368  59  10 129 101 345
    88  10  41 140 118  37  36  52  63 106  98 133  11 246 199  66 338
   371 330 162   4  39  49 257 269   0 283]
  [  0 335 386 126 127  64 228  85  44  34 186 180 291  83 252 359 231
   290 119 194 259 132 349 148 195 373 127  65  38 343 191 245 256 302
   366 139  23 362  85 148  94 171 224 266 210 202 171  65 165 199  34
   106 330  86 111 133 235 127  40 272   0]]]
release_time
[   0   33   29   44   63  151   60  619   58   89   26 1576   24   84
   39   10   98    6 1220    0  986  105  110   24    8    8   18    5
   27   74    1    4    4  103   98   92   59   27  503    1   83  112
   74   60  238 1213  132   51    8   37   82   20    2    1    3    1
   19   75   13   34  122]
due_date
[   0   69   73  142  121  151  129  693   76  110   59 1588  121  160
  114   17  158   13 1259    4 1017  134  124   37   48   19   90    8
   61   84   93   20   63  142  108   96   60  122  559    8   85  127
  121   92  293 1274  159  113   86   74  146   59    3   66   17    1
   31  129   82  133  133]
unit_emission
[ 2  3 20  8 10]
emission_limit
19584.5
setup_severity
2.0
due_tight
0.9
due_range
1.0
release_tight
1
degree_constr
0.5
