mach
5
job_rate
12
weight
[ 0  2  1  3  2  3  3  7  9  7 10  9  6  6  4  1  7  2  2  6  1  6  5  1
  5  1  7  1  9  9  1  8  5  9  4 10  2  7  3  2 10  9  2  4  4  1  5  2
  7  2  2  9 10  4  5  2  7  4  1  9  2]
proc_time
[[  0 123 112 116 136 103 104  65  86  56  65  51  67 134 103 148  97 148
   64 135  76 138 133 104  71 135 145  74 113  62 107  77 145  64 138  74
   88  64 118 115 134  57 111 136  90 128 101 119 113 148  53  85  92  56
   73 145 138 100 106  78  96]
 [  0  79 119 121 100 136 126 147  76  61 116 119 125  64  52 112 105  92
  146 103  50  92 113  88 128 137 101  57 146 134  72  60 132  56  57  94
   81 117 149 137 102 131  88 110 128 139  86 108 101  88  86 129 103  63
   80 128 114 116 109 103 109]
 [  0  70  64 105  83 137 118  65  74  69  96 133 107  82 120 104 123 132
  150  69 135  71 128  88  58  53 127 143 141 101 133 110 128 116  80  72
   90 144  65  91  80 128 110  80  90 106  70 144  57  74 134 107  59  77
  117 100 145  75 107  57  84]
 [  0  89 142 126 134 138  95 133 150  70  99  57  59 115  90  99  66 145
   73  86 125 137  81 120  84  50  75 131  93  76  81 145  80  90 122 113
   96  83  55  62  56  98  81  93 106 141  85 128  81 137 128 118 118 112
   63  91  65 130 139 125  79]
 [  0  86  62 140 131  85 101  51 144 136  86 102  89  79 140  57  56  82
  139  52  92  85  93 124  66  99 131  82 139  77 142  98 145 107 103  89
  141 125  91  60 142 140  58 119  81  86  93 112 103 142  96 104 102  77
  148 107 100 115  83 118 141]]
setup_time
[[[  0  70 236  33  97 162 268 372 377  31 306  15  83 137  54 283 298
   278 102  80 227 232 103   6 354 332 282 255 233 300  82 159 249 128
   243 354  29 166 345 205 115 199 289  61 219  51 193 403 170  35 241
   402 394 310 191  37  80 312 270 405 386]
  [  0   0 348 180 335 143 119 299  15  25   2 287 100  53 386 249  17
    31  66  81  97 164 398  38  38 345 102  75 339 197 392 325 397  84
   385 289  61  36 342 180 193 406 158  58 316   9 257  91 110 181 157
   186 299 285 130 369 406 111 246 118 112]
  [  0 405   0  60 386 238 285 125 252 296 359 156 109 251 187 177 363
   104 288 333 102 404 103 160 407 332 407  87 393 182 262 269 355 238
     2 231 355 205 345 223  12  47 122 107 195 191 194 140 375 238  93
    25  46 235 275 296   8 190   4  45 402]
  [  0  46 119   0 286 389 356  77 399  22  34 230 346 354 181 254  95
   361 290  58 266 223 125  45 317  96  54  34 196 204 364 117 139 275
   281 208 224 322  86 202 366 359 284 191 351  80 406 154 373  50 105
    96 316  59  53 161 364  32 350 297 302]
  [  0 347 360  86   0 174  15   5 190  35  81  81 226 109  14 183 328
   196 361 288 149  24  71 220  34 391 173 156 190  24  89 240  46 256
   130 294 280  99 363  18 202 251 218 111 236 124  23 151 332  11  38
   301  10 379  32 142 321 250 172  51 296]
  [  0 312 281 246 229   0 331 205 147 322 138 371 164  66 364  86  18
    26 248  72  52  68 394 342 202 160 309 258 393 324 346 126  45  20
   127 339 111 174  95 286  75 398 165 101   4 299 247  45  46 332  36
    40 209 322  33  25 272 147  86 208 146]
  [  0 249 164 237 103  33   0 172 391 376   3 322 228 274 212 190  59
   216 329  57  61 363 299  80 123 407 107 346 331 332 384  79 312 128
   407 285 198  53 362 141 177 318 211 306  85  96 363 112 329  78 202
    11 358 224  19 391  53 210 310 173 314]
  [  0 119 137  28 287 174 111   0 156 320 163 386 149 193 159  42 123
   121 294 239 254 170 391 202 326 238 154 320  32 174 232  39 284 372
     0  20 189 204  39 195 345 381 372  97 388 224 124 203 277 299 260
   218 255 241 133  66 308  88 336 125 402]
  [  0 275 118 207 296 152  42 396   0 385 107 180 349 338  72 259 146
   405 350 228 229 205 175 323 320 362  13 277 201  36 283 280 251 247
   213 269  15 361  23 372 223 287 166  28 184 217 199 132 110 309 291
   215 139  23 263 334 352 221  28 191  80]
  [  0 293 393 109   2 142 182  82  64   0 132 324 368 165  33 309   1
   189 170  50 194  73   0   7 220  54 137 279 339 313 335 234 102 170
     2 262  51  93 337 263 290 211 262  11 187 347 188 217  48  19 322
   279  80 129  30 389 373 348 387 269  25]
  [  0 286 211 364  76 305  60  21 156 203   0 289 183 385 290 318 159
   171 268  45 154 286 360 399 176 352  81  20 286  27 322  13 115  20
    48 407 355 224  91 389 203 291 195 180  93 155 318 270 338 119 244
    40 318  54 239 122 369 365  64 270 299]
  [  0 277 320 239 350 126 334  13 274 304  49   0  62 178 210 298 397
    71  36 378 116 322 250 172 185 101 374 368 223 384 390 289 373 328
   131 358  28 396 329 364 100  85 185 147 283 171 363 374 292 178 318
   285 130 350 170 150  87 276  64 377 380]
  [  0 249 160  59 123 233 177  63  76  44 100 340   0 311 239 154 339
   232 262 403  59 148 149 127 262 287 127 403 307 221 218 276 236 395
    63  68 385  78 142 256 281 130 216 215 381 259   7 268 128  45  19
     0 251 304 328  11  74 355 186 167 348]
  [  0  42 294 106 177 196 229 116 123 105 168 396 272   0 356 307 305
    50  71 100  63 275 132   4 118  94  56 199 263 357  19 247 145 177
   122 136 347 261 273 182 172 179 296 357 291 180 405 327 120 220 124
   147 137 378 377 248  57 394   5 134 282]
  [  0 223 175  13 145 267 369 179 250 157 142  15  55 144   0 225 318
   232 250  95 122 236   4 402   2 147 320 362 113 294 211 254 188 158
   212 154 246 309 379 384  63  18  52  41 316 254 218 302 116  56 145
   200 181 190  96  80 125  89 371  38 132]
  [  0 158 227  85  63 207 240  51 121 344 223 334 373 296 216   0 111
   323 215 265 113   3 295  84 351 365 155 311 389 374  74 307 184 213
   313 140  14 403 268  89 231  53  69 140 372 167 395  16 243 119 323
   379 351 389  10  67 125  79 226  47   1]
  [  0 377 260 107 385 286 242 142  65 151 140 231  44 132 395 111   0
   102   1  94 241  25 335 271  23 164 392 298  38  61 206 215 250 253
   259 306 120 135 161 249 214 338 228 102 190 213 274 173  43 185  89
   354 236 353 264 307 290 259 129  96 242]
  [  0 234  34  32 305 150  91 216 167 140 154 187  60 314 264 114 364
     0 113 206 357 344 370 327 169 321 315 322 396  44 341 378 381 375
    70  82 117 147  47 212 235 316 384 222  22 257 121 282 162  69 263
   174 136 347 239 120 202  58 134  62 213]
  [  0 188 130 167 187 216   5 289 154 244 403 381  78 233 297 337 382
    43   0 368 106  75 134 307  59 102 129 153 241  99  22  81 292 177
   246 306 233 360 391  47 151  75 302  13  12  44 196 164 142 177 359
   386 162 218 292  35 162 375 180  53  35]
  [  0 152  11 146 255 111 306  83 352 111  18 361 210 146  46  49 222
   129  98   0 158 276 132 280  72 215  73 149 119  51 289 294 301 216
    96 153 223  21 238 117 261 356  88  89 181 243  96 302 165   3 393
   278 199 361 314  18 183 140 253 343 213]
  [  0 143 323  92 173 141 212 284  28  28 243  74  58 303 340  81 295
   376   3  33   0 148 290  99 346 306 107  94 265 306 146 250 402  19
   269 319 128 407 305 342 120  35  60  19 218 194 227 381 356 143  93
    91  51 368 349 106 260 242 333  24 151]
  [  0 174 170 249 158 386 285 347 261  58 123 118 202 368  44 312  36
   248  13   7  82   0  22 181 233 188   3 226 335 123  42 256 232 363
   159  95 359  88 365 305 117  81 357  30 354 398 372  79  36 104 243
   380 330 230 149  43 384 389 313  90  17]
  [  0  70 397 136 222 282 166 304  53  27  40 211  44 341 152  41 154
    70 151 390 250 302   0 231 242   3 157 228 219 155 108 208 374  45
    97 198 245 194 136 311 264 345  60 339 292 217  78 150 403 401 285
   248 338 111 114 361 324 216 104 262 190]
  [  0 208 324 355 286  59 353  49 198 222 394 145   3 242 287  68 369
   348 279  81 113 261 119   0  92  73 294 285 177 354  21 241 310 256
   172 193 397   4  67 316  30 194 363 228 333  63 142 285  81  37 176
   173 131 141 234 189 378 156 277 174  10]
  [  0 304 211 402 176 266  80 269 163 215 165 276 386 347 212 273 295
    75 159 359 275 218 103 396   0 316 339 236 225 300 364  49  41 205
    72  16 326 235 286 379 342 278 110  72 353 190 296  81  96 287 217
   319 170 220 202 289 174 235  29 112  86]
  [  0 198 326 311 395 182 376 247 179 136  58 225 337 213 272 397 249
   160 403 105 320 150 263   5 379   0 250 138  48 266 326  45 323 387
    88 193 145 267 111 391 117  16 218 232 128 344  71 196 288   9 168
   142 183 247 406 110 105 311 230 132 257]
  [  0 403  99 331 241 399 290 199  81  48 115 393  21 342 147 161 108
    72 113  86  49 368 285 400 328 253   0 360 138  45  29 224 262 144
   188 103  74 322  33  76 149 287  57 208 399 388  78 299  97  12 391
   204 344 371 212 361  51 238 316 257 168]
  [  0 175  53  84   0 341  44  74 401 395 346 297 301 315  70 130 231
   360  46  78 149 160 274  85 274 108 126   0 325 247  61 200 258   7
   101  36 262 277 323 146 296   4 360 254 285 394 338 282 289  35 183
   163 399 334 119 223 236 135  24   2 273]
  [  0 225  68  58  32 119  37   7 226 208 347 302 131  69 301 246 367
   320 342 334  71 231  29 136 247  51 191 194   0  48 237  87  90  33
   345 339  92 234 111 378 171 297 261 373 262 228 277 265 103 264 315
   228  18 130 112 403 149 125 385 148 129]
  [  0 126 274 370 375 193 358  90 261 230 289 180 176   5 280 155  84
   113 263 146 322  66 254  72 348  67  61 305 298   0 306  98 136  28
   229 175 355   8 124  32  14 306 125 182 258 198 240 150 302 141 269
    33 367  40 215 315 197 404 402  28 117]
  [  0 339   3 279 250 396  90 370 156 221 364 206  33 252  96 369 136
   353 132   1 307 404 186  71  89 137  95 229  47 128   0 370  38 380
   288 134 258 193 241 314 353 199 343 298 146 257 239 164 372 326  79
   115 286 279 372 101 140 129  37  50 230]
  [  0  64 107  50 325 293 229 175 151 168 168 222  64 150 167 255   8
   190 307 205 355 114 104 227 296 265 280  38  81 130  47   0 248 382
   318 377 391 374 243  34 334 101 200 147 203 353 154 225 299 231 303
   154 196 125 357 111 300 166  28 282  28]
  [  0  46 223 239 394 343 230 106 191 310 335  99 390 381 374 313 347
    34 187  85  60 138 376  41 194 159 105 365 375  86 166  15   0  80
    91 156  47 348 240  57 338  72  75  75 155  15 272 182 107 129 347
   320 258 238 380 137 134 171 150 283  27]
  [  0  97 237  77 372  39 313 106 304  66 345 383 173 280 123 113 374
   367 189  15 290 179 369  25  26 197 278  23 155 374 238 176  99   0
   295 334 124 213 385 291  21 243 407 350 261  65  60  26 379  59 316
   303 259  43 210 366  62  52 397 209 137]
  [  0 154 255 386 152 234  21 284  85 120 241 366 384 391 212 220 286
   323 124 287 112 301 343 336 234 330 376 169 296 377  56 352 158 341
     0  75 274 305  14 174 375 401  47 136 356  15 115   0  14  98 256
   323 164 315  92 108 233 218 220 245 219]
  [  0 374 172  59  11 123 238 192  35 348 329 388  25 297 179 184 128
   389  15 264  24 164 389 312 395 194 249 132  82 190  75 305  59 175
    99   0  67 144 304 310 214 124 360 295  85  99 342  59 198 134 393
    31 311 390 346 309  46  29 355  84  62]
  [  0 206 321 280 326 267  48 362 306 378 142 372 101 345   1 321 333
   354  17 327 325 207 125 171 159 315 298   7 161 310 200 227  54 391
   149   0   0 326 344 255 241   9 373 202 195 114 329 145 301 305 236
   369 111 296 315 306 110 209  78  57 197]
  [  0 229  18  65 401  65 210 208 285 178 340 396 355 295 347 147  88
    77 329 228 300 396 252 319 294 284 144 101  10 320 279 321 213 141
   391 187 322   0 138  20  41 256 228 229 407  48 363   9 112 100 220
   381 138 186  47  40 214  21 136 270  73]
  [  0   6 363  99 142 247  78 227 308 262 252 280 217  27  76 290 119
   345 302 314 110 340 404 373  55 133 406 210 214 111 144 135 315 162
   355 114 193  25   0   7 133 388 147 160 329 261 211 405 108 361   6
   273 273 206 329 103 141 239 273 272 105]
  [  0 361 127 131  35 308 160  46 376 358  12  26  55 226 305 379 331
   220 134 393 304 373  52  95   4 377 252  40 240  23  51 399 245  31
    72 343 177 367 148   0 106 118  26 257 156 195 131 192 121 395 240
   273 174 222  61 294 349 147 252  75 211]
  [  0 148 387 228 214 213 133 344 242 338 216 168 161 149 102 191 309
   154 171 356  43 339 366 183 176 130 269   8  53 225 129 267  65 135
    21 401 181  32 164 190   0 321 162  66 223 301 297 169 216 111 352
   226 202 234 203 197 253 369 167 168 121]
  [  0 155 116 405  62 298 260  25  40 305 311  32 224 192  53 285 400
   240 279 226 268  82 192 249 160 345 137 118 107  10  65 242 346 400
   344  54 386 274 377 351 290   0 326 208 232 396 242 273 217 216 310
   111 288 228 146 254 151 322  90 147 155]
  [  0 263 250 170 375 388  37 132 267 297 179 117 367 230 114 168 256
    48 221 288 104 307 252 270 114 346  23 137 280 354 213 128 401 241
   243  27 272 205 129 144 150 407   0 338 130 381  70 396 105 278 285
   180 131 160  69 265 401 284 136 330 104]
  [  0 242 315 195  76 197 156 104 247 349 114  42 283 127 352 319 289
   308 263 232  93 401  81 102  97  61 257 140 142  91 289   8   7 193
    55   0 134   6 107 346  82 213 297   0 270 177 168 294 273  64 218
   128  73  32 332 225  67 316 137  53 249]
  [  0 100 233 313 143 322 236   9 177 310 141 126 378 304 129  38 214
   308  16 288  17 261   1 336 391 120 235  63  32 234 188 176 187  75
   138 228 225 159   0 186 325 226 331 136   0 226 368  36 308 343 188
   381 188 388 374 164  53 393 248 158  44]
  [  0  62 201 107 166 304 136 307 287 288 338 225  14 296 353  71 399
   268 352  86 133  52  91 148 307 381 169 200  92 265 262 149 302 304
   353 160 191 309 250 306  45 217 232 343 255   0 324 200  12 260 124
   319  43 210 406  70 205 265 102  39 385]
  [  0 290 347 284 390 304 213 268 388  12 111 272 150 286 217 305 173
   163  18 111 327 390 315 262 282 167  92  92 125 208 384  26  87 247
   194  56 242 285  77   7 132  97  53 402  52 360   0 219 248  85  67
   123 129 140 114 367  64 195 286 161  83]
  [  0  90 279 383 282 406 201 105 188  73 400 195 369 207 268 240 274
   390 228 320 332 322 318  86  86  44  92 307 321 385 390 281 123 316
    16 284 357  94 381  90 321  11 210 340 379 301  80   0 228 402 382
   352 133  65 174 380 259 342 121 311 309]
  [  0 285 109 314 269 387 218 358 230 112 335 347 360 360 206 390 364
   133 337 322 325 155 174 286 277 215  42 272  75 299  86 156 273 292
    44 122 112 388 392  89 385 172  52 397  54 297 365  84   0 405 107
   272 237 101   8 183  40  59 355 386  37]
  [  0 158 360  60 340 395 206  11 319 166 377 373 206 190   7 322 364
   155 183 391 110 199 159 178 100 162  18 272 311 219 143  66 283 102
    15 371 401  38   9 254 289 244 115 298 224 184 302 130 250   0 371
   200 161 201 305 248 274  44 319 349 399]
  [  0  74 118 344 108 180 275  37  85  39  44 324 228 406 388  52 284
   156 335 303 198 399  29 121 168  63 320 187 148 200 290 258 205 153
   212  55 149 168 298  17 245  42 203 156 302 348 110 272  82 329   0
   121 101 117 389 358 260  16  85 240 128]
  [  0  57  49 385 120  85  68 367  21  49  48 361   5 402 299 401 141
   129 206 163 373 303 220 375 309 236  27 327  11  66  39 312 401  20
   294  90 135 117 114 402 125 203 239 301  93 364 155  31  40 331 301
     0   9 173 114  25 202  16  24 310 284]
  [  0 105 237  59 232 358  90 202 238 285 100 337 388 249 225 367  82
   349  23 168 338 404 307 211  50 192 358   6 184 377  65 228  29 317
   324  63 300 255 377 335   7 223 101 351 131 335 134 118 227  39 404
   349   0 124 317 385  92  27  86 366 323]
  [  0 268  11 336 112 137 182 196  57 128 202  15 162 134 270 176 176
    50 292 264 192 322  84 164 390 338 138 375 165 127 320 265 300  86
   357 333 240 342  44  92 124  25 166 244 354 138   3 273 299 231 166
   375 248   0  36 354 365 370 187 202 239]
  [  0 145 140 380 369 107 305 302 163 222 235 277  35 226 358 102 227
   180  97 389 356   2 376   0 362 147 368  18 327 103 175  35  56 282
   298  85 183 283 264 356 391 231 355 310 350 405 189 336  21 399 194
   233 166 228   0 184 147 279  70 115 184]
  [  0 186 190 240 308 366  63 196 169 158 104 185 396 378 284 355 275
   276 115   9 294 335 366 351 191   8 228  53 205 248  67 371 255 327
    82 124 303 337 217 129  94  80 218 391  36 137 370 282 402 167 211
   386  72 348  58   0 401 402  36 162 260]
  [  0  23  21  57  65 115 390 357   4 190 384 364 151  42 327 157 216
   157 141   3  75 138 188 395 181  26 163 180 186 208 388 141 111 164
   365 107 256 379 380 326  64 247 115 199 383 213 366 267 218 306 166
   195 127 108  82 152   0 189 118 342 246]
  [  0  21 126 338  86 209  35 366 378 215 262 150 206 212 201  28 333
   141 109 308 125 315  14  80 363  49 159 236  10 383  63 121 266 270
   219 164 142 359 156 302 162 229  86 341 155 169 332 163 233 226 295
    52  96  74 397  97  88   0 293 145 247]
  [  0  23 357 259 379 312 270  45 238 317 228 121 407  10 366 283  91
   402 100 170 357 370 252 271 230 165  82 143  91  69 403 389   7 318
   135 193 223  82 230 368 322 148  31 306 358 373 148  52  68 130 342
   315  46 369 105 348 160 231   0 150 156]
  [  0 146 219 277 286  24 220 335 170 280  95 152  35 297 329 106 152
   288 242 300 365 331 155 336  32 209 258  42 200 270 130  40 101  28
   144 314 342 273  77 260 218 186 198 314 137  14  80 404 343 357 210
   315  28  20 385  85 242 166 248   0  90]
  [  0 182 379 346  81 383 257 125  54 303 159 356 186 288  53 264 202
   399 365 300  83 397 313 239  52  74 325 389  61 270 310  64 231 127
   124 210  14 125  94 162 273 288 274 201  39 109 193  66 247  67 267
    78 360 251 288 178 258 117 202 304   0]]

 [[  0  35 151 225  68 344  74 217 155 400  32 163  71 398  51 361  24
    81 123 359 334  69 300 204 348  25 159 140 129  49 155  81 193  92
   395 243  71 144 112 360 256 347 106 127  50 403 245 153 235 389   0
   263 304  72  94 215 169 403 218 362 347]
  [  0   0 352 326 180 365  63 284 392 247 164 241 389 191   0 195 384
   382 138 358 304 407 324 168 292 386 340 291 393 123 244  14 165 139
   338  52 365 399 107 215 231 118 280  90  76 195 244 230 233 401 233
   268  96  32   9 127 114  17 155  84 317]
  [  0 192   0 226 283 280 140 183 214 298 168  74 146 333 197  49  39
    78 126  72 241 346  15 392 225  62 308 219  42  66 133 147 267 343
    65 402 344  65 342 362   0 157 372 122 315 106  30 246 270 382 376
   251  61 395 265  81 358 192 282 189  64]
  [  0 248  13   0 316  19 316 270 124 330 350 281  19 383 297 314  18
   267  50 293 292  72 212 122 317 196 124 400 355   6 267   9 276 235
   154 315 178 196 362 262 173  98 354 277 389 394 228 252 122 143   2
   183 260  56 338  32 289 363 314  42 226]
  [  0  16 294 324   0   7 381 110 391 291 259 160 352 215  36 335   5
    59 298  39 340 154 267 142 401 142 356 393 390 352 314  89 359  27
   368 123 267 207 122 258 132 377 269 385 165  16 169  80 145 167 375
   294   9 239  39 171 391 396 236 357  43]
  [  0  95 367  43  28   0  83 212 366 340 126 263  65 175 342  99  69
   266 209 168 389 267 145  78  86 213  55  77 127 132 240  70  31  95
   267 398 191 201 152 114 192 222  92 137 331 218 133 210 270 197 137
    12  44 200 341  50  79   3 149 381 369]
  [  0 223 366 309 297 314   0 283 200 327 370 149  93 224 318 291 308
    79 293  80 299 136 219 269 263 277 342 399  62 304 385  95 194 180
   130 301 255 193 354 122 333 321 241  33 267 298 278  87 243  93 232
   367 180 258 135 307 305 296 125  73 404]
  [  0 254 341 169   0 213  90   0 324 247 273   0 317 245 376 215 388
    10 190 257  15 137 301 364  59   7 390 290 134 301   6 264  80 108
   370 303 176 232 319 127 343 139 386  69 364  83 178  48 131 327 238
   208  19  92 310 288 389 293 318 102 102]
  [  0 230 256 400 326 131 350 172   0 311 190 205 219 218  75 203 212
   302  16  74 213 328 188 274 152 254 374 288 179 304 320 240  66 403
   283 193 146  29  83 282 368  45 269 284 285  16 125 130  30 203  33
    56 233 267 294 376 291 374 141  59 187]
  [  0  69 178  61  96  98 187 291 137   0  83  22 292  80 359 136 317
   158  30  66 276 325 119 113 214   3  61 271   9 335 142  17 325 314
    61 135 164 223 181 268 270  98 388 142  53 259 140 156 321 335 379
   126 314 364  67 158 305 193 231 135 117]
  [  0 227 167 348  64  84 260 224 224 270   0 195 401  28 295 217 237
   248 346 402  19 163  35 142  37 377  21 223 277  54 171  88 281 118
   209 386 161 132 169  48  42 142  32 181 103 398 282 279  12 277 255
    51 296 112 111 184 343  12  79 398 299]
  [  0  39  65 123 349 241 182  29 198 243 207   0  78 295 360 141 183
   223 359 145  16 366  50 394 304  34  26 301 287 334 121 316  32 307
   240 376 269 404 400 281 341 248 355 304 128 406  94 390 326  52  83
   278 275 235 363  61 294 191 199 129 387]
  [  0 285 160 200 394 262 212  89  32 346 314 141   0 345   2 260 235
   155 274 407 338  76 189 305 240 346 207 187 378 315 183  47  61 215
    54 312 209 279 281 371  29 254 272  71 252  10 121 319 258 396  55
   205 123 318 184  38 397 286 174 369 142]
  [  0 159 376  69 395  19 143 360  81 228  59 359  43   0   3 106 184
    44 198  52  47  47 137 122 331   5 117   9 143 149 109 347  38 256
   150 292 316 216 231 263  48 288 353 178 232 216 102 259 235 229 240
   120  22 276 185  94 229 343 290 198 149]
  [  0  47 403 191  79 182  11 191 329 191 332 288  82  71   0 317 138
    34 174 131 137 184  73 201 109 255  57 174 138 106   2  28 304 266
   167 317 127 169  75 337  69 373 299 156 281 289 198 145 295 113 150
   236  14 254  98  26  66  53 293 361 325]
  [  0 271 321 286 351 148 380 304  78 360 284 256 325 194  25   0 286
    42 253  87 209 390 208 248   5 364 236 334  45 106 149 349 145 308
    90 165 245 268 381  24  29  28 219 405 256 228  51 228 274  90 134
   186 221 374  93 100 331 119 326 290  72]
  [  0 149 407 241 184 132  75   4 343 374 378 296 338 327 238  80   0
   113 324  30 144 161 193  40 291  60  91  30 110 182 107  24 294 372
   226 396 312 229  40 333 180 139 162  98  22  83 303 261 180 342 341
   382 405  34 259 141 267 380 164 227  79]
  [  0 278  23 219 401 284 364 357 269 161  51 134 229 220 172  44 155
     0 235 285 251 252  92  31 125 226  11 178  19 289 268 284 214 347
   229  27 350 124 138  44 234  17 200 272 243 198 354 200 225 225  61
   187  18 254 365 354 161 287 162 158 271]
  [  0 178 158   1  78  76 231 147 216 274 403 245 148 177 107 216  78
   354   0 188 261 352 334 271 210  74  26  67 257 321 196 184 293 319
   216  91 216  23 337 343 333 101 109 334 195 103 323 333  42  81 141
   172  67 137 196 212 287 201 348 175 216]
  [  0 253 225 120 350 343 158 130  55 292 376 103  92  31 339 393  38
    11 292   0 119  71 193 245  78 160 403 267 234 235 128 363 109 339
    74 272 302 367  80 107 234 328 286 355 196 101 379 180 109 156 230
   354 380 238 119 131  45  64 228 194 237]
  [  0 223 247 174  97  79  92 361 251  33  43 219 229 146 118 204 217
   388 102 189   0 300   2  53 281 220 321 150 316  82 307 257  29  71
   153 199 254  56   5 122 130 386 256 299 308 279  16  15  36 159 276
   127 234 391 340 220 131 376 345  23  58]
  [  0 227 339  18 301   7 248 355  57 266 349 146  98 209 295   2 151
   304 351 222 240   0 376 101  61  50 402 195 249 220 276  93  75 186
   173 397  72 309  20   6  27 149 173  41 323  82  87  64 148 336 229
   199  72 201 256  46 385  40   1 269 147]
  [  0  50 388 164 268  78 225 318 279 263 302 195 297  25 122 250 224
   395 138 129 381 120   0 307 378 272 103 221  77 235 386  32 292 238
   340  40 355 379 376 333 361  21 190  24  95   2 181 201 317 125 134
   391  83 348 237   0 342 369 398  60 160]
  [  0 206 224  71 116 125 198 300 165 323 112 183 331  65 274 210 323
   208 311 131  17 360 390   0 184  37 303  21   2 400 162   4 288 140
   251 396 378 157 114 201 299 319 367 218 309  54 187  57 165  81 364
   352 181  46 222 141 218  56 102 114 343]
  [  0  98 264  62  63  87 180 359  49 236 176 161 380 134 175  53   5
   403 277 111 156  57 275  65   0 207 350 149  25 381 356 167   0 324
   315 361 362 109 141 270 180 331 135 269 308 393  63  68  14 398 344
   270 113 153 407 308  74 129 322 292 179]
  [  0 363 323 246 392 180 149 347 226 278 384  35 311  39 132 382 398
   398 121 339 390 351 194 154 324   0 395 144  34 393  59 314 267 298
   384  89 104 211 224 271  91 213 349 340 373  58  22 400 275 385  89
   373 130   3 102  23 266 339 191 132 286]
  [  0 120 313 249 370 130 163 238 202  57 294 224 283  90 306 388 264
   160  33 280 184 266 341 217  30 190   0 369 357 134  42  81 265 309
   332 322 252 136 221  59 287  20 163 270  90   2  48 323 153 159 339
   140 107 307 214  10  35 334 149  23  57]
  [  0 336 214  79  54 201   1 186 368 118 402 114 351  89  62  22   9
   336 249 201 187 266 335 254  67  66 120   0 209 250 354 186 164 375
   240  40 186 100 161 395 243 129  30 104  52 337 191 362 321 333  79
    28 392 230 317 131 263 372  41 259   3]
  [  0 134  70 330 385 356 179 242 225 394  26 317  65 208 292   7  47
   359 394  71 133  51 100 214 204 345 120 104   0 189 172 281 179 265
   280 264 233  77 230 346 160  62  44 192 211  21 331 235 105  22 245
   359 354 183 321 168 187 341 264 326 401]
  [  0  45 271   7 361 231 137 375 392 106 183 245 314 146  69 147  25
   348 103 338 319 217   7 169 313 205 159 203 354   0 355 299 381 125
    77 279 279 271  58 297 378 139 284 274  80 174 315  29 351  48 377
   211 118 251 153 328   0  46 380  75 319]
  [  0  25  55 361 329 152 334  34 348 224  57 381 354 332 365  79 268
   201 290 153  53 145 173 194 164 392 200 311 310 382   0  16 293  60
    81 173 222   1 152  29 160  57 134 297 178 374 132 313 211 293 303
   362   1 141 388 201  52  63 286  29 398]
  [  0  52 394 241  13 151 184 328 172 211 299 179 127 230 272 232 285
   345 405 268 354 365 106 151 201 287 399  35 306 101 192   0 366 245
   232 213 288 391 145 135  85 196 193   0  17 283 161 198 237 342  45
   277 348 311  48 214 100 377 101 351 378]
  [  0 162 165  91 117  90   3 369 371  67 188 289 169   0 167 297 174
   320   1 174  49 398 145 161 406 304 299 137  19 148 405  51   0 295
   378  42 161 341 379 148  95  24  28 175 347  51 119 268  42 184 392
   322 115  17 231  99 318 354 393  16 298]
  [  0  35 210 256 401 397 101 116 111 197 228 308 305 218 154  84 112
   219 387 325 369 237 334 305 169 177 360  47 329 308  92 313 271   0
   356 158 210 405 159 300  94  54   9  25  36 285  48 129 174 238 220
   185 356  22  78 150 310 354 334  70 244]
  [  0  75 343 164  59 244  30  35 143 138 117 186 286  29 149  37 288
   394 252 236 257 233 211 140 369 403  82 331 345 299 170 313  96 276
     0 340  23 296 114 197   8  16  63 370 397 245  79 265 100 377 347
   110 319 234 349 376 241 264 308 210  17]
  [  0 336 371 168 198 290  34 314 269 179 214 260  62  51 255 313 206
   351 327 133 177 337 285 116 377 359 165 233 352 367 310  44 292 217
   383   0 160  80  14 118 230 333  23  70  75  54 328 120 150  73 373
    85 327  59  82 235 242 203 396 175 401]
  [  0 344 181 386 272  90 148  24  88 186 306 378 296 193 387 176 358
   157  11 251 351 155 131 246 365 137 391  10 199 196 385 397 302 392
   272 226   0  94 340 266 280  35 204 209  64 334  47 379 318 224  89
   111 355 158 341  67 215 160  62  27 147]
  [  0 333 211 374 243 320  43 235 296 375  15 177 252 303  62 324 204
    41 369 212 324 293  59 132 111 314 390 143 119 193 303 365 370 107
   384 222  14   0 295 327 247  22 274  55 370 147 339  79  69 211   5
   244   6 305   2 209 263 167 310 132  36]
  [  0 320  24 336  85 331 108 129  50  98 201 276  68 109 285 197 358
   147 184 124 192 301 232 302 259 141 289 136 384 100 306 231 108  92
   285  75 275 207   0  95 133  22 312 352 130  68 126  82 351  39 384
    35 360 365 156  79 361 312 243 252 388]
  [  0  68 352  96 382  23 127 280 110 172 281 301 391  14  52 194 287
   199 375  82 156 132 260 172 259  60  72 160 126 325 145 303  79 230
   147 213  39  59  26   0 120  27 223  80 383 118 227  74 101 196 404
    57 276 113 178 352 292 403 289  38 241]
  [  0 102 154  53 342 180 303 221  36 110  47  79 191 150  42  12 261
   239 277 399 391 141 256 340 370 219 384 394  92 191 152 357  35 121
   345 118 154 342 334 266   0 333 130 219 170  38 255 175 206 177 386
   222 347  32  17 260 275  23  70 100  68]
  [  0 358  53 235 179 238  57  85 114  71 276 307 113 168  79 248 188
   194 313 305 343 219 316 101 325 179  66  90 199 120 270 202  64 136
   383  89 104  76 234  59  46   0 387  69 243 155 161 176  75  67 334
   297  68 346 277 254 275 169 405 342 177]
  [  0 253  23 125 308 279 172   4 297 185 345 306 260  97 272 219 257
   208 180 274  23 403 290 184 204  94 297 202  80 280 309 403 309 379
    44 310 116 112 246 214  44 324   0 315 129 209   4 277 137 203 193
   153 156 399 103  45 132 100 152 193 223]
  [  0  13 198  77 200 156 311 380 272 105 146 169 240  26 237 208 347
   264  32 331  89 172 325 124 372 375 128   7 143 191 319 372 143 327
   239 247 289 280 333 208 133 326  90   0 232 127 260 238 221 298 311
    68 304 337 165 238 302 151 180 383 139]
  [  0 406 114 373 138 397  81 301 190 275 137 357 149   6  73 292 147
   201 299 311 142 357 131  74 135  30 205 298  80 222 146 127 234 110
   285 143 276 138 298 215  99 163 127  17   0  72  58 248  74 296  82
   214 171 226 380 280  42  33  12  96 324]
  [  0 199 202 121  60 324 327 148 236 272  48 304 120 277 138 262 330
    82 242   0 374 404  59 295 271 339 135  78  36 210 268  93 336  29
   245 198 336 208 205 210 254  45 155 325  56   0 168 160 367 180 372
   117 203 364 161 365 389 157 115 368 407]
  [  0   7 393 178 314 128 159  18  35 111 348 334 131 262 196  65 389
   305 328 166 136 386  85 165 162   8 261 202 332  21 403  21 383 200
   223 102 181  47 307 244 132 376 186 176 394 231   0 238 170 169  25
    88 196 389 152 212 229 387  99 368   9]
  [  0 205 355 262  66 158 202 284  91 147  27 268 149 227 194 378 298
   341 128 398 276 286 219 403 251 231 107 161  77 255 295 295 257 214
   336  14  75  49 323 350 112 328 155 315 303 299 342   0 171 307 313
   336 122 198 326 370 130 354 101  98 103]
  [  0 265 124 202  29 174 105  91 385  12   0 160 318 155 387 357 209
    52 352 318  33 179 191 379   8 318  35 221 268 365  81  12 340 242
   405 306  77 363 212 307 376 362 145 244 329 402 270  56   0 135  44
   138 101   3  67  23 244 342  86 289 291]
  [  0  28 245  80 269 132 308 156 273 371 395 403 228  21  45 183 115
   166 230 154 345 333 199 266   8 335 215  69  98 235 255 135 292 289
     4 159 313 192 193 295 118 232 196  57 405  62 176 398 163   0 113
   206  91 116 329 147 346 270 374 113  46]
  [  0   9  74 115 156 254 190  90 282 359  22 287 150  19  56 116 111
   330  26  20 236 148 370 304  89  53 403 274 389 296 316 114 372 118
   198 160  72  84 213 316 219 112 319 316 204 232  65 154  42 345   0
   190 320 370 366 157 388 358  57  44 347]
  [  0 138 156 361  95  68 256 124 333 173 170 176 280 116 132 317 101
   258  38 149 360  42  19 132 104 159 207 232 197   4 162 235 387 305
   113  80 118 226 225 357 103 275  38   1  72 382  50 279 360  36 289
     0 402 172 407 270 327 286 228  50 106]
  [  0 238 301 101 297  53 309 266 111 383 325 272 278 368 399 204 183
    79 202 211  46  61  66  46 271 187 345 275 344 366  75  65  45 203
   163   7 183 273 229 149 317  88 340 249 345 375 183 107 242  96  73
   147   0  34 220 246 338 283 293   3  39]
  [  0 110  30 207  36 353 154 156 226 120 206 392  23 171 141 338 295
    90 151 167  69 401 304 209 354 167   7 376  61  13 335   3 306  90
   333 331 297 346 203 320 304 334 145 233  21 180 270 151 137 228 187
   225  35   0  10 255  72 364 210 380 158]
  [  0 252 308 354 273 109  78 270 357  54 156 400 111 378 150 278 380
   203 204 282 241 127  76  18 291  71 394 238 115 346 381 128 284 131
     0 122 100  53 362  86 289 395 238 115  23  79  11 213 175 126 221
   272  34 240   0 121 275 220 403 306 186]
  [  0 161 198 337  56 328 341 171   8  83 142 255 190 149  10 279 193
   195 244 106 233  91  42 352  32  51 102 325  84  69 370 379 131 280
   251  31 288 222 371 277 226 201 310 294  43 221 339 208 310 204 298
   371 373 261 349   0 250 273 355 109  43]
  [  0  85 218 292 318  69  72 334 130 185 111   7 142 249 238 143 374
   147 230 242 161  36 287 301 317 254 224 141 301 256 327 286  97 264
   296 113 404 372 388 234 136 351 221 317 399 265 251 213 108  75 107
    20 348 177 356 302   0 271 321 339 205]
  [  0  29  52 389  60   8 327 142 148 128 263 183 403 314 276 325 314
    40 154 338 107 194 155 397 155 140 333 162  55  51 292 105  30  85
   373 178 312 291 281 133 342 274  91 144   9 293 240 350  90 278 289
   394 230 167 101  68 101   0 338 357 282]
  [  0 112 341  87 186 133 159 255  84 204 340 354 159  16 324 253  51
   211 161  34  24 303 177 231 146 103 122 165 246 256 213  15 286  66
    33 102 100 155 257  18 310 106  15 400 109 268 331 242 182 229 298
   261 155 177 346  20 378  85   0 137  43]
  [  0 385 341 302 210 302 140  22 132 250 236 113 253 331 265  28  75
   117 270 194 245 190 233 197 293 242 247 352 287 259 326 273 213 347
   197 153 216 126 138 235  12 283 215   7 273 191 147  79 273 344 350
   163 367 130 321 396 295 327  35   0 145]
  [  0 188  95  39 263 133 205  14  18 282 308 383 210 261 227  15 253
   205 402 233 298  62 323  71  65 202  53 318 292 311 248 327 129  10
   256 141 126 291 348 352 181 286 293 244 283  97 241 101 367 300 204
   366 397  47  14 275 205 213 323 253   0]]

 [[  0  97 346  61   4 370 376 350 264 126 302 323  96 149 326 221  16
   245 162 375  44 212 211 360 175 297 367 177 117  63  71  43 396 208
   121  82 137 247 119 162 278 401  97 272 341  11 341 290 230 172 222
   314   7 201 216 112  95  89 190   3 333]
  [  0   0 388  44 330 220 110 366  39 193 255 241 315 255 190 302 368
   107 343 319  26 143 291 117 304  28 271 145  12  34  31  16 380 130
   157 226 130  65  46 202 347  59 401  95   3 124 253 157 112 110 219
   278 407 343 311 329 241 198 320 214 251]
  [  0 220   0 132 248 183 180 246 120 384 379 378 206 302 349 406 317
   340  25  86 274  15 147 220 317  27  89 160 155 358 141  74 338 260
    74 355 108  50  27  49  35  89 375  91 371  72 316 111   9 102 316
   251 164 359  78 254  62 272  69  93 266]
  [  0  53 176   0  63 349  98 122 307  97 303 145  52  92 209 187 357
    91  77 319  45 287  54 336 221 152  80 317 278 396 126 199 341  51
   352 154 277 224 217 178 149 326  73 115 270 274 317 356  20 235 299
   251 295 282 313  11 143 223 385 374 206]
  [  0 131 176 181   0 147 282  13 401 121  32 172 276 112 229  19 365
    37  83 302 266  56 185 290  50 207 384  72 357  43 338 406 160  38
   262 121 388 187 163 100 297 332 138 196 295 117 123 199  64 383  58
   157 267 314 206 319 206  10 380 119 369]
  [  0 314 285 287  27   0  85 159 289 241 194 165 312 367 161 102 372
   129 112   9 351   8 142 111 349 363 184 134 345  39 113  12 182 312
   199  13  50 353  61 252  26 270 337   7 297 146 190 290  96 198 284
   251  94  56 243  49  17 365 366 347 308]
  [  0 311   9  67 108  56   0 179 144 321 404  46 236  78 305 202   8
    80 370 152 283 167  22  23 294  46 327 245  16 251 262 318 169  84
   109 145  87  31  91 313 340 271 189  59 250 123  83 259  90  63  20
   149 303 347  94 362 303 389 115  21 315]
  [  0 126 134 387 403  22 142   0  90 146  62 392  19 105 193 329  94
   146 113 114   1  51 278 226 101 286 305 200 176 134 241 193   3 288
   150 128 307 105 116 277 196 245 278 350  81 143 257 304 231  75 108
   236 398 309 134  75 291 365   1 219 396]
  [  0  96 376  73 185 204 267 261   0 178 381 306 189  85 373 262 101
   341  57  64 219 242 402 262  24 208 292  67  35 180 109 215 279 393
   226 333 184  20 349 186  57 391 363 399 232 282 388 396 103 318 365
   275 143 246 149 201  28 210 263 159 217]
  [  0 249 357  70 214 296  43  84  24   0 207 271   7 329 175 286 260
   220 133 230 299 383 191 351  16 232 184 308 109 222 192 314 308 343
    14  34 203 263 357  43 249 104 338 292 364 143  12   4 211 219 120
   363 150 346  75  95 149  68 295 338 318]
  [  0 148 304 389   2 277 166  36 151  60   0 243  29 208  66 301 405
     9  64 172  15  97  36  19 270  92 119 246   3 256 347 192  33 350
   315  15 209 106 183 146 393 378 363 170  44  55 224 283 183 260 370
   321 296 399 330  74  18 234  62  12   3]
  [  0  75 332 292 381  31 243 302 274 320 180   0 259 365 127  90 117
   402 401 183 274 301 271 387  46 120 202 355  63 288 363  64  45 337
   329 226 121 106 289 285  44 161  90 248  45  76 354 163 372 259   9
    93  36 383 125  58  77 148 343 126  77]
  [  0 159 274 337 221 402  83  23  13  64 254 168   0 306  72 153  73
    78 126  10 135 176 205 376  77   7  33 278 337 401 100 407 313 358
   141 342 163  51 109 168  69 370  92 227 245 148 256 290 272  30 112
   123  34 164 346 258 231  95  18 196 374]
  [  0  48 187 124  83 176 223 387  67 345 185 152 365   0 302 180 290
     6  50 335 256 127  95  34  48 291   4  58  16 127 292 279 222  61
   310 135 120  19  19  75 306 189 202 202 107 255 131 350  61 364 140
    18  43  29  78 345  83 108 309  87 234]
  [  0 313 321 212 108 115 158 348 338  21 169 118 341 273   0  19  33
   291 208 273 282 390 317 278 363 307 326 151 187 261  86 186 112  66
    92 262 385 383 381 148 343 317  23  92 179  83 152 298 104 404 358
    82   4 380 217  17  39   2 326 314 366]
  [  0 212 393  63 148  96 138 403 129 205 157 201  46 193  51   0 385
   119 229 174 341 404 241  79  39 341  74 310 195 388 395 269 343 375
   228 333 191 184 102  17 228 396 345 265 214 273 262 390 140 116 362
   123 184  65  79 159 237 367 406 272 334]
  [  0  52 304 384  70 103 347 237  60 196 368  20  12  34 288 203   0
    33 103 345 277 311 332 319  56 277   4 358 171  33 218 206 258  54
   323 136 307  48 405 257 109 307 288  74 366 373 335 213   6 234  49
   384 161 139 298  49 328 105  88 299 201]
  [  0 382 250 126  99 294 167 365 287  49 268  52 130 308 124 344 347
     0 403 403  57 110 182  28 228 318 289 381 311 189 151 225 118  90
   367 134 365 144 115  38 384  87 368 332 191 322 388 228  18 380 209
    62 280 257 263  68 318 339 115 179 172]
  [  0 406  51  65 137 326 304 218 296 240 172   1 336 364 222  19 205
   120   0 396 253  88  13 144 260   8  58 111 246  78 308 255 256 340
   244 364 236 381 179 108 299 237 201 161  96 187 115  35 241 101 111
   250 353 172 107 289  67  67 135 371  85]
  [  0  47  59 357  21 104  53  37 368 109 246 188 200 400 154 102 254
   177  87   0 396 381 320  79  81 311 232  38 209 348 217  70  64 276
   321 209  97 301 232 265 281   6 348 377 194 238  48  61 244 319 365
   234  30 263  81 322  88 242 313 277 169]
  [  0 276 265 206  84 202  89 290 184 380 222 318  87 279 112 263  11
   218 166  81   0 330 186 302  25 256 338  64 132 243  86 295 402 316
    61 313  11 185  99 403 345 270 372 207 143 106 340 399 262 254 115
   220 323 136  69 369 150 242 401 295 391]
  [  0  46 113  40 126 276 288 333 266 282 147 147 266 235 196 378 382
   225 139 298 130   0 396  12 193  84  30 134 213 297 293 354  90 330
    66 398  79  50 166 390 290 159 109  23  68  34 160 398 106 271 117
    81 347 198 334 318 132 204 259 131 383]
  [  0 223 157  64 386  62 348   6  49 322  69 328 355 293 226 248 351
   264 404  33  96 308   0 174  88 363 106 304 327 219 295 324  46 195
   367 189 302  69 403 259 242 197  63 371  80 402  90 367 210 200 132
   208 348 406 264 405 302 242 345 268 167]
  [  0 271 326 199 376 346 211 336 283 299 401 186 152 287 147 299 379
   285 214 341 134  49 314   0 356 182 231 298 131 286 217 184 366  26
   340 170 339 301  69 389  20 221 278 315  76  60 354 155 158 202 287
   222 294 375 126 342 361 272 140 274 228]
  [  0 152 162 226 374 269 362 276 215 186 278 350  68 152 269 113 258
    60 136 219  33 366  89 128   0 146 119  11  62 242 105 238 326  33
   398 263 387 156 322 280 263 298  80 165 227 276 279 260 235 309   7
    73 130 214 203 339 206  48 298  84  62]
  [  0 379 193 336   0  14 182 336   4  59  27 372  56 239 186  62  21
   300 110 145  67 220 158 218  42   0 120  25   9 398 281 266 255 145
   402  17 368 194 375 405 335  46 188 302 281 176 148  97 326 158 158
   401 202 341 243 312 395  99 392 387 362]
  [  0 331 374  27 131  13  56 293 142 287 326  39 228 406 331 388 144
    50  52  68  21 270 119 374  80 299   0 305  44 118 368 154 213 193
   215 107 147 204 177 369 324 264 259  10 226 322 148 314  90 176 313
   301 248 366 281 159 296 241  23 378 206]
  [  0 161 225  85 179  33 365 295 105  28 225 406 359  54 237 124 359
    16 383 164 119 392 365 200 170  10  99   0 328 329 322 242 172 245
   166  43 259 184 332  84 159  50 111 288 379 100  67 397  61 135 102
    31 136 152 277 377 393 389  67 186 316]
  [  0 176 173 185 308 165  63 349   4 337 117 162  64 162  19 169 171
   330 394 124 229 120 176 360 223 258 328 238   0 279 361  54 280  33
   262 299 169  94  94 348  37 293 128 123 208  91  89  79 240 123 201
   217 139 344 142 122 253 334  13 318  51]
  [  0 100 145 280 171  45 336 377 353 241  78 123 214 103  16  44  46
   244 188 149 370 394   7 227 125  23 348 340 288   0  37 214  15 145
    56 278 251 191 345 119 156 236 215  94 186 245 198 214  10  84 122
   376 374 149  14  69 107  59 397  54  20]
  [  0  71  30  47 120 153  81  21 354 336 396  69 236 113 124 248 156
   332 243 175 372 346  13 350  92  48 157 356 271  46   0 302 263  19
   142 130 379  18 322 258 177 295 250 213   5 143  71 142 377 395  23
   391  49 234 152 188  95 364 316  47 111]
  [  0 273 335  36 342 165   4 162  31 206 143 238 103 285  95 117 360
   309   6 300 169 233 254 329 143 346  93 221 168 330 359   0 316 204
   252 199  82 174 215 309 293 243 362  94 233 292 137  14  56 259 249
   324 175 223 151 106  84 244 164 294 402]
  [  0 153 207 362 122 390 299 122 134 109 213  72 407 371 313  25  99
   183  77 209  50 231 365  56 201  55 298  31 148 262 153 257   0 386
   267 273 306 228 232 219 347 201  78 105 166 123 297 376 273 192  28
   112 220 117 302 289   9 224 182  27  74]
  [  0 145 333 291 240  10 326  38 276  49 112 400 266  58 143  56 269
   297 333 317 339  55  96 164 393 222  54  56 213 259 167 156 224   0
   291 297 304  56  67 319 314 343 339 115 288 127 180 291   4 367 380
    61  36 127  16 396 340 295  49 240 109]
  [  0 156 375 211 393 237  19 395 270 307 400 321  40 147 112  88 304
   323 233  57 323 149   3  36 253   7 109 395 132 225 364 361 258 355
     0  82 100 288 288  70 191 209 351  40 144 201  58 100 349 101 114
     7  74  41 277 310 258  86  34  27 257]
  [  0  26 219  48 306 142 329 293 351 318  80 119 101  19  48 253 267
   271   2 122  84 376 105 321 135 148 294  34 194  16 119  90 298  23
   256   0 276   4 350 306 354 407 297   9 208 252 104 323 161 288 221
   247 108 301 282 106 139 184 164 321  62]
  [  0  74 176  62 323 397 329 224 166 227 124 346 315 120 210  50 338
   211 290 407 319 318 142 153 158 256 218  45  28  18 266 111 329  26
   164 226   0 255 229   4 367 159   9 269  86 279 119  68 359 374 396
   197 386 335 384 378 275 385  88 177 308]
  [  0 250 156  61 133 351 396 359   9 117 142 311 369 394  95 205 384
   333 272   2 335  36 374 345 275 176 375 119  84 178 362 132 179 205
    77 108  81   0  73 367 227 317 358 210 104 253 337 294 333 248 392
   404 301 367  64 147 109  93 106 101 320]
  [  0 271 319 288 122  28 123  84 285 111 234 194 187 363 118  40 216
   186 357 152 137   1   4 331 189 149 394 327 315 160  96 168 314 275
   356 173  81 389   0 286 363  55  66 157  88  28 144 224 330 190 339
   385 167 209 216 288 304 117 378 401 270]
  [  0 147  48 381 374  37 260 266  41 358 203 234 392  54 215  50 169
   178 274 366 192  50 241 299  60 249 345 196  30 135 214   4 406  94
    48 206 340 256  98   0  30  33 327 198 169  15  18 271 386  20 207
   304 215 230 367 338  15 109 288 238 265]
  [  0 288 321 336 216  90  41  96 338 230   5 304 359 303  71 126 288
    13 250 266 350  70 274 357 170 314 174 104 316 211 247  60  83  54
   114 136  86 256 203 251   0 383 182 156 190 149 152 135 165 352   3
   272  48 313  63 284  17 145 205 101 321]
  [  0 229 265  88   3 116 110 207 211 380 158 286 145 129 353 371 218
   122 252 177 190 149 385  55 102 138 202  29 130  48 164   4  19 142
   109 360 305 150 161 232 324   0 329 169 389 335 401 358 365 404  16
   304 163   3 300 171  54 337 191 156  72]
  [  0 106 182 231 156  27  28  74   2 154 220 204  70  18 404 384 351
   345  78 324 145  21 407 318 187 202 241 107 338 373  35 364 203   2
   202  57 354 301  18 297 268  76   0 116  56 109 168 240  56 305  53
   239 169 201 281 222 213 144 140  70  22]
  [  0  30   5 266 197 182  71  27 182 269 406 179 251  24 141 175 131
   276 181 259 407 387 156   5 331  37  29 147   5 202 187 108 182 166
   215 366 406 244 341 257 305 217 402   0  30  72 403  34 208  32  40
    17 197 404 150 391  93 181  87  30 262]
  [  0 216 238 347 195 267  64  18 386 382 359 146   8 120 315 343 387
   219 222 248  45 145 159  43 349 329  90 142 177 162 253 215 352 365
   379 283 402  52 103 294 123 282 152  52   0 270 311  26  99 361 120
   189 385  93 398  90 112 161 149 126 259]
  [  0 207 274 401  18 176 175 173 220 363   7 406 204 184 119 329  41
   338 256   6 225 108 371  33 141 355 188   1  28 318 304 254 249 134
   158 160 290 226 299  98 133 139 347 210  65   0 366 105  29 301 179
   370 303 247 126 200  72 396 263 397 137]
  [  0 172 136 108  47 309  45  16 202  55 190  90 183  68 158 154 291
   313  49 361  96 402  48 249  59 407 171 166  98 205 161 144  69 175
   176 259 406 105 248 405 138 257   0   1 299 234   0 102 129 208 237
   341  35 147  41  87  76 390 200  82 129]
  [  0 188 102 266 405  62  55 261 146 144 213 240 277 193 144 324   3
   249 110  31 305 166 148 313 132 340  75 230 325 191  75 151 389 210
    15 289 125 368 242 182 268 215 227  85 296 317 232   0 310  98 296
   110 363 103 256 131 349  76 299 110 244]
  [  0 366 300  17  68 154 334  18 158 352  43  36 366 192   1 313  76
    30 351 292  53 255 226 321 356 155 155 354  36 214 351 100 307 225
   288 373  24  89 184 172 220 404  29 314  19 194  31 208   0  73 364
   259 263 230 208  88 166 356 382 328 388]
  [  0 370 210 333  29 202 165 140 119  71  75 196 241 344 307 195 342
   252  52 138  34  37  99 245 201  88 214 263 311 227  31  57  63 140
   262 193 381 331 190 219 322 407 320   5 118 285 350 121  29   0 112
   271 258 203  28 306 347 145 237 133 161]
  [  0 207 200  55 332 369  10 172  22  79 240 389 328 145 379  63 256
    42 322  64  18 302  78 134 372  34 109 234  34 167 401 130 142 222
   121  12 160 269 350 209 287 174  24 301  75  86  65  77 140 240   0
   332 134 194   3  41 393 198 262 282 258]
  [  0 143 204 238 330 300 346 226 146  38 256 145  87 300 232 338 274
    44 238  13  46 384  21 203 181 105  45 111 273 137 401 278 406 401
   184 179 295  49 171 281  93 375 318 124 288 222 174  57  50  95 397
     0  13 145 349 151 332 106 238 199  63]
  [  0 102 196 339 372 207 310 399 153  19 110  73 148 122  45 384 208
   336 350 287 233 184 198  75 407 262 100 170 337 358 405 153 278 374
   399 172 140  20 338 160 295  35 277 188 322   3 380   4 183 250 193
   199   0 124 373 148 219 245 355 323 319]
  [  0 259 292  58  90 339 118 275  20 335 159 362  83 103 141 395 260
   200 112 261 112 391 228  55 331  96 342 195  74  28 188 365 255 355
   360 176  57 352 330 272  87  42 349 106  84 328 233 275 217 328 143
   206  55   0 183  77 312 299  71  68 374]
  [  0 275 346 199 155 299 365 254 254 243  14 207 202 287 309 299 290
    34 339  44 301  10 387 392 245 213 234  65 128 345 254  98  36  26
   267  66  71 366 326 352  19 399  74 328  83  43 312 116 242 310 397
   293  99 407   0 273 214 161 152 345 126]
  [  0 341 169 342 373 224 119 235 339 172 321 267 239 231  84 324 305
   341  14 178  74 180  88 139 345 266  61 181  70  74 119  92 246 262
    35 249 373 398 128 318   7 173 222 331 184 214 360 124 299 234 315
   203 238 150 117   0 396 310 375  60 173]
  [  0  50 295  24  81 213 237 268 298 390 276 164 131 188 267 111  14
   187 345  47 217 218  22 176 195 351  53 320 180 125  74 222  30  13
   118 168 156 186 198  98 335 401  11 302 281 373  79 399 241 274 185
   216 389 219 167   0   0  51 317  22  50]
  [  0 163 313 383   2  17  25 108  35 343   8 345 107 355  47 364   2
   180  64  61 224 299 335 200 138  41 145 123 310  26 174 303  12 287
   267 305 219 223 145 345 246 290 181 152 252 362 155 172  93 209 319
   137  44  58  94 174 261   0  50 279 109]
  [  0 252 275 140 201 205  50 344 289 264 364 392  78 220 247 181 229
   228 287 357 364 393  27  43   5 102 134 119 265 394  32 140  36 282
   404 180 358 262  28 378 401   3 192 327 140 232 172 256 313 292 176
   390 282  90 164  24 170 102   0  64 349]
  [  0 103  24 109 115 376 102 122  60  36 277 336  60 144  87 211 253
    92 252  14  81 199  10  74 270 267 347 136 138  62 329 102 119 394
   301 262  39 385 191 286  56 184  20 293 135 111 382  12  73  25 148
   256 272 278 289 234  55 336 376   0  64]
  [  0 257 301 216 285 377  83 212 266 214 235 357  39 170 274 135  29
   298 230 143  25 206 369 396  78 407 374 270 388 288 203 364 190 189
   196 301 296 354 269  54 405 271  48 120 252 177 245 172 303 275  88
   102 125 211 335 353 286 154 242 111   0]]

 [[  0 172 213 208  31  53 167 342 303 220  44 147  40 341  12  97 382
    48 124 355 322 120 350 243 199 127 196 275 134 193 128 167 383 384
   165 339 236 129 133 172 316  89 355 266 126 399 161 331 115 132 213
   281 177  51 373 338 377 163 327 389 272]
  [  0   0 354  16  24 375 106 337  78 276 354 101 129 338 377 225  41
   230 213 186 196 225 336 237  89 184 331 244 169 300  59 383 133   8
   175 249  99  74  24 217 260  74 362 399 396 346  58 183  31 316  98
   155 143 110 114  64 340  67 245  69  52]
  [  0 102   0 137 386 133 365  82 106 234 252 310 213 390 241 372 315
   198 156   4 258  68 181  33 349  22 375 365 145 362 374 226 386 213
    74 173  11 232 340  85  22 407 258 275 350 307 238  36 130  22 132
   404  52 206 158  95   5 235 329 175 373]
  [  0  75 380   0 193 230 232 338 328 128 104 355 177 204 167 211 301
    55 218 392  15 244  52  83 256 131 333 229 392 152 188 205  78 350
   352 339 360 234  77  10 209  58 186 333 188 362 173 166  77 361 258
   163  26 183 140 114  29 289 350 114 300]
  [  0 186 397 146   0 361 357  63 218 332 138 331  84 356  38 356  80
   128  64 337  96 198 262  77   2 245   1 199 213  66  31 276 392  24
   303 398 364 312 238  39 274 364  91 403 216 228 102 311 181 273 331
    88 185 362 261 336 307 350  38 314 367]
  [  0 120 189 252  29   0 306 216 348 373 181 392 135 375  48 381 256
   363 169 224 224 178 221 294 124 187  37 246 122  31  44 217 110 386
    74 349 291 140 127 214 116  18 383  21 225 313 174 244 227  69 121
   267  31 115 155 128 221   0 100 140 150]
  [  0 302  72  95  52 123   0 223 389 307 124  31 275  47   5 332 213
   367 297 283  63 214  93 361 343 272 138 215 108  20 102 301 193 219
   280 187 129 166 304 179 290 107 149 314  38 209 107  36 133 219   1
   358 318 222 304 284 126 261 101 364 229]
  [  0 133 405 235 157 300 229   0 362 158 304 172 354  47 391  32 373
   137 285   0 372  51 139  84 149 397 146 377 207 339 297 103 366  47
   227 172 354 262 107 194  32  90 108  49  36 270 337 124 161  99 154
   219 356  92  53 361  50 208 304 285 239]
  [  0 222  60 121 333 160   8 238   0  51 322 178 127 110 310 116 264
   285 339 239 160 390  53 299 127 133 146 153 103 341 292 352 239  62
   262  44  35 167 198 188 374 260 394 125 161 148 308 241 319 272 152
   120 401 241 179 197 333 217 303 308 106]
  [  0 361  98 390  67 255 157  39  35   0 384 269 317 338 215 333 128
   370 230 113 354  31 136 364 364 401  27 350 255  97 375 388  95 302
   195  73  69 153 305 204   9 325 377 258 189 181 185 282  50 363  66
    62  80 273  66 309 145  95 342  50 164]
  [  0  57 343 229 213 215 208 359 152 281   0  80 352 199 195  21 353
   142 377 357  72  79 171  56 376  22 321 241 183  39  70 178 235 165
   250 262 403  17  70 276 359 118 300 133 361 372 327 402 217  64 169
   359  99 180 274 372 182  68  91  87 255]
  [  0  98 308 227 137 396 130  77  17 226 326   0 276 174 162 213 181
    96 259 329 272 286 111 195 263 367  23 128 176 309 251 341 316  80
    49 319 158  92 358 327 256 231  71 271 112 265 367 357 364 253 311
   376 220 218  19  19 383 265 285 124 151]
  [  0 275 211 305  21  61 221 338  71 173 329  71   0 378 291 160  78
   109 393  65  33 129  23 124 188 331 303 147 261 366  35  63  64  11
   230 211 237 206   8 271  62  33  54 195 369 334 374  66  76 112 208
   211 141 212 161 141 104 118 136 219  81]
  [  0 212 101  77 265 137 379 221  92 283 211 393 186   0 129 402 331
   405  78 308 110 166 136  80 106  48 154 275  26  86  14 127 384 251
   381  71 383 242 194  67 162 361 318  35 132 403 248  76 336 117  46
   274 127 198  17  76 321 235 131  38 288]
  [  0  67 263 104  66 318 270 353 130  99  45 320 318 180   0 189 380
    88 279  47 376 291  10  98 238  88 365 193 184 181 275  84 219 173
   126 231 328 279 204  39 335 276 319 220 124  43  27  53 307 174 269
   223  28  58 106  48 287  12 332  16 117]
  [  0 353 365 102  80   3 398  80 234 252  22 153 144 240  29   0 105
    53  71 171 209 163 234  94 331  26 197 130  82   5 203 370  66 369
    60  29  85 302 285 138 272   5 107 329   1 360 107  49  73  51 326
   219 375   0   0 244  53 159 405  98 324]
  [  0 231 242 126 391 269 269  83 355  18  49  62 190 349 144 224   0
    73 187   2 155  88  47 152 354 391 399  95   3 300  62  94  12   7
    40  15 123 335 264 315 110 127 193  76  51 325 298 206 247 225 239
   224 402 236 376 155   2 130 268  59 141]
  [  0 287  28 406 391 288  98 166  65  16   4 251 253 274 225 394 201
     0  90  32 276  50  88 118  45 365 243 407 244  63 115 182 248 339
   144   3 176 383 200 213  80 375  80  62 354  56 349 284  24 356  73
   214 101  98 205 241 153 328  17 363  48]
  [  0 296 260 221 323 407  43 163 164 223 362 244 164  71 272 246  21
   204   0 225  47  92 201 228  96 251 401 357 141 280 201 199 205 156
    99  38   8 232  97 175  91 402 214  98 135 307 363  51 238 360 312
   213 120 145 124 116 378 380 365 402 210]
  [  0 129 184 324 182 141 359 272 289 216 137 149 323 356  86 334 240
    86 272   0  99  58 343  43 136 259 370   0 161 269  46 397 139  15
   180 210 330 299 124  92  37 109 267 259 355 330  38 133  15  71 284
   235 160 236  60   2 226 372 120  20 291]
  [  0 233  18 318 186 125 369 193 109 309  27 122 301  78 194 209  11
   376 147 372   0 376 139  33 391  43 213 351 296 239 190 118 343  35
   113   2 340 407 280  34 164 121 313 172 257   7  38 213 190 348 172
   352 382 291 291  19 115 387 351 407 365]
  [  0 256 152  32 308 369  18 129  90 137 327 366 239 269 239  56 111
   371 337 360 298   0 354 186 244 404 156 295  75  46 217 127 300 228
   262 385  12 167 230 372 118 188 245 350  16 245 183  95 165  30 388
   341 380   3  81 161  99  45 144 166 126]
  [  0  81  49 104 254 227 233 289 185  58 343  22 257 370 401  31   2
    87 162  15 228  27   0 158  19 273  11 197 231 240 162 342 384 244
   250  57 254 193 118 135 298 248  40 290  13  21 133 143 349  48 109
   140 210 198   0 156 211 362 328  62 105]
  [  0 332  70  94 318 380 399 117  90 182 189  55  10 193 390 276 244
   260  37 295  93  46 173   0 247 205 256 269 303 357  88 405 316 173
   372  33  89  72 167 357 311 208 343 137 328 287  72 395  18 112 299
   373 150 148 250  85 291 130 184  93 278]
  [  0 294  81 336  73 383 153  31 185 394 111 182 289 381 142 105 239
   344 271  96 175 280 298 399   0 284 390 161 176 115 355 138  34 193
   199  55   1 228 196 334  69 284 278 304 245  83  14 279  21 407  57
   362 391  76  23 273 240 312 290   7 203]
  [  0 403 336 283 266 236  30 369 305 179 107 189 283 256 118 166 368
   251  84 383 400 102 137   8 401   0 336  79 341 280 190 202 320 366
   268 288 242 399  79 328 279 145 234 307 108 165  78 262  76 113 347
    11   1 264 234 165  70  39 254  92  37]
  [  0  98 191 359 104  22 146  68 380 303 281 316 167 404 257  31  11
   115  15 231 391 112  91 102 152 119   0 293  32 129 180 310 251 187
    57 255 348 286 272 260 298 248 116 258 242   7 151 304 330 248 384
   255 137  53 361 295 295  15  58 354 323]
  [  0  84 193 171 379 332 321 177 147 226  66 331 370 106 182 242 238
   101 277 405 116 335 260  95 321 359 392   0 348 315 182  46 190 281
   324 311 191  44 290 222  84 294 272   9  12  52 288  74 285  70  42
   144 333 219 225   6 343   9 345 280 267]
  [  0 140 186 383  22   0  46 110 321  27 193 167 173 186 301 235 106
   115 269 240 125 406 399  34 401 147 379 356   0  88 246 212 366  10
   236 323  51 227 111 290  74 222 192 216  17 385  67  79  86 300 129
   251 188 114 128  87 122 214 306 222 331]
  [  0 360 121 291 273 142  57 364 153  92 251 386 209 188 161 391 107
   391 300 188 344 336  28 378 322 385 260 260 200   0  62 369 270 257
   195  89 185 402 128  57 359 185 139 324  42 145  70 260 298 186 146
   231  88 228 200  17  63 373 403  75  16]
  [  0  46 228 191 145 287 301  12  87 132  65 390 292 173  32  46 323
   160 319  12 105 261  19 377  21 375 322 123 137  47   0 131  10  88
   272 175 172  16   9  63 370 161  45 381   3 268 176 325  82  97 237
    97 128 387  71 213  83 366  33 241 369]
  [  0   2  76 104 148 405  53   4 329 342 393 116 259 304  61  23   4
   388 293 322 258 173 154 230 255  56  15  69 108  46 144   0 379 330
    35 114  75 264 184 278 352 245 389  18 126 256 214 339 129 169 132
   130 113 263 119   3 233 280  11 207 178]
  [  0  85 215 336 360 130 282  65 373  54 285 135 167 267  54 367  38
   337 357 380 378 281 104 396 242 247  79 176 247   9 105 329   0  18
   204 319 102 145 301 216   3 299 354 404 282 386 144 282 267 190 295
   403 205 320 100  48 230 373 292 333 351]
  [  0  68 116 148  74 146 326 151  83 362 184  80 107  12 371  30  34
   344 404 393 139 201 169 396 230 282  46 186  13 304 142 347 277   0
   198  54  52 122  61 222 348 372 308 130   8 101 197 239 192 327  11
    41 314 381   6 278 212 236  96  22 186]
  [  0 150  85  44 339 194 225 380 292 122 304 204 174  50  62 373  65
   200 325 170 221   0 398 281 246 108  35 355 300 272 307  50  38 381
     0 188 320 130 294  19 228   6 324 131 159  72 208 221  53   0 134
   139 375 286  29 383 361  31  63 380 171]
  [  0 315 329  57  29 313 124  93 243 224 388  77 342  92  78 344 356
   372  80 211 289   8 282 145 393 339  23 314 397 243 163 139 272 239
    60   0 269 400  93 146 236 280  30  58 345 125  19 254 397 399 270
   375 336 203 356 209 157  40 258 262 328]
  [  0 140  53 364 233 288  75 344 255  29 194 181 240  18   7 197 267
   245 388 385 209 237 378 345 157 166 405 128  36 359 187 217 295 392
   134 262   0 156  50 304 273 233 262  81 272 357 288 145 244 338 332
   253  28 377  77  46 290 373 378 370 309]
  [  0 385 276 102 201  45 276 312 299 114 162 211 110  31 388 383 280
   194  98 326  38 287 152 202 405  80 115 266 155 217 261 320 190 327
   225 212  82   0 130  44 263 149 279 106 173  13 302 141 344 259 358
   386 316 152 104 125  77 364  44 201  55]
  [  0 404 229 208 311 288 223  10  19 321 161 371 128  96 105 173  93
   356 233  49 169 374 317 200 140 176 226 260 110 352 348 169 250 161
   336 102 107 381   0 261 167 253 281  42 289 380 240 248 170 288 163
   281 295 400 152  47 234 292  63  56 407]
  [  0 165 388 110 345  96 401 396 367  65 181 242 250 281 283  70  60
   255 302   1  27  69 179  23 306 286 160 218 264 264 208  53 373 378
   321   5 187 252 346   0 173 303 194 323 362 397 345 283 151 126  18
    82 125  87  81 287 393 271 331 228 239]
  [  0 250  66 157 267 149 348  86 393 218  44 139 388 118 361  73  90
    92 208 176 159   7 218 112 316 277 374 394  20 123  87 258  95 173
   217 193 322 161  49 179   0 307 324 262 388  25 223 157  15 205 117
   166 295 397 298   9 372 224  72  85 153]
  [  0 319 191  80  34  87 342 321 273 148 256 237 122 259 310 289 375
   312 262 148  82 153  44 142 406 399 404  20 121 174 285 158 216 299
   321  23 269 167  78 120 332   0  98 299 364 344 203 230  17 223 287
   293  50 283 271 242 334  35  61  39 349]
  [  0 406  53 311 164 244  75 113 352 217 319 228  62 347 386 228 272
    35 266  39 181  87 112  21 362 346 399 331 157 365 298 344 144  25
   242 175 191 192  64 238  63 312   0  32  53 242 339 133  96 251  77
   286 148  83 246 211  52 146 218 360 395]
  [  0  24 397 156 240 346  82 374 388 195 301 233  81 121 306 213 364
   318 140 302 129 140 227 224 372 147 302 282  65  21 225 350 244 121
    48 214 294 161 237 167 107 127  27   0  29 185 237 398 149 246 303
   356   2 295 169 236  55 326  77 249 315]
  [  0 235 162  49 344  53 304  62 261 350  71  53 297 319 279  47 352
    84 391 207 171 363 365  38 369 230 362 227 181 313 196  88  32  25
   402  31  31 328  93 128 109 120 155 236   0 265 232  25 129 173 131
   206 295 136 195 216  33 128  46 242 320]
  [  0 157  77 319 352  63 110 153 285  42 182 322 100  50 368 334 235
    85 198 194   3 294 192 355 342 366 396 341 184 247 233  16 206 391
    24 273 119 171 202 158  40 221 134 229 308   0  42 209  23 278 189
   261  29  29 390 394  34 194  56 301 212]
  [  0 315  18  78 400 143  37 404 403 307 230 403 397 224 142 344 129
   344  48  40 351 341 390  51 354 207 360  52 157 257 172 386 282 127
    58  62 398  89   7 269  48 361 290 214 399 387   0 308  61 222 131
   362 268  20 383 171 261  88 363 308 217]
  [  0 171  17 151 101 171 373 302 244 403 183 381 292 203 177 394  27
   393 108 387 220  99  23 136  95  39 169 291 326 403 281 145 374 165
   389 126 139 233 372 174 108 166 266 112 150  78 292   0 275 405 400
   192 163   8  39 137 292  62 286 258 241]
  [  0 316  81   8 367 258 383 113 391 371 139 203 371 193  18 138 254
   369   5 317 275  11  24 149 124  12 214 129 339 131 132  30 105  65
   200 280 168  45  99  63 134 401  70 184  17 301 222 351   0 217 259
   136 394  75 211 139 282 197 297 189 184]
  [  0 378 339 213 111 205  39 279 208 312 207 402 131 401 373 101 177
    48 394 193 173 188 361 394 257  91  21 320 124 324 323 307   4 235
   339 266 167 287 224 332  75 136 123 262  72 377  77 149  10   0 282
   311 264 193 148 136  55  76 112 274  64]
  [  0 388   8 304 406 189  66  74 223 314 181 364 116 171 105  41 402
   210 146 388 291 286 353  60 386 165   1 264 367 104 183 245  71 372
   321 176 305 132 111 265 288  83 198   1 320 240  92  53 205 189   0
   213 147 324  28 367 165   1 124 198 113]
  [  0 290 109 286  39  40 111 304 100  50 391  34 252 327 190 385 343
   150  20 173 149 291 165 395 370 154 270 314 156 359 266  99 145  61
   171 250 242 321 182 395 394  47 336 396 299  96 335  52 310 164 229
     0 167 131 320 149 179 233 105 321 353]
  [  0  32  19 210 173 270 383 153 232  10  96  94 261 296 367  55 400
    89 250 231  70 118 388 204 217 235 323   0  69 219  56 400 125  80
   403  19 171 222  64 272  49 221  47  74  35 403  15  26  98 173 288
    37   0   2 210  14 296 401 177 261 311]
  [  0 178 300 214 137 191 260 105  71 357 178 203 137 279  77 248 221
   129 156 339 180  57   7 201  10 386 315 153  71 161 250 249 357 236
    34 275 368 247  11  93 212   1 245 327 397  95 130  91 250 180 191
   274 118   0 287 399 390 102 122 235 236]
  [  0 399 349 335 393 184 336  42 121 218 355 346 122  97  80 230 152
    78 163  87 397 300 201 247 156 301 311 279  52 177 253  43 173  88
   201  53 367 318 397 184  26  81  77 203 266 325 144  45  43 125 178
   148 315  16   0 226 328   5 228  85 379]
  [  0 153  56 168 190  59 268 124 322 235 112 378 266  85 333 200 285
    40 268 308 244 230  61  94  61 350 190  52 270 391 130  81 383 182
   310 192 118 154  56 104 355 226 390 371 228  82 181 192 166 167 299
   372 393 152 378   0 175 297 230 405  73]
  [  0 144 156 221 119 312  75 365 198 213 233 392 370  95  44 305 282
    86 227 107 403 208  80  40  43 260 151 132 182 209 137 195 369 345
   262 119  19 184 191 241 386 100 215  32 315 121  36 238 314 220  18
   319 228 297 381 115   0 233 211 311  95]
  [  0 129  16 153 112 225 299 235 261  64 371 108 337 267  57  78 257
   229  88 284  60 164  73  80  85 359 372  74 209 158 317   0 149 108
    32  44 142  92 282  87  66 194 309 103 216 188  13  62  32 337 249
   249  27  89 241 132  94   0 364 163  15]
  [  0 399 219 305 311 297 252 191  39 277  77 374 279 122  32 189 198
   273  53 345 159 192 317 302 295  88 306 385  41 289 195  85 269  13
   197 234  44 162 381 158 118 398  29 222 170 110 238  86 275 192 130
   161 282 374 137 277 300 326   0 303 167]
  [  0 176  80  56 307  17 403 316  21 337 146 274 268  49 347 234 303
   205  10   7 176 197 285 135  20 274 175 236 199 232  79 380 359 121
    90 397 321 256 296 277 401 370 309 161 397 170 390 392 124 185 282
    55  84 332 224 344 136  88 241   0 281]
  [  0  62 399 155  83 332 190 266 134 401  43 251 350 184 298 359  70
   149 308 174 373 295 268 153 316 313 144 319 298  52 173 254 166  80
   381  61 100  51 339 162  70 186  19 351 294  29 346  76  89  98 395
   322 336  13  96 178 175 277 273 319   0]]

 [[  0 266 107 337 163  56 174 352   5  79  20 394 280 347 244 264 184
   175  32 298 267 195 390 210 315 114 272 399 241 139 138 362 212 259
   247  70 234 320 178 251 368  12 152 199 192 213 119   4  50 224  79
   260  82   6 183  58 365 401 380 402  90]
  [  0   0 400 348 169   4 342  41 341 103  78 400  15 387 194 165 259
    82  92  27 118 365 214 206 189 200 180  33 339 276  97 351 346  80
   390 151 167  66  38 282 348  46 366  41 364 105 220 332 168  51  68
   176 298 285  10 280 208 151 169 407  74]
  [  0 113   0 141 154 292 309  11 229  16 234 295 330 120  99  79 216
    36 197   0 191 401 251 347 343  27 335 187 260  53 190 106 167 195
   258 151 211 313  60 183  59 171 389  87 226 170  94 253  41 322 365
    93 165 278  45 332 327 241 340 205 117]
  [  0 173  45   0  98 162 307 231 333 217 377 199 404  24 107  84 178
   225 297  78 367 270  93 121 164 255 292  48 299 348  70 331  18 241
   314 326 308 107 282 169 392 373  21 327 228 104  88 365 257 366 219
   371 341 274 131 333  31 275 405 161 142]
  [  0 152 130 100   0 360 389 324 366 204  30 230 314 292 177 329 357
   106  90 286 395 389 364 385   6  83 385 324 242  91  17   7 132 147
    48 112 218 101 262 212  33 378 109  45 207 386  85   4 343 236 206
   372 270 117 252 124 312 291   0  84 390]
  [  0  38  31 106 214   0  42 297 141 256  71 144 363  17 244 301 310
   402 214 206 186  67 342 227  68 351 236  98 223 394 217 312 218 247
   396  20 381 226   0 188  56 256 345  21 208 198 178  54 189 232 185
   371  91 326 301 362 368 211  38  64 159]
  [  0 199  33 253 347 393   0 312 236  52 240  67 112 331 388 317  50
   203 246  45  60 362  58  26  84 384  56 351 271 380 232  90 247  95
   188  63 366 339 182 394  61  74  11 232 389 299   7 345  62 167  34
   348 238 222 217 201  18 380   9 393 329]
  [  0 405 362 169 109 163  57   0 136 191  61 362 243  73 155 109 314
   285 216  73 255 344  20  87  53 285 368  55  32 364  92 122 289 319
   211   7 358 353 106 389 401 311  68 273 319 101 250 373 164 331  14
    48   0  10  32 201 250 288 249  50 280]
  [  0  77 152 277 122 401 280 382   0 139 316 333 317  92 241 171  99
   151  21 229 384  65 150  77 161 137 171  97 114 321 282 249 311 129
   292 233  25 297 392 144 394 346 181  59 342 348 122  93  59  29 385
   202 119 308  74 126 359 184 401  95 133]
  [  0 156 333 245 231 263 316 220 350   0 275 144 360 198 127 326 145
    28  99 308 357  15 274 230 360  25 190 153 153  48  80 249 105  58
   273 140 170 252 110 357  48 232 389  14 279 355 194 321  14  93 148
   198  74 207 188  93 243 376  97 343 308]
  [  0 119 337 158 224 269  95 140 401 210   0 166 108 135 264 364 215
   407 230 305 345   0 393  97 245 376  71 256 283 351 237 290 238 328
   339 271 152  35 371 107 301 134 251 279 221   0 102 150  40  23  90
    37 102 267 279 395  44  44 194 276 336]
  [  0 366 151 399 302 397 233 379 356 329 344   0  80 341  48  66  84
   113 284 181 294 229  44  25 190 259 407 127 292 342  45  88 347 402
   312   6   4 373  79 281 116 220 353 148 354 127 333 129 181 120 132
   279  21 116 170 289 252 236 378  28 164]
  [  0  57  18  56 369 246 371 380 210 337  36 356   0 315 244 358 309
    28  65  35 350 205 343 334 147 401   0 161 323  16 123 212 148 298
   114 318 312 117 160 251  39 180 287 292 106 219 357 176 168 255 364
   252  66 134  80 198 227 114 248 268 288]
  [  0 161 280 156 320 321 371 402 238  89 370 360  23   0 282 300  96
   212 334 149 131 324  68 388 135 156  12 170 122  14 349 182 388 162
   365  48 391 326 286 301 398 284  19 140 224  42 231 381 301 366 143
   172 300 254  97 169 232 199 357 299 148]
  [  0 392   7 395  60 274 184 360 295 373 258 122 286 396   0 325 202
   129 295  68 118  68 312 127 313  43 213 237 142 168  83 209 225 272
     8 275  75 134 181 224 288 299 130 261 119  54  25 117  47 336 121
    72 404 185 173 219 407 117  35 270  30]
  [  0 209  19   7  78 402  96 277 314 195  58 168 244 104 308   0 329
    43 388 283 224 200 254 327 303 320  83 172 255 348 151 132 371 119
   292 272 282  77 185 302 258 332  32 153 216 153 387 264 274  96 121
   338   9 301 329 358 284 180 286 189  87]
  [  0 244  36 252 356 261 219 301 370 290 175  92 201 354 397  14   0
   186   3 157 241   8 366  82 341 236 317   4 238 160 395 378 272 370
    24 204 393 260 315 183 163 335  34 141 380 275 299  97 351 133 187
   163 228 117 280 340  13 299  61 200  79]
  [  0 132 257 137 326 314 142  50 268 121  85  46 180   2 160 180  83
     0 350 166 364  73   7  41 331  36 401  89 316 185  40 328 258 204
   278 376 193  95 245  21  88  23 140 382 354 210  91  95 280 288 336
   208  51  58 376 291 372 351 106 148 284]
  [  0 302 258  20 345 294 115 280  66  46  43 235 372 324  11   6  15
   164   0 343 219 401 274 342  14 339 283 153 285 330  89 112 195 151
   273 190 300 367 302 250 259  72 326 346 377 383 200  58 258 297 212
   264 328 367 337 138 343  73  39  85  59]
  [  0 402 141 342  56 325 316 373 386 294  27 338 226 389  89 277 164
   327 297   0 399 276 146 207 393 324 361 307 389 254 239 105 119 265
   339  87  14 152 109 198  11 213 219  72 285 117 125  34  16  22 300
    71 210 159  82  16 177 202 275 358 270]
  [  0  14 346  47 247 365 180  44  10 304  22 197 313  89 354 109 191
   247 389 375   0 185 182 162 317 230  67 206   4 166 100 356 331 232
   246 313 127 220 240 128 369 349 199 222 365  78  46  84 373 292 339
    20 234  72 288 271 249   7 351 261 187]
  [  0 107 310 186 402 350 208   0 271 393  53 197  97 293 172 115 125
    50 369 253 322   0  57  26 343 393 194 271  94 369 127 330 252  34
    57 375  37 108 287 255 116 405  34 196 350 310 333 348 336 168   4
    50 147 259 168  67  73 159 345 368 210]
  [  0 259 288 245 176 346 174 122 265 360  96 360 278 137 221 388 193
   267 320 125 381  94   0 395 386 150 162 170 312  93 283  70 172   4
   332 278  74  25 218 359 385 202  51 259 385 248  67 312  58  13  66
   308 401 120 175 139  42 310  61   8 267]
  [  0  80 292 316 168 137  16 140 213  62 286 129 339 123 372 387   7
    21  87 397 109 275 298   0 285  64 142 126 188 192  67  91 324 384
   219  15 212 276 347 374  85 382 259 159 106 308 373 328 172 375 314
   100 399  63 309 370 317 276 181  53 357]
  [  0 231 111 366 172 296  27 254 390  32 237 255 209  27 263 334 388
    65 211 265 115  88  61 253   0  23 170 300 232 163 254 148  70  77
     1 242 235 133 118 162  46 331 383  95 383 119 248 259 341 160  37
   189  57  56 210  21 350 191 222  40 121]
  [  0  86 138 297  62 305   4 100  27   0  60  18 373 380 195  12 193
   248 149 312 104 249 163 147 176   0 177 127  53  17 135  98 297 288
   383 274 398  33 115 274 347 359  70 312 311  40 261 216 320 213 153
   369 230 146 330  90 150 374 292 170  50]
  [  0 210 197 258 365  55 322 293 210 307 193 264 118 403 275  84  26
   288 295 374 272 232 322 231 229  20   0 328 107 310 278 301 310 337
    43  71 100 382 309 313 180  73 120   9 402 333 201 286 370 173 370
    44 345  20 151 290 235  24  27  95 279]
  [  0 123 135 119 141 280  18  91 367   2 214 394 304 227 299  85 253
   358 161 133 316 346 261 288 350  62 101   0  41 295  51 292 235 359
    58 120 258  74  82 382 193 336  54  84 398 174 191  71 195  93 378
   323 300  76 203 122  69 149  70 273 390]
  [  0  76 165 148  37 289 107  49 244 397 284  17 114   7  38  80  62
   399 181 361  51 124 407 135 115  33  57 244   0 291 221 168  80 305
   369  29 308  10  62  30 263 406 246  76  57 131  80   3  92 333 401
   150  49 162  94 122 211 257 314  84  94]
  [  0 113 128 341  42 319 254 239 259  48 328 282 232 113 240 111 221
     4   0 227 249 222  15   0  84  43  34 283  17   0 378 167  54 353
    29 168  47 214 376 308 181 252 325 383  38 209 246 241 218 223 330
   102  35 328 266 140 401  65  12 156 270]
  [  0  91 137 269 336 203 390 275  45  13  67 365 307 295 240 166 191
   276 125 183 305 289 151 313 303 307  46 262 106 367   0 120 380  23
   359  73 265 306 124 188 369 378 154 259   1 260 125 287 235 148 189
   389 290 350 223 217 279 243  65 171 219]
  [  0 223 400 153  92 207 404 406   6 363 244 235  91 172 401 128 249
   342  45   8  15 277 133 321 243 128 392 165 116 332 276   0 125 107
   312  96 371 394 405  58 292 295 284  31 362  91 123  83 288 215 227
   400 124 316  93 107  18 242   8 177 220]
  [  0 247 285 336 287  93 311 289 294  52  64 229 136 233 174 396 378
   317 322 337 258  63 115 403 148 347  69 320 304  59 390  44   0 256
   180 230 377  31 235 371  14 355 133  23 274 195 246 219 160  56 359
    42  41  56 259 240 290 115 295 265  73]
  [  0 328 342 128 153 110 381 167 188 271 345 230 318 186 398 146  51
   238 356   7 288 186 308  97 310 188  92  78  84 297  35 224 349   0
   217 289 183 376 260 106  56 152 291  49 271 394   4 272 244  49 147
    47 407 153 281 235 385 316 361 359  31]
  [  0 307 375 372 281 197  94 201 392 115 290 273 141  44 336  33 386
   241 354 339   3 207 134 296 167   3 383  19 142 147  27 262 230 101
     0 273 191  97 123 328  71 250  50 173 198 330 401 358 237  58 115
   101 135 116  96 243  84 254 393 308 376]
  [  0 321 255 340 210 196  96 202  35 291 159 267 326  77  97  35 101
   176  58 100  25 148 321 309 320 383 152 289  93 176 262 187 161  94
   251   0 141  81 241 151 120 256 373 148  40 328 312  83 353 307   4
   319 250 194 406  25 185 100 121  74  72]
  [  0   4 405 187 321 335  80 249  15  27 269 356 136  16  81 315 344
   334 241 316 166 160 387 269 219 185 217 169 395 354 226  33  38  58
   380  26   0  21  14 239 280 126 156 206 201  97 299 247 244 177 174
   338 400  76  14 100  32  90 258 212 247]
  [  0 281 205 231 235 165 379 216 306 273 379  85 206 188 173 263 310
    89  12 317 283 238  74 303 328  98 318 382 356 399 317 267   9 240
   194 184 388   0 398 323 341 345  73 295 253  25 386 381 139  37 297
   236 171 384 111 317 216 152 378 161 296]
  [  0 295 243 358 359  99  33 255 290 212 172 247 189  74  24 250 382
   285  41 337 325 272 325  20 222 274 310 164 235 125 291 256 152 188
   132  82 149 397   0  61  89 110  23 257 378  31  89 200 272 108 123
    75 291  17 204 140 159  19  81 175  51]
  [  0 208 312 330 121 403 366  36  39 165  89 337 284  66  24 381 122
   333  80 157 334 145 158  61  73 106 299 128 244 405 165 261 161 187
   395 272 371 155 386   0 124  76 120 191  15 246  97 133 196 199  94
   247 206 270 129 405 134  82 247 347 290]
  [  0 160  44  60 315 285 348 298  58 288 333  61 315 274 169 330 372
   179 130 208 247 289  91 217 318 186  26 144 129 169 270 300  96 170
    94  94 151  99 104 304   0 251 328 193 109 109 222 167 270  62 390
   353 257 385 396 189 225 117 330 360 151]
  [  0 296 150  36 254 244 138  61  61 157 212  73 214 390 355 319 263
   303 211 283 101 236  76 394 166 257 370 361 213 153 403 378 129 263
   217 307 212 353 237 283 256   0 331  47  28 247  12 295 303  88 179
    90  82 136  66  23  80  93 308 273 328]
  [  0 145  81  84 223 337   4 308  11 328 362 382 255 387 135 177 309
   316 233   4  55 330  85 368 215  74  14  68  60 159 174 160 125 144
   216 217 378 381 144 315 238  48   0 198 226 358  67 338  82  87 249
     9 243 392 141 390 280  88 146 110 384]
  [  0 291 217 123 157 157 143 385 204  79 109 216 208  51 320 133 399
   259 318 126 366  18 334 368 366 102 344 234 350 229   7  72 351 104
    27 269  40 377 111  98 124 208 282   0  43  80 179  73   2  85 230
    84 224 271 181 265 190 210 338 304  44]
  [  0 194 271  89 139 166  48 102 200 303 327  69 260 360 323  49 296
   138 282 162 225 379 312 125  96 381 219 143 392 302 253  69 392 343
   230  69 115 201  79 320  14 258 272 358   0 164  39 351 184 247 301
   189 167 232 371 150  79 287 165 366 299]
  [  0 100 275 394 255 174  76 371 204 275 163 160 293 269 173 360  26
   349 295 107 404 123 344 191 243 145 102  75  45  88 234 142 279 215
   297  80  79 142 363 105  71 204 141 174 151   0 404  42 397  27  91
   166 143 352   6 128 276 362 327 369 403]
  [  0 167 364 282  27 203 146 247 353   2 314 297 194 368  66 378 356
   160 348  95 212 119 386 271 294 170  60 362 406  53 153 201 266 257
   144 321  52  36 331  56  18  96 189 251 261  73   0  83 166 350 402
   115 106  46   8 249 277 356  98 293 147]
  [  0 402 306  35 223 378 202 310 390  56 374 233  19 387 172 283 236
   182 200 172 397 144 228 395 133 169 166 281 124  18  89 103  71 181
   361 237  53 113 134 390  87 160 111 298 239 226  98   0 407 127 264
   270 235 253  15 298  73 215  79 181 160]
  [  0 169 125  33 402  71 104  43 255 148 347 322 262  75  87  70 334
   226 234 248 394 177  55 345 339 225 339  42 394 276 185 392 175 406
   171 173  45  46  84 133 183 154  69 128 278 297  84   9   0  64  91
   117 151  19 275 115 352  35 379   3  78]
  [  0 252 139 246  96 362  45 290 387 245 227  20  33 177 380 268 174
   147 112 204 342  86 379 335  45   6 217 328 237 260 341 243 116 103
    10 253 179 384 318 362  24 174  17 217 348  49 390  77  44   0 162
   101 367 148 230 203  89 197 231 262   3]
  [  0 264 182 297 295 287 316 192 209 283 371 162 316 146 215 406 268
    93 253 299  30 188 312 126 383 306 233  62 403 278 394 159   4 145
    30 110 293 150 155 281 365 287 374 398  25 357   8  69 180  77   0
   368  12  60 391 256 385 357 285 241   7]
  [  0 378 100 155  59 362 356 195   1 316 134  29 153  55 399  64 256
   284 310 302 122 186  36  15 251 251 156 345 195 250  98 150 116 296
   338 245 328 295  42 329 371  89  74 153   2 219 140   6  65   8 225
     0 337  65 169 150  84 249 200 107 402]
  [  0 217 234  58 288 364 126 224 102  14 249 368  83   4  77 124 184
   400 178 306 335 260  67 374 407 284 139 336  56 177 186 289 315  87
    79  99  53 139 354 335  77 126 322 301 187 272 112 182  64  21  97
   213   0 116  92 176 131 323 102 244 383]
  [  0 127 201 164 208 312  88 319  44 156 112  60 152  51 357 182  95
   247 284  53 159 400  49 245 327 324 112   4  57 397  50 157 166 402
   288 149 251 262 324 226  58 383 264  92  81 165 253  13 143 265 137
   195  97   0 239 350 290 115  74 186  53]
  [  0 118 321 269 400 327 284 361 274 250 276 236 260  48  80 304 368
    54 223 216 170 202 147 378 233 303 297 191 287 327 329 117 165 353
   309 172 331 186   9  91  64 159 111 329 330 133  63 276 268  58 293
    19 347 257   0  55 223 343 267 143 178]
  [  0 175  85  57 344 227  40 109 310 297 125  77 215 366 239 206  46
   212 407 101 316 294 371 369  19 380 295 373 220 161 372 312 248  71
   354 405 201 322 400  36   6  44  99  66 235 187 157 320 352 332 229
   250 220 245 208   0 273 313 333  45 107]
  [  0  62 155 183 207 270 343 132 225 287 257  40 386  81  90 183 285
   167 326 256 283 381 312 188  56  64  85 301 293 284 283   7 247 162
   106 122 332 204 163 256  95 316  91 318  50 135 392 378 255  52  99
   216 393 114 362   5   0 234 213 221 373]
  [  0 140 315 336 119 242 173 309  85 363  25 289 291 137 190  30 166
    87 297 337   5 142 101 209 149 205  32 230  79 328 122 280 327 397
   325 384  63 209 395   6 230 375 263  68 370 273  69 377 103 100  93
   113 381 349  60 294 196   0 330  89 126]
  [  0 303 406 296 252  48  72 266  58 364 101 403 283  99 146  93 393
   151 336 205 258 333 280 173 381 340 174   7 281 356   1 362 235 294
   103 263  20  85 209 192  41 314 115 159 303 180 238  54 272 312  81
   220 196 193 395  61 161 313   0 104 141]
  [  0 237  29 236  21 105 298   5   5 390 153  17  65 368 285 388 195
   247 325 141 361 108 188 127 253 260 328  23 320  70 388  40  73 269
   178  50  97  85 238  41 139 355 253 329 166 231 187 175 269 390 249
    92 174 302 387 282 108 359  41   0 332]
  [  0 371 210 225 194  85 343 334 134 114  74 113 357 125 368 208  28
   263 100 277 331 161 382 227 299 251 268 228 406  69 192 267  70 364
   211 179  60 191  20 197 198 197 247 348  66  77 316 157  56 103 152
    91 380 171  72 225 333 293 198 138   0]]]
release_time
[   0   56   73   54   76   57   65  125   13   65    9   74    8  126
    3    9    4   89   35  117    9   30   51  694  119    8   64   28
   54    1  104   39   37   62    0    8   28  107    9   47 1610   25
  913   93   57   37    3 1180    5   85  112   19    1   80   70   25
   83   83    2   49   11]
due_date
[   0   87   88   71  142   71  133  162   57  137   78  161   42  137
   63   42    5  137  145  148   19   56  122  728  127    9   78   31
   93   21  164   93  144  141   47    8  127  126   30   50 1642   64
  991  158  118   41    9 1247   13  147  116   42   10  133  120   55
  142   97   83   89   44]
unit_emission
[ 5 20 15 17  7]
emission_limit
34106.6
setup_severity
2.0
due_tight
0.9
due_range
1.0
release_tight
1
degree_constr
0.2
