mach
5
job_rate
12
weight
[ 0  5  8  1  5  8  6  7  3  2  2  7  8  1  2 10  2  3  8 10 10  9  9  1
  8  3  6  6  8  2  8  6  9  9  6 10 10  7 10  9  2  6  3  5  1  8  1  2
  1  8  5  7  4  7  5  7  7  1  3  9  9]
proc_time
[[  0 105 138  91  66  80 122 141 107  88 142 102  53 132  53 110 150 145
  113 119  87 103  92  53  90  99 115  81 133  70 141 122  61  66  53  53
   69  93 144 126  59 110 142  68 140  83  85 111  82 103 101  54  76 118
  104  76  68  79  95 144 133]
 [  0  89 112 107  95 114 121  97  55  91 114 121  95  61  58  76 121  71
   72 107 144  99 135 125 110  86  80  89 129  85 114 145 120 137  61  99
  142 101  96  81  81  51 120  82  76 120 106 141 135 123 149  56  96 127
  150 101 132 139 133  62 123]
 [  0 110  81 117 103 109  58  78 127  73 100  63  91  64  85 141 125  61
  136 137  98  71 111 133 128  55 144 115  61  82 106 129 136 124  70 149
   50 122 129  71  69 144  76 139 116 140 149 148  87  66 118  90  89 115
  133  65  57 115 129  63 145]
 [  0 128  67  70  66 105 123  52 115 102  85 123  97  76 131 120  99 116
   96  56  72  53  50  72  51 142  56  80 131 143 105 106 139 110 141  68
  124 102  70  54 138 113 113 143 106 117 115  82 135 106  51 135  94 118
  134 145 108  98  81  71 118]
 [  0 128 131  54  93  53 124 121 126 149  91 111 123 144  92  99 146 137
  136  64  84 127  80 150  63  78  70 141  53  84  51 138  61  70  78  94
  101  70  84 100  65 150  78 127 115  85 107 120  66 146 112  72  78 138
   67  87  94  85  86 128 139]]
setup_time
[[[  0 273  52 201 335 397 253 216 195 210 303  28 147  47 342  60 119
   143 389 161 222 392  12 307 312 202  71  95  62 358  84 213 161  99
   144 121 193  75 120  95 320 312 166  75 231 142 280 164 252 160 114
    99 292 298 313 127 311 118 290 286 198]
  [  0   0 144  95 188  51  79 176 377 396 355 281 338 407 241 201 294
   339 243 305 178 233 341 175 216 206 130 157 203  95 261 106 109 340
   349 213  87 200 103  78 395 340   2 274  64 401 332  56  20  72 372
   292 244 173 348 134 282  42 102 128 218]
  [  0 198   0  23 327 402  47 169 309 197 208   7 120 401 213 256 356
   349  81  65  59 259 179  31 161 237 356  78  85 111 218  62 193  81
   303 280  73  55 243 106  21 241 368 380   5  98 370 182 191 281 322
   384 394 212 219 286 125 350 104 140 406]
  [  0 180 393   0 370  79 328 186 198 212 257  86 129 348 114 225  61
    79  39 213 196 345 342 135 247 361 220  54 360 173 215 380  51 121
    91 253  80  84  10 146 149 192 147 375 324   5  66  18 343 299 299
   115 367 285 197 305 348 357 280 404 286]
  [  0 340  24 343   0 235 129  70 233 134  16 193 137 224 193 124 406
   215  95 226  51 326 183 207 400 162 183 206 335 383 155 376  41   6
    42 358 342 150 146 282 268 378 308 145 291 333 310  27 333 394  33
   354  13 313 255  70  61 304  37 111  59]
  [  0 147 147 154 295   0  76 370 123 394  12 114 150 334 330   0  92
   240 241  35 313  58 240 308 387 210   0 317 363 173 186  38 118  40
   355 386 402 180 265 239  83 332  11 206 293 305 127  25 380  69 372
   135 167 280 390 236 107 168 177 299 345]
  [  0 188 131 171 303 359   0   3 134 328 146   9 156 154  11  48 161
    50 188 206 406 387 153 365 282 270 272 337 316 339 105 253  67  69
   279 171  31 177 116 300 186  16  12 110 228 198  55 329 379 162  57
   115  85 155 158 351 204 251 204  72 263]
  [  0 212 198 403  19 140 153   0  89 123  61 164 284 286 384  76 182
    64 110 200 340  94  38  87  29  15  76 395 377  78 199 177  87  62
    75 252   8 110 149 204 137  61 108 129 169 185 141 225 133 353 224
   251 285 267 346  31 312 358  24 270  98]
  [  0  85 259  13   1 348  77   1   0 119 157 215  18 269 372 195  76
   324  89 151 140  65 399  49 295 167 310 355  72  17 129  62 109 245
   149  31 247  66 146 201 294  49   0 215 370 173 167 126  72  61 250
   385 100 111 204  60 189   2 190  34 393]
  [  0  84  94 365  31 184 219  65 343   0 362 330  11 268  86 123 339
     2  16 407 159  56 151  27 222  97  29 192 225 233 335 367   8 166
    21 146 144 142 125 160  81 354 264 171 243 208  78 243 128 192 341
   111 270  40 180  49 137 310  13 369 374]
  [  0   2 231  88 250 112 330  40  58 335   0 340 265 371  88 246 283
    64 300 352 231  49 269 228 184  71 327 100  48 346 282 370 174 103
   106 344 310 394 103 402  11 362  94 243 377 280   6 214 131 170 294
   146 250 284 225 185 149 148 220 260 110]
  [  0 319  83 274 112 136 378 343 277 370 279   0  76 286 118 129  95
   208 247   5 187 195  39  14  31 335 261 110 254 250  85 266 152 325
     9 245  45 295  58  97 315 359 383  60 339 358  78 136 199 251   9
    18   1 297 396 335 307 130 376 115 134]
  [  0 201 142 312 384 263 284  30 389 210   1 346   0  20 126 356 307
   134 217  45 107  75  74  31 162 299  79 303  95 170 128 303 311 271
   243 201 356  42  12 401 165 335 164  63 222 372 202  60 326 179 141
    35 296 115 346 366  67 230  45 214 310]
  [  0  33 288 401 169  84 279 250  87 266 186 266  38   0 300 328 404
     7 124 101 322 179 110  85 268 245   2 113  86 329  18 207 150  90
    51 207 178 344 294 132 202 388 252 279 196 363 169 274 220 122 265
    18  44 342 253 292 145  58 281 172  90]
  [  0 392 249 353 132 283 234 394  16 289 349 354  16 116   0 367 101
    24 175  42  98 192 208 258 180 250 124 294 192 263  31 402 302  59
   141 372 175 309 128 206 243 277 131 265 242 293 217 111 108 295 299
   253  11 356 319  15  69 214 264 327  68]
  [  0 158 393   5 282  77 287 214 181 371 296  65 241 357 373   0 196
   191 291  40  90  22 369 254 331 323 180 401 283  43 327   8 162 155
   233   8  74 320 393  26 221  98 381 169  73 109  82 271 331 235  39
   210  39 204 359  97  80 244  99 405  78]
  [  0 254 390 188  30 261 256 211 283 179 141 331 261 141 332 202   0
    68 286  33 354 189 343 282 144 244 313 356 176 302 253 222 273  50
   217 326 162  27 266 107 321 333 371 164  78  20  21 188 295 405 255
    95  42 128 149 217 110 331 229 400 297]
  [  0 102 203 298 296 238 396  19 376 183 203 274 117  59 115  93 333
     0  18 103 329 137 355  84 385  91 327 356 371 141  86 163 195 122
   205 128  11 286 280 346 316  39  28  62 247 129 259 307 250   2 229
   369 365 125 116 365 321 113 212 183 407]
  [  0 338 152 381 155 164 325  66  83   4  61 384 391 346  91 275 189
   111   0  47 178 297 406 166 393 250 233  31  14 308 328  94 197 324
   215 205  81  39  64  94  67 195 323  26 292 289 150   2 263 205 226
   222 191 345 161 109 236 360 278 217 402]
  [  0 162 227 172 178 216 284 340 241 239 118 123  97  36 108 375 373
    64 264   0  15 222 269 374  37 185 281 325 395 188 392 373 150 106
   298 393  76 352 101 201 328 310 400 374 300  94  40 219 195 173 266
   272 371  18 169 389 288 229   5 215 115]
  [  0 344 372 191 406 286 283  98  76 277 244 298 253 131 267 380 112
    64 106 247   0 382 263 316  57 325 131 194 222 363   6 202 375  93
    99 295 116 398 177 344  56 191  25 155 358 248  60  78 317 218  47
   130 373 147 276 122 353 159 142 109 193]
  [  0 113 354 146  99 207 364 285  19 323 329 338 394 336 242  68  33
   231 371 183   9   0  87 251   4 389 142 215 382 291 156 382 308 407
    78 207 217 132  46 108 212 173 380  76 177 193  37  69 376 402 117
   373  67 167 313 252 110 216   4  14 265]
  [  0 401 235   6  20 313  17 292 381 138 220 160 244  74 322 235 146
   345 117 158  68 192   0 385 383 225 155 248 263 373  20 210   0  63
   143 203 303 290 301  64 212 330 181 196 172 292 358 290 181 394 147
   359 255 386 315 235 315  53 362 276  35]
  [  0  23 193 309  26  34  54 381  40 400  88 118 332 229 404 381 320
   137 279 266 159 282 158   0   8  75 149 160 259 137  56  47 119 107
   405 363  72 277 281 312  67  97 237 195 399 312 338 129 277  79  89
   164   4 182 102 197 171  19 257  49  70]
  [  0 231 390  47 342 167 154 128 375  89 351 356 238 350 286 261 308
   121 200 387  37  27  36 195   0  62 257 246  69 361 399 146 256  91
   366 115  68 116 314 371 153  95 376  49  25 118 175 402 168 383  17
    68 139  89 165 340 303 136  10 291 174]
  [  0  86 123  16 217 229  36 284  39  13  31  12 332 104 240 305 216
   391  55 308 395 223 373 271 144   0 262 310  41 265 238  75 240 348
   405 383 350 371 267 386 373 189 115 375  61 106 286 228 167 216  43
   193 288  79  53 226  45 254  84   9 205]
  [  0 137 253 196  30 227 139  53 248 290 229 148 210 158 380 245 125
    66  93 178  57 225 113 291 359  80   0 303 353 184 263 244 189 310
   396 209 225 244 229   8 148 331  27 256 365 319 177  45 184 119 301
   101 193 183   0  30 107 368 314 319 197]
  [  0  46 158  86  88 153 152   2 298 364 322 377 335 202 176  54 295
   234 226  17 168 390  74 250 196  67 175   0  40 391 147  42 351  27
    94  37 236 149 162 202 166 375  62  86 252 114  44 171 173  62 241
     7 252 186  21  78 393 172  91 199 401]
  [  0 159 152 100 140 134  53 166 178  47 213   1 404 339 176 383 296
   184 289 173 406 272  32 298  54 359  87 303   0 136 329   0 117 252
   270 347 378  21 193 293 160 316 113 390 253 252 324  67 395  69 299
   283 239 376 150 226  98 130   2  92 317]
  [  0 264  38 149 321 407  35  67 401 306  38 262  72 114  47 193  52
   267 195  50 220  79 199  23  50  33 257  15 385   0 128 237  74  90
    14  14 392 131 313  15 128  27 188   9 344 233 274 392 346  37 187
   136 308 161 182 147  77 226 201 159 381]
  [  0 170 392 405  36 397 276  62  64 322 184 281 356 160  95  71 365
   192 373 364  79   6 175  14 112 316  89  15 263 361   0 355 270 398
   134 376 261 257 362  25 194 120 210 327  41 202 301  74 163  26 278
   385 239 310 177   7 235 267  60  40  87]
  [  0  26 249 372 314  52 346 108 132  93 400  96  49 207 160  96 251
   373 269 154 219 242  24 388  63 299 389  66  39 346 273   0 250 333
   360   0 267 388 319   4 249 335 352 392  80 194 380  93 215  39  94
   103 176  23 395 117  84  59 289 156 376]
  [  0  36 188 111  51 309 311 107 220 322 383 310 336 321 292 352 291
   192 233   4 177 339 245 373  60 207 246 188 244 221 316 329   0 362
    73 356 388 234 109 382  23  75 249 159 260  42 374 261 230 347 324
    79  61 266 381 286  80 182  59 124 250]
  [  0 232 141 302  29 241 102 240 393 256 163 315 326 370 372  63 297
    11  17 242  83 391 284 222 112  80 148 379 372 215 115 364 281   0
    15  27 311 353  42  69 161  74 338 114  64  57 301  80 191 331 253
   147   4 169 283  91  86 347 289 297  81]
  [  0 390 341 134   2 296 159  12 385  31 143 136 404   0 367 212 260
   259  98 110 291 351 241 325 261 163 305 141 313 369  31 322  95  47
     0 228 108 278 380 173 275 403   0 193 216 231 299  57 309 375 313
   128 370 316 150 232  56  59 352 244  84]
  [  0 274 164 100 111  93 355 297 322 286 276 114 354 354 205 121 300
   102 194 332 216 349  15  15 318  92 185 369 345 157 379  59  19  84
   390   0 322 355 223 396 223  64  38  63 210 146 282 131 353  76 171
   324 161 323  71 383 156 275   0 372 307]
  [  0 212  73  95  44 391 245 206 177 256 230  25 222 228   9 323 297
   405 360 347 319 115 406 259 386  69 407  40 212 148 398 366 401 335
   253 281   0 118 131  98 259 198 341 193 298  24 112 402 372 241 240
   380 358 152 242 316  74 268 119 243 141]
  [  0  51 338 317 302  22 199 341 227 361 210 374  28  35  85   0 298
   127 352 198  41 289 171 145 134 355 196  79  13 196 138 124 113 298
   290 251 253   0 130 111 144 292 328 314 168  81 246  52 127 393 156
    95  11 373  25 284  91 196  17 180 248]
  [  0 383 259   5 129  46 148  94   7 211 340 354 128 195 103  13   1
   119 348  36 358 397 109 357 240 341 399 125  26  15 363 386 142 299
   367 313 329 163   0   9 258 316 269  91 147 165 301   4  92 293 325
   177  56  76 340 156 125 188 229 289 306]
  [  0 172 255 318 346 401 325 123  51  38 229 333 147 325  40 371 170
   203 322  50 245 343 183 370  26 185  28 374 326 391 250 107 253 111
   141 313 192 386 224   0  34  59 329 315 119  52  77 227  62 125 136
   361 187 226  89  44   0 177 107 298 164]
  [  0 343 206 375 329 229 206 228 118 396 307 208 138   6 336  58  39
    44 116 130  94 223 193 133 364 136 244  51  95 174 113 151 180 320
   204 133 179 222 293 358   0 236  56 334 358 211 128 363 195  48 112
   208 333 246 173 141 291  54 153 257 387]
  [  0 236 235 393 267 143 177 154  78 402   2 358 148 106  80 300 129
   114  33 113 117 390  35  89 343 298  15   6 364 200 154 286 127 309
   345 382 180  90  88 100 269   0 130  24 108 195  29 137 154 375 197
    40  31 154 312 252 203   4  72 149 122]
  [  0 256 280 199 118 345 391 249 270  30  89  11  50 319 372 144  33
   196 140   9 320  87 263  20 310 365 383 151 258  87 196 186 274 144
    89 200  11 393 254  41  23 156   0 349 394 318 196 253 372  44 321
   142  76   3 221 269 103 344 172 251 371]
  [  0 221 160 183  23 344 327 299 299  40 234 307  69 174  29 268   8
    77  80 299 141 113  99 132 296 312 204 340  89 239  77 187 323  64
   304 175 149 317 322 214 297 210 239   0 247 404  74 200 128 292 397
   199 145  45 157 150 119 211  73 167  94]
  [  0 300 123 403 225 209 152 345  58 104   5 104 293  77 121 293 125
   319 129 104 229 314 201 319 318 395 372 151   2  43 138  46 362  77
    49 243 317 272  19 355  62 332 150 319   0  68 228 341 143 115 133
   114 235 119 373  94 379 162 336 386 221]
  [  0 384 392 390 304  58 110 167 148  37 337 249  17 244 314  69 311
   120   8  40  70 108 202  33  23 121 381 357 383 148 288 363  77 193
    19  81 143  19   5  76 341 329  18 231 194   0 281 378 407  84 253
    76 134 352 126 384 407 258 389 103  48]
  [  0 209 314 244 240 343 293 358 272  64  64 109 163 329 317 147 351
   181 407 215 134  20  52 196 149  13  36  71 172  84   4 292  66 392
   118 177 213 270 264 176 118 252 288 164 243 248   0  91 108 113 311
   296 263 169  20 265 267  70  50 172  81]
  [  0 359 130 371 189 153 245 260 262 351  19   5 160 375  94 111 238
     8 344 315 227 232  93 258 389 365 281 233 162  78  11 185 108  84
   121 182 188 320 125  27 282 346  43 213 372  21 130   0  19 145 103
   176 129  56 384 386 192 245 134 282 347]
  [  0 174  66  30 388 170 120 137  51 180 202 180 364 112 393  90 106
   350 319  84 212 366 284  27  57 115  11 338 287  68 166 143  40  82
   398 400  78 338 331 399  99 368 149 375  29  81 155 374   0 271  44
   213 402 177  21 212 229  39 263 350 171]
  [  0 274 276 215 374 257 264 395 188 186 302  43 261   8 271 225 364
   238 171 238 224 286  39 397  45 342   2 121 130 359  96  51  54 155
    17 279 163 231 233  40 152 189 379 264 118 282 133  80   5   0 197
   213 184  67 165 364 183 204  16 120 374]
  [  0 261 123  32  83 119 241 367 362 218 173 354 148   7 310 284 248
   188 169 144 143 317 302  17 226 310 170 236 217 120 192 380 350 315
   243 123 194  27 234 356  70 189 290   6 405 198 245  28   4 317   0
   100  90 363 318  79 351 276 254 399 212]
  [  0 107 103  28 387  20 310 212 377 246 329 106 224  50  57   9 360
   325 102 152 251 399  30 201  39 295 381 321 368 348 293 374 334 371
   107  92 192 171 358 127 299 134   6 128 380 246 140  89 229 276 335
     0 117 342 399 247 363 247 254 110  84]
  [  0 174 158 220  74 112 222 141 405 302 378  64 309 281 297 383  48
   221   7 117 196 129 293 101 228 173 144  90 165 141   5   9 324 355
    71 360  39  33 149  32 183 351 317 387 267 249 148 165 224 125 293
   374   0 274 398  50 175  32  42 212 265]
  [  0 246  51 339 390 390 110  58  91   9 245  67   4 302  43 328 347
   260 186 122  89 214 394 156 336 129 201 396 103   9 250 331  51 333
    23 211  69 230 181   0 163 158 254 164 225 404 358 231 261 350 291
   170 289   0 318  94  12 407  27 144 270]
  [  0  78  30  45 114  27 193 377  74 290  91 155 182  57 321 169  57
     7 273  10 343 291 163 179  13 210 336 223 348 352 179 170 302  91
   341 246 240 284 190  31 355   3  83 315 360 404 142 169 351 309 262
   320  82  35   0  96 289 206  55 224 210]
  [  0 273  68 188 204 214 386 165 266 258 356 156 360 207 202 249 345
   215 402 131 292 278  50 145 258 149 151 244  48  93 186  90 279  58
    65 251  23  89 197 186 340 377 322 122 391 133 254 333   6 188  55
   272   7 306 105   0 249 123 135 189 152]
  [  0 323 224  83 276 385 252 118 387 341 124 173 266 173 221 352 105
   309 337 315 379 108 387 343 287 331 169 120 301 385  26 206 110  97
   241   3 349 165   1 347  75 303 316 176 277 350   6 225 261 391  17
   364  87 173 377 139   0 366 345  31 366]
  [  0  63 242 270 116 352 306 181 370 279 366 260 404 252 124  97 294
   213  98 223   1 274 170  34 325 139   8 312 106 374 376 281 266  12
   148 296 209 289  36 363 101 315 403   9 365 278 120 210 222 321 246
   174  45 257 114 285 377   0  46 157 176]
  [  0 237 230 359 196 307 363 247 141 160 362 231 278 289 280 172 112
   375 184 391 124  80  15 126 288 181 287 396 321  71  97  28  37 258
   383 208 101 118 246 374 386 376 109 256 262 190 157  30 302 276 270
    47 142 198 294  23 364 294   0  41 134]
  [  0  80  87 379 243   8 239 109 334 235  79  92 300  76  54 332 302
    17  94 299 398 338 339 368 280 189 392  85  70 331 393 161 185 146
    37 165 295 309 273 379 363  54 125  39  28 144 125 384 173 180 146
   220   4  24  78 370 362 400 108   0 165]
  [  0 352 359  45  21 237 339 252  18 329 107 271 209 366 311 201   0
   347 321 196 359  80 128 307 171 363 335 395 109 344 282  39 244 309
   198 334 285  74 323 284 280 379  75 144 109 183 122 312  35 208 298
     4 210 257 152 262 321 127 139 220   0]]

 [[  0 173  73 354 362  73 269 200  82 347 254 293 231 299 253 102 134
   199 378  99 142 107 151 110  33 379 322 126 331 189 199 337 327 197
   250  94 352 389 286 168 291 353 175  34  69 134 163 385 302 288 337
   395  42  45 300 172 302 263   7 177  36]
  [  0   0  26 275 283  24 229  47 384 208 350 231 136 277   3 348   8
    33  66 136 176 140 265  62 180 110 108  88 282 237 359 311   3 232
   113  36 232 297 262  87 131   2 386 333  69 303 160 285 295 341 275
    30 382  19 245 176  58 237 106  44 168]
  [  0 197   0 193 288 180 226 290 184 112  73 316  23 385  63  31 293
   331 251 208  63 308 252  73 163 191   3 204 131 404  62  34 101 358
    77 310 388 209 359 325 396  40 236 404 385 148  28 138 184 201 245
    97 377 323  14 306 248 287   1 230 102]
  [  0  32 257   0 298 152   8 240 331 115  52   9  60 373 192  86 106
   278 107 263 124 397  79 188  62 362 178 246  57 306 346 260 366  60
    90 340 358  27 380 211  55 141  40  58 303 201 205 188  51  53  46
   379 132 329 226 128 321 100 215 189 325]
  [  0 301 401 223   0  14 236 151 404 389 258 324 293  67 344 235 363
   253 331 212 323 305  90  31 170 242 258 142 165 188 105   1 118 163
   353 352 314 185 273 358 354 200 183  68  49 344 195 311  52 270 226
   240 395  37 227 286  85 218  29 211 117]
  [  0 289 274  77 357   0 127 330  79 281  94 366 170 272  99  13  60
   343 258 293 197  93 159  13 202  25  60 234  38 350 195 304 268 132
   210 218 305   6 272 277 104 362 405 145 239 186 267 253 319 109 155
    61 184 287 100 309 241  61  60 287 172]
  [  0 133 404  94 106 356   0 400 126 292  17 133  33  38   5  45  89
   319 314  76 293 124  26  99  62 108 367 123 223  34 165 398 283 167
    67  49 275  82 224   2 155 310 106 132  30 351 379 108  52 117 210
   126  10 395 150  10 132 393 166 129  45]
  [  0 219 199 145 161 311 112   0  45 112  80 297 253  61  22 127 115
   135  95 259 380 309 203 259 284  77  42 268  97 398 116  97 160 202
   189   9  28 261 182 121  85  95  20  69 329 352   7 369 261  69 193
   333 302 211 103  62   1 396 145 261  56]
  [  0 110 345  20 130  17  61 204   0  70 146 149 302 190 193  82  61
   328 202  75 228 208 194 234  42 301  63 145 262  66 263  99  56  81
   269 341 176 282 135 224  35 363 248   5 253 243 227  60 362 299 322
   350  77 197  26 337  43  27 118 312 271]
  [  0 318 236 390  43 294  69 310 138   0  76  32 211 169  42 215 272
   206 215 278 290 156 171 328 353  24 188 187 321 180  45  40  44  93
   227 249 137  92 118 204 325  80 300 101  35 111 242   3  12 230 197
   163 402 372 368 281 194 241 389 173 303]
  [  0 299 117 313 198 195  53 231 161 281   0 373 215  74  15 236   5
   361 297 140 357  49 137 366  94 115 195  97 163  88 154 165 280 396
    46 378 150 197  55 324  87  83 278  10  36  75 205 306 376 262 276
    41 265 200 310 105 109 290 120 125 387]
  [  0  59 116 382 261 285 258 362 323 255 383   0   0 135 321 305 189
    67  72 222 226 242  51  88 402 304  44 138 384 253 181 328  15 309
   400 114  28 221 119 306 332 101 293 367 338 351 106 281  88 120 178
    52 168 298   3  86  30  38 266  17 205]
  [  0 333 243 219 390  28 141 175 193 279 197 320   0  22 112 337  41
    78 385 369  13 299  49 217 284 341 213 391 276 338  36  10 266  94
   122 177 243 183  51  43 389 340 400 308  34  59 158 316 146 383 126
   244 254 128 343 219 311 262  70  60  11]
  [  0 274 330 360  65 267 167  93 198 269 219 371 383   0  77 202 216
   246 240 141  49   6  72 280 245 284  51 293 306 372 235 220  77  25
   126 144 294 118  67 163  19 168 127 281 163  43 330  91  64 145 204
    63 250 375  47  71 160 203 211 308 402]
  [  0 178 318 135 214 180 371  17  40 298 296 361 247  47   0 273  77
   317  51  62 338 150 178 245 177 375 159 179 188 306 277 316 197 353
   287  30 235  46   8 297 288 195 393 390 350 284 207 342 217  74 118
   177 345 357 138 167  65 385  98 395 321]
  [  0 178 199 407 206 352 203 201 309 302  22 286 114  35 120   0 310
   156 147 311 241 324 404 260  49 366   8  69 150  54  72 357 101 239
   142 136 402 398 391 230  43  40 145 349 291 139 244  80 100  13  53
   342 251 352 261  12 147 106 306 277 311]
  [  0 134 138 156 319 395 199 345 389 287 290 369  80   7 394  20   0
    34 106 347 336 285 200 155 133 192 117 193 264  38 178  18 162 325
    55 110 149 286 154 223 370  29 103 326  76 355 388 139  68 177 241
   209 318 328  42  62  52  55 108 236 398]
  [  0 390 309 106 175   0  27 396  23 206 342 188 265 332 197 141 354
     0  50 377 313  65 387 326 198 133 127 387 151  62  70 288 215 189
   406 119 132 217 187 227  43 332 190 262 141 230 132 295 377  43 134
   349 119 347  75 362 249  63   8 268 394]
  [  0 181 394 157 276 227  94  19 193 342 227 173 163 102 307 134  96
   292   0 254 261 114 149 347 342 236 108 223  36 297 180 264 205  70
   129 175 195 351 124 348 204  24 118  62  81  83 298 395 139 387 179
   273 196 382 274  49 276 176 153 219 391]
  [  0 196  73 159  33 147 122 376 166 378  47 366 116 145 115 274 269
   393 203   0 367 134 262 351 372 282 265 189 353 318 152  62 114 334
   234 314  94 344 188 361  83   4 375 199 332 348 119 269  50 316   4
   386  71 291 111 184 185 344 215 407 315]
  [  0 258 208 371 304  81 236  13  15  44 153 364 280 399 216 277 265
   264 391 175   0  19 320 112   1   2 201 145  29 406   8 292 100  74
     3  46 363 174 193 105 110 246  59 127 389 182 282 200 331  43 282
   241 352 403 280 183 365 372  68 218 292]
  [  0 287  11 366 315 355 373 387 109 255 347 298 302 175 382 371 248
   202 233 108 361   0 227 353 216 393  49  13  96 291 367 286 192 244
   337 103 180 355 312 187  62  93  23  13 278  53  17  82   7  36 126
   108 341  89 119 218  99  44 298  95 133]
  [  0 398 161 188 219 218 354 214 343  57 340 389 363 272 107 236 376
    83  66 377  13  20   0   4 221 171 363 367 144  35 216 189 169 308
   121 148  22 279 293 361 181 272 134 182 359 116 134 341 325 396 182
   329  28  94 290  61 382 127 133 299 195]
  [  0 266   5 195 274  45 241  27 100   8 312 354   3 383 383 147 246
    58 114 144 257 236 163   0 270 330 389 254  12 104 142 188  32 127
   334 271 330 331  21  16 353 305 218 108 392 146  70 385 143 107 240
   170 242 263  65 248 357 291 365  27 200]
  [  0 113  55 359 355 162 160 344  99  66 372 324   2 368 314 243  67
   151 180 140 167 121 225 391   0 159 406 355 162  48 384 261 329   2
   374  18 169 151 264 259 198 396 144  65 397 309 336 191  11 362 201
   277 146 132 378 133 103  58 188 229  14]
  [  0 139  70  58  15 246 212  93 308 296 167  23  16  41 104  74 148
   266 332 206 245 108 333  94 254   0 204 135 198  19 343 180 181 199
    71  31 113 194 223 175 402 270 378   8 195 163 273 167  34 337  16
   335 342 127  59 374  68  74 235 398 307]
  [  0 371 389 184  79  19 346 401 135 356  78 197 140 343 160  62  44
   143 219  64 206 256 254  21 165 180   0 400 368 237 205  39 267 113
    44 267 342  54 170 145 161 254  35  55 350 403 185 332  91 357  99
    50 157  12 202 221  87 395 165 189 372]
  [  0  98  38  28 269 234 267 282  15  39 218 299 324 400  28 170   1
   225  54 113  74 290 171 192 165  10 282   0 291   5  17 235 104  69
   191 255  21 327  79 183 108 138 372  63  99  42 229  26  73 274 347
   119 359  30 218 362  73 387  78 138 348]
  [  0 312 252 336 309 347  85 144 349  62 352 270 234 125 118 269 126
    47 391 281  33 249 161 174 155  18  19 392   0  77 195 167 118  33
   378 214  67  23 316 112 384  94 240  73  31 308 246 321 360 395  91
    89  84  42 124 161 151 226 325 330 273]
  [  0 179 223 359 183 384  95  11  80  21 365 159  20 403  52 188 264
   339 349 345 190 151  84 270  23 370 320  99   5   0  97 150 203 346
   351  48 303  22  40 116 326 208 378  98 187 331 208  32 158   5 131
   187   5  42   0 346  36 244  78 323 388]
  [  0 243 137 232  79 283 208 235 185 212 333 108 307  13  57 200 145
   178 121  52 222 252 381  82 217  69 210   1 308  28   0  66 397 216
   404 375 331 176  34 199 303  23 233  90  90  41 355  38 105 358 140
   208 290 149  16 190 336 107 243  31 236]
  [  0   8 399 128  70  53  31 380  10 401 401  28  25 314 346 211 352
     1 293  92 215  30 159 374  60  54 172 211  51  81 179   0 284  44
    93  61 405 106 190 295 281 141   8 318 190 149 267 295 246  88 102
   340 354   3  29 354 221 371 224 182 222]
  [  0 180 172 294 235 228 258 233  79 245 156 240 214 234  29 201 378
   126 207 143 252  98  73 179 165 258  27 365 199 138 135 345   0 391
   236  50  13 304 126 256 177 208 338 401 237 304 360 234 314 400 323
     8 186 317  20 101 173  74 394 109 253]
  [  0  35  41 297  19 275  43 182 317 301   2 171 241 312 259 118  25
   389  55  94  70 235  36 387 317  56  36  20 226 100 125  79  86   0
   343 319  27   0  24 207 362 109 202  25 399 227 315  74 122 205 124
   338 365 237 233 179 263 287 220 387 156]
  [  0 140 285  37 133 385 279 121 120 161 351   9 231 159 317 191 386
    38 258 298 160 391 347  83 405   4  54 389 109 369  71  29 403 394
     0   9  70 200  20 310 270  64 165 122  58 394 145 337  77 382 152
    61  49 190   1 286 148  55 102 363 397]
  [  0   2  32 353 354  32 243  52  69 172  85 232 262 365 294 290 337
   396 270  28 282  94 284 208 272 318  21  35  62 144 305 345 199 216
   387   0 289 377 253 239  84 373 164  40 315 380 127 159 321 230 292
   288  36 282 301  18   4 231 104  17 242]
  [  0 129 333 162 131 189 325 391  49 342 109  55 361 247  80 240  81
   111   5 180 163   7 396 153  70 364 309  44 220  36 227 257 235 294
    53 236   0 196 194 345 195 405 242   4  20 337 253  50 275  23  49
   203  52 193 318 241 263 178 246 334 233]
  [  0 108 392  55 274  83  36  99 210  26 385 283 105 225 320 353 213
   328 193 276 200 249 301 285 219  35 192  26  27  89 236  31 264 153
   403 297  30   0 249 264  53 104 377 133 330 154 310  78 334 240   1
   148 129 404 161 372  60 294  70  67 261]
  [  0 335 124 346 317 168  92 161  80 144 403 104 177 146 386 350  15
   131  34  48 160 201 301 395 215 146 117 116  53 102 327 140  99 180
    18 152 150  20   0 224  15 291 352 400 182 297 180 237 185  58  87
   301 386 329 189 207  10 350 278 247 144]
  [  0 217  88 108 370 253 122 353 344 394  54 148 343 384  24  36 114
   132 244  25 403 287 257  70 395 354 261 237  74 203 167  34 244 149
   264 134  34   4 322   0 262  10 321 196  59  11 122 282  77 283  53
   378 342 219 264 203 219 307 390 231  34]
  [  0 227  93  47 389 320 182  40 247  22  23 336 258  85  78  65 345
   253  91 218 198 182 389  95 295  91 175 314 181  48 333 213  62 405
   107  63 367 383 208   1   0  25 210 340 104  47 353 222 202  19 121
   187 376 152 187 298 162 213  37 120 322]
  [  0 369  25  36 234 174 179 403   4  35 382 221 247 392 348  94 273
   147 279 134  64 282 286 173 378 224 247  98 224 288   2 362 371 221
     7  66 368 133 173 309 225   0 340  60  95 282 140 299 149 125  38
   237 346 237 361 406 389 220 264  63 300]
  [  0 232 399  61 337 147 398 184 288  57 264 165 168   5 227 301 214
   383 187 236 386  35 223 236 368 179  51 153 305 114  82  77 126 344
    46 185 293  84 173   3 285 202   0 192 212  55 179 153  35 261  86
   149  61 296 168 366 233 319 401 253 235]
  [  0 395 199 266  29 169 149  11 235  62 261 200 294 367 316  44  63
   240   5 317 201 400  89 162  22 129 396 326  78 144 316 366 122 318
    62 105 178 278 239  27  96 289 223   0 254 205 370 231 112  94 308
   254 318 161 397  80 316  25 333 354 379]
  [  0 292 256 190 214  56 365 267  52 172 194  62 299 361 367 173 196
    53 336 352   6  44 134 298 232  90  96 262  32 332  22 245 281 302
   286 139 172  98 384 359 115  98   4 297   0 103  84 162 194 101 377
   204 390 343 163 223 284 386  73 220 162]
  [  0 296 262 117 133  12 160 111 355 275 183 259 123 147 158   2 141
   158 304  79 230 135 138  25  99 398 202 110 134 181 266 373  64 157
    91 118 195  21 287 280 308 353  90 357 192   0 271 250 125 234 227
   363 210 159 233  49 242 201 188 192 277]
  [  0 385 237 184 322 257 179 251 278 387   8 136 146  85 276 128 339
   351   9  48 181 327 275   5  71 278 348 400  22 342 168 391  39  18
   379 277 199  73 280 123 295 126 308 129  46  89   0  91 191 241 378
   134 171  20 326 203 255 298 175  41  35]
  [  0  29 159 377 396 305 120 122  37   7 301 347 194 386 220 403 338
   260 315 196 128  61 228 390 328 391 122  23 389 366 405 264 114   3
   136 371 154 223 354 228 120 360 200  61 361 147 392   0 399 262 185
    10 336  80   1 322  28 252 234 199 100]
  [  0 351 280 272   7  96 394 394  28 153 327 113  25 205 387 176 158
   284 145   5 235  83 384 125 355 393 264 202 198  58 146 228 387 312
   194 356 298  43 308 242 395 158  41 149  52  51  33  11   0 279 316
   336  64 372 263 283 360 108 381 210 252]
  [  0 247  89  14  57 133 126 207 370 149 226 344 248 343 229 166  12
   244 219 176 129 167 155  97 141 384 225 369 242 247 140 372 124  28
   269 233 310 194  73 407 123 115   5 396 294  77 393 356 311   0 376
   248  76 120  67 232 387 110 112 165 338]
  [  0 190 227 366 293 370 236 379 300  79 398  21 303 401 103 298  57
   175  67 213 157 309 214 262 188 362 345 296 364 304 257 347 218 263
   185 220  79 372  44 268  35 339 160  73 317 338   0 171 132 367   0
   306 138 382 267 190  78 128 127 257  42]
  [  0 339  58 160 157 356 239 318 372 266 256 350  36 296  63 123 232
   191 298 365  54 335  76 194   2 333 144 388 182 347  15  86  77 300
   383 177 282 330  49 238  90 119 300  59 345 324 243 239 377  41 178
     0  37  41 284  28 229 235  58 243 376]
  [  0  64 233 310  16 305 305 364 194 348 275 386 217 308 164 134 174
   341 293  75  96 387 383 368 379 356  18 171 288 108 316  12 126 391
   256 224  86 127 133 391 214 389 163 401 231  88 159  84 404 104 193
    93   0 224 151 127  46 141 132 309 145]
  [  0 282   9 150 194  27 234  93 161  24 360 267  83 278 278 348 317
    14 314 369 271 268 400 404 254 346 115  82   3 132  23 334 165   5
   346 270 132  39 241 231 208  70 261 117 372 235 235 385 353 275 275
   307 275   0 188  20 374 350 301  95 403]
  [  0 273 198 171 293 192  41 205  52 338 272 152 104  41 383 362 394
   379 168 235 327 385 230 387 249 219 178 366 268 260 136 187 358 344
   119 145 111 374  21 365 308 111 238 382  71 160 289 284 118  65 178
   353 280 297   0 351 251 163 282 337 295]
  [  0  18 281 308 172 365 382 401 338  60 384   0 224 125 222 228 126
   370 247  86 275 290 117   0   6 404 325 193  89 337 145 283 227 316
    70   2 178 391 301   2 130 341 225 113 303  61  36 334  32  81 131
   164   1 389  89   0  38  27 191 103 405]
  [  0 100 324 180 253  81 326   1 192  75 150 187  47 344 213  86 186
     5  24  27 204 383 281 133 333 365  26 212  49 360  95 359 266 364
    21 238 351 191 181 395 333  30 243 136 131 263 248 186 109 310  91
   173 204 245 246 353   0   6 221 249 380]
  [  0  44 152 361 274   9  69 357 163  36 365 161 259 379 352 282 392
    42  75 222 353 195  10 151 215 327 151 240  49 320  40  42 295 346
   209   6 109 264 106 276 405  42 241 407 323  25 280 330 321 102  19
   234 253 177 129 270 407   0 288 400 366]
  [  0 263  15  44 348 162 253  89 243 111 290  42 329 384 190 395 192
   359   6 289 361 122 368 162 140  54 276 274 107 392 374 222  35 362
   243 143 277 345 391 124 221 183 133 310 219 351 238  44 307  76 394
   295   7 140 295   5 262 168   0 345 225]
  [  0 136 178 286 224 277  73 369 116 375  33 341  89 205 315 295 364
   142 309  78 235 193 369 392 184 164 135  94 394  27  55 233 341 226
   117  37  52 103 395 168  74 185 169 403  65 382  88 113  11 199 323
   388 357   7 393 355  74 404 210   0 296]
  [  0 357 221  26 183 282 230 394 188 293 363 402 184 264  75 315 291
     4 253 149 141 392 238  23  84  48 187 330  13 288  64 255  23 288
   182 338  78 369 407 395  27  89 291 117   0 165  68 263 300 290 316
   120 275   6 388  57  95 164 250 364   0]]

 [[  0 328 178 326 356 356 172  55 162 227 215 124 163 200  40 285 342
     7 138 109 175 194  78 261  86 399  17 291   7 383 309  80 187 164
   283 182 210 253 347  88 114  31 106 102 217 383  51 329 393 317  62
   358 236 285  24 402 124 375 119 290 229]
  [  0   0 150 338 156 210  43 328 340  53  84 216 206 113 332  82 291
   251 391 285 255 366 354 381 402 301 390 213 250 211 392 301  83 404
   215 282 171 376 290 139 380 359 384 236 265 267 328 136 345  92 384
   321 176 176 305 278  20 166 147  98 359]
  [  0 110   0  86 341 100 156 254 103 332 261 265  97 217 180 271  62
   239 136 261 174 320 287 108 104 153 277  79 207  51  11 372  99 355
   210 114 394  45 401 268  76 239 213 205 393 306  22  18  70 136 205
    58 390   3 110 270  76 355  99 262  27]
  [  0 344 150   0 164 322 112 142 243   4 110 357 329  87 138 138 365
   202 289 212 336 338 108 387 311 381  68 266 336 141  93 189 165 194
    54  41 381 246 251 170 405 175 223 130 312  51 286 167 148  67 181
   277  11 157  30  94 189 324 202 391 272]
  [  0 229 169  78   0 337  54 365 108 223 246 171 393  60 296 287 131
   101 305 186 125 155  69 207  10  55 392 154 311 261  13 383 349 113
   276 186 159 206  20 372  71   0 376 381 288 319 188  34 248 379 218
   123 188 202  87  29 133 192 249 178 388]
  [  0 387 295 356 147   0  27  19 381  49  15 387 124 141 146 142 235
   229 226 343  51 264 168 192 363 193 324 172 227 156 192 223 112 372
   272 397 405 155  88 120 348  49 279 257 202 193  70 332 133 242 286
   246 378 264   4 298 275 340 244 353 380]
  [  0 171 393 347 174 165   0  10 289 288 380 220  29  19 198 373 101
   186 348 290  11 162 210  45 396 355 264  78 141 294 137 314 293  52
   387  69 383 395 350 194 188 146 307  80  73 377  40  57 385  63 253
    26   3 104 189 362 116 112 203 229  62]
  [  0 406  26 331  68 381 323   0 304 235 235 358 278 163   3 283  66
   279 163 283  90 177 358 221 369 254 107 316 308 130 166 133 127 377
    47 398 190   5 236 230 318 249   0 284 223 126 319  19 293  57  16
   198 220 142 188 124 361 327  29 388  19]
  [  0 134 212 318 256 354 129 392   0  59  93 356 404 377 177 302  31
   285 292 329 225 246 210 193 360  67   8 141 305 341  40 127 370 177
   109 174 278  65  89 391  31 376 199  53  80 356  93 322  50 136 254
   249 305 237 328 394 171 252 160  66 396]
  [  0 221 101 341  22  45 231 304  81   0 390 340 190  80  77  21 326
   174 344 358 323  76  47 351  20 165 188 359 251 230  38 326 388  26
   312 373 342 228 305 348  11 322 333 375  57 375 276 390  62 116  24
   105  71  43 186  63 174 197  54  16 404]
  [  0 185 238 116 127  93 213  58  29  41   0  87 337 363 373 153 125
    76 329 214 231 219 226  56 337  18 105 204 313 298  93 383  69 304
   316 307 222 376 199 103 179 385 376 171 325 206 254  36 359 163 383
   151  69  95  12 186 157  68 237 120 210]
  [  0 210 147 249  18 374  24 254 346 386 339   0  32 365 129 280 360
   334 189 159 296 286  48 356 154 307 339 398 252 116 225 290 120  21
   402 402 397 295 239 224 146 287 132 174 316 336 338  25 349  38 118
   255 149 223 136  46   3 299 349 179  55]
  [  0 228 163 202  59 185 369 223 170  77 178 130   0 319 368 327  71
   111  52 338 326 220 193 248 148  88 173 265 194 380 352 375  37 173
    11 121  15  74 111 182 259  97 281  63 214 342 110 168 265  26 330
    60 237 378  81 133 282 134 406 212  38]
  [  0 259 125 160 173 342 328 346  84 364 128 232 334   0  18  32 367
    39  43 113 302 171 223 201 273 177 118 178 108 115 339  49   8 304
   174 115 288 359  74  66 333 145 263 245 377 215 257  71 145 310 174
    92 392 334 348  87 310 199  99 161 173]
  [  0 256 257 278 233 141  76 388  97 242 398  21 135 103   0 201 138
   157 170  40 393  25 128 164  13  35 346 121  79 383 289 323  41 139
   152 373 354 106 296 122  85 260  60  83 224  21 381  54 297 404 304
   374  61   5 294 131 252 369  41  34  57]
  [  0 397 267 181  74 325  93 345 165 227 293 202  49 209 177   0 369
    79   6 219 237   6  58 376 317 214  50  49  10  46 287 402 365 267
   251  85 219 148 155 315 313 104 342 336  14 357 184  91 230 255 211
   379 130 220 235 267 147  65 290  73 209]
  [  0 395  39 394 387 363 207 203 295  58 361 320 206  50 157 362   0
   267 222  62 291 220 168 148 214 395 326 132 104 179 312 349 314 388
   283 135   6 402 399 236 107  40 345 186  83  22 214 234 320  70  67
    61  17 328  22 182 292  19 191  98 290]
  [  0 389 150 325  71  17 110  99  35 319  28 283 110 375 254 354 196
     0  72 359 193  48 311 344  59 266 359 262 115 348 134 242  10  88
   243  73 343 383 141 160 121  30 230 265   2 354 326 259 371 287  73
    20 171  10  18 301 128 285 162 293 211]
  [  0  30 379 135 131 233  27 189 332 272 156 315 354 130 122 186 121
   132   0 345 112 245 258 101 386  37 397 375 159 346 263 107 289  77
   307 159 216 325 214 159 391 270 192 169  83  67  26 139 329 188 227
   401  87 288 102 187  43 323 204 223 133]
  [  0 158 219  45 209 315 324 330 179 234 333 249 166  71 366 303 377
   154 251   0 383 174 307 290 277 226  62 194 167 150 156 367  43  19
   160 126   9 157 277 339 247 201  74 384 387  24 306 159 395 133 220
   247 352  82  99 193 363 229  44  14 146]
  [  0 208 158 281  11  50 207 339  67 185  54  96 198 379 289 201 350
    42 250 280   0   8   8 320 196  20 359 341  27 137  86  35 100  32
   384 174 207 405 100 261  37 359 228  47 152 396 318 341 243   0   7
   186 383  12 112 233   9 246 180 154 384]
  [  0 324 237 269 338 387 216 374 314 358 372 222 372 179  31 198 244
   257  61 393 183   0 250 220 227 397 256 184 356 114 350 365 403 228
   241 131 274 367 258 181 334 357 124  50 230 284 115 364 202  66 314
   352 358 122 185 384 157 311 298 337  47]
  [  0 164  95 233  47 395 143 307 368 285 379  28 150  85 391 353 340
   314 168  13 259 171   0 304  89  66 263 203 347 107 247  92 171  50
    89 126 374 403 365 251 403  38 234 273 171  13 351  97 378 131 215
   354 375 350 326 110 122 390 325 107 247]
  [  0 167  19 342 105 194  50 182  50 146  37 116  58  12 121 200 118
   146 280 273  25   7 346   0 294   2 386 202  31 333 283 377 168  36
   382 149 151 126 238 273 241  79   7 189  61 150 147 391 285 124 193
   165 337  81 204  83 300 187 245 147 179]
  [  0  77 254 314 406 376 238 309 216  71 273  64 293 129 350  57 242
   319 337 204 187 340  85 319   0 245 332 188 239  11 378  80 164 324
   110  26 283 287  69 104  54 357 341  19 293 331 216 209 232 236 191
   209 105 332 141 185 163 228 404 270 166]
  [  0 140 138 145 301 244 217 362 156 199 231 256 157 327 167 327 402
    16  91 113  49 226 152 200 337   0 221 350 326 190  12  41 334 379
   202  80 159 159 268  13 265 126 149  39 157 192 371 290 371  16 273
   224  31 318  80 120  48 198  85 378 282]
  [  0 186 301 289 393 143 266 123  99 113 320 154 353 291  72 236 306
   326  76 147 366  29 361 134 164  14   0 100 259 234 350 345 310 312
   337 137 203 178 381   1  76  62 336  20 105 257 205  65 319 165  51
   356 346  24 177 317 282 127  60  76  44]
  [  0 389 312 407 221 189  72 371  49 361 190  28 324 267 345  45  25
   287 193 129 325 277  16 157 295  22 182   0 192 131 296 225 311 217
   254 244 388   9 405 312 183  81   1 191 366  91  29  31 130 214 197
   360   3 148  58 302 329 356 292 363 188]
  [  0 137 174 195 144 202 332 336 124 190  78 239  92 161  71  42 149
   285  88 136 108 355 264  24 403 290 263 115   0 136  81 115 370 374
   207 344 206 367 218 216 198 251 341 136 387 249 149  90 359 379  68
    81  14 340 332 312 273 377 353 199 399]
  [  0 360  17 383 255  21 398  10 314   5 366  44  95 134 164 301 189
   123 341 122 132 330 301  52  30 107  23 338 293   0   1 341 176 279
   405 399  44 407 319 121 250 316 198 321  37  85 166 366 324 359 223
   128   9  99 158 281 114 366 333 359 155]
  [  0  97 227  37  71 191 345 397 224  16 276 180  36 225  30 332 331
    38 192  35   4 187  90 150 249 304  15  34 380 395   0  58 241  89
   104 136 332 299 217   3  21  99 354  16 156 395  76 154  38 375 394
   230 301   7 352 163 390  11  48 127 342]
  [  0 118 106 148 302 239  84  67 224 325 106 350 128 192 354 261 149
   350 358  76  90 218 204   7 135   9 167 305  81 170 145   0 132 303
   149 217 261 385  84  51 383 248 342 136 134 135 173 228 103 112  21
   208 258 332 232 120  74 118 313 191   0]
  [  0 146 397 373  34 257 314 324 129  95   0 184 291 195 178  53 269
   294 302 103 386 165 128 222  33 164  27  54 398 112 263 168   0 148
   181 152 236 305 154 325  82 332 109 196 370 163 174 307 362  77 280
   190 213 374 175 327 285 326 135 108 364]
  [  0 259  97 154 254 130 242  95 269 329 221 246 275 142 347 199 180
   164 379  89 400 295 381  46 349  82 142 248 140 139 317 395 384   0
    41 374 200 252 220 332 204 201  74   3  36  43  54  63 245 195 287
   225  65  51 302 350 272 330 269 279 236]
  [  0 338 343  64 292 294 401 224 120 275 156 170 306 133  60 383 384
   106 145 312  78 330  55 310  68 295 286  18 223 114 119  34  51   1
     0  81 317 360 330 217 369 312  90  96 232 279 323  17 232 327 131
   255  76  61 186 101 161  89  17  77  88]
  [  0 311 376 192 109 286 123   0 260  90 240  98  58 224 325  14 337
   396 264 221 344 394 355 150  83  58 195 122 125  52 294 197  51 106
   161   0 155 407 273 207 380 188 235 372 178 204 180  99 396  55 291
    79  69 217 312 252 225  20 159  61 265]
  [  0 147 365 382  45 165 387 273  91 383 304 355 136 106 217 178 351
   107 105 284 193 303 261  24 372 405 319 212 197 123 220 144 225 328
    75 153   0 386  71 340 130  77 254 215 163   6 355 342 349 369  33
    54 376  97 403 176  92 117 390 257 368]
  [  0 114 340 281 326 398  20 191 375 308 317  97  10 293 282 283 396
   308 178 366 316  47   5  39 257 105 124 197 161 235 295 225  57 194
   197 154  16   0 170  78 370 349 349  22 186 337  70 128 250 124 298
    22 306  11  95 357 388 270 311 254 100]
  [  0 109 165  99 169 298  75 140 368 365 249 405  78  51 274  60 377
    84 333 349  19  36 173 217  14 284 354 348 405  92 138 269  56 299
   403 125 157  56   0 202 246 370   8 139 106  60 206 257 189 182  76
   240 232 220 314 136 248 402 187  52 128]
  [  0 371 164 121 385 310  93 180 112 373 386 161 269 343 206 235 336
   249 163 317  89 144 116 401 310  64 242 139 141 373 197 163 173  62
   154 123  41 137 244   0 144 320  52 359 193 198 334  29 373 242  71
   396   4 385 166  61 263  97 210  57 385]
  [  0 203 194 154 335 362 211 371 212 190 269 271 114 332 207 364  84
   129 223 393 254 122  42 289 149 382 163 331 248 381 202 275  83 171
   340  88 116 260 183 170   0   6 146 307 316  26 399 118 354 226 232
   329 107 313  56 150 107  50 279 250 205]
  [  0 300  82  21  39 324 275  44 248 303 167 261 141 387 160 376 304
    29 179  78  58 270 340 145 298  57  82  16  16 148 384 184 148 346
   376 228  86 132 404 184  61   0 154 203 370 349 380 122 213 398 342
   405 186 139 250 387 131 254 267 367 204]
  [  0 163 346 240 389 141 220  26 403 201 150 371  39 319 349  14   9
    14 130 356 225 285  55 302 198 133 135   5 298 331 108 365 249  15
   262 381  43 278 325 173  45 371   0 280  60 300 241 258 233  82  43
   391 119 140 264  49 217 300 315  29 198]
  [  0 191 117 378 128  72 297 276 290 146 159 329 333 125 217 304 114
   268 399 319 108  80 101 309 186 395 380 125 278  41 157  42 392 387
   101 288 281  89 269  20  57 103 319   0  52 360  10 198 356 372 368
   139 206 369 280 151  28 399 325 376 151]
  [  0 253 165 350 253 289 219 208  35 187  35 332 286 336 373 383 277
    94  95 353 143 373 261 289 183  13 127 187 341 219 241 318 316 157
   275 366 372 153  88  60 295 166 325 276   0 327  28  62 273 152 377
    93 135 334 143 386 400 357  73 280 207]
  [  0   0 153 195 248  76 324  12 205  85  19 294 212 227 205  37 379
   284  81 345 102 339 196 239 356 404 204 111 385 320 305 397 308  27
    63  50 323 214  29 182 293 225 395 130 206   0 183 161 172 247 394
   128  60  97  15 374 162  87  57 267 113]
  [  0 219  20 265 261 104 367 358  83 392 246 267 384  27 340 300 179
   190 197 279 126 179 364 324 124  69 197  50  73 160 131 366 180 229
   319 170 349 263  57 242 139 226 317 340 224 319   0 349 156 347 381
   157 158  82 382 220 351 398  42 296 114]
  [  0 386  93 187  36 205 216 143  33 329 309  45   3 354  78 400  82
   272 341 256 400 179  95  40 193  29 171  76 302 362 208  57 139  96
   200  37 184  61  49 143 293 140 128 288  38 389  41   0 174 203 289
   163 117 204  94  33 192  12 326 184   5]
  [  0 365 191 130 371  34  89 209 242 345 256 199 266 121 139 211 154
   311 111 201  44 181 204 268 130  46 363 335  90 330 191  71 380 156
    99 340 395 234 183 256  18   1 334 310 352 220  10 180   0  24 388
   301 378 305 290 331 331  52 119 163 246]
  [  0 284  24 236 371 208 206 195 329  94 181  82 143 371 145 333 385
   230  39 405 357 288 169 400  24 193 193 112 134  36 289 382 323 405
    15 129  50  41  85 358 330  98 367 404  29 148 103  86 119   0 202
   298 267 175 270 327 142  84 311 123  80]
  [  0 313 237 226 306 387 284  47 400 296   9 313  17 125  90 354 364
    17 401 335   9 335 185   5 256 123 295  22 341 258 160 160  74 358
   163 256 131 159 242 204 266  14 322 337 305 266 179 204  67 282   0
   219 377 293 332  54 172   9  69 183 254]
  [  0 393 327 363 152 258 381 200 270 280 316 295 320 251 234  25 220
   167 253 284 214 100 232 315 319 373 242 253 138 131 104 149 151 330
   148 173 341 350 389 377 292 105 373 221 353  51 248 147 221  55  86
     0 336 134 321 261 124  99 317 305 139]
  [  0 304  90  46  24 375 136 194   4 111   2 175 278  11 313 279 265
   200 303 405 107 138 295 150 121 336  70 259  66 368  44 121 244 397
    41 371 121 176 136 332 304  58 158  98 125 203  29 376 398 290 179
    34   0 256 228 244 120 282 200  73 248]
  [  0 292 189  40  74 360 370 269  36 372 374 210  84 296   7 273  88
   190 290 385 240 383 273 389 209 193 250  21 136 311 170 347 151 201
   153 192 132  37   0  28  54 138   0 261 340 255 192 181 395 397 256
   289 116   0 119 114 184  36 100 210 190]
  [  0 150 107  21 395 112 164 221 325 255 267 171   7 262  96  36  42
   246 375 136 286 314  40 272  80 300 390 347 342 142 207 189 133 241
   101 366  43 157  80 374 267 159 184 189  90 132 272 127 142 293 124
   192 261 341   0 366 183 288 324 138 275]
  [  0 248 282 250  12  52 377 157 372 278 392  94 347 242 124  72 178
    44 171 325  74 163 278 368   4 224 243 402 216 216 154  45 119 110
   136 374 101 144  35 313 154   6 142  10 206  61 312 357 185 344 271
   304 388 400 376   0 252  48 145 336 109]
  [  0  86 356 364 250  66  39  62 298 404 112 129  17 346  92  54 357
   148 111 148 305 316  44 183 181  85 138  34 332 371 161 139 332 285
   183 132 291 159 216 176  33 400 236  62  99  60  11 319 221 329  94
   258 225  52  59  54   0 246 371 131 316]
  [  0  29 207 246 246  86  89 224 162   2  93  42 287  14  24 118 251
   204 172 386 200   8 243 106 364  59  57 215 404 161 264  93   1 242
    60  35 268  48 299 153 215 375 122 372 182 353  91 213 329 312 357
   119 191 289  21  50 137   0 225 311 110]
  [  0 149 120 132 375 340 277 223 361 199  10  28 178  68  16 272 321
   131 122 255 190  77 380 345  66 267 117 232 265 300 203 213 187 341
   263 251  14 296 327 254  20  87  95 189 118 383 175 406 251 395 128
     0 171 315 247 293 272 163   0 389 285]
  [  0  90  29 256 367  62 392 390 185 250 339 383 195 131 187  24 365
   113 368 190  11 331 356  42 382  56 339   4 218 376 158 240 118 188
    99 102 360 284 226 320 262  37  20 376 378 390 104 166 226 355 253
    33 149 258 164 234 270 344  74   0 214]
  [  0 369 166 131 211 407 101 247 360 194 324 369   1 128 270  83 177
   363 204 224 363  70  10 116 219 309 235  56 245 358 239 181 206 134
   350 389 349 117 209 127 137 211 244 301 162 114 213 165 189 308 307
   261 151 360 243  98 369 224 230 336   0]]

 [[  0 201 214 302 377 223 103 369 339 198  76 167 109 289 301  19  21
   154 271 181 208 218 323 203  30  77  22 251 258 187 186 275 134  57
    78 169 220  58 331 241 406  65  32 376 288 115 190  15 304 349 170
    46  36 153 177  17  90 249  78  92 204]
  [  0   0  70 199 312 250  44 140 162  54 194 172 258 379 358 244 214
   348 277 182 133 149 238 231  43 119 263  12 157  80 154 161 209  54
     8 234  29 357 363  80  51 292 330  78 205 323  85 250 360 265 194
   207  29 301 248 384 243 227 187 334  69]
  [  0 158   0  22 173 352 217 353 336 165 248 239 216 251  70 338 275
   264 336 378 215 317 119  55 405 171 152 368 200 226 137 358 269 151
   364   4 259 144 129 322 254 361 161 349 358 295  40  18 185 406 172
   296 378 256 341 403 210 348 188  61 281]
  [  0 373 380   0  20  48 218 388  88 354 132  51  38 296 147 404 187
   275  82 132 313 329 158   6 181 206 372  96 121  73   4 243 245 277
   373 355 328  15  16  45 266 173  64 395 394 332 395 112 244 377 189
    50  94 182 330 221 164 373 361  42  96]
  [  0 347 187 378   0 249 381 366 346 359 320 132 338 114  30 210 205
   288  74  46 380 169 205 386 351   9 276 201  57 144 215 272 374 266
   311  91 389 202 165 330 391 228 286 398 395  37 103 112 182 133 283
   329  70 130 291  55 244 352  33 390 203]
  [  0  27 245 373 377   0 362 267 226 145  51 231 138 310  13 113 356
    11 386 260 177  19 125 164 162 144 159  36  56 150 180 142  67 279
   383  65 341  89 113   6 123 382  62 265 365 181   0 318 340 115 174
    40 122  48 266 391 393 403 317 219 231]
  [  0 171 157 254 102 312   0 220  73  78 382 379 269 167 195 358 379
   131 370  80 334 362 334 184 116  72 396  69 159 125 360  95  18 393
    94  77  32 159  32 321 370 161 231 229 360 172 138 370 255 354  20
    79  42 324  67 146 197  37 278 189 153]
  [  0  88  38  80 204 336 161   0 333 351 253 407 316 118  42 370 163
   343 100 283 208 191 228  44 211 189 173 184   7 131 252 177 184  70
   299 133  70 201 253 179  30  10 210 107 195  64 298  94 207 338 332
   271 238 296  61 371  38 169 311 183 314]
  [  0  30 249   3  97 155 328  50   0 149  24 147 102 398 192 206 200
   111 242 271  16 118 123  82 288 358 322 138 259  89 294 175 404 381
   179 109 201   2 254 198  47  92 260 247  62  13 278 353 167  98  12
    54  29  66 330 368 276 402 187 144  99]
  [  0 394  26  57 405 161  80 193 401   0 357 350 118 404 150 234 269
   135 267 267 324 288 281 214 251  54 329 239 144 397 304 213 253 149
   241 240 334  43 285  95  67 364 272 299  54 170 280 356 404 403 132
   381 236 103 136 320 114 345 363 249  31]
  [  0 355 276 222 308  64 258 164 212  71   0  28 307   3 171 122 142
    90 206 174  37  27  16  11 198  53  24 406 102 258 107   3 360 167
   226 268 242  31  55 170 260 317  80 151 187 188 357 136 276 366 225
   198  13 387 169 151 262 241 262 150 115]
  [  0 361 217 223   4 257 290  54 113 250 290   0 120 256 317 303 174
   237 261 310 305 234  71 324 276 346  85 308 190 171 238 381 148 294
   147  19 217 223 392  84  35 330  63  98  31  76 113 267  30  13 377
   111 259 167 305 251 142 311  31 354 369]
  [  0 167 389 206  52 230 192  33 278 153 381 324   0  75 215 342 179
   154 281 215 144  52 344 109  86 333 305 266  25 331   8 376 393   0
   351  19 222 198 367  98  62 163 134 283 130 250 102  28 323 384 328
    19  91 290 400   6 363 340 232 207 126]
  [  0 237 145  71 327 397 367 306 326 270  13 310  40   0 160 165  56
   349 152 356 184 376 147 294 399 165 111  15 135 285  56 355 237 172
   171 290  22 307 181 281 156 207 320 275 105 133  26 313  44 114 105
   100  62 142 380  40 172 389   5 137 178]
  [  0 215 212 184 337 216  86 304 327 279 236 329 385 310   0 395 353
   163 118 233 374 143 332 230 341 138 248 165 334 118 262 269 403 265
   136  25  34 316  96  16  18 301 178 104 352 159 142 367 180 286 110
   255   0 132  58 235 289 221 321  63 309]
  [  0 177  27 278 379 318  52 403  24 112  12  82 315 360 233   0  85
    53 383 260 283 119 230  99 125 161  17 211 262 236 336 264 292 129
   268 267  48 232 166 172 346  44 250 285 335  96 229 401 164  28 379
   166 289 325  25 120 355 168 210 144 228]
  [  0   5 197 207  22 141 111 299  99  59  90 287 134  73 252 386   0
   377 340 166 374 371 390 367 216  63 105  29 386 351  19 228 200 275
    43 321 173 134 215 138 204   1 108 399  52  26 387 294 302 184 101
   357 337 374 281 222 377 216 258 332 127]
  [  0 110 344   1 387 317 248  14  65 208 207 248  48 322 136 134 266
     0 122 355 318  56 184 100 286 244 191 382 367 365  73 222  69  80
   351 258 201   5 355  68 319 242  94 127  21  24 168  28 133  65 204
   341 391 347 180 128 405 399 186 210 107]
  [  0 106 247 388 100 206  14  53 283 186 403 254 336 290 235 157 114
   116   0 294 325 321  84 395  63 300 231 256 336 196  54 227 197 173
   203 226  81  42 397 254 210 360 128 335 258  59 211 193 203 119 109
   282 276 236  66 179 156 171 279 383 379]
  [  0 237 217  95  15 402 130   3 245 108 106 395 329  35 402 323 294
   101 209   0 153  91 388 300 194 173 188 260 401 191 394  92 253  92
   365 389 289 132 153 147  17 101 374  58 191 167  47   8  90  81  28
   223 188 367 232 386 263 363 376  13 263]
  [  0 246  83 330 168   5 337 186 403 146  55  20 328  12 166 235 139
    39 309  23   0 321 319 121 136  46 116 249 134  99 216 284 308 380
   378 130 176 275 277  41 273 197  76 402 153 283 282 243  19 384 205
   301 227  83 162 141 330   4 192 364 406]
  [  0 303 291  55 245 237 121  99 294 328   9  41 112  32 332 173 186
   351 213 215 332   0 366 183  93 278 198 149 116 284 262  67  24 281
   245 370   0 330  99 110 146 291 309 107 118 265 103 142 181 186 343
    50 310 310 343  11 196 145 229 237 118]
  [  0 197 276  83 158  71 212  68 181 222 171  75  70 212 307 393 349
   247 136 111 239 300   0  79  92 315 393 258 361 173 265 264  77 190
   329 313 205 227 192 298 114 225 268 163 124 222 390 343 362  65   6
   272 160 353 258  41   6  46  32 183 246]
  [  0  94 251 290 385 303  71 141 282 214  19 223  45 382 318 198 246
   122 207 189 361 299   0   0 247  91 147 285  67 277 352   0  23 208
   397 322 120 267 193 223 304 202  96 221 210 284 365 292 264 289 288
   160 243  27 406 272 188 215  83 117 387]
  [  0 132 226 332 129 260  22   3 128 300 204 369  89 224 185 358  30
   211  38  10 259 386 179 362   0 191 186 242 185 318 377 371 250   4
   346 204 276  83 217 136 215 195   1  43 164 223 111 160 230 184 297
    12 277 367  69   4 284 280 280 163 115]
  [  0  22 382 336 295 339 403 229 189 322  50 329 338 362  49   0 322
   154 235 338 164 391 107 153  60   0 265 324 149 346  93 344 328  17
   173 383 385 104 254 210  49 177 379 107  81 106  43 395 118 340  78
   157  67 107 106  52 224 110  91 399 116]
  [  0 320 123 241 235 215  63 202 223 160 196 102 245 159  45 209 296
   374 296 165 158 128 307 204 375  40   0 194  97 201 374 183 125  88
   102  53 357 294 376 141 314 129 307  63 114 126 287 204 369  94 207
   252 397 186 112 126 286 128  84 200 132]
  [  0 259 308 256 114 284 354 210 359 127  71 248  65 397 274   7 365
   365 187 178 299 318 196 372 336  21 393   0 198 332  79 285  39 220
     4 216 352 298 168 189 246  10   6 114 243  79 351 285  47 326 276
   262 187 330 355  69  29 281 187 374 323]
  [  0 207 393 159 142 146 166 198 280 222  35 295  18 205 399 297 136
   338 385 370 148  26  47 354 311 207 248 324   0  64 207 390 325 369
    74 149   7   4 208  34 404  74 215 131 236 256  42 279 363 199   8
   322  68 144 107 134  50 226 217 209 125]
  [  0 268 266 319 273 285  22 251 195 307 297  15 318 328 315 162 270
   403 125 158 144 386 127  10 318   0  90  94 130   0 375 385 112  69
   232 376 190 398 355 396 333  54 261 148 173 338 296 119   5 142 241
   363 146 360  80  69 105 171  63 308 196]
  [  0 384 271 287  18 228  84 316 169 247 346 325 111 384 354 338 145
   260 293 232  53  38 393 301 314   1 198 265 378  99   0 215 398 170
   229 385 336  32 271 381 156  13 136 158 149 221 195 356 163 225 217
   124 342 255  89 185 198  41 211  18 313]
  [  0  77  99 194 353 273  69 207 395 278 266  63 136 291 279  33 117
   264  64 176  81  71 365  49 324 112 214 351 296 281 174   0 265 276
   127  77 101 141 224 329 401  46 359 150 299  33 389 365  79 250  58
   226 354 346 402 150 236 263 151 255 176]
  [  0 210 310 352 162 242 330 140  80  51   2 253  25 231 233  40  35
   344 160  44  59 283 347 369 145 101 199 341 172 188 382  46   0  53
   217 306 299 268  42 178 394 323 201 195 237  44 100 158 118 229 379
   282 275 233 312 175  84 378 385 290   2]
  [  0 307 246 283 109  18 231  47 388 233  31 255 388 400 391  92 322
   275 172 324 382 250 245 157  31 232 198 402  88 171  81 105 251   0
    48 261  14 169   7 116  12 124 164  63 339 244 308 317 101 371 164
     5  85 110 121 334 114 223 193 157  30]
  [  0 145   7  77 264  83 356 242 395 258 235 273 100 300 203 400 153
   246 381 225  70 218 102 354 144 281 153 106 403 234 319 349  37  78
     0 211 226 298 107  68 211 351   3   0  16 258  57 267 129 366 179
   255 304 143 291 200 393 241 257 325 339]
  [  0 106 238 163 242 272 198 135  84 215 392 289 264 294 141 133 259
    75 206 270 254  54 306 267 397 171 292  85 332 282  15 247  54  55
   206   0 186 105 275  63  55 354   0 292 108 211 392 316 284 344 345
   163  79 364 200  90 331 250 156  53 238]
  [  0 307  74 308 218 287  43 289  95 231 141  40 277 212 374 318 185
    22 191  37 341 325  50 166 224 332 177 282  57 364 224  21  87 265
   171 248   0 305 376 319 393 101 159 279 355 301  39 141 275 139 311
   287 360 321 363 176 309 217 176   0 113]
  [  0 144 292  10 311 390 143  88 311 106 322  17  86 267 397 102 193
    66 346 331 204 238 376 132 340 383  40 392 250 120  75 331 304 322
   121 211 101   0 297 180 227 136 327  99  35  12 172  72 297 242 384
   252 102 120 220 400 319  95 251 217 122]
  [  0   4 392 179  93 312 242   9 128  24 296 336 172 200   5 286 185
   364 241 175 350 117 115  32 160 351 361  84  25 275 381  77 152 156
   114 225 392  34   0 278 336 386  94 170 361 174 128  53 239 264 176
     3 208 198 120 247 375 315 369 141 357]
  [  0 183 148  77 105   3 202 264 165  62 155 374 332  65 264 306 381
    26  65 109  18 151 244 300  30 226  67 322 317 220 201 196 228  72
   130 168 113 159 162   0  47 216  33  81 194 292 387 209  38 319 184
   341 326 319 146 271 331 254 171 360 123]
  [  0  32 328 310 275 225 403 334 373 361  49 317 184 387 167 119 377
   350 321 379  75 189  35 254 208 105  14 380 330 228  76   7 390  66
    53 401  56 370 116 329   0 322 334 331 231 243 205 198 205 288 345
   160 323 277 381  14   5 335 198 369 405]
  [  0  16 223 220 159 362  95 291 363 128 329 395 241  98 151  85 312
    61 126 140 216 118   5 343  52 245 388  47 100 102  53 106 405  33
   394 266 395  83 142  52 182   0  56 308 386 327 401 193 366 356 404
   167 156 362 260 311  18 274  50  21 154]
  [  0 246 313 108 120 406 151 243 192 376 118  58 320 271  20 131  39
   132 353 303 111 117 254 365  66  64 397 343   3 344  15   9 383  70
   128  46 184 277 280 156  19  95   0   5 168 228 179 240 211  57 155
   234 144 278 324  21 229 186  27  96  19]
  [  0 122 362 293 106 398 333  51 313 298 398 392 404 120 349 271   9
    40  41 397 274 339 202 302 108 225 333 320 162 271 193 316 205 391
     6  31 362 124 244 159 138 200 326   0 399 146 347  59 151 362 207
   314 370 330  41 253 109 109 143 149 115]
  [  0  70 178 368 141 214 200  92  13 238 342 166 372  71 193 146 391
   346 318 149 367 331 304 269 367  39 309 219  44 125 359  16 238  20
   360 326  47 233 191 368 297 385 371  94   0  43 350 273 259  14  54
   329  59 229 232 194  25 160 158  57 283]
  [  0   0 385  96  43 205 282  11 244 321   8 368 338 182 101 136 227
   325 107  55 113 102 208 288 277 128 235  69 145 400 147 220 127 386
   345 395 156  37 323 123 170 122 206  19 391   0  56 161  31 194 107
   101 368 255 257 370 330 304 335  24 375]
  [  0 374 204 127 300 100 398 146  37 306 116 185 308 352 334 200 235
    90 259 243 178 290 353 227 268 376 172  38 104 282 202 165 141 368
   215 344 315 125  48 347 277  83  58 251  69  78   0  56  47 310 250
   358 365  17 280 150 396 145 209 268 290]
  [  0  17  63 315 135 247 128 352  83 376 278 265 317 316 385  35 146
   227  10 378  21 142 289 319 362 155 324 362  44 150 100 397  49 287
    16 398 379 218 272  97 201  34  65 143  57 163 367   0  49 143 305
   104   0  82 346 205  41 166 401 341   3]
  [  0  65 304 273  34   6 298 162 133  97 389 111 372 101 398 197  47
    79 221 213 110  60  86  72 303 193  99 144  41 192 133 382 277 366
   136 208 232 364 238 223 144 349 319 183  39 183  76 269   0 220 295
   199  60  15 152 348 190 362 406 372 322]
  [  0 149 252 143 351 193 189 174 202 328  91  14  64 250 213 389 110
   102 252 156 407 157  53 395  74 298 356 139  10  29 355 226 147  76
   250 151  94 386 198 192  70  26 299 256 304   9 343 209 291   0 344
   232 393 186 194 278 179 103  60 222 163]
  [  0 392 218 322 161 269 326 178 168 298 340 306 407 274 289 296 268
   230 168 282 305 160 301 354 380 335 112  29 400 404 105  60  25 177
   169 152 257 212 284 394 108  14 234 142   2 290 138 350 338 348   0
   206 316 372 225 323  88  70 154 277  62]
  [  0 143 103 348  46 388 121 286 336 152  52  64 329  64 315 157  57
    16 100  51  44 262 235 254 115 349 240 377   2 307 187 359 404 369
    40 391   7  55 308 404 142  58 143 397 182 221 382 301 162  19 333
     0  63 238 329 264  33  19  59 205 320]
  [  0  79  73 166 284 235 234  81  66 318 276 239 104 103  94 249 125
   117 223  69  38 116 398  36  54 391 378 300 306 291 168  55 325 216
    61  49 182  55  12 345 161 116 227 399 386 193 140 321 298 317  69
   201   0  55 192 358 206 338 272 116 332]
  [  0 400 122  59 198 353 151 197 164 383  87 206   9 389 127  48 157
   248 347 395 368 374 236 130  95   3  68 140 209 221 388 230 357 379
    67 273 267 342 284  23 390 263 311 286 229 335   2 135 167 258 382
   325 232   0  52 185 207 374 264  76  58]
  [  0 336 256  42 217 157 346 263 309 287  34 246 146 305  78 331 130
    11 397 332  31   5 288  79  13 197 392 303 363   9 290 362 270 296
    23 108  97 206 322  91 268  93 322 299 327 124 404 238  11  71  60
   337 401 137   0 293 183 101 237   0 156]
  [  0 301 390 381 347 147 287 159 351 338  16 131  15 183 373  63 178
   165 385 191  47 319 338  55  79 144 119 257 299 303 315  32  84 263
   120 169 103   8 137 246  55  46 206 305 113   9 265 299 227 284 279
   144  32 336  46   0  33  27  41 249 305]
  [  0 259 295 303  40 256 360 236 252 252 266 289 357 370 170   6 110
   268 180  71 223 137 158 217  93 364  34  84  46 403 263 362 254 218
   149 292 329 332 116 228 301 117 386 298  79 300 223 304 298 388 333
   387 351  46 259  67   0  97  43 149 283]
  [  0  97 114 164 291 269 342 186  41 131   4 312 158 301 148 373  21
   371  55  58 154 141 383 175  32 351  12  59  63  94 196 399 369 139
   208 213   1 269 273 202 395 302 381 201 246  16 257  47  90 261 259
   392 128 141 139 188 103   0   3 372 262]
  [  0 213 154 406 180 158 140 296   7 280 211 291 274 167  36  79 400
   352 193  14 335 339 287 304 136 398 207 298 111  83 230  24 342 360
   277 372 193 135 399  12  58 346 361 188 140   3 312 131 216 216 324
    76 375   6 386 163 274 233   0 329 323]
  [  0 143   5 202  54 131 112  48 342 287 170  54 187 323 190  61 395
   113 391 146 288  65 275 142 310 289 147  14 271 137   7 165 300 331
   306  34 192 266 229  17 273 234 171 334 237  65 378 276  38 137 261
   322  35 338 225 398  44  84 296   0 385]
  [  0  58 358  95 133 181 319 294 212 230 105 192 374 251 171 261  69
   269 237 231  40 242 240  71  26 370 147 278  40 185 353 357  57 262
   263 314 318 386  37 361 176 183 200  11 253 344 141 237 133 344 296
   251  82 107  87 105 233 198 258 151   0]]

 [[  0  58 110 277 379 213 316 392 165   6 321 154 185 288 121 143  17
   321 361 154 252 224 168 300 308 157  60 289 291  48 333  27  65 320
    44  25 327 205 399 366  75 308 321 292 290  60 169 344 215 331 399
   251 350 245 204 326 143 120  44 134 169]
  [  0   0 181 238 374 103 211 355 143 221 312  63  59 155 227 264 324
   196 140   4 318 220  74  93  16 234 400 262 249  63  27 157 405 376
    52 329 200 138 178 314 340  19  40  26 247 210 384  47 343 127 242
   283 379 223 222  61 182  37 160 232   6]
  [  0 264   0 389 245  93 314 129 382 212 320  52 281 311  23 372 146
    80 155 109  65  79 236  18  82 184 243  71  10  82  39  54  85  37
   326 230 363 390  47 133 387  88 233  60  46   6 140 150 288 121 152
   343  58 218 188 212 228 369 344 379   8]
  [  0  82 323   0 214 344 179  65 290 167  79  97 206 142 318 174  77
   145 124 402 364  45 374 142 263  99 105 365 404  59 261 128 122 385
    37 370 217 248 344 203 310 301 371 129 217 348 390 161  62 315  90
    59 180 127 104 295 335 136 289 100 249]
  [  0  58 237 102   0 327 293 182 389 386   3 131 150 182 168 403 259
   257  70 122  83 353 351  66 321 195  64 353 325 191 257  89 397  28
    15  21 351 264 346 170 203  75 121 100 352 117   6 377 310 371  29
    78 203  81 205  10 133 328 315 155 322]
  [  0 249 308  63 305   0 196 189  64  16 257 280 360 150 322 151 342
   149 267 125  83 393  34 180 238  81 335   0 185  71  39 110 232 209
   193 168 229  16 244 312   0   0 194  80 289 353 343 138 340  38 341
   207 268 358 255 105 236 393 267 139 368]
  [  0 338 320  24 175 143   0 111  63   3 156 144  92 148  36 169 157
   159 373 361  64 347 291 311 130 179 178 266 183 177 277  46  41 337
   141 135 132 272 125 145  75  76  48 134  24 218 390 345  35  60 380
    29 141 147 389 387 250 183   3 274  65]
  [  0 349  41 227   1 375 193   0  49  37 387 239  33 401 133 329  89
   390  24 137 142 209 139 104 222  39  64 198 381 234  49  77 354 152
   173 231 119 120  35 141  48  81 182 373 358 375 389  52 346 112 174
    64 110 136  92 214 113 122 360 113 236]
  [  0  17  31 223  65  53  38 397   0 228 134 211 268 302 198 402  16
   131 167 267  72 193 143 305 240 393 182  97 190  32 218 181 139 153
    14 334  69 318 257  41 251 326 304  66 330  38 363  82  86  78 193
   212  51 364 302 314 343 352 223 346 250]
  [  0 314  49 384 272  46 114 203 100   0 285 332  72 406 225   8  47
   350 165 283 318 121 196 339 287 277 100 296 282  14  86  38 407 235
   312  63  44 299 231 311 276  73  96 402  56  68 153  22   4 291 252
   351 255  69  84 146 329 161 358  43 384]
  [  0 338 171 203   6 164 119  60 231 311   0   8 302 172 151 372 196
   245 135  37 151 376 283  85  48  65 387 292 384 127 111 261 366  67
   188 345 103 201 185  24  72 401 340  83 392 208 322 350 313 125  53
   185 307  83 120 394 286 289 169  59 303]
  [  0 119 323 334 308 308   4 314 193 249 231   0 397 351 353 331 379
   290 404 147 295 177 326 150  26 125 138 259 280 152 163 275 159 191
   169 196 356  25  68  97  56 344 238 296 234  54  49 129 182 221  92
   280 276 300  85 150 380 349  10 308 130]
  [  0  66  89 150   4 377 388  13 283 385 312  73   0 281 194 177  61
   132  62  39  20 330 147 154  78  53 347 167 299 321 217 147 309 330
   364 327  85  11 122 386 281 333 238 338 255 387 404 225  20 128 216
   325 219 249 239 299 203 229  51 135  69]
  [  0 101 208   9 371 143 203  17 342  38 391 283  64   0  19 313 311
   339 356 132 375   7 199 150   2 389  77 165 359 134 247   7 129 280
   188 262 315 377 135 362 394 388 305 166 394 279 163 330 193 104 347
   347 396 105 331 263 214 218 112  36 210]
  [  0 340 280  50 241  67 396  27 123  14  27  29 384 334   0 351 392
   166 182  51 215 107 372 332 336 301 199 278 145  11 329 378 363  77
    38 155 292  92 387  26 115  62 378 389 295 396 137 204 384  38 248
   196  30 321 273 256 128 227  12 343 164]
  [  0 353 131 121 297  43  43 388 255 290 367 313 321 372 197   0 378
   129  87 136 271 209 264  36 230 312  27  23  79 234 210 257 244 401
   202  60 228 344 221 127  27  92 376 230 108 297 149 303 120 236 293
   271 291 290 317 326 207  92 190 404 199]
  [  0  23 340  92 141 177 123 342  66 101 374 176 210 142 316  27   0
   152 401 319 192 309 333 269  24 386 264 355 310 267  85 400 379  65
   301 339 316 314 198 242 247 131 361 290 405 239 213   2 361 352 238
    14 164 361 142 342 234 178  50 183 185]
  [  0 277 124 268  64 286 350   3 262 119 377  49 216 375 319  88 154
     0 401  44 233 393 222 268 284 266 301 189 155 324  43 211 245 218
   374 126 152 215 270 209 155 360 311 310 376 406 301   4 264 176 158
   244 402 338  27 109 154 263 302  16 143]
  [  0 113 386 306 237 129  90 363  47 220 286 325 320 331 228 331 295
    97   0 115 290 153  70 312 382  61  82  72 340 370 161  88 210   0
   332 123  15  47  21 147 245 380 196 400 269  53 240 313 316 139  77
   198   0 135 186  36 373 379 148 272  38]
  [  0  27 106 184 364 229 321 104 111 216 110 324 277 197 346  54  99
    76 328   0 351 153  64  85 179 397 352 114 146  95 330 379 215 271
   197 200 377  29 225  33 383 253 205 296  28   4 164 116  91 187 187
   126  27 176 326  29  20 191 152  32 281]
  [  0 271 124 353  11 391 177 355 278 345 271 331 361  61 190  61  76
   264 104 331   0  37 306 352  12  34 180 283 306 205 194 185 248 119
   198 118  30 260 278  17 225  89 300 256 100 123  73 309 344 315 327
   318 396  18 113  72  99  61 253 208 284]
  [  0  78  74  57 381 329 159 191 382  65 321 240 196 190 259 286 127
   103  89 104 282   0 345 294 116 265 350 296 335 204  25 356 245 207
   135 136 272 154 143 400  30 382 260 255 290 179 288 145 379 159 211
   227 323  83 263 213 101 122  48 233 138]
  [  0 112 101 222 297 333 259 116 339 307  20 111 350 228 111 232  97
   279 194 114 258  60   0 148 132  41 188 193 175  44  10   1  63 318
   364 137 328 250 331  86  56  42 113 178 166  87  61 308 108  33 162
     1 388 291  16 197  81 319 356 280 376]
  [  0 327 301 257 184 122 104  74  12 296 177  34 346 224 319 351 331
   378 270  96 225 197  20   0  48 228 360 243 300 207 191 310 300 281
   264 208 307 254 308 340 178  81   1 142 361 345 116 312  19  48 210
   354 219 316 238 144  41 344 355 228 135]
  [  0 141 314 156 280  48  82 304 333  31 377 105 303 136 304 183  21
    90  29 131  76 311 129 259   0  69 372   1 126  65 260 394  66 174
   136 323 168 311 182 264 103 101 264  68 243  46 128   5 353 313 366
   103 396 267  78 149 387 171 336 244 193]
  [  0 158 195 361 361 237 301  86 277 249  54 177 118  15 406   3  19
   102 231  62 218 208 139  43 105   0 137 256 192 377 241 325 286  35
    27 147  39 293 111  12 249  35 316 345 386 249  27 136 353 287 127
   237 266 327 331 107  29 233 212 217 385]
  [  0 333 119 312 116 232  39 303 210 396 313 163 276 293   7 390  94
   156 241 220 166 103 346  71 218 378   0 197  55  40 239 362 260  84
   135  33 210 233 385 265  95   7 190 274 142 178 104  38 254 373 274
   399 331 396 365 360 227 288  41 177 375]
  [  0 142  25 195 276 109 166 227 248 381 283 171 329  68 194 107  18
   402 110 298 340 200 319  82 309  40 388   0  16  54 368 108  43 186
   370 397  76 377 380 387 291  28 122 399 176 187 349  47 104 212 234
   283  91 240 306 235 249 182 340 289 231]
  [  0  39 158 200 363 323 130 331  88 359 251 320 252  13 188  87 152
   189  55   6 188 309  69 385 379  59  80 228   0 203 235 342 220 357
   177 151 355 322 373  15  36  10  67  61 231 139 312 295 265 120  18
   320  75 150 306  48 256 100 333 384 253]
  [  0 294  37 310 342 149 333  40 119 215 308 278 171 287 133 327 204
   371 401 250 269 396 378 231 270 179 198  66 163   0  30 362 236  59
   104 104  19 184  30 372  40 100  25  58 383 378 386  40  94 121  83
   364 332 311  46   0  41 129  44 301 370]
  [  0 295 369  94 221 309  95 140  59 338  91 339 111   7 385 220  39
    22  78 245 157 388 376 360 136 318  27 293 159 262   0 355 204 186
     6  79  81 287 252 279 267 268 261 293  99  67  67  80   9 220 337
    54 167 134 382 100  74  31 102 238  24]
  [  0 276 396 134 123 299 104 121 404 110 406  17  39 271 128 112  46
     2 348  25 158 184  33 131  93 148 371 153 135 108 171   0 200 251
   110  23  61 223 258  68 177  80 363 158  61 362 106  89 362 357  55
    14 369 268 226 275 275 358  64 130  58]
  [  0 292 358 348 127 198 182 109 402 206  33 338 249 307 103 323  49
    73 236 322  45 334 391 128 235  95 291  22 323 282  90  13   0 329
   224  90  87 340  42 232 362 276 290 362 273  83 348 334 232  55 325
   215  33 292 236 402  57 165 108 404 321]
  [  0 119 363 259 335 164 353 318 186 297 154  24 237 342 283 270 236
    65 101  62 226 154 230 272 190  56 326  52 316 175 246 271 249   0
   390 395 299 298  29  70 378 166 177 211 124 108 366 317 374 311 348
   158 258 276 320 170 306 132 151 194 109]
  [  0 340 135 313 214 157 254 368 329 206 215  86 174  24 115 385  41
   312  75 144 367 301 130 288 384 343 300  49 321 224  93 311 273 264
     0  51 338 195 407 292 113 334 302 347  17 260 392 264 169 199 291
   273 344 340 324 319  11 249 357 393 289]
  [  0  66 343   4 289 222 343 374  91 223  80  19 125 154   3 351 173
   246 106 293 226 225  51  92 272 393 161 395 293 224 220 121 244 329
   134   0 285 221 117 301 241 296 124 287 278 256 193 403 405 335 263
   259 157 315 323  13 307 394  82 225 179]
  [  0 159 204 202   6 258 204 374 264  79 325 253 291  45 192 126 165
    87 267 225 118 102 274  19 234 329 275 260 122 188  36 117 322 207
   155  24   0 168 177  16  82 355 315 138 376 161 209 327  52 106  42
   378  87 184 175 274 270  56 387 250 348]
  [  0  28  95 195 134 121   8  83  52 133 108 118 117 255 186 290 118
   190 243  91 269 348 233 186 169 236   1 215 309 246   6 381 349 122
   131 269 248   0 390 349 169 252 311 333 143 278 390 398 112 134 161
   374   1 359 373 394 256 280   7 128  94]
  [  0 395 175 302 374 269 286 149 164 402 145 225 210 173   2 398 225
   268 347  58 252 256 163  52 317 171 219 236  49  99  34 300  15 143
   259  22 179  33   0 155 316  82 315 124  29  67 107 375  18 362 262
   167 139 319 276 254  80 272 300 104  81]
  [  0 146  82  65 130 343 307 144 342 192 151 109 153   8 252 146 344
   149 301  36  79 374 228 340 278 226 255 195 280 375 103 279 208 190
   100 116 179  59 403   0  80   9 305  20 261 310 275 384 241 256  80
   195 203  22 393 211 369  56 329 271 337]
  [  0 165  40  39 122 254  89 401 100 353  84 397  91 157 406  91 104
     2 134 391 406 113 346 352 389 190 172 221 395 369 133  72 285 313
   108 379 259 182  35 155   0  72 255 185 191 224 363  45  23  40 168
     8 268  79 174  24 132 255 100 256  95]
  [  0 391  95  73 205 265  79 114 406 179  13  27 271 137 372 316 387
     8 392 113  64 390  14 110 132  25 162  62  94 167 335  55 240 239
   215  23 175 265 365 214  38   0 147 333  41 268 302 406  36  88 311
   207  33 378 171  25 216 145   0 178 140]
  [  0 211 138 304 248 405   3 397 175 285 379 406 269 387 270  75 244
   105 103 330 379 246 199 183 231 170 131  13 208 164  64 406 159 245
   373 169 339 193 245 261 300 383   0 142 363 285 388 136 222  28 135
    66 219 398 143   9 274 311 160  24 362]
  [  0 229 195 354 198 336  27  98  96 322 135 286 348 318  78  75 164
   233 137 189  17 102  23 385  27 336 282  80  69 231 405 244 209  24
   328 231 201  23 140  61 292 265 300   0 257 333  89 145 188  29 394
   103 251 187 298 190 298 220 382  82  18]
  [  0  18 145  21 269  62  48 104 119  35  99  35 173 225 405 302 356
   150 232 170  49 115  44 198 232 180 114 231  67 338 217  99 280 290
   350 386 142  41 222 145 203 333  35 270   0  94 373 293 261 324 312
   383 236 178 187 376 376  46 158 238 181]
  [  0 329 267   6 132   4 225 328 311 138 188 183 270 214 222 157 398
   377  54 228  82 135 390 306 104 183 372 226 123  62  39 261   1 179
   151   0 314 299  30 303 133 407  72 274 393   0 362 285  82 280 307
   299  23 193   8 131 163  69 293 396 146]
  [  0 301 211  42 108 151 322 169 152 372 123 124  32 328  21 339 405
    10 388 358  66 252 292 369  36 225 245 328 274 312  29 195 381 274
   172 399 405  32 153 349 379 374 338 246 359 195   0 301 229  79  91
   274 259 305 282 236  75 145 301 210 164]
  [  0 125 320 353 217  56 334 386 292 329 248 254   2 129  99  98  77
   153 302 274 234 118 153 329   2 399 352 267 181 243 235  91 151 346
   244 398 401 108 376 263 261  44  99 310 171 268 364   0 305  61 362
   353 236 406  62 105 329 260 160 352 353]
  [  0 101 127  32 333 157  66  23  60  70 249  15  24 280 206 345 283
   315 365 311 120 243  33 121 234  77 250 273 160  72 218 134  18  12
    20 110 362 284 378  57 104  92  75 358  23  58  84 153   0 126 345
   104 257 356 143 232 301  41 231  36 289]
  [  0 358 341  78 287 271 188 273 143 237 356  28 241 165 372  84 262
   101 217 402 123 312  45 146 355 347 175  57 256 263 360 267 156  23
   219  68 264 404  40 243 295 261 175 110 236 323 293 290  27   0  99
    75  58 173 266 199 204 237 235 207 330]
  [  0  80 282 161 367 247  32  74 111 155 167 384 404 247  30 388 296
   233 209 355 230 213 146 107 358 393 182 304  99 128 165 360  32 287
   175 305 392 148 381 335 253 175  71 148 372  87 252 288 386 161   0
    84  96 161 345  57   7 251  13  34 191]
  [  0 403 111  63 365 305 353  27 107 172 396 363 226 115 291 280 324
   290  62 403   7 379 265 232 311 134 184  85 321 267 381 334 119 161
   329 108 128 258  61 110 197 281  24 385 273 158 117 403 349 369 391
     0  27  85  68 286 184  99 387  36 127]
  [  0  32 214 170 283  86 198  62 129 215 234 251  50 406 263 405 338
   100 266 288 167  65  62   2 373 302 216 167 119 279 260 262 310  99
   148 146  94 401 349 269 367 306 381 384 276  91  75 168 119  55 360
   315   0 255 404 364 216  13 123   8  56]
  [  0 133 294 378 231 310 385 231 346 215  15  34 237 100 254 360  55
    24 364 123  54 113 142 362 110  74 364 316 213 281 389 215 386 186
   296 137 129 156  65 306 213 227  20 149  98 325 355 229 227  84 135
   305  63   0  81  26  68 222 356  31 200]
  [  0 198 204 114 197  96 112 152  17 125 149 326 365 251 379 165 308
   205 119 165 385 241 370 120 179 360 271 148 210 218  58 268 296 255
   319 212 336 404 264 336 197 341 205 263 342 230  36 144 221 152 119
   237  22  35   0 226 159 382 168 282 188]
  [  0 378  26   1 121 314 242 273 404 195 203 324 235 119 313 373  58
   236 108 143 372 142  98  44 308 307 388 330 124  91 341  19 300   7
    88 394 234 356  35  31 341 405 153 135 291 188  94 374  78 333 172
   154 269 391 258   0 166 322 117   3  34]
  [  0 368 368  65 388 182 244 326 163 104  81  92 389 258 209  70  35
    51  64 153 341 394 228 287 403  48 315  28 338 250 260 145  47 217
   269 344 394  47 366 236 155 165 292 254  19  77 200 379 165 271 296
   137 320 299 306 310   0 288  70 374  55]
  [  0 213 208 109  72 332 104 135 262 208  48 198  19  71 297 337 205
   382 276 183  20  91 230  53 364  63   7 204  88 398 315 310  68 327
   133 146 290 313 222 138 237 243  95 117 137 352 267  75 161 226 225
   210 267 186 312   2 352   0 153 355 276]
  [  0 145 152 180 402 156 237  94 122 361 336  39 114  42 111 345  74
   375  44 325 361 330 254  65 357  70 222  77  74  86 390 257   3 312
   116 215 265 238 335 181 389 241   2 198  92  53  98 378 393 357 342
   122  35  37 349 285 394 131   0  89 344]
  [  0 344 279  56 277  94 298 354 368  74 223 363 332 377 121 358 200
    44 398 255 246 397 104 219   3 328 263  62 285 129   5  11 383  24
   155 168 301 128 230 407 389 128 326 120 278 315 153 146 309 357 232
   166  55 189 351 137  16   1 300   0 216]
  [  0 214 202 146 353 270  70 300 107 103 407 328  90  48 327 207 305
   267 275 185  10 386 322  41 265 103 289 264 358 133 196 298 256 184
   138 102 407 196 155 348 399 326 388  44 144 227  55 194 193  87 346
   157 374  75  19 203 304 119  67 358   0]]]
release_time
[   0   47   35 1143    0   15    3   62  743 1538   85   18   15   49
   39   48 1232   77  109  155   71   56   72    0   82  103   71    0
    0  426  116   63    6   48   22    3  343  854   74   14   58   16
   56   42   33  115   46  408    3   99   61   32   20   15   68   20
   23   37  972    5  106]
due_date
[   0   48   72 1145    1   50   23   65  800 1582  100   43   43  118
   58   93 1332  152  134  166   89   57   83   27  111  123  107   43
    1  466  122   66   41   86   45    7  368  854  158   80   76   92
  117   76   48  131   83  435    9  166   73   88   29   21   79   70
   58   43 1008    7  122]
unit_emission
[ 7 14 17 12 15]
emission_limit
41355.4
setup_severity
2.0
due_tight
0.9
due_range
1.0
release_tight
1
degree_constr
0.2
