mach
5
job_rate
12
weight
[ 0 10 10  2  7  6  9  4  5  8  7 10  5  4 10  4  4  5 10  6  5  9  8  9
  6  5 10 10  8  8  9  7  7  8  4  2  5  4  9  1  1  9 10  9  7 10  9  2
  3  5  2  2  3 10 10  8  8  9 10  1  2]
proc_time
[[  0 142 125 100  55  55 127  66  80 145 133 129  59  70  64 115  76  78
  141 117 125  91  73 138  98  58 105  93 124  97 142 128  74 111 121  67
  128  58 136  62 147  95  68  69  60  96  64  89 144  97  92  57 105 135
   53 142 127 138  76 141 143]
 [  0 135  69  64 116  68  62 128  94  81  79 110  91 133 124 140  87  97
   57 129  81 147 135 145 145  69 123  66  61  86 138  55 148  56 106  52
  144 104 115 100  68  82 110  69  67  99  87  76  68 121 101 139 146 147
  119 113 123  88  86  83  70]
 [  0 116  80 133 136 132 116  98 141  64 141  76 120 147 120 121  52  95
  118 112 111  65  67  70  63  95  90 144  61 123  81 150 122 108  54  80
   77 108 106 146  55  80 137  51 143 132  53 140 107 105 133 127  94 149
  101 101  52 147 143  94  63]
 [  0 131  87  93 127 111 107 110 122 138 129 104  68 141  64 118  82  52
   59  58 112 149 142  63 101  55  50  70  74  65  55  58 114 101  57 100
  147 148 128  53 106  80 125 114  74 142  81 114  77  88  74 120 143  76
   78  80  58 143 135  96  70]
 [  0  55  56 118  60  62  71 103 133 112  81 121  59 109  66 107 139  70
  144 111 146  93 139 149  50  60 127  86  87 142 120  52  50 121  94  53
  147  88  79  97  62 109  90  60 111 130  95 112 103 128  89  69 136 117
   59  92  91  73 149  50  56]]
setup_time
[[[  0 156  81 177 184 164 327   9  47  66 374 130 318  87 217 242   8
   182  28 247 213 151 204 223 349 143 181  18  85 135 295  69 230 319
   147 143 233 386 138 199  23  74 337 131 207 121 233  57 304 170 278
   207 286 244  82 171 390  74  60 346 303]
  [  0   0  86 226  89 277 312 372 331  33 200  24  58 295  34 158 308
    37  15   8 112 178 360  15 160 338 149 149 194 191  59 334  34 159
   355  11 243 320 281 194 311 211  61  24  11 195 310  36 373  59  68
   265 236 279 268 172 197  70 364 205 120]
  [  0 278   0 386 178 394 267 394  67 185  16  93 315 289 277 169 136
   244 103  78 373 343  72 195 385  29 392 280 132 312 141 386 188  16
   153  21 342 315 332 336 111 144 148  13  32 170  15 204 206 126 149
   235 378 283 237 348 256 231 156 121 308]
  [  0  12  81   0 252 239  84 126 188 239 383 198 164 123 121 324   7
    24 119 173 157  64  45  13 119 395  95  79  35 346  10  15 203 281
   235 229  59 297 329 190  56  60 140 371 119 231  24 326 355 216 308
   363 160  48 136 137 199 198 231 164  19]
  [  0 282 198 258   0 356   0  78 202 132 162  51 197   1 376 225 378
    27 183 306  58  68 160 209 279 294 100 128 172 342 202 394  62 205
    37 296  14 292   4 313 328  78 181   6 119 302 121  17 231 333 270
   146 336 198 279 159 188 326 252   4 384]
  [  0 161 363 287 316   0 196  66 283 284 236  89 355 343 181 203 169
   227 313 111 339  54 229  92 117 388 194 306 226 273 172  85 135  20
   340 373 111  73 175 162 266  89  90  81 274  69 278 364 253 296 211
    16  17  71  98 171 296 165 152 347 112]
  [  0 355 178 102 394 280   0 118  92 348 193 362  21 318 260  41 214
    53 119 213 297 153  53 365  65  32 373  85 113 262 180 197 202  12
   382 105 134 257  65  45  22 111 355 291  76 150   8  63  47  69  70
   252 293 211 285 318 301 135 108 284 390]
  [  0 132  65  32  31 127 319   0 116 281 344  21 247 178 388 344 216
   147 287 277 355 384 380 211 238 129 381 136 383 191 335 389 347 291
   295   5 295 335  37 310  35 327 381 381 355 224 281 332 217 338 366
   152  68 242  12  51 379  56  79 351 355]
  [  0 376 375 164 143  84  16  60   0  42 258 160 356 225 359 356 316
   389 349 325 131 334 278 362 371 356 156 195 380 163 280  86 251  75
   380 101  22 257 174 364 147 235 382 350 150 129 217 232 297 145 153
   142 357 151 319  58 224  16 236 361 307]
  [  0 151  37 109 124 104 347 113 316   0  68 191  37 325 294 188 287
   214 257 189 125 214  27  16 101 256 387 278  34 186 388 381  26 379
   264 390 347 357 264 398 319 362 171 379 389  18 330  43 337 251 122
   363 140 172  57 145 331 138 175 173 389]
  [  0  47  45 274 203 107  25 324 214 196   0 277  97 254 176  88 178
   338  91 264 173 214 163 111 104 278  33  84  26 192 340 373 132 363
   266 335  35  94 329  83   5 322 149  34 116 160 369 114 115  97 357
   115  71 193 286 106 327 209 384 397 113]
  [  0 145  57 395 305 393 109 290 345 163 139   0 288  12 270  51 122
   241 189 162 238 351 350 240 160 155 396  51 120 373  99 274 336 324
    19  43 216 321 245  74 182  42 285 269 110 146 178  37 324 391 151
    56 389 248 369  71  65 327 239 218 101]
  [  0 256  11 216  64 213 248 206 119 360 208 353   0 361  12 290 114
     9 314 356 373 175 121 281  94 235  66 279 345  64 373 272   1 257
   347 145 226  30 162  70 289  57   1 132 201 299 336 141 332 261 261
   275 180 284 220   4 143 385 175 303 108]
  [  0  76  91  92 248 181 124 365 105  87 361 360 348   0 349 272  94
    37 105 255 314 122  68 314 252 344 196 137  78 123 115  26 209  52
   261 103 116 286  75  21 126  47  64  38 317 274 119 210 245 356 223
    69  72 142   4 120 200 240 114  72 167]
  [  0 307 208  12 215 277 348 361  88   0  81 392   5 274   0 341 177
    52  75 323 287  35 265 353 376 253  49 378 154 330 145 209 357 335
   146 385 124 139 323 132  62 210 333  90 388 380 274 345 245 301 324
   284 112 231 257 130  24 201 392 360 148]
  [  0 141 332 167  95 286  20 287 305   9 146  11 266 254 125   0 272
   290 357 365  62 219 360 368 307  98 276 167 368 316 130 188 393 190
   362 329 375  40 348 144 243 232 282 145 325 390  59 372 196 379 295
   150 235 369 217  75 373 191 302 152  75]
  [  0 280  55 202  78 363  97 156 228 105 238 269 396 313  89 295   0
   170 303 270 208 114 384  11 356 276  21 335 107  66 342 380 327 117
    46 146 104  83 362 345 212 144 342 330 200  89 337 261 100 347 397
    96 306 106 290 315 340 174 179 166 292]
  [  0  73 386 154 262 202 287  66 355 232 193  73 380 383  35 253 151
     0   1 189  21 197 352  19 128 363 314 152 196 261 125 180  20 243
   181 336 369  63 390 159 280 320 220 243  26 194 302 339 192 179 164
   375  54 168 232 312 300 141 319  17   9]
  [  0   7  42  14  44 362 190  57 144 127  43  43 370 126 249 394  78
    13   0 297 328 252  84 177 365  27 357 150  16 313  16 146 373  32
   229 253 203 250 332  66 265 126 138  69  23 330 130 108 280  13 391
   131 170 278 102 332 380   0 348 234  96]
  [  0 395  75 382 295 284 271 263 153 151 272 250  56 231   2  86 152
   216 107   0  34 301 142 337  91 234 136 288 203 145  51  59  32 337
   210 144 124 297 229  87 378  41  72 306 344 209 253 374 371  55  24
   333 357 122 359  64 193 385  39 125 225]
  [  0 118  88  55 362 206 183 387 223 219 310 359 350 210  22 276 128
    17 287 398   0 131 203  68   1 372 279  86 116 141 278 150 183 129
    98 250   7 128 138 200 113   7 154 138 134  99   6 346 392 247 248
   299 240 237  25 126 239  94 159 119 206]
  [  0 258 242 342 232  89 185 223 213 155 341 228  23  66 170 185 255
    12 362 248 323   0 342 303 233 143  40 225 107 239 184  23  51 157
    18 144 153  88  31  92 387 338 134  27  69 327 156 120 241 136 391
    44  51 396 370 278 252 297  18 185 151]
  [  0 122  55  24 383 161  80  21  61 195 185  10 173  74 367 297  69
    47 158 284 118 112   0 318 288 171 192 222 132  18 329   6 347  59
   244 282 110 301  68 108  39  24 332  37 113 186 381 298 140 362 340
   298 255 206 114 330 191 208  45 129 228]
  [  0 231  73  82  48  97 220  93 309 285 238 228   9  81  80 219  18
   368  71  32 136  69 105   0 336 305 126 177 134  22 289 242  74  42
   189 139 356 249  60 317 249  53 349 151 307 166 167 252 167 395  12
   163 276 153 275 357 269 124 393 198 152]
  [  0  63   3  68   1 366 221  51 106 169 162 185 307 146 212 108  81
   344  53  78 160 394 148 159   0 138  64  12  47  98  56 161 357  76
   370 104 307 332  42  68  73 135 389 271 347 237 322  43 384 362  53
   345 166 148 359  75  13 398   3 272 357]
  [  0  99 317 284 276 121 315 348 344 162  91 177 245 275   5  91  76
   328 255 133  35 210 363  75 255   0 372 277 285 205 334   7 346 142
   340 305 321 164  64 128 263 271 195 146 333 299  73 198  14 319 198
   136 396 221 264 355 112  93 114  61 175]
  [  0 192 387 341 333 311  90   9 321 324  25   8  77  95 196 300  69
    17  17 253 197 193 137 236 262 208   0  46  14 220 323  97 226 322
   292 227 130 212 101  68 368  52  67  27 116 312 313 317 329 336 232
   324 194 181 333 132 112 246 192 162 211]
  [  0 198 328 206 260 108  11 131 322 268 339  77  45 122 358 230 204
   389 133 336  30  57  84  92 270 339 211   0  29 343 240 307 281 205
   112 252  16 325 147 111 221  21 179 272 130 394 200   1 159 376 291
    41 120 138  79  65 229 314 157  46 217]
  [  0 336 254 200 364 130 235 265 253 126  33  78 110 265  15 395 224
   369 120 124 138 167  61 327 216  44 300 281   0 290 328 111 182 381
   254 284 273 332 381  66 277   2  17  24 316 388 282  60 212 274  56
   377 159  33 285   5 241 164 378 247 104]
  [  0 143 321 242 334 133  62 371 244 248 231 154 128  55 205 331 235
    27 151 242 176   5 377  96 214 340   7 184  61   0  87 327  13 112
    29 129 217 247 145 394 122 372 258 101  93 363 247  91 280 318 119
   151 165 283 190 225 170 202 146 264 260]
  [  0 211 204  63 167 198  17  97 357 357 191 276 248 112 320 344 289
   236 272  79 290 387 288  67 161 101 227 299 386 270   0 332 224 250
   108  33 279 148 392  37 380  37 227  59 103 100 252  78 396 197  48
   194 181 298  47 200 375 370 213  69 323]
  [  0  86 333 372  92  19 101  13 366  77 224 182 138 363 324 359 306
    82 302 105  12 227 366  97 128 210 303 155 268 398 214   0 380 174
    69 383 113 281 189 220 300 347 267 269 142 338 285  57 261 219 165
   376  12 187 111 150  28 130  71  75 369]
  [  0 251 293 321  18 173 332  17 208  98 394 208 218 351 241  31 217
   305 334 342  99 300 298 344  70 316 168  50 159 380 203 197   0 359
   280 211 196 218 104 320 385 184 100 197 245 339 382  26 129 267 245
    23 174  75 155 145 385 108 157 246 387]
  [  0 195  38 158  53 124  41  19 199 209  50 212 180  38 176 360   9
   383  89 303 318  66 167  14 301 209   1 309 322   3  70 124   1   0
   368 113 160 307   6  43 315 347  72 211 211 314 366 157 136 219  84
   207 140  51 261 172 396  37 273 282  36]
  [  0  48 196 274  75  10 164 133 227 372 225 141 268 324 371  92  18
    92 383 185 375   9 383  77 221 145  99  66 132  82 237  91 389 301
     0 330  34 343 255 382 297 149 341 270 311 325 275 385  30  97 340
   292  82 156 247 265 223  46 322 246 173]
  [  0 293  57 129 183 319 184 285 139 328 253 133 202 243 286  18 172
    72 382 237 356  31 344 276   3  75 282  86 219 393 124 262 393 271
   155   0 192 227 234 207 158 328 190 183 334 274 348 341 243 222 309
    46 133 190 374 198 233 177 101  44 375]
  [  0 324  43 355 238 235   2  40 382 194 385 123 242 126  74 257 248
   190 113 137  48 151 209 105  75 188 187 241 258 104 134 329 141  63
    36 328   0 234 104 320 384 224 101  78 136 282 362 377 225  64  94
   213 187 154 233 305 346 390 163 132 371]
  [  0 361 119 109 243 236 334 343 274  69 284 106 332  17 177  15 197
   299 147 209 228 137 288 169 363 212 161 168 223 372  48 385 333 173
   347   2 344   0 245 162  89 389 156 130 363 296 115  20 361 360  48
   203  93 264  25 340 159 351 266  80 352]
  [  0 326   9 117 338 255 121 371 149 396 170 320  62 199 258 248 362
   298 302 191 320  63 166 301 294  23  68 246 221 333  65 123 165 119
   195 175 139  92   0 161 287 216 131 339 119  95 367 396  12 148 272
   302 143  42 297 267 392 325  79  37 274]
  [  0  70 236 104  49 338 270 298 222  49 169 153 364 243 263  16 315
   166 121 311 104 224 343 174 216  81 114 349  75 313 261 303 130 391
     7 236  39 275  12   0 353  81  36  25 214 133 248 232 147 363  72
    95  68 229 395 247  67 298 394 349 384]
  [  0 330 211 288 223 214 209  12  12 249  48 337 191  38 176 226  72
   182 182  74 211   3 165 174 125 257 196 319  35  59 221 375 374 151
   319 351 152 279 232  27   0  93 180 274  88   9  78 118 173 243 188
   368 249  97 322 136   9 208 311 108  90]
  [  0  19 362 271 375 128 256  50 205 149 268  99 366  51  82 284 343
    55 330 233 222 314 232 141  28 390 313 148  88 301 374 308 133   9
   139 373 209 268 216 287 298   0 322 371  89  72 389 115  50 214  77
   116 279 394 109 123 242 322 377 250 263]
  [  0 294 121  50  99 179 346 209  14  54 188 344 179 146 173  62 154
   326 283 185 218 159  96 200 219 206  34 339  88  88 149  80  51 250
     8 379   0 247 216 346 145 191   0 231   2 340 193  94 353  98 376
   214  77 312 174  88 268 104 169  43 334]
  [  0 204 388  15 393 237 397 158 182 115 325  85  41 356  38 314  80
   350 391  27   0 374 243 221 345 243 100  60 378 201 106  27 263 204
   185  59 215 116  60 143  77  73  98   0 125   1 343 111 240  40 356
    97   8  82 371 254 319 320 245 145 157]
  [  0  67 104 392 206 128 297  97 278 291 375  34 102 301  24  24 197
   226 190 387 183 363  61 166  42 190 264 329 115 208 362 386  51 109
   144 332  12 386   5 335   7 331 167 320   0 128  36   9 155  44 367
   172 197 167 256 344 251 123 262 140 185]
  [  0 271 254  69 204 333 232 128 248 255 394 257  26  21 305 361  17
   125 287 218  48 332 290 258  55 346 337 218  90 177 103 278 384  51
   228 122  43 321 126 175  93 345 121  83 324   0 224 101 155  89  21
   369 339   1 381 130 312  76  25 271 363]
  [  0 236 249 259  68  11  97 120  98 210  75 292 364 204 155 326 193
   335 191 358  79 182 324 301 273 330 189 269 223 196  15  57 321 394
   327 127  30 236  71 172 201 335 372 315 338 141   0 224 200 398 302
     7 321 259 126 142  88  33 250 201 265]
  [  0 316 152 179 286  94 231 190 343 178 352 346 206  66  70 173 262
   208 100 398 369 311  28 134 137  13 247 376 166 255 179   5  85 256
   162  78 344 398 388 268 225 340 198 143 218 180  93   0  28 179 268
    83 367 375 269  87  29 175  58  79 230]
  [  0 172  74 222 226  13  70  86  91 197 312 121 161  36 273 121  67
    27  35 210 109 381 146 288 180 233 381  38   1 261 243 114  96  23
   186 361  63 148 256   6 346 254 327 390 217 385 295  34   0  45  44
   277 304 127 291 364 115 387 143 277 360]
  [  0 201  70  69 323  53 333 106  87 121   5  69  84 210 194 339 101
    67  75 274  39 346 119 351 106 312 318   2 334 396  43  22 323 109
   241  74  60 193 365  89  48 214 329  72 188 383 235 274 163   0 225
   271 114 323  91 185 169 197 214 193 144]
  [  0 270 360 249 317 340 378 217 158 356 231 135  32  36 152 305 155
   112  87 166  77 369  38 228 397 197 338 140 131  16  91 259 305 392
   377 298 383 229 173 212 135  88 185 118  20 371 386 329 184 242   0
    80 377  71 145 211   1 362 163  32  11]
  [  0  39 323 264 255 212 280 274 199 184  25 362  53  98 356 213 375
   174  33 240 266 175 146  13 294 201 248 247 312 116  71 183 267 321
   307  39 239 320  54 384 384 358 298  93 106 145 357  48 259  42 347
     0 371 356 103 143  84 185 201 310 312]
  [  0   1  31 390 247 207 131 330 253   6  95 397 369  84  87 220  89
   334  55 317 138  36 180  52 282 121  75 207 182 360 311  42  12  86
   231 369 259  37 292  56 287 157 380 309 155 339 223 394 249 319  72
   188   0 206  54 338  73  51 144 290   5]
  [  0 184 338 157 355  57 175 141  74 173 106 381 247 388 276 297 252
   179  32 361 229 182 194 267 324 158 327  35 169 182 204 144 263 205
   263 215 295  49 262 157 102 299  32  46 113 205 302 348 102  68 244
    85 267   0 303 354  91  29 243 131 230]
  [  0 291 109 191 184 179 115  37  14  40 325 385 243 209 335 180 340
   331 151 194 169 247  62 344 234 139 346  94 214 116 142  18 260 263
   397 234 180 105 275  80 223  74 281  90 149 138 204 311  43  18 378
    92  39 116   0 214 203  12  66 344 234]
  [  0 210 311 347 121  97 388 184 231 118 359  28  31 212  15 356 163
   135 284 150 327 191 306 318 391 185 183 177 310  17  24 185 137 368
    86 285 380 195 271 380 355 302 281  57 352 216 361 133  88 236  23
    93 385 382 208   0 226 222  10 370 258]
  [  0   3 262 170 259 339 252 337 360 172 198 119 362 390 240 335 138
   300 152 259 166  24 392 177 277 325 118  45 224 154  55 113 151  20
   179 358 200 325 329 154 254 155  68 118  58 186 239 208 340  82 287
   248  78 361  39 298   0 307 318 378 234]
  [  0 112  69 270 149  27 176 231 200 382  51 162  49 358  24 194 101
     4  20 275 381 182  43 383 211 292 141 357 213 296 126 314 373 320
    41 161 379 159  39  67 284 338 111 376 396 136 145 244  60 257  37
   105  98 100  50 176 234   0  25 109 364]
  [  0 281 352 241 392 180 226 270 346 183 328 377 276 107   7  31 190
   371 254 367 156 359 126 343 365 127 326 320 111 109 394 341 310 201
   167 155  69 293 293 162 121  37 151  42 307 344 158 147 166 284 229
   188 233 160  41 194 360 251   0  24  76]
  [  0 275  11 123 130 336 105 305  75 109  18  17 336 318  41 173 262
    80   5 133 326  91 175 379 190 315 268 365  11 197  44 105 131 186
   312 342 140  91 255 273  56 103 161 235 163 171 113 238 382  76  87
   138 133 102 352 166 346 254 209   0 139]
  [  0 345 395 231 263 130 354 378 392 100 350  94 182 258  72 367 299
   216  50  38  20  94 211 373  42 354  66  56 357  65 374 184 131 382
   202 125 238  66 349 194 191 345  45 387  59 236 301 327 302 129 183
   279 396 116 217 189 169  90 165 276   0]]

 [[  0 127 236 176 160 312 372 199 142 332 370 355 298 387 207 329 289
    97 262  92 301 147 171 355 340 209 382 146  75 333 366 103 217 140
   127 310 187 223 272 335 348 142  78 121 159 147 154  82  91 104 200
    32 230  26 329 358 349 275 214  28 252]
  [  0   0 128 115 226 183  18  20 385 247  25   0 202 104 391  26 223
   182 351  15 154 229 287 141 375   0 308 110   0 150 162 126  25   8
   186 263 112 296 364 215 302 213 144 189 114 314  97  75  91 216  14
   237  35 350  56  63 332  42 289 213 186]
  [  0 259   0  72 203 363  25 318 114 185 173 174 369 117  35 241  30
   227 106 379 376 156 234 180   6 354 264 198 283 160 341 165 396  10
   324 196 161   9 250 271 365  36 171  34 252   2  74 197 132 146 172
   166   3 232  17 168  58 227 358 110  40]
  [  0 279 254   0 280 297 394 219  45 263  70 177 244 155 190 316 131
   129 296 351 345 232 146 135 159 308  55 149 144 388 257  38 173 186
     0 334 342 120 183 299 334 121 101 228  94 237 216 141 256  73  89
    46 107 388  19 347 195 322 206 255 337]
  [  0  59 168 187   0 396  53 126  39  41 198 396   9 152 219  11 375
    89 107   2 231  64  53   4 105 161 228  86 388 217 242 147 290 285
   189 224  21 151 102  99 363 301  32 364 137 335 350 327 147 381  94
   167 219 103  42  70 384 229  50 116 328]
  [  0  66 344 363 155   0  22 287 224 236   4 291 359  45 154  55 133
   212 394  38 363  28 173  99  21 239 393 177 187 360  47  21 379 208
   228 304 235 194  11 244 159  77 301 123 353 127 360 224 219 108 373
   384 329 313 374  26 194  36 135 343  83]
  [  0 254 349 174 178 388   0 118 180 110 104 244  90 334  87 103 103
   188 309 317 220  57 139   2 143 353 235 205 331 215 143 344 147  50
   147 184 229 296  20 261 205 238 161  70 199 328  83 376 103 306  94
    80  30 325 294  40 293   9  20 179   4]
  [  0 144 383 390 170 275 291   0 244 331 164 277 267 321  46  59 124
   209 336 216  95  39 277 351  61 232 294 263 251 135 324 277  25 218
   239 329   5  92 223 267 247 369 107 114  66 120  27 151 360 277 285
    16 383 118 104 266  71 306 268 118 199]
  [  0 264 141 111 270 342  46  27   0  35 340 119 237 381  70 294 114
   358  88 395 230 342 339 276 244  85 212 166 222  95  28 179 129 288
   149 344 337  24 243 379 161 259 141 350 129  43 149 269 163 243 268
   239  40 352 230  79 200 259  41 383 309]
  [  0 180 246  45  90 252  20 366 205   0 186  51 154 196  58   7 307
   159 291 261  50 123 311 247 351 280 141  18 287  85 120 235 129  47
   286 189 396 193  75 374 117 327 207 281 237 323 275 161  44 309 148
   371 289 118 334 178  28 290  68 290 142]
  [  0  55 124 394 303  43 235 106 132  55   0 214  41 163 275 118 380
   309 284  92 107 252 198 188 165 268 221 397 256 108  48 226  79  98
    15 376 148  86 207 166 100 163   7 239  76  17  79 357 184   3 382
   286 105 292  97 373  28 104 268 394 283]
  [  0  73   2 387 224  13 206 264  84 202  93   0   0 398 147 392  50
   333 192 112 121 302 366  57 385 287 329 127  63  50 127  25 211 356
   362 398 305 152  86 232 127   3  32 213 243 353 351 396 381 381 145
    78 341 219 293 306  35 204  72 268 278]
  [  0 184  25 111 332 264 392  74 218 292 372 275   0 305 149  62 303
   201 378  55 105 114 316  49 204 115 199 112  26 394 337 308 166  72
   145  50 123 309 120 286  83 307 134 293 342  14 358 124 332 347 287
   104 266  36 190 252 255 250 392 347 291]
  [  0 286 324 131 120 105 260  75  28 179 358 219 236   0 271 194 272
    25 169 193 227  55 312 232 211 377 265 198 169  30 347 232 326  50
   344 311  42 305 182 367 252 234 127 230  42 251 150 287 299   2  72
   222 144 342 236 310 161 275 288 304 230]
  [  0 164 276 358 197 376 327  34  17  37  75 270 391 102   0 380 329
   142 355  52  88 372 389 290 276 247  55 302 192 262   6  73  37 328
   338 205  88  99 185 370 113 112  76 239 234 307  75 122  27 175 362
   107  38 362 374 177 185 359 315  37 360]
  [  0 246 262 212 340 186 212 305 318 252 376 160 277 240 392   0 157
    83 135 364 232 303 371 226 317 166 111 385  72  64 214  96 126 391
   372 204 172 288 178 162 264 327 205 124 217 135 342  52  94 192 124
   266 323 375  54 150 280  79  91 180  48]
  [  0  79 362 279 200 184 200 156 151 318 132 161 294 170 364  64   0
   338 274 139 304 308 154   2  39 100 312 137 261  51 207 249 124 230
   121  34 118 112 133  93  42 380 356 188 318 393  73 196 256 239 318
   106  19  12 321 157 339 151 339  45 135]
  [  0 121  78 331 156  33 376 381  90  38 279 138 221 233 113 360 326
     0 318  72  44  66 211 351 289 298 300 387 257  11  31 122 135 329
   390 188  92 119 301 358 318 368  93  77  10  59  93  20  89 132 304
   127 116 348  22 265 127 152 176  42 104]
  [  0  58  64 385 295  87 369 190 202 339 105  54 281 390 185   6 363
   164   0  18 236 219  28 258  87 242 167 248  32  56  96 266 243 354
   346 392 302  45 252 282 361 376 236  56   7 195  11 127 240 214 312
   389 234 257  54 311 347   2 198 318 216]
  [  0  35 348 118 366 183 139 100 380 248 318   2 373 205 169  72 308
   169 398   0 270  78 360 274 218 301   8  85 155 180  93   0 151 156
   286 147 254  32 292 203 307 324  20 347 298 179 378 153 257 350 241
   374 310 397 297 126 182 137 113 371 308]
  [  0  18 295 281 150 329 283 384 389 241  68 127  73  18  36 218 338
    87 109 205   0  81 333 218 191 324  53  68  40 384 205  33 278 391
    42 317 205  27 214  38  36 388 215  89 143  71 255 236 325 336 303
    48  66  53 168 100  56 320  92 371 306]
  [  0 273 272 215 162 378  24 191 203  68 147 378 284 397 199 119 136
    44 273 183 193   0  91 116  49   0 195 392  83 396  75 281 177 165
   334 198  75 165 235 364 171 241 132  71 329 328 202 321 129  39 332
   223 370  38 199 396 344  74  23 155 301]
  [  0  47 211 377 150 242 268 327 390 108 167 366 247 350 136 364 277
   124 344 339 138 230   0 244 350 166 155 258 150 302 212 370 142 110
   274 135 147 162  75 117 381  66 269  28 301 200 256 105 183   7 369
   306 333 100 317 244 236  89  36 303 259]
  [  0 315  16 311 371 308 279 199 246 123  20 253 357  69 381 115 242
   183 123 308   1 118  71   0 226  70 181 314 128 144  58 200 169 371
     0 259  87 274  80 340 152 206 370 108 204 102 209 132  54 316 138
   192  91 124  67 102 387 360 300  62  70]
  [  0 370 296 275 343 131 122 100  96 176 239 398 242   7 303 180 202
   378 297 367 397 312 263  57   0 218  59 277  98 193 183 288  28  35
   170 217  11 379 367 386 328  37  42 122 118 229 283  30 389 291 202
   129  37 150   2  26 376 293   5 380 242]
  [  0 262 275 373   1 371  60  13 213 169 377 150 107 116 338 387 336
   395 328 366 176 163 246 293 338   0  40 376 189  35  77 134 397 159
   397 345 273 309  51 278 297  15 387  49  95 150 338 246 105 297   0
   141 371 269 339 109 118 161 129  60 243]
  [  0 139 183 133 187 350 252 377 370 392 239 128  39 356 349 247 216
    47  11 368 278 112 285 290 241 218   0 388 386 128 230 143 357 279
   272 129 147 153 347 359 320 250 204 203 349 202  64  77  28 385 360
   235 160  95  21 208 262 396 371 277  48]
  [  0 154 296 106 266 321 109 348  91  49 351 142  19 281  19 145 167
   331 253 327 202 168  90  86 273  11  21   0  36 157 212   0  29 298
   286 386 122  23 216 275 219 182 168 325  94 389  40 359 273 332 350
   108 310   3  92 366 265 129 112 213 390]
  [  0 251  18   4 197 281 274 202 293 202 138 319 143 228 169 378 265
    93  75 235  11  98 226 284 209  34 362  19   0 331  15  59 216  82
   107 270 127 349 397 167  31 156 210 349 152  79 209 386 150  11 239
   334 221  99   5 187 316 140 325 390 122]
  [  0 314  63 181  19  34 185 261   0 154 343 211 299 221 255 281 249
   169 325  70 269 122 339 380 317 158 266 243 120   0 330 277  96 284
   206 380   6 164  71 341 349  24  25 157 188 116 376  38  50  65 397
    99 316 137 322 129  37 266  14 280 143]
  [  0 221 218 225 315  93 206  45 279 246 377   9 293 209 126 222 152
   297 292 110 224 194  89 392 340  94  91 215 362 384   0  26 233 343
   392  16 306   2 221 186   7 226  55 103 208 236 340 283 327 202  27
   253 373 117 235 248   0 320 100 373  90]
  [  0 213 321 103 396 372 392  83 112 159  24 168  57  66 301 109  35
    33 308 250  16 203 105 393 243   6 359 260 286 218 225   0 109  78
   185 102 349 210 184 121 265 317 112 120 264 393 147  48 128 144  30
   297 169 155  47 249 327 110 167 154 257]
  [  0 282 112 258 362 298 190 173 273 193 189  50 242 258  77 388 386
   106 188 346 121 298 387 345 141  23 203 275 229 131 397 289   0 296
   386 365  34 152  42 245 140 177 252 375 107 183  22  85   6  30 147
    40 362 196 387 373 263 217 180 339  89]
  [  0 269 226 195  29 198  24 213 198 398 128 180  92 298 163 183 157
   173  67  38  59 124  77 262 275 370 124  46  99 117 133 117 250   0
   147   2 132  34  50 168 339  17  48 274 196 252 301 307 113 315 301
    51  33 387 124 348 237 287 130 115 349]
  [  0 266 149 164  34 304 356 133 218  86 207 212 112   4 157 228 308
   299   3 335 132 351 131 181 242 355 224 332 296  79 101 368 180  46
     0  83  48 112  45  57 274  96 364 358 225 202 295 105  60 335 393
    18 290  68  83  63 146 258 170 181 107]
  [  0   4 207  52 328  57 143  29 266 252  47 276 338 376 202  37  16
   162 302  44 336 175 293 162 257 173 139 198 108 270 238  11 113 269
   367   0 285 397 146 332 316 398 370 136  19  59  31 272  83 328  20
   152 302 241 366 161  49 143 244 109 141]
  [  0 203 268  14 297  49  71 378  40 323 159 163 241 384 317 139 158
   299 283 131 366 130  20 393 174 345  69 310 253 158 115  41  65 119
    84 222   0 135 371 225 224  24 137 296 251  60 255 317 391 263 308
   139 113 325 198 109 290 338  42 289 174]
  [  0  12 354   2 241 308 332 204 140  85 340 204  19 224 236 175  69
   251 148 133 131  91 395  43  91 398 111  53 268 225 304 119 148  37
    56  26 379   0 112 374 390 278 320 226 348 141 125  76 223 266 256
   253 171 231 201 332 310 102 208 262  37]
  [  0  44 362 125 377 137 132  66 147 361 311  29 380 134 342  61 254
   290 212 197 267 328 320 142 125 378 109 285  78  53 398 122 128  39
   214 379 385 167   0 124 326 274 240 227 161 100 321 172 394  87 153
   318 199 310 343  37 293 375 198 296  81]
  [  0 366 318 357 179  76  53 330  59  68  36 261  83  61 388 132 244
   302 313 110 382 192   3 275 352 262 122 252  11 135 311 130 213 351
    55 144  90  94 211   0 119 280  31 206 187 125 216 290 165 364 375
   386 123  42 321 213 247 335 317 219 292]
  [  0 192 234 253 335 337  96  89 214  65 304 122 252 363 386  48  40
   227  24 168 191 150 294 197  33 179  82   2  30  41 189  10  62  94
   262  86 394 241 122 212   0 102 115 392 105 374 236 196 370  96 322
   210 146  67 164 184 243  88  58  60 385]
  [  0 398 249 169 210 348  12 273  60 105  88 160  62 188 368 142  45
   207  58  71  68 307 198 221 384 109 355  66 218  94  14 202 378 113
    99 332 342 332  27  50 294   0   1 163 160  68 374 155 262 334 235
   372 111 126 387 384  61 318 262  70  99]
  [  0 338 201   0  77  92 189 356 284 113 385 294 122 100 110  79  75
     7   3 340  66  90  68 370  20 173 183 115 211  44  52 397 243 392
   289 104 393 221 122  21 117 396   0  39 372 387  63   0 147 299 190
   248 244 116 288 237 200  13 220 270 110]
  [  0 131  40  93 232  40  61  40  16 300 300 175  20  86 397 386 383
   289 152 238 205 377  84 372  25  67 155 327 235 256 394 364 361  86
    26 301 295 275 266  28  78 221 169   0 214 107  78 238 240  41 160
   342 141 143  20  30 385 348  44 312 170]
  [  0 377 268 344 215  67 374   5 198 292 258 360  38 344   0 310 125
   352 275 260 285  86 359 201 211 315 328 190 246  53 109  67 154 391
   205  34 327 364 297 137 303  48 348  96   0 319  84 112 130 269 134
   205 117 390 237 233  94 239 140 320 125]
  [  0 269 106 367 321 206 144  22 131 144 207 354 106   3 252 160 244
   337 246 140 256 172  51  45 223 393 213 300 310 265  99 131 127 112
   345  62 158 396 141 341 223  91  58   6 316   0 276 127 282 121  76
    74 361 123 359  90 242  50 119 176 212]
  [  0 245 362 349 268  55 213 103 201 230 238 311  73  81  76  75 121
   237  60 331  12 349 148 144 263   4  43 215 195 231   0 358 398 136
   266   4 337  51  65 190   6 249 361 289 342 323   0 312 122 109  57
   280  10  10 369 136 335   1 369  96 368]
  [  0  25 287  96 184 134 102 324  66 113  93 118  34 299 265 396 236
   214 104 159  84  36  35  79 176 128  65  89 395 359 282 204 382 257
   324  99 262  25 282 198 168  29 140 228 312 353 153   0  38 269  32
   209 171 379 123 141 326  34 351 292 175]
  [  0 286  30 280 293  90  45 140 319  45 359  78 133 311 376 352  86
   117 286  86 303 312 254 227 217 107  53 284 128 249 375 178 135 261
   292  56 134 123 218 299 206  66 122 351  12 329 308 252   0  28 247
   144 250 188 386 299 349 149 246 382 126]
  [  0  80 136 357 310  74 220 161 271 219 204 306 212 126  37 304 218
   139 294 308 116  39 200  90 345 397 260 152  17 164 193  44  23 282
     4 337 230 393  56 365  46 371 320 179 151 104 120 244   9   0  69
   200  85 243  25  69  18 158 210  27 165]
  [  0 263 209 289 274 373 207 269 123 367 205 337 158 145  13  49 336
   308  55 155 243  94  62 245 276   1  97 102 166  69 173 223 210 317
   367 341  74  36 136 200  94 132 165 398 203 369   3  10 268  45   0
   241  45  11 111 163  66 265 159 139 266]
  [  0 174 328 341 266 287 273  29 211  13 214 272  88 287 157 133 386
   106 376  18 389 129 353 231 203 127  55  11 288 240 309   3 101 290
   159  81  15  27 101 173  23 115  98 197 115  86 383 396 143 394 394
     0 152 231 185 129 325  59 127 264 367]
  [  0 346 210 362 316 379 104 143 398 264 283 217 381 111 216 122 396
   125  68  39 271  69 282 225 134 239 324  11 288 233 256 370 379 108
   105 204  71 322 226  39 238 133  91 266  44 312  93 171  75 230 299
   108   0  98 333 214 364 312 341 163 292]
  [  0  36  35 202 249 227 287 376  55 117  28 231 170  28 194  84 365
   283 141  64 394   0 297 361 182 196 229 366 378 148 145 266 142 141
    89 120 280  63 133 298  84 174 110  47 374 148 159 210 383 304 163
    12 376   0 115 129 393 218 121 285 378]
  [  0 218  14  71 276 260 214 144 269 239 245 360 241  89 260 111 259
   356 285 388 120  10  64 354  61 204  15 194 259 197 216  95 301 381
   174  57 129 347 161  96 184  34 164 355 389 330 379 181 381  79 318
   352  82  81   0 133 133 290 325 272  31]
  [  0  23  85  76 275 137 135 342 176 166 318 314  51 273 384 135 318
    78 340 268 133  82  34 381 177 344 230 370  42 284  32  43 241  87
   185 107 264   5 240 215 367 391  81  33 224 318 128 270 388  14 245
    47  37 203 289   0 194   7 109 254 119]
  [  0  23 172 374  97  26 363 208 103 173 229 160 283 247 236 223 192
   394 100  79 294 270 215 152 198 344  39 208 235 146 336 189 343 380
    66 269 257 327 160 201 186 255  30 109  50 393 382 100 223 356 244
   154 351 379 366  79   0  54  43 341  95]
  [  0 179 203 110 392 368 390 190  80  24 395 205 263 105 354 258 140
   323 144  53 319 194 215 394 215   0 388 242 121  20 368 304 112 163
   331  97 258  42 108 149 353 220  95 122 217 380 288 290 295 155  53
   237 233  31 196 130 158   0  41 214 381]
  [  0  89 228  95 311 362 173  31 147 181 230 133 120 372 119 338  72
   255 245  15 173 334  44 212 300 266 377 294 154 313 135  42 377 308
   351 248  68 159 106 375  77 116 334 328  16 313  14 201 255 378 396
   321 182  66 216 299 234 223   0 372 111]
  [  0  95 136 325  76 262 194 196 148 247 148  78 269 127 197 394 368
   267 135 266 382  48 135 242 387 155  62 224  60  10 363  77 202  93
   230 270  18  45   9 282 124  33  64 389 195 129 312 246 368   9 119
    51 280 195 263 123 161 120 133   0 203]
  [  0 227 161  41 318 248  43 139  34 195 364  92 155 361  17 189 209
   178 178 107 356 231 329 133  82 237 237 163 209 292  61 252  98  31
   329 333  40 266 220 168 307 111   7 132 109 306 384  19 127 292 282
   294 148 367 292  41 184 271 224  89   0]]

 [[  0 289 355  16 354 116  46 256  91 177 271 271  51 196 347 275  53
   232  20 312 325 274 176 357 283 281 255 239 238   7 230 103  35 331
   370 199  52 244  58  24  91  88 176 253 185 202 225 382  13  58 330
   100 127 182 340 271 155 183 114 143  85]
  [  0   0 213 397 110 151 325  32 395 200  74  14 149  53 127 361   4
   209  12  36 263  61 255 201 148 186 322  34 101  96 320 181 138 247
   370  87 332 297 284  46 282 307 192  62 247 300 394 370  99 250   8
   219 269  54 301 245 278  42 303 391 233]
  [  0 297   0 372 330  51 212 154   3 350 275 255  78  14 121 138   3
   119 383 116 149 222 262  78  24 161 374  89 155 193 215 191 216 278
   135 271   4 325  19   0 261  93  25 139 232 264  49 287 282 325  48
   344 214 327 135 191 344  28 124 172 114]
  [  0 228  49   0  50 166  83 212 395 372  48  74  77 248 299 143  33
   332  22 275 254 291  96 317 354 115 332 303 332 397 293 299  70 124
    69 321 379  66  50 382 331   5 118 118 222 327 331 278 319 257 350
   285  21  31 293  71  75  56 140  85 216]
  [  0 283 274 134   0 142 147 312 394 283 317 370 113 220 172 333  83
   216  88 281   0 188  52 189  85 327  96  46   3 199 223 264  97 339
   300 241 360 353 164  60 216 365  18 348 350 283 190 159 371 212 276
    19   9  34  53 342 327 160 353  81 133]
  [  0 396  42 114  84   0 227  69 123 268 167 255  62  82 275 135  20
   190  99 227 166  67 379 172 203 196 161 122  17 250 164  71 135 314
   369 230 368 380 239 246 358  78 310  50   7 359  25  87 236 320 241
    22  15 108  34 380 360 163  15 241 357]
  [  0 160  14 282  37 181   0 120 109 226 148  59 396 300 380 194 296
    55  47 320  83 245  72  90  53 323 280  71 288 281 262   4 242 136
   157  48  28  13 202   6 108 331  79 349 367 199 199 306  51 336   2
    59 224  76 126 219 253  32 105  54  79]
  [  0 143  10 240 224  88 384   0 143 252 191 227  54 153  12  11  10
   192  71 177 270 384 131 322 304 211 373  77 202 289 296   8 118 268
   100   0 310 282 104 364 292 280 136 368 109 156 381 281 241 302 170
   247 318 119  50  83 385   2 261 329 205]
  [  0 184 160 174 157 375 162 331   0 307 320 233 392 331  84 279 186
   105 360  76 229 358 130 248   6  18 269 203 218 233 122 100  10  20
   143 271  26 151  15 392 342 122  24 165 149  62 320  72 110  28  71
   387 389 370  99 361 349 141 393 140 286]
  [  0 257 255 310 158 131  89 380  17   0 337  84 121 380 253 269 201
   357 351  89 172 191 109 271 246 294  20 223 348  26 223 320 132 273
     9 177 293 110  49  57 300 391  97 300  90  51 318 145 131 130  33
   205 153 204 359  34  76 332 244 112 230]
  [  0 120 108 185 318 118  22  97 275  53   0 193 333  60  70 103  17
   107  59 313 367  97   9 276 215   2 327 151 219 174 154 285  56 344
   314  19 368   7 215 205 151 372  65 251  82 298 196  51  37 276  41
    51 229  61 178 119 234  74 167 216 269]
  [  0 245  85 228 218 320 138 273  16 295 144   0 202 301  56  94 225
   376  35  49  98  31  44   7 387 197  64 328  21 365   0 169 119 225
   183 119  41 333  75 332  49 136 325 383 298 368  53 206 107 395 303
   139 332 184 169  93 278 173 346 101 193]
  [  0 185 255 283 172  43  64 109 181 328 238 280   0  18  48  71 307
   142 250 309  81 113 296 134 395 300 240 358 311 103 125 250  50 341
   124  34 215 152 388 210 178  44  77   3  78  88  23  80  94  16 274
   122 140 226 342 190   0 254 350   3 261]
  [  0 157 294  51 219  47 221 282 302  26 302 117 397   0 287 393 128
   320 278 138  38 211 363 332 352 104 269 348  38 114  26 313 141   0
   133 331 322 205 297 148 133  69 342 327 346 322 304 163 332 228  81
    70  70 318  92  83 324 294 351 332 264]
  [  0 262  56 281   9  43  99 381 139  93  26 102 171 340   0 255 370
   290  39 362  79  88 242 255 136 294 215  78  98  33 130  33 122 168
   285 382 121 164 320 351 108 279 290 369 366 138 298  64 275 255 132
   123 351  48 391 241  55 142  58  90 134]
  [  0 206 202 245 362  84 163  40 297  86 191 190 331 114 354   0  33
   281 203   6 176 363  59  78 223 397  19 230 262 258   2  99 337 179
   316  48  34  27  55 339 258 226 360 142 317 319 156 198 243 215 105
    79 287   9 354 391 197  68 351 368   4]
  [  0 259   3 293 169 226 170 324 303 156 279 111   8 365 127 104   0
   299 130 347  29 359 203 367 197 383 350 317 226  36 289  17 324 152
    31 249 140  86  90 283 302 352 245 182 250 139 391  91 298 127 160
   384  47 372 378 308 207 354 282 182  79]
  [  0 194 130 269  55 146 370   5 329 149 318 340 242  12  15  10 154
     0 320  71  51 267 160  40 258 294 289 148  14 279 242 127 253 126
   158 318 300 247 228  41 310 351  10 222 207 282  18 234 380 318  13
   156 335 121 332 238 142 370 147 117 174]
  [  0  47 191 158 340 127 370 268 148 222 162 229 111 343 184 396 254
   155   0  24 366 193 196  57  91 297 240 186  50 214 173 147  16  99
   139 313 162 142 200 201 200 394 204 183 260 363   8 174 348 181 283
    63   2 162 234 250 232 116 352 149 131]
  [  0 300 215 232 329 164 144  95 385  32  59  25 117 379 193 199  95
   256  23   0   0 241 172  46  76 351 127 170 351  33 221 290 312 140
   299 218 341  76  16 219 282 224 301 388 154 105 173  90 309 120 138
   319 201 262 186 336 212  40 389  82 317]
  [  0  92  56 329  91 332 334  16 322 356  27 362 215  58 235  88 250
   379 223 359   0  50 242  51 213 156  51 224 190  57 388  74  10  24
    84  60 366 127   2 199 313 149 316 386  36 206 160 319  29 172  19
    89 322 365 184 110 144  57 192 264 168]
  [  0 253   3 218  98 189 174 353 302 166 220   3 349 346 204 315 288
     7 396 398 158   0 273  55  57 255 355 279 321  60 200 161 278 149
    94 270 260   7 329 100  12 347 377 288 150  76 159  64 105 371 218
   261 334 392 150 333  54 197 177 359 329]
  [  0  42 387  14 367 113  12 107 202  31 227  53 176 207 230  82 261
   307 145 165 249 341   0 176 194 209 272  69 262 210 136 113 126  96
   137 347 132 143  10 395 356  28 274  36 140 153 237 350 216 139  73
   189 165 178 138  46  88 267 348 226 239]
  [  0 275 108 292 228  77 183  53 267   6 107 194 344 354 161 155 335
   258 158 105 284 361 319   0 185  25 332 146 383 366 324 214 323 376
    51   4 367 148 266 286 336  46  39 143 222 137  51 130 248 264 376
   343 165 102 376 380 109  34   4 353  13]
  [  0 123 258  45  47 358 376   5 230  13 288 194  27 360  12  27 327
   309 391  84 371 335  59 277   0 207  89 292 121  57  29 384  51 180
   339 172 306 298 341 117 298 244  48 190 252  17 199 136 387  76 265
   388 130 291 302 166 193 183 138 120 370]
  [  0 155   0 313 390   4 144 169 170 128 143 182 316 228  39 248  17
   362 113 216 303  26 393 205  90   0 276  69   7 114 192 145 228 346
   390  19 230 372 180 394 194  22 225  42  41  58 296 221 364 132 160
    98  27  71  17 280 315 204 134 193 281]
  [  0 100 323 323 276 388 185 171  78 222 233 312  51 364 364 331   2
   141  40  67  40 209  61  54  45 272   0 397 222   1 219 326 357 119
   294  83 158  69 192 121 339 215 333  21 354 197 213 123 284 175  69
   311 258 374 295 295 220 258 275 176 160]
  [  0 356 213 206 382 394  57 136 322 358   1 348 187 123 230 296 179
   208 395 253 111  26 389 318 302 280 105   0 388 339 167 175 204 244
   196  18 365 256 347 154 366 346  11 224 156   1 240  24 148   1 327
   143 201 252 332 282  11 359 319 176 195]
  [  0  80 196 232 269 384 377 321 243 152 302  19 145 239 331 311 335
   158 377 390  36 296 215 390 298 162   2 223   0 109 380  82 309  43
   205 260 145 174 189 327 359 390 321 103  14 307 279 300 142 301  19
   204 126 201 152 146 380 337 337 303 117]
  [  0 351  80 287 397 126 250 100 165 392 119 283 104 304  71 263 341
   299 109 166 284  84 170 194 326   5 299  81 337   0 305 350 176 371
    32 130   5 184 234 323 159 183  13 311 301 330 349 291 300 263 188
    16 392  72 291 165  71 114 289 302  18]
  [  0 282  86 255 270  70 373 328 159 363 379 219 117 151 154 206 154
   134  13  85 148 350 134  88 181 112 219 371 160 115   0 330  96 130
   290 257 323 231 389  24 260 304 220 199  24 364 391 396  80   3 254
   382  68 164 158  67  25 238 252 133 148]
  [  0 251 288 295 394 100 114 157  86  31  28 191 121 323 188 120 271
   300 141 146 316 285 378   1   7 347  25 199 202 261  74   0 125 312
   206 323 358 266  96 101 350 340  53 152  91 336 315 310 233 149 375
    42 296 391 110 233  44  34 335 285  99]
  [  0  89 102 269 305 319  10 181 357  66 189 335 263 378 117 264  71
   171 327 295  73 208 281 142 178   5   6 260 394 211 166  14   0 121
   354 100 342 292 386 194  86 360   1  74 220 184 227 304 268 372 274
   369 338 370   8 164 178 303 372 341   8]
  [  0 103 112 120 221  21  38 242 201 301 141 147 358 165 263 283 205
   252   1 114 389 284 264 174 271 124 238 203 113 335  15 118 175   0
    79 318  30 285 312  93  50 107  24 101 268 319 136 311  30 325 106
   268 160 101 208 169 281 305 317 301 103]
  [  0  12 146 139 334 359 258 219 236 394 298 285 114  19 379  99 258
   108 177 367 123 121 267 398 275 115 318 136 206 276 203 354  54 117
     0 182 279 181 310 331  28 356 114  76 377 369  42 338 208 328 159
   246 227  70  79 137 104 217 134 234 244]
  [  0  56 385 205  72 169 301 178 121 220 132 341 302 174 392 126  75
   112 326  59 249  83 372  95 258 205 261 119 300 228 279 391 233 314
   208   0 198 271 349 364  32 320 227  77   6 119 148 148 193 115 391
   340 283  53 281 203 230 182 306 294 344]
  [  0 296 385 151 225  86   1   9  86 158 380  83  10 152 287 393 212
    56  20 328 355  65 305 168 369  56  46 337 143 250   8 136 207 211
   372 308   0 330  27  77 230  41 309 181 366 107  96 250 117 396 210
   250 189 193  52 397 319 235 295 179 313]
  [  0 104 253 265  11 292 290 278 152 282 168 151  68 205 151 108 235
   129 321  71 317  17  11 364 183 123 221 387 286  60  74 312 359 111
   341 322  98   0  60 278  97  26 189 111 210 204 369 193  66 207 232
    82 394 124 117  38 231 297 387 289 217]
  [  0 331 273 173 174  80 313 261  14 323 263 342  69 323 109  50 368
   234 182  50 167 219 332 321  35 135 109 270  47 359 318 145 253 238
    40 177 278  54   0   3 240 147  74 265 273 389 145  76 133 180 198
    14 117 286 188 334  64  90   5 154 309]
  [  0   6  22 266 233 133 170 347 227 311 157 240 138 156 277 307 201
   342 244 161 276  37 382 218 393  79  55 201  11 338 322 398 127 299
   273  15 261 148 338   0  18 219 106  70  37 184  56 304 365 236 204
   361 201 354 236 110 188  67 200 222  56]
  [  0  47  95 345 194 246 379 225 132 114  69 258 110  95 224 362 153
   395 192 264 124 219 156 211 165 211  66 118 188 273 358 148 107 146
   189 376  85 375  59 363   0 196 154 284  41 105 241 180  70 171 106
    16 323 216 205 254 123 207   1 361  44]
  [  0 224 219  62 267  27 186 230 115  10  47 161 144 338 362   4  84
    16 296 188 394 174 343 386 250 156 338  23 170 150  62 100  73 200
   291  31 107 193 369 389 292   0 137 134 179 225 151 294 153  90 289
   252 315 225 268 241 107  27 376  87 318]
  [  0 349 299 397 197 194 169 388 168 117 148 291  54  31  39 192 213
   121 379 187  16 366  18  52 261  34  67 197 248 237 231 110 312 238
   144 277 142 239 333 212  90 371   0 223 139 327 161 102 203 251 272
   378 388 107 325 111   4 365  25 218 200]
  [  0 146 263  50  91 301 244 171 282 137  47 324 186 356 144 195 182
   371 123 340 134 328 160 226 331  15  26 127 153 263 364 362 119  38
   237  81 127 394 383 314 147 372 330   0 286 133 139 389 200 213 278
    47 211 116 394 130 378  89  95 240  82]
  [  0 182  65 150  12  19 284 133 151 211 208 279 164   4 149 295  60
   140 328 373 268 207 252 185  40 109 295 237 124 347  93  24  21 294
   116  22 206  24   0 385 193 281  71 189   0  55  82  44 241 282  17
   221 264  95  76 237 323 133 268 257 130]
  [  0  34 166 302 325  68 224 341  30 220 254   7 397  88  45 290 162
   101  80 152 173 374 151  26 108 151 123  37 338  30  83 356 310 235
   234 124 224 188 275  33 290  27 272  20  92   0 290 111 186  47 145
   393 382 310 167  49 358 358 114 259 244]
  [  0  37 200 271 308 220 265 248 111  20   6 175  88 284 167 151  76
    44 386  39 222 144  97  40 288 152 203 285 235  81  58 356 238 115
    65 123 168 277 253 199 247 107  69 199 392   9   0   4 102 196 170
   372 330  64 234  74 264 384 330 126  61]
  [  0  65 110 145  90 309 258 205 197 249  75  13 209 122 296 253  48
   273 356 209 198 252 150  48 150  26 306 359  45  76  67 114 131  93
   288 166  85 273  81 139 304 134 329 342  13 333 335   0 147 396 329
   339 113 373 149 220  88 108 239 286   2]
  [  0 217  65 325 168 268  91 177  69 162  59 385 377  84 133 197 323
   295 334 226  54 252  41 283   8 216 197  94 352 324  26 225 388 294
    42 317 112  78  17 158 339 367 199 292 278 231 265 328   0 114 353
   375 186 397 165 305  99 281 194  93  77]
  [  0 347 340 162 186 194 267 311  40 245 213 344 260 291 116 110 287
   233  30  75 312 108 317 304  91 293 102 393 200 227 111  23  90 146
   198  75 125 330 137  41 387 330  60 324  94  93 378 242 183   0 113
   212 250 351 217  29 198  24 303 156  23]
  [  0 279  12   8 243 375   2 385 297 154 157 186  94 168 259 137  70
   395 198 385 339 364 186 149 298 259   6  26  80  37 178 321  31 125
    71  52  29 243 276 123 125 263 302  19  50 210 257  83 185 168   0
   141 352 228 158  63 346 195  56  70  97]
  [  0 171  38 147 166 142 219 196 351  97 272 204 164 214 122 152 393
   231 338 381 374 228 323 389  74 178 337  34  40 126  16 104  32 388
   133 150 110 330  31 307 363 272 211  97 257 131 190 137 299 396 361
     0   5 244 211 143 278 330 398  94 237]
  [  0  81 151 347  70 344  48  80   4  21  33 370   1 211 153 189 112
   181 378 139 121 203 283  33 319 221 398 350 297 154 119 323 244  36
    86 102 145  11 158 243 318 353 132 231 300  23 253  70   8 213 277
   171   0 122  40 190 328 397 321  36 342]
  [  0 334  93 186  54  51 133 182 205 195 187 181 208  14  66 141  79
   253 141 140   7 134  21 128 164 361 324 361 335 346 287  44  19 180
   277 397  60 362 136 311 134  69  51 337  64 141 264 134 380 254  77
   289 316   0 112  33 375 154 218 283 235]
  [  0 183 322 365 278 113 310 261 392 312 119 186  45 350  10  59 135
   358  17 101 201  51  81  65  25 206  23 320 252 193 295  49 271 123
   140 359 360 335 283  81 284  96  18  24 147  65 261  44 239 258 322
   176 145  53   0 226 103 326 159   5  51]
  [  0  87 350 348 227 151 227 267 301 300 307 139 262 218 121 220 345
    41 386 100 148 322 208 257 374 266 152 378 278  62 338 380 105 364
   235 332  95 316 224  85 311 244  68 389  56 284  13   4 341  71  29
    13 370   8  13   0 249 154 369 353 356]
  [  0 299 185 240 143  23 131  82 320 270 309 251 175 221 130 353 169
    90 371 247 292  43 220  72 257 301 207 131 370 141  88 157 130 200
   251 386 362 140 125 262 307  74  10  45  21  71 212 386 244 390 362
   391 357 315  69 166   0 278 332  92 142]
  [  0 386  67 145 355 297 245 110 142  60  19 231 302  20 119 329 195
   303 140 230 218 277 152   6 355 322 150 113  95 363 140  77 245 293
    30 162 267 375  78 352 213  58  64 151 260 149 220 232 249 299 311
   218 369 202 245 294 389   0 390   6 287]
  [  0  57 118 126 291 390  61  95  68 371  86   7 370 137 350 331 380
   231 215 198 263  50  61  76 294  41 226 312 393 102 353 361 194 339
   162 266 249 321  79 127 127 375  88 251  29 151  44  89 394 119 287
   155 254 279 188 268 228 256   0 333 115]
  [  0 259 151 334  68 136 370 357  71  26 254  50 315  94 359  80 102
   336 105  26 371 212 133 200 189 312 142   6 248 236  71 340 268 140
   252 387 255   3 353 240 241 233 395  87  61   5 100 253 195  51  36
   111 270 373 383  25 330  25 228   0 296]
  [  0  69 394 312 316  63 324 131 298 107 164 146 171  44 224  94 262
   245 385  68 343   9 239 172 190   0 352 397 189 100 212 325 123 175
   102 155 391 185 250 242 354 212 379 215 325 328 330 146 186 390 255
   122 129 297  28 313 157 366   7 347   0]]

 [[  0  51  39 176 166 193 237 369   6 396  99 238 160 389 104 170 126
   353 219  86 111   6  49 338 191 148 162 381 361  64  65  77 209 313
   291  99 249 277 331  48 223 270   2 217  48  13  63  21 221  80 137
    30 383 239 279  99 193 369 320  12  98]
  [  0   0 120 242  21 254 249 178 349 208  55 252 115 178 142 223  40
   302 339 285  15 178  81 193 302 121 285 361 281 126  81 267  37 318
   133 189  91  59  39 132 330 148 256 344 327   6 125 346   7 125 188
     6 150 244 210 102  16 201 308 309 304]
  [  0 309   0 367  23 329 272 289 365 325 170  36  84  59  88 182 277
   199  23 388 102 211 348 113  62 240 112 308 358 280   4  83 357 303
   388 370 299  34  71  37 303   2 184 332 102 324 144  74 280 167 111
   190 344  20 165 369 304 270  46  62 151]
  [  0 174 170   0 276 275 181 214  26 217 107 387 379  43 106  22 108
   133 202 385 328 103 213  24 197 175 253 309  14 248 385  93   0 339
   274 244 116 345  22 130 116 370 133 108   0 261 148 371 136  69 328
   268  74 242 140 110 238 305 241 239  38]
  [  0 204 316 310   0 335  24   2 216 237  60 228  15  93 384 232 270
   279  45 189 162  24 250 398 153  49  20 212 304 163 344 184  95 362
   155 157 107  24 146 233 200 128 172  91 103   0 164 247 134  81 308
    91  99 263 281 367  95 107 149  97 162]
  [  0 344  97 395 222   0  64 298 242 323 345 290 132 310 352  18  39
   186 177 212 383 316 123 106 205  12 163 391 202 137 156  81 127 239
   313 227  37 234 238  73 360 379 397 264 159 258   5 292 363   4  54
   378  27 364 279 243 248 143 266  26  19]
  [  0  37 267  42 265 132   0 269 226 242 170  70  17 343  61  67  13
   314 347  60 233 333  65 135  22 232  62 212 160 278 166 207 322  60
   334 212  81 354 220 214   9 112 140 122   8 322 127 289  44 184 146
   329 161 153 147 177 144  65   4 313  93]
  [  0 203 128 228 361  57 370   0 202 128 221 165 104 169 158   3 335
   204 159 365  30 156 391  47 143  33  44 348 280 131 136 365 136 305
   290 267 363 326 239 164  81 368 263 169 210 149 287 215 200 326 396
   205  22  10  57  46 396 140 215  59 124]
  [  0 245 273 339 323 311   2  58   0 352 245 280 368  13 243  14  31
   196  19 212 358 302 224  77 367 158 152 354  12 182   2 240 121  34
   374 377 118 168  33 288  33 303  27 205 357 238 313 327 290  73  72
    35 267 293 142 218 322 357 226 233 331]
  [  0 233  75  81   0 184 347  88  16   0  52 191  51 363  48  39 327
   131 118 250 347 291 372  92 386 224 312 188  82  76 328 134 228 294
    57 108 129 134  40  60 160 230 150 279 134  40 368  68 202 147 230
   287 164 192  52  63 348  58 104 137 369]
  [  0 145   3  19 122  91 183  17 284 170   0  57 264 397   0  13  50
   316 236 209 107  80 352 151 117  95 106 234 271 262 339 203 206 323
   388 369  40 175 248 273 237 200 316 298 124 124 223  47 340 124  77
   193  11 129 262  51 240  64 358 308  14]
  [  0  19 104 288 236 240  55 245 115  51 147   0 242  38 292  87  51
    22  34 267 144  54   8 111  58 274 321 326 298 104  89 238 102  64
   136 169 254  55 186 282 318  60   2 211 113  26 173  74 177 213 356
   316  98 186 328 265  76  30 342 339  17]
  [  0 348 216 288 373 266 127 136 336 294 369 331   0 115 111  73 120
   397 160 357 116 269  68 355 134 161 187 177 250 143 375  85  57 114
   235 309  81  45 268 327   6 186 268 311 382  92  30 349  32 107 303
   209 384 157 317 308 285 161 265 345 265]
  [  0 352  46 175 385  34 359 367  59  17 273 300  48   0  29 353 333
   368 196 194  64 267   5 345 286 189 113 101 322 202 170  17  18  81
   362 199 242 124 298  97 292 396 349 236 113 380 110 119 210 395  36
    71 325  86 367  58 329 151 244   8  15]
  [  0 303 379 245 361 199 103 266 311 396 300 121 329  90   0 336 197
   250 393 109 277 156 259 255 199 167 324  36 131 191 236 147  71 256
   308 150 112 376 167 104 373  19 222 183 342 170 185  19  21 229 362
    64 148  98 308 318 359 203  58 359 333]
  [  0 367 104  42 130 192 146 246 334  44  65 164 398 185 241   0 174
    29  42 178  72 178  14 237 333 373   8 281  17 379  27 275  72 290
   128 101 139 370 292 254 218 181 263 308  61 254 190  99 192 222 141
   305 172  10  93  81  50  13 335 151  16]
  [  0 102 142   6  95 108 189 357 272 266 129 270 137  84  86 152   0
   157 208 241 139 307  67  94 374 363 212 124  38 273 116 292  14 296
   291 131 141  17 159 259 226 147 326 315  62  89 223 330 276 355 233
   251 179 341  27  68 240 290  85  12 219]
  [  0 279  54  21  94 184 144 330 364  39 129 359 259 109  72 309 298
     0 325 111 144 339 322  38  69 392 330  65 152 355 217 391  80 187
    89 354 198 116 337 226 155 247 353  22 366 341 282  36 276 390  18
    71 198  13   1 254 319 256 107  50  28]
  [  0  29 265 108 370 377 345 208  11 183 388 225 385 214  49 258 103
   121   0  77 364 240  11 305 374  70 168 233 346 301 288 268  59  24
   346  94 325 221 145 207  37 339 276 113 202 310 244 118 101 144 306
   146 343  74  96  71  33  16 156 372 287]
  [  0 321 381 206 288 132 389 175   1 150   1  58 137 334 310  17 382
   265 139   0 358 129 197 335 229 308 326 257 116 251 231  57 387 380
     1 266 150 273 322 315 385 146 393 216 366 125 373 372 386 379 287
   311 393  71 356 291 246 115 136 106  53]
  [  0 393 153 342  91 179 135 272  46 227  73 298 184 386  58 128   8
   155 316  31   0 391 330 302 388 364 144 342 217 199 191 330  23 311
   308 284 251 332 290 108 320   0 126 396 337  62 269 356 271 350 194
   177 298  54  17 145  72  30 257 229 126]
  [  0   1 384  86 127 372  51 391 140  95 135 129  76 217 358 195 345
   330 365 147  94   0  26 143  60 329  93 200  36 161  44 328  51  41
   226 358 295 312  58 213 242 230 260  51  75  60 362 140  33  48  30
    80 220 346 164 363  39 205  98 168 271]
  [  0 212  42 241 281  72 123  33 393 100 128 388 397 252  32 278 178
   363 233  25 385  14   0  70 170 199 211  75 220 267 244 398 124 210
   383  50  79 203 372 181 177 138 251 229 115 323 364 159 130 390   5
   317  78  65 153 311 343 245 109 123  86]
  [  0 144 395  52 172 355 349  45 336  23 261 168 345  49 248  89  29
   110 220 389  95   5  79   0   9   9 244 334   5 361  69 296 394 162
   329 174 243  40 360 127 341 305 378 235 319  64 151 349 112 311 108
    60 338  25  57 113 351 363  92 247 251]
  [  0 388 330 118 311 231 129 135 154 332 245 354  53 218 219 285 374
   264  40 108 141 132 368 212   0 268  98  64 266 301  57 386 185  40
    99 201 354  10 251  41 379 156 379  50  11 195 277 230 309  28 354
   344 338 245  86  70 143  86  60  34 169]
  [  0 144 175 156 318 159 246 117  74 309  52 195  30 365   4 237 224
   193 368 114  98  47 298 344  77   0  18 350  43 376 101 216 124 152
   192 277  53  31 318 356 297  82  42 137 190 200 338 375 102 362  31
   331 216  67 364   1  64 181  27 113 396]
  [  0 212  33  94 122 329 338 178 122 289 301  77  44 377 134 380  22
   245 158 153 117 136 298 360 108 116   0  50 232 290 116 193 285  49
   201  55 348 287 201 267 201 293 182 196 359 390  53 156  70  81 390
    33  94 111 267 150 224 360  51 333 292]
  [  0 312  97 286 398  82 395 302  70 256 389 289 391 324  87 398  10
   233 222 111 252 150 256 312 138 388 346   0  24   2 133 169 117 377
    48 356  75   2  27 195 137 391 152 118 312  65 213  25 266 205   2
   241 194 279 249 369 350 139 253  90 261]
  [  0 240 164 219   2 270 363 131 312 205 220  64 344  83 379 160 127
   311 221 169 395  48 362 277 338 398 260  62   0  56  65  16 292 168
   291 205 350 203  56  86 215   1 113 381 275 142 136 306 377  79 330
    95 246 393 387   5 192 242 286 329 200]
  [  0 262  68  93 236  53 192 355 173  95 187 167  78 343  14  98 194
    70  93 240 136  45 353  44  52 142 368 284  71   0 269  57  76 109
   362 114 166  62 208 377  21  35 112 322 339 240  46 168  10 239 305
   251 187 357  51   0 233 322 177  90  38]
  [  0  68 187 211 130 112  26 188  75 196  81 103 107 152 133 327 246
   293 205 138 278 388 316   9 122 341 161 233 178 269   0 394 187 208
   189 254 346 354 130 357 330  22 145 135 387  71  83 153  80 320  73
    79  39 302   3 144 156 280 171 150 147]
  [  0  91 194 363 398 228 158  79 200 141 359 393 370 205 139 186 122
   248 133 223 274  21 338  27 198 174 251 205 108  72 259   0 102 365
    79 259 149 115  40 306  99 221 242  46 115  84  11 232 268 111 113
   100 370 253 184 392 384  31 111  97 199]
  [  0  81  75 235 263 116  52 364 210 172 397 352 102 278 317 226 192
   336 192 208 181   2 147 143  19 369  32 200  64 324 285  13   0 359
   308 244  72 239  73 368 356 321 126 269 232 198  77 148   2  15 148
   300 309 183 200  55 296 350 261 353 357]
  [  0  45 340 389  10 213 299 102  24   8 277  66 285 238  10 196  88
     2 382 226 365 330  23 106 378  27 134 370 191 338 275 134 267   0
   240 362 163  92  34 206 362 180 339 125 373  88 332 276 197 214  86
   162 398 327  35 188  35  79 230 126  89]
  [  0  53  10 178 154 185 217 387 228 268 247 197 181   9  27 143  90
   350 358 211 309   9 180 330 231  55 135 157 250 215 275 362 140 105
     0   6 205 286  62 289  91 334 218 123 122 299 204 309 352 240   4
    83 255  11 356 367 132 208 396  12 183]
  [  0 289 107  71 213 357 317 317 357 393 323  41 193 216  47 335 163
   286 328 247 191   3 307  33 229  43 186 239 116 202 397  41 392 115
   170   0 180 231 381 105 236 335 174 357 208 386 257 138 363  68 335
   303 358  65 298 216 256 293 325   0  68]
  [  0 354  74 338 329  93 286 175 103 175 106 350  58  46  60 325  27
   124 328  17 376   2 155 392 256 311 246 121 171 320 251 364 308 381
   214 197   0 126 233 219 329 241 200 288 214 204  80 391 186  86 347
   193 174 276   5 334 131 311 102 115 379]
  [  0 222 283  28 328 211 162 114 238 121 365  31 278 216  10 329 397
   270 392 123 239 251 183 390 183   1 351  69  35 287 330 178 167 372
   197 283  71   0 300 316 377 312 248  34 350 141  34  17 172  25 361
   167 122 209 196 302 352 342 376 127 353]
  [  0 294 387 180 292 294 221 260 391 192 286 278 368  98 225 354  67
    35 159 177 179  42  30 213 379 217 240 268 208 109 388 146  20 148
    12 356 332 259   0   6   2 274 159 241 372 274 173  81 227 213 245
   301 378  23 135 134 231 166  57  45  16]
  [  0  78 282 342  32 121  12  37 267 320 138 184 255 329 345 209 370
   209 359 217  13  78 358 332 205   4  25 365  78 232   2 344  24 334
   180 264 263 145  87   0   8 249 116  97 313 309 312 112 370 298 380
   144 358 140 301 149 133 193  53 309  12]
  [  0  97 142 244 153 146  87 112 134  80 114 271 204 275 254 291 187
   177  27 187 241 257 206  58  65 100 129 124 283 142 328 391 105 204
   115 245 196 252  19  85   0 392 120 328 306  64 342  51  26   4 168
   318 280 102  38 207 211 174  92 382 313]
  [  0 246  83 311 356  59 240 174 274 338 328  39 396 344 373 181 177
   380 143 161 308  75  75 159  78 110 373 334 216  48 360 199 191 220
    48  63 195  49 185 128 381   0  53 169  78 214 186  98 131 283 155
   259  37 396 274 162  21  27 115  11 179]
  [  0  10  22 284 176 397 307 107 300 346 103 259 260 326  33 384 292
   331 223 379 285 362 143 126 212 391 202 374 271 337 291 396 147 112
   192 150 325 217 174 348 269 329   0  21 207 206 161 321 105  15 199
   177 232 349  46 249 165  31  86  18 356]
  [  0 161 226 396 145 325  85  41  86 270 251 114 250  32  74 165 108
   372 333 248 357 387 242 323  22 209 171 303 394  19 321 206 215  82
   351  37 264 177  88  73 273 384   8   0 234 308 350 139 143 183  81
   140   7 377 226 339 387 270 176  72 398]
  [  0 235 319 348 255  41 184 192 192 152 100 185  27 253 137 149 396
   121 390 240 389  42 198 261 278  90 157  17 294 321 106 303 351 118
   133 104 200 241 305 368  23   3 247 176   0 292  76 248  97 304 371
   164 171 133 299 257 393 217 263 330 319]
  [  0 271 372  75 304 126   0 258 272 252 277 150 131  97 128 392 143
    46  80 228 151 345  71 274  35 137 233  35 237 176   2 121 248  85
    20 175 331  91 289 310 260  73 151 265 349   0 355  97 215   7 260
   274 312 381 364 279 163 289  76 235 201]
  [  0 365 112   5 233   9  38 102 197 134 287 348 201 246 135 157 195
    54  35 333   5 373 197 340 359 213 374 254 152 171 201  30 224  11
    68  35  14 326 314 234  76 112 283  47  63  30   0 125 248 124 185
   187 232  52 199 107 337  80  44 218 202]
  [  0 128  43  77 321  36 134  40 398 207  87  51 169 327 300 165 364
   376  37 351  25 107 265  77 357 285  88 228 384 167  86 334  13 177
   118 287 291 262 225 241  67 151  38 291 211 356 253   0 366 304 296
    43  12  12 364 117  87   1 294  92  44]
  [  0 373 178  59 292 351 349  40 257 118 231 208 394 218 164 351 201
   173  36 258 116 341 160 347 139  72 346 135 131  40 244  20 238  70
   254 263 194 254 255 103 198 263  19  56  66 359 167  70   0 361 327
   281 301 367 303 175  86 289 361 251  32]
  [  0  48 163 183 269 318 314 268 117 128 206 371  94 184  48 151 193
   335 299  69  87 259 180  25 152 164 180 305  41 335 186 377 323 101
   233  94 114 112 141 230 371  19 338 282  61 133  87 261 244   0 198
    59 365 251 394 219 373 274 164 231  10]
  [  0  61 138  60 398  75 138 108 122   6 142 228 112 277 166 258 236
   372 319 354 335  17 146  20 176 111 196 169 375 267 117 284 134 161
   250  85 241 319 273  67 235 102 186  36 315 181 338 318 222 190   0
   162 305 102 378 295  24  60 334 246 263]
  [  0 364  33 242 169   0 287 143 370 320  35   7  47 351 112   7 244
   276 282 386  65  88 195 200 242  20 134 313 300  96  22  50 192  70
   156 188  14 296 190 178 198 228 305 114 394 225  22  15 141  46 299
     0 284 147 349 301 358 179 345 234 194]
  [  0 147 217  68 363  83  84 246 391 219 266 325 298 302  39  26 318
   296  84  52   1   0 269 270 313  98 254  62 205 281 164  26 230 304
   273 227 176 276  18   3 347 237  41 179 109 151 332 116 354  27 337
   196   0 327 397  44  71 259  96 150 357]
  [  0 275 229 296 230 292 325 127 262 239 293 316 151 287 110 229 212
    61 289   1  43 198 103 222 372 353 117 101 289  86 181 202 257 321
   146 342 220 268 233  77 201 383   7 202 176 388 377 144 228 159 295
    47 277   0 330  98 380  89 266 190 200]
  [  0  56 174 140 391 239 177 199  98 322 218  12 212 245   9 393 357
   295 231 260 340 235 154  74  91 250 343 364 256 368 258 255   8 303
   379 242 266   0 152 137 186 351 139 290 176  28 390 223 290 204 391
   176 193 190   0 309   1 299 243 115 212]
  [  0 181  92   7 218  15  31 277 290  51 237 204  30  59 312 306 238
    41 122  46 205 347 237 152  75  52  68 316 366 246  82 176  38  24
    23 373 268 364 286  77 392  18 219 244 199 238 158 336 340 195  84
   398 277 382 193   0 133  33 324 249   7]
  [  0  47 131 254 255 143  76 225 211 153 298 154 263 245 197 209 334
   384 134 166   6  84 242  63 324 204 307 314 358 248 139  29  99 282
   260 203 102  38 145 195  79 338 214 225 178 304 384 131 325 145 379
   259 138 124 110  14   0 251 388 179  56]
  [  0 126  44 225  28 102 108 132 116 378 336 241 107 220  43 153 165
   250 358  35 351  71 119  11 396  15 119 203 281  31 348 200 264   3
    10 175  77  71 215   5  58  93 144 273 285 175 333 320 148 275 316
   385 109 151 307 127 198   0 240 196  24]
  [  0 174 262 200 361  33  25 123 154 386 147 240 292 301 191  50 375
   361 127 338 350 111 218 207 103 329  72   5 220 214  51 106 184 177
   279  41 300 334 139 190 231   3  68 362 388  90 281 233 264 396 109
   294 146 194 221  34  97 154   0  46 219]
  [  0 216 390 116  74 275  30  97  60 382 341 395 363 265 394 318 391
   153 295 355 176  88 287 244 351 121 302  17  43 278  50 332 344 283
   267  52 377 286  32 377 165  53 180 100 259  30  87 351 333  51 331
   216  43 264 239 249 166 161  37   0 273]
  [  0  42 258 190  19 105   1 364 318 163 330 273 249 238  95 320 276
   270 149 199 397 151 201  14 247  72  32 310  45 375 282 384 229 133
   362 222 178 364 113 244 127   7 328  80 123  26 210 336 393  60 226
    71 360 263  89 326 233 250 359 372   0]]

 [[  0 169 249  27  50   9 224  44  83 304 235  53 356 290 246 229  37
   238 255 310  37 390 357 144 328  13  67 165 235  96  91 204 107 302
   338 217 136 152 278 339  63 173  11 355 277 226 165 120 151 242 102
   290 317 241 180 132 384 388  57  24 299]
  [  0   0 372 145 141  97 107 182 268 117 123  56 176 363 347  80 158
   182  39 352 348 246 119  81 284  27 151 115 131 375 177 177 271 342
   148 344 298 189 174  51 326 172 186 246 151  64  60 351  25 349 373
   181 240 268  92 334 169 162 243 252 301]
  [  0 276   0 300 386 137 135 285 297 355 220 137  98 260 257 108 273
   386 213 105 115 102 307  38 339 314 142  71  27  47 177 102 373  29
   123 396  64 353 218 306 122  55  79 311 180 370 160 299 288 207  73
   302 170 338 279 133 352 216  81 288 261]
  [  0   8 143   0 326 351 170 217 393  23  15 150 285 206  38 159  34
   144  98 262 208  67 167 316 188 274 182  69 363 174 336 251 299 340
    13 263  31 242 382 298 270 254  22 283   2  71 141 126 208  75  84
    41  24 238 223 222 260 111 203 249 373]
  [  0 140 296 137   0  30 102  13 168 150 120 321  48 333   2 111 197
    98 353 398  50 230  86  62 277 230 354   9 302  25 118 266 348 196
   190 341 165   8 118 181 295 105 357 330  68 393  86  27 204 263 206
   179 202 277 398 351 212  66 392 248 216]
  [  0 104  29  56  76   0 233 243  26 135 313 138 233 132  41 337  58
    29 103  15 236  91  17 374 206  99 232 111 188 255 129 240 222 143
   366  92 197  49  73 351 195  43 199  47 248  52  61   2  62 175  26
   391  51 373 174 160 380 294 195 394 300]
  [  0 241 335 355 355 275   0 327  21 209  41 104  31 286 134 119  94
   199 343 289 279 359 370 230  12 276 147 303 398  89 240 333 298 192
   118  31 135 311 145  52  86 374  84  42 108 344  63 342  12  31  68
    13 132 342 246 350 358 258 273 330 275]
  [  0 298 376 210 346 361 209   0 177 348 305  69 118 379 191  39 196
   282 278 168  80 103 395 229 334 141 347  86 374 207 109 129  70 244
   372  11  64 244  38 141 195 109 259 176 145 325 372 178 340 118  48
    99 103 132  85 323 154 265 254 195 216]
  [  0  79 289 282 298 252 164   7   0 364 119 165 286 187 141  10 376
    63 251 261 301  25 253 371 344 348 145 318 347 320 139 160 295 383
   318 165 196 382 318 277 144 365  16 116  46  22 334 183 396  83 378
   290  19 272   5 139 126 312  33 390 106]
  [  0 206  47 172 144  69   7 240 235   0 256 213  75 354  50 389 300
   354  95 134  42 394 224 175 158 294 311 258  88 254  72  15 333 102
   180  74   7 252 322 336  27  71 328  52  19 259 164 106 225 379 397
    50 235 280 260  45 197 345 206 207 268]
  [  0 299 197  62 287 363 294 350 373  11   0 370 165  55 145 100 262
    44  65 397 255 386  71 329 345  35 158   6 134 140 269 244  81   7
   367 254 126 360 273 371  15  14 149  41 359 238 223 276 180 298   3
   163 140 263 340 314 155 371   4 237 189]
  [  0 176 377 230  47  62 154 339 224 119 334   0 353 298  14  69 315
   167 251 140 329 343 263 226 133 315 248  40 209  40 293 354 174 245
    94 274 270 383  16 250  14  12   1  44 114  25 226 225 249 146 345
   233  81 382 285  10  25 226 259 105  80]
  [  0  22 187 258 385  88 381 205  11 310  51 296   0 154 230 152 302
    66 349  12 298  29 208 290 337 236  57  27 198 131 322 275 219   9
   101 248  55 118 312 184 170   5 241 241 226 211  48  95  14 167 240
    44 137 314 186 249 380  46  27  29  37]
  [  0   6 302 396 298 224 358 304 147 287 207  46 352   0 216 319 260
   151 298 122 319 144 264 241 387 315  34 376  92 355 281 137 224 161
   267 162 318 117 347  63  48 116 396 349 351 349  99  87 163  95 353
   143 148 198  94 370 149 391  86  43 206]
  [  0  95  94 158 345  26   2 301 337 344 264   5  52 332   0 205   7
   281 166 215 148 170  95  31  56  31 358 333  48 379 155 259 216 341
    85 160 352  93 164 246  79  78  95  10 176 385 196 359 114 102 362
   317 261 189  34  41 114 241 281 395 243]
  [  0 165  21   6 374 380 227 176 261  87 163 186  24 239 108   0 308
    15 116 132  23 284  56  74 371 346  72 134  64 198 352 161  50  27
   253 352 380 393 213 367 113 366 382  61   6 204 379 178 108 112 307
    93 206 150  82 187 189 308 392 339 185]
  [  0 361 145  37 168 296 272  95 148 387 358 154 396 328 344  31   0
   311 261 201   1 391 387 379   5 358 146 130  57 368 142 111 350 135
   341  72 191 198  19 385 215 172 217 222 370  87 273  38 302 116 274
   145 167 144 334 294 387 235  30 251 107]
  [  0 160 230 103  57 370  94 239  50 143 319 368 393  62 229 370 352
     0 322 300 111 248  14 174 323 142 237 397 370 242 107  98 333 339
   182 354  10 163 243 221  89 247 329  33 195  20 356 398 338 393 151
   338 391 203  67 146  10  16 308 271 131]
  [  0 115 239  97  42 312 319  10 224 155 357  59 243 229 193 189  50
    71   0 186 363  60  93 244  63  23 241  78  82 304  64 270  14 201
   362 357 191 152 393  41  66 130 272 280 262 367 375 338 361 324 290
   392 381 304  56 153 314 226 143 165 394]
  [  0 161  83  44  86 307 327 271 288 350 321 234 370 323 122  74 207
   123 145   0 209 175  45 252 161 301 235 219 237  77  88 304 260  69
   351 310 390 310   8  67 168  35 304  39  49 242 319  84 350 100 253
   131  39  93 203 137 362 172  87 189 332]
  [  0 223 382 136 230 278 231  55  31  41 189  42 347 244 107  15 179
    31 335  89   0 208 189 121  71 177  35 313  44 165 299 253  42 370
   184 135 155 140 268 256 115  16 145 308 237 356 369 223 159  93 136
   186 246 102 176 184 369  16 122  22  25]
  [  0 259 232 142 275 102  16 198 135 314 394 108 244  94 143 289  77
   285 245  85  25   0 336 265  29 107 148   3 100 125  48 249 226 341
   239 239 368 313 297 398 271 389 306  13 204  66 186 368  11 251  35
    62 356 230 111 131 111  72 373 326 383]
  [  0 325 276 252  97 162 378  93 276 110 118 103 275 151   0  90  54
   170 120 168 290 344   0  23 164 162 358 239 220 375 180 167 181 220
   212 279 323 188 129  52 129 389 191  14 115 264 289  38  92 109 156
     7 154 348 258 124 313 260 227  53  82]
  [  0 363 222 238 271  54  17 308 276 339 100  36 390 309 195 184 392
     1 109  95 104 109 258   0 347 167 204 254  99  30 180  90  51  30
   281 288 169  81 213 302 158 310  78 398 395 251 198  99 231  43 213
     1 274 204 125  59  71 224 195  80 300]
  [  0 282 252 103 193 297 269 160  22 128  38 330  23 135 109 193 381
   195 396  88 254 388  46 256   0 361 138 271 340  74 387 214 171 322
    48  55   2 117 282  32 168  37 221 355 344 182 345 241 174 166  82
   288 133 232  35 253 156 258 336 196  24]
  [  0 152 229  49  68 127 355  68 207 237  74 396 355   6 144 159 236
   257 258 205 219 263 189  50  81   0  20 271 331 153  26 214 252 107
   232  57 278 173 375   5 142 216 361  33  62 202  75 375 361 151 194
   191 140  92 176 380 311 119 209 250 190]
  [  0 139 100 292 138 241 346 238 308 255  59 223 250 257 106 121 221
   301 268  65 372 174  15 334 260 222   0 201 295 197 161 344 122 176
     6 199 134 385 249 317 349  58 380  97 303 183 243 371  19 207 243
   364 250 298 295 209 122 292 355 155 214]
  [  0 384 102 192 351 210 301 258 119 326 330 211 343 352 330  30  52
   194 362 273 195 162 282 263  79 355  83   0 302 194  93  38  27 107
   135 219  89   6 354  56 240 375 282 342 340 201  32 179 286 381 240
    95 165 126 102 229 155 394 219   5 367]
  [  0 142 397 393 214 122 192 297 170 192 340 137 290  25  13  98 207
    55 114 289  18 335  28 143 215 354 144 237   0  79 208  26 259 377
   380 137 169 274 367 151 116 116 267 277  48 364 344 128  67  19 391
     2 225 106 199 351 210  29 392  44  47]
  [  0 373 363  30 338 112 354 337 234  65  51 178 156  80 363 381 152
   342 361  49   1 299 236   9 127 283 274 257 200   0 377 134 237  73
   385 210 135 150 163 192 146 313  53  87 211  26 296 264 269 316 213
   360 222 270  36 359 144 306 197 291 260]
  [  0  66 321 211  35 196 295   6  38  82 199 336  51 368 139 316 316
   314 394 205 352 305 108  68  79  53 314  70 377  36   0 294 329  98
   331  88 239  87  75 108 374  95 260 371 117 380 164 371 146 390 231
    50  43  64 360 300  59 108  19 251 359]
  [  0  83 392 100 330  90 204 261  54 372 391  34 162 269  51 182 305
    99 347 356 290 143 338  52  78 197  63  40 110   7 355   0  80 126
   181 183 263 218 249  17 354 331 102 346  73 208 117 241  10 133 369
    13 280 245 283 291 356  95 349 352 236]
  [  0  24 327  56 139  41 344 194 248 367  34 383 193 235 252 285 360
   175 108 397 152 363 205  80  73 386 103  53 303 105   6  99   0 319
   237 229 149 387 299 354 146  93  39 186  36  40 383 165 226 230  58
   156 126   1  54 193 318  58 212 165 107]
  [  0 203 207 368 135 364  26 367 226  14 319 315 271 218  85  75 320
   326  97 204 167 235 298 134 205 344 385 330 161 312  52 205 367   0
   394  38 246  27 146 237 163 235 389 124 158 256 155 196 155 182 197
    57 341 181 108 198 229 288 319  92 368]
  [  0 316   5 149  96  69 202 314 123 384 187 251 354 397 260  32 104
   217 279 200 145 172 235 257 113 139 281 195  72 224 309 177 313 121
     0 248 106 220  42 264  28  80 258  13  66 252 385  34 151 141 207
   367 312  78 307 165 141 382 197 203 130]
  [  0 209 311 133  15 354 151 168 394  24 159 151 119 283 305 300 356
   292  26 300 382 277  52  51 295 349 359 158 142 292 212  71 185 337
   222   0  42 231 376 204  70 239 386 126  94 153 151 161  96  23 376
    59  97 201 324 155 292 267 371  12  42]
  [  0  50 150 206 256 390  22 352 102  50 224 222 153 187 110 323 285
    45  40 200 108 295 214 362 156 331 263 340 193 166  70  67   7  22
   292 370   0 130 385 171 160 330   3 323 341  92 126  28 224 215 212
   388 252 347  13 147 373 162   9 141 327]
  [  0 191 160  69  74 302 191 243 361  31 294 342 324 272 243 396 384
    54 308  59 161 257 244 327 185 339 156  91 125   6 315  40 168 162
   342 137 121   0  16 316 211 212 174 339 213 246 157 317 104 273 303
    82 134 190  59  80 250  49 231 364  30]
  [  0  56 282 324 349 265 148 194  24 205  28 348 158   5 153  68 189
   194 375  31 373 308 283 354 212 380  25 291  12 162 317 330  20 128
   282 373 292 297   0  65 269  45  55 196 390 110 149 373  58 163  37
    85 287 174 146  84 162 111 109 145 323]
  [  0 134 190 371 211 103 213  58 202  90 208  80   3  10 286 194 168
   213  54 316 165 208 277 334 196  67 233 216 226 281 259  93 176  33
   285 160 218 356   9   0 241 166 264 343  27 288 123  95 283  26  70
   237 201  37  86 216 232 378 183 280 378]
  [  0 246 301 356 273 191 100 297  82 120 397  25 324 255 228 128 202
   277  82   7 379 358 294  92 206  48 143  50 275 179 302 347 252 354
   146 280 326 256  33  72   0 258 374 354 237 373 352  61 160 261 229
    60 147 146 379   2 287 122   5 126  88]
  [  0  89 275 183 200 248  33  38  16  58 343 370 334 296 332 101  29
   357 317 179 129 364 273  93 114 243 169 258 330 117 199  49 313 217
    49 142  35 370  12  66 282   0 174 271  88 137 217 311 289 304  95
   248  55   7 119 175 122 297 235  82 267]
  [  0 334 138  92 326 235 167 140 290 295  76 188 368 356 239 320 357
   146 146 137 395 387  64 284 151 172 172 276  69   1 100 135 234 305
    64 259 381   4 254 244 260 294   0 224 231  79 153 388 237  34 371
   389 379   8 257 350 235 210 107  75  34]
  [  0 334 170 327 224  40 311 142 304 199 203 102 390  89 297 115 229
   263 244 235 109 238 296 280 259  85 256  88 354 347 298 174 310  79
   396 374 316 168 154  81  70 259 195   0 169  15 209  26  71 168 194
    97 373  85 115 209   9 114  91 126 170]
  [  0 254  87 154 265 161 349 308 115 166 274 201 215   0 367  27  78
   271 300 297  37 102 319 311 272  83  47 367 254   0 300 196 218 134
   153 141 381 314 294  55 337 120  64  78   0  54 194  58 343  11 267
    69 294  15 120  49 381  87 303  26 148]
  [  0 350  24 142 116 110 268 164 380 104 344 303 301  95 229   9 311
   199 287 161 388 152 304  12 289 229 216 295  78 152 300  82 148   8
     2 203  32 123  94 294 298  58 387 356  13   0 219 218 191  39  41
   243 363   6 294  98 120 105  46  29 355]
  [  0 212 212  34 179 147  46 343 139 210 101  44 358  25 323 305   3
   196 232 281 351  88 231 140 291   3 344 153  18 298 259 289 222 199
   395 265 225 254 316  21 135   3 384 217 333 169   0 277 336  27 217
    43 186  41   0 373 102 297 133 309  76]
  [  0 328 268 310 129 355  71 123  44 234 121  48 172 245 222 113 178
    82 112  78 146 118 116 204 361 277 176  16 152 141  80 159  84 151
   209 217 304  85 249  19  45 389  63 204  32 269 272   0 324  89 287
   298  76 371 301 222   0 364  18 345 377]
  [  0 355 367  20 334 161 293  76 290 140 361  45 264 123  97 316 155
   103 169  25  43 215  51 286 322  37 397 338 112 171  76  54 391   0
   393 270 224 197 393  20 306 101 142   5 205 214  63 171   0 111 175
   353 329 337 326 347 234 258  59 392 301]
  [  0 328 250 108  12 218 390 256  41 316 347 228 158 331 163  28 371
    40 153 232 197 342 119 285 362 215 198 360 108 379 374 198 214  17
    55 259 174 301 148 378 226  21 366 320 106  85 209 217 287   0  87
   236 215 298 299  37  87 119 224 267 193]
  [  0  25 127 350 322  28 148  56  54 144 222 274 133 229 287  65  19
   327 373  85 364  73 159  91 142 248 245 134 131 108 279 219 375 135
    11 350  96  54 186 301 225   4  68 348  16 381 191 210 355 150   0
   100 242 132 236 122  95   7 120 161  14]
  [  0 248 152  87 219 144 148 312  68 352  65 237  56 211 322 180 391
   280 253 227 301 111 320 158 353  18 384 127 390  61 250 234  60 284
   175 299 395 304  42  63 373  69 123 277 248 163 199 397 396 271 391
     0 257  23 375 329 324  10 200 255 350]
  [  0 209 205 398  56  32  30  40 190 141 179 394 184 345  31 118 307
   273 224  31 225   2 257 215 355  76 334   1 353 296 300 303  25  73
    26  54 374 126 277 370 287   9 335 392 142 193 318 333 345 380  25
   266   0 337   8  64 234  80 216 210 334]
  [  0 313 391 391 356  51 318 281 301  54 182  36 135 340  53 198 147
    99 220 390  98 278 360 201 283 287 318 354 272  80 106  40 304 353
    17  22 242 380 172 155 110 277 287 115 274 115  25  89 382 378 294
   358 105   0  49 174 135 258 134 355 248]
  [  0 253 147 108 165 224 140 367 140   9 353 208 287 370 231 108 239
   151 156 375 221 158 175 153 368   0  14 138  53 107 209  63  41 355
   128 243 316 118 307  21  62  51 142 163 175 391 274 181 310  74 147
   177 380 244   0 119 380 330 318 389 116]
  [  0 361  79 378 241 157 352 317 225 156  58 110   0 376 394 146 372
   391 296 111 127 262 372 397 205  30 267 276  75 211  10  65 218  88
   330  54 360 143 397  83 239 347 306 289 381 364 241 322 110 220 205
   294 364 181 292   0 379 185 289 224 296]
  [  0 193 364  62 159  33 339 392 151   4 315 329 159 328 324 345  18
   323 352  20 264   7 208  79 393 398 161 154 226 226 354 254 397 218
   204 157  48 177 281 237 290  54 137 270 168 124 300 231 360   8  45
   365 353 234  47 277   0 280 285  25 275]
  [  0 199 282 231 196 186 255 286  37 277 374 181  68  46  56 205  12
   328 101 138 246 165 275  32 175 257 129 230 125 354 177 223 171 188
   204 178 231 198  33 132  81 240  10 256 236 332 260 309 263 237  82
   191 228  80 384 327  17   0 381 100 127]
  [  0 118 366 275  34 220  13 339 225 225 329  28  77 374 257 278 355
   233  73 178 395 110 118 186 245 233 293 388 263 117 125 186 334 179
   188  18  47 344  14 146 145 113 154 271  29 340 348 339 357 394 167
   257 213 336 276  33  86   7   0  67 297]
  [  0 170 328 202 332 385 129  53 271 189 181  69 159  43 260 197 375
   333 151  40 138 110 100  83 210 306 296 231 192 302  86  26 231 243
   287  41 396 173 161 334 389 327  67 216 344 163 325 217 243 363 251
   203 360 345   2  39 144  40 265   0  64]
  [  0 208  20 107 178 381 287 355  45 256   8 385 262  58  61 103 222
   219 248 259 284 236  61 349 219 370  42 357 179 273  65 223 375 328
   347 145 196 364  63   1  35 276 377 182 274  19 165 196 209 366 171
    51 367 120 148 103 193 232 239 353   0]]]
release_time
[  0  91  91   0  19  43  47 133 119  54   8 114  45  28 186 111  34 111
   4  60   6 129  85  16  25   2  71  11  63  87  25  49  52  91 131 107
 115 105 135 115 103 134 120  53  20  25  92  46  58  36  76 235  86 120
  28  20  76  36  38 135   7]
due_date
[  0 129 123 127 163 138 127 137 250 156 160 137 147 128 195 249 144 163
 149 133 143 153 154 151 143 163 150 133 123 161 158 134 133 131 136 124
 149 160 149 135 326 148 146 135 128 153 133 149 128 140 136 314 471 144
 151 248 128 136 150 163 425]
unit_emission
[14  2  7  2 16]
emission_limit
27398.8
setup_severity
2.0
due_tight
0.9
due_range
0.25
release_tight
10
degree_constr
0.8
