mach
5
job_rate
12
weight
[ 0  7  3  1  7  9  6  6  1  4  4  4 10  6  1  1  7  1  1  5  8  5  7 10
  5 10 10  5  4  8  9  6  8  9  3 10  3  7 10  5  6  4  4  9  6  4  1  9
 10  9  3  9  2  1  8  9  4  2  6  8  2]
proc_time
[[  0  99  93 145  73  88  72 105  79 139  78 101 148  90  93 127  87 105
   81  84  54 141 112 115  87 109  89 106  50 122 105 132 105  67 130  51
  135  56  85 139  78 120 117  90  91 112  59 102  78 128  58 143 146 140
  110 137 105 118  63  98 121]
 [  0  85 104  61 125 141  53 139 113 145  71 143  62 143 135  67 137  55
  138 128  85  70 118  68 119  61  51 139 137 138  96 118 111  53  59  58
   60 135  72  64 126 131 134 115  79  56 138  50 150 134 101 141 107 121
   73  86  85  69 134 132 121]
 [  0  74 106  81  83  60  92  60  97 118  57 128 135 106 101  71 138  72
   90 133 116 117 113 143  61 126 107  93  53 125 150 126 113 109 102 130
  101 145 120 108 136  84 113  51  68  62  83  76 117  92  90  88  94 128
   52  66  56  59  82 120  73]
 [  0  76  99  59  92  76  58 131 105 137  89 102  55  97  93 134 119 145
  141 101  86  53 109 132  59  55 100 104  66  76 145  71  82  75  60  71
  142  75  61  99  54 133  79 150  76 114 103  56 101  50 138 109 135  96
   92  52 107  96  67  91 121]
 [  0  51  60 147 104  80  66 106 148  65 124  85 132 102 147 104 110 115
   54  75  87  94  99  51 145 101  85  86  96  61 117  92 116 128  73  50
   99  94 114 110  71  52 118 150 106  72  62  76 138  65 133 104 101  84
   57 135  93  51  79  50 107]]
setup_time
[[[  0 328  61 208 384 352 172 271  95  28 181 304  48 212 320 383 198
   328  48 117 290 287  33 170 281 327  36 182 250  16 221 195 217  37
    78 105  43 376  59 242 351 264 144 390 257 231 358 302 172 209   3
   318 316 122 175 344 269 279 380  79 145]
  [  0   0 252  40 368 117  34 378 290 281 391 215 118 295 268  62  40
    47 185 179  89  13 211 140 167 195 273  62   3 178 311  74  37 260
   225 312  80  53 229 249  45 387  16 115 347  88 196 272  86 286 326
   354 273 347 310 138 216 160  21  81 279]
  [  0  43   0 156 369 197 140 331 127 199 267  49 347  77 261 205 294
   306 189  55 141 243 285 302 380 229  74  88 262  10 175 199  22 357
   116 186 368 165 299  46 314 106 331 189 150 377   4 282  47  32 170
   208 200  97 186 384 387 321   4 181 269]
  [  0 236 243   0 153 185 262  91 165 135 192 287 236 232  31 205 171
   376 294 371 352  93 212  59 334 191 104 389 321 330  95 310 166 347
   127 294 323  60 343 148 392  12 152  16  46 292 350 391  23  94 348
   367   9 194  11 291 126 378 346  34  71]
  [  0  81 166   3   0  26 166 131 278 284 159 319 145 361 155 319 325
   327 391 227 286 355 362 359 169 157 183 230   4 178  96 307  94 215
   369 274  67 125 146 204 341 296 299  57 210 200 388 301 330 269 217
   330  86 295  93 341 211 315 203  74 228]
  [  0 163 351 115 364   0  41 296 217  44  96 332  11  34 220 119 215
    11  36 167 162 160 360 215  30 236 327 165 141 332  69 278  61 254
    27 246 365 176 147   5 367 215 301   7  11 249 197 160 119  28 262
    53  84 281 319  71 281 187 269 174 374]
  [  0 117  20 239 107 252   0  41  14 152  87 185 376 242 173  97  49
   158 316 379 229 382 107 206  14 160 100 353 374 321 313 284 234 368
   107 207 237 266 342 119 133   8 216  60 248 108 237 299  20 239 169
   236  52  21 100  68 289 286  83  70  13]
  [  0 256 345  84  51  58 286   0 303 350 329 322  93 132 141 220 226
   335 200 238 145 178  87 373  66 309 149 128  30  99 382 254 218 378
    55 196 216  72 224 368 350 264  88 309 138 255 340 283 363 307 135
   249 112 235 350 138 367 274 186 235 240]
  [  0 139  77 174 216 166 374 110   0  25 212  10 242 311  30 101 129
    64 162 107 257 393 213 372 226 384 124 189 174 176 191 147 113 165
    41 193  18 192 252 314 335 270 282 125 322 278 125 221 252 275  97
   140  81 208 166  22  17   0 157 348  55]
  [  0 333  77  45 387 297 332 264 211   0 230 204 184 341 148 187 133
    29 390 393 228 131  66  35 368 291 269 334 327 181 123 299 126 169
    73  97  32  29 382 337 287 338 128 275 263 129 201 104 134 105 308
   119   4 340 133  92  80 243  86 353 319]
  [  0 204 325  10 116 154  96 105 376 195   0   2 105  44  44 140 242
   102 277 116 113 205 269 116 180 260  21 338   6 233 364 322 184  19
   348  77 358 141 225 339 307 196 113  57 201  28 350 290 317 280 370
    52 289 267 293 115 146 342 327 291  28]
  [  0 367 391 252 316  87 111 237 231 112 346   0 347  76 341 128  10
    85 139 391 238 110  59 351 101 262 288 336 362 313 376  52 310 287
   348 246 258 359  84 177 253 150 135  10  77 154 100 243  14 388  80
   237 392 148 338 362  78 171 293 331 186]
  [  0 289 306 188 135 122 119 182  63  23 264  34   0  98 298  71 330
   201 273 231 279 181   3  10  82  76  91 242 386 274 168 244  92  58
   381 164  89  47  36 132 160  85 113  64 135  77 140  87 331 314 261
   245 308  30 237 313 118 243  24 388   9]
  [  0 135 326 216 335 264  42  56 202 132 224 287 309   0 181 320  75
   149  99 204 215 217 318 326 387 129 240 386 350  87   4 176  19 163
   247 200  42   0   9 383 346 222 368   5 131 374 188 128 236 190  22
   174 316 220 169 350 189  42  53 298  58]
  [  0 169 390 219 111 328 332 377 114 320 145 199 213 247   0 368 102
   384  42 317 349 178 213  98 216   6 353 212  51  53 251 353 189 132
   186 266 386 191 255 191 278 359 376  17 256  85 306  80  56 296 390
   323 216 112 212 131 137 121 240 363 226]
  [  0 369  42 168 156 187 242 343 271 371 344   5 251  38 325   0 100
   334 169 287 353 389 218 155 221 106  18 121 359 179 120  75  50 170
    88 244  26 327  82  99 213 193 170  96 335  94 253 183  90 349 277
    93 383 140   9 196  91  24 311  61 372]
  [  0 307 159  65 351 240 154 248 185 236 115 282  59 283  70  42   0
   161 244 317  51 257 317 160  97 337 240 108 283 332   4 188 113   5
    68 146 239 232  43 362 105 334 109  97 224 353  31 199 133   8 166
   378  69  34 355 161  68 218 122  37   4]
  [  0  73 312  41 186 254 372  92  79  27   4  88 115  92 354 159 271
     0  14  46 351 168 263 372 219 103  40 201 227 149  59  81 195 279
   374  57 288 299 338  93   9 240 349 347 242 354 228  13 334 193 135
   143   7 123 226 375 360 295  97  98  82]
  [  0  62 269 364 142 199 118 142 250 195 290 133 251 273 155 285 103
   346   0  33 201 115  93 186 112 264 372 256 311 279  31  10 348  22
   352 277 149 197 171 253 103 220  75 252 200  37 191 112 181 337 198
    13 207  25 323 144 183 347  22 258 122]
  [  0 214 269  99  99 287 294 108 258 250   6 113 353 380 305 139  44
   123 252   0   7 281  32 338 200 239 382 123  86 203 198  83 320 262
    30  62  48 131 359 211 257 353  89 243 160 353  60 298 269 229  27
   226  10 336  21 176  90 355 272 206  13]
  [  0 276 181  83 372  79  48 137 307 278  16 260   6 378 322 258 247
   317 237  10   0 361 207  71 382 369  33  44 138 124  40  13 234 237
   251  57 262 169 134 309 318 120 390 384 130 244  38  26 318 353 140
   212 159 362 227 350  58  85 216 135 102]
  [  0  98 255 386 233 222 211 273   3 359 180 102 348 269  16 197 209
   281 137 130 292   0 276  50 311  73 267 211 371 108 334 249  87 222
   371  89 118  40 230 175 269 140 165  11 190 312 145 201 242 143 145
   153 176 283 147  55  56 337 268 147  21]
  [  0  26 111   2 236 223 120 341 391  59 356 253 346 293 253  43 155
   225  95 199 106 271   0 186 318 112  30  51 201 200 175 187 126 306
   186 150 326 100 102 354 370 345 195 100 164 255 189 393 384 100  60
   212 294  83  89 339  37  28 298 247 185]
  [  0 264 338 343 230 210 243 328 141 305  36 383  58 261 245 292 185
   299 344 329 174 358 321   0 308 329 139 269 291 221 197 223 290 310
    88  71 355  34  32 121 219 271 100  32  18 348 292 218 257 331 157
   186 361  96 131 173 109  46 245 375  55]
  [  0 206 392 273 223 371 136  98 294 112  11   0   5  93 349 350 269
    33 239  49 367 206 219 365   0 291 286 306 197 225  99 185 264 179
   181  43 165 369 377 198 231 360  38  47 276 186 201  33 219 366 315
   128 147  91 119  86  27 392 148  14 162]
  [  0 216  31  99 177   6   8 253  46 328  41  73   9 189  76 362 219
   386   6  17 382 366 351 100 351   0 340 311 349  69 155 131 369 313
   346 225 273  48 237 184 356 116 325 272 371  62 374  18 169  17 166
   304  55  55 231  87  56 335 204 282 154]
  [  0 392 349 337  76  54  51 358 325  51 116 382 379 191 245 347 319
    84 142 107  42 226 261 296  46 331   0 103 369 319 141  39 323 308
   148 291 388 142 320 152 300  54 146 126   5  16  12 263 351  33 217
    38 117 234 123 183 357 318 223 117 160]
  [  0 267 261 249 175 344 138 101 378 288  48 356 267 103   2 339 392
    64 280  80  96  62   9 362 286 348 165   0  30 283 314 306 287 200
   252  85  22   4 229 284  51 306 341 300 330 209 195  33 123 313 290
   186 345  99  93  11 241  43 265  39  12]
  [  0  22 288 151 128  10 284  18 216 143   1  75 206 102 125 149  68
   104  54 236 294 380 189 152 160 144 320  88   0   3 123 261 287 178
    23 298 256 291  82 151  59 209  92 175 116 200 194 326 209  69  80
   130  37 262 146 105  12 376 147  85 227]
  [  0  11 249  27 362 231 351  81  38 375 343 123 195 137 357 360 237
   250 226  95  87   5  91 148 122 247 356  42 188   0  63  47 140 118
    75 246 112 302 376 242 382  75 369 176 365 254 319 285 175 139  32
   257 295  33 266 347  76 379 221  60 265]
  [  0  96 104 141 164 155 393 252 211 370  35 158  49 237 353 128  63
   180 140 148  74 334  29 305 342 273 275  94 208  82   0 244 227   2
   143 315  92  57  44 137 258  29 324 389  27 162 222 174 298 294  68
    75 384  10  13  55 329 346  69 159 330]
  [  0 139 374 157   4 106 344 166 386  74 260  68  43 295 306 145  56
   270 190 341   1 185 124  65 253  46  51  97 143 206 140   0 205 254
    86  69 289  58 145 313 266  15 371 303 213 210 197 323 314 370 335
   167 226 162 306 155  90  87 277 387 329]
  [  0 225 141 166 204 122  62 354  63 247 216 186 362 316 226 297 247
   172 183 104 299  16 153 391 196 159 209 277 189 124 324  89   0  66
   168   6 233 197 374  48 359 153 278  94 379 288 385 365 153 136 353
   152  87 372 128 200 183  96 175 299 376]
  [  0 214 350  22 128  31  15 319 208 164   3 302 391 152  36  66  63
    20 113 290 225 132 264 142 176  91 133  69 364 274 259 148  83   0
   120  64 216 233 272 178 263 139  62  85  49  20  52 266 233 372 190
    50  30 118  83 206 288 387   8 388  91]
  [  0 363 352 245 170 272  48   7  21 190   0   6  23 368  67 223 184
   220  66  68 293 138  10 382  12  61  32  51 116  67 393 332  46 321
     0 209 127 139  10 233 335  76  79 300 327 381 172 264 340   9 276
   337 267 209 153 232 255 236 350  67  95]
  [  0 288 353  93 342 194  75 127  32 120 268 293 317 364  68 114 248
   230  54 362 366 156 113  37 168 119 263  44  47   0 217 224 121  67
   140   0 116 239 116 236 137 158   0 265 354 170  24 173 230 327 245
   305 369  30 294 300 345 192 210 144 276]
  [  0  56 188   0 243 154 305 215 217 350 286  62  20 248 127 273 226
   252  65  44 330 224 140 149  21 197 329 157 121 378 381   3 299 322
    17  61   0 390 275 115 275 161 263 244 252 178 368  73 391 123 357
   375  77 379 109 348 245  73 292  78 269]
  [  0 113 250 237 172 284 290 257 169  83 334 390 288 129  92 274 209
   243  95  24 311 309 314 250  79 289 282 290 172 388 231  69 150 101
   238  12 185   0 209 307  73 308 329 319 312 278 255 379 268 280 178
   203  52 322 339 273 247  56  96  66 277]
  [  0  49   6 313  12 346  65 359 164 271 273 311 180 158 131  32 359
   323 158 266  51  52 249 114 254 281 330 121  64 392 120 323 235 285
   177 171 297 155   0  61 329 102 189  10 355  83 343  83 330 332  91
   124 255 232  15 148 315 225  99 339 131]
  [  0 213 202 292 231 137 108  22 172 291 381  86 334 364 296 148 147
   343 103  54 278 319 117 128 235 298  78 208 244 393  42 119 266 238
   215 352  83 143 329   0  62 111 263 233 252 135 301 121  60 208  99
    82 270  31  57 265  55  93   2 124  83]
  [  0 336 305  77 258  30 347 134 324 230 256 180 298 180  54 161  57
   244 307 190 213  29 303 151 253  44 141 143 152 162 294 282 150 225
   377   8  29 188 100  97   0  51 378 303  61  34 265 138 130 187 360
    89 223 256 317 363  15 332  26 151  46]
  [  0 365 354  58  53 235 101 136   7 235 282 355 377  94 149 374 223
   226 311 366 164 322 300  62 252  25 277  99   9 237 219  25 276 382
   309 227 237 379  20  22  90   0 108 344 165  35  48  15  99  35 152
   240 386 137 107 279 123 365 368 300  54]
  [  0 150 133 312  71 300 392  26 150 287 115 297 300 208 182  48 277
    53 105 391  17  46 136 104 115 211  19 143  28 308 101  61  13  80
   277 143 290   4  90 245  74  83   0 383 377 211 236 289  14  91 388
   129 146  67  19 291 227 179 272 367  28]
  [  0  16  38 307 143 149 188 224 214  40 250 278 240 131  77 217 149
   277 325  38 316 334  54 339 294 228  55  25 197 204  12 165  78 161
   147 300 268 354  73 366  89 370 166   0 256 220 300 259  17 170  16
   352 274 177 319  55 175  68 120 203  96]
  [  0 173  17 365 251 118 287 331  38 277  60 293 216 202 209 250 244
   183 140  42 255 384 286 356 255  24  99 241  29 375  81  48 315 343
   231 299 130 246 266 290 115 275 378 347   0 268 365 284 149  95  45
    41 170  17 322 302 236 351 248 258 175]
  [  0 350 386 177 377 200 303 222  24  68 177 202 159 294 392 381 360
   107 372 265  28   4 299 359 204 251 267 261 139 326 220 108 147 281
   224  23 286 365 321 331  74 323 207  34  26   0 181 393 357 256 248
   144 335 379 357 242 392 147 186  77 244]
  [  0 133  80 251  24  91 166 184 174 279 350 250 290  43 131 102 365
   205  70 270 304 157  14   8  21 116 367  74 363 124 163 198  80 216
   377 232 333 382 112 351 106 158 230 221  89  84   0 212 327 383 314
   330  69 159 122 130 288 206 369 361 391]
  [  0  62 218  17 242 254 243 114 120 298  59 326 127   9   0 262  68
    79 162 112  48  66 162   7 154  16 109 113  32 246 253   2  26 213
   198 239  62  97 329 312 391 115  75  63  42 333  98   0 157 193  30
   253 207 134 215 317 196 251 291 308 100]
  [  0 234 132  62  30 160 251 220 284 332 301 364 350  14  77  64 322
   118 280 106  39  54 352  56 144 269  46  52 132 250 342 123 304  11
     1 125  16 301 356 188 215 177 292 210 234 185  67 256   0 131 311
   368 210 373 198  86 387  98 216 120  53]
  [  0 219 189 264 114  47 368  52 292  37 363 168 174 351  69 134 340
   243 242  56 197 172 292 123 317 229 309 368 283 125 363 151  78 220
   358 124 102  96 221 366 268  33 240  90 151 317  23 337 369   0 136
   118 284 219 133 222 302  55 191  78 217]
  [  0 195 354  95 128 227 334   6  62 102  69   9 389 189 166 262 212
    36  70 168 106 192  44  76 238   0 264   1  91 385 163 299 299  34
   352  85  64 251  12 380 133 134 236 154 307 181 321 390  76 334   0
     8 267 115 251 292   0  88 121 130 143]
  [  0   9  91  46  34  80 204 389 101 284 213 149 157  60 320  21 369
   140 198 144 124 158 212 341  42 176 132  98 166 150  98 299 104   8
   313  47 341 273 145 365 320  86 154 372  29  25 148 120 174 315  63
     0 170 318 166 148 183 112 210 174  44]
  [  0  68 192 237 357 143 236 108  50 123 218 248 353 309   9 180 126
   145 195  45   7 149  11 181 169 183  63  89 384 373   1  73 362 133
   156 392 244  19 128 175   6 236 226  67 278 107 174 159  68 224   4
   375   0  95  33 363 151   3  17 318  21]
  [  0 349 385 345  51  69 127 281 113 253 226 208 189   5  57 325   5
   134 130  81 240 131 213 182 114  86 367 323  67  98 199 270 323 221
   277  38  52 119 350 349 139 109 144  60 162   4 158   7 386 392  69
   223 212   0 311 202 266 327  30  88 173]
  [  0 282 119 161 385  88  52 229 248   1 348 300 295 346 266 339 235
    36 130 376 152 151 284 247  81 328  67  11 208   4  76 112  80 246
   121 331 370 382  62 177 204  69 311 213 388 249   8  76 210  98 281
   132 265  18   0 175 231  25 122  86 100]
  [  0  35 205  75 201 385 184 142 296 344  39 100 208 303  46 232 264
   164 269  40 335 237 202  64 107  14  71 301  32 106  27 274 291 242
   101 139 377  57 288 205  44 181 224 181  95 176   4 169 134 135 357
    23 320 140 342   0 290   8 349 313 351]
  [  0 119 217  48 185 375 331 372  84 156 151 304 247 368  77 380 372
   239  18  82 248  19 154 210 339  71  20 304 270 117 319 228 276 204
    44 211 299 283 275   5 117 382 235 178  73  40  29 115 357  50 210
   253 161 104  66 190   0 266  45 135 198]
  [  0  90   5 351 212 136 265 365 160 122 378 304 113 215 207  12  49
   351 213  65 340  31 264  85 301 389 182  52 221 159 390  62 229 324
   194 131 100 265  88 337 189 302 348 305 326 284   1 105 177 352 139
    87 121  13 322 284 292   0  91 260 246]
  [  0 114 386 146   2 325  50   9 166 130  32 363  27 271 151 196 104
     1 164 305 142 390 233  63 167  79   2  33 260  44 246 105 298 331
   149 169 116 154 167 197 343 192 168 344 233 293 352  33  10 241  18
   229 141  22 377 268 340 388   0 182  11]
  [  0 311 175 300  56 317 154 206 390 108 119   6 112 296 362 284 191
    60 288   5 139 241  34  46 257 351 231 147 211 280 287 240 158 330
    93 225 227 335  20 141  16 192 283  99 194  47 281 186 228 119 126
    33  41 334 267  83 317 393 182   0 288]
  [  0   1 382 101 147 354 131 109 225 360 391 258  36 209  13 119 244
   191 213 391 114 273 378 290  18 307 365 187 264 153 210  57 277  67
   269 378 102  80  43  86 142 261 119 289 107 381 179 382 368 141 173
   268 139 334 106 189 141 323   4  78   0]]

 [[  0 171  88  45 224 131 301 174  35 147  22   0  79 166 345 148  81
   353 255 383  32 169 285 332  30 223 370  89 375 115 318  75 387 323
   354 194  12  53  22 233 143 299 297 172 268   4 197  72  75 324 353
    64  66 206  24  75 124  32 196 199  85]
  [  0   0 384 392 173   2 185  99 215 191  64 266 367 246  58 131 330
   239  51 208 326 385 183 225 257 388 265 211 379 364 113 213  87  51
   113 109   8 193  44 117 384 239 137 250 160 263 333 149  61 209  49
   213 277  78 198 276 195 233 310 120 116]
  [  0 342   0 146 200 316 241 216 192 326 168 215 117 268 366  22 298
   170 113 347 350 170 127 315 113 319 110 112 312  96  97 177 153 273
    85 202  16 115 241 164  18 296 135 298 169 136 345 183 217  38  63
   262 227  42 118 352 307 363  98  66  85]
  [  0 332  89   0  55 142  60 177 324 383 372 228 383 368  29 227 369
   142 387   4  20 261 153 315  62 202 388 276 263 110 327 208 132 291
   216 356 178  88 324 276  25 386 239 114   8 336 187  32  82 286 327
    76 108 167  73 250 317 207  15 124 214]
  [  0 282 316  14   0 337  79  35 277 250 134  24  81  12 169 102 325
   144 318   4  13 305  15 247 153  82 175 268 361 238 348 142 214 230
   352  11  91 143 249 108 242 226 388  61 367 195  56  20 211 341 123
   147  67 153 113  88  67  22 330  92 374]
  [  0 213 275 155 157   0 280 335  58  23 189 306 197  80 337 134 175
   275 207   4 136 310 180 303 206 168  54 364 179 293 131 209 149 268
   103 117 161 215 155 105  21 182 226  55  67 390 355 203 293 348 140
   359 188 135 390 183 206  24 121   4 255]
  [  0 200 332 202 325  79   0 231 113 261  82 239 378 352 133 257 359
    39 384 382  27 197 181 130 390 244 225  44 392 175  56 328 222 335
   316 328 117 273 298 389 364 273 373 313 345  36 363  88  63 128 303
    15 271  45 205 210 313 196  25 173 185]
  [  0 285 328 183 385  60 348   0  95  99   3 181  77 195 381 344 348
   308 343   3 187 314 386 343 192  47 240  15 239 289 334 307 167  20
   268 303  58 336 140  31 221 171 306 366 212 140 268  93  88 257  32
   370 279  43 114 228  73 392 170 178 353]
  [  0 122 268 236 343 322 128 213   0  33 366  59 303 336 299 338 246
   285 296 318 346 243  93 156  77 308 178  98 143 286 318  24 219 381
     4 285 344 183  11 285 277 162 217 273 292 185 354 333 169  77 147
   229 225  42 343 198 334 201 183 269 352]
  [  0 222  23 338 392 281 274 108 345   0 212 124 175 295 375  89 344
   139 237 380  16 202  56 190 331 118 350 315 349 253  71 199 186   7
   188  91 308 101 190 339 246 335 231 357 204 125 200 384  74  53 106
   143 323 107  17  42  17  40  96 209 147]
  [  0  42 157 241 153 131  89 157 278 234   0 368 298  79 268  91 367
    36  38 113 288 344 324 311 215 224 236 214 296   6 327 102 232 365
   119  81  66 198 106  10 193 328 314 139  70  28 267 257 278   8 293
    83  49  98 195  18 319 250 341 186  65]
  [  0  75 155 120 354  31  69  26 170  86 203   0 284  64 139  29 274
   180 144  14 387 289 183 377 304  28 237 357 303 241 263  50 379 356
    49  51 387 153 274 241 189 162  47 125 176  46  70 287 338 154 199
   324 391 247  88  41 107 184 363 326 279]
  [  0 308 103 289 200   6 262 176 270  59 113 380   0 325  57  78 377
    52 109  71 213  13 354 198 292  79 265 384 103 294  81 139 339 270
   362 121 301 203 196 359 124 374  77 309 118 182 274 373 210 139 296
   313 332 237 293 371 311 349 359  62 373]
  [  0 328 291 314 310   7 377 269 218 200 344 232 325   0 196  13  88
    95 206 346 209 335 289 352 187 389  21 265 298 200 332  26 371  68
   242 355 179 233 319  57  29 152  28 381 123  73  19 241  42 195 335
   354 189 193 276 293   9 127  96 286 211]
  [  0 168  81 225 390 305   1 167 224  21 163 368  97 376   0 243 334
   372 198 271 195 242 179 316 348 271 104 280 233 186 342   9 200 306
   257 365 276 253  62 305  37  49 170 204 331  21 384 347 267 181 343
   103  35  35 356 121 267 306  66 202 220]
  [  0 322  42   7 278 107 128  28  75 297 272 360 145  31 307   0  38
   296  46  83 318 293 281 178 103 315  85 222  64 302 147  88 173 235
   255 262 213 307 308  63 261 393  76 197 228  24  26 157  28 275  86
   111 253  88 191 276 185 290 384 338 102]
  [  0 276 201  11  19 212 129 207  48 353  36 163 123  32  77 148   0
   118  71 333 369  90  87  45 316 384 150 391 319 225   0 132 175   9
   368 188 318 157 256 295 377  32 390 372 162  24  45 305  59 279 228
   291  89  50 129 209  33  57 300 264  79]
  [  0 277 244 157 218 187 157 276 106 374 243  78 331  41 183 303 181
     0  63 145 375  54 156 214 241 302 107 207  90 155 291  37 303  18
   322 140 231  24 152 297 385 164 231 145 258 129 119  41 272   1 194
   240 271 339 313 373 205 125  73 274 186]
  [  0 288 297  16 164 189 334   7 107 291 346 180 258 242 132 126 150
   296   0 295 118 231 255  18 115 144 297 355 172  41 287  31 111  99
   298 337 270  65 187 161 276 203 345 154 145 224 388 381  82 384 200
   318 340 338  18  80 175 387 174   0 149]
  [  0 305  83 188 245  19  40  96 213 291 154  33 169 293 158 155  99
   363 295   0 342 247 295 155 384 145 363  78  42 373 138  21  23 118
   105  95 292 103  91  53 150 172 239  99  62  13 173 205 300 118 239
   322  70 271  14 189  96 203 372 164 257]
  [  0 284  14 362 240  84 381  19 286 228  16 122  47 266 360 362 130
   171 280  46   0 117 176 321 367 116 259 195 350 388 115  52  56  27
    71 339 137 372 203 176 376  73  26 389 246   3 323  51 336 320  87
   372 211  22 336 226 379  97  92  87 167]
  [  0  65 127  61 360 205 321  44 327  57  51 164 160  33 371 114  42
   215 393 331  53   0 326 236 159  81  83 389 247 107 154  59 146 353
   365 197 128 237 325 236  59 392 198 187 186  93  70 194  18  56 331
   124 351 322 289 242 210 289 153 163 372]
  [  0 287 253 113 130 199 229  83 331 343 296 341 150 180  90 334 315
   178 383 251 123 117   0 341 226 112 373 104 277 391 121  34 317 184
    69  60 155 371  70  86  65 180 227 294 139 335  17  31 196 257 373
   281  92 209 112 305 369 203  36  28 226]
  [  0  20  61 205 285 386 325 328 133 104 380 193 245 303 145 302 196
   158 275  28 384 108 161   0  34  44 210 111 292 385 328 159  38 315
     5 185 310 151 162 222  98 247 370 260 239 389 297 128 233 276   3
   136   7 234  31 131 300 282 314 334  16]
  [  0 115 150  98 220 294 387  40  43 344 112 286 122 324 164 234 206
    96 392 282 158   4 273  96   0  71 231 163 268 207  59 271  21 238
    20 322  71 165 375 342  51  71 153 209 244 296 194  12  40 144 288
    31 263 100 182  43 387  30 187 176 249]
  [  0  44  59 270 144 289  61  42 277   5  79 246  34 221 370 197 228
    41 372 331  79  82 203 205 365   0 374 160 324  58  31 341  19 251
   245 269 174 191 183  13  54  33 355  93 270  67 245 347  47 379  70
   130  72 234 311  21 369 352 334  90 141]
  [  0 138 356 123 204  98 366 382 367 179 150 123  76 328 324  14 351
   295 341 372  37 108 319 101   7 201   0 344 132 270 275   7 243 225
    76 197 110 358 334 270 145 329 318 343  72 199  55 191 383 303 229
   334  96 242 237 261  64  19  69 156 235]
  [  0  92 119 283 340  43 151 273  43 239  10 330   1 330 173 303 284
   226 155 289  27 170  97 349  75  82 201   0 169 359  46 177  67 317
    85  67 152 139  75 331 309 141 136 104 203  54 324 273 155 324 268
   128  27 323  55 368 157 244 302 377 375]
  [  0 301 259 337  87 180  97 205 376 206 287 331 352 205   2  41  92
    34 222 377  34 322 208 372 209 228 324 138   0  62 370 378 376 360
   282 113  62 343  85  41 341 387 134  86 179 341 255 139 280  74 352
    92 379  11  73 327  94 235 319 272 181]
  [  0  91  98 313 259  26 295 243 330  62   5 127  54 185 221  44 245
   216 385  77 192 298 363 313 204  51  61  87 380   0 250 321 191   2
    70 230 109 230 354  84 338 249 202 262 229 180  58 242 163 176 121
   110 192 251 198 334 278 129 193 180 348]
  [  0 347  92 260 389 193  23  24 306 166 124 279  28 319 133 227 139
   213 196  93 175 308  95  44 320 188 129 249  73 176   0 128 105   6
    41 137 253 107 171 115 324  90 285 323  91  28 377 175 135  40 162
   293 273  85 147 282 306 361  39 228 162]
  [  0 137 217 361 275 263  86 306 266 201 215  74 137  69  13  19 179
   267 153 357 114  82 323 226 137  43 261  16 301 298 341   0  40 132
   251 156 138 276 195 304 120 129 312 357 118 122 366  19  66 227 216
   263 210   9 238  93 197  22  61 203  62]
  [  0  40  23 220 245 241 167 363 227 282  73 211 241  67  48 138 106
   135 151 369  38 297 344  89 170 242  64 203  34 353 375 313   0 113
   312 310  93 393 116 206 105 120 288  96 214 173 168 165 185 224 353
   370 365  37 301  31 195   2  36   2 308]
  [  0  59 254 191 250 219 195 358 139 296   5 102 371 205  22 343 388
   176 322 109 101 200 341 322 292 318 150 200 258  53 167 179 324   0
   316  21 148 302 343 200  14 252 159 279 383 364  96 376 145 133 344
   384 158  78 100 274   2 224 132 355  77]
  [  0  71 326 128 198 131 255 231  34  68 302  69  23 107 203  51 337
    58  68 138  10 181 106 118  50  14  23 263 361 228  33  57 165 379
     0   6 120 191  23 263 130  60  87 315  53 292 257  70 200 163 229
   352 230  19 143 393 224 153 107  16 214]
  [  0 106 133 102 104 382 336 137 105  35 320 376 107 142 220 365   2
    17 223 283 175 379 170 350  21 379 366 327 309 210 217  97 344 312
    70   0 212 224 100  42 383  58 134  28 244 119 327 280 378  43 109
    30 236 179 294 274  63 388 255 215 116]
  [  0 365  66  91  58 209 248 206 218 119 360 188 317   2 303 223 102
    18 236  31 323 371 371  94 321  76  71 126  45 188  32 132  75 380
   240  49   0  23 218 218 219 123 138 358 136   1 268 162  12 102  75
   294 372 330 210 297 141 148 107 221 186]
  [  0  75  61  45 169  53 121 383 334 386 156 291 264 142 329 372 280
   350 383 150 339  81 370  42 333 240  27 377 165   0 319 166  29 238
   327 207 272   0  69 201 285 122  50 169 212 151 306 393 321 110 141
   220  31 191 337 323 176  95 332 135  68]
  [  0 374  28 207  80 286 293 345 332 344 348 366 203 274  56 323  80
   282 155 150  52 309 110 267 122  20 272 197 305 273 132 231  10 174
   242 175  68 311   0 138 330 202   6 200  92  18 359 135  57  98 323
   336  53  22 296  51  60  48  64 332 265]
  [  0 368 198  11 218  28 163 345  49 350 277 112 373 227 327  47  79
   171 352 140 121 297  76 186 297  31 263 138   5 354 111 186 177  94
   338   0 166 224 186   0 136 211 203  58 344 380  23  49 150  18 273
   375 127  33 225 219 388 124  80 146 153]
  [  0 265 279  52 230 317 164 367 286   9 198 364  91 304   7  41 207
   281  85 105 104 126  85  12  49 354  41 153 235  75  79 132 267 137
    28  34 204 246 295  80   0 209 365 373 377  14 343 388 374 200 103
   239 124  26  12 286 255 261 263   6 319]
  [  0 367 242 180 327 378 128 263 136  40  37 160 264 158 147 294 245
   282 199 227 101 213 149 266 303 113  56  37  18 137 393 203  57  89
    36 283 357 158  44 319 384   0 122 343   4 177 112 310 145 163  89
   344 100  33 148  50 189  38  26  76 103]
  [  0 130  91 165 204 374 307  25 305 138  31 116 377  12 139 144  74
   264 168  25 215 198 376  62 139  95 205 151 268  30 176 322 109 292
   253 167 302 158 176 364 248 372   0 309  45 355  91 379 227 185 145
   295 206 350 236 109 209 365  55 309 129]
  [  0 301 267  62  13 201 165 268 279 291  25 330 244 303 250  60 170
   237 187 191 222  17 213 247  27 250  30 206 162 168 192  45 141 205
   320  12 375 257 324 153 294 186  77   0 251 341  65 300 155 364 357
   363  12  86 217 273 253  15 166 161 144]
  [  0 279 386 303 353 380 354 131 186 109 391 278 157 258  50 378 173
   119 171 104 352   7 210 304  98 162 271 370  39 356  46 241 255 293
   264 392 182 255  33  38 314 287 346 236   0 252 240 389 149 179 209
   162 352  17 211  26 388 104 233 298 166]
  [  0  83 314 267  21 217 149 318 121  78 143 256 163 384  84 156 328
    27 132 241  60 148 365 215 220  83   8  50 210 269 157 236 135 320
    57  49  92  59 376 267 392 206  75 367 235   0 270 357  59 118 162
    89 356  55 327  92 288 331 176 387 261]
  [  0 182 326 255 224 191 190 347 315 305 333 393  67 369 127 309 206
   381 319   2 181 153 360 351 161 266  38  45  91  96 224   2 285 214
   270  71  65 338 188  65 129 176 327 280 315 169   0 149 107 359  48
   384 369 214 314  21 109 220 375 244 302]
  [  0 126  39 193 327  26  26 157 311 226 369 194 213  81 304 136  63
   166  45 292  55 112 277  30  50 243  24 323 147  46 318 168 374 253
   219 380 229 201 286 289 218 117 133 185 317 174 161   0  35 287 230
   173 370  40  81 341  95 224  52  61 293]
  [  0 382  19 255 203  82  18  80 291 308 376 308   8 230  33 199  75
   202 199   9  29 194  59 108 192 120 270  53  31  74 169  44 324 315
   238 155 328 222 271 320 317 357 284   2 184 249  98 172   0 272 287
   119  88 264 354 151 224  54  20  46 293]
  [  0 383 369 101  35  14 250 354 310 179  35 290  68 252  27 391 364
   284 382  88 136 330 101 380  81   5 155 208 371 146 291  73 277 136
     5 198 338 262   5 234 260 390 329 161  67 171 206 357 194   0 229
   194  42 261 291 317 108 103   2  14 212]
  [  0 257 145 124 164 294 200 142  30 260 171  22 121 207 251 153 283
    15 304 320 129 190   2 345 275 381 361 367 217  37  24 310 209 291
   270 374  39 189 356 152 210 187 246 105 189 278 159 183 134 302   0
   223 240 100 169 216 172 272 321 124 325]
  [  0 211   5 325 281 218 230 157 181 320 172  12 105 201 285 110 203
   327 378  24 305 168  69  58  36 243  49 340 337 219 131 204 240 362
    73  59 228 368 205 209 173 292  67 345 149 253 170 374 242 329 378
     0  21 132  11 180  12  90  82  34 195]
  [  0 258 249  55 175 217 285  84 257 179 305 310 276 330  31  96 115
   271 193  54 282  60 199 368 245 137 288 365 250   8  51 328  18  25
     4 207  90 378 302 187 346 314 204 327 109 340 313 235 332  43 383
   212   0  30 122  24  47  21 142 346 305]
  [  0 377 113 266 314  37 109 138  79 294 328  94  95  58 248  25 356
    70 195 352 286 325 376 254 194 321 272 164  39 114   0  91 327   5
    33 154  35 149 261 218 100 329 389 313 303 344 207  62 307 256 191
   112  87   0  64 172  21  12 298 198 106]
  [  0  65  76 352 120  20  80 389 116  82 162 378 274   5 192  74 194
    51  36  32  64 255 336 203  12 308 315 152 168  99 222 178  95 369
   281 312  97  81  46  23  60 315 349 208 339 163 326 354  86  37  81
   226  93   0   0  39 135  31 338  19 264]
  [  0  20 337 207 125  60  68  17  18 149  86  99 289 239  81  22  67
   129 266 254 307 101  96 246 371 170 327  52  38 104  43 267 150 246
   369 218 231 166 150  44 132 327  33 315 147 107 117 375 314   2 213
    34 387 204  13   0   8 330 157 246 180]
  [  0  25 218 112 333 352 138 146 320  95 317 170 273 126 295 163 373
   218 224 187 242  13 379 171 327  64 241 170 374 129  46 188 270 348
   345  76  36 346 237 172 283 372  60 117 159  46  56   7 228  35 378
   289  61 386 343 343   0 133  69  42 264]
  [  0 166 380 118 201 123 162 305 344 267 279   5 123 288 255 138 103
   307 150 123 181 241  99 363  52 326 286 228 319 162 253  65  69   9
   286 309 359  11 231  65 257 146  96 135 350 105 278 343   8 249 148
    77  95 211  31 137 353   0 249  45 218]
  [  0 253  55  41 124 360 392  86 338 326 203 323 140 194 159 259 286
    21 219  63 193 190 262 258 307 287 246 380   6 244 249 238 389 286
   295 196 344  61  45 352 112  28 325 281 378 301   1  18 375 214 391
   272  85 349 351 289   0 373   0 203 111]
  [  0 261 159 286 116  86 257 217  33 378 233 345  92  43 305 117 361
   261 231  14 102  10  89 313  98  39 148  94   3 253  11 265 331 104
   286 248 355 258 183  21 198 329 346 112 283 156  32  28 360 141 363
    55 146  38 388 138 144 164  33   0 244]
  [  0  55 222 113 356  16  80 101 228  44 248 346  58 245  57 119  24
   387 361 257 172  99 191  74 222 304 238  37 175 225 273 219 170 259
   247 148 152 102 176 243 231   3 268  78 284 157 364 331 156 351  82
    64 340 356 272 391  71 270 365 302   0]]

 [[  0 169 296 158 385  76  84 103 294 240 301 172 171  16 281 281 137
    57 261 296 214 175 339 208 119  87 338 159  59 268 265 160 113 234
   257 338 132 361 230 356 252 199 110 363 211 100 377  51 190  73 201
    43  88 367 359  96 323 332  48 246  72]
  [  0   0 283 378  34 119 300  79 129 221 300  44  58  15 299 390 341
   343  62 265 269  12 138 252 161 137  10 379 308  14 379 134 168 363
   300 246 203  12 128 258 204 240 284 183 166 333 234 302  58 183 159
    69 319 234  27 186 219  32 146 287 231]
  [  0 102   0  95 117 356 343 156  22   1   7 223 198 148 235 149 132
    44 286  61  49 209 142  52 145 392  68 228  50 156 281 212 114 125
   214  65 220  38 167 311 317 209 164 350 346 149 381 184 304 359 141
   233 255 244 184 103 242 344 348 237  55]
  [  0 114  49   0  41 219  16  86 148 123 173  28 112 244 295 223 107
   391 288 225 263 343 381 138  36 325 375 317 170 291 110 111 198 134
   209 224 365  26  80  73 222 220 159 290 126 208 184  68 253 232 303
     8 208  34 235  34  28 168   4 289  17]
  [  0 245 219 123   0 281  39 244  32 338 128 226 312 374 256 111 292
   355 357 261 211 119 314 193 208 389 161 321 190 230 388 306 164 284
    76 155 231 337  21  69 261 372 165 298 309 315  32  70 315  99 224
   320  25 155 284 118 245 344 151 219  34]
  [  0 328 384 365 261   0 105  61 377 141 199 111  73 129 217 384 143
   169 283   9 186 385 278 287 339  35 110  83 301 247 265 349 322 208
   183 349 166  82  49 156 292 279  11 196  91 172 246 186  95  10  85
   351  19 195 374 141 372 311 298 293 114]
  [  0 242 171 190  28 217   0 220 136  39 312 191 278 348 343 181 141
   193 121  65 261 323 179 223 192 121 144 183  27  13 174 236 199 221
   308  61 273 354 199 237 320  20 136 184 163  18 152 323 266  16 106
   108 170  48  19 194 291 299 371 157  76]
  [  0 154 264 143  56 155  96   0 387 177 144  20  77  17 328 346  54
   132 272  38  16 248 191  20 228 285   9   8 215  35 141 273 318 325
   352 276 236  41  66 161 155 352  29 178 160  97 347 323 143  61 184
   356 335 167 241 172 123 230  88 119 142]
  [  0 137  70  48  65 295  14 388   0 341 347  56 220 174  93 371 263
   197 202 386 245 225 141 354 164 289  53 161 275  50  43 342 144 367
   171 124 117 223 294 169 386  90 285 276 262  13 179 268 141  55 208
   251 147 348 188 201 329  30  64 350  21]
  [  0   1 140 281 327 143 216 245 172   0  15 139  49 268 188 223  88
    25 135 390 356 233 329 221  72 280   7 181 373 294  27  69 215  41
    17  70  46  84 234  89 286 336  72  24  99 243 306 322 109 170 350
   197  98 350 294 343 348 214 385 230 282]
  [  0 228 264 329 265 158   8 181 121  73   0  34 148 112 108  32  32
   216 171 302 122  99  43  29  55 106   2 316 334 201   8 103 382  90
   308 194 291 293  21 374 220 277 388 257 253 102 138 350  32 330 140
    92 206 110 367 332 317 210 366 332 275]
  [  0 244 277 136 259 350 276 372 268 370 205   0 340 282 254  15 342
   336 220  45  88 331   5  13 245 290 205 390 278 158  57 222  38 194
   326 328 346 221 167 272   5 255 375 263 101  47 112 224  65 388  35
   129  27  51  34 321 216 267 153 323 123]
  [  0  99 227 300 142 122  61 158 365 118 358 346   0 259 104  88  68
   106 128 279 328  38  78 139 370  62  16 140 187 107 171 328 206 359
    22  44 234 263  84 383  72 172 307 302 183 181 305 284 123 133 261
    35 142  90 280 121 387  54 258 343 246]
  [  0 162  57 286 115 242  30 193 144 223 299 275 237   0 306  29 309
   204 190 126 324 232 313  45 247  33  48 108 189 206 305 258 215  36
   160 205 262 384 228   0 360  75 303  24   3 189 143 154  19 296 320
   286 212 361 300 150 335 254  59 359  99]
  [  0  15   0 239  73   1 173 344 265 112 365  53 284 343   0 276 283
   251 343 103 359  30 132  55 317 250  58  23 296  38   4 286 169 210
   246 227 122 197 359 205 157 305 182  84 351 153 151  78 216 242 290
   373  26 296 322 104  94  75  62  45 238]
  [  0 249  38  13  39 343 337 341 252  81 311 232 159 108  79   0  97
   154 322 387 136  11 271 159  41 229 259 242  78 260  17 387 162 323
   223 360 171 123 229  26 309 264  31  74 380 393 279 335 232 108 364
   277 301 267  27 302 160 211  98 126 137]
  [  0 293 334 325 325 126 312 303  44 326  23 236  48  55   0 131   0
   113 293  85 124   5 365 384 237 204  56 305 286 304 240 374 111 335
    85 390 350  88 174 369 220  75 206 220 377 114 340 363  69 326  75
   284  17 265 158  18 120 246 353 113  44]
  [  0  57 309 104 310 217  87 235 310  18 280 211 236 199  32 327  83
     0 296 104 136 134 365 198 306 159 271 155  89 216 148 157  29 283
    16  25  67 247 120 178 172 280  51  31 339 383 227  74  67 296 125
   192 114 356 202 264  79  77 107 127 126]
  [  0 308 161 150 119 266 370  76 325 233 238 348  41 288  13 218 210
    84   0 129 349 134 125 236 383 327  38  88 251 311 248  48 175  40
   134 226 105  82 241 210 151 146 170 279 393 162 386  77  29  84 181
   187  79 382 160  70 267 320  69 207 105]
  [  0 302 379 123 135 196 342 207 199 230 307 219 278 183 382 206  93
    65 161   0 186  66  54 175 238 354 323   5  14 211  20 321 125 350
   253 168  14  82 103 129 103 363 106 199 355 239 225  56  45   8  97
     5  22 270 370 106 355 161 331  97  26]
  [  0 139 303 172 135  99 254  44 280 327  25 240 313 204 345 342 122
   269 112 168   0 168 270 324 383  50  12 368 383 194 184 108 218 183
    86 158   8 147 206 149  69 228 302 101  53 392 127  71  62 132 112
   343 290 293 324  94 139 252 336 148 200]
  [  0 227 321 268 232 165 242 193 159 285 370 297 210 153 113 191 319
   308 137  23 366   0 204 100 266 169 266 270 349 153 114  15  25 234
   321 116 344  60 199  73 386  58 221 221   3 152 108  76  19   9 325
    64 137 115  63  98  72 306 238 103 317]
  [  0  94 151 193 286 164 115 296 109 198 289 246  67 166 376 280 325
     0 274 364 346   4   0  42 157  11 176 192 393 389 187 266 373  61
    51  80 216  48  75  17 135  75 320 344 100  40 391   0 206 106 149
   244 287 300  77 306 308  51 129 196 382]
  [  0 337 338 311 193 245  24 191 100  40 195 387 290  47 111 120  59
    58 296 236 339   8 234   0  49 378  12 132  42 142 320   8  44 313
   342 160 237 248 339 207 311 278 345 379 103 254 105  94 392  92 326
   128 148  59 192 310 292 176 283 342  17]
  [  0 227 326 316 240 273 379  93 138 304 387 132  19 255 228 209 318
    91 227 277 282 232 389  76   0 382 139 234 268  59  99  95 144  72
   107 209 264 113 271 260 280  44 112 170   9 253  69 152 125 244 116
   102 197 146 328 384 252 272 231 219  27]
  [  0 196 317 128 327 266 293 150  69 244 214  61 168 229 279 188  62
   109 288 153 188 222 315 359 175   0 151 191  46 305 163 267 335  53
    91 191  31 377  91 392 359 248 316  56  20 116 225   8  61 277 176
   350  91 296  84  47 118 125 288 305 266]
  [  0  16 240 133 332 274 175  29 173 365  29 277  22 129  31 243 255
   288  80 128 258 340 195 338  51 114   0 178  54  20 197 156 121 342
   255  90 287 109  35  68 282   1 336 277 282  69 102 331  63 318 182
   196 254  62  62 363 309 181 293 308  31]
  [  0 323 288 221 158 109 124 289  40 271 203 184 267  68 201 204 151
    11 244 282  39 260  64 124  16  74 116   0 107   5  78 217  80 116
   194 254 130  24 356 129  12 216 321 305  79  98 126 183 221  29  86
   212 215 126  68 185 101 144 102 336  84]
  [  0  70 365  38 129 324  41 203 344 358 375 160 122 107 120 148 103
   186  14 113 371 342 264 209 287 362 391 307   0 109 133 248 303 347
   297 220 259 291 242 365 300 362 321 334 332 168 236  20  24 294 136
   267 267  40 230 300  68 168  95 119 248]
  [  0  37 108  88  21 176 140 126 271 209  20 171  51  88 209 329 137
   263 232 304 316 368  99 360 120 221 257 349  36   0 388  43  52 381
   291 300 337 191  81 386 362 253 279  80 373 322 373  75 335 369 181
   203 352 155 174 227 244 109  67 241 303]
  [  0 137 323 307 385 179 143 288 140 371 197 329 244  36 376 365  53
    45 239 135  45  70  13 363 175 176 274 143  88 326   0 248  51 103
   314 143  30 204   7 383 246  66  64 148 199 376 188  72 189 152 364
   192 290 294 193 384 358 112 275 302 107]
  [  0 267 311  54 113 194 277 199 134 182 131  77  86  28  19 290 341
   238 279 262  86 378 228 340 314 183 171 392 204 173  79   0 262 153
   269  75 237 364 318 323 186 358 131 230  78   3 162  89  89 328 348
   315  37 332  77   3  58 115 288 274  42]
  [  0 188 117 345 329  19  93  77 149  16  21 224  94 275 228   0 179
   192 368 135  50 375  84  41  69  86 291 231 259 203 185  87   0 228
   245 250 264  83 364  17 330 239 335  93  38  51 310 346  40  14   9
   203 184 359 322 196 201 146 314  27  67]
  [  0 352 301 391 334 221 200  16 361 159 216  79  36 152   8 170 171
   291 173  45  32 182 216 121 140 355  52 390  87 206 206 362  70   0
   220  43 386 115 231 127  17  10 321 390 191  85 239 178 321 282  49
    32 341 392   1 381 120 114 316 203 291]
  [  0 295 279 355   7 176  70 334 390 393 286 249  98  80 289  42   0
   167 229 343 167 358 131  79 200  26 181 378  50 218 307 258 183 119
     0 196  64  19   7 114 307 388 345 333 260 193 167 134  46  22 200
     8 219 162  80 158  15 341  71  49 124]
  [  0 243  45 187 165 379 199 248 360  31 196 368  72 371 122 302 286
   250  92 327 256 345 277 246 126 195 232 133 306 380 349 343 221  62
    92   0  45  53 194 223 304 111 349 240 358 192 344 279 126 158 366
   364 117  98 275 228 102 185 136  44 306]
  [  0  83 373  99 161 147 265 175   2 298  62 386 145  73 189 389 160
   166 143  91 370  33 293 127 373 326 176 210 380  69 363  64 167  64
   354 190   0  20  90  88 356  88 283  49 191  53  17  42 371 351 276
    23  91 254 234 185 381  88 354 300 194]
  [  0 247 115  87 110 245 188  39 227 373  66   4  88 379 367  99 352
   367 174 292 259 230 307 215  96 326   4 181 230 180 351 349 277 210
   308 156 225   0  24 239 129 371 279 191 250 194 192 237  34 143  85
    23 151 222  70  25 332  43 177 313 260]
  [  0 385  32 107 269  70 209 112 296  36 308  50 182   2 272 242 122
    84  65 244 102 237 154 252 324  26 350 226  10 297 126 193 371 310
    37   4  48  38   0 101 322  86  85 255 358 248 317 378 390   8 220
   388 330 309 309 211 121 120  24 296 330]
  [  0 253 370   0 309 163 330 236 114 236  47 358 207 372  45 277 196
   341 247 148 214 199 228  77 263  72 357 177  26 171 188   9  88  69
   172 312   6 188  57   0 198 371 214 248 190 259 392 343 385  19 182
   276 105 383  92  59  39 320 104 243 109]
  [  0 350 328  95 296 358  46  31  31  98 114 181 171 330 227  11 146
   350  83 218  90  60 204 298 262 271 307 218 139 180 393  13 390 243
    53 263 315 197  79 300   0 318  83 234  15 340 277 213  46 114  66
   136 320 333 232 130 221 305 219 300 125]
  [  0 333  73 168 115 191 348 169  85 286 339 161 369 357   5 379 222
   150 244 347  94 303 134 231 265 119 333  63 260 237 380 177 109 310
   308 285 244 273 280 329 147   0 181  21   0 338 340 385 334 347 280
    27 364 123 276 205 281 145  69 261 101]
  [  0   5  86  98 331  83 322 259  23 252 325  13 333 293  37 279 278
   207 139 204 310 216   3 165 356 272  60 184 372 130  83 148 141 368
   375 258  52 383  78 380  63  83   0 383 103 131 210 364  22 198 298
    36 111 215 193 299 155 111 180  94 217]
  [  0  43 265  43 216 294 156 258  54 177  17 120 224 106 298 191 326
   157 321 259 237 132 104  45 137 166 385 160 248 317 142  55 285 266
    65 337  41 249 221  56 371  71 160   0 298 270 112 338  21 160 165
   295 162 151 191 238 249 261 258 248 129]
  [  0 280 136 203 151 362  37 152 185  55 226 168 367 338 295 118 340
   129 341 339 361  46 345  93  54  69  76 381  63 165 208  44 372 190
   181 369 251 279  88  41 275 377  76 264   0 210 190  69 378  40 137
    19 317 336 121 269 274 174 234  74  24]
  [  0 168 314 115 117 224 126  81 247  79 243  58 185  24  89 274 207
   188  30 279 231 194 283 134  40 333 168 257 139 291  82   0 320 112
    35 351  70 141  59  87 152 118 240 179  18   0 150  20 113 308 152
   123 319 377  22 352 103 104 238 216 165]
  [  0  59 192  98 187  97   0  25 378 154 365 306 139 246  99  96 182
   253 318 121 151 136 256 147 218 207 145 331  79 106 342 112  42 279
   298  51 152  43 121 294 361 101 279 244  25 358   0 264 121  84  46
    63 199  81 262 320 315 301  54  58 188]
  [  0  17 334 226 158 233 210  34 242 271 306  80 102  74  47  47 202
   286 193 347 358 173   0   0  62 107 266 241 159  85 187 369  16 199
   133 338 309 308 248  91  20  16 138  61 199 182  13   0 193 327 263
   164  69 353 296  41 103 286  79 148 271]
  [  0 168 189 384 314 177  32 236 119 359  34  90 272 114  31 241 180
   337 201 311 159 263 341 210 336 103 315  82  74 349 324 338 115 164
   370 345 245  28 330   8 277 337 125 305  84  60 179 107   0 332 378
   313 129 149 213  46 105 132 344   3 259]
  [  0 138 189 198 168 108  49 361  71 281  63 247 271  31 348  18 209
   308 312  74 243 100 342 177 310 289 215  93  32 390 279  80 377 174
    49 152 365 313 134 359 201 272  17 182 164 265 107 350 166   0 135
   340 243  71 232 110 112 339  70 180 162]
  [  0  35  26  12 197 125 375 305  26  45 295  57 172 335  56 192 286
    92 368  84 326 284 274 103  53 318 128 169 101 350 294 358 223 216
   197 314 332  55 234 363 157 290 289  45  21  63  35  81 184  54   0
    95 215 234 389  38 163  79 121 117 192]
  [  0 170  74  94 353 306 393 123  63  68 158 334 111  79 115  30  14
    35  55  27 213 255  74  49 332 385  96 336 159 230 370 164  57  90
   159 211 163 199  81 290 217 159 280 352 220 306  76 172 207 270 221
     0 311 290 152 215 204 273 135 115  23]
  [  0 119  63  85 239 135 151 286 151  82 112 205 364 250 143  29 342
   282  21 228  28 209 182 145 299 345 218  22 249  97 321 327 355 266
    10 371 376 235  70  30 263 171   0  35  77 264  55 352 381  89 318
   282   0  75 380 232 360 372 107 307 234]
  [  0 265 154 315 192 342  77 245 184  68 294 180 354 288 255  62 183
   198 153 198 253 332  15 235 183 251 291 325 249  49 347 296 222 212
   361 184 313  43  26 108 165 316  24  18 206  19 184 299 295 163 381
     8 253   0 292  57 341 240 373 351 310]
  [  0 226 103  74 189  21  25   0 156 257 365 232 289 171 380  35 198
    70 139 279 126 140 353 100 246 110 359 318 302   2 275  88 169 319
    41 298 222  10 327 300  69 346 117 345 306 226 241 202 233  73 211
   266 218 112   0 295  78 344 325  93 386]
  [  0  47 366 199 155 105 166  78 140  74 293 237 180 163 167  86 159
   310 311 282 367  74  49 386   5  13  50 111 145  59 272  11  73 170
   203  65 307 279  69 295 207  56  19 379 182 354 266 108 244 102 172
   150 380 239 217   0 273 170 253 177 250]
  [  0  68 338 205 320  19  31  36 282  27 341 116  84 333 231  51 279
    77 240 174 225 338 308  23  10 238 275 179  58 251 230  93  97 367
   213  67 206 341  25 367 211  72 120 289 390  54 130 127 238 100 202
   279 295  14 211 286   0   2 266  67 146]
  [  0 229 309 338  55 116 388 374 325   5 182 248 148 312 297 291 344
   346 166 251 291  46  24 374  66 179 154  14 367 131 236 283 274  64
   227 345  90 267 179 388 360 209 382  61   1 128  70 379 243 116  78
   368 265 267  68  48 195   0 183 255 306]
  [  0 248 375 324 217 124  82 107 194 349 367 347 357  49  49 174 354
   256  59 345 148 362  82  42  18 195 256  28 260  90 349  63 393  47
   209  78 100 212 120  10 170 195 135  32  72 216 140 156 283 199   8
   318   5  84 265 345 346  57   0 295 338]
  [  0 312 218  45  27 180 246 378 206 102  64  32 270  71 346 282 283
   235 188  71  86 247  70 382 190 138 239 166 168 242 334 315  58   9
   234 304 140 287  15 279 340 118 358 119 120  77  27 133 288 297  81
   208 219 309 127   4 323 333  21   0 282]
  [  0 291  22  77   2 348 352  22   3 298 160 186 149   5 239 192 169
   258 313 282 285 279 241   4  64 226 372 173  95  65 184  66 200 275
   207 343 253 271 109 291 185 235 319 255 217 251  70 346 212 346 387
   138  80 186 119 379  78 208 267   5   0]]

 [[  0 301 189 222 385 219 126 201 200 236  21  90  46 150 212 272   7
   258 361 333 157 211 121 377 122 198 269 165 118 171 105 369 381 211
   222  78 134 183 218  61   6 331  39 186 347 125 380  28 250 374  65
    88  92 186 149 349 165 228 366  39  86]
  [  0   0 348 311   7 173 362 175   9  44  52 138 155 303 119 344  33
   191 111 111 126 202 100 127  64 287 136 290 232 253 244 338  23 169
    52 374 291 208 110 293 345 335 207  50 245 371  39 346 134 228 329
   178 331 285 122  48 364 103  77 326 363]
  [  0 307   0 357 342 163  89 194 358 229 311 388  95 353 187 326 191
   194 269   9  99 384 234 387 141 336  16 156 347 184 214  67 142 250
   123 225 189  25 283 227 381 280 196   5 158 119 227  58 146  68 123
   362  18 106 324  70 146 342  50 230 120]
  [  0 145 243   0 302 119 126 338  79 181   8 282 119  99  80  16 301
   288 254 111 160 324 105  13 115 229 145 324 296 262  88 218  54 221
   319 285 328 373 307 257 379   8  68 156  58 364  55 279 299  70  55
   110 132 243 391 199 198  34 226  51  84]
  [  0  90 391 154   0 118 124 117  75 324 164  44  48 375 224   4  86
   221 121 233 145  43 181 221 237 365  48 215 223 379 271 336 179  67
    34  27 212 126 277 308 195 195 347 225 136  12 166  12 164 288 139
   182 304 227 141 385 191  81 258 362 141]
  [  0 185 244 186 366   0  25 118  76 299 293  72 119 107  88  45  21
   178 364 144 305 363  89 182 246 263 134 123  29 334 194  56 313  92
   111 131 244  15 229 197 319  37 230  22 163 331 161 121  41  70  11
    85 192 154 106  87 393 221 368 139 392]
  [  0  97 161  16 146 226   0 319  75  90 221 389 110  64 228 360 331
    36 315  88 278 230 176  64 185 237 287 363 106 196  49 222  42 118
   102   9 148 225 158 293 380  51 278 208  58 262 221  54 333 314 257
   284 262 230 384 120 339 345  11 187  11]
  [  0  36 146 115  92 279 236   0 101 118 145 347 308  31 283 261 148
    20 150  67 299  70  16 176 323 202 323  71  57 301 285 137  61 347
   163 248 100 224  56  81 284 241 262 163 336 342 162 374 105  19 298
   184 307 156  62  94 241 225 130 106 346]
  [  0 111 181 231 280 256 378 347   0 235  89  21 207 301 199 241 278
   120 354  93 277 234 128  92 231  33 293 330  77 212 103 367 346 368
   205 207 321 198 289 206  53  64   9  49 276  72  52 292 314 122   4
   168 285 242  27 118  86 259 157 391  96]
  [  0  55   1 340  98 374 283 346 179   0 281 202  35 372 309 377 389
   214 103 130  68 167 113 280  21  69 128  95 179 361 371  27  89 308
    34 369 209 153 138  73 220  81  49  81 312 114 233 225 133 196 215
   203 227  90  89  54  80 207 239 132 259]
  [  0 362 166  63 377 259 245 259 341  10   0 232  23 344  65 273 257
   171 295 117 173 222  97 233 385 100   1  33 200 208  51 376 295 135
   154 145 291 216 383 282 149  84 141 331  91 254  29 353 200  51  51
   249 342 178  37 247 273 271 241  63  66]
  [  0 245 259 117 178   5 304 324 126 190  40   0 338 322 167  47 325
   360 350 100  22  48   2 223  32 169 268 202 181  12  57 213  73  33
   348 347  71 240 259 347  81 257  67 367 154 229 216 216 183 115 220
   137 247 274 139 381 300 110 241 349  10]
  [  0 213 215  92  88 330  32  50 250 181 318 163   0   0 153 119  65
     5 182  84 136 167 325 295 367 287  49 272 189 311 351 383 362  47
   302 193 114 362  42 113 308 172 382 333 348 199 132 302 218 333 125
   109 317 360 264 145 365 323 297 270  97]
  [  0  67 304 173 275 108 107  88 379 194  35 346  73   0 247 191 140
   176   0 161 229  25 141 162 298 335 214  34  41 242  53 291   4 389
    69 349 200 307 329 107 298 276 106 355 228 271 376 320  95 243  27
   279 291 271 204 264  74  81  69 290 375]
  [  0  62 284 108 263 383  94  56  85 122 232  98 152 327   0 385 244
   318 176 333 181  13 372 293 100  34 126 284 291 243 150   2 215 101
   168 303  79 131  99 115  41 106 345 348 163 304 226 334  75  78 388
    30  59 237  94 122   6 142  37 368  66]
  [  0 296 324 240  46  46  27 295 361 280 338 278  79 331 151   0  42
   218 161 392 151 382 356  88 113   6  28 280   0 156 143 378 296 332
     5  26  76 230 311 165 170 256 190 253 218 189  94  15 256  73 369
   368 336 292 132  65  88 102 249 372 292]
  [  0 346 267  58 340  10 320 378 306 294 212 164 212   9 282  58   0
   261  16 310  24 341   4 122 123  52 218   2  23  71  56 107 163 294
   338  32 266 128 213 202  94 347  56 111 310 326 232 160 298  17 353
   163 212  88  35 154 106 282 311 102 159]
  [  0 361 269 325 267 231 180 299 273 203 135 333 176 241 184 369 265
     0 241  57 371 376  28 347 111 363  96 135  37 141  40 292  97  83
    24 320 295 172 248 138  40 342  43 175 106 226  80 359 113 122 217
   235 199  16 371 328 154 292 207 108 257]
  [  0 125 280  67  45 246 201 347  81 291 351 244 128 207  25 115  74
     4   0 219 196 124  77 341   9  73 288 267  68 215 118 330  90  13
    60 188 332  24 143  36  90  21 131  63 300 254  86 120 316 121  17
   145  78 143  83  84 353 273 323 147  42]
  [  0 232 326 134 275  82 308 167 249 210 154 270  24 167 330 331 209
   116 248   0 366 204  21 132 169 378 176 273 135 243 388  53 174 131
    42 193 163 102  81  47 379 358 179 294 218 332  45 302  81 206 343
   137 346 338 119 208 153 255 119 317 227]
  [  0 375 136 147  18 308 251 369  49 338 228  28 295 375 234  51 349
   150 287 281   0 280  44 125 381 115 332 323 171 315 230 211 324 265
    27 254  30 126 294 319 358 163 143 132  74 190 363 114  12 190 199
   267 286 338 230 248 207 219  56 168 315]
  [  0 129 255 144 326 188 123  19 103 251 123 297   3 150  87 322 215
   289  86 294 145   0 198 316 111 130  76 137 203 377 104 335   4 253
   312 311  51  47  64  67  80 254 144  49 177  70 247 286 391   8 268
   365 337 338  13  23 294  63   5 118 370]
  [  0 204   9  43 354 111 159  50 237 133 149  41 373 390 219  92  25
   324 390 282  98 166   0  68 247 208 207 370 152   5 367  48 135 221
   295 354 208 266 360  14 125 385 346 108 248 212 134  76  64  15 354
   325 121 365 186 373 265 213 361 114 166]
  [  0 263 112 294 234 236 201   9  21 290  21 212 123 327 204 173  87
    68 236  99  28 376 179   0  55 161 151 285 366  11 100 179  33 207
   350  78 228 262  31  77 135 125 302 243 367  61 291 241 151 362 294
   291 150 393 263 118  43  42 241 142 192]
  [  0 193 196  33 156 224 370 321 240 228   2 374 347 138  58 150 175
   303 221  16 228 150 368  59   0 328  43 303  93 102 305  82 391  32
   258 313 237 315  68 300  30  45  65  12 151 391  31 237 202 158  45
   187  56  79 192 257 130 376 159  13 384]
  [  0 238 351 357  63 268 354 344 168  72  64 176 183  67 123 333 196
   287 224  65 140 372 132 339  90   0 369 197 204  64 248 379 254 212
     2 144 355 339  21 370 125 388   8 327  23 279 384 306 301 322 141
   390 177 198 175 220 289  36 362 339 307]
  [  0 182 345  13 269 368 282 190  78 197  75 178  15 285 335   7 275
    28 349  36 181  57 385  63  87 149   0 200 221 239 203  40 130 330
   320 311  39 334  53 253  66  59  14 210 144 144  56 198 320 216 152
   316 248 257 297  57 347 220 180  60 379]
  [  0 107 253 102 328 289  32 241 128 300 143  57  95 247 378 300 309
    45 122  69 359  17 262 345  35  71  28   0 202 167 225  21 356 209
    68 145 178 279 118  69 238 298  86 136 108 236 389 376  35 107  16
   164 267 272 179 162  23 230  88 101 166]
  [  0 189  97  31 162  72 172 348   0 137 174 101 322  39 106 272 237
   356 203 246 389 240 201 130 102 290 162 320   0 176  26  31 140 355
    64 370 388  16 148 344 147 363 388 314 271  33  69  48 260  36 347
   280  49 257  85 164 315  64  77 120 242]
  [  0 278 323 310 323 215 264 310 247  77 322  53 169 318 286 354 336
   282 242 214  74 231 252 353 307 156 305 275 256   0  72 391 112 259
   289 110  55 310 208 278 271 371  21 119 319  37 104  25 125 235 172
   181 261 232 215  42 230 140 360 231 108]
  [  0 268  37  78  35 375 265  24 357  55 280 199 230  25 220 181 224
   371 136  73 252 337 350 273  74 219 147 332 354  44   0 312 104 136
   239 350  53 297 112 342 143   3   7 154 287 278 389 326 205 295 332
   157  50 322 228  78 271 354 189  37 180]
  [  0 287 325  24  97 271 144 276 177 162 221  52 293  74  59 273 310
   191 354 343 286 347 358  17 297  66 119 121 359 201 339   0 301 101
   116 173 311 219 349  30 359 246  24 142 253 327 208  89 125 231 225
   263 171 177 349  52 155 105 119  57 224]
  [  0 350  22 240  48 155 232 301  84 169 162 249 314 340 238 350 129
    18 173 187 271 337 300 268 223 280 273 274 358 350 262 119   0 218
   152  94 138 206 387 365 139 156 127 128 200 125 160 163  78  38 308
    55 228  41 378 104 120 177 357 213 101]
  [  0 181  99 300 145 344 215 313 269 270  85 260  82 282  60 284  16
   258  54 292 181 115  17  12 112 218 296 391 196 317  34 140  62   0
    10 320  61 129 167 181 237 107 239 261 355  61   7 214 198 101  80
    67  42 357 362 343 229  29  34 104 239]
  [  0  88 205  55 195 186 166  74  12 248 181  97 100 201  10 118  35
   234  59 253  64 204 170 313 198  33  62 210 275  88  56 241 314 369
     0  12 367  52 317  11 155 349 125 304  80 376 128 361 270  52  63
   128 272  15 303  77 236 128 360 313  64]
  [  0 342 177  87 380 283 248 191 119 276 101 212 110  90 125 201  17
   124 175 382 315 160 380 132 189 215 287  53 181 254  92 121  87 258
   185   0 372 390 371 323 336 286 199 216 382  88 315  92  13 161 223
    63 237 143 134 189 324  23 136   3  74]
  [  0  26 206 270  83 300  87 129  55 344  32   7 303 342 313  46 292
   299 208 327 280 143  61 117   1 160  88 309 327 264 364 343 139 350
   179 244   0 136  64 224 192 257   0  72 289 164 169 293 327 370 328
   281  50 344  87  17 158 363  66   8 106]
  [  0 233   9 262 106 334 344 137 321 335 169 349   0 273 213 127 344
   114 186 177 106 120 285  18 283  59  80  50 141 232  79 248 391 222
   358  98 211   0 384  38 326 381  90  69  95 174 112 353  79 289 353
   286 138 133 287 146 195  45 203 202 200]
  [  0 171 386 267 164 159 232 392 221  12 148 385 246 319 264 137  52
   210 105 133 182 279 135 244 229 167 213 257 179 323  80 161 385 337
   135 343 342 309   0 238 222 334 143  16 307 196 151  73 203 192 226
   322  90 335 116   8 327 371  73 274 180]
  [  0 184 218 297 258  66  24 224 260 127 390 371  84  66 161 144 118
   196 386 357  49 144 172 377 354  60 322  66 244 281 226 221 294 288
   203  33 148  51 233   0 187 122 158 388 343 199 328  89 372 340 156
   101 286  20 251 187  40 347  82 340 339]
  [  0  19 305 373 152  72 248 243  39 336 327  49 188 132 331 120 261
   178 145  96 117 146 284 181 193 392  92 308 179 189 290 123  35 356
     1 284 107 224  89  68   0 175  19 114 234 195  70  61 265 330 229
   181 175 244 210 307 340 118 111 136 118]
  [  0 311  61 143 233 145  28  65 105 201 197  68  41 220 366  90 194
   347  93  89 266 174  14 174 385  82 297 152 310  19  89  35  58  75
    21 265  84  86  25 383  46   0   8 147 294 205  13 339 126 326  11
   359 168 173 123 269 237 185 341 209 155]
  [  0 264 242  59 114 330  22 226  64 257  34  17  76 197 196  96 154
    44 273 206 136 344 260 366 185 301 119 156 197 383 161 158 357 325
   165 128 282 263 191 106 174 171   0  80 230 372  96 297 263  14 150
   272 216 380 384 314 362 225 335 111 330]
  [  0  96  93  32 385 213 328 135 232   0 211  52 188 257 207  88 135
    58 164 170  16 162  43 255 219  64 178 246 163 310   6 178  90 207
   159 374 216  39 320 122 170 359  47   0 341 380  72 266  79 228 142
   207 197 227 364 114   9 187 117  19 349]
  [  0 351  61 309 351 221 156 323 316 337  90  53  22  11   1 198 129
    81 338 220 222 362 390   5 133  28 255 384 113 187 300 356 135  57
   346 317 178 133 353  63 127  51 389 177   0 345 140 378 232 307  89
    71 113 322  65 380 264 314 366 136  48]
  [  0 199 368 114 205 143  29 217 306  76 125  62 214 261 308  80 370
   320 275  50 189  48 190 163 374 391 128 210 341 163  99 190  44  48
    94 387 219 170 220  57   7 153 357 111 173   0 201 362  27 112  78
   208  91 388 264 344 177 381 231 124  46]
  [  0 316   5 158 279 382 273 272 366 136 276 161  91  43 378 340 149
   161 377 179  77  32 242 158 159 258 160  35 190  66 228 139 219 120
   139 335 280  33 290   2 239  45 154 236 226 132   0 102 227 179 280
   144 126 371 335 389  14  13 187 351 233]
  [  0  65 243 249  56 176 167 146 176 150 194 311 202  39 359 192  43
    72 373 286   0 222 105 245 205 307 176  47 118 171  93 311 105  65
   179 374 233 368 266  62 320  85 344 281  63 375 256   0 339 211 240
   198  87  55  16 312 329 383  63  33 244]
  [  0 284 246 161 374  40 127 261  74 357 287 393  88 156 170 135 201
   105 301 135 228 360 148 211 345 243 283 309 156 179   2  53 172  16
   162 121  44 228 285  76 333 113  79  41 191 232 345  35   0 129 157
   310  89  80 161 335 324 339 391  41  27]
  [  0  84 250 174 208 199  83 378  13  84 234 223  95  35 390 374 146
    13 196  92 145 277 157 386 380  42 166 189 135  38 201 358  67  14
   111  96  87 290  92 108 125 230 148  25 227 138 274 148 310   0 272
   281 113 312 329 145 375 239 168 180 214]
  [  0  39  91 254  49 117 388 173 259  62 216 156 171  13 107 374 105
   266 385  22 234  64 161  96 103  30 280  42 124  41 143 223 254 194
   316 271 340  65 319 104 235  12 295 165  71 280 179  28 124 299   0
   246 176 208 108 221 313 130 182 355 185]
  [  0  19 274 198 166 276 255 149  42  52 315  64  55 199 342 207 379
   280 191 278 324 158 249 300 251 293 346 175   9 112 324 342  19 202
     9  46 267 339 230 106 102  28 157  99  40 382  12 390 165 117 141
     0 243 118 326  54   1 294 280 316 260]
  [  0 358 344 243 268 364 255 110 108 355 122 151 215 200 280 119  63
    76 386 125 172 119  79 101  32 381 266 184  76  85 240 232 124 271
   143 393 157 370 314 256 198 333 245 129 169 156  29 290 375 372 370
   273   0   9 283 245 117   5 389 349 111]
  [  0 125 330 206 139  97   7 225 389  91  41 237  20  36 307 103 302
   249 227  99   1  22 372 336 308 115  87 136  46 131 134 124 108 382
   341 375 131  92  64 273  15 129   2 352  26 114 325 247  93 248 338
   256 331   0  68 337  71 346 252 349  91]
  [  0 286 183 298 230  98 172 376  78 175 384 174 229  28 387 186   6
   301  83  27 169 107 157 242  63  86 127  90  42 173 135 107  62 376
   354  54 210 248 151 360 355   8  24 348 299 290  19 326  55 365 158
   132 332 204   0 113 392 114 309 326 316]
  [  0 133 313 113 248   2 341  83  65  12 309 261   0 382 238 154 139
   288   9  60  51 310  62 355 263 291  57 271  91 229 121 342 274 145
   368 310 357 103  38 393 379 120 261 130 343 219  36 391 154  15   7
   118 292  35 344   0 325 249 330  22 362]
  [  0 287  42 300  66 229 181  35 174   6 391 362 163 324 379 227  90
   377  25 141 107 137  14 277 166  37 168 116 205  94 371 204  25 301
   309  24 312 301 348 387 264 136 239 262 255  86  37 178 312 352  41
   347  27 346 112  73   0 278 180  99  71]
  [  0 119 326 389 147  56 359 291 383 197 217 131 223  85 147  55 224
   168 261 376  92 230 373 339 184 346 239 306 338  77 317  97 371 251
    32  85 315  26 171 228 292 196  56   0  11 220 232 181 172 383 308
   132  44  81 215 200 289   0 196 319 274]
  [  0 361 203 382 352 340 283 157 308 193 152 262 302 260 299 254  30
   364 160  38 300 134 229  82  61  92 369  91 278 376 326 349 213 153
   315 221 275  19 134  17 254 204 304 342 112 345 308 267 140  31  21
    70 199  28 170 175 248 262   0 294  76]
  [  0 328 248 186  92 172 167  75  54 156 381 209 276  10 160 346  71
   199 351  31 259 244 339 106 317 330 362 342  31 193 184 286 159 255
   337 341 114 363 279 309  89  15 223 211 272 324   8 125 313 205 240
   389  96 343 321  79 351 150  39   0 259]
  [  0 219 110 355  99 307  60 257 295 220 222  13 245 235 148 169 186
   128 170 107 361  63 297 205 133 191  80 201 185 318 286 297  33  96
   340 343 253 214 161 374 358 296 318 117 280  94  59 277 379 336 300
    24 220 268  63 135  84  18 202  59   0]]

 [[  0 353 211  95  39  47 261 228 269  72 257 313 177 134 379 351 248
   272 244 311 133 290 372  71 163 194 201 140 212 292 178 365 131  76
   264 111 240 261 344 158 325  18 186 314 196 363 111  38  63  67 214
   290 256   1 250 195  90  85  52 281  42]
  [  0   0 334 216  93  61 340 271  16 239 332 102   2 284 141 184 179
    39 244 163 384 304 142 281 248  47 210   1  28 343 307 211  30 140
   381  21 362 264 281 319 265 229 256 382 384 299 154 194 114 319   6
   387 174 372  61 353 208  53  48 347 202]
  [  0 353   0 156   7 262 142 323 241 243 381 168 202 277 316 313  62
    16  52 283 379 197 113 283  78 258 318  32 242  41 250 163 327  17
   205 157  64   8  89 189 381 393 278  65 342  54 111 134 213 232 383
    83  15  54   9 386 322   7 265 308 168]
  [  0 197 125   0 316 181 383  91  30 113 312 294 343   0 196  72 106
   315 312 344 373 160 347 127 197 167  65  66 328  90  90 183 215  41
   377   7   8 303 329 252 385 138   3 134 373  18 327 230 293  88 240
   125  15   9  97 190 353 210   5 163 381]
  [  0  50 263 103   0 347 300   7 352 389  71 231 261 251  84 381 125
   173 370  16  20 354 263 278 306  48 296 157  84 219  75 142 219 390
   193 190 313 183  48 284 186  65 343 272  16 124 183 173 362  30 299
   319 342 127  65 321 158  78 255 237 325]
  [  0 202 165 315  22   0  76 230  44 324 295 273 157 270 210  76 252
   189 218 265 246 310 373 122 157 371 164  75  59 221 297 184 172 366
   156 270 280 334 320 119  49 153  18 248 214 377  41 245 227  76 205
   106 299 274 194 364  93 293 128 108  52]
  [  0  35 270 116 346  97   0 314 327 158 340 380 384  12 204  75 352
   277 277 280 221 174  42 177   5 348 381 350 376 222 269 239  73 149
   249 118  66 204 176 319  14 307 377 205 277 149 243 288 338 244 321
   316 194   2 164 373 275 331 197 380  88]
  [  0 131 136 142 238 358 350   0 172  36 204 328  12  87  40 303 127
   237 359 309  30 392  17  61 302 143  33 303 105 313  59 121 253  64
   384 325 168 107 211 182 377 276 360 110 102  93 228  93 326 147  34
    89 248 262 296 226  28 367  33 222 383]
  [  0 233  74 382 237 157 266 181   0 184 364  31 132 243 385 364 235
   358 209  35 206  62 243   8 168 236 290 154 378 297  80 287 149 142
   390 265 362 175 298 120  29 174 197 378 184 202 240 117 169  62 308
   256  90 282 152 136 389 292 123  34 267]
  [  0 267 242  16  89 314 161 388  88   0 143  25  99 144 326  13 237
   309 295 168 112  47  38 372 300 257 185 360 157 318  46  29 221 236
   246 163  14 144 293 161 166 303 226 269 180 299 242 320 227  88 329
    54 116 273 283 208  75  38 281 140 207]
  [  0 351 326 258 136 267 290 126 220 198   0 283 342  44 213  62  16
   116 316 138 279 242 160  82  55  46  42 229  73  63   2 375 145 124
    12 312 248  27 273 218 359 389 267 316 151 134 265 354 218 116  53
   220 120 146  17 331 309 350 142 224 165]
  [  0 356 203 343 300 165 284 220 385 112 377   0 118 271 364 340  65
   338 274 102 342 157 207 222 223  23  72 160  48 180  17 233 152 142
    64  17  22 193 212 237 301 375  92 299  59 185 250 175 379 293 118
   367 268 113 160 124 299  69 210 244 177]
  [  0 384 157  37 357 320 157 387 179 164 116 193   0  45 206 301 218
   114   6  58 216  19  38 154 266 391 296 325 181  81  69  75 237 119
   351  10   5 244 287 197 350  78 287 311 101 257 250 205 197 344 268
   194 226 128 188  81 327 203 327 261 375]
  [  0 371  11 387  25  85 386 282 277  99 203 385 231   0  18 161   2
    80 142 119 204  28 309 352 135  92 384 196 190 140  84 138  17  89
   299 313 283   4  55 221 150 162  74 212  47 101 135 101 179 342 231
   184  97 236  49 364 181 382 297 297 100]
  [  0 246 238 309  10  79 382 173 293 182 194 347  60 284   0 248 216
    97 354  32 252 344  61 145 281 112 196 156 375 227 327 321 146 207
   387 312  34  56 299 307  67  92 255 352 242 261 250 355 264 290 226
   257   5 284 301   2  28 158 310  66 299]
  [  0 263 257 144 223 373 367  30 166 234 190 126  58  86   5   0 219
   388 215 377 387 313 137 383  11 368 259 348 203 371  57 355 303 125
   306 120 294 171  76 217 280 314 168 239 227 283 192 135 392  30 323
   373  12   2  78 313 304 377 227 238 109]
  [  0 232 127 198  64 155 327 389 297 127 284 209  74 344 246  84   0
   156  42 165 341 364 324 273 233 287 374 162  75  49 300  33 113 172
    98 229  54 346 347 216 239 212 132  83 393 276 185 234 243 272 326
    26  33 135 179 168 259  70 313 204 235]
  [  0  92  72  42 165 259 282 222 200 187 351  65 306 347 364  49 117
     0 153 282 359 250 386   1  63 131  96  13 167 196 129 131 122 134
    31 343   9 378 100  68  78 226 226 383 105 180 386 172 362 151 364
   191 308 308 112 218 189  79 298 386   9]
  [  0 393 360 109 369  81  97 379  67  16 224 307 389 225 372 108  39
   270   0 242   1 242 340  32  72 318 223   7 271  89 197 368 202 110
    61  92  21  51  46 147 160  77 214 306 308 144 232 335 212 124 303
   217 309 234 363 211  94 176 369 286 369]
  [  0   3  76  24 255 281 367 372 148 313 319 204 106 174 276 191 219
   123 315   0 147 158 205 215 222 314 151 269 281  75  66 299 181 222
   199 124 297 368 173  58 383  21 190 174 266 336  34 104 285 308  30
   175 326 123 229  11 220 207 369 389 166]
  [  0 321 306 320 262 166 246  54 102 369 207 242 235 344  41 343 192
    12  93  91   0 317 272 380  45 128 151 184 156  79  80 260 331  42
   177  37 164 259 121 168 136 142 133 310 183  99 146 177  80 135 222
     8 134 374 144 222 128 279  76 233  84]
  [  0 280 164  54 119  67 192 162 106  55 128 268 131 290  47  48 393
   297  91  40 132   0  65 335  44 213  25 120 365 276 247 391 193 133
    23  34 115  61 116  54 290 204 188 286 111 112  16 377 358  48   8
    88 329 311 132 181 228  57  83 142  68]
  [  0 256 117 226  90 106  68 338 106 195 223 161 238 149 220 165 249
    58 128  28  84 150   0 173 178 119  72 284 370 117 114 386 319 106
   271 371 293 251 312 306 308  83  89 275   4 359 153 338 389 346 115
   381 350 185 141 278 184  81 255 339 246]
  [  0  14 275 207  35  35   5 188 304   8   8 249 281  53 298 110 142
    66 318 270 339 389 204   0 123  21 251 340 175 314 250 320 122 384
    67 383 161 272 387 199  53 348 297  38 220 279 128 369  35 284 115
   346  94  73 141  12 357 192 285 156 262]
  [  0 104  21  55 101 270 240 354 160 166 221 337 115 228 243  77 356
    42  47 390  77  18  75 243   0 132 353 344  41 119  80  72 375 293
   271  11   5 225 199   2 203 108 386 319 311 139 135  31 366 290 301
   209 288 277 110 347 178 268 360  45  20]
  [  0 200 253 368 257 308 384  64 187  20 279 343  33 214   0 366 194
   159 165 285 292 286 358 385 294   0 241 192 329 128 213 338 153 344
   294  51  88 250  89 101 190 240 304 250 282  34  86  62  50  79 100
   326  17 194   1  13  51 271 122 270 362]
  [  0  24   5 124 322 108  37 285  34 130 249 301 199  35 280 166 321
   308 139 278 143  79 288   2  64  25   0 367 259  39 239 199 378  65
   146 146 227 351 363 325 118 246 236 278 132 297 190  41  87 227 303
   228 122 324  89  36 262 378 110 142 348]
  [  0  19 196 203 219 366 359 264  45  51   6  49 234 161 118 122 303
   136 277 393 111 145 377 382  98 369 302   0 311 115 318 151 240  96
   389   3 126 262  56 313 205 152  98 311 223  22  10  47 285 250 236
   122 170 134 269  70 247   5 131 360  53]
  [  0 233  67 324  50  72  28  57 326  26  83  47 190 207 354 335 362
   138  11  80 170 228 185  95 347 228 181 196   0 260 227 331  12 315
   314  55 272 303 163 195 213 234 201 288 306 277 304 199 294 332  59
    39   8  13 240 344 162  39 147  94 166]
  [  0 386 299  57 382  65 151 347 193  67 101 188 373 305  38 336  25
   340 374 137 252 139 363  21 102 298 279 179 287   0 243 349 215  11
    84 143 360 365 135 150 185 203 309 110  96 194  82  33 218  36 388
    38 336 281 181 368  60  92 258 257 293]
  [  0 143 163 210 332   6  52  58 386 124  81  13  30 204 188 225 152
   345 392 362 333 280 130 346  52 116  28  73 195  85   0 295 310 327
   336  95 218  45 168 174 139 259 111  95 356 118  66 113 251 270 169
   303 120 311 305 198 387  92   8 164 180]
  [  0 282 219  45  28  49 144 139  42 173 189 126 356 221  77 368   1
   225 137 187 186 146 216 253 192  17 283 254 166  19 268   0 298 285
     1  35 152 347 143 388  11 117 201  93 309 134 140 192  26 282 161
   354 110 280  60  19 374 161  61 119  18]
  [  0 385 157  75 108 137  33 381 116  76 352 149 147 214 143 385   3
     9  22  34  43 145  56 133  12 255 121 386 379  14 153 193   0 248
   159 230 113 232 299  22  99 393 111  12 122 236 221  30 287 223 331
   103 126 310 260 327 256  12  60 291  29]
  [  0 141 191 289 138 137 388 283 336  58 346  53  63  99 188 105  58
   390 280 247 113  20 106  91  56 137 361 128 343  78 150 374 140   0
   179 308 317 365 152 245 256 271  82 213 282  42 176 287 185  73 189
   221 105 175  34  44  99 336 108 363 377]
  [  0 148 304 322 127 321 203  68 205 132 296  69 388 369 324 126  74
   276 254 139 143 339  59 175 160 161 320  92 122 204 297 297 133   2
     0  19 212   1  48 115 240 256 340 133 383 132 185  45  56 237  62
   215 362 388 326  15  17 236  41 299 185]
  [  0 285 273 178 110 311 217 326  71 389 274 324 302 374  86 158 240
    82 135 101 202  16 176  76  36  98 106  32 226 183 350 231 135 109
   308   0   9 131 149 108 350 198 236  16 263  29 239 229 315 120 134
    51 300  70 174 376 223  12 321  73 390]
  [  0 328 152 371 231  84 258 363  41 132 267 193  65 350  32 365  91
    77  15 258 313 226 127 344 145 104  40 312 216  60  59 102  19  31
   201 161   0  77 369 238  50  20  82  58 117  91 296  31 207 273 212
   246 177 367 140 345  46 191 134 265  88]
  [  0 353 225 378 172 324  82  19 263 156 373 352 150 330 349 341 181
   141 270 287 216  40 222 253 221  27 269 298 203 111 207 319  65 265
   127 156 100   0 216 131 161 218 196  66 172 143 341  93  87 334  25
   128 102 208  78 311 385 129 239  20  24]
  [  0 319 274 222 143 153 379  47 221 217 344 300 189 151 373 379 133
   364 250 126 368  30 132 387   9  16 366 386  62 139 240 180  67 341
   292 325 160 364   0 304 159  82 320 202 227 336  36 340 109 160 254
   336 364  65 317  30  82 282 192 175 265]
  [  0 320 375 129 255 249 181  24 241 287 212 295 244 253  77 367 137
   250  26  50 125 387 167 246 207 299  62 370 197 199  88 132 384  24
   130 187 269 168  11   0 269  41  40  90  58 374 384 104 353 117 382
   202 316  10 185  55 100 308  98 245  48]
  [  0 319   2  28 116 174 296 373 304  35  18 282 210 270  60 253 198
   247 365  90  55 354 323 181 135 167 362 112 236 103 349   3 295 246
   303  64 335  73 157 120   0 221 106  71 299 337 191 176   6  38 197
    74 263 333 176 210  64   2  76 248 296]
  [  0 138 300 334 147 116 365 286 381 376 291 100  24  75 215 161 339
   218  41 116  42 125 108 270 183  21 327 352 272 209 105 158 301 298
    94  47 287 116 302  16 304   0 377 126  79  93  79 242 280 137  55
   264  25 114 146 106 234 239  16 149 161]
  [  0 363 266 303 135  90 292  88  53 293 290 268 386  63 272 313 375
   222 158  80  38 309 318 237 336 239 307 117 230 264 330 229 155  31
   233 358   0 305 297 277  82 206   0  99  60 358 254  92  74 370  38
   315  45 129 391 295 100  83 116 280  63]
  [  0 121 198 387 338   4 192 150 210  68  91 242 361 251 298 388  93
   358  71 358  40 225 277  63 373 138 292 195 121  43 208 255  65 208
   147  87 126 103 375 159 117  53 138   0 271 214 289 378  28  32  37
    12 200 151 362  63 132  93 259 181 142]
  [  0 101 376 216 392 209  82 272 226  26  99 167 246 150   8 128  27
   257 389 238 383 387 209  38  63 301 287 341 245  79 122 168 106  48
   375 132  54 134 364 306 309  93 381 355   0 264  35 287 208 262  12
   286 255 352 373  21  58  43 124 376  90]
  [  0 222 330   0 179  55 332 306 303 315 304 240 314 237 121  74 322
   120 380  73 346 124 103  63 248 319 329 171 225 213 382 234 380 103
     1  24 142  24 269 177  78  29  45 178 312   0  50 156  10 273  49
   303 261  10 180 158 158  48 150  92 154]
  [  0 272 238 114  94  95 200 135 332  90  18 206  75 335 332 337 149
   180 181 281 120 235 123 360 287 355 131 308 198 241 367 392 188 105
   343 178 327 376 105  65 110 213 331  15 118 110   0 365  66 187 365
   283  67 200 261 286  30 132 241 100 140]
  [  0  22 196 136  35 180 226  67 294 275  12 232   6  44 132 178   2
    92 388 386 273  37  85 305 234 283 159 166 355 337  11  95 138 287
   102  19 182 258 380 115 200 153 211 214  29 103 197   0 115   6 330
   108 105 288 133 138 183  90  43 154 131]
  [  0 143 272  21 353 171 234 252  46 266  32 317 273 338 154 349 190
   110 323 242 260 113 387  17 165  66 344 187 167 180 200  14 228 311
    11  56 126 197 276 157 356  62   6 253 328  99 301 254   0 354 173
     2 390 275  45 348 122  79 366 259 356]
  [  0 391 154 173 282 117 174  98  78 293   5 276 325 272   0 391 246
   290 100  13 186 130  49  10 338 224 239 308 148 329 389  41  48 328
    97 194 295 262 159 323 342 180  99 296 223 255 235 364 241   0 319
   292 393 256 378 156  80 324 129 335 309]
  [  0 123 313  67  61 114 365  80 351 389 284 340  57  50  28  58 222
   210 268  27 216 262 323 340 218  92 331  56 307 221  40 197 220  90
   162  34 132 235  23 381  22  68 378 213 239 255 386 188 189 220   0
   264 150  82  48 233  74  70 140  18 204]
  [  0  89 182 133 227 359 212 126 164 331  61  48 207  75  78  11 331
    83 352  87 391 341 288 250 337  45 375 335 119 304 154  90 228  97
   226 327  44 324 148  80 334 227 242 344 349 320 320  63  10 291 184
     0 267 222  69 290 304 148 279   8 222]
  [  0 107 326 108 105 240  90  12 239  79   3 215 283 122  16 381 146
    13  26 336   3 166  79 314  51 380 266 160 171 139  51 332 274 118
   292 169 136 345 148 379  28 203 356 277  61 241 342 263  43 323 373
   161   0  84 351   2 311   7 330 286 173]
  [  0 356 308 229 302 169 328 148 307 342 126  60 133  90 373  91  28
   133 205 128  50 139 181 102 186 335 214 362  55 106 100  85  14 311
   193  66 227 250 336 383  66 115  34  88 354 118  63  11 388  44 116
   369 223   0 175 217 225 357 160 142 314]
  [  0  51  25  86 375  43 388 242 100 201 270 234 267 136 233 151 130
   103 343 265 335 290 149 312 337  33 194 154 378 290 226 211   3 116
   390  94 302 304 298  62 391  18 289 196 192 117 298 377  20  96 272
    33 331 167   0 116 226 113 137 181 300]
  [  0 322  90 129 364  69  67  99 174 169 367  48 360  37  25 200  66
   318 388 115  83   2 102 311 104 302 227 230  11 342 324 221 241 171
    80 357 304 159 372  84 279 198 241  98 261 233  98 327 181  64  81
   180 311 195  56   0  37 349 194 316 253]
  [  0 343 234 229 186 357 350  74  58 328 135  67  97 107 257 302 181
   312 127  16 250  99 194 388 131 169 378 215 344 386 124 261 361 228
   366  45  10 212  47 372 334 133 384  64 168 272 174  93  24 110 382
   291 153  29 343 259   0 350 392 192 378]
  [  0 221 142 371 194 210 238  44  94  52  84 263 296 132  30 287  22
   351 202 335  38 194 109 158 255 225 378 126 303 253 328 135  87 360
    12  48 337  95 319 224 218 307  47  44 287  99 215 180 196 249 272
   369 246   0 139  73 266   0 187 246 100]
  [  0 310 109 207  32  74 151 195 297 244 381 128 356 283 181  25 336
   257 127  83 367  24  53 332 229  65 363 366  77 280 207 209 168 180
   302 292 196 331  78 356 349 315   5  73 306 134 149 113  98 121 165
   158   3 207 128  70 373  96   0 210  42]
  [  0  46 159 296 256 110  54 204 148 189 264 218 215 204   2  39 373
   181 242 226 152 120 193  64 121 242  36 309  42 230 267 258 306 112
   368  33 265 125 261  84 150 170 327   5 308  38  51  58  71 142  78
   328  41 360 177 203  36 213  25   0  14]
  [  0  56 162 115  97 226  69 148 230 242  64  16  29 225  12 206 123
   333   9 333 225 131  25   7 234  19 318 390 309 372 393 105 201 329
   382 210  21 306 191 299 344 352  81  77 105 380 194 100 262  51 220
   153  37 239 368 257  90  93 213 333   0]]]
release_time
[   0   57    2  757   43   56   29   47   53 1268   10   49    4   35
  103   25   35   60   18   74   38   78   17   91   20    5  688    5
   10   20   10   17   19   64    3   73   13   64   30   76   46   69
   45   93  125    6   96   61   69  868   11    1   18  586  143  324
   11   43  100   18   72]
due_date
[   0  106   89  847  113   58   61   77   87 1287   93   59   19   47
  110   33  104  143   57  122   85  117   61  103   98    5  764   17
   13  106  110   17   39   67    7  130   26   84  103  136   90  105
  114  151  195   15  140  123  105  926   32   34   81  592  153  402
   78  111  146   28  108]
unit_emission
[ 2 19  9  5 17]
emission_limit
26279.5
setup_severity
2.0
due_tight
0.9
due_range
1.0
release_tight
1
degree_constr
0.5
