mach
5
job_rate
12
weight
[ 0  8  1  8  3  6  8  9  4  9  1  3  6 10  7  2  4  7 10  3  7  5  3  5
  5  1  4  2  6  8  1  3 10  8  3  8  1  7  6  1  8 10  3  1  9  3 10  3
  6  9  6  1  8  5  3  1  6  7  3  4  2]
proc_time
[[  0  69 113 140  91 107 115 115 100 149  71 102 128  51 134  86  92  81
  125 100 105  81 146  50 123 127  54 147  94 100  83 105 124 142  60  70
   89  51 114  88  87  96 122  57 111  96 146  73 141 127 129  62 145  79
   91  76 104 101  96 105  81]
 [  0 138  72 145 116  83 148  98  64 113 101 116 105  69  75  59  74 137
   88 126 134 112 120 123 145  80  58 127 109 130  74 141  95 129 108 116
  127  90  68  85  77 123 145  90  51  71  83  84  63 144 103  75 142 100
   73  65 109  82  64 110 141]
 [  0  68  78  96 137  67 119 136 136  69 137 102  67  69 115 139 121 122
  135 108 128 127  50  91 122  88 142  52  65 101 112 141  96  63 119  67
   60 146  76 135  68 129  76 119 149 117  65 107  66  66 139  63 102  71
  100 140  99 121 117 150  53]
 [  0  87  84 111  92 100  97 140 143 137  61  66 107  81  54 141  81  87
   91 145 127  81  64  99 110  61 109 115 112 149  88 131 121  53 145  80
   56 105 127  64 110  83  96 146 104  98 104 149  68  84 115 104  62  63
   94 136 147  69 149 113 126]
 [  0 140 110 143 101  64 125  85 147  53 114 108 125  95  55 136  88 138
  133 125 118 126 137  63  57  85 107 135 127 143 143  85  69  81  63  71
   59  73  88  50 119 123 106 132 107  67 110  55 145  86  99  73 138  95
   94  76 127  59 136  71  90]]
setup_time
[[[  0 339 331 233 125   0 400  19  58 145 177 208 163 120 371 338 200
    10 284  53 376 252 332 301 338  18 184 249  35 261 203  29 268 322
   141 231 350 377  44  76 322 239  45 107 244  18 340  80  43 350 339
   181 406 230  59  75 382 396  87 262 105]
  [  0   0 170 407 258 286 195 149 280 221 251 303 261 150 369 345 307
     5 151 261 370  81  90 239 213  53 207  87 277  66 377 204 233  44
   258 392 158 345 397  23 250 335  76  53   4  15 255  84 148 371 107
     5  62 122 182  96 357 133 316   8 130]
  [  0 351   0 123  80  27 239 136 304 348  11 291 264 378 366  88 390
   309 147 151 125 231  42 350 342 345 113 280 168 402  75  74  36 384
   375 207 154 269  50 252 313  44  95 188 102  77 131 400 264 322 387
   237  21   6 177   0  36 196 366  57 276]
  [  0 211 149   0 126 406 271 394 404 366 146 271 259 287 274  35 176
   210  40 151 225 349  35 142 186 303 282 321 218 289 190 241  18 232
   109 334 172   0 182 156 180 244 168 216  78 243 393 143 357 318 346
    50 293 188 146 406 396 178 367 368 276]
  [  0 197 234  19   0 266 190 122 276  73 277  22 253 244 260 382  41
   216 199 166 397 347  62 379 335  97 267 285 216  50 186 182 166 380
   406 210 108 364 143  71  51 170 243 374 226  84 233 306 216  74 318
   141 348 354 154 334 341  22 122 165  91]
  [  0 179 359 312 220   0  13 380 268 196 336  64 321  49  93  62 284
   335 253 385 201 253 107 175 134 281 258 231 158  47 192 199 169 167
   239  36 344 129 136  84 110 366   9 326 204   1  94 220 194   7  67
   349 157  85 342 172  39 278 119  98 366]
  [  0 354 250 226   1 275   0 401 352  40 125 361 142  99  56  89 262
   307 242 249 232 237 105  94 354  79 261 322 273 342 364 401 154  35
   117 340  97  75 168 316 142 107 249 148 311 260 261 148 374 365 206
   197 201  16 340 401 271 255 332 105 248]
  [  0 140 174  50 286 330  35   0 128  74 167 367  45 345 307  45 315
   156  29  63 216 156 377 220 175 198   2 234 133 174  87  85 405 221
   189  45 329 313 315 213 312 376 393 101 378 273 253 371 219 346  21
   386 300 123 105 302 385 383  93 349 244]
  [  0 311 265 380 334 350  79   7   0 376 102 255 147 349 231 344  85
   214  26  17  50  30 314 370  57 277 382 125 190  64 362 221 154 352
    75 162 150  60  65  62 127 210 305 105 166  11 310 207  58  96 334
   202 362 168 122 381  77 186 114 345 212]
  [  0  49 282 268  71  54 277  22 156   0 367 112 217   5 178 265 341
   103 391  30 230 138  79 147 182 258 255 103 263 403 274  16  16  87
    67 246  86 338 176 139 320 220  33 208 368 188 296 204  86 389 359
   263 274  86 232 182 336 350  58  60 111]
  [  0 285 172 240  12  58 401 406 173 195   0 267 124 200 336 352 210
   241 379 133 388 185  26 344 168 245 241 392  38  91 350 114 227 171
   166 292  44 404 246  73  29 200 314 303  62 342 285 329   1 309 333
    47 157 101 118 157 222 373 256 359 286]
  [  0 319 318 399 303 302 192 404 325 224 350   0 286  97 380 348 222
   384  86 271  70 182 352 101 281 203 111  58 266 309 139  98  83 147
   124 309 101  51 286 269 129 289 373  99 365 221 236 197  99 151  76
   291 353  88 331 147 365 182 352  54 337]
  [  0 378 191 153  96 192 207 201 255 342  47 207   0 319 167 146  17
    91 294 355 198 337 202 370 185  94 151  17 126 120  40  35 346 286
   120 149 365  25 374 146 369 240  61  29  78 174 162 371 313 186 260
    11 330  97 197 180 270 383 105 325 374]
  [  0 126 163 374 344 184  31 388 199 355 392  10 171   0 101 107 316
   353 104  56  30 119 370  17  29 385 113 218 132  28  98 210 402  92
   269 106 175 249 362 310 379  54 268 214 345  88  57 355 161 357 354
    89 247  36 162 320 279 178 268   1 313]
  [  0 331  38  29 146 334  31 273 112 317 175 385 141 219   0 155 205
    58 164 134 350 324 305 109 317 309 251 104  81 161 283  80 399 241
    63 298 324 272  21 391  18  90 339 106 362 298 399 108  62 103 196
   171 114 269 383 144 327 299 278 193 203]
  [  0  27 245 249 275 402 282 208 279  84  26 212 145 402 371   0 327
   131 401 118  50 221  61  32  50 292 315 347 102 109 229 266 182 162
   318 139 274 342 106 125 120 392  67 360 232 212 205 269  17  53 134
   112   0 330 305 153 104 195 365 317  24]
  [  0 400 241 355 127 245 144 125 209  53 299 331 110 261 107 260   0
   147 123  59 363 217 269 333 302 252 287 260 327 145  69 263 150 317
    52 371 217 254  58 338  93 291  76 198 383 179   1 219 358 152  21
    45  52  11 189 356 406 153 136 245 179]
  [  0 319 167 132 380 215 166 298  27  69 114 269 342 100 360 380 226
     0  64 161 305 117  10  62  14 125 164 403 357 205 245 335 100  38
   255  89  52  56 373 254 149  83 350 278 274 375 231   6 163 339 226
   110 299 306  76 183 244 168 296 140 283]
  [  0 315 222 215 121 350  89 200 330  73 237  70 109 180 378 312 207
    97   0 285 310  10 385  38 202 146  65 185 338 275  41  73 238 159
    23  12 126 259 376 165 163 287 245 177 195 112 250 126 302 215 129
   299 244  23 299 157 157 310 300 380 328]
  [  0 169 155 178 297 136 179 407 139  57 178 217 364 254  28 201 242
   331 147   0 295 108 180 386 172 252 199 237 208 198 332 268 359 300
    63 322 310   8 191 117 219 232 311 231 213 336  28 310  13 128 120
   280 218  34  91 398 244 162 175 135 405]
  [  0  77 382 379 373 386  24 165 187  41 351 233  69  41 373 209 282
   393 399 105   0 376 228 356 314 363 225 229 296 143 143 341 226 112
    95 164 130 268 291 293 367 398 349 214 300 177  73 405 397 186 341
   176 403 403 346 388 134 169 223 332 291]
  [  0 326 352 107  63  50  98 337  92 303 238 125 202 197  15 398 264
   164 144 253  26   0 126 347  90 245 153  44  71 138 182 152 259 320
   128 282 247 269 326 218  72 273 263  20 207 152 143 222  38 148  77
   110  22 362 316 176 107 190 257  89  58]
  [  0 181  70 238 167  30 236 113 334 314 285 350 202 115 173   8 183
   373 137 110 173 126   0 281 311  64  77 162  92 136 220 309 340  72
   361 158 140 199 167  35 358 189 277 283  50 146 296  64 189 141 306
   381  50 371 115 191 367 327 267  33  61]
  [  0 213 366 153 307  67 157  38 278 382 241  58 267 320 386  70 134
   213 370 227 121 155 282   0 319   1  39  79 244 126 404 197 169 218
   303  44  69 288  11   0 149 163 298 401 359   1 119 382  10 390 229
   290  16  57 150 241 162  10 322 354  69]
  [  0 147 316 375 269   2 126 307 273 146 373 272 362 136 364 173 171
   133   4 105 241 349 280 402   0 159 384 176 326 166 232 200  20  60
    69 295  28  73 261 403  71  65 299  61 308 244 147 403 392  19 317
    31 129 126 128  39 110   2  78 377 372]
  [  0  29 342  22 256  67 129 356 274 294 198 184 266  46 115  94 276
   221  15 131  28  19 157 215 298   0 260 232  22 355 354  50 234 176
   383 159 382  87  68 214 223 282 186 387 314 370  37  91 301 188 247
   311 103 261 364 140 394 170 326  37 212]
  [  0 365 263 216 195 233 375 105 290 361  55 118 274 309 282 193 155
   224  12 367 334 184 143 165 202 237   0  39 172 361 194 142 379 120
    40  12  70 213 340 239 289 233 126 349   7 113 199 132 301 217 140
   243 116  76 100 392 268 127  24 323   6]
  [  0 359 310 311 233 356 303 397  83 138  23 312 365  47 393 393  46
   356  88 324 314  26 215  49 165 268 298   0 220 328 386 270  85 312
   197 368  57 316 310 180  23 397 121 135 248 334 160 371  15  56 141
   123 302 321 174 230  90 239 384 177 352]
  [  0 338 356 112 198 261  78 271  76 297 372 103 152  12 257  88  12
   342 241 343 187 236 187  86 378 318 372  99   0 227 265 103 285 365
   148 132 150 197 289 354 353 229 141 304 359 220 192 303 170 375 231
   296  41 247 217 173 258 272  48 142 235]
  [  0 370 274 268 358  33 278  92 227 242 106  67 368 308 331 277  34
   117 140  49 214 296 323 252 151 390 348 332  68   0 215 262 268 311
   150 320 234 350 122  35 283 400 167 378 161 223 126 234 144 403 143
    20  59  21   5 182 162  76  59 106 173]
  [  0 192 341 273 333 282 306 355 261 359 214 101 106 378  18 125 329
   232 207 129 205 242 373 180 246  29 247 306 312 194   0 206  13 342
    29   7 122  11  13 218  95  96 249 201  61 270   3 378 178 331 252
   191   8 385  55 325  42  54 184  69  89]
  [  0 146 193 304 304  97 241  41 277 234  29  80 205 121 324  78 212
    73 235  15 387 124 315 400 287   3 160 180 146 149 289   0 161 399
   290 360  11 329 199 245 104 368  83   7  54 167 239 356 221  35 407
   390 142  55  54 171 230 207  45 349  22]
  [  0 362 168 373 113  59 127  23  63 138 406 359 304  12   2 344  94
   209 112  93  23  14 339 308 342 166 389 370 129 234  58 147   0  63
   385 189  96 387 177  38 179 203 192 144 273 320 390 153  77 274 179
   196 156  43 162 357 306 205  48  63 122]
  [  0 103 263 195 333  50 172 302  13 253  70 246 118  53 220 404 191
   228 269 180  69 328 291  82 356 256 217 398 367 402 151 231 186   0
   239 369 270 248 218 257  53  39 281 180 224 299 190 131  47  36 240
   159  52 191 352 197  17 368 218  41 173]
  [  0 361 258  84 172  87 208 367 236 190 109  76 127 306 304 245 201
    77 237 217  36  96 102  41 279 366 361 107  20 105 364  18 206 121
     0 364 406 314 312 264 119  23 363  84 252 211 157 215 407 115 255
   165 186 193  79 150 162 260 385 369 381]
  [  0 349 290  38  61  57 326 391  23 174 151 406  34  51 239 187 380
   181 225 138  64 363 182 367 341 387 174  31  96 301 240 212 309 182
   315   0  45 186  75 122 183 155 303 302 240 252 399 150 297 382 270
   175 243   3 117 205 253 388   2 364 110]
  [  0 307 350 406  33   1 350 184 336   2 308 286 197  97 299 394  24
    52 323  56  55 102 330 302 113 228 210 368 281 368 327 377   0 386
   194 112   0 250 220  24 347 107  24 265  46 280 189 243  80 139 142
   313  96 277 130 392 295 358 120 160 303]
  [  0 170 118  33 156   0  65 289 173   9 393  37 232  62 129 373 347
   369 194 224 327 131 125 161 132 263 385 122 100 194 330  89 322 301
   138 352 378   0  52 186 231  20 390  30 369 169 305 134 173  37  96
   365  61  74 313 314 137 386 361  35 336]
  [  0 296 358 379 135 318 337  62 190 296  91  38 332 283  18 210  89
   364  94 350 217 376 317 390 328 226  57 387 238 208  35 204  65  67
    86  72 154 339   0  75 164  58  29 368 269  85  62 294 322  90 205
   264 210  36   7  91 271  63 401 143 291]
  [  0 377 242 180 381 153 112 371 269 189 284 266  12 150 102  61  22
    21 221  15 175 299 179 388 196 245 400  48 376 359 390 135 249  99
   269 251 165 135 392   0  86 280  59 261 159 214  98 136  47   6 108
    48  25   5 374  96  12  85  93 283 209]
  [  0   8  94 170 150 143 314  55  30 118  56 108 180  64 350 194  38
   286  13 317 187 136 228  55  76 383  15 329 343 129 334 146 187 161
   252 298 204 157  39 280   0 234 122 317 281 273  97 259 151  49 262
   270 143  28 125  23 170 201 202 286 377]
  [  0 353 196 192 185 135 214 246 407  36 202  81 238 178 185 145 199
    32 358 119 108  19 255 398 133 328  27 341 115   1 175 166 152 166
   401 179  44 390 227 209 314   0  61  73  68 385 145 172 225 301 329
    92 300 346 318 350 388 311 254   5 277]
  [  0 213  95 184 387  16  29 110 297 173 376  65 346 200 249 151 108
   129 252  87 358  41 312 192 230 320  83  79  51 318 388  88 368  31
   189 178 146 208 127 115 260 193   0 128 274 347 366 227 294 360 119
   350 156 213 367 179 259 242 170 317  57]
  [  0 236  98 139  58 112  17 208 351  26 174  62 123 205 311 365 109
     6 226 307 112 166 358 313 173 187 144 219 338  58  99  26  55 406
   180  50  49 401 313 159 389 212 231   0 173 162 362 293 159 238 394
   270 362  36  36 180  62 297 115 270 161]
  [  0 181  16 384 339 139 245 311 406 230 287 157 364 113  82 229 367
    67 104  70 147   1 187 205 100 202 182  51 185 158   3 124 312  44
    71 128  80 344 367 375  83 356  69 299   0  69 223 120 224  61  82
   130  46 333 397 252 171  41 221 305  21]
  [  0 202 175 403 146 123 152 246  12  52 371 361 189 214   3  29  55
    13 289  38  21 221  88 243 175 277 175 171 223   5  84 140 232 407
    92 290 260 170 198  39 143 274 187 282 181   0  41 138 285 307 227
    44 252 317 377 240 326  77 269 155 234]
  [  0 279 290  10 290 314 262 231 305  38 367 233  15 176  96 371 354
   123  94 332 106 272 187 349  21  96  95 111 368 187   8  75 361 121
   247 238 188  86  81 169 319 126  20  54 132 265   0 374 103 210  79
   308  72 115  65 310  37 103 333  24  43]
  [  0 146  62 210  73 293 329 112 392 372 279  99 136 236 122  84 245
   278 388 356 174 346 192 290 188 294 115 322 100 160  49 296 344 335
   233  37 114 149 148 166   0 188 100 357 125 168 112   0 306 206 143
   358 376 199 313 177 345  79 334  92 164]
  [  0 157 338 401  39 251 230 244 312  87 338 200 167 374 315 233 343
   210 239 323 345 138 172 350 317  15  85 256 197 212 160 155  40 265
   191 199  50 396 250  50 383 160 347  28 305  43 185 114   0 264 275
    20  31 162 167 346  42 223 264 358  99]
  [  0 183 345 403  57 327 379 314 168 394 317 104 157 121 285  40 240
   143 329 160 130  10 367 317 358 298 340 258  37  62 184 283 121 218
   154  53 272 338 398 275 154 197 269 224 369 369 355 405 177   0 182
   307 191  69 333 182 269  46  77 255  32]
  [  0 313 194 264  63 339 144  19  52 403 172   8 262 371 139  55 150
    62 123 333   7 304 349 381 154  16 399 354 373  25 124 364 362 229
   169  40 383 284 159  71  49 313 319 240 385 315  22   6 278  38   0
   129 301 263 344 152 238  98 121 103  83]
  [  0 174  66 204 343 188  12 399 183 297  78  99 292  71 343 219 249
   218  79 272 219 174 283 371 181 373 173 119 109 322 107  42 250   3
   124 336 371  12  33 323  24 128 263 264 173   7 396 327 318 245  50
     0  65 235 359 277  25 209 405 295 175]
  [  0 295 135 116 139  17 136 145 247 350 330 195 274 353 294 266 175
    29 105 101 291 174 369 132  70 142 378 332 186  95 161  45 324 273
   135  47 225 112 254 252 159 143 259  16 113 120 169 293 332  25  25
   354   0 360  31 244 222 339 325 211 380]
  [  0  10  25 331 329 250 206 229 170 368 377  78 111  41 364  99 158
   221  44 160 224 158 122 349 407 355 265 268 309 144 214 128 293 115
   324 341 333 258 265 356 336 254  88  24  58  37 206 173  58  89 160
   102 381   0  76  86 174 291 268 311 226]
  [  0 384  78 127 352 358 404 177  17 390 233 369  51 199 218  77  94
   313 146 113 227 394 182 251 102  25  36 373  20 249  26 202  90 352
    75 238 354 308 332 158 289 346 154  50 145  95 324 220 239 361 124
   177 359  14   0 183  78 148 156  78 267]
  [  0 114 357 351 253 200 275 267 158 374 259 104 318 175 393  17  49
    36 352 382 328 127 130 353 114 224 121  14 372 178  10 336  99 336
   250 298 314 132 131 232 319 318  31  72 245 388 212 355 378 104 180
    96 245  18 320   0  69 314 200  55 194]
  [  0 212 105  81  46 219 187 159  44 128 133 406  99 336 379 280  56
   185  37 214  58 280 390 396  72 124 171 317 389   3 148 131  43 376
   109  49  94 218 224 101 390 260 189 317 180  16 260 338  76 278 104
    79 110  39 119 299   0 154  45 283 278]
  [  0 166 380  62  15  42 245  65 362 255 302  65  94 297 353 146 139
   347 105  13 304 373 282 356 258 120 304 321 202   0 346 105 256   3
    17 369 303 294 141 144 127  51 299   7 262  83 360 294  97  78  92
   351 103 298 388 165 285   0  67 373 362]
  [  0 124 153  66  53 303  62 390 264 332 142 103  12 176  80 167 144
   110 173  96  58  96 117 240   6 273 110 236 309 217 137 222 339  30
   251 148 146 367  41  86 273 304 402  53  42 230 294 319 298 298 191
   217 360 268 275 204 271 373   0 296 396]
  [  0  93 211  97 281 245 265 226  82  61 102  83 322 291  55 259  15
   141 244  58 385 101  38 364  77 387  89 131  42  71 183 230  89 350
   171  66 235 247 154 396 161 271  33 294  78  40 213 385   0  26 326
   231  59  55 223 401 308 201 257   0 222]
  [  0  65  16 245 204 339  63 393 398 227  74 383  55 176 365 180 278
   152 138  86   9 189 274 356  19 387 384 215  15  61 148 384 314 364
   304 129 287 345 147 230 191  55 162 253  96 193 375 195  97 147  55
    29 237 167 191   6 115 114 347 336   0]]

 [[  0 348 344 157 119  16 155 245 205  38 402 350 359 387 251  78 184
    75 261 245 311 332 147   5  90 347 222 349 204  42  67 262 266 310
   406 239 112 388 153 336 295 209 233 122 251 355 405  65 105 287 148
   179 314 396 201 169 121 130  83 254 295]
  [  0   0 395 283 163 361 256 347 289  34 389  16 365 252 336 296 257
   198  23 270 340  78 292 246 391 177 342 219 389 211  77 213 368  30
   283 288 341  84  36 290 322  85 358  83 215 291  40  87 212 276  39
   350 189 147 322 318 398 325 204 284 359]
  [  0 361   0  47   2 165  25 173 330 113 196 147  93 108 241 128 219
   392  60  33 316 333 309 271  20 327 381 248  57 331  76 175  57 312
   218  98 182 377 225 287  82   1 344 289 351 213 289 266 166 293  32
   101  22 295 270 175 172 289  11 323 272]
  [  0 186  18   0  18 404 212  64  27 300 150 353 154 104 363 226  63
    80 364  34 306 351 361 283 348   8 232  87 235 183 211 356  21 203
   179  39 225  34 211 334 216  91  56 198 262 370 118 367 206 319  44
    79 141  22 243 163 346 268 261 236 406]
  [  0  32 308 394   0 147 337 149 278 213 148 334 293 109 115 238   7
    20 187 208 299 310 185 365 330  99  18  38 271 320 380 344 388 259
   232 281 209 204 280 392 105  74 159 141  31  23 121  38 358 145  45
   381 325  73 366 385 362  34 311  46 259]
  [  0 262 397 132 317   0 246 123  70 256 285 316  91 165 147 215 316
   391 356 337  73 362 326 122 291 404 305  81 166 310   1  15  98  39
    96  25 391 204 210 236 362 189 135 227  23 286  58 355 248 364 238
   254  36 207  13 169 386 111 285  56 137]
  [  0 122  68 146 123 260   0 110   4 271 141 301 281  74 122 347 116
   213 313  18 193 352 344 327 245 150 392  96 101 253  97 168 131 366
   402  29 258 139  15 367 375  31 200 115  29 344  69  89 400 159  28
    19 242 183 268  92 179  51 340  95 379]
  [  0  58 196 163  87 349 286   0 312 259 302 151  92 154 228 356 159
   118   1 211 222 227 373 285 149 314 230  48 393 321 162 170 189 136
    85 134 158  37  57 200 160 396 262 161 284  85 211 284 250 377 224
   190  87 405  64   3  81 356  21  78 118]
  [  0 326 116 112  65 121  66 285   0  84  20 400 134 220 253 288 334
   390  55 275  73 363 246  86  69  11 388 118 310  34 148 103 122 129
   379 242 144  68 331  63 338 383 131 292 215 140 382 385 248  31  18
   165  12 241  74 197 398  83 178  71  24]
  [  0 149 241 399 122 328 208 127 213   0 367 343 155 128 158  97 213
   292 136 355 403  17 257 204 148  90 358 267 252 151 287 242 201 190
    31 112   8  22  46 202 160  29 103 354 140  10 303 315 181 387 109
   127 102 392 326 392 312 289 305  92  67]
  [  0  67  82 283 224  80 261 345 240 172   0 346 391 391 396 277 150
   350 262  69 402 305 296  11 372 316 200 121  44 371 388 260 140 122
     5 285 107 285 152 177 255  90 383 231  33   4 242  31 137 328 380
    49 322 269  12 189 406 350 162  91 162]
  [  0 330  77 404 293 291 383  66  63 344 354   0  91 327  58 366 369
   189  80 172 105 238 293 186  91 203  72  13 128 301 122 354 369  94
    51 273  21 256 206 178 335 397 319 303 224 348 123 134 371 317  77
   372 329 317  30 271 285 315  62 407 195]
  [  0 212  62 132  57  63 335  94 190 400 340 254   0 246 243 282   2
   153  88 171 125 313  82 373 373 138 312   6 123 125 177 274 196 355
   344 114 392 305 213 389 210  69 264 129  44 343  77 231  21 313  96
   390  61  19 310 222 104  78 187 266 275]
  [  0 386 221 324 146 285 400  32 242  53 115 398 314   0 299 350  23
   286 277 390 370 330 392 214 368  23 334 114 267  34 303  81 226 156
    91 193 157 339 135  59 178 129 342 253 292  69 310  44 276 246 257
   255 193 268  18 248   8 377  24 107 374]
  [  0 199 124 102 322 289  64 320 123 386  30 245  81 395   0   5   8
   198  74 244 146 353 137 377 154 311  18 284 232  69 397 328 378  44
   267 223 151 100 187 359 236 390  58 220 174 248 271  68 394  42 395
   247 391 284 195   4  67  79 255 102 386]
  [  0 337 199 165 366 386 129 195 100  28 378 123 371 160 194   0 329
     2 101  78 279  75  77 126 359 294 349   4 254 215  94 313  78 293
    43 293 213 276   0  92 146  44 127 191  41  30 188 114 141 111   8
   208 169 235  68 256 281 131 333 354 180]
  [  0 388 144 335 278 320 122 344 222 387 382 268 338   5 283 375   0
   278 352 344  73 247 140 238 294  23  61   7 157  41 289 181 114 343
   381 351 208 146  55  75 132  73   6 142 154   3 401 395 219  15 192
   392 264 371  29 216 403 297 353 392  90]
  [  0  50  83  76 211  53 226 176  96 167  28 128 280  21   8 375 119
     0 164  63 273 396 316 176  61 235 207  24 336  38 267 206  56 139
    43 376 404  67  83 342 124 407  35  46 332 265 270 326 321 100 102
   313  85 338  32 310 363 195 270 225 155]
  [  0 112  85   6 286 241  45 211 292 235 267 244  91 310 371 300 324
   177   0 193  19  36 210 311 367  75 247 166 292  71   2 390  12 385
   321 309 389 333 127 399 201   6 183 159   3 128 276 241 366  61  97
    86  15 303 398 152 221 400 261 366 252]
  [  0 136 306 196 106 194 307  51 273 251 285 147 261 173 107 194 148
   338 244   0 362  39  70 365 290 143   6 247 184 251 165 277 182 366
   360 360  83   1 279  24 150 298  85  58 300 151 333 243 381 249 221
   305 407 309 155 346 163 151 277 139 343]
  [  0 375 137 402 359 309 175  22  34  55 308 281 355 378  69  98 348
   152 359  71   0 277 307 251  98  28 185  73 243 248 320  49  64  40
   242 222   4  53  33  47  34 281 228 387 344   1 259  69 221 131 323
    35 158   2 370  77  36 355 215 276 100]
  [  0 227 353 224  93 200 119 402 314 147 190 390  74 285  61 195 357
   127 224 374  97   0 111 353  86 352 177 359 212 374 291 201 214 238
   276 283  61 104 204  45 365 214 264 220 381 290  96 366 178 126 245
   158 296 245 229 222   5 287 225 247  20]
  [  0 399 271 112 240 388 319  77 390 254 352 250 220  75 242 259 279
   106  42 249 357   6   0  49 266 189 395 297 373  31  30 141 303 373
    70 315 164 222  32 366 293 115 244 397  74 265 247 192 316  98 348
   332 350 156 238 151 189 142 404  92 195]
  [  0 302 179 163 393 190 237 260 360 317 178 228 312 182  11  31  67
   269 253  82 349  53 399   0  33 215  97 311  43 368  34  90 401 180
   387 302 222  22 106  70 106 347 268  59  64 393 264  15 172 334  78
   336  14 177 218 194 386 143 129 298  36]
  [  0 277 185  48 161 274 334 301  19 406 313 106 270 188 244 269  54
   377  56 383 334 145  90 158   0 177 269  40 109  61 384 270 203  93
   282 187 320 298 369 332 223 151 330 339 197 114 106 274   4 303 396
   194 336 179 272 331 405 406 292 335 357]
  [  0  65  73 246 186  69  95  61  77 143 240 151 289 272 346 274   1
   283 385  25  48  77  57  84 407   0 246  64  84  56 306  38 144 399
   231 186 291 224 201 375  37 265 344 348 211 211 364 133 255 130 327
   351  61 105 290 198   1  51 119 332 197]
  [  0 254 199 118 262 331 207 196 210 125 216 156  23 236 368  85 316
   331  48 114  18 226 297 365  70 165   0 394 230 134  80 291 383 375
   108 135 126 376 307   3 261 339  91  92 117 154 119 221 366  47 114
   163 294 302 211 225 347 129 244 137 295]
  [  0 161 272 300 271 276  22  35 147 198 156 206 316 284 397  80 365
   303 118 344 380 387   7 251 125  72 246   0 345 230 294 223 331  26
   311 349 286  62 305 291  74 307 330 378 371 257 275 351  75 292 267
   116  17  54  56 176 272 366 407 175  31]
  [  0 178 258 318 203 194  90 216  65 257 377 296  91 185 169 281 141
   331 293 324 406 336 290 391 407 376 222  16   0 250   6  38 265 354
    15 295 236 182 153 366 308 189 356 215  20 391 142 169 245 336  43
   256 172 301  74 201 169   7  90 353 306]
  [  0 318 173 403 273 115 162 208 230 220 223 111  31 378 133 363 326
    54 215 217 201 273 171  50 366 356 225 397 363   0 314 138  99 208
   335 117 307 291 340  56  13  28 143 261 103  70 168  89  93 236 155
   247 243 258 383 273 199 146 154  45 132]
  [  0 354 280 286 261 238 259 315  65 162  46 268 298 377  68 327  71
    60 130 266 278 318  75 171  86 353   2  43   8 405   0 274 304 111
    73 183 257 386 356  67 142 159 330 180 261  71  45 385 280 146 211
   257 261 186 281 344 205 402  28 132 223]
  [  0 131  98  52 148 320 358 160  66 354  59 244 280  51 111  13   6
   145 217 345  21 258 394 379 181 355 323 319 262 228 191   0  20 273
    32  17 222 405 193 354 130 405 352 194 109 315 339 132 406 266 182
    74 149 218 385 367  19 247 354 296 395]
  [  0 387 111  26  29 296 205 121 170  39  53 230 202 296 172 186 142
   197 241 170 229  40  72  31 161  26 298 116 398  33 336 249   0  67
   133 192  21  31 110 115 197 310 362 231 301 265 201  88 121 191 116
   356 175 211 359 345 354 282 390 350  14]
  [  0 184  55 317   0 127 197  80  91 267 307 255  32 112  52 354 339
   132 154 300 114 174 122 202 173 142  73  31 284 277 338 407 217   0
   115 132 221  69 275  78  29 383  21 280 367  95  67 228  47   2 199
   389 279 207  47  70 248 122  80  80  56]
  [  0  89 230  37 371 317 157 307 398 243  79 338 280 289  16 253 314
   405 186 319 128  98  52 170 328  93 372  49 271 300 359 307 202 229
     0 337 403 148  24 155 175  35  26 197 156 332 383  20  38 236   0
   134 231 307 122  24 308 304 311 283  41]
  [  0  48 400 166 192  88 333 399 180 237 322  33  61  53 253 331 166
   126 275 148 198 332 126 325 383 254 318 382 204 325 282   8 118  62
   283   0 148 283 198 174 210  82 371  13 322  50 229 404  65 183  91
    65  53  85 407 361 291 166   9  96 105]
  [  0 305 325 320 170 305 208 142 176 393 113 223  56 313 123 166 217
   182  79 302 193 365 254 137 144 170 237 262  13 246  91 361 210 245
   172 300   0 136  17 211 334 337 133 210  19  55 344 293 295 335 152
     2 212 115 298 215 381 401 405  82 405]
  [  0 134  43  51 339 111 296 383 397 114 159 317  86 145 189  65 311
   260 381 237 187 308 143 127 172 399  79 124 379  50 123 159 219 204
    88 310 341   0 110 146  72  79 225 367 334 260 267 103 171 397 153
   195 199 217  43 278 234   6 119 272 324]
  [  0 355 136   7 148 280   0 199  40 339 129  11  67 398 312 352 138
   177 151 280   3 277 305 299 297 125 303  24 153 298  32 372 357 215
     0 400 316 353   0 231 204 316 151 126 389 244 388 213 326  59 111
   240 332 396 357 167   5 196 279  47  58]
  [  0 389 363 114  74 175 133  97  82 250 209 329  73 217  87 260 312
    14 354 272 402  58 346  18 403  40 173  66 315  32 250 224  53 227
    68 222  66 256 224   0  37  55  55 113 197 301 308 210 396  92 362
   325 395 382 197 363 155 163 134 380  44]
  [  0 256 381 241  50 164 374 111 197 252 140  87 217 342 366 381 139
   203  90 162  17 309 217 396  24 348 193  83   5 385 362 375 177  68
   278   0 197  35  99 184   0 124   2  51 107 303 134 206 281 351 185
   126 400 404 350 194 355 117 186 334 264]
  [  0 204 312 109 241 155  85 391 322 404 311 215  61 291  10 288 204
   234 216 127 313 134 267 352 211 136 111  78 341 217 379 396 339 265
   208  71 392 119 158 147   9   0 306 329 235 116 207 318 117 320 255
   372  95 138 274 140 319 141 358 175 123]
  [  0  88 371 117 317  50 311  94  52  88  24 371 308 303  64 196 335
    50 141 196 106 108  34 276 315 196 232 217 279 273  43  60 305  25
    22  65  77 107 232   0 118 143   0 181 323 185 148 117  92 295 257
    63  63 129 384 261 134 307 287 211 105]
  [  0 112 374 273  21 337 229 274 173 398 171 160  27 228 246 380 189
   359 357 330 321  39 333 181  15  36 112 160 312 126 322 135 194  41
   355 132  24 107  29 229 189 341  32   0 207  20 229 143 233 397  84
    87 127 239 238 193 320  57  85 222 116]
  [  0 172 100  23 302 252 209 164 291 263 214 205 166  40 284 198  52
   316  23  81 248  54 291 175   5 161 376  85 126 207 198 294   8  27
    40 218 103 116 276  12 101 366 354  23   0  99 395 327 396 348 375
   329 120 380 144  13 123 307 302  57  26]
  [  0 225  70 104 341 324 379  91 368 324 341 385 276  44 305  78 195
   297  54 373 207 130 295 386  40  58 233 243  90 195 240 378 226 285
   268  46 331  34 129 176 326 140   4 139 380   0  19 131 242 106 228
     9 390  59 367 189  63 108 153 218  46]
  [  0 292  24 157 132 380 190 262  56 355 313  23 261 176 102 382 401
   200 310  80  51 151  63   1 407  51 112  11 198   5 389 107  15 287
   180 175 373  18 211 171 264 216 289 222 116 380   0 372 227 296  78
   239  34 338 331  27  37 229 151 257 302]
  [  0 101 324 111 310 188 217 398 307 369  92 313 357 193 138 128 295
   158  81  21  61   0 169 339  22  84 119 314 110 123 294   8 292 308
     3 251  55 301 126 270 239   8 344 175 392 165 268   0 266 325 220
   218 295 407  34 373  62 394 319 379 266]
  [  0 174 321 348  35 128 283 378 371  75  31 355 246 346 157  95 333
   159 110 113 263  24 258 129  53  77 363  76 176 183  67 332 238 284
   400 356  55 352 312 328 210  14 307 322 137  63 135 161   0 176 261
   274 299  46 245 105 274  88 401 335 216]
  [  0 239 139 329 363  19 279 212 180 116 303 232 270  41 366 354 397
   220 234 248 405 352 120 269 329 261 127 270 336 271 344  95 190 182
   137 220  51 227 354 264  69 160 277 136   6 246 258 296  52   0 157
   386  70 351 233  43 331 396 155 128 289]
  [  0 120  84 220  24  65  22 169  21 267 211 115 317 234 233 183 127
   146 122  88 204  29 406  13 395  70 319 241 215 267 100  38 372  31
   118  49  85 110 308 150 107 254 103  38 249 216 266 252 107 213   0
    42  59 298 140 195 252 189 176 212  18]
  [  0 310  40 141 293 249 283 379 209 167 240 241 290 308 260 396 211
   158 115 153 208 395 305 290  35 193  44 276 306 251 109 272 297 250
   316 156 261 390 326 162  21  54  42 395 113  11 329 276  43 268  58
     0 327 109  81 400 304 358  61 279  97]
  [  0 332 163 398  61 322 371 151 163 389  66 281 220 215 404 355 317
   261  45 302 384 134 119 400 395 222 202 255   5 328  12 118 168 297
   234 115 108 295 183 151  67 391 150 253 268 233 369  17 222 397 286
   244   0 185 106   4 206  81 225 101 390]
  [  0 117  32  40  26  69 224 308 148 335 149  12 239 169 323  77 356
   381 299 180  95 246  94 279 133  64   7 379 173 168 182 353  65 172
    44 271 329 197 227   3 112 365 149  80 319 206 218 380 129 188  79
   261 230   0 391 188  90  24  50 288 212]
  [  0 137 104  86 295  80 184 138 373  93 233 363 294  30 257 155 245
    48 145  46  76 293 169  12 334  99 269 213 241 221  22 197 366 164
   335 310 170 372 236  68 268 245  51 271 120 303 257  94 301  25  56
   272 209 344   0 233 272 147 265 378 277]
  [  0 200 340 232 254 300 126  93  73 298  61 121 284 182 284 272 299
   199 398 214  23 216 264 379  90 305  15 324 109 193 160 347 219 160
    39  12 398 150 108  84  42 310 251 111 361  52 372  62 121 281 301
    71 192  71 248   0 237 186 179  47  68]
  [  0  37  82 370 331  94 352 263 301  74 383 227 176 147 251 189 115
    39 299 112 275 173 337 184 189 276 128 214 372 308 286 293 291  40
    70 113  68 297 263 265  45 341 178 151 136 302 360  97 188  62 285
    74   8 261 396 375   0 105 196 233 272]
  [  0  54 201 259 250 226 221 251 284 104 278 366 188 276 248  81 314
   369 129 355 242 340 353 292 267 342 222 287 400 185 233 356   1 325
    76 211 234 108 319 242 387 173 297 268 130 399 174 239 199 244 361
    66  33 340 273 121  90   0 273 371  94]
  [  0 336 289 247 387 180 223 401  92 215 278 343 343  56 360 139 307
    23  93 258 104 276 260 323   3  31 293 230   4  72 341 248  56  71
   363 195 345  25 105 289 231 219 125  81 382  31 306 286   2  14 172
    90 224 150 141  51 240 338   0  59  98]
  [  0 154 359  36 118 173 166   5 207  64 117  85 396 384  46 158  27
   155 261 381 225   2  80 189 316 256  20 402  76 149 255 363 387 195
   271 160 137 185 321 369 318 295  40  96 328 309 371 132 342 237 155
   247 399 280 112 239 372  50  99   0  11]
  [  0 383  65 232 187 102  56  88 152 217 269 241 333 287  58 261 248
   202 368 302  92  11 365  18 355  21  29 406 135  57 216 339 374 374
   222  46 328   9 396 129  54 377 159  59  89 358 108 381 334  12 390
   181 337 119 253 394 246 126 296 375   0]]

 [[  0 217 281 168  62  94 259  99  98 146 135 192 346 354 309 109  14
   144  35 175 369 343 252 207 311 181 201  65 388 107 262 298 350 336
   265 382 358  43  91 243 314 134 119 218 344 259 262 361 145 395 265
    45  10 157 236  11 175 377  67  12   1]
  [  0   0 240 365 104  94 227 311 233 306  53 314 181  59 291 208 266
   231 196 295 191  76 267 259 152 139  55  83 380   2 366 206 171 245
   388 306 117 243 288 148 396  20 403  15 218   9 235 399 145  93 115
   357 199 127 314 203 263 288 146 301 299]
  [  0 348   0 347 392 183 126 166 208 148 264 187 205 261 144  77 376
    43   0 184 404 123 371 170 175 371 188 258 151 295  55 352 179 243
   383 140  87  65 113 225  31  48  76 232 213  22   4 307 290 148  58
   282 314 114  62 250 297  22 291 212 403]
  [  0 172 204   0 180  77  27 364 132 179 174  85  85 260 264 308  82
    99 345 133 293 242 238  89 233 183  65  81 285 200 278 252 334 201
    30 330 224  82 309 355 315 238 383  35 168 241 161 222 186 230 232
    19 374   3 284  61 238 250 310  78 349]
  [  0 231 375 362   0 395 252 335  13 378 341 245  96 320 398 319  41
    76 167  94 109 265 376 383 325 154 299 337 331  38 196 314 260 214
   378 402 160  65 312 369  29  80 350  27  41 393 379 385  17 375 332
   297 377  88  20  27 214 257 325  84 115]
  [  0 328 189 104 366   0 140 243  82 151 407   2 321 158 223 299 346
   393  32 161  13 289 236 167  20   0 255  89   2 128 260 258 212 198
    31 133  12 374 205  10 348 359 338 386 343 223 297 333  74 376 136
   285  57 247 131 174 374 136 180 204 338]
  [  0 331 132 352 154   2   0 292 315 219 407  63 335 201 178 154 100
   292  66 218 207 352   8 180 100 258 285 265 151 353 179 345 345 348
   293  30 371 223 286 229  79 361  82 346  19  63 163 303 224 320 101
   106  98  75 198  52 145 383 407 168 259]
  [  0 128 227 160  18 116 389   0  59 277  65 166  84  62 369  46 374
   294  21   0 404 119 360  44 242 257 169  45 378 132 263 361 188  27
   289 345  56  70  26  16 183 239 297 171 103 246  67 314 179 359 208
   266 138  89 102 350 101 194 167 194 344]
  [  0 340 343 343 237 322 303 250   0 133 237 173 292  97 353 268 346
    93 332 178 185 110  75 306  30 191 254  98 289 195 394 177 332 325
   323 371 141 141 333  96 119 279  44 310 211  67 304  90 396  99 363
   191 144 278  70  76  98 186   2 131 199]
  [  0 284 224 306 180 361  11 140 337   0  69 325  26  47 209 116  31
   359 353 128 237 119 263 360 138 180 329  93 260 106 380  22 281   1
   295 113 226 391 236 272  14 185   2 196 241  75 187 387 254  17 351
   146  52 177 166  47 291 216 134 271 128]
  [  0 404  17  37 285 300  65 380 313 189   0 306  99 263 207 191 397
   148 150 105 157 358  89  18 234 135 268  30 128 207  67  12 398  70
    19  93   5  38 406  84 318 162   7 358 282 274 193  42  33 359  33
    77  92 319  41 281 217 337 249 348  83]
  [  0 102 308  48 199 108 146 291 247 405 209   0  69 256 287 215 253
   277  63 228 125  69 348 219 357  44 353 143 244  52 318 140 214  41
   300 196  79 218 165  49 100 168 305   5 147 293 265 141 173 231 211
   125 145  73  61 380 232 187 114  67 222]
  [  0 303  19 119 381 337 118 302 320  39 262 188   0  61 208 340 400
   168  78 143 110  41  10 306 303 374 142  86 371  37 204 302  10 177
   252  42  24  70  60 190 115  39 295  86 250 288 262 249 144 212  73
   387 178 115  98  12 328 159 376 272 385]
  [  0 112 185 290 136  58 109 149 399 287 221 128 204   0 278 125 204
   105 160 376  99 229 223 361 257 299 390  83 292 402  55  21 313 144
   360 292 211 281 269 229 158 335 205 217  80 155 359 361 107 259 363
    77 364 233 188 230 172 382 337 237  31]
  [  0 141 113 205 374  46  28 139  92 227 278  26  83  92   0 111 381
   126 112 329 329 367 384  36 190 229 153 206 250 328 330 147 248 286
   378 181 298  13 404 383 304 169 366   3 185 218 284 203  74 308 228
   230 150  26 307  48 180 326 349 217 297]
  [  0 217 299   3 117 247 278  46 182 137   9  27 344 232 281   0 272
    30  76 129 102 113 180 243 372  64  84  36 114 332 153  72 288 121
   321 365 167  73  52 399 134 346  65 325  96 400  21 339 187 110 400
    63 111  20 362  55 133 320  74 222 388]
  [  0 385 153 323 290 132 394 176 368 157 358  54 289 185  47 259   0
   381  38 251 350   8  48 165  80  51 169 140 266 193 321 143 154 262
    68 287  58 360 348 295  15 138 110  77  86 146 326 141 280  53 287
   239 136 351 342 269 136  95 371 288 346]
  [  0 343 169 195 328 384 360 272 107 311 203 229  22 332 204 341 200
     0 230 114 107  89 368  25 206  79 198 141  42 325 134 291 140 306
   106 320  91 273 216  28  16 281 190 211 398 293 263 132 147 384 329
   364 392 110 383 312 130 376 280 381 125]
  [  0  75 373 253  50 216 274 126 132 360  80  38 320  19   4 364 190
   120   0 191 213 386  94 196 322 384 397 117 259 219 158 349 113  96
   232 295 104 301 300  82 154 292 223 362 183 128 348  45 371 284  71
    15 199 143 335 309 367  64 157 115 298]
  [  0 251  27 353  33 134 389  49 327 280 238 392 153 390 407 377 366
   335 126   0 399 310  93 173 159 266 366 142 294  24 160  56 247 163
   200  85 384 266 245 261 187 125 160 334 255 328 253 322  96 162 236
   355 253 200 393   5 141 322 296  84 366]
  [  0 347 202 224 381 357 283  73  74 127 262 376 371 268  17 273 301
   363  30 295   0 334 344 245 223 145 194  36  79 187 287  54  41 173
    15 238 308 191 311 172 197  34 310 326 218 274 266 287 383 248 350
   128  35  65 381 258 303 113  85 246 366]
  [  0 270 242 283 397 239 126 151 124 162 374 242 253 369 209  73 396
    69 193 221 284   0 361  50 200 201 309 277  64  80  85  27   4  18
   183 215 274  41 358 219 360 296 111  35 388 212  82  47 119  85 141
   243   0 151 279 256 329 269 188 196 210]
  [  0   8 357 305   1  68 120 368 295 183 153 256 285 388 166  82  73
   300 247 195  51 378   0 399  14 392 393 290 223 250 147 376  11  74
   275  45  67  36  56 278 321  56 119 203 404 140 229 262 161 339 228
   390  88 308 300 362 228   9 358 381 331]
  [  0 379 211 371  56 377 155 206 146 312 212 322 188 100 133  67 209
   124  90 201 132 220 262   0  39 332  15 103 218 327 321  29  23 361
   149 182  61 138 238 105 391 307 267 153 356 133  54 227 366 246  66
    46 134 400 177  97  50 300 259 111   4]
  [  0  70 266 383 300 376 326 337   1 198 203  73  90 304  41 176 405
    89 305 275 238 290 211 269   0 303   6 398 180  86 133 380 177 305
    20 326  53 145  26 194 346 111 323 262 111   3 170  29 155  69 169
   294   5 380 135 316 328 121  24 308 241]
  [  0 100  60  35  73 129 110 343 321 233 102  62 156  22 101 379 149
   386 270 170 222 390 331  83 187   0 272 343 199  15 336 131 369  63
   217 361 384 268 137  57 396 185 255 328 339   7 100 187 350 294 195
   126 177 281 381  92 157 112  88 123 328]
  [  0 202 322  10 338 181   4  28  10  34 258 353 356  98  48 135 144
   151   4 255 105 228 284 198 297 130   0  61  32 154 295  64 342 216
   165 143 133 332  66 306 372 193 289 136 142  79  77  42  86 109 174
   385 160 146 326  65  70 198  61 298 108]
  [  0 291 152 323 192 214 310 391  21 404 244 343  64 199 301  76 261
   173 338 227 258  72 339 221  47 225 359   0 347 149 319 150 244 209
     2 273 132 246 396  65 227   6 221 337 268 206 226 159 199 323 207
    51 239 324 282  89  64 272  25  20 194]
  [  0 341 390 287 142 213 185 176 307  21  77 106 169  97 209 358 284
   185 310  54 272 397 171  18 363 352 376 157   0 250 228  15 381 146
   381  11 368 200 146  93 318 118 254 177 322 116 132 297 403 230 305
   121  61 125 144 190  11 390 181 250 132]
  [  0  89  44 231 234 335  40  37 279 384 249 132  68 384 267 337 323
   130  29  40 337 223 400   1 131  20 315 143 272   0 387 132 308  43
   205  87  98 269  21  51 317 272  59 362 380 110 210 166   8 237 173
   147 210 394 373 184  69  61 101 139 155]
  [  0 281  47   0  66 278 278 246 145 387  93 317 108 333 394  30 349
    87 274 310 352   8 386 270 241 220 352 359 318 217   0 372  82 388
   100 173 363 306 407 109  82 369 344 279 264 389 302 278 349  77 292
   250 252 379 316 319 241 231 226 206 258]
  [  0 383 377 242 115 340  99   9 248 285 209 130 241 329  90 294  75
   211  63 286 398  66  67 331 173  83 371 172 184  13 119   0  32 293
   124   3 317 355 267 133 255 359 111 119 170 276 273 119 221  49 131
   317   4 298  60 105 327 137 365 162  11]
  [  0 321 326 182 271 310 172 256 360 133 192  60 103 146 281 272 138
   335 112 273 202 280   5 212 207 278 319 247 353  28 160 289   0 405
   216  81 137 337 330  78 307  18 114  98 380 388  81 308 307 138 330
   371 316 181 361 254 199 245 247 359  83]
  [  0 160 108 102 109  50 357   5 221  52 249 122 199 387 118 247 312
   207 100 303 308 287 403 164 131  95 323 239  64 254  91  68  41   0
    10 195  10 346 353 116 188  57   5 245 343 285 242 405 363  52 251
    92 122 235 320 278  44 184 270 343 295]
  [  0 162 326  81 369 340  58  29 166 392 235 125 232 337 306 245 359
   283 245  45 393 173 360 279 361  88 192 376 297  76 108  88 154 345
     0  72  76 125 140 214  39 228 402 203 115 127 134 191 143  11 362
   270 264  42 320   6 115 353 139 400 226]
  [  0   3 401  71 302 267 212 207  92 244 343 191  93 314 368 110 151
   303 284  22  20 253  64 270  52 142   7 111  86 369 129 196 257 225
   142   0 302 272  63 256 167 155  89 328 393  77 369 255 206 224  65
   228 100  99 325 218 110  20 390 242 144]
  [  0 239  89 370 186 380 342  17  43 176 157  58 342 101 395  19 220
   241 333 214  87 158 363 345 148 350 163 136 346  55  27  35 122 124
     3   6   0 321 244 358 236  22  19 217 199 339 274 204 231  72  50
   180  22 293 364 407  25 390 354 204 239]
  [  0  96 156  28 381 179 361  48 163 289 207 277  76 219 106 398 110
   387 137 380 289 251 167  14 302  23  62 207 395  75 302 216 100 266
   310 347 232   0 309 246 344  50 108 226 217 230 176 141  49  77 369
   108   4 207 120 128 101  75 113 226 381]
  [  0 263 269 169 241 213 355 281 155 357 314 332 400  43  51 131 317
   327 325   7 333 273 163 351 168  47 109  20 255 184 397 265 240 296
    74  85 319 364   0 307 114 341  40  11 118 123 192 344 375 362 141
   234 169  10 183 255 283  19 369  80  16]
  [  0 145 373 143   3  72 295 172 216 193 197 191 115  33 284 223 351
   305  99 364   4 359 174 177 343  90 282  17 261 296 405 401 347 173
   249 301 161 349 278   0 181 358 407  54 388 114 324 268 404 333  16
   163 102 112 133 379 342   6 378 160 122]
  [  0 350 203 205 242 132  27 141 132 334  72 322 334 198 337 406 151
   245 328 131 110 327  22 326  95 393 272 160  58  71 209 180  99 364
   101 326  94 325 172 109   0 383 315 130 246  95  88 181  95 105 312
   362 237 211 343 207 285 400 379 260 392]
  [  0  39 235 307 251 135 171 306 308  93 210 334 262 154 306  70 173
   307 163 204 237 204 326 307 321 123 168  77 264 210 193 265  58 284
   194 227 162 191 139   7 368   0  86 281   4 396  24  69  36 284 162
   126  15  15 392 317 118 151 325 246  83]
  [  0 355 177 182 307  17 335 152  26 335 405  13 292  92 238 131  33
   266 325 308 136 335 196 277 117 219 226  71  12 269 348 277 331 166
   263 400 134 320 295 187 198 232   0 309 225 305 210  29  69 121 137
   129 197 361  32 399  12 353 373 291  61]
  [  0 276  75  30 403 262  63 390 293 385 380 256 250  52 105 232 360
   392 265 105 249 115 366 205 381 307 317 222 208 342 216 122 149 336
     7 143  15 203   7  19 244 120 256   0 349 267 300  18 191 406  78
   340  73   2  49 245 398 337 254 247 313]
  [  0 386 292  22 274 100 237   3 349 196 207 197 103 323 314 130 324
   167  71 404 273  77 358 176 212 342  97 381 406 116 210  43  11 377
   218 367  47 121 126 249 171 346 299 203   0 221 172  93  58  30 332
    17 330  44 390  63 229 203 311 302 332]
  [  0 330 215 392 352 169 235 121 393 103 371 372  42 133 295  79 322
   383 282 147 320 225 136 393 219 316 272  47 305 186 139 263  82  47
   150 119  71 161 330  29  24 270 164 338 400   0  95 331 191 229 327
     6 364 241 401 275 145 266 333 241 143]
  [  0 271 116 376 276 249 168 277 141 283  13 189 256 333 108 352 383
   352 343 306  79 116 127  56 246  64  88 349  83 300 268 389 157 250
   296  23 324 103 231 341 235   5 234 354  23 407   0  89 112 335 401
   103 353 267 129 255 338 316 397  73 243]
  [  0 376 221 184 211 385 401 239 220 371  53  18 375 131  93 196  68
    43 209 344 382 265 215  84 123 162 194 131 390 305 341  41 142 177
   116 299 358 179 356 157  38 211 195 348 338 355 326   0 392 145 105
   148 237  93 144 266  88  10  28  56 189]
  [  0 163 402 388 128 291 163 221 266 333   7 353 371 164  43  48 167
   227 293 358 225 230 164  51 325 111  80   8 125 288  16  11  14 124
   210 183 177 289   7  81 391 111  18  34 345 253  75 293   0 407 403
   168  25  59  76 398  23 332 136 247 373]
  [  0 200 218 347 165 331 239 255  75 115 147 212 341  96 359 107 245
   193  83 200 379 260 354 262   1  65 346 164 276 268  12 124 270   1
    37  38 186 166 204  70 203 215 187 387  11 116 212 176 168   0 388
   176 198 188 206  28 266 332 271 130 104]
  [  0 199 127 118  58  53 135 157 277 173 291  81 303  70 105  28 362
    66 224  55  31 361 232 392 210 332   9 251 160 367 232  18  13 399
   214 231  33 266 256  68 224 339  84 106 215 359 118 237 248 174   0
   368 242 128  68 153  65  49 126 107 236]
  [  0 297  35 232 197 173 109  53 290  46 236 306 217 185  29 129 194
   155  56 261  85 164 402  94  60  62 331 338 270 144 227 297 333 284
   309  79 285  59 204 353  19 126  17  46 135 251 341  12  29  43 318
     0 406 217 396   9 250 158 339 110 151]
  [  0 192 391 227 311  51 145  96 136 270 278 366 221 201 148  64  95
   159 168 153 161 204 302 359 109 261 104  88 382  41  40 363 126 291
   242   9 276 180 384 301 292 352 174 272 389 227  13  24 235 104 114
   228   0 284 225  12 211 136  93  45 379]
  [  0 250 329 122 265 322 181  13 170  40   1 379 239 279 100 136 189
    77 375 233  73 154 403  74 227   2 334 179 380  14   8 315  67 405
   195  69 361 374 284 131 118 219 118 273 324 239 399 238  67   2  58
   154   7   0 166 169  38  69 137  32  20]
  [  0 241 282  98 229 201 338  61 405 189 287 273 132 144 155 243 307
   300  59 163 156 131  93  43 396 102 381  18 296  46 295 226  85 370
   296 263 344 109 314  50  11 187 317  98  22 242  75 102 130  23 289
   113 385 308   0 328 267 285 299 123 392]
  [  0 238 157 318 344 173 112 407 310 245 178 230 204  83 175 164 248
    23 120  61 342 170 188 166  69 244 337 309 301 327  60  46 233 117
   222 351 325 236 128 160  54 397 262 155  23 144 355 110 273  81 115
   168 179 195 323   0  29  72 103  13  94]
  [  0 213 116 100 159  57  50 116 165 390  69 211 317 301 344 317 206
   222 234 370  84 118 317 199  18 310 300 160 184 249  33   3   0 180
    90  97 218 181 136 182 368 174  50 400 159  70  69 219 290 400  56
   333  30 171 395 271   0 308  44  40 253]
  [  0 149 308 302 317  66 163  59 407 293  98 257 280  54 313  54 152
    49 236 137 399 112 109  84 258 335 261 118 309 253  42  24  94 103
   241 115 403 342 265 345  87 254 389  96  50  99  56 346 381 268 247
   342   5 382 358 250  77   0  78 289 325]
  [  0  30 407 316 395 191 349 323 288  85 286 192 255 244  67 368 388
    27 227  37 405 153 310 287 159 226 386 222 190   0 300  98 108 384
    23 371 101 187 123 340 169  78 334 318 257 130 367  25 160  84 156
    29 366 347 388  14 202  68   0 124 303]
  [  0 243  90 374 317 112 203 111 276 370 290 193 196 110 290 327 129
   183 355  29 237 182 263 247 159 337  32 212 124  75  51  81 171  39
    10 228  52 178  62  48 222 354  40 345  38 286  54 288 177 343  82
   134  67  33 185 383 295  20 402   0 217]
  [  0 172 318 166  13 199 364 183 203 369 103 234 121 122 297 260 122
   202 204 115  57 170 353 188 391 335 199  36 141 380  53 196  67 312
   258  30 325 167 108  23  41 197  29 336 401 173 354 357  67   7  87
   291 265  86  48 348  53 128  31 223   0]]

 [[  0  43 181 166  60  65  39 332 229 122 406 327 280 326 366 303 319
   126  59 344  23 322 370 106 233 329 126 126 285 112 198 245 333  84
   286 213 291 122 163 201 152 259 146 130 173  37 395 216  14 201 210
   349  56 253  96 353 109 288 295 265 176]
  [  0   0 343 269 346 234  21  35 398  23   1 152  37  70 186  64 212
   350 274  22 201 398 213  70 286 184 186 280   9 382 382 219   8 147
   319  38 392 311  76  76  78  81 288  48 121 290 284 182 181 234 318
   144 110 403 202  18   0 163  17 308 208]
  [  0 336   0 367  43  77  85  47 291 316  67  34 191 107 217  86  37
    98 325 198  86 185 190 108   9 120 284  66 124  81 380 188 311 156
    59 256  91 148 306 104  69  26  21  50 229  21 240 324 161 141 180
    93 292  40 135  15 361 248  26  32 300]
  [  0 393 118   0 148  37 114 298   9 378  15 103 295 306  51 387 124
   125 123 323 371 281 386 133 129 167  15 116 167 401  35 289 322 209
    26 379 349 245 294 188 227 283 152  26 108 345 397 246 314 152 338
   257 221 143 235 259 102 250 174 297  53]
  [  0  21 387 220   0 145 247 241 116 350 246 287 157 255 192 178 128
   390  13 404 101 153 176 380  66 213 134  43 393 159 379 382 351 139
   157 122 244 124 259  77 340 338 268 190 348  61 318 253 100  58  49
    44 131 347 118  79 114 257  22 193 406]
  [  0  13 289 163 248   0  68 217 110 200  95  26 260 163 108  15 392
   263 115 104 168 180 357 152 286 330 291 156 338   0 133 274 396 271
   277 400 356 158 353  72 229  44  25 134 140 318  35 147 138  18 221
   145  61 137 389 248 248  94  17  87 338]
  [  0 345 322 106 167  71   0 283 223 105 399 339 290 405  43 309 122
   171 209 205  43 339 332 135  80 327 277 212  57 397  81 341 270 357
   239  94  64  67 314  51 311 215  36 308 205 252 321   9 344 190  17
   208 138 240 242 145  60 138 157 280 396]
  [  0 286 287 393 229  51 376   0 185 117 394 150 107  15  66 169 385
    44  46 311 261 110 262 255 392 100 360  30  97 147 262  93 185 124
    96 159  98 135 296  53  60 390 331 399  81 347 161 177 273 334  45
   287 308  22  98 222  30  87 399 405 400]
  [  0  51 195 140  31  25 332   2   0 169  99 228  11 168   4  99 171
   317 323  12 168 339 196  75 363 239 186 160 265  20 322  56  23  56
   117 370 248 349 201  17 197  92 116 201  45 346  59 198 102 119  22
    40 169  74 189  15 148 273 300 134 174]
  [  0 222 281 164 115 396 163 159  61   0 395 209 115 123 357   9 137
   297 264 244 239 153  87 243 119  20 168  28 121 231 251 303 135  32
   395 390 200 205  39 336  43 111 218 295 306 207 139 295 321 319 219
    29 392 271  40 217 247  58 245 321 161]
  [  0 138 393  40  35 351 203  50 390 240   0 264 390 214  74 213 130
   325 136 173  66 383 124 279 321 164 342  56 255 386 255 226 163 369
   170 314 272 217 137 375  35  45 279 153 113 382 188 290 137 206  92
   360 195 326 299  68 381 188 243 109   4]
  [  0 254 355 132 319  11 318  10 384 310 209   0  20 223  27  40 314
   196 104 306 240 389 239 277  29 383 166 355  58 370 249  21  19   1
   157 278 271 159 308 238  57  85 164 196  79  47  13 391 348 284 164
     8 129 101 105 305  48 190 320 231 293]
  [  0 380 307  10 393 200 208 200 110 125 219 323   0  99  78 140 318
   346 329 349  87 314 345 314  39 110  29 388  97 237 292 350  53  69
    93  35 406  29 305 237  31 135  97 266 106 163  98 391 370  23 281
   162  76 240 221 225 129 221 203 155 357]
  [  0  77 300 392 164 203  21 188 279 144 127 238 194   0  11 190  81
   347  59 307 157  45 213 103   6  51 144 369 245   5 189 281 405   5
   231  87 386  91  73 106 404 137 296 300 195 405 349 129 177  15  64
   199 105 160   9  36 180 168  33 135 285]
  [  0   6  59  65 400 370 237  69 335 154 198 270 171 101   0 122 185
   329 196 169  45 197 227 391 144  93 343 369 394 102  56 115 160 359
   253 266  70 234 315 286 313 116  95  53 126 151 379 189 318 188  70
   272 301 312  78 361  11 344 234  21 314]
  [  0 126 403 308 279  91  42 114 213 326 272 176  22  96 401   0 337
   239  11   6 132  99 152  25 295 331 229  18 351 319 148 352 232 351
    82 147 184 261 152 205  28 366 174 166 282  13 324 255 118 202   7
   365 158 312  37 132 238 203 367  23 189]
  [  0 119 336  67  57 211 216  55   9 251 243  93 157 195 292 342   0
   272 130 380 169 354 276 101  82 233 263 191 282 302 279 368 252 307
   385  78 150 167 324  90 339 174 380 220  93 390  67 208 323 219  28
   112 187 122  22 361 168 375 333 245 225]
  [  0 199 135 393 208 255 292 201  54 292 376 307 121 259 210 217  98
     0 116 240 214 305 266 351 163  31 165 104 136 287 202 185 286 196
   229  38 235   7  43 400 159 243 143 304 237 210 346 171 190 177 296
   109 344  98  96  84 290 259 277 103 404]
  [  0 399 246 187 369 308 374 286 344 333  12  40  75 158 273 170 165
    85   0 102 265 260  88 169  29 105  72 390 354  15 295 305 382 370
   272   5 194  31  78  60 243 184 285   5 119 302 127 287 237 221 132
   222 293 307 193 270   1  95 219 162 332]
  [  0 261 356 389 251 266 167 108 336 404  16 319 183  88 362 245 271
   180 260   0 133 220  15 233  81 399 261   0 311 188  93  35 338  17
   208 359  69 109 157 224  15  98 369 230  89 269  38 126 230 212 366
   363 203 265   8  30 371  56 352 366 331]
  [  0 184  35 305 173 134 193  91 318 345 331 315  45 290 183  37  94
   400  93 214   0 222 366 362 373  35 111  82 323 375 284 135 261 129
    68 198 350 306  46 259 161 273 336 106 197 266 327  60 190 124 276
   279 318 402 302  71  31 180  82 113 375]
  [  0 351 186 298 225  74 254 184   7   4 136 301  56  34 208 251 267
   323 332 401 366   0 297 369 114 314 115 167 402  61 123 119 179 378
    15 265   7 284 193  46 106 266 104 387 282  68 378 168 341 114  91
   229  98  12 302 320 224 110  86  95 176]
  [  0 344 316 134  69 254 206 315 332 253 192 210 110 254 158 296 121
   294 231 242  33 240   0 372  37 257  15  77 280 356 223 183 174 260
   236 206 167 397 250 184 233  43 290 375 136  57 324 228 225 375 123
   113 286 202 184   6 168 321  86   0 390]
  [  0 261  17 193 149 363 243 192   3 365  95 398 326 107  49 334 182
   126 303 339   8 220 284   0  37  65 203 150 379  58  14   0 174 366
   403 362 236 367 277 198 118  36  16  16 103 243 277 168 175 276 329
   385 174 336 184 406  92 376 362 185  66]
  [  0 343 219 173 188 188 396   9 297 124 274 154  75 274 343 307 125
   257  41 226  81 194 309 361   0 326 334 320 362 118  25 350 341  90
    68 188 215 250 274 289 342 314 216 163 314 260 397  31  76 279  74
   282 301  27 302 115  72  72 380 326  15]
  [  0 160 214 129  10 104 148  79 181 207 333 384 245 161 121 244  39
    70 240  21  80  48 152 231 272   0 262 296  82  72  91 302 249 166
   400  62  27 248 259 298 190 182 403 280   1 326  23 122  94  92 330
   377 273  14 278 101 164 352 287  37  81]
  [  0  12 267 110 375 358 124 157 179  44 172 220 107 115 297 253 248
   350 291  16 210 345 116 195 264 212   0 343 354  43 113 315 227 317
   407 327 320  44 249 153 231 223  40  84 293 305 124  65  31 343 261
    77 301 402 365 127 213 382 186 289  76]
  [  0  35 133 183 251  13 366 309  26  17 276 243 186 112  41  94 271
    40  71 266 212   3 184 297  42 286   8   0 305 323 363 223 238 232
   108 205 335  96  68 142 296 247 283 284 147 181 316 161 350 314  69
   240 155  95 348 267 255  19 256  35 217]
  [  0 127 155  75 392 259 219 270 171 130  83 148 285  34 275 276 274
   234 275 212 288 293  74 133 392 345 223 394   0  64  44 302 291 312
    32  89 115 162 269 172 142 217 200 105 124 403 108 210  95  55  54
   272 201  11 387   6  91 277  43 403 264]
  [  0 333 164  70 301 164 365 290 227 249 191 181 254 279 367  22 309
   243 104 106 173 176  93 179 134 356  83 264 217   0  79 275 141 142
   100 400 294 192 237 382 346  17 402 154 360 100 396 276  81 142 295
   317 209 224  41 189 362  22 171 249 297]
  [  0 167 284 207 178 210 221 218 233  94 348 325 311 231  42 235 386
    83 286 165 400 282 405  30 316 209  20 333 341  42   0 129 404 259
   340 198 124 226 189 348 158 145 394 381 164  67 291 261 177 266 350
   111 177 360 248  81 150 229 115  28 235]
  [  0 214 193 154 364 127 270 142  80  59  12 296 261 357  60 331 166
   344 173 406 312 200 379 245 151 287 193 194 291   8 265   0  18 211
    42 118 254 213 232 151 308  22  80 327 262 134 355  78 334 253 323
   386 116 216 379 228 366 192 264  31  56]
  [  0 211  51 151 177  41 302 100 378  68 125 271  17 121 186 281   8
   115  49 374  26 156 199 139 288 314 279 351  59 405 296 301   0 278
    63 389 339 118 195 407 193 213 339  60 384 328 190  57 138 255 182
   144  62 280  19 266  73 339 374 222 165]
  [  0 229 340 264 381  67 290 282  74 334 405 278 131 187 319 184 246
   405 159 159 274  14  65 207 357 327 199 238  12 233  55 107  23   0
   379 365  55 346 237 305 392 362 159 292  18 347 324 311 225  38 148
    64   4  35  51 359 122  17 244 149 352]
  [  0   0 110 116 287 243 146 210 331 189  45 317 258 231 113 404 291
    11 199 278 344 106 286 226 166 348 395 237  20  26  60 377  96  46
     0  15 160 309 131 288 283 302 375 183 307 359   6 276  98  52 124
   329 152 218   5 157 233 262  64 279   6]
  [  0 353 202  84 129  71 230 219  50 114 179 325 208 204 394 274 121
   405 218 183  91  41 126 232 270  94 174  98 387  41 138  27 366  28
   396   0 340 275 399 257 288 204 300  27 145 110  74  79 146 351   7
    41 391 100 401 284 323 396 213 225 115]
  [  0  65 357 179 391 124   6 346 121 259 246  96 245  37 140  95 140
    37 305 245  31 138 343  41 345 160 285 243 402  86 246 370 170 128
   407 109   0 282 133 249 277 317 151 304 382 219 234 233 361 155 219
   333 302   7 109 327  82 259 161 160  81]
  [  0 115  77 240 199 353 207 189 207 406 331 105 255 159 155 263 348
     5 245  66 173 128  49 400  10 370 402 357 130  13 379 373 277 154
   331 186 127   0 129 145 242   5 310  57  61 145 364 210  70  54 262
   227  42 173 121 283 211  92 402 235 407]
  [  0 291 194 332 289 243  73 223 141 232 247  38 242 193 390 224  38
    38 335 129 139 181 379  32  13 105   0 220 265 327 387  73 249 301
   366  20 321  88   0 220 115 242 229  11 406  50 249 102  47 314 117
   161 169 223 233 154  35 202 149  59 216]
  [  0 353 320  22 284 405 267 200  15 357 259 135   1 283 203  20 245
    73 192 207  39 347 389 361 181 182 170 228 383  82  28 396  99 121
   336 389  92 198 258   0 165 160  37 131 151 347 332  53 125  29  14
   294 365 129   1 366 119  43 226 177 253]
  [  0 114  48  88 218 148  91 311 382  18  72  94 215  32 187  55 241
   172 295 217 131 122   1 240 325 140 279 168 114 370  72 103 124 135
   288 403 359  43 368 108   0  92 104  90 393 131 135 207  37 382 142
    48  83 196 310  52 120 160 203  31 371]
  [  0 202 150  89 196  77 378 299 267  91 184 108 113 308 104 316  34
   273 209 324 144 362 367 299 237   0  84  55  20 370  62 294 230 184
   274 189 234 114  97  48  61   0 100 351 325 227 237 179 392 289  43
   373   7 266 295 297 328 347 330  18 402]
  [  0 302 109 348 309 297  43 338 243  32 351 402 232  52 148 170 296
   226  74 276 300 276  28 118 121  47  32 380 244 306  42  15 143 400
   238 311 390 279 209 342 361  46   0 154 395 172 190 243 125 204 191
    17 197 249 368 308 369 322  10  23 333]
  [  0 222 285  17 346 210 174  89  29 173 270  43 333 287 247 217 331
   205 321  73  10 367 147 144 366 225 370 168  61 277 152 237 348 319
   197 350 239 381 129 373  25  80 395   0  88 403 258 131 394 187 215
   241 232 364 396 291 314 384 270 259  51]
  [  0 206  38 375 223 228  63 322 206 196 290 383  33  32 262 167 198
    55 130 264 241 382 146 190 113 126 348  57 192 341 406  40 210   0
    69  17 109 178 138 114 341 234 392  39   0  10  30  28  15  49 343
     0  59 142 102 193  58 346 315 394  95]
  [  0 233  11 368 210 101 110  46 104   7  17 139  55 196 311 265  59
    68  87  21 233 216 187  10 227 207 292  74 145  21 397 268 332 382
   355 310 302  81 212 385 297 161 357 116 312   0 371 294 101 399  67
   385  74 121  97 171 399 152 228  90  93]
  [  0 372 284  97 326 377 369 364 398 376 102 343 165 230 289 255 303
   115 346 163 139  38  92 237 139  37  81  38 348 402 323 361  46 289
   353  51 390 286 214 249 176  44 317 194  59 203   0  51 234 172  45
   104 264 164 297 141  75  40 380 244 274]
  [  0 406  87 122  67 363 295 150  86 244 132 356 119 361 389 154 128
   307 144 270 105 226 167 283  50  63 122 226 295 241 158  71  71 347
   262 263  98 353  47   8  80 171  52 113 314 229 264   0 375 229 151
   221  71 331 288 162 347  12 282 358 324]
  [  0  95 166 129 277  44 107  82 269 217 153 400 329  13 256 371 272
   269 265  71 151  69  17  53 388 156 336 403 352 240 229 125 388 341
   336 247  82 125  94 245 212 272 205   2 237  96  36 399   0 406 404
   296 195 308 370 196 364 244 367  20  47]
  [  0 331 186 321 212 405 102 366   8 359 151 280 393 335  32 285 271
   352 132 328 181 247 241 216 404 373 352 132 348 363 317 325 362  91
   334  49  60 267 320 395 235 168  65 243 354 210 250 369  90   0 236
    87 201 372  30 395  71  61  35 121 240]
  [  0 155 117 382 123  82  61  30 138 374 302  47 162  23 334 149 349
    79 266  16 228  99 233 242 132 315  90 191 190 106 288 290 253 358
   214 145  81  46 151 240 143  89 321 204 235  60 265 182 146 322   0
   259 304 118 167 128 330 263 291 168 296]
  [  0 352   8 144 350 152 277 224 186  10 344   4 291   0 316   6 278
    27  98  44 254  58 238 126 252 128 320 126 274 401 123 309  92 179
   307 325 124 340  16 169 285 215   4 152  30  77 262 371 236 261 406
     0  80 201 264  78 250 205 284 324 271]
  [  0 203 217 365 288  15  24  72 383  50 348  13 115 179  51 294  14
   255 343  33 378 357 364 110  73 152 258 364  24 193  18  47  70  64
   205 172 393  76  38 255 315 167 333 407  46 210 221 225 262 365 332
    10   0  19  62  56 354  84  16 161 270]
  [  0 374 136 310  92 265 154 275 113 213 171 267 310  90 261  42  69
    52  11 169  12 122 342 134 375 383  34 385 363  42 367 129 123 279
    87 137 205 253 199 234 284   1 358 214  50 150 162 370 195 248  79
   203 371   0 377  81 320 367  20 355 320]
  [  0 251  13 210 386  76  35   4 125 153  81 388 287 325  25 136 234
    74 403 182 190 174 390  74 137  69  15  53   5 221 110 320 250 274
   340  17 185  24 317 162 307  15 379  10 234 310  92 255 148 298 202
   358 210 399   0  51 318 336 107 407 254]
  [  0 176 104 202 392 215  89 156 168 230  47 218  98 300 175 145 199
   244  15  14 274  18 121 192 383 106  59 138 114  95 221 172 122  18
   167  32 154  71  53 248 103 396 248 122 150 218 381 320 291  18 313
   206 292 392  46   0 117 237 233 233  12]
  [  0 363  60 208 102 148 314  81 153 312 366 401  81 104 350 251  88
   370 305 197 197 168 155 248 253  56  98 401  83 321 106 252 235  95
    69  61 191 316 367 246  18 139 276  67 117  74 141 198  78 208   4
   377 304 185 120 112   0 136  69 257 269]
  [  0 214 283 172  17 188 301 346 125  62  79 324  68 376 266 387 180
   282   3 289 127 137  77 234 198 232 230  59 346 160 206 372 204 232
   322 151 197 260 147 189 236 183  98 397 292 255  19  48 130  42 379
   131 294 293 132 254 329   0  21 133 368]
  [  0 205 193 253 301   0 147 194 359 379 378 190 150  21 329 251 242
   288  24 136 271 239 159 215 260 246 402  94 162 376 208 231 344 137
    61 336 366 383 272  10 309 125 264 254 370 308 253 237 330 353 184
     1 207 273  51 146 156 106   0 106 367]
  [  0 192 384 377   4 139  93  76 197 310 220 293 174 143 218 368 155
   306 339 331  28 343 338  82 166  19 298 112 183 171 289 194 169  85
   125  42  45   6  75 133  69  20 406 352 190 126 401  60 140  22 338
   196 256 226   2 312 148 126  24   0 285]
  [  0  52 189 271 118  83 306  93 317 184 193 261  73 224 293 201 145
   226   0 365  97  99 260 120 357  56 175 138  44 292 120 174 314 330
   180 249 306 143 401 142 209  82 192 194 105 251 106 196 239  38 113
   123 401 125 188 111 214 339 323  98   0]]

 [[  0 154 371  60 239  14 194 106  91 362  15  40 258 243  58  89 291
   243  27  12 348 365  68 253  10 277 100 387 210 400 320  98 152 170
    58  32 175  44 278 367 196 209 291 137 345 205 220  82 137 368 157
   116 219 262  92 259 297 126 286 229 304]
  [  0   0 170  95 321 247  90 311  33 179 275 297  46  50  25 134 160
    97  93 305 119 296  96 235 336  50 397  18 171 130  75 353 172 172
   260 150   0 338 126  76 212 220 183 107  67  72  31 152 345 385 273
   253 210  37   3  54  53 322  39 344 188]
  [  0 173   0 201 324  21 377 332 335 123 136 103 262 336 258 107 148
   407  65 271 337 246 294 315 328 170 370   9  57 233 266  37 398 243
   115 218 254 172 385 219  93 262 340 170 127 103 362 247 135 314 109
   377  56 306 138 297 135 249 115 300 219]
  [  0 323 347   0 179  42  75 193 307 388 276  30 400 273 369 164 252
   246 254 364 103 203 126 361 224  52 100 398 231  93  68 336 303  64
   366  48  81 357 345 325 381 317  77  61 136 265 199 173 118 346  84
   356  34 245 199  28  22 119 105 307 170]
  [  0 396 131 337   0 110 151  74  32  19 355 337 193  47 326  65  95
   151 124  46 300 113 103   6 259  78 300  67 210 207  10  90 314  50
   364 249 403 123 389 137 179 137 341 282 252 169 233 311  62  54 211
   385 302 300 249  51 391 142  94  24 197]
  [  0 312 176 287  45   0 375 243 369 375 395 145 173  24 108 215 283
   266 134 241 283 215 302  52  60  49 291 257  12  72  24 285 397 155
   246 131 243 181 370 351 320 389 232 100 288 391 311 210  98   2  43
   237  56 155 369 214 312 125 227 208 387]
  [  0 218 216 235 274 318   0 342 331  31 363 329 298   0 399  31 313
   347  61 344 394 313 192 348 360 362   6 267 148 395 181 303  42 174
    53  73  92 210 370 197 374 333 403 318 226  55 116 378 263 214 347
   258  18 245  15  60 388 259 339 213 248]
  [  0 189 183 233 110 389 298   0 161 262 330   4  49 108  82 300 201
    97  81 261 282 217  66  36 392 232 189 347 185 388  75 211  63 187
   398 147 186 261 300 291 223  46 279 132 183 307  81 247 340 302 263
   298 107 212 382  15 150 335 298 265 145]
  [  0  77 322 341 176 179  71 300   0 113 116   8 303  86  90 191  18
   316  31  14  60 395  32 392 213 141 349  18 362  29  79  18 354  19
    11 304 134 259 220 209 297  93 161 160 113 297 115  20 311 237  60
   387 375 281 206 389 111 189 116 390 339]
  [  0  42 113 381 130 231  30 192  42   0  49 297 202 169  21  78 407
   324  38  29 213 288 233 265 282 165 311  88 272  20 234 319 142 257
   110 138 369  44 197 241 222 350 336 113 265 231 240  28 395  62 148
   244  36 323 101  84 163 190 213 258 318]
  [  0 231  10 263  70 169 173 134  77  96   0 119 158  96 304 163 267
    98 109 264  21 270 366 277 291 189 356 101 213 320   8 378 176 152
    70 296 310  64 270 168 187 154 115  10 202 171  35 154 242 204  35
   216 380 156 197  37 403 140 203 305 262]
  [  0 207 126 399  97  55 266 202 343 215  79   0 294 339 406 171 103
   344   4 346 170  99  71 184  84  96 397 233 400 142 278 195 368 215
    93 120 325 267  40  56 128 325  23 277 335 381   5   5 250 134 310
   211 399 194 177 184  96 240 399 187  98]
  [  0  99 194 158  49  32  69 314  66  59 249 140   0  59 201 312 179
   221 238 262 252  30 259 129 301 306  23  79  69  81 318  25  30 249
   302 102 343  39  61 180  97 346 216 294 271 335 254   5  24 137  73
   383  49 280 292 112 369 318  93 336 290]
  [  0 128 380 169 299 261  52 335 328 383 172  39 123   0 161 296 212
   244 268 316 359  84 191   0 331 255  45 251  56  84 112 170  51  93
   283 174 209 238 360 250 176 190 300 152 147 372 243 328 398 145  86
   211 104 223 198 395 355 252 363 403 171]
  [  0 256 339  97 222  79 124 309 382 117 188 303 181  69   0  44 232
   198 310 144 335 335 257 337 354 299 104 386  88 224 223 296 269 276
   332 246 274   6 363  50 237 160 335  45 122 255 335 172 195 136  84
   150  73 394 351 236  59 333  64  98 368]
  [  0 322 286 195  75 373 169  72 304 253  48  69  48 111  81   0 144
   340 281 122 331  34 204 278 405 174 360 339 283  12  80 287   7 136
   172 108 194 312 178  77 257  80 246 151 335 137 224 131  75 184 220
   326 247 194 172 392 386 123  56  75 377]
  [  0  58 189 162  96  62 171  92 135 203 325 189 215 184  10  97   0
   368   2 337 230 384 226 221   5 359  61 279 387 299   7 282 184 391
   250 325 307 276 309  54 379 340 365 283 257 407  68 260  53  91 114
   144 199  71 401 228 113 330 133  43 263]
  [  0 175 377  70 277 372 311 328 227 194 326  17 289  17 327  67 121
     0 107 215  13 152 203 135 374 336 343  35 136 105 212  55 227 194
   225 190 140 398  80 161 113 270 243 196  39 175 320 246  63 292 140
   139 312 252 297 174 395 194 305 164 209]
  [  0 146 319 279 200 396 339 375 257 182 307 211 169 368 165 114 346
    52   0 132  57 149  41  44  32  38 298 101 134 136  59 323 392 186
   336  15 127 405 283  33 242  77  27  52 293 196 360 315 230 387 348
    87 218  35 115 336 153  48 123 292  60]
  [  0 177  55 156 257 271 252 228 166 232 280 396 369 333 249  89 207
   154 240   0 210 234 149 405  71 374 333  50  98 234 127  75 203 250
   376 158 178 363 129 370 132 100 365 148 209 370  53 204 280 201 407
   395 143 186 148  98 229 275 339 154 197]
  [  0 133 205 392 274 201 227 103 376 145   7 289 130 286  14 345 100
    10 329 180   0 274 133  38  80 407 113 239 121 319 370 262 328 160
   193 100 368 387 240 176 105 271 233 241 377 262 179  97 118 222 327
   280 334  28 400  31 172  65 184 240  33]
  [  0 244 147  91 318 265  84 233 382  67 256 407 353 127 315 112  47
   383 120 187  70   0 393 281 295 236 214 384 356 389 210  19 233 268
   217 398 230 331 382 299 206  83 257  39 332 130 234 289  54 175 353
    55 187 337  88 314  92 311 330 250 106]
  [  0 194 200 227 367 148  49 311 346 216   7 356 313 216 107  22 181
   375  62  83  70 394   0 332 115  13 232 142 249  56 276 265 213  45
   206 331 134 295 235 279  47 207 345 198  38 199 371 104 332 247 283
   208 373 106 347 106  34  81 289 369 127]
  [  0 334  48  20 215 143 149 244  74 268 208 355 324 149 306 317 162
   263 367 101 308 278  79   0 390 172 357 135 113 298 184 324 229 198
   291  88 269  96   1 272 216 149 207  28 363  50 271 122 113 316 115
   102 196 152 319 297 312 320 348  27 232]
  [  0 236 128 208  92 333 287  34  33 356 130 369 131 152  83 227 137
   226 150 262 368 195 372 118   0 213 117 287 213 141 103 387 217 248
   364 395 365 195 267 168 235 173 383 213 172 314 160 121  97 158 267
   387  74   5 162 330 374 374 370 402 254]
  [  0 329 183 162 223 304 314  52 180  78 148 101 303 316 351 148  32
   351 200 181 269 355 120 244  73   0 304 258 297 313 220 379  87  41
   156  59 174 333  24 180 323 372 232  75  49 307  99 384 380 385 277
   259 273  55 314 398 198  62  66 170 140]
  [  0 140 382 102 386 174  37 150 136   4 114 380 179 138 211 317  75
    60 305 334  39  50 341 199 378  75   0 159 223 219  22 132  19 236
   277 132 246 385  44 393 135 348 283 207  89 151 236 330 208 328  78
   233 347 261 322 221  64  51  52  43   6]
  [  0 196 122  60 337 292 131 185 197 172 177  53 207 169 336 316 105
   222  22 366 403 309 311  91 280 245 112   0 201 252  37 339  62  83
     2 352  79 288 367 267 267 277 311 189 351  82  72 271 141 324 125
   182 148  95  55 241 280   0 358  35 339]
  [  0 237 274  35 281  98 205 163 258 167  77  44 110 265 302 352 218
   346 180 140 396 262 172 259 153  24 329 104   0  63 155 397 334 233
    85  45 288 258 111 380 108 196 119 326 305 183 404 249 278 344 318
   322  53  28  35 256 268  58 220 146  27]
  [  0 319 329 175 177 364  84  20  22  35 271 248 147 137 293  82 248
   171 119 204 213  88 167 135  88  71 165   9 190   0 185  65  96 326
   251 217  37 135  45 203 292  92 100 378 407 372  55 180  61 138  47
    42 229 346 371 108 144 407  70 324 237]
  [  0 308 362 305  32 335 329  59 393  44  94  60 366  58  77 332 253
   122 374 379 287 230  37 275 122 172  38  80 217 260   0  50  73 116
    55 290 220 257  41  37  96 218 189 273 117 154 256  16 128 288 126
   367 296 234 388  28 199  85  94 335 241]
  [  0 356  60 298 375 224 144 155 313  21  82 179 126 142 397  12 277
   292 192   7 277 353 403  67 149 255 323  79  82 233  70   0 381 375
   163  62  18 389  39 170  86 388 245 221 388 297 343   2 210 350  56
    20  85  12 134 121 282 196  71 220 213]
  [  0  93 199  70 309 389  89 198 330 374  93  72 222 230 290   8  82
     6 201 215  33 210 104 247 396 291 300 380 196 132  61  65   0 280
   373 188 186  26 389 195  79 105 156   7 287  67 161  59 341 154 406
   344 274 134  50 305 244  89  64 241 109]
  [  0 239 222 338 109 250 196 247  84  63 155 118 134  23 172 339 286
    83 186  96  85 332 297 298 286  40 216  10 120  35 218 348 228   0
   169 183 165 134 192 140 174 268 221 103 189 348  51 362  16 136  63
    23 200 165  23 341  21 118 136  63 147]
  [  0 280 190 138 103 323 322 352  33 358 192  62 406 208 114  29 133
   171 146 157 348 383 129 302 129 171 285  90 260 132 394  71 237  26
     0   0 396 406 406 104 111  73 189 403   5  70 397 152 184  20 100
   390  74 287 361 376 157 110 385 354   1]
  [  0 332 303 274 241  61  92 193  30 171  74 225 167  76 167  99 264
    66 168 398 179  91  61 288 373 261  97 184 376 138 228 107 399 315
   298   0  74  95  66  61 214 283 187  64 265 308 105  96 178  29 142
    67 336 276 112  58 115  98 384 149 134]
  [  0  61 285 305 169 133  50 390 324  47   0 144 324 260  84 183 102
   371 108 393  12 362 182 276 386 204 215 167 364 123 165  23  44  26
   168 258   0 238  77 357 325 107 364 386 255  92 149 191 287 247  34
    86 188 403 334 307 144  90 324 122  22]
  [  0  21 128 259  25  12  30  98 165 152 341  41 365 340  65 355 263
   377 175 251  90   2  20 273 108 332 280 375   2 272  56 321 189 330
   368 391 345   0 163 111 406 351 246 132 226 286  75 142 294 114 153
   359 357  66 326 360 312 145  79 364 234]
  [  0 117 404 275 397 381 155 240  70 213 336 302 265 124 366 280  41
   100 299 322 136 227 217 274 308 153 128  78 374 140  75 161 218 200
    18 192 303 399   0 212 116  24  97 176 355 250 165  66 280 170 294
   369 317 347 403  15 404 364 289 114 378]
  [  0 333  44 384 149 304  45 290  49 245 176 315 324 154 287 169  75
   304 108 227 168 196 393 334 363 345 168 122  89 164 182 238 115 133
   231 116 220 219  58   0 239  36 387 187   5  76 271  83 396   6 406
   232 344  28 255 214 246 205 155 165 172]
  [  0 199 395 342 199 407  73 205 407 303  68 318  25 103 382 381 282
   369 110 115 322 191 371  73 203 209  64 318 337 142 348 331 179  18
   136 197   5 323 383 149   0  87 139  97 345 266 139 249 386 260 118
    85 268 245 134 232 382 249 218  90 233]
  [  0  49 253   7 199 135 341 294   0 102 371 136   1   8 113 137 323
   117 319   2 186  95 134 101 299  51 115 316 287  90 137 141 263 370
   209 301 154  18 118  48 168   0 306 299 184 239 184 392 207 267 156
   167 200  80 313 280 315  45  69 378 118]
  [  0 297 130 137 268 260 386 317 379 221   4 350 374  91 210 314 382
   242 142 289 142  35 262 246 204 211  40 182  19  29  91 407  53 337
   312 225 136 166 342 299  80 121   0 136  67 382  91  61 127 242 322
    74 392  13  80 162 363 291 120 151 100]
  [  0 363  30  84 290 209 379 204  34 350  41 230 137 347 258 254 222
   359 365  63 229 172  46 264 163 388 248 355 313 153 367 407 368 127
    52 166 256 103 369 372 251  19 129   0  56 356  53 137 160  69 288
   158  33 292 185 323 160 248  13 272   7]
  [  0 312 140 155 281 239 293 170 350 117  87 292 285 138 123 184  12
    83 159 362 201 286 379 276  96  41 146  58 305 235 142  91 406 111
   361  42  47 350  43 277 186 400 163 190   0 261 282 208 239 396  67
    12 241 376 203  92 267 308  35 240 340]
  [  0 214 182 383  22 195 402 161 289 251 303 267  18  98  66 227 276
   286   4 152  78 262 216  58 216 113  98 323 264 210 305   3  54 139
   228  39  15 209 370 165 218 278  48  32 163   0 356  48 400 251 250
     2 163 310 234 319 318 238  65 350 327]
  [  0 227  11 355 105 404   5  13  62 338 129  85 319 104 272 301 373
   205 331 330 395  62 297 191 241 127 242 145 304 213 124 403 188 213
    95 340   6 191 359 109 334 219 361 221  20 373   0 404 265 356 243
   255 243  24 232 227  54 337 190 234 170]
  [  0 234 129 351  69 109 357 195 280 317  48 142 392 345 266 195  41
    99 138  66  46  23  43 191 364 207 196  98 379 208  61   0 165  58
    12  21   4 348 215 114 313  23  25 100  43 353 260   0 247  72 200
   334 328 164 235 342 167 384 334 185  84]
  [  0 359 185 334  98  83 259  47 381  16  18 132  62 294 329  90 369
   294 201 302 279  55 350 387 166 196 395 322 258 312 154 365 345 121
    11 266 342 279  49 160 177 232  78 321 244  73 274 137   0 164 216
   178 302  96 242   7  65 269 322 355 193]
  [  0 306 186 295  14 368 352 218 351 336 331  31 214 186 345 348 190
   104 114 228 128 187  81  86 352 316 235 344 345 187 272  86 310 392
   207 132 375   2 106 320 143 401  37  37  75 136 243 341  35   0 392
   201  83 235 233 132 338 158 314 163  53]
  [  0 221 186 388   2 213  80 368 172 264  27 265  61   6 141 170 131
   361  64 110 375 370  42 358 147  95 287 311  61 108 216 185 168 390
    86 132 133 318   3  58 393 383 136 220 267 292  64 164 209  35   0
   291 166 280 224 319 323 278 363 354 150]
  [  0 330  72 154 320  67   7 163 401   9 231 289 250 292 372 363 363
   234  95 185 198  68 162 246 111 283 165 128 175 337 310 274  75 238
   314 396   1  40 105  24 181 200  57 181  37  58  96 361 222 386 185
     0 362 196  28 133 277  76 324 162 109]
  [  0 388 141  25 124 382 187  10 265  10 357 187 346 354 124 247 219
   296 209 264 216 325 356  65 254 336 397 191 166 163  29 381 379 134
   288  26 365  97 157 187 105  63  21  39  19 194 275 115  28 368 272
   227   0 109 316  94  40 378  82  12 131]
  [  0 167 327 325 389 338 121 375 355 261 164  92  70  80 244 255 232
   120  53 106 162 309 256 150  99 342 314  44 292  31 162 344 155 142
   125 319 295 351 394  73 294 184 307 288 157 162 101 347 298 191 199
   373 332   0  48 156   9 112 249 158 330]
  [  0 229  33 308 239 163 399 185 186 258 348 341 123  62 121 182 176
   199 212 389 325 370 224 193 311 137  57  64 374 371 318 106 299 326
   209  77 295 170 318 122  98 242 186  83 204 396  26 392 204 163 247
   146  75 116   0 363 316  64  27  91 182]
  [  0 254 270  25 372  69  30 234 352  90 362 398 360  79 399 376 161
   294  13 382 226 126 108 348 144  97 145  52 134 176  93  79  58 284
   333 107 157 298 208 389 248  90 182 287 356 315 358 196 199 211  89
   377 292  76 275   0  67 236  97 335  44]
  [  0 128 171 200 386 396  45 370 188 193 128  75 370 212  10 327  11
   280  39 188 392 366 143  66 208 340  15 368 318 156 286 324 389 329
    61 402 195 310 280 336 227 321  70 125  81 201 286 200  32 142 383
   139  98 310 175  27   0 301 236 164 295]
  [  0 261 377 302 148 112 346 163 264 371 359 407 364 101 389  23 108
    14 189 219 117 112 389  81 378 189   1 382 366   2 280  52 188 168
   219 150 180 172 199 202 344 176 338 170  63  59 174  29 407 294 106
   231   7 221  75   7  62   0 293  26 282]
  [  0 235 389 239 364  10 326 312 332   1 280 231  68 330 305 396 168
   391 319 222 338 162 242 192 300  60 405 388 317 320  87   5 248 222
   317 349 215 355 145 338 293  49  71 314 191  59 235 362 277 127 308
   301  44  55 179 242 341   8   0 181   5]
  [  0  36 165  25 284 400 334 132 256 140 320 289  12  72 205 121 208
   115  77  17 221 319 217 305 313 180 255  79  87   9 334 406 258  83
   280 267 151 229 143 323 163 123 263 211 230  52 391 296 353 120 216
   236 227 363  87  35 149  45 389   0  29]
  [  0 115  88 193 331 385   7 114 112 404 137 159 130 123 156 224 223
   308  69 160 386  34 393 220  67 129 312 193  63  63 305 293 235 327
   324 338  44 129 119   5 102 173 202 282 373 105 180  42 307 307 206
   229 135  87 304 390 128 161  53 385   0]]]
release_time
[  0  25  68 123  81  46 277  25  83  62  36  96  87  29  29  91  10 151
  17  45 122  55 103  85  44  78  84 129 148 100 132   5   5  50  49 150
  96 115  72 117   5  90  80 116  60 100   6  77  94 130  34  29  94   4
  44  64   1 462  50 208  78]
due_date
[  0 143 162 166 141 153 469 141 146 171 134 130 140 128 150 157 136 154
 136 133 143 151 145 140 140 157 132 151 148 152 165 139 161 155 157 162
 164 126 150 133 153 152 161 132 137 161 138 151 494 443 133 161 164 126
 139 127 138 517 152 390 162]
unit_emission
[ 6 16 10  2 16]
emission_limit
27099.0
setup_severity
2.0
due_tight
0.9
due_range
0.25
release_tight
10
degree_constr
0.5
