mach
5
job_rate
12
weight
[ 0  5  1  7  3  6 10  9  4  4  2  4  6  7  4  9  9  6  9 10  1 10  8  4
  9  6  4  6 10  7  4  4  6  5  2  2  1  7  5  2  5 10  1  9  8  1  2  1
  9  9  7  4  4  4  4  1  2  1  6 10  8]
proc_time
[[  0  86 127  54 119 134  55 114 143 123  54  75 129  82 149 105  58 145
  148  82  97  92  62  98 145  70  70  96 141  54  79  71 139 148 115  80
   69  91  99  91  84  77 101 145 115  96 110 147 119  68  80 146  71  66
  125  83 134  81  76 112 149]
 [  0 144 145 110 123 118  67  86 143  60  54  75  72 130 137  73  97 115
  122  83 114 105  62 120 117  87  91 115 138  90 125  69 122  68 109 129
  108 124  62 103 147 126  71  77 138  98 124 142  53 136  58 125 104 104
  102  80  79 139 120 120  87]
 [  0  73 118 140  82  90 105 119 128  56  62  77  73  78 125 133 133 129
   92  98  82  90 129  75 100  74  71  72 144  95  50 107  81  54  73  90
  100 112  63  75 113  53  63  59 121 145 149 117  73 134  86  78 146 113
  125  60  75  56  76  59  86]
 [  0  60 146  88  85  59 144  68  95 116 112 101 148  95  67  95 102 134
  147  58 106 112  74 110  97 120  79 141 113 109 100 127  58 141 143  86
   79  98  91 122 126  84 124  70 118  69 101 130  59 140  96 141  71 109
  119 126 123  70 107 137  62]
 [  0  73  57  57 122 108  82  70  71  97  96 102 139  53  75 150 133  78
  134  56 145  56  61 104 113  88  70  87  58 118 134 141 145 125  77 123
   75  57 141 106 101  80  89 115 112  96  61 100 122 104 122 111 122 110
   81  94 112  75  94 121  84]]
setup_time
[[[  0 292 120 288 182  69 284  21  28 150 232 269 121  80 389 125 169
   221 197 275 210 354 285 269 331  75   4 173  62 210 211 300 124 238
   349  53 349   7 195   8  26 332  17 367 317 237  78 226 265 206 175
   156  23 335  83  66 211 138 394 344 333]
  [  0   0 253  75 294 390 329 323  12 278 307   4 155 120 312  47 381
   159  84 272 100 104 163  41  61 330  63 203 267 351 209 170 192 326
   314 323   3  30 359 153  34 231 217 127 194 106 253 247 291 369 111
    60 391 238 207 269  75 248 325 286  20]
  [  0  37   0 172 216  61 244 319 301 197 318  50  33 213 159 101 240
    32 258 184 272 230 259 344  17 315 176 216 305 116  33 111 341  75
   178 388 262  25 133 308  46 302 274 203  95 194 267 158 341 159 170
   302  92 240 166 339   2 123 173 282 148]
  [  0 290  58   0   9 275 158 364 335 136 376 204 320  90 371  43  65
    52 109  25 196 365  66  74 249 179 127 303 264 210 373 253 186 370
   157 147 315 345 334 143 299  57  65 289 100 107 216 177 281 370 286
   362  89 355 370 213 214  83  39  29 184]
  [  0   0  25  46   0  91 268 208 105  81 280 312 261 279 100  86 222
   247 194 185 314 295 254 227 157 123 150 125 259 237 353 366 204 339
    96 288 386 209 156  58  20 366 169  73  28  63 250 152  37 155 269
     8 389 150 372 248 355 335 214 216 134]
  [  0 227  46 103 329   0 222 290 149  10   3 256 258   5  18 356  22
   256 344 385  12 190  28 127 362 310 197 225 120 135 381 100  14 120
   396 395 249 339 133 308 267  82 257 155 114   7 379  28 260 320 325
   112  49  98 370 228 263 190 132 257 253]
  [  0 112  54 357 242 275   0 367  62  91 115 370 339 353 221  93 169
   160 188 213 133 254 148 125 102 223  21 298  24  87 361 228 299 174
   251 296 262 366  20 164 171  17  93 197 343  26 324  47 390 279 158
   102  39 387 333 135  21 212 124 181 359]
  [  0 235 198 347 330 385 103   0  98  52  34  39 276  57 339  71 272
   389 278 130 280 185 369 106 130 170  63 154  45 370  43 233 396 363
   284  85  61 114 401 274  89 225 104  61 294 336 139 361  35 367 236
    85  90 274 327 366  56 107 244  40 250]
  [  0 221  24 183  26  95 322  36   0  66  51  30 120 342 158 310 137
   293 138   7 327  96 152 185 341 264 257 140 281  58  30 270 331 181
   387 396 310 241  88 207 370 101  67 105 204  60   7 378 228  50  94
   110   8 336   3  40  64 179  76 221 253]
  [  0 335 149  17 164 261 237 109 180   0 322 198 142 158 241  59  25
   395 261 380 352 164 116  78 307 207  78 326 287 152 182  10  37  89
   275 319 328  13 257 399 324 270 274  55 211 146 273 255 138 214 384
    84 230 108 394 374  34 229 186 101 353]
  [  0 195 133 302 370  29 225 107 107 359   0 120 118  62  96  56 352
   220 195  99 301 343 205 117 313 147 101  85 326  69   2 251 167 236
    91 187  88 303 171  25 338 279 360  71 400 341 166 392 231 358 391
    68 263 349  22 376 186  41 316 140  88]
  [  0  20 292 155 152  22   0 151  31 143 399   0  93 327 212 260 238
    15  42 253  98 351 248  63 390 289 206  33 215 279 207  93 236 246
   313  54 189 228 249 238 217 307  38 131 197 216 383  77 346 240 291
   234  55 350 232 323 169  45 264 206 309]
  [  0 218  22 324  55 160 241  26  29 102 211 320   0 210 274 111 127
    23 148 112 326 237  52  77 366   7  91 301 157 390 400 246 315 335
   168 239 333 346 291 167 231 181   4 317 311 285   0 308 130 327   4
   399 269 338 201  68 306  59 327 184 208]
  [  0  42 311 220  93 278 265 245 226  71 142 156 364   0 321 245 157
    10 176 178 362  46 169 359 385 200  44  38 292 361 154 317 345 190
   195  11 306 253  33  91  31  66 117 254 188 255  18 359 120 395 229
   217 148 251 130 312 304 108 308 111 306]
  [  0  41  61 281 182 364 371 103 303  22 110  34 396  82   0 332 400
   254  11 371 378 216 252 104 320 164 176 253 342 162 174 371 181 105
   394 328 355 144 262  40  48 396 182 193 154 124 369  29  47 299 115
   323  54 285  18 174 340 395 367 303  13]
  [  0 167  59 254 110  86 354 374 300  86  41 141 172 326 151   0 154
   311 326  13 117  96 119 329  72 283 314  22 125 143 226 264 393 243
    50  38 127 155 239 328 363 228 207  36 337  14 376  37 176 312  39
   392  55   8 119 267 279  94  11 154  58]
  [  0 322 188  41 209  70 196 139  93 162  89 138  47 285 365 217   0
   223 303 238  34 340 217 234 186  95  59 290 362 220 280 262 215 156
   380  45 134 297 377 317  71 192 198 124 252 267  70 302 263 358 285
   188 138 117  56 366 243 114 103 340 306]
  [  0  48  77  98 344 161   5 230  13 251  55 368 220 216 214 362 128
     0  47 362 239 103 278 331 362 165 331 312 166 203 115 325 200 359
   400  59 217  11 225 180  20  89 229 243  99 398 367  22 136  16 328
   347  89 118 401 147 183 297 312 329 206]
  [  0  93  71  88  79 363 172 299  16 308 159 162  48 285 252 162 185
   212   0  79  56  79 276 339  37 306  39 194 221  91 234 174 248  65
   326 253 280 206 146 311 250 299 288 333  36 348 139 303 273  86 191
   230 174 117 141 254   7 372  10 374 253]
  [  0 152 302 338 106 323 168  52  83 317 187  43  61   3 196 180  81
   375 325   0 381 179 304 384  60 271 132 187 333 214  27 229 324 346
   387 218 202 172 152 161 186 366  47 163 268  36  87 366 185  21 272
    72 158 372  23 178 216 227   8 308  18]
  [  0 128 124 247 366 364 180 275 365 285 327 277 326 335 223 319 384
    53 187  96   0 199 257 115  52 395  48 352 233  75  99 249 392 220
   185  48 205 304  53 332 105 379 139 378 389 279 333 210 351  46 216
   309 227 312 195 235 177 190  58 292 155]
  [  0 114 375  79 264  34 356 340  88 151 311  17 155 158 401  57 259
    68  42  92  99   0  68 163 120  30  19 195 321 230 180 216 312 183
   371 348 235 360  24  84 384   9 338 155  68 171 173 381 367 134 267
   267 398  66 261  81  53 347  12 218 282]
  [  0  48  46 330 296 235 216 197 186  99 135 125 106 248 153  46 243
    37  76  66 264 140   0 109 337 113 138 317 338 197 326 256 196 326
   328 305 285 384  79 134 140   6 349 199 147  32 193 313 276  31 194
   342 364 128 353 151 263 319  66  87  64]
  [  0 185 362  17 365 154 100 387 264  35  87 185   8 391   6 121  68
   229 295 175 401 102 369   0  97 379 111 273 179   8 341  19 112 196
   373  12 389 136 322 274 292 143  97 202 204 318 397 366 184 201  88
   120 226 205 191 171  51  67 334  95  91]
  [  0 164 265  76 158 100 238   9 376 223 346 293 226 264 186 204 317
   262 379 201  68 125  14 323   0 295  65 247 327  13  97  12 157 118
   100 275  69  73 355 161 304 164 289 377  40 170 345 269 208  89  49
   302  79 132 393  16 382 216  54 131  14]
  [  0 170 214 321 323 144 340  82 268  33 121 238 145 186 278  26 363
   241 122 321 199 248 365   1 279   0   2 279 173  80  75 261  81 171
   143 229 371 173 273 166 360  39 203 331  92  38 146 370 206 270 362
    63 152 202 239 218  45 134 251 145 145]
  [  0 274 186  44  28 361 238 361 151 303  18 312 296 241 272  61 251
   191 350 167 339 330 264  20 345 212   0  17 251 190 387  93 277 296
   340 127 236 286 159 101 277 283 269 138 113 117  65 367 398 377 132
    52 300 323 344 250 326 139 298  31 237]
  [  0  89 391 179 395  78  10  61 328 259 380  80  40 391 230 177 104
   275  86 373 400 140 210 119   5 110 328   0 336 172 336 143  11 256
    20 191 160 333 258  49 148 265 129 293  75 137  88 318 350 344 240
   182 314  93 250 376 180 144 379 115 109]
  [  0 223 180  52   5 242 154  86 301 367   2 230 133 170 192 301 174
   173 290 268 249 220 105  73 250  16 264 364   0 183 371 389  96  69
   365 199  48 304  87 179 253 107   2 386 245 151 340 134 140 304 139
    44 351 213  40  12 389 372 139 219 110]
  [  0 197 308 277 261 182 198 324  13 216 207 115 370 336  62 153 234
   324 388 290 180  36 182 140  63  28 278 132 335   0 256  40 175 342
     6 284 278 386   0 395 393  38 249  35 207 167 306 179  33 201 371
   206 147 310 381 318  10 318  69  49 137]
  [  0 356  33  74 175  61 287 105  20 227  77 235 299 294 261 106  85
   335 148  11  11 349 260   7 130 279  94 112  48 330   0  34 243 261
    41 134 225  78 367 343 136 131 400 215 248  11 144 319 342 167 382
   125  82 200 135 258 371 100 358  72 187]
  [  0 182 276 120 157  84 138 173 329 117 102 178 164 212  42 133 264
   136 139 215 298 116 278 231 169 145 221 259 232 372 158   0 396 209
    42 355 196 121 237 385 153 190 119 244 105 218  48 374 297  95  85
   160 210 343  15 360 367 308  22 336   6]
  [  0  79 309   0 200  83 248 239 254 275 306 149  25 118 302 125  36
   166  11  87 304  27 255 281 266 161  20   3 218 107 118  39   0 290
     2 187 273 379 281 393 294  90 197  25 336 359 192 296  59 383  33
   184 297  92 315 146  15  16   4 386  46]
  [  0 156  48 356 326 359 297 290 238 168  64 219 202  57 150 345 365
   231 394  90 262  54 312 246 397 328  62 344 119 122 194  86 168   0
    80 171 373 356 373 191 340  51 319 108 124 157 227 347  92 401  40
   146 146  12 200 238  11  24 190  23  52]
  [  0 174 371  83 340 326  19 382 345 360 353 305  81 108  75 323 184
    69 293 174 370  95  60 168  57 117 271 291 153 246 158  69 256 306
     0 231 200 132  65 305  19 254 357  63 249   1  20 191 237 260 185
   187  51 128 138 386 206  63 196 281  98]
  [  0  98 283 395  90 180 155 107 303   7 334 137 341 373 217  97 375
   252 399  14 339 349 354   4 363  18 199 260 328 251 293 176  11 171
   258   0 281  88 121 144 290 181 142 204 281 214 294 213 388 356 388
    40 261 253 170  81 130 309 220 198  39]
  [  0 379  42  74 383 385  17 166 200 378 360 151 134 174 169 352 391
   212 329   0  10 194  30  81 337 207 359 371 317  21 124  63  40 100
   324   0   0 235 265 327 298  10 323 389  39  88 240  75 143 345 334
   109 328  15 105 228 175 249 299 345 127]
  [  0 338 312  13 280 200 350  20 375 251  67 210  54 296 378 327  66
   180 253  24  19 223 130 377 312 165 329 305 304 114 172 234 396  89
   214 310 329   0 127 183 132 145 374 215 363   9  81 391  40 354 251
   315 363  97  42  83 328 390 230 301 281]
  [  0 329 240  16 397  50 162 401 222 112  64 260 277 114 283 350 127
    31 209 155  51  67 381 129 283 294 181 275  51 191 234 377 244  51
   398 318 329 154   0  57 104 294 152 292 170 339 256 102  24 189 271
    24 314  33 284  98 353 230 316  29 185]
  [  0 190 212 286  83 290 260  50 232 111 267 182 395 341  38 133 125
    92 280 289  90 350  38 202 237 330 179  34 251 109  96  80 259  16
   362 326 379 343 320   0  80 311 182 146 123  84 315 304 193  68  24
   215 111 318 297 302 320 340 326 254 293]
  [  0 234 104  71 222 268 175 144 243  30 227   8  15 227  60 292 292
   264 264  47 327 249 198 386 164  43 334 162 120 271 202 345 399 224
   174 338 241 240 115 325   0  57 112 147 347  97  92 168 214  89 324
   100 323 212 346 263 370 128  60 252 145]
  [  0 147  10 395  46  49 250  24 203 150 200 258  38 322 185 398 133
     1 169 208  60 165 298 163 320  50 228 119  50 137  32  95 166 400
   182 213 121 335 171  30 329   0 108 394 342 337 187  38  68  96 315
   125 335  39  30  72  87 116  78 279 146]
  [  0 206 132 172 366 183 321 272 234 276  98 357 346  97  70  41 171
   325 242 397 325 301 296 286 315 315 258 358   6 299 302  71 115  93
   247 113 111 195  37 265 285 150   0 237 148 262 259 401 201  25  87
   144  17 346 385 183  85 235  16 400  91]
  [  0 388 382 395  92  11 287 209  46 121 124 224 226  12 117 286 399
   194 351 163 213 112  14  50 292  47  28 267 396 366 330 124 186 138
   391  26 332 112 118 348  22 373 300   0 299 380 277 153 207 369 324
   378  83  56 279 224  10 115 217 219 193]
  [  0 347  90  10 125 278 344 194  58  64 266 348 176 355 155  28 386
   366 286 331 346 322 243  62 383 333 212 137 222 229 330 126 104  44
   238  40 395 319 279 258 286 218 319 373   0 362 135 347 175 199 185
   109  26 352  27 236 118 176  44 113  61]
  [  0  76 126 211 334 345   3  16  36 173 257 304 180 375 313 314 110
   145 350   9 372 301 252  50  43 396  90 184 131 230 348  99 155 311
   231  22  49 329 155  68  52 307 117 382  29   0  99  24 191 386 129
    69 382 289 367  65  96 306 389 379 204]
  [  0  43  76 316 277 287 171 137 216 157 260 233 275 111 265 144 257
   262 375 215  13  39 281 356   2 188 148   5  80 325 155 137 156   5
   392  75  69 312  66  39   0 384 293 234 289  18   0 254  38  83 174
     1 131 204 102  98 300 321 282 400  83]
  [  0 357 225 155  22 386 149 207 294  80 216  98 142  41 145   1 188
   152 270  63 107 229 361 324 216  91 317 180 249 315 291  25 369  99
    60 240 387 205 197 366 286 158 185 107 306 258 206   0  82 282  24
   330 153  87 334  81 175 202 255 297 108]
  [  0  81 253  98 182 132  12  44 316   3  87 212 290 374 203 238  54
    41 134 306  30  34 171 341 304 240 308  76 123 322  65  24 324 184
   272 314 253  44 281 309 369  65 186 134  78 307 401 366   0 260 233
   339 396 259 151 227 154 280 137 185 235]
  [  0 386  79 182 307 337 331 397 213 163 249  82 160 285 273 143  45
   344 325 219 322  60 290  47  51 248 116 378 187  27 111 226   5  74
   282 367  62 269  27 159 230  44  32 172 374  94 353 229  10   0 271
   352 300 258 134 254 212 401 328  40 330]
  [  0 190  45 321 230  66 275 121   2  66 271  71 146 159 222   9 397
   375 194  97 308 163  69 326 368 328 227 265 250 134 214 316  79 286
   119 152 213  77  26 319 206 376   2   9 245 313 350 252  16 231   0
   227 273  46 326  36 132  96  54 116 358]
  [  0 145 300 150 399 354   4  76 397  67 250 194   1 143 365  64 164
   302 134 270   7 289 240  16 328  84 346  30 337  24 146 328 257 303
   112  37  99  32 124 175 174 384 246 305 334   9 127  85   1 214 176
     0  82 203 264 150 247 373 108 144  39]
  [  0 174  12 144 364   7  69 290 217 254 176  88 378  55 362 320 398
   344  98 105 348 341  77 186 183 218 238 273 364  18 125 137 322  77
   383 301 153 393 160 143 109 202 135 328 395  14  69 278 244 156 284
   141   0 241 396 287   3 257 379  22 144]
  [  0  36 345 126 348 397 364 289  99 133 236 114 392  88 164 291  66
   132 263 396  74   5 323 319 385 258 394  23 177 363 374  82 327 228
   128 180  81  38 365 398 130  88 264 126 303 163 288 155 190 182 258
   391 400   0  51 246  58 342 367 353  35]
  [  0  78 102 179 218  10 326  85 310 297 316 291 270  20 181  75 381
   155 163 374 295 231 224 241 280 176 127 121 366 190 225 395  76 334
   378 142 238 192 231 188 389 302 198 238  60 276  67  22 126 325 169
    23  62 188   0  13 115 252 144  76 286]
  [  0  40 400 193 175 167 127 290  21 262 338 246 100  62 326 209  59
   172 370 387 170  17 140 114 221 252 324  99 178  35 290 320   2 241
   344 319 198 147  68 189 203 128 210 233  15  54  48 234 217  65 331
   330 184 310 216   0  86 238 279 207 337]
  [  0 210 185 146 196 150 138 211 377 133  98   7  48 385 386 314 304
    65 252 333 240 218 224 353 104  88  51 167 208 218 230  38 222 246
   116 238 387 180 232 241  72  56 307  54 181 298 368  69 162 342  98
   340 341 336  40 101   0 208 305 338 356]
  [  0  73 202 358 304 124 265 321 135 298 303 376 361   2 270  58  50
    12 277 292 192  93 375 160  36 116 127 319 326 153 286 292  99 395
    18  27  90 285 305 143  64 102 253 203 149 103 214 344 401 292 246
   270  69 172  15  53 353   0   4  54 393]
  [  0  87 186 374 366 328  54 321  69 326 246  94 288 122 394  67 377
   322 389 263 383 390 373  52 107 121 371 303 358 157 198 196 250  58
   262 207  23 282  36 348 304 401 167 140 297 268 386  19  86 284 295
    41  11 372 214 386 159 271   0 189 335]
  [  0   2 152 213 301  14 150 138 348 250   6  21 296 229  43 126 359
   276 146 372 236 129 295 128 189 100 100 311 309 171 142  18 142 394
   126 257 306  26 138 370 184 159  90  66  70  59 357 340  82 153 289
   378 304 136 131 175 319  31 109   0 146]
  [  0 176 154 367 312 366 330  16 374 227 183 140 394 299 204 324 116
    54  14 192 213 380  30 305 151 130 116  63  14  51 258 346 194 320
   179 182  23 224  79 166  23 163 200 381 152 374  27 377 171 382 235
     9 382 288  38 123 332 180 363 336   0]]

 [[  0 118  38 186 337 198 230 286 288 372 231 347 229   0  64  14 128
   124 376 108  62  65 160  40 181 340 338 111  62  38 290  82 137 154
   323  84 242  18 306 391 162 209 116  58  89 237 199 142 278  40 137
   273  61 226 179 230 327 174 387 285  33]
  [  0   0 241 206 380 354 269 302  26 346  90 298  54  28 315 170  68
   191 324 159 243 387 155 109  52  30  49 230 327  17 156 216 367 114
   217 107 156 259  24 203 220  74 183 391 320 291 178 326 214  93 282
   328 306  35 124   7 121 198 348  21 279]
  [  0 112   0 177 342  62  94 390 202 233 198 192  85  99  69 212  90
   237 278 101  65  44 298 165 318 251 384 315 244  73 290 112 190 293
   277 361  83 114  34 347 110 202 161 158 225 397 345 341 123 253 203
   397  11 115 150 227 387 331  79 135 312]
  [  0 233  91   0 326 337 203 261  95 188 152 386 265 248 105 125  68
   235 341 350 286 147 272  95 353 313  97 137 275 289 329 305 124 171
   337 378 185  74 111  51  40 112 372  17 116 101 111 277   9  91 229
   377 228 262 153 198 373 310 270 282 275]
  [  0 212 245 363   0  28  19 358 327 129  41  94  90 377 116 284  54
   253 218 363  49 380 399 229 209  45  87 231 315 245 365 115  28 345
   200 340 301   8 332  31 324  60 394  32 112   9 241 225 234 369   2
    37 291 122 302 274  42 366 143 103   9]
  [  0 102 244 117  58   0 200   2 215 162 367 283  25 385  77 262 290
    30   3 292   7  15 217 167 148 171   4 265 249 178 213 138  38  74
   376   4 262 144 266 340 392 114 378  99 218 145 378  90 217 298  14
   134 268  10  64 266 298  37 278 153 121]
  [  0 133  71 397  64 102   0 205 375 308 315 285 239  49 248 249 334
   273 314 390  98 319 108 350 127  84  18 396  95 364 305 242   0 339
   134  35 141 316 382 113 372 279 393  35 232 217 129  68 219 261  27
   358 239  12 284 328  90 341 202  53  34]
  [  0 298 366 350 377 206 240   0 179 193 100 166  15 216 110 346 213
   344 143  48 252 278 142 127 337 195 269 107 276 377 134  52 218 178
    62 333 111 182 146 337  16 393 323  11  59 262 221 213  32 330 241
   192  16  36 247  23 219 186 324 401  74]
  [  0  53 100 183  79 106 193 237   0  68 238  18 273 317 389 135 150
    76 107 216 319  46 316 260  95  57 361  10 374 217 313 139 198 159
   339  97 225 325  76  25 143 252 196 152 121  74 400 247  38 369 114
    68 355 316 322 232  50  80  54 273 153]
  [  0 313  42 140 115  44 378 226 181   0 100 320 326 142 190  95 265
     0  40   1 364 121 336  24 365  97 294 174 133 192  23 118 218  18
    53  64 225  79 361 123  91 244 380  58 271  29 176  38  28 137 163
    81  66 151 117 297  34  67  22 190 121]
  [  0  40  60  79  69  66 148 108 332 346   0  20 374 121 104 217 154
    62 167 336 235 384 337 110  80 170   9 193  82 177 220 247 277 394
   227 368 289 204 210 340 197  65 383 250 220 179 254 244  97  22  40
   360 101 115 139  98  88 320  49  70 365]
  [  0  21  77 363  12 118 376 250  39 125 111   0 304 391   7 253  15
    40 276 254  22  27 396 232   3 323  38 312 168 176 186 158  74 183
   340 257 183 268 247 393   3 270  91 339 272 171 274 111 184 237 294
   155 321  14 121 247 388  82 121 322  50]
  [  0 186  92 357 334 347 232 285 154  82 161 279   0 324 129 352   9
   182 235 249 363 130  12 283 336  66  86 174  12 207  92 219  26 309
    24 382 270 324 177 202 110  80 100 336 374 152 162 138 304 400 154
   352   8 118 158 124 179 133 364 131   8]
  [  0  27 345 338 137 381 232  20  11 286 139 225 309   0 137  69 173
   294 236 173 377 266 252 230  51 226  63 175 293  75  89  54 383 144
   215 386 364 378  94 321  43 286  29 364 376 234 148  14 143  88 348
    33 383   0 185 139 250  63 275 346 318]
  [  0 335  60  61 360 248 121 242 323 352 322 356 358  56   0  13 179
   300 362 346  65 364 205 174 249 218 318 175 149  11 383 380 118  97
   336 396 344 254  54 202 187 370 390  22 173  66 257  81 339 174 108
   224 125 128 193 357 112 215  32 166 317]
  [  0 284 193 240 274  93 394 236 390 391 271 344 310 281 271   0 294
    69 139 168 149 179 252 373 351  59 248 181 369 186 162 205  41 348
   145  65  81 183 289  98 292 298 164 108 211  84 174 264 153 177 141
   270  99  84 192 127 243 131  34 343 101]
  [  0 275  30 272 367  82 225 216 320 193 275  92 401   6 128 334   0
    46 329 252  34 382 335  44 279  40  28 222 392   5  45 161  77 188
   223 113  31 202 388 221 359  97 300 105  28 263  12 378 233  33  46
   388 361 378 207  50 280 231  15  91 136]
  [  0 238 308 199  44  57 209 329 249  64  85 139 256 223 297  46  73
     0  12 304 304 221 200 390  31 391 290 229   2 343 358 355 208 244
   356 298 177 212 244 142 148 206 159 203 198 196 183 340  79 328  43
   333  52 259 109 251 272 295 229 296 331]
  [  0 316 261 349  95 386 314 254 375 306  20 272  67 104 397 138  62
   326   0 260 175 115 337 260 377 319 359 388 393 285 398 342 105 161
   134 388 393 181 359  30 367  22 269  22  48 253 307 390 127  39 355
   271 341 339 187 182 105 210   7  49 188]
  [  0 268 135  24 232  16 387  62 110 218 205 269 280 298 140 401  58
   253 156   0 249  95  77 254 224 331 297 271 231 332  55 377  26 145
   278 185 385  34 187  96 339 325 319 362 354 235   3 151 275 349 185
    62  45 341  26 210 378 363 158 166 237]
  [  0  24 318 331  95 191  67 274 311 164 126  39 334 169  70 322 285
   225 149 348   0 199   3 368 165 127 333 297 232 160 205  92 197 100
   377  35 108 361 338 322 192 117 290 218 220 330 364 222 185 242 350
    66 209 182 346 252  27 122 158 398 147]
  [  0 339 399  44  42 387  17 167 188 123 152 232 285 346 156 232 290
   321 376 292 284   0 332 160 115 146  62 306 159  99 246 381   5  22
   329 164 219 301 305 382 276 395 236  66  46 348 275  22 280 106 240
    83 374  70 400 258 338  59  39 252 397]
  [  0 334 331 231  89  85 283 365 294 111 272 247 305 121  33  35 214
   243 277 226 262 304   0 395 346 284  34 308  59 173 273 313 245 183
   320 132 338 374 319 228 135 116 137 163 313 352 325 183 119 278 138
   196 387 134 189 268 127  78  91 378  31]
  [  0 153 281 134  20 389  43 298 217 167 296 301 368 149 283 357 215
   382 145  57 187  27 209   0 369 401  93 223 349 245  31 303  59 280
   210 111 255 400 236 120 211 174 255  76 205  22  45 396 290 132 162
    40 307 196 345 204 352 343 383  79  63]
  [  0 228 260 212 121  74 158 148 113 284 105 115 392 277 172 321 108
   301 174 352 358 343  83 379   0 256 110 191 375 181 138  19 292 112
   184 129 300 247   7 153  41  39 337 220  90  31 310  66   5 262 106
    61  72 215 372 309 381  95 259 362 290]
  [  0 298 162 280  68 386 236 200  37 299 379 159 162 252 320 347 378
   257  79 372 161 333  65 129 260   0 111  14  24  62 363 199 304  18
   288  47 218 186 332 107 181 305 213  22 254 195 354   4 294 226  74
   233 186 202 237 292 237 331 276 245  70]
  [  0 277 136 158 397 255 318  95 218  74 210 120 180 346 154 221 113
   338 147 237  59 132 144   7 116  68   0 232  36   2 345 265 305  38
   202  52 343 253 398 149 176  30 173 266 186 397 365 209 242 212 228
   248  23 138  85 355  39 116  30 216  70]
  [  0 355 110 246 360 286 369 130  29 222 197 200 283 141 194 180 254
   214 245 350 386 225 334 250 396 356  29   0 116 170  13 386 197 283
    73  98 288  40 244 156 268 365 216 321 296   6  57 103 362  42 213
    25 240 344 370 299 179 381 392 255 101]
  [  0 314 221  26 326 364 338 201  69 373 106 265 303 166 161 241 271
   205 380 245  37 332 115 143  73 220 280  41   0 398 311 297 312 119
   296  18   6 172 306 134 317 164 251 217 189 199 362 333 109 214 382
   114  28 236 264 200  98 155  21 213 133]
  [  0  60 154  49 151 315   5 273  34 249 293 297 102  50 275  66 303
   227 297 328 279  20 196 106 241  26 225 109  26   0 394 346 159 279
   306 139  59 226 380 142  94 290 143  70 269  81 145 149 372 218  93
   272 331 229 348 375 107 221 136 355 141]
  [  0  86 208 170 325 342 172 386 316 238 278   2 280  45  40 189 196
   353 357 161 333  10 300 115 386 114 344 129 241 253   0 218 359  34
   221  18 134  91  54 353 269 128 314 206 264 127  79  93 313  67 356
   143 395 306 380 279 122  90  82  95 122]
  [  0  41 269 115   4 267  80 121 218 248 102 287 328 357 128 275 361
   129 210  78 386  14 313 361 108 157 223 371 276  37 250   0  77 333
   145 350 103 390 231 237 200 214 266 212  75 108 177 136 357 209 395
   131 218 236 173 398  26 376 231 106 387]
  [  0 388 313 329 319 116  93 111 298 314   3  70  17 109 311 183  37
   142  30 398 252 263 391 177  35 380 276  10 386 225  14  26   0  62
   198 332 149  62 117 173 143 380 274 254 381 111 306 214 132 110 398
    28 157 251 343 206  63 114 168 360 124]
  [  0 110  86 389  51  22   3  32 217  28   9  69  77 285 313 163 184
   315 185 132 354 336 151  10  62 359 271 238 254  53 341  44 287   0
     3 321  47 292 136 358 333   7  14 193   2  44  94  77 186 171 395
   288 123 385 138 134 125  76 250 329  65]
  [  0  90 178 221 180 368  37 190 122 218  85  97 340 144 112  36 110
    52  70 148 370  22 341 188 393  40 390 354 281 213  29 192 127   7
     0 197 141  45  31 144   3 255 106 313  61 243 387  95 121 348  82
   216 307 230  72 227 299  69 100  55 391]
  [  0 139 152 333 220  63 117 150 334 194  84 196   3 151 243 280  56
   164 273 163 259 318  15  27  57  19 172 392 151 232 358  96 328 300
   256   0 385 334 252  91 185 385  22   0 295 371 174 255 370 158 334
   230 353 305  44 256 149  59 377 123 339]
  [  0 182 190  10 161 305 384 247 103 168 326 383  42 381 311 216 201
   175 124  84 217  94 368  71 108 293  80  76 205 246  73 336 256 319
   122 241   0  63 395  43 398 183  20 189 196 350 397 170 309 227  90
    86 330 346  68 163 288 169 354 152  18]
  [  0 122  62 333 128 342  30 249 260  81  43 136 240 192 123 180 307
   190  85 364 229 294 129 125 171 315 267 154  39  78 101 364 386  48
    16  64 266   0 276 327 168 386 169 270  20 342 351 242 107 363 373
   194 275 349 325  31 372 352 288  24 224]
  [  0 105 307 157 315 168 193 160  55 209  93  60 322   0  33 224 156
   300 187 317  89  78  66 283 241 105 278 126  46 164 333 232  94 275
   389 274 277  20   0 146 329 104 157  77 370 387 113  82 319  37  35
   151  71 336  75  44  79 230 188 302 241]
  [  0 376 395 258 146 215 111 343 334 240 204  77 133 145  53 303 345
   201  96 163 235 345 276 339   1 344 289 228 365 327  58  18 386 103
   119 118 348  93  53   0 203 352  51  49 124  64 127 189 280 263 308
    21 366 180 326 142 250  22  42 390 176]
  [  0 168 352 129  38 173 113 143   0   7 342  50 212 258 297  86  78
   203 297 100  58  21 342  48 386 196 322 286 202 104 257  48 153 364
    70 241  91 124 276 137   0  72 401  47 265 398 313 133 225  56 329
   361 101  12  80 113  88 194 154 282  78]
  [  0  86 132 342 195 118 380 119 333 211 397 185 282 156 309 376  43
   132 358 382 357  69  89 132 302  81 256  84 149  58 330 220 393 400
   218 305 399 272  72 175 158   0 379 361 364  24 206 109 151  94 240
   362 181 252 260 397 384  14  31 356  91]
  [  0 348  31 380  36 115 283 274 113 358 389  65  66 114 188 224 285
   354 317 256  32 400 150  44 121 349 276 131 293 212 316 115 310 237
    84 251 267  21 238 312 360 387   0 265 103 364 357 109 113 205 182
    66 347 235 343 355 133  28 327 363 118]
  [  0 155 314 282 125 189 398 127 282 198 397  95 219 271 361 194   4
    48 304 334 164 283 337  85 349 149 253 163 213 361 162 175   2 197
   131 221 360 210 114  88 171 387 213   0 379 113 387  41 329 389  66
    65 142 204 291 389  73 372 264 146 210]
  [  0 165 207 349 333  24 128 269 107 145  99 389 130  60 144 336 113
   245  51 172  26 333   0 277 140 348  95 366 310 309 287 189 305 379
   124 104 249 357 257 266 351  78 299 317   0 189 267 269 231 125 159
   400 359 228 358 178 320 119 221 372  23]
  [  0  61 181 354 280 255   2 155 209 143 364  17 318 112 107  39  98
    86 358 302 350 148 225 339 170 385 220  38 356 241 249  53  27 288
   374 320 153 343 372  66 288  75 318 254 162   0 330  17 192 350 140
   133 240 115 123 161  33 237 342 207  15]
  [  0 130 127 346  24  36 111 217  40 123 110 400 199 298 205 265 257
   170 382 289 382 166  64  33 376 250 260 324 215 236  31 209 333 174
   376 389 315  25  58  96 237 218 195 164 307   8   0 194 325  56 115
   357 120 243 236 268 209 400  72 137 207]
  [  0  31  30 146 266 313 133 275  59 307 183 307 134 161 151 365 316
   291  18 392  97 198 250  57 298  15 272 270 142 380 226 306  76 302
    92  59 107 397 253  71 180  29 385 230 150 361 109   0 174 230 122
   347 362 222 299  10  98 224 345 330 308]
  [  0  69 198 100  66 128 187  77 324 127 191 192 120 355 258 303  38
   385   4 201 353 105  26 225 364 397 130  20 135 168  85 120 191 233
    53 302 131 247  85 129 179  88 114 123 287 145 287 387   0 255 263
    90 309 126 136 315 276 184 116  63  60]
  [  0 127  91 374 191 161 241 221 175 114 143 199  16  84  59 385 360
   322 377 335  96  97 263 195 166 201   0 278 185 261 135 187 264 335
   131  99 268  10  17 336 206 382 253 204  30 337 230 391  46   0 190
   351 263 177  34  20 320 383  21  70 308]
  [  0  55 319 199 306 386  12  65 140 167 271 146 183  88  72  54 174
    55 161 277 206 152 328 300 291 157 241  44  73 212 130 276  26 305
    57 117 217  27 268 294 165 326 180 390 231 252 126 133  24  10   0
   143 348  90  21 131 346 315  98 335 113]
  [  0  80 271  45 184  52  41 113 131 303 138  98 130  74  11 175 331
   306  57 399  93 390  51   6  15 128 291 201  17 363 139 165 132 288
   183 339 189 225 352 183 184 148 344 309  89 294 142 111 132 248  80
     0   9  21 272 238 158 258 334  42 110]
  [  0 148 124 287 249 254 298 113  94 168 386 374 139  73 355  20  26
   159 315 147 391 148 325 186 321 347  66 394 356  99 238 395 329  73
    21 270 374 201 248  32  84 250 242 120 395 281  45 384 245 241  21
    75   0 242 320  11 308 372 367   9 143]
  [  0  58 333 179   9 349  18 313  21 335 278  12 133 400  42 131 232
    23 151 144  56 162  31  20  27 148 253 240 215 236 364  40  90   4
   113 258 101  63 230 354 253  10  88 222 349 125 315  75   2 396  46
   287  63   0  92 355 136 232 279 172 387]
  [  0 107 318 315 129 375 148 366 110 299  73 188 296 277 334 353 102
   190 267 298  66  88 372  98 261  99 375  34 263 332 161  83  43 352
   315 313 235  49  24  56 174 134  31 230 102  24 211  77 260 390 346
   105 297 214   0 297 218 381 325  23 345]
  [  0 330 379 105 299 272 245 349  64 325  39 294  23 383 160 288 242
   216 211  75 262 242 181 208  97 200 276 302 121 194  52 318 283 329
   143 350 108 180 351  99 257 278 366 237 203  23 128 273  91 315 179
    30 115  11 200   0 337 342 301 378 121]
  [  0 244 359 137 216 128  15 350 253 326 268 193 186 214  36  35 106
    99 203  88  43 345 364 120   4 160 134 220 274 306  41 349 355   8
   223 109 110 141 241 309 382 351 295 219 101  39 161  78 316  60  65
   110 367 196 315 130   0 317 123 119 338]
  [  0  48 260 142 250 275 294 252 199  62 394 273 146 206 127 158 214
   358  79 273 280 371 218  26 244 118 266 244 171 237 126 321  30  19
    57 364 127 142 152  70 185 279 199 244 340 312 108   1  29  93  25
    64 400 332 239  56 385   0 345  88 288]
  [  0 130   8  96 217  72  91 270   2 346 320   3  44 177 110 112 145
   284 279 184 351  68 207  11   9 190 104  76 181 157 254 295 291 237
   242 386 126 353 338  43 202 123  81 288 232 303 233 151   0 219 112
   195  46  56  70 139 288 166   0 284 392]
  [  0 285   2 193 141  36 349 221 278  94  80 104 342 300  45  58 188
   123 281  29 294  82 389 246 143 360  96   2 175 255 190 324 395 314
   324  37 384 384 214 269  34  63 285 368 253  43 146 291 382   7  86
    47  55 139 367 237 106 197 164   0 334]
  [  0 246  96 245 218 141  93  25 385  38 217 137 134  20 313  56 260
   205   4 236 141 119 170  60 290 258  30  82 200  52 328 345 157 395
   298 173 296 182  68 234  23 145 219 119 148 255   2 297 153 199 272
   359 240 292 255 262 221 335 153  94   0]]

 [[  0 189 275 116  32 375 239 270 222 199 235  95 308  35  91 332   1
   154  92 251 236 217 279 180 397 191 214 192 343 333 158  71 237 195
   117 367 342  85 278 391 145 341 140  22 229 238  24  13 368 184 398
   256 206  58  47 122 355 173 179 248   4]
  [  0   0 270 142 242 373 358 134 290  16  10 347  55 229 187 231 183
   368 115 228 267  12  72 282 255 354   2  90 366 179  35 269  96 138
    93  71 343 384 172 270 274 207 283  95  81 140 145 224 295 213 331
   221  49  18 325 327 295 107 376 381 319]
  [  0 158   0  19 339 249  62 184 276  91 260  51 106  95  80 346 225
   100 299 303 282  27 218 145 174 388 222 110  43 192 349  15 268  15
    42  76 108  88  96 203 258 308  79 135 125 188 144  59 152 263  23
   233  65  73 107 371 359  72 305  55 391]
  [  0 209 292   0 246  68 191  92  45 115  66 232  51 185  46  79 199
   251 235 260 372 314   0 182  96   5 388  70  19 187 166 222  30 401
   101 261 293   5 381 259 118 300 198  39 208 273   9  91 225 123 119
    82  34 401 162 149 324  81 240  56  18]
  [  0 120 334 297   0 318 309 130 224 270 158 330 225 392 303 242 193
    68 285 143 367  86  89  87  88  32  61 278 365  26 321  77 353  15
   384 276 146 129  95 331 107 183 349 360  80 305 101 148 351 358   7
   106 149 209 200  57  31 245 108 319  83]
  [  0 310 357 102 357   0  15 156  53 172 197 250  52  79 378 192 141
   152 102 273  96 259 356 143 320 273  56 137 342 332 342  93  28  17
   296  16 267 256 241 292 358 280 165 244  22 162 315 151 195  59 312
   288 195 332 111 300 233 163 186 108 266]
  [  0 237 184  92 190 291   0 130 308 188 284 265 297 357  87 388 318
   280  37 397 141 258 252 193 251  24 154 121 140  67  88 391  86   4
   383 321 275 399   2 372 169 288 172  68 179  34 225 319  98 248  64
   355 368 281 372 263  48  24  55   9 101]
  [  0 126  25 174 289  26 168   0 268  62  11 301 194 363  68 211  98
   379 255  28 105 148 285 180 163 271 344 353  11   7 154 169  33  39
   230 197 281 251 211 197 187 295  67 154  53 106 107 170  76 217   5
   105 169 347 190 348  80 281 318 265 352]
  [  0  86 400 273 368 207 171  13   0 354  71 112 322 372 230 215 276
     1  18 288  14 138 204 132 183 237 197 131 284  82 272 247 286 268
   307  63  67 358  84 301 109 177 241 352 312 156 398 151   7 168 232
    82  46 118 299 294  57 315 252 278 388]
  [  0  77 198 357 228 358  90  18 235   0  66 300 308 231 363   1 184
   194  45 359 144 172 167 137  60  98  44 397 280   3  73 375 293 295
   136  60  33 103 265 199 340 237 194 139 323 213 328 271 221 275 236
    21 195 212  64 180 103 325 213 145 263]
  [  0 352 320 315 253  67 378 195   7 161   0  82 190 251  39  92 269
   213  29 127 315  14 309 234 396 365 297 219 376 258 266  90 163 197
   333 313 377 162 132 326  76 195 143 354 175 185 131 170 313 340 144
    40 320  54 191 197 244 323 251   0 215]
  [  0 204 356 270 301   1  74 215  34 313 181   0  29 377 189 190 369
   279  77  80 213  26 278 237 150 349  48 248 389 330 299  88 110 375
   356  95 232  15 181  69 167 283 258 380 393 234 342 174  88 372 297
   389 297 134  39 273 137  50 208 183  91]
  [  0 134  66 247 398 355 294   8 383 119 252 241   0 161 221 313 108
   377 137  57 184  98  69 234 306  74 218 362 361 350  76 231 132   2
   234 270  15 212 355 361  85 238  27  61 267 246  79  20 163  78  89
   326 252 322  69 153 333 362  66  53 332]
  [  0 176 295   6 257 380 227  74 157 133 224  45 303   0 186 393  98
   266  80 106 145 136  55  18 301 260 208 252  53 103 280 235 280 117
    33  13 277 151 362 210 395 332 196  43 132 304  74 162 178 359  41
   139  51  94 391 295 200 382 202  92  65]
  [  0 168  62 174 116  11 200 329 191 102 401 284  99 330   0 372 201
   195 214  18 263 141 138 120 271 232   4 180  38 303 111 292  18 264
   396  91 205 263 176 131 362  70 373 244 188 111 161 231 382 129 244
   184 303 230  68 367 188  54 138  90 247]
  [  0  65  44 313 134  89 171 230 152 181 264 342 236 360 283   0 215
   288 362  46 399 354 129 224  49 301 252 292 337  71 354  39  43 381
   152  75 295  65 110  40 394 223  92 117 148 258 196 396  56 183 269
    78 381 401 368 293 333 380 280  63 299]
  [  0 295 390  24 126   9 142 317 267 156 275 317  13 162  60 288   0
   136  34  25  94 210 343  69  18  96 303  59 303 371 149 364 135 199
    19 157 316 349 189  15 358 160  97 283  54 344 317 261 295 157 316
   138 118  95 162 181 261 343  31 262 347]
  [  0  94 127 319 193  71 156 288  20 312 103 300 258 387 207 271 280
     0 279 228 184  16 235 221  43 241  76  43 152 291  36 204 197 348
   107 242 337  52   5  52 345  87 276  66 154 270 250 107  26 207 227
    72 191 273  61  72 254 384 140 371 109]
  [  0 133 375  33  67  21 400 272  46 119  54 179 343  24 371 188 327
   304   0 335 343 302  12 206 288 308 303 308 299 135 286 325 340  67
    44 368  75 126 321 106 193 282 377  28 376 101 138  30  72 204  14
   119  16 156 257 209 116 240 157 400 344]
  [  0 256 200  79 209 104 355 294 389 118  90 248  51 331 249 245  67
    56 327   0  35 134 343  47 127 359 325 175 320  73 371 312 286  24
   301 200 191 344 342 240   3 110 270 125 287 376 224 238 135 197 354
   358 235 371 340 248 169 317 107 170  72]
  [  0 342 293 300 266 207  20 384 311  51 134  35 295 164 386 327 276
   190 190 139   0 140 293 379 362 254 124   8 259  29 138 167  38 150
   346 363 371 360 145 352 175  94  85 337  23 195  10 137 241  39 339
   327 137 128 185 105  61 193  24 148 375]
  [  0 170 310  48 225  13 193 285   6 258 102 364 226 308 198 297 259
   193 338  97 224   0  66 134  72 141 302 179 162  80 368  74 366 116
   100 384 278 321  86  38 197 259  96 247 243 198 100 246 399  18 281
   336 352   4  67 376   0 298  20 224  12]
  [  0 189 287 345 382 285  99 273 194  40 131 368 396 379 272 173  11
   360 272 232 250 354   0 138 206  19  68 343 235 216 158 179  72 362
   220 319  37 387 277  98  26 385 230  90 136 126   6 342 268  98 269
   241 289 246 400 227 324 105 286 209  82]
  [  0  48 109  15  55 386  44 326 214 303 148  64 358 354 126 165 323
   161 168 393 279 358 230   0 334  53 397 341 240 155  10  91 206 360
   333  76 266  19 359 298  73 230 302 101  46 310 315 149 311 127 355
   276 182 243 279 400  93 108   4 126 206]
  [  0 214  51 221 184  31 376 295 230 306  85 129  72 322 159 241  39
   398  59 286  45  82 372  29   0 269   5 370  99 191  85 164 226  77
   356  15 208  97 159  17 374  62 325 303  86 214 150 316 265  82  97
   337  13  51  22  94 206  98  72 394 167]
  [  0 222 267 162  31 227 393 354  42 125 328 173 140 128 272 282 350
   371  35 121  12  91 272 178  36   0 362 188  96  48 275 385 104 362
    48  78  91 352 232 381 264   3 163 338 282 329 132 305  80 280 257
    22 349 200  59 156 273 126 240  73  20]
  [  0 364 291 371  50 401  89 151 334 348 197 207 398 254 264 258 105
   116 263 391  70   2 102   3 271  44   0  18 307 126 282  95   6 376
   282 308 329 208  29  39 254 362 242 313 145 350 199 189 211  21 167
   102 100 127 119  55  45   9 244 307 100]
  [  0 299  87  11 386 232 250  59 369 110 238 296 367 242 202 362 341
   168 237 221 362 258 298 318  65 384 149   0 193  89 351 184 331 370
    68  73  48 312 111 141  42  97   8 287 184 346 191 309 350 311 130
    99 136 272 233  14 118 140 250 221 112]
  [  0  81 121 264 177  72   5 273 266 212  43 245 291 276  15  38 136
    93 318  11 175 124 230 152 258 214 247 128   0 271 194 193 317 241
   338 209 201 119 115 188 222 300 250 360 333 360 298 288 241  95 346
   131  96  44 193 396 300 328 133 258  11]
  [  0 127 111 129 176 238  71   0  82 362  57 278 381 100 197 168 252
   255  74 194 221  98 126 141 190  73 388 355 256   0 123 159 312 195
   229  84 153 303 229  62 354  94 299 291  14 318 171  21 290 303 332
   153 307 363 348 178 276 171 365 274 185]
  [  0 303  19 395  17 144 115 113 116  13  55  71 208  35  11  61 248
   154 356 114 248 106  49 153 399  60 315 376 132 100   0 336 359   1
   273  27  26 308   4  15 395 267 234 276 207   8 218 354  52 186  52
   352 352  35 235 267 230 306  81 386 208]
  [  0  89 210 231 347 282 258 397 167 136 172 168 108 320 289 204 353
    89 117 363 135 364 178 269  60 324 369 382  83 339 335   0 170  41
   286 135 366 351 392 114 335 247 165  39 390  95 214 140 166  58 358
   386 174 243 270 111 182 294  15 171 317]
  [  0 182 231  14 133 304 379 152 291 195 103 212 175 396 390 394 236
   160 375  42 166 248  84 139 373  94 161 221 308 198 116 185   0  65
   229 159 140 212  12  50 257 281   8 335 201 204 249 291 383 216 329
    85 179  63  22 145 265 175 169 145 397]
  [  0 248  27 343 268 189  19  68  53 301 363 269 345 314 206 345 241
   324 279  31 262 324  62 283   0 106 130 191  69 375 329 239  94   0
   369 395 180 192 293 378 303 370 174 255 231  34 330  99 381 201 107
   237 149 316 151 207 154 330 136 130 193]
  [  0 223 293 371  88  36 230  88  77 299 195 381 246  53 376 108  73
     5 357  11 195 225  60 335  79 158 362 108  60 250 144 325 350 109
     0 358 246  64 104  94 359  57 313  71  52 321 114 175 314 234 307
   363 147 111 258  24 136 359  50 329 106]
  [  0 300 397  98 374 213 326 357  59 216  45 363 200 174 259  22 132
   207  71 170 229 252  59 380 275  69 396 173 231 300 153 124  74 221
   162   0 192  32  55 144  67 152 183 336 138 168 225 152 276 319 207
   158  89 248  71 251 385 373 368  89 236]
  [  0 387 204  17 324  70 348 395 221 256 362  78 397 307 362 309 315
   134 223 235  96 248  78  60  14 329 212 377  85 117   5 382 167 228
   146 153   0  47  56 280  78 294 385 120 371 152 189 313  90 101 160
    95  32 186  97 133 154 286 291  10 119]
  [  0  80 174 400   1 168 132  12 162 230 275 367 397 333  68  43 273
   389 226 192  79 143 212 191 309  43  43 365  86 307 316 155  27 325
   320 289  71   0 194 295 209  68 253  78  39 151 223 219 275 282 266
   367 330  47   0  49 374 369 146 235  94]
  [  0 357 167 348  56 249  91  44 314  12 196 335 394  11  11 198 273
   213 219 176  54 340 342 185 228  32  71 178 333 283 240 185 300 317
   275 309 147 220   0 161  86  96 293 207 186 150 104   1 346 165 178
   121 274 269  52 316 215 218   8 129  62]
  [  0 394 397 142 114 173 134  77 105  61 368 361 247 149 354 112 215
   377 275  17  96 103 383  26 145 112  43 112  85 243  10 384 255  26
     8  87 300 218 206   0 163 301 310 225 397 140 293 228 151 163 327
   210 371  47 210  45 331 144  74  30 399]
  [  0  66 380 233 369 315 100 338  96 218  30   7 265 361 222 398 201
   263 235 273 203 200 353 291 273 284 279 379  16 361 109 279 123 148
   114  33 322 358 355 261   0  99 392 346 113 175 250 226  65 342 365
   301  15 372 140 281  20 237  90 177 237]
  [  0 272 191 184 175 169 292  20 299 235 112 162 293 316 328 362 132
   115  87 202  43  93  46 200 210 212 323  25 271 302  86 290 108 117
    28  85  93  28 263 275 161   0  59 294  45 232 179  59 169 243 186
   260  84 333 222 122 227 224  92 224 294]
  [  0  35 223 161 387  72 296 163 148 163 304   9 166  10 374 103 344
   185 197 306 113 190 365 336 249 306 192  74 184  84 323 309  81 360
   351 127  30 118 350  66 112  38   0 337  78  20 375 143 184 319 282
   184 140 311 322 229 356 246  63 199 186]
  [  0 355 228 178 222 129  14 383 119   6  11 193 356 163 100  40 372
    37 379  48  66 207 397 390  23  82 117 317 371 258 159 238 220 131
   253  75 372 109 248 276 360 123 183   0 127  94  11 165 147 171 163
   282  91 105  55  15 277 117 291 207 280]
  [  0 101 361 235 287 331 124 220 278 320 208 396 372 397 136 105   4
   167 310 103 250 348 368 118  45 358 380 384  82 258 306 271 236 303
   243 129 349 376 398  73  70 185  72 313   0 305 261 110 104  74  74
   195 254 257 134  92 145   4  80  57 133]
  [  0  39 177 352  97 339 257  38 297 180  15 362  58 101 275  60 272
   157 396   5 288 302 112 162 327  81  81 365 149 286 135 240 141 379
   358 107  14 223 394  38 236 154 113  23   4   0  32 301 253 133  43
   252 367  20 298 272 378 253  68  24 183]
  [  0 299  85 365 372  15  54   8 136 189 223 193 118 162 225  67  94
    33  58 158   5  62 394 359  62  16 270  75 126   1 398 272 320 270
    19 131 275 378 162 212 116 268 334 303 182 361   0 385 304 173  42
   314  16  87 168 328 143 240  75 255  43]
  [  0 152 142 175 336 284 309 361 171 353   3 224 339 119 368 375 108
   216 200 327 364  22  63  91  39 198 343 383 352 101 146 322 389  60
    26  52 324 302 260 164 302  20 360  78 267 241 123   0  49 319 391
   282 329  91 316 285 288 280 107 351 285]
  [  0 163 233 226 153 148  40 359 103 262  96 196 121 290 308 165 375
   295 312 253   9 224 343 166 105  98 314 323  44 196 165 135 100 355
    24 393  50 133  92 212  92 124 170 134 201 209 166 140   0 182 299
    55 193 119 201 150  61 208 268 394 130]
  [  0 193 234 218 266 313 145 399 240 180 352 259 225  90 306   3 381
   296   9 329 238 290 164 126  30 340 263  68 234 179 235 123 336 276
   156  94  78 283  33 254 116 275 161 179 127 292 240 339 108   0 183
   396   2 339  43 156  43 263 215 223 132]
  [  0 101  39  28 201 220 323 156  45 139 142 346 281 104  69 258 154
   300  18 241  35 119 103 116  97  87 383  54 259 197 391 208 319 178
    32 381 111  65 187  22 378 226 124 189 258 176  49  35 219  90   0
    86 179 333 260 176 322 210 338  75  96]
  [  0 139 203 119 367  35  72 137 328 101 377 221 198 167 208 254 208
   139 129 167 227  65  22 107 117 264 389 350 209 375 178 308 177 150
   130 210   0 184 204 231  14 327 266 203 215 335  68 232 170 313   7
     0 286 136  85 230 360  76 218 178 217]
  [  0 309 347  87 382 295 373 123 180  41 274 400   0 156 369 149 289
   296 264  70 350 154 269 258 105  36  36 318 257 269  12  55 278 125
   269 350 257  88 156 262  46 154 227 307 305 229 239 272  31 164 179
    29   0 168 257 250   3 360  58  75 179]
  [  0 217 262  59 189 191  32 321 287 236 107 211 194 335 148  61  71
   125 392 217 335  80 267 331 119 269 109 314 191 338 375 401 107 335
    95 145 376 211  31 263  23   9 369 292 370 144 239  74  78  17  94
    19 193   0  75 258 118  21 155 233 277]
  [  0 401   4 284  12 281 220 299 381 190 343  23 103 361  83  91  93
   238  48 138  88  57 178 118  75 116   3 127 158   0  43 396 234 357
   185  27  28 138 244 336 172 146 298 123 317  21  25  20 100 228  77
   157 336 364   0  85 293 322 129 121 379]
  [  0 247 356 223  44 154  38 355 181  82 255 328  72 384 191 236 284
    68  24 337 263 224 256  77  82  19 103  24 344 277  59 306 141 300
   325 258  11  56   7 217 250 149  45 196  58 161 352  46  33  70 389
   258  77 401 137   0 277 231 106 176 377]
  [  0 140 282 215 352 298   8 354 252 257 138 182 329  39 139 366  48
   396 123 166 207 122 182 127 169 222 309 325  90  71 215 112 180  93
   137 221 346 314   7 222 156 215 315  70 261  46 256 262 271  53 257
   207 325 268  41 371   0 397 366 200  48]
  [  0  12 350 109   0 178  19 392 127 226  12 301 201 390 130  85  12
    84 228 218 224 360 147 379 131 101 119 192 195  11  23 366 221  79
   310   7 289 380 105 182 142 306 333 280 279 210 122 249 345 312 369
   338  24 166 154 371  74   0 150 309 265]
  [  0 357 346 117 195 233 229 205 159 226 320 389 168 263 265 142 141
     5 297 206  52 296  44 353 347 270 352  19  72 397 171 246 139 242
    39 378 255  10 354 352  20  67 327 183  20 175  49  72 329 284 220
    22 103 340  61 220 250 149   0 342 359]
  [  0 199 228 147 125   9 168 178  59 332 144  94  97 236   3   3 307
   181 137 350 341  42  31  43 372 139 199  17 401 305 143  81 262 235
   295 357  17 108 148  43 132 372 343  66 121 185 247 341 369 225 193
   102 357 338 257 235 310 307 175   0 241]
  [  0  37  11  48 377 159 202  11 165  89 122 120 224 290 247  20  33
    99 387 141 210 338 211 142 321  88 165 148  21 180 107 359  43 115
   153  99 178 136 106 384 264 153 369 370  53   1 145 169 253  99 133
   296 177 224   4 210  98 166  40 187   0]]

 [[  0 245 160 168 192 375  94 353 130  89  52  12 112 172  76 113  39
    83 204 345  12  98 237 297 168 243 160 124  81 352 291 247 297  77
   222 121 173 193 162  58 204   8 127  35 245 188 376 160 123 173 306
   129 165 200 289 352 106 390 264 232 164]
  [  0   0 369 120  48   5 343 282  97 306  96  48 291 336  54 256 102
     2 183  41  13  24 339 236  98 107 221 333 222  29 326 241 110 222
   334 102 226 182 303 251 241  24  22 110  18 247 306  64 372 165 168
   214  84 316  66  24 241 322  36 109 300]
  [  0 310   0  27 267 370 354 170   9 313  83 325 242  61 152 216 354
   213  61 100 368 359 114 192 266 111 370 271 295 316 182 394 233 326
   391  49 382  61 233 377 246 127  54 238 181  38 104 374 116 166 347
   208 320 137 297 283 158  97 200 204 113]
  [  0 307 209   0 243  57 258 245 299 104 142 218 161 104 386 304 344
   118 257 142 391  56  33 173  47 210 136 170 161 218  54 237 272 205
    51 255 148  92 205 172  95  35 188 143 394 139 278 309  17 110 142
   152 143 388 400 385 155 253 254 224  48]
  [  0 159 345 365   0  57 190 363 331 203 112  47 191 152 194  28 123
    22 245 178 123 311  85   7 366 141 258 350 248  43 327  73   8 133
    10 226 381 144 178 123 250 378 204 225  30 390 345 105 167 141 268
   199  14  38 401  10 176 175  78 249 135]
  [  0 320 224  70  84   0 179  54 325 119  77 273 162 194 381 315 295
   343 227 339  56 172 230   4  18 322 365  66 206  37  93 176 229  55
   179 306 381 352 319  33   2 381 314 334 244 368 187 280 351  65  40
   282 397  14 105  48  88  85 349 234   8]
  [  0 137 118  42 131 327   0 339 190 275  41 267 321 151 211  67 144
    96 307 280 142 301  36 352 281 150 158 223 180 383 371 320 277   6
   310 199 386  99 310 162 376  40  87   1 329 265  25  38 201 105  39
   249 337 160 356 132 185 385  88 212 109]
  [  0 355 335 280  15 137 136   0  71 101 358  71 364  70 238 285  82
    15 143 223 153 174 116 329 103  66 240 272  61 205  87 248 140 342
   333 377 192 190 135  70  99  44 337 198 174 348 138  77 269 181 275
   263 207  74 364 326  13  19  95 160 318]
  [  0 399  25 136   6 374  29 325   0 109 306 210 108 196 301 284 389
   347 237  61  62 367  19 103 332 266 290 263 146 276 367  51  76 124
   319 177 219 273 222 216  93 358  81 183 378 107 171 317  57 354 227
   335  81  67 359 123   5  91  73 229  78]
  [  0  51 166 311 246 319 157 107 163   0 353  43 170 388 369 317 235
   176 363 255 377 174  37 225 201 383   3 396  41 310 305  99 163 205
   163  36 224 221 204  30 367 323 349 177 330 112 225 205 357 213 203
    26 191 334 127 115 301 289 311 263 256]
  [  0 231 371 252 120   5 231 277 121 268   0  74 302 343 198  79 159
   172 400 206 357 186 287 152 342 262 125 263 346 313 151 191  26 252
   125  50 279 316  42 160 372 392 377 381 345 400 169 378 229 226 219
   207 307 175 333  67  17 254 377 308 218]
  [  0 247 229 200 187 266 118 266 208 117 340   0  88 209 394 387 379
   285 293 345 191 127 354 354 255  22  43 172 152 393 282  20 155 172
   211  85 245 266 134 371 134 237 214 370 388 347 293 380  71 309 210
   333  53 296 360  20  25  33 186 167 200]
  [  0 379 242  41 222 182 332 289 198 167 163  15   0 386  87 273 341
   277 221 157 228 226  39 122  93 228 160 108 104 108 176 288 212 142
   175 239  36 147 109 346 227 245  22 116 210 383 252 102 230 144  60
   357   9 395   8 172 135  22 153 103 142]
  [  0  68 211 137  19 152 221 221 150  63 335 262 242   0  78 174 182
   305 162  81 258 259 189 296 271  29 106 248   4 381 116 379   8   0
   398  95 375 313 224 164 378 317 107  69  88 136  44 389 118 171  17
   225 138  85 265 116  58 237 222 360 252]
  [  0  30 269  26 186 390 259 283 172  73 142 234 208  53   0 383 203
    56 387 178 294 174  25 152 365 338  31 229 284 248 355 339   9 273
   233  83 380 384  38 192  63  21 365 115 378  90 198 234 166 216 238
   297 107 397 306 299   8 376 164   9  39]
  [  0 277 169 270 360 300 296 151 320   5  46 179 322 247 359   0 371
   172 124 248 135 296 393 278  26  74 205  83 118 327  50 119 312  86
   231  69 238  42 179 238 312 181 119 333 111 353 335  81 392 352 168
   153  23 389  87 248  53 228 241 263 302]
  [  0 184  59 311 221 131  52 119 148 155 283 248 256 121 221 202   0
   167 126  73 113 372 232  55 239 158 321  74  77 248 223 378 154 292
   213 399 374 297 121 288  25   2  21 300 150 300  26 196 204 176 387
   247 330 134 261 305 198 375 211  54 248]
  [  0  65  83 307 164  96  53 133  60 247   5  42  40  35 185  94 123
     0  50  55 293 255 165 170 393 141 276 358   4 374 186 383 370 318
   111  81 237 129   9 288 141 398 178 326 139   1 123 210  53  18 198
    98 356 158 361 225 111  54 335 190 365]
  [  0 347 107  52  45  84   6  72 141 107 220 381 311 271 297  12 141
   118   0 297 180 378 173 124 400 226 118  57 329 281 146 351 208 401
    55 146 251   3 129 226 183 396  92  30 152  64 276 115 154 100 361
   104 145 315 141  14 237 103 101 286  40]
  [  0 351 330   1 135  99  51 154 298 177  19  52  37  36 336 132 226
   275 187   0 138 122 170 114  17 312 244 230 221 339 110 179 196   9
   136 275 112 111 154  51 309 387  93 389  24  73 259  87  73  20  92
   394  27 111  24 181  78 304 270  36 136]
  [  0 377 111 249 108 203 264  55  86 380 287 259  46 349 136 336 219
     3 118 396   0  59 143 350 206 253 305 120   3 393  36 254 209 400
   321  52   5 376 137 289 361 259  13 111 251 269  93 123  12 187 287
   221 400 226 230 149 246 145 248 186 170]
  [  0 159 354 153 312 340 122 289 273 149 231  79 360 347 261 323  57
   138  64  85 135   0 210 108 389 188 124 102 131 298  95 115 197 363
   152   7 113  98 196 330  17 143 293 330  54 222  83 104  79  68 242
   127  11 167 142 325 384 314  55 240 319]
  [  0 250 258 124 146 157 334 202 280 326  10 174 237 214 360 238 396
    17 145 166 171 181   0  32 184  89 315 298 177 396 327 337  12 359
   199 198 113 161 210 210 268 393 383  68  72 179  30   3 392 263 278
   216 358 275 119  43   3 294  29  16 376]
  [  0 266 103 135 271 141 397 347 399  72 199 242 272 312  52 197  93
    20  62 345 275  51 307   0 290 168 158 101 378 175 256 272  58  82
    53 340   1 339 261 236 282 162 338  19  32 282 109 377 367 253 309
   181 288 333  66 236  23  31  87 269  48]
  [  0  67  54 195 126  94 247 311  14 201  39  36 376 393 298 134 355
    72  46 355 386  33 342 274   0   3 126 267  31 235 368 101 124 175
     5  24 359 182 216  66 200  81 249 153 234 297  69 368  25 324 116
    82 192 358 392 162 152 395 112  28 222]
  [  0  48  78 134 326 374 137  13 283  61  35  31  86 147  13 265  78
   117  15 387 238 202 277 259 332   0  27   6 240  96   4  21 313 298
    83 187 301  29 271 118 149 126 378 321 263 351   2 345  58 264 218
   174 249 185 351 216 300 356  51 285 158]
  [  0  21 149 264 177 303 264 205  72 350 311 113 230 197  22  21 127
    39  44 329 318 379 160 234 172 211   0 108  84 152 111 257  60 177
   346 350 276 332  29 297 143 302  36 177 221 355 197 359 169  65 219
   253  93  25 234 324 141  92 172  91  88]
  [  0 250 369 348 342  77 260 152 321 332 296  77 249 209 237  27 252
   199 258  56 269 220 140 312 124 371   1   0 398  32  26 335 383 335
   230  56 222  99 259 296 181 277 213  35 325 169 215 277 238 209  28
   246 282 314 227 144 324 393 211 318  55]
  [  0 212 297  11  42 137  13 305 303  12 401 125  61  16  41 295 331
   184 176 214 202 149 249 336 172  34 355 289   0  15 235 301 386 386
   380 144 385 303  83 319 172   4  99 137 362   2 178 373 223 252 381
   320 216 128  27 147 282 282 286 250 189]
  [  0  35  66 226 228  36  53  42  69 179 252 401  73 163 248  88 328
   176 289 284 246  12  97  16  97 235  44 363  44   0 308 398 176 132
   162 208 308   9 240 381 185 304 134 388 347 268 164 383 252 243 237
   217  24 140 396 370 166 223  18 308 297]
  [  0 334  96 174  19 131   2 187  93  17 233 382  40 107 329 236 388
   282 128 237  72 262  46  50 134 137  70  85 367  47   0  88 187 162
   357  51 278  90  13 207 229 176 243 340 304  40 237  20 363 382 156
     7 273 337 206 344 258  28 219 155 192]
  [  0  55 344 140 103 314 194 223 345 119 231 371  12 147 234 342 197
   232 380 202  69 324 291  79 346 399 147 125  12 336  57   0 269 381
   269 300 121 394 293  99 145  75 100 166 357 321 160 206 307 107  88
   184  22 129 183 232 390 238 219 291 292]
  [  0 382 390 108 286 117  26 101 245 255  75 172 248 179  14 164  42
    82 134 282 163 199 132 353 118 340 162 120   6 298 384 368   0 216
    23 165 158 243  71 330 297 175  98 394 360   7 154 352 257 281 285
   189  87 291 240 132  31 111 308  70  61]
  [  0 231  74 348 134 103 385 318 282  17 379  81 354 103 222 301 117
   192 342 224 103  85 373 369 277 241 152 216 283 275 130 305  94   0
   214 255  70 197 291  57  77 379  91 382 255  95 114 298 316 187 102
   227 169  52 199 137   0 107 371 326  75]
  [  0 331 189 382 132 207 314 294 264 389 171 305 181 127 302 273  62
   313 124  84 214 289 117 248 242 345 237 166 354 223 289  13 329 143
     0  90  82 384  86  12  18 308 115 209  26  16 128 289 267  17 139
    79 224  47  10 170 269 178  71 134 399]
  [  0  97 203 210 135 175 222 391 337 149 163 248 397 163  20 317 269
   229  47 379  22 117  94 200  81 150  62  85 385  73 116 262 204 236
   215   0  88 134 233  50 301 149 119 258 103  71 167  77  90  39 278
    79 355   6 242 187 400  17 243 185  56]
  [  0 326 216 145 143 327 128  65 321 335 164 256 262 127 179 393 225
   395 283 160 209 207 221 306  82 249 150 344 193 306  68 241  93 207
   154  57   0 243 328 190 388 287 261 212  94 218 260 193 346  81 359
   104  34  69 203 297 207 360 391 229 184]
  [  0 164 213 321 252 271 155  40 336 199 123  32 325 151 384 138 123
    39 113  52 122 231 250 228 168 306 371  33 191 146 360  39 330  98
   174 168 395   0 143 331 244 169 133  83 176 174 228 141 349 163 221
   111 360 164 249 170 173 386 256 315  75]
  [  0 162 301  22 243 283 159   0 285 152  78 245 177 109 373 286 241
   145 217  52 125 151  45 166 292 164 378 235 339  13 350 252 266  88
   398 270 277  19   0 233  88  65 366 197 140 144 167 363  76 178 226
   174  37  30 179 140 374 395 159 152 254]
  [  0   6  90 108 265 315 375 125  68 355 140 196 399 206 203  89 353
   169  42  91 284 197 118 180  18 167 257  92 276 311 339 305  18 130
    51 380 168 268 194   0  18 301 228 112 195 281 376  96 256 107 338
   195 304 125   0  60 230 357  14 394 115]
  [  0 223  96 306 104 140 289 342 269   1 107 301 369  31 234   8  24
   227 373  57  57 153 153 125 120 151 389   2 181 266 340 127 358  67
   128 244 159 198  51 211   0 392 269  82 145 350 231 208 136 238  81
   174 343 219 238 207 249 316 266  31 361]
  [  0 174 288  65 201 148   8 177 200 152  22  88 208 259 204 323 193
   235  17 175 288 141 277 364 128 280  70 329 110  14  90 272 164  88
   265 199 356 394 173 146 165   0 138  40 117 334 225 198 285  50 282
   272 393 119 315 266  81 223 164 118 210]
  [  0 195 132 325 163 365 100  24 302 378 183 286 212 235 242 145 113
   338 101 233 221 254  14 140 123  92  39  21 396 290 303  11 396  48
   169 200  86 261  13 350 399 283   0 245 123 117 148  18 310 247 385
   320 334 108 389  98 347 211 198 252 263]
  [  0 112 285  25 104 320 113 299  54 216 193 357  15 260  42  60  96
   401   4 359 326 123 204 174 371 114 124 262 194 287 121  87 177 304
    22 214 246 193 149  72 256 316 209   0 195 132 186  26 396  22 324
   238 383  32 115   0 205 177 263 315 118]
  [  0  32 148 400  93 198 140 120 116   5  86 155 244 131 232  60  37
   175 238 320  84 340 131 348  48  41 206  92  56 177 132  33  39 346
   385 294 387 198 142 210 181 385 195 185   0 242 187  73 226  97 159
    87 147  79 132 154 312 210  48 327  55]
  [  0 133 385 330 110 382  24 178 378 269 384  42  40 280 142 338 141
    98 384 331 129 162 111 340 142 269 103 370 202 148  92   8 398 171
   315 366 218 401   4  60 214 325 352 306 247   0  64 201 364 359 109
    38 151 190  87 100 306 113  68  84 337]
  [  0  36 235 210 111 282 180 273  80  27 240 131 364 296  73  60 368
   312  52 209 245 391 212 341  16  18 282 349  44 223  96 324 122 230
   157  77 167 229 300 187 330 211 160 141 264 113   0 173 329 227 131
    94 316 284 165 234 225 145  52 250 324]
  [  0 286  41 293  81 314 110 353 174 166   3 280 281 371 192  86 316
   101 270 203 202 241 343  71  39 312 100 177 319 334 150 285  79 390
   255 143 347 148 287 192 276 354 101 137 203  88 211   0 181 260 108
   308 196 266 188 235  57 377 229  69 213]
  [  0  47 136 327 284  36  71 223 147 265 232  63 353  48  41 110 335
   122 389 254  21  19 213  62   4  73 115 338 323 230  48 339 272 227
   345 315 135 206 311 172 148  39 401  94 162 161 377 206   0  10  80
   277 208 310  65  51 117 289  81 336 116]
  [  0 118  72 392  53 304 227 348  18 229  63 167  50 183 177 177 331
   399 362 254 167 240 142 358 228 193 395  42 154 358  21  50 187 208
   255 201 294 291  46 290 353 271 181   3  93 281 367 127  22   0 147
     3 219  60 376 341 232   0 182 155  12]
  [  0 116 358 147 148 317 338 202 307 164 312 246 261  71 149  50 105
   198 194 384 126 111 291 367 113  29  59 360 216 313 259 367  72 388
   159 390 191  44 157 197  89  83 236  66 100 385 275  82  28   1   0
   320 181 262 142 349 291 187 132 283 364]
  [  0 395 140 120 103 192 171 147  28 132  57 272 196 168  50 297 253
   185  94 165  26 294 192  92 286 134 323 111 145 210  92 347 151 221
    15 286  26 328 276 153 103 199 310 335 341 314  58 233 168 310 180
     0 221 132 183 251 364  35 107 142 268]
  [  0 138 395 199 181   3 351 233 327 205 166  64  29 281 290 401 155
    42 125 262  93 172 117 277 256  63 362 184  78   2 300 111 186 309
   369  97 391 141  30 339 398 276 123  96 393 140  41 124 239 386  24
    43   0 387 225 224 204  50 343 269 223]
  [  0  92 376 171 321 260 115 297 150  15 178 142 267 352  12 309 121
   151 252 307 298 227 169  86 384 195 302 397   9 297  47 136 260 228
   229 117   1 309 165  73  46 228 150  74 354 294 221  13 171 359  65
   215 361   0 266 142  30   3 221 234 318]
  [  0  81 237  30 163  15  40  27 164 133  58 360 212 166 391  62 138
   165 115 155 345 246  80  68 290 231 186 158 363 210 165 229  80 173
   168 352 184 335  80 270  62 318 116 344  14  38 148 370 259 272  34
   199 277 264   0  12 135 328 338  96 215]
  [  0  85 117 237 219 138 264 287 164  90 100   0 190   6 167 139  17
   267 323  17 123 390 235  85 395 165 145  97 144 266 260 367  62 334
   312  50  94 333 225 383  60 252 306   6 116 119 222 383 182 243 353
   342 150  71 103   0 126 240 113 155 275]
  [  0 299 312 382  91 299 199  85 121 316 351 116 390  56 172 166 375
    26 212  48 318 155 304 115 341 236 119 279 349 269 278 342  75  10
   201 339 210  74 311  60 192  27 175 325 285 293 151 361  56  10 281
   131 223 116 214  11   0 251  79  24 272]
  [  0  93 295 256 234 391  59  24 148  73 386 162 214 314 368 262  56
   267  45 283 176 131  55 203  54 148 376 239 385 104 158 289 167 294
   266 122 122 287   1  44 134 357 192 296  54 105 336 356 232 382 267
   277 216 259  11 194 302   0 257 360  96]
  [  0 382  22 333 126  57 238 127 378  85 164 299  97 301 214 322 310
   298  75  78 103  59   7  52 304 257 233 292  79 210  23 210 102 189
   347 192 306  29 190 273 155 264  50 290   3  90 123 228 145 351 154
   385 328 100 375 109 334  92   0  13 208]
  [  0 114 197 217 170 379 238 117 267 310 153 378 314 166  23 298 186
   214 171  30  40 286 159 371 180  70 152 302 180  64 325 271 360 332
    52 383 227 159 182  74  64 203 179 205 112 270 179 360 100 379  18
   106  82 198  13  24 124 294 244   0 317]
  [  0 207  82 304 324 231 224 159 182 202 327 371 259 285 380  52 152
   306  56  42 183 376  62  50 178 304 333  63 258 251  22 174 356 371
   270 336 350 223 341 172 365 123 384 348 246 391 374 154  58 397 163
   197 258  69 110 226 279 134  15 226   0]]

 [[  0  59 122 335 157 163  34 209   4 118 330  70 132 188 245 209 262
   225 357 280 315 238 400 149  88 393 355 290  60 174 352 221  69 379
   352  56  73 128 237 224 345 285 143 249  48 209 198 171  95 331 286
    92  42 381  70 106 137 236 199  42 367]
  [  0   0 104 182 315  20 195 346 326 233  88  35  11 391 269 157 353
   275 247 336 395  14  83 203 399 186 339  85  31 144 258 378 313 386
   148 394 171 215 110  16   8  51 270 325 340 361  95 195 392 299 289
   195 268 295 288  88 396 210  31 300 226]
  [  0  23   0 378 155 134   4  31 108 317 310  59  75 211 388 209 232
   298  38 274  28  71 319 302 362 156 289 337 151 272 212  84 119 362
    98 278 376 148 250  89 295 100  97 117   3 195 401  11 369  18 141
    78 214 303 186  32 321  79 386 206 383]
  [  0 110  49   0 171  56 140 330 121  45 394 292 324   3  28 184  55
   339 260 285  38 197  40 208  95  12 338 120 229 289 323  49 256  86
    27  24 272 206 196  56 271  30 115  97 224 162 324 291 239 112  65
   244 207  22  19 167 125 193 375 278 121]
  [  0  29 255  70   0 338  22 197 272  10  39 212   6 173 386 319 163
   294 313  29 100  72 259 283 188  71  83 302 220 325 162 156 392 252
    38  55 310 208   0 106 121 186  83 127 366  20 261 359 115 371 153
    83 246 279 320 221 210 178 253  76 330]
  [  0 344  28  38 157   0 199 336 262 188 184  81 227 198 305 153 387
   160 226 222  17 273  84 326 288 251 323 162 332 180 298  98 253 302
    55  42 292 397 221  69 216  65 324 191 216  92 342 165 120 318  13
     6  21 173 381 122 338  20  63 194 172]
  [  0  59 317 291 107 173   0 148 126 208  74 239 147 337 325 134 358
   149  24  85 249 284 207  45  20 200 375 379 195  31 253 130 109 225
    58 228  62 269 186 186 113 393 180 345  62 162 274 344 196  85 256
   353 175 243 263  41 332  80 388 280 237]
  [  0 124   3 127 239 170 254   0  88 220  61 179 135 374 129 324 258
   107 331 141 221   5  74 249 389 287  38 198 103 216  66  78 369 348
   162 283  84 333 179 128 199 139 259 207 210  72 205  39 175 275  46
   298 147 278 250 232  43 143 141 228 179]
  [  0 136 128 260  37 254 383  11   0 197  38 142 389 355 223  92 109
   119 323  74  97 373  94  31 349 229 170 311 141 286  60 197 372 216
   365 299 265 244 310  80  65 104 349 121  31 211 287 168 135  78 129
   104 211 372 103 340 156 220 379 393 206]
  [  0  30  43 336 134 306  79 161 238   0 166 216 264 137 105  64 286
   361 382 269  62 102 207 217 355 311 343  45 335 274  75  44 342 218
   204  79 175 199 235 186 325 231 292 351 116 315 386 242 338 193 343
   400  74  77 127 322 155  13 149 147 309]
  [  0 327 380 185 352 331 280  81 268 281   0  53 282 220 112  67 332
    12 172 111 120 302  47 324 346 215 275 195 327 261 190 207  89  34
   320 164 308 225  44 172 281 221 367  55 118  88 260 308  39 134 240
    31 297 185 119 187 122  95  70 131  12]
  [  0  92 161 104 305 132  48 337 234 176  13   0 103 221 275 119 164
   284 196  60 237 110 214   9  62 334 261 169 360 326 365 170 111 289
   334 364 184 238 348 222 200  22 292 392 159 158  56 258 190 328  47
   364 248 327 230 292 278 247 201 147 329]
  [  0 381 392  51 296 350 315  26 154  72  81  47   0  65 141 213 126
   342  95   8  30 180  65 360 322 304 355 315 115 336 200 372  13 202
   342  13  93 204 389 206 109 399  67 248 205 394 333  44 199 263 102
   226  41 387 310 331 165 121  46 347 359]
  [  0  35  77 387 250 309 206  24 156 325 122 105 110   0  91 167 194
   199  85 389   1 164 378 100  80 257  28 202 162 212 105  23 352 300
   227 367 201 335 347  20 158 284 314 350 179  53 111 199 112 134 276
   246 184 216 217 287 316 260 140 294  39]
  [  0 225 388  87 217 166 198  13 244 281 275 385  85 246   0 378 289
   235 168 179 296 301 279 280 332  34 341 325 343   2 126  31  87 154
   152  80 107 116 238 177 190 110 316 229 347  73 170 348   5  77 289
   254 373  79 363 272  97 137  28 302 244]
  [  0  55 173  99 205 193 159 277 361 393  95  22 158  59 370   0  54
   212 191 269 128 395 230 368 179 372 146 353  51 119 133  44 231 235
    30  38  18 203 384 279  95  24 355  91  68 240 270 167 252 295 185
   117 114   7  98 178  75 239 143 127 326]
  [  0 361 288 302 198  43 348 107 394 216 129 110  15 190  65 177   0
   219 279   8 321 157 338 105 381 155 129  42 375 394 197 256 237 257
   208  67 381 205 307  59 249 376  67 296 226 369 330 316 297 394 247
    25  81 400 228 122 125 319 315 401 386]
  [  0  89 111 302 259 162  28 185 185 165 231 315 226  72 241  41 131
     0   6 176  98 136  36 101 166  61 121 116  64 234  66 324 316  84
   176 305 336 247 113 216 196  75  13 335 358  82 379 151 125 210 360
   254 113  10 205 235 356 311 396 349  46]
  [  0 254  13 151 377 363 247  15   7 255 204 269 221  56 353 300  35
   241   0 151 333 273 310  76 103 108  15 223 127 332 203  42 282  92
   121 317 258 147 391 191 158 123 339 309 386 356 152 228  89 327  37
   395 387 121 166  23 255 168  35 110  81]
  [  0 222  11 112 289  92 297 327 185 110 263 207 318 204  95 213 286
    99  20   0 296  60 109  47 197 172 325 346 395 360 343  83 287 112
   222 118 203 344  92 248 116  21 103 120  32 171  26 386  23 258 204
   368 353 240  34  91 143 240 248  51  45]
  [  0  90  13 243 134 248 304 371  38 388  69 273  40 224  62  80 362
    51 173 388   0 163  70  87  29 271 390  18  59 294 208  26  91 371
   283 375 209  90 312 204 345 268 261 367 256 251 282  54  40  43 275
   165 340  86 308 124 187   4 166 389 371]
  [  0 287 306  45 236 388 342 216 362 199 364 371 360 267 157 375  19
    63 221  25 315   0 157 109 201  38 115 111 334 123 129  28 110  74
   302 157 171  84 104 285 317 209 193 345 261 173 204   3 176 193 222
   148 183 347 214 117   9 185 286 171 239]
  [  0 201   3  55 171  86 299 169 305 228 277 338 190  74  98  19 135
   142 190 188 383 372   0 125 188 350  85  57  91 316 212 122 129 135
   150 337  79 215 300 100 262 326 335  59 364 315 326  37 171 169 322
   101  55   1  87 391 208 391 321 193 265]
  [  0 226 122 366 334 158 215 325 230 176  32  23 256  59 162 159 213
   330 307  70 177 299   5   0 288 318 183 329 290 155 383 174 103 197
   112  15 270 401 180  40 141   9 379 370  78  66 273 173 400 188 162
   167  99 297  64 215 384 146 204 333 124]
  [  0 317 180  26 159 102  61  72  40 176 203  70 271 381  81 151 136
   121 132 376   1 393  20 385   0  10 282 133 149 144  79 212 375 341
   354 176 182 290 238 290 342 269 162   9 114 229 296 233 190 363 265
    86 238 285 257 397 214 119 115 278 225]
  [  0 350 323 110 280 130 338 216 117 179  22 293 119  83 370 230 189
   309 217 111 315 343  28 192 278   0 137 143 261  55  41 140 189 394
   138   6  87 384 283  83 356 108 374  89 212 150 320 255   4 387 243
    37 281 100 213 154  60 371 316 268 126]
  [  0 361 150 248 313 127 286 399 248   6 205 348 348  20  76  61  14
    41   4 166  90 369 200 319 202 375   0 133 161  67 351 232  84 231
   229 318 281 254 365 203 119 122 356  14 354 327  89 286 194 398 329
    82 147  67 169 327 360  96 105 130  73]
  [  0 291 222 249 234  81  32 118  98  64 213 364 367 173 115 233 308
   366  94  29  31 146 336  99 379 108  75   0 362 266 197 256  86 244
   299 189 363 343 341 176 118  43 369 385 298 326  35 104 215 208 217
   399 276 269  85 204 311  50 353   7 118]
  [  0 393 304 116 118 102  31 356 113 103 130  83 189 355  85  96 116
   359  42  26 325 356 161 329 212 162 388 337   0 185 384 169 111 192
   378  60 281 120 186 272 207 284 376 175 198 293 307  39  82 363 298
   341 158 284  27 101 306 317  37  39 395]
  [  0  60 110 120  71  32 391  89 196  83 253 198 163 196 150 231 209
   160 133 360 102 270 254 218  41  20 172 106 155   0 276 220  84  10
   222 141  48 400 145  87 302 335 144 195 401 112  22 380 355  25 246
    47   7 157 246 370 132 240 177 374 382]
  [  0  13 168 259  55 146  84 333 342  74 115 142 166 125 321 285 336
   334 296 382  15   9 401 145 125  54 119 322 176  73   0 396 374  96
   384 338 333 150  81  33 386   1 139  48  45  12 332 309   9  73 220
   283 194 128 304 261 227  43 181 251 143]
  [  0 252  89 313 139  97 347 248 354 118  85  26 296 289 253  65 106
   116 103 314 177 102  58 260 327  12  82 175 216 302 228   0 226  34
   268 301 196 315 383 198 129 266 317 172 216 130 248 350 193 289 376
   323 303  91 209  83 358  15  82 260 317]
  [  0 281 362 385  88  35 159 199 208  13 332  49 223 172 203 232  35
   221 150  29  58 361 223 349 322 259 273 286  54  92 171 241   0  98
   379 183 323  16 185 380  71 308  91 235 342 328  16 301 357 290 102
    61  55 155 193 266 337  82 361 364 346]
  [  0 346  47   6   6  10 283 354 108 385 117  80 374 318 269 186 252
   344  38 305 339 384 361 336 139  11 355 249 332 151 176 138 385   0
   162 356  93 163 130  74   6 391 384 393 153 337 174 184 170  77 311
   317 366 172 333 169  26 352 237 163 246]
  [  0 327 212  46 190 386 291  58 374 133  87 191 195 363  52 323  17
   201 271 188 138 378 164 144 304 339 363  28 382 177  50 110 270 277
     0 229 340 240  33  75   8   1 249  68 149 285  64 156 181 379 328
   114 317  66 258  36 115 171  30 358 376]
  [  0 103 152 262 282 306 349  47 205 272 219  91  61 272 313 182 121
    45   5 393 399  61 130 376  43 188 278 155 126  96  23  17 196 142
    22   0 320 206 256 258  26 143 360 133 103 355 229  98 266 226 381
    62 160 307 358 101 102 371 141 310  26]
  [  0  85  17 306 300 302  57  75  91 209  40 189  69  26 393 267 321
    71  28   1 357   7 169 205  58 156  22 182 333 205  64 193 199 273
    66 173   0   5 382  96 368 229  99 151 270  93 243 158 223 258 102
   341  23 112 350  41 110 272  25  20 136]
  [  0 353 239 230   6 251 102 252  25  68 135 230 333 250 240 343 344
   321 243 119 286 119  86 204 316 285 134 364  84  43 384 317   9 245
   151 283   7   0 348  81 165 127  50 355 245 115 220 173 248 398 149
   243 123  17  67 216 371   5 216 389  76]
  [  0 345 191  60  12 220 249 252 372 169  45 178  93 302 386 308  11
   142 390   2 148 135 329 108  82 390 106 355 287 217 396 110  61 219
   365 205  25 204   0 236  80  35 370 323 369 290 302 217 359 366 159
   205 197 170 318 358 368 376 312 187  57]
  [  0  72 130 127  60 334 261 143 387 116 247 196 115 286 378 103 320
   282  69 322  85  19  86 111 327  91 190  76  96  53 101  78 116 210
   191 340 364 258 168   0 198  82 266 152  22 257 339  36  82 229 161
   105 382 234 225 294  84 137 294 128  44]
  [  0  73  98  37  12 285   4 122   2 331 391  52 183 292  95 262 361
   359  17 365 280  79 230  94 288 341 106 138 187  12 152 134 333 316
   194 231 215 185 179 243   0 179 256 332 250 115 223 353 272 258 150
    37 283  67  77  98 241 328  15 325 401]
  [  0 167 191 392  36 114 126 362 218 140 207 231 400 355 331 238 289
   343 127 155 160 206 252   8   3 131 237 365 149 374 201  98 357 128
   100  29  18 147  49 360 154   0 232 167   0  44  25 162 393  65 224
   202 347 294 361 127 298 176 346 381  24]
  [  0 336  48 345 178 338 320 168 177 353 319 114 352 118 223 259 240
   121 309 235  69  74 350 212  58 121  11  22  20 366 341 376 350 230
   326  24 397 340 295 213 265  68   0 182 211 308 160 204 227 183 301
    15 204 350  61 229 295 229 393 351 276]
  [  0 221 126 189 114 153 318 270 373 132 306 125   7  29 188 245 254
   239 382  74 233 288  15  92 207 133 265 393 140  65  45  78 399   0
    98  95 164 168 352 385 144 316  98   0   9 174 355 328 213 107  55
    61  36  17  70  78 381 341 315 383  61]
  [  0 185  91 104 160 290 299 306 365 174 243 152 263 206 266  35 119
    92 304 182  86 209 161 390  54 190 325 255  39 342 319 115 141 376
   203 115  15 107 151  44 382 187 115 251   0 183  35 182 204 329 230
   277  63 179 285 274 378 277  74 109 214]
  [  0 303  97 181  15 222  40  36 120  17 358 231 243 234 148  25 363
   377 129  97 186 383  35 117 179 166  55 185 372 376 230   1  86 251
   254 184 196 333   3 250 249 249 303 111 212   0  81  27 257  93  26
    32 371 104 140 154 264 131 292  40  36]
  [  0 236 106 243 389 110 376  64 362  55 200  20  62 359  73 104 247
    22 308   9 388 229 243 186 237 311  49 281  61 384 216 191  82 151
   127 366 202 183 283 394 149 255 308 123 303 355   0 133 371 344 199
   196 288  80 394 222 148  15 319 268 103]
  [  0 150 273  30  79 246 106 340 353 240  88 292  12 229 282 166  37
   296 222 105  51 100 366 341  28 336 397   9 146  40 372 399  71 366
   131 317  14 372  87 140 345 251 242  95 218 305 249   0 346 202 108
    21   5 171 399   0 122 164 294 107 210]
  [  0 182 371  17 300   7 214 398 345 171  24  60  24 331 140 315  54
    17 333 313 319 288 140  75  10  86 165 129 238  41 318 314 252  38
   314  34  22 260 292 209  38 175  70  16  88  46 173 308   0  36  42
   221  63 261  56  46 271 383 219 113 326]
  [  0 334  55 220 145 100  33 231  14 388 393 289 396 328 197 328 123
    33 296 244 172  52  66   5  10 262 347 306  63 319 100 155 321 319
   108 160  72 311 285 331 393 175 260 184 179 228  53 246 305   0 319
    81 393 345  81 123   9 335  55 164 204]
  [  0 331   2 372 122 229 177  38  58 101 170  92 183 282 367  85  91
   346 126  64 122 105 105  34 176 181  98 163   8 149 129 119 383  57
   131 295   7 171 182 390 252 211  84 226 106 222  95 356  63 166   0
    18  25 105 173 272  49 103  35 192 306]
  [  0  26  47 390 116 129  38  35 161 194  28  18 199   3  55 293 176
   155 343 127 245 167  85  26 235 103 315 109 261 164 285 322 207 150
    66  16 305 116   5 159  12 176  23 362 109 311 200 194 140 104 295
     0 234 145 231  34  35 190 393  94 117]
  [  0 293 180   3 279  72 323 352 292 146  33 343  17  76   0 239  79
   203 249 151 303 245 241 359  32 248 219 170 211 240 158  45 157 286
   250 375 301 378 214 222 124 279 138 310  36 329 279 310  98 172 123
    17   0  96 142 342 229  65 209 396 206]
  [  0 105 329 105 143 398  71  11 240  11 222 272  71 241 185 396 340
    59 131 156 396  54  15 351 351 325 115 285  95 100 203 180 257  96
   129 334 276  74 363 374 104 307 322 227 274 360 286 310 325 183 397
   182 292   0 286  57 219 296   9  32  65]
  [  0 353 342  29 319 356 319 311 186 171  16 246 381 125 134 376 205
   278 229 132 106 383 347  38 242   4  71 158 230 258 165  30 302 157
   285 269  67   9 358 399 220  24 291 185 325 219 336  12 312 127 388
   338 388 206   0  24 287 258  94 391  53]
  [  0 196 154 263 390  65  80   3 203  22   8 155 199 101 393 225  85
   243 210 143  37 209  83  80 103 103 252 284 160 155 193 387 128   8
   119 291 200 338  89 161 210  66 123 320 165 237 184 209   1 122 246
   186 258 400 284   0 170 108  10  49  94]
  [  0 183 127 309 123  66 290 139 249  33 327 217 280 106 357 247 263
    88 289 207 166 301 282 337 167 143  23 367  47 186 242 253  89 301
   386 273  38 289  95  77 168 223 329  32 334 292  53 156   0 232 300
    78 377 400 347 133   0 349  64 343 319]
  [  0  12 112 221 299 303 195 131 308 161 358 301 261  29  72  96   3
   101 230  12 150 280  44 172 361 109 148 155 228  22  53  96  44 323
   145 139  64   2 240 337  48 163  27 181 142 169 395 257 247  78 339
   205  33 204 261   2  91   0 391 101  22]
  [  0 364 227 217 150 333 106 121 275  74 255  40 334 110 140  50 204
   254 250 369 310 326 156 228 364 248 161  69 127  51 373 350 365 337
   152 269 324 234 244  81 152 127 319   3  75 271 328  70  82 294 170
     6 326  82 197   2 377 239   0  54 113]
  [  0   0  36 323 359  12  70 190 240 400 299 356 125 387 101 287 356
   368  63  45 398 367 152 225 150 280 125 267  91 345 338 308 341  27
   299 235 229 273 380 288 160 272 393 306  43 220 114  58 266  73 366
   221 146 256 385 222 264 265  81   0 282]
  [  0 139 357  47   6  87 227  81  75 175 185 399 207  26 144 279  11
   399 250 398 224  21 154 208 379 328 357 191 259  36 200  90  92 276
   197 270 114 182 357 377 212  79 319  42  34 199 319  57 361 157  69
    91  23 229 134 195 285 346 231 186   0]]]
release_time
[  0  59  13  56  90  87 117   0  48  27   0   7  54  22  19  97  98  57
   2   9  22  85  15 116  21  16  13   2   1  51   2 121   4  19  12  35
  90   0  78   1  35  80  14  52   5 206  84 161  30  56  14  11  44   1
  26  32  99  60   8  34 135]
due_date
[  0 112  19 149  98 132 128  44  78  94   0  34  84  55  99 106 100  64
  93   9  59 144  19 141  45 101  28  47  57 162  11 138  29 146  18  99
 112   2  97   3 129  96  14 569  73 347  94 164 123  80  60 137  50  27
  62 163 152  84  79  36 137]
unit_emission
[16 13 14 12  8]
emission_limit
45303.8
setup_severity
2.0
due_tight
0.9
due_range
1.0
release_tight
10
degree_constr
0.2
