mach
5
job_rate
12
weight
[ 0  9 10  9  9  7 10  5  2  8  7  3  8  6 10  6  5  5  5  4  5  6  2  4
  7  1  4  7 10  7  4  8  8  7  8  3  4  2  7 10  9  3  4  2  4  6  8  3
  7  4  3  4  1  4  3  5  8  6  5 10  6]
proc_time
[[  0 142  77 101 119 143  76 129 107 117 136  51  83 122 101  59 149  77
  108 130  71  73 105  50 132 125 121  96  77 108  84  97  81 102 106  77
   76  79 108 102 119  50 127 150  96 115  72  65 117 108 139  63 121 118
  103 127 127  51  69 147  93]
 [  0 120 121 109  50 125 103 120 128 122 101  93  77 106  65 141 121  83
   83  62 107 106 142  77 111  76  78 108  67 104  84  97  65  83 130  85
  139  96  94  74 106 147  61 134 148 119 118  56  50 108  76 129  69 118
  112 137 117 107 147  50 112]
 [  0 114 126  54 148  77 135 125 119  90  71 143 114  71  56 146 123 123
   93 121  63  50 127 117  99  81  98  68 137  95 126  94 109  74  50  55
  144 117 130  66 121  84  83  71  78 108 104 103 130 120 100 121 147 124
  133 108  72  66 143  81 100]
 [  0  73  62 141  57  71 150  83  74  72  86  66 132  81  61 106  81  84
  128  93 104  54  61 118  87 140 133 123 121  56 124 136  73 123  81 123
   75  77  55 110 106 130 150 100  51  61 132 106  75 111 133 137 102 102
   74 132 107  97  50 145 141]
 [  0  89 133 130 103  63  93 144 100 127 137 136 102 123  70 104 132  74
   88 142 127 146  71 137 117  59  83 143 104 130 126  67  60  54 140 116
   93 132  70 128  73  51 135  59 116  63  85  64 109  81  94  89 138  59
   50  91  66  65  99 120  58]]
setup_time
[[[  0 213 195 376 182  65 276 392 245 178 286  29  36 185 395 125  82
   184 159  37 232 382 336  80 348 331 351  24 181 195 177 124  75 358
   195 212 111 129 225 381   7 236  53   2 391  35 327  69  96 311 371
   147 360  25 129  99 147 272  99 318  68]
  [  0   0 201  12 321 403 141 156 315 208   9 277  93 346 274  11 367
   128 152 147 130 135  32 301  28 309 242 353   9 237 235 262 232 297
   320  69 193 101 139 245  48 359 313 292 388 173 135 234 234 286 287
   144 124 285  50 311 168 306 275 341  70]
  [  0   0   0 199 291  62 271  80  57 228  67  64 123 289  81 329  10
   140 105 166  18 215 268 324 187 402 157 340 337 308  84  11  62  34
   369  36 192 376 380 127  31 231 318 272 189 207 195  31 329 185 253
   295 113 363 293  22  37  96 179 276 241]
  [  0 295 329   0 245 271 261  66 129 111  76 314 136 119 225 268 208
   180  68 189 150 120  12 287  23 123  21 381 375 126 282 310 149  73
    11 391 401 343 353 249 306 105   6  98 377 358  55   7 329 292  87
   367 295 300 196 289 356  13 232  54 350]
  [  0 120 375 387   0 358  88 136 160 352 355 184  87 235 173 352 352
   234 327 136 339 205 325 134 220 272 207 164 356 208  16  93 109 390
   356 186  55 236 354 159  18 292  47 105 253 248 160 186 109 262   7
   326  38 331 147 329 281 194 242   6 331]
  [  0 208 341 184 324   0 342 299 243   0 189 224  86 123  25 257 249
   127 336 198 327 234 203 337 224 309  85  11  27 240 104 345  64 239
   264 162 272 236   0  91 166  97 378 270 164 264   5  92 199 321 124
   249  36 366 257 224 202 349 256 244 141]
  [  0 256 135 154  57 218   0  46 349 127 272  29 295  25 193 189 136
   128 173  28  32 196  65  24 192 233  81 193 311 137 181 249 358 373
   111 357 310 142 359  37 386   5 196 105 329 345 314 400 235  12 336
   109   3 160 340   5 303 100 339  19 152]
  [  0 139 136  19  35 310 223   0 237 174 342 387 189 346 314 334   9
   284 393 255 217 393 275 118   4 363 107 386   0 377 379 395 270 288
   291 201 224 309 315 374  88 263 240 335 328 124  92  40 237 345  88
   380  93 268 108 276 396  77 303 265 300]
  [  0  35  73 221 197  15 305 211   0 156 366 273 118 198  71  85 274
   209  17 182  32 325 119 307 196 328 335 254  70  14 118 120  28 247
   357 170  48 354 205   3 346  53 220 313 117 180 358 306 193 262 230
   350 171  25 269 339 216 343 380 396 125]
  [  0 173 102 387  53   6 116 310 152   0 171 402 324 104 136 332 233
   210 347 249  61  78 344 193  49 267  57 189 245 336 219 185 386 133
   129 375 376 118 182  51 322 216 306 210 134  49 319  16 361 378 136
   263 231  84   5 389 378 374 285 251 304]
  [  0 326 166 144 291  19 130  94 279 175   0 150 214 232 257 315  33
   126  12 289 350 239 330 387  96 151 227 342 106 140 309 138 111 381
    75 182 185  51 262  40 105  53  94 256 403 287 251 272 243  71 382
   318 251  13 306 186  73 381 305 221 100]
  [  0   9  98  44 398 279 168 264   2 321 377   0  94 113  40 152 348
   136 123  36 401   9 273 352 293 133 176 165 370 363  38 110  53  43
   130 181 186 357  76 267 102 326 282 291  99 102 266 333 169  40 343
   220 349 172 177  19 398 241 385  26 110]
  [  0 122 173 138  46  95 110  26 282 306 109  79   0  68  75 312 383
   364 344 147  50 116 372  56 306 156 132 111 240 319 272 197 369  45
   207 160   7 105 256 289 373 183 138 138 261 266  56 148 209 293  36
    62 191 299  28  41 337 342   5 323 212]
  [  0 180 392 116 235 245 363  87 146  73 385  11 263   0 132 197 119
   110 149 133 282 225 284 245 273 332 380  21 170 353 252 166 241 283
   241 386 330 220 251 192 386  92 222 282  21 362 146 396 323 321 361
   347 193 197 380  10 106 310 376  98  95]
  [  0 267 219 154 127   6 120 400 216  92 114 321  99 326   0  85 249
    50 112  32 278 179  54  38 359 288 223  13  66  91 172  71  51  48
   133 392 141 186 352 244 322 146 313  10  46 322  55 222  22  62  34
   396 318 224  36  82  16 373 376 147 145]
  [  0 229  70 145 308 256 398 225 353 212 401 366  50 202 189   0 365
   129 160  14   4 209   3 395 334 347 306 247 298 402 323  38 377 377
   117 191  99 386 132  68 381 208  36 129 241 110  37 393 267 139 223
   246 372 353 244 125  18 110 242 344 298]
  [  0  57 216 182 193  76 337 394  32 147 210  73 327 279  79  64   0
   211 213 170 105 131 246 290  30  60 124 346 294 237 268 117 256 167
   116 165 383  81 176 368 134  92  38 375  28 183 106  57 276 388 333
   347 165  34 386 308  49 341 350 219 194]
  [  0 249  66  63 157  53 349 390 107  55 231 147 150 363 156 100 162
     0 323 187  12  63 352  98 398 325 295 347 174 194 136 278  50 163
   110  45 252 122 204 392 303 235  65 307 346 287 278 209 179  64 276
   179 362 387  56 133 299  94   0 388 386]
  [  0  40 289 173  47  98 402 302 297  34 296 151 136 193 219  32 388
   314   0  58 267 243 268 401  67 375 393 383  76 256 144  22 384 107
   173 269 337 164 224 174 166 162 220  20 297 238 187 210 284 149 144
   252 194 174 264 218   6 149 384 300   4]
  [  0 343 133 344 280 330 256 395  11 203 224 324  44  62 338  37 339
    92 136   0 363 304  77 321 259  18 152  89 118  82 292   4 217 297
   267  80 123 374 122 297 322 149 141 354 154 395 280  82 115  53 147
   365 229  92 110   9 285 327 267 109 390]
  [  0 305  24 174  88 268 199 266 269  25 144 374  17 306 304 343 209
   102 132  35   0 398 113  67 224 116 295  37 268 150 260  13  39 197
   380  15 131 383 165 199 356 183  70  45 190  63  23  46 362 252  62
    12 225 259 359 294  55 394 331 389 302]
  [  0 195 122 293  42  60 351 251 236 196 340 301 274 345 278  27 386
   397 281 181 229   0 401 278 199 400  30 367 140  28  86 287 199 144
    86  50  99 308 324 165  77 132 283 373 267 350 205 395 198  62 393
   110  64  53 160  78  76  69 164 100 401]
  [  0 190 135 109 257  12  98 373 393 324  53 202  98   0  84 127 348
   313 187 210 346 353   0  10 287 125 172 131 291  87 112  34  45 262
   233 328   7 151  82  13  72 380 286  23 311  84 240 272 350 280  50
    19 154 403 115 147  34  97  47 114 203]
  [  0  93 296 245 120 144 229 208  91 318  87 160  73 121 243 146 383
   364  86 139 389 269 171   0 249 174  73 164  81 195 134 177 262 295
   208 264 307 226 392 133 187 273 291 202 390  18   4  52 369  76 395
    51  25 254 357 360 112 100 164 402  36]
  [  0  65 177 262 307 349 254 283  21  35 375 397 385 195  52 202 107
   219  72  44  51 366 385  50   0 144 327  55 101 378 168  93  44 272
   246 132  26 338 388 344 331 393  85 256 309 186 126 323 369 355 172
   120  32 287 127 399 327 218 289  85  95]
  [  0 342 330  49 367  34 318 373 345 401 222 122 282 279 383 211 333
   400 265 234 268 156 242 120  75   0 268 390  73  73  35 118 324  44
   361 203 254 291  40 248 112 219 360  12  46 213 307 151 331 245 395
   386 206 397 327  35  65 204   8 294 206]
  [  0 115 295 135 386 167  54   3 290 298 335 307 190 257  49 133 349
   165 165 292 384 170 144  84 290 377   0  91 279 335 368  36 389 369
   140  36 170  53 216 230 264 194 158  72 344 184 337 121 272 169 215
    64 308  78  77  11 371   3 186 129 210]
  [  0 398 146 138  38 349  11 170 300  78 273 384 239 199 403 204 192
   325 137 286 153  80 335 357 290 348 345   0 205  45 240 263 147 384
   328  12  90 246 226  76 201  53  66  13 370  44 114  94 209 380  26
   184 349 251 227 266 155 244 326 177  18]
  [  0 177 113 385 187 219 247 101   9 264 287 323   4 230 204 202 305
    92 299  99 160 315 286 192 149  41 398 266   0 232 108 209  22 355
   112  98 164 292 363 380 102 232 282 364  62 244 375  60 334 158 304
    83   4 214  33 361 339 352  25 304  42]
  [  0 275 327 116 120 375 297 392 204 188 225 324 159  91  24  10 306
   242 285 168 399  14 202 306 311 115 222 181 335   0 124 152 150 370
   272 104  81 298 109  40 261 192 376 310 201 193 364 248  37  88 323
   272 251  95 111 134 163 327 326  52 188]
  [  0 151 302  76 379 317 244  25  44 137 104   8 390  45 374  21 341
    43  38 104  30 146 210 170 176   1 282 402  35 214   0 186 241   4
   135  11 358 226 278  61 261 368 100 312 268 337 295 303  54 245  44
    17 196 117 273 260 242 158 174 293 340]
  [  0 101 322 372 397 330 197  34  63 389 101 220   8 348 296 201  34
   341 279 366 303 153  11 312 264   9  43 341  61 298 126   0 199 221
    53 135 231 142   5   7 377 390 265  77 162 318 133 100  48 225 369
    97 193  98  52  27 402   4 199 217 103]
  [  0 325 372  41   7  31 386 244 182 376 187 224  64  16 376 346  93
   143 364  89 182 334 352 395 371 109 311 347 373 394 308 282   0  36
    55 326  22 300 258 336 114  77 248  12 225 385 230 105 229 339 133
   271  90 362 353  52  18  70 341 332 201]
  [  0  54 124 349 284 373 167  64 329 135 223 152 328 336 386 256 402
    36 319  35 380  37 386 157  28 173 353  11 111  18 239  91 323   0
   196 306  79 165 298 313  90 180 322 189 110 138 214  48  21 264  27
   135 110 298 132 108  79 111  90 239 179]
  [  0 234  52 195  86 200  50 149 254 306 182  19 272  45 277 322 167
   285 172 213 120 289 215 316 335  73 401  86 179 236 397 351 388 237
     0 199  13 338 210 165 295 360 228 275  42  39 271   5   7 402 273
   298  50 372 167 248 105 350 376 329 169]
  [  0 301 142 153 110 136   0 239 221 233 225 362 137  57 347  99 139
    65 260 109  10 329  12 361 147 352 332 104 228  93 268 270 357 348
   152   0   9  58 304 367 363 361 387 289  57 298  98 283 154 297 377
   102   2  90  15 123 238  59 302  23 329]
  [  0 368 145  53  72 356 180 217 230 120 277 182   1 292  92 327 142
   338 380 349  79 112 152 250 285  28 162 264 250 384 197  29 166 111
    62 173   0  12 118  99 370 145 118 146 235 287 351   7 244 295  96
   181 278 212 170 147  67 273 143 369 266]
  [  0 361 382 369 107 264 376 328 229 152 391 281 339 376 367  51  13
    69 363 261  27  50 291 264  48   1 223  34  71 325 225  71 282 339
   326  18 120   0 387 164 346 291  45 375 394 371 177  84 273 324 184
   251  84 103 155  56 219 212 329 212 317]
  [  0 260  89 199 362  26 390  80 295 400 178 343 364 393  43 157 121
   270 376 319  41  41 318 156 189  44 167  91 278  79 207  94 318  35
   156 125 270  26   0 285  59 369 340 273 177 176 102  12  38  72 122
   249 391 281 199 345 103 234  36 367 184]
  [  0  10  50 127  15  25 313 330 378 197 138  87 128  23 195 189 183
    98 159 297 206 391 239 393 348 392  37 257  58 139 269 117 282  45
   300 220 189  30 140   0 235 189  20 204   5 212 127 199 135  26 146
   246 318  19 150 373  43 369 348 352  47]
  [  0 136 323 263  21  24 253 142 304 126 349 309 258 148 252 334 400
   357 288 209 161   0 313  61 198 191 160 153 332  22 300 348 289 158
    24 393 360 371  99  46   0 400 316 186 216 109 104 274 401 254 103
    91  57 130 247 278 113 295  43 157  23]
  [  0 225  69 377  19 328 338 357 254 255 119 201 299 337 262 143 274
    70 101 176 155 389 370  61  59 393 145 295 248 374  22 110 222  13
   304 251  90  73  71 126 128   0 231 341 198  30 241 189 400 143 261
   119 339 209 150 211 201 297 237 332 166]
  [  0  93  95 272 163 206 263  57 330 390 312  44  36 294 365 402 189
   260 204 274 234  37 202 170 206  67  25 241 166 287  43 145 141 372
   336  27 231 295 194 211 346  88   0  89 220 396  45  11   3  53 268
   339  43 332 217   5 212  93 363 324 218]
  [  0 333 305  64  35 252  94 130 167 251 285 280 155  79 390  80 232
   393 279 331 378 390 208 272 226 326 376 272 320  70 228 397 240 271
   234  35 226 197 228  28  23 301 364   0  55  69 200 168 348 368 299
   211 258  13 291 133 283 182 222  58  94]
  [  0  96 403  73 275  50  31 248 281  17 225 173  18 214 329 189 338
    14 284 153 174 400  34 386 286 350 390 367 390  63  34 270 357 231
   141 187  58  94 394 365 269 291 191 201   0 204 289  40 225 197 272
   135 193  30 105  39 240 354  14  91  64]
  [  0 303  63  94 200 123   5 148 259 345 330  66 315 204 166  37 353
   128 268 210  98 254 203 212 329  30 391 228 123 303 215 111  47 274
   316 258 215 261 264 123 383  35  93 228  48   0 397 351 270  61 272
   123 297  96 125 103  41 303 278 381 206]
  [  0 240 399 307  10 245  67 243  73 380 228 361 322 381 300 269 205
   230 209 223 278 309 222  74 334 365 282 155 290 351 324  78 133   8
    66 194 176 231  54 372 269 284  42 363 102 129   0 296  60  72 280
    14  34 370 226 159  18 127 264 369 108]
  [  0 305   6 181 241 347 231 160 183 231  91 167 344  50  20 128 272
   265 336 179 317 109  57 226  26 180 266 386 115 314  62 274 131  12
    73 216 171 329 395 375 188 182 390  95 338 251  34   0 292 102 301
   213 356 320  60 151 209 188 242 126 375]
  [  0  76 256 355 207 321 140  83 394 370 170 154 376   7 249  79  20
   383 164 263 315  19 179  28 353 224 221 271 153 137 150 321 216 224
   311 365 312 367 312 101 403 238   3 357  72 361 254 124   0 253  35
   111 137 103 132 276 394 143 353 178 324]
  [  0 103 282 154 282 297 183 183 229 188 389 297 330  46 303 101  22
   106  43  12 226 378 167 190 305 248 299 189 118 373 375 146 375  92
    89 205 376 344 209 388 107 324 237 110 134  15 121 130 174   0  21
    12 168 264 178 195 126  87  22 215 324]
  [  0 117  26 171  41 199 180 341 176  74 291  76  92 322 394 157 257
   320 154 171 210 278 310 296 398 105  90 206 123 287 184  13 332 115
   146 376  27 272   6 370 294  33 241 217  13 131 226 400 167 201   0
   352  51 229 307  18 330 129   5 325 188]
  [  0  83 376 294 202 326  51 288  58 191  74  86 141 308 154 373 127
    27 183 209 234 116 144 258 102  30 318 282 377 125 301 359 219 298
    83 164 102  86 277 401  15 258 207 123 151 122 304 109 269 121 249
     0 247 163 111 189  10  85  52 200 195]
  [  0 151 327 378 340 234 389  90 187 366 184 318  44  13 374 162 341
   102 304 354 220 339 335 253 150 330 207  99 276 191 135 302 148 361
   295 167 254  98 210 187 178 277  80  23 191   3 240 243 127 215 193
   232   0 394  60  20 117 315 368 385 382]
  [  0  48 369  68  46 352 135 191  89  27  96 166 329  16 332 217 114
   253 195 106 354 251  45  92 369 106 295 306 130  95 322 220 320 136
   385 238  75 220 134 171 395 200 204 343 156 360  46 181 244 318 133
   283 261   0 273 320 351  92 256   0 204]
  [  0 182   1 344 204 214 400 297 282 252  37  13 179 180  92 125 116
   384 284 157 157 186   7  59 234 361 240 145 114 333 191 255  99 262
   140  70 364 384 170 104 226 395 115 333 327 163  36 199 221 229 383
   284 151  45   0 242 163  93 368  28 176]
  [  0  14 149 393  71  83 258  98 265  21 329  85 173 385 148 243 254
    54 141 241 103 190 155  10 181  97 130 381 243 296   2 165  88 237
    86 361 283 134 257  28 317 142 188 296 141 138 107  35 202 159 282
   204 229 202 130   0 171  45 215 236 101]
  [  0 163  79 157 152 128 310 319  29  84 158 333 185 368 152  79 114
   239 181  46 380 299  72  52 223   9 316 367 260 252 329 161 132 221
   196 248 255 129 326 395  74  13 150 391 125  16 149  66  41 321 330
   179 226 206  61 149   0 363 182 211 135]
  [  0 163 342 393  66 159 127 351 282 218  38 245 329 166 323 212 211
   152 206 133  63 140  68 206 146 228 173  36 199 387 350 384 141 334
   177  86  24 129 230 178 223  79 297  45 351 201 339 286 321 389  63
    71 366 161 222 120 224   0 175 232 344]
  [  0 146 279 227 370 205 111 126 388 235  64 349 207 213   6 316 334
   375  25 126  36 187 202 376  28 260 399 181 115 230 336  45 372 269
   354 314  99 298 315  19 232 295 142 348 351 345 106 301  69  63 347
   180  41 333 211 317 236 101   0 121 331]
  [  0 145 199 266   0 361 383 283 393 220 148 367  41 123 112 283 106
   166 189 181 247 191 305  57 165 156 376   4 114 127  28 312 144 233
   335 354 281  97 363 395 295 312 177 354 186 269 339 372  29 380 343
   319 319 155 236 378 352 333 113   0  10]
  [  0 224 280  45 145 129 328  76  80 115  76 375 327 276 265  63 201
   137 375 283 221  12  41 215 393 302 197 375 361 167 280 167 147 378
   267 316 295 339 148 268 169   5 315 244  49  84 104 313 258 301  62
   112  29  93  78 214  79 205  54 379   0]]

 [[  0  43  63  64  27 225 178 341 220 355 125 137 117 240 213 237 401
    91  36 285 175 314  88 250  54   5 206 315   8 155  50  90 329  14
   170   7 260  40 105 264 345  44 258  81 320 276  69 304 224  23 242
   267 290  50 187 157 256 291  76 280  55]
  [  0   0 397 260 391 132 399  79  92 277 271 261 291 288 377 163 133
   293  38 247 285 265 104 311 146 347  62 296 383 153 263 333 324 201
   262 338 213 158 361 245 280 170  58 238 261 342 402 250 163 112 126
    53 372 140  73 222 225 244 351 288 296]
  [  0 106   0 131  79 167 125  34 310  64  15  42 365 224 228 323 190
   372 187 131  39 338 116 162  14 111  34   4 287 146  88 116 176  70
    54 206  44 202 370  94 114 294 141 102 348 392  69 174 199 225 108
   400 161 249 324 270 171 159  37 153  37]
  [  0 322 252   0  58 104  73 144 321  53 288 116  18 137 286 166  44
   400 327 188  53 266 301  49  86  34  97 147 388 295 190 335 363 179
   398 379 151 215  20 142 327 186  31 119 353 293 202 368 340 115 384
   115 300 262 370  95 316  36 348 119  98]
  [  0 150 311 261   0 341 144 182 297 177 338 381 281  37 182  45 317
     6  13 187 205  25 397 219 373 282 312 111 189 151 261 316 361 155
   256 143  46 247 256 395 334 158 311 388  27 164 273 135 244 394 136
   273   6 278 289 114 356 169  39 300 131]
  [  0  66 225 392 333   0 295 385 378 265 119  52 376 151  82 138 388
   116 396 304 276 280 207 300 276 136  88  80   3 399 208 402 329  52
    42 251 368 139 131 330  18  54 228  56 137 164 174 133 302 273 196
   153  42 129  18 216  68  35 338 382 256]
  [  0 127  26  88 398 185   0 322 326 148 256 250  98  33 337   9 397
   231 336 253 375 259  74 263 229 349 217 225 254 278  29 208 254 299
    14  38 301 346  29 315 320 347 160 233 313 240   2 154  66 127 395
   133 298  39 358 302 269 206 280  66 149]
  [  0  19 226 371 394  99 356   0   6  41 132 217 105 170 400 158  82
   264 342  37 147  66 335 181 365 314   5 393 187 313 225 366 296 320
   204 295 239 286 325  60 382 353  75 366 374  82  14 356  95 341  14
   181  96 242  98 400 342 312  64 284 293]
  [  0  68 337  95  87 318 194 211   0   0 311 153 308  54  92 287 288
    29 153 107 173   3  55 154 267 260  59 313  88  83 143 288 320  44
   173 360 324 403 340 266 328 291 179 359  21 305 137 335 310  62 169
   347 110  70 304 392 138 302 134 155 144]
  [  0 120 128 285 263   9 135 224 375   0 231 373  20 363 338 100 266
   144 212 187 319 214 144 378 233  92 229  81  65  13 290 120   6 348
   363 344  66 264 218 379 344  48  87 168 349 111  34  88  98  10 375
    99  11 100 295 369 360 138 181 228 227]
  [  0   8 353 391 179 316 376 274 218  27   0 253 320 380 269 281 193
   141  31 170 353  85 128 285 254 226 325 303  43 288 332 125 193 168
   230 230  95 210  51 144  61  26  34  72 284 302  60 385 339 384  91
    35   1 175 213 372 341 114 372 111 292]
  [  0 104 199 144 181 198 280  10 202 292  42   0  22 350 150 189 264
   175 107 285 251 375 255 200 124  91 343  62 305  97 165  63 281 364
    49 394 374 111 169 102 253 382  55 149 255 352  95 143 164 376  70
    73 225 237  45  91   5  96 237 113 135]
  [  0 128 326 105 292 363  68 317 401 400 263  57   0  10 368 322 145
   279 323 200  78 162 108  15 182 167 171 280 169 197  37 272 285 385
   286 191 300 142 225 322 239 287  57  88 298  76 353 336  52 353 183
   307 385  77  34  56 368  27 289 374 207]
  [  0 131 238  61 256 190  87 322 282   4 190 322 389   0 127 335 374
   128 321 318 326  77 337 195  98 295 127 250 173 391 240  15 255 403
    74 334 198 118 109 179 228 318 164 154 142 216 179 320 175  19 324
   375 325 186 286 240 307 212 312 367 280]
  [  0 383 362  28 354 324 210 189 203 180  68  84  66 349   0 226 149
   169 397   4 102  17 365 207 353  38  44 236   7 114 138 256  22 331
   378  93  77 392 301 129 198 221 129 213 226 365   9  77  71 400 349
   345 246 226 308 160   9 209 283 179 169]
  [  0 205 305 216  87 204 131 297 270 285 274 319 293 211 128   0 238
   320   0 133 131 193  36 151 321 175  57  13 342 241 326 317  90  58
    49 120 172 231  87 219  17 305 252  68 219 213 175  31 304 310 331
   377 129 280 318  82 315   3   8 118  61]
  [  0 357  16 278   0 286 287 227 334 334 120 344  26 100   7  64   0
    38 263  85 296 231 369 336  25 326 222  55 395 361  88 197 365  17
   123  69  64  91 309  43 179  50 354   1  30 327 403  47  10 394 342
    34 136 145  41 361 221 382 162 183 258]
  [  0 128 195 143 381 314 327  82 281 263 193  77 242 206 257   8 209
     0 110 363 189  64 228 138  31 122 214 328 161 399  52 329 303  78
    63  87  70  24 142 353 272 101 318 272  17 118 360 223  46 230 181
   390 354 110  62  89 232  95   0 147 141]
  [  0 368 117 188 292 140 204   4 274 341  55 173   1  62 336 355 119
   230   0 365 115 326   6 184 380 263   9  40  71 310 156 233  86 377
   357  69 258 232 244 130 390  83  71 400 103 260  71 216 260  37 158
   224 289 232 235 262 113 172 374 250  85]
  [  0 226 266 201 231 126  34 338 188 164 159 170  74 305 376 292  48
    81 102   0 216 184 325  50  14  56 309 203 306 322  15 319 148 329
   242 195 298  39 133  81 109 229 286 155  18  23 191 373 249 304 215
   278 342 148  76 295 109 331  34 205 399]
  [  0 263 402 161 359 118 386 321 123 134 394  19 212   3 342 299 294
    79 204 282   0 283 210 335 255 260 368 134 208 342  41  27 246 261
     4 110 282 257 110 306 329 353 104 246  50 316 254 273 300 346 223
   288 353 341 352 392 235  31 197 310 263]
  [  0 227 111 155 134  85 143 349 115 174 168 316 327 350 272  93  54
   232   0 236 216   0 150  37  20 395 172 240 177 401 256 284 240 247
   216 100 287 256  94 289 232 232 136 330 135 299 339 195 148  33  15
   159 402 351 154 111 284 275  99 234 354]
  [  0 135 256 214 331 144 396 258 142 143  76 194 279 333 318 101  16
   339 291  13 298 338   0  87 281   9 332 121 334 378 175 115 369 197
    15 344   8 295 352  33  79 353  32 220 104  73 203 164  75 395 277
   104  78 222  25 179  38 255 224 184   7]
  [  0 252 119 245  92 284 376 186 166 155 200 273 207  50 360  60 197
   191  54  60 140 131 127   0 325  83 165 128 174 250 307 247 163  55
   187 330  77 333 296 249  97 160 265 239 307 261  30  87 314 315 340
    86 332 339 323 380 292  87 309 123 102]
  [  0  68  76 170 301 363  42 144 189 189 384  50 168  35  83 299 155
   294  19 296 223  83 140  20   0  16  65 320 137 390 376  60 354 141
    75 182 355 331 225 270  32 123 239 358 126 371 179 166 255  64 108
    75 183  73  70  74 149 312 317  25 107]
  [  0  23  24 237  40  45 329   7  20 236 356 230 224 197 202 312  39
    85 251 222 270  43 368 144 337   0 121  88 113 287  63 384 214  49
   207 360  80  10 294 279  40 303 172  17 331 160  37 318 324 100 121
   142  63 403 349 259 228 129 330 310 380]
  [  0  87 214 128 147 211 164 103 209  61 267 126 279 383 127 182 396
   352 126 311 395 141 308 180 313 357   0 187 306 239 298 133  90 351
   139 130 389 276 201  17  57  97  35 237 401  40  98 296 217  87 257
   176 293 284 325 155 189 331 207 141 281]
  [  0  18 401 287 168 115 358 260  97 359 393 354 202  32 212 140 342
   316 221  77 139   3 399 325 256  61  58   0 399 148 376  44  24 253
   387  62 368 266  41 319 122 105  39 108 275 249 239 181 127  22 336
   336 167 311 186 380 350  97 362 349 315]
  [  0 217 179  13 276 316 239 383  83  12  75 241 136  34  47 191  91
   213 255 334 117 265 191 306 397 218 253  22   0  97 227  30 173 285
   364 403 244 197  34 372 370 368 116  50  23 166 389  97  93 285 250
   319  28  14 390 227 196 339 311 271 353]
  [  0 364 182 276 238 310 260 383 383 145 279 145 197  38 328 393 342
   136 394 236  43 338 383 309 365 308 369 132 134   0  59 203 395 156
   209 315 199 164 295  30  32  63  43  71  84 388   5 107 247 256 291
   313 286 160 351  11 121 148 157 235 289]
  [  0  49 199 313  76 225 202 177 149 368 143 321 159 327 327 388  36
    65 122 213 392  46 378 273  54 384 370 287 275  88   0 293 102  73
   197 235  84 219  99 341 226 271 136 376 344 142 170  94 156 324 348
   115 233  91  69 301  48 314 181 224 218]
  [  0 259 130 324 320 291 119 293 160 332 167 393  68 318 113   7  54
   318 102 357 169 270 352 337 217 224   7  77 112 285 342   0 324  63
    49  79 179  67 153 194   8  89 167 308 221 368  25 399 236 390  79
    61 313  71  60 104 376  96 212 193 264]
  [  0  70 343  99  45 315  74 291 368  87 400 143 206 263 296 230 147
   316 148 177 279 310 149 345 263 187 249  86 161 318  10 380   0 394
    90 198  41 252 189 178 112 189 225  56 366 270 104 179 114 338 121
   231 373 176  50 325 347 249 265 206 110]
  [  0 130 156  82 104 367 217  68 114  54  65 278  62 240 118  50 134
    56 325 336  72 271 103  48  92  58 274 249 112 347  70 194 377   0
    73 353 369  76 238 313 256 174 273 193 275  18 113 343 286 147 125
    63  19 354 271 193 193  25 326 373 154]
  [  0 291  55 152 352  90 294 378 187 255   1 299 376  31 162 403 273
   303 178 266 348 311 145 223  38  90 105  81 210  63 214 369 279  26
     0 301 369  86 190 129 303  53 213 393 189 180 179 232 196 402  91
    57 163 313 333 398 269 254 362   9 161]
  [  0 195 373 317 144  94  21  16  70 286 329 226 188 110 383 147  23
    11 403   2  78 238 164 252  49 168  97 402 294 104 155 346 232 325
   343   0 215 181 203 268 310  28 234  82 102 177 154  82  89 157 148
   237 286  73 299  36 227 251 321 113 388]
  [  0 113 355 271  94  88   6  81   7 138 317 128 232 379 314 199  76
    62 237 391 243 312 300 117  85 248   0 285 280 378  39  52 209  54
    96 372   0 317 335 231 381 213  17 300 171 217 150 249 270  94 258
   113 357 401 158 359 211  87  96 102  97]
  [  0 263 377 221 230 249 219  78 396   4  33 200 335 127 264 379 292
    36 367   7  61 359  20  71  39 104 385 121 389 157 285 383 327 297
   252 216 365   0  69 190 195 102  17 293 302 360 357 320 191 184 389
    63 128 132 256 308  62 338 357 182 266]
  [  0 132 378 134 298 399 374  64 355  44 193 401 238  45 181 133 352
   350 114 398 261 324 350  12  43 250 240 187 395 162 280 159 281 278
   198 230 284  22   0 297 177 371   8  82 258 264  92 374  96 179 100
   154 308 249 274 124 236 391  98 206 398]
  [  0 259  88 297 106  97 241  22 365  18  94 294  43 269 100 320 240
   249 256  89 309 334 235  70 196 218 339 152 121 345  17 312 315 316
   390 403 157 224 305   0  39 352  17  77  67 159 146 185  87 358 159
   193 192  51  67 383 177 238  65  14 332]
  [  0 171 290  71 375 401  95 337 297 305 222 355 270 168  26  95 149
   362 243 150 146 262 248 312 169 212 342  31 217 154 132 176 362 218
   264 391 310 331 295 201   0 298 233 143   0 307 293 245 144 123 250
    92 116 231 187 310 155 153 169 237 178]
  [  0  62 134 381   0 294  94 377  41 286 342 186  36 113  33  58  33
   252 270 108 386 359 370  34  30 286 123 179 145 193  34 335 287 266
    39 121 322  66 239  49 111   0  67 374  61 262 364 222 265 361 116
   400 126  79 367  42  37 316 311 171 137]
  [  0  20 352 106 221  61 136 174  82 171 380 128  13 139 255  47 342
   328 297  37 307 228  97  94 376 315 380 243 192  81  93  44 322 258
   161  36 343 180  91 162 142  88   0   0  25 276  81  77  27  84 380
    45   8 402 367 209 173  83  72  28  21]
  [  0 330 296 216 352 250  56 365 330 383 202 138 302 332 227 279  72
    20  80  23 245 153  78 184  99 117 375 372 237  92  94  65  69 368
    59 375 220  72  11 396 155  23 202   0 366 321 241 273 314 270 269
   126 248  25 254 106 220 307 260 335 160]
  [  0 196 240 322 389 338 175 303 325 390 393 280 234 118 159 314 291
   189 150 249  86 211 222  63  17 381   3  56 243 249  38 167  56  42
   380 160 182 180 380 217  56 186  58  85   0 353 388  95  42 281 336
    53 183 190 357 369 242 316 383 179 254]
  [  0 333 369 344  39 195 217 148 198 150   1 207 111  60 123  23 346
   360  78 300 315 173 296 388 238 170 305 110  90 309 381 360 298  97
   374 285 103  12 136 339  98 208  33 106 152   0 175 322 342 205 368
    86 117 145 312 225 299  60   5 350 156]
  [  0  56  58 263 281 228 349 240 148 370  76 249 275 140 169 383 367
   384 312  35 174 378 103  20  65  78 117 234  84 286 369 211 234 151
    50 169 160 324 274 132 172 244  65 401 293  67   0 128 195 166 393
   239 199 380  31 315 133  10 372  37  59]
  [  0 340 236 207 114 124  83 107 239 216 385 386 197  16 337   1 140
   384 231  85 352 170  55   4 240 168 355 341 285 100 273  48 130 231
   316 261 303  31 380  88  72 277 127  83 110 354  73   0  34 119  96
   212 194  34 333 131 214 195   2 314  15]
  [  0 366 157 109 247  67 174 368 368 141   9 305 306 202 194 376 291
   180  19 328 346  75 180   2 345 214  35 347 290  59 279  27 277 228
   352 150 279 357 288 139  32 382 199  61 101 134  17 303   0 361 263
   102  14 111 297 272 151 271  36  49 166]
  [  0 197 144  30  12 267 323 238 148 317 358 220  83 356 194 134 203
    80 258 175 281 228 125 262 326 281 200 325  12 320 182 353 403 379
   313 216 333 350  30   1  41 165 254  92 290 252 379 218  58   0  62
   198 197 290  29 175  19 281   0  66 199]
  [  0  99 316 392 219 145 290 157 351 363 259 364 328 167 348  62 247
    52   8 193 248 392 210 134 155 300 100  17 172 125 237 284 122  78
    59  28 180 178 198 150 126 194 312 369 236  40 226 223  16 128   0
   328 291 271 228 119 300  47 257 142 148]
  [  0 397 100 106 296 104 138 357 110 124 206 125 265 203 254  38 180
    69 401  25 143 130 223 380  29 311 206 114 118 371  55 215 373 381
   311 338 343 230 111  15 374 306 114 186  56 278 224 282 333 368 327
     0  39  97 293 168 258 176 271  47 325]
  [  0 147 346   4 148  76 369 378 223 206 233  95 247 300 136  58 233
   133 153 195  48 276 190 325  18 344 304 135  59 312  64 213 322 294
   176  23   9 278 242 131 239   5 329  57 237 315 128 308 144 399 260
     8   0 336  68  55 266  26 364 146 346]
  [  0 100 290 383 183 138  53  87 303 330  88 278 372 153 186 245 366
   392 161 217  96 265  76 274 366 285 324 296  37 113  21  11 305 290
   122 144 185  38  80  31  81 382 349 343 140 253 372 144  44  86  98
    93 109   0   9 177 305 397  91 379 402]
  [  0 394 326  62  93 126 266 222 131 384  85 177 270  55 275 387 280
    54  82 363 121 158 382 289 148 348  37 276   1  91 373 197 385 158
   361 269 235 182 381 335 325  33 290 121 282   7 156 303  32 205  47
   194 101 358   0 264  78  60  26 181 289]
  [  0 349  14  77 358 179 392  53 285 321   6 285 184 341  42 378 379
   359  60 238 398 265 154  68 188 121 122 190   8 240 287 301 288 398
   344 394  97  63  73 284 364  25 402 324 126  43 211 304 378 316 126
   180 392 318 371   0 311  88  96 141 237]
  [  0  82 319 230 320 159 267 353 178 271  47 314 370  36 212 315 398
    97 278 259  53 194  91 291 290  87  67 344  50  11 267 221 386 380
   326 284  22  50 171  34 201 139 326  12 303 222  37 289 119 235 103
   139  91 239 328 325   0 332   3   1 124]
  [  0 109 181 395 309  90 361 169 311 244 315 351 395 159 334 344 231
   304  15 197 146 400 358 210 340 363 200 286  31 231  49 396 279 381
   260 321  22 141 163 270  38 184 400 299 335 222 337 109 137 332 111
   271 163  86  95 352 354   0 261 264  64]
  [  0 281  17 258 370  74 367 108 283 203 188 222  72 346 332 372 388
   193  43 116  52 331  31 108 184 165  25 388 155  69 270 113 261 231
   213 384  68 243  11 346 261 303  84   6 159 373  47 258 310 127 244
   230  16 245 390 303 118  17   0 238 196]
  [  0  71  78 109  59 269 361 342 391 372 226 109 153 323 403 335 225
   224 247 121 366 128 358 367 131  54 294 178 298 334 398  61 236 316
   117  77 153 231 273 143 116 223 362 363  23 156 154 202 109 281  82
   150 364 149 318 149 347 108  30   0  37]
  [  0 230 136 323 287 236 368 182 182  26 283 363 345 163 216 205  78
   107 401   4 312  33 234 215   7 345  48 242 359 339 347 266 275 199
   383  83 241 173 321 349 180  87 154 371 267 166 202  77 146 207  97
    76 394 176 230 262 132 294 165   6   0]]

 [[  0 221 355 212 205 206 335 330 234 193 138  74 295  74 275 311 265
    83 207  57 334 293 307  59  53 183 372  16 271 302 377 263 193  13
   241 398 303  32  53 330  96 291 292 129 387  92  72 323 196 171 286
   175 228 130 256 170 155 346 339  17 241]
  [  0   0 166  67   6 291  24 124 370 164 124 246 179 382 233 331  67
    76 159 278 292 183 230 194 376  43  91 327  35 116 354 141 152 257
    25 338 124 239 377 216 332 324 287 172 316 168 348  59 170 157 281
   110  45 164 141 172  21 281  16 310 328]
  [  0  77   0 287  31  53   1 261 231 102 230 358  13 388 160 285 354
   239 249 300  32   3  71  15 148 122 265  64   0 382 185 358  63 363
    25 249  90 268 235 289 167 286 140 349 115 188 365 341 271 338  17
   371  70 106  30  89 148 195 337  85 290]
  [  0 299 315   0  91 362 247 383 388 300 392 155  38 304  82 214 353
   217 310 254  55 215  93 158 287 321 280 251 360 132 121 209  49  11
   107 364  67 377 306 385 201 226 194 220 209 145  13 281 111 159  70
    55 258  92 188  55 202 201 300 290  85]
  [  0 239 247  83   0 367 124 292 140 314 105 381 239 221  59 305 280
   187 335  37 132 197 290  34 188 167   1 361 169 313 133 115 357  16
     7 109  58 322  37 134 266 358 158  85  37 304 234 264 381 136  43
   395  14 251 110  39 384 131 184 288  71]
  [  0 352 310  70  17   0 253 153 135 101 171 349  88  35  87 240 125
   276 285 192 252 139  64 197 112  32 155 321 381 314 217 223  81 229
   257 107 225 229 251 122 238 106 324 387 124 351 337 297 282  86 128
   270 335 305 389 391 329 392 245 352 221]
  [  0 232 227 286 239 185   0 208  20 155 337 362 329  34 391 145  22
   283 246 354 176  26 272 189 207 129 243 179 264 352  14 259 292  56
   177 194  77 395 213 162 374 248   0 261  78 368 201 190  16 402 172
   313 181 152 143 331 293 370  37 117 211]
  [  0 344 100 253  67 341  42   0 138 179 339  56 377  19  67 222  72
    37  23  12 121 310  52   5 111 306 324 135 170  32 332 295  46 140
   232 390 180  58 305 339 298  95 221 214 140  24 111 257 176  36 209
   306 299 325 137 260 276 248 278 400  72]
  [  0  21 397 247 279 364 141 170   0 200  29 168 399 125  36 401 311
   271 200 319  13 268  13 152 223 233  17 116 246 274 253 238 138 172
   190 263 294 374 399   4 321 293 284 303  64 184 384 253  11 335 244
    23  48 355  69 298 346 256 383   7  63]
  [  0 279   5 162 185 209 249 267 102   0 399 306 327 101 118 365  13
    22  56 218 315 321  63 257 340 192 210  87   5 113  39 127   7 220
    44  31 327  35 155 234  44 257  82 279 231 141  14  61  72 126 179
   293  31 341   6 140 329 175  35 240 214]
  [  0  67 385  74 159 371 285 261  26  24   0 320  48 235 284 290 220
   106  97  40 217 111 393 352  36 222 304  22 324 109 300 173 226  15
   268 227 275  69 216 193 391 136 368 397 108 347 152 243 100  17 302
   157 246 250 342  13  27 313 321 362   0]
  [  0 219 133  12 193 202 192 230  45 209 180   0  46  64 149 336 387
   105   2 329 149 147 385   5  32 287  66 261 255 176 213 135 278  98
    42 345  37 144  95  85  87  47 254 227 246 365 382 336 351  18 153
    80 160 294  17 240 157 237  81 110 136]
  [  0 374 319  39  80 400  34 270 236   8  83 324   0 246  90 152  68
   356 280 366 123 148 173 359 199 335 295 167 260 159 125  58 242 321
   349 164  39  76 403 310  45 124 107 325 174  66 278  28 126 378  69
   383  26 277 220 364 169 341 194 200 309]
  [  0 151 130 289  94 177  48 318  91 335 292 261 136   0 299 368   0
   373 158 387  96 222 284 113 334 248 233 281 194 109 118 198 369 160
   281  84 219 368  41 345 358 323 214  38 270 198 207  83  63 192 141
   247 133   9  78 374 396  78  33 220  86]
  [  0  51 105 128 335  98 110 373 371 339 272 279 191  54   0 203 121
   175 379 182 187 303  49  56 275 234  24 142  10 223 332 255 119  34
   237 262 146  18 320 386 375 327 111  32 198 333 124 380 232 356 227
   131  37 239 118 102 295 241 265 283  56]
  [  0   0 109 326 318 345  85  92 200 141 148 330  97 274 285   0 322
     7  40 201 267 288  93 331 333 312 186 198   5 266 292 224  77 217
   321 206 185  96 282 266 320 375  24 173 104  98 103 116  99 177 292
   119 348 141  54 280 279 134  63 399  27]
  [  0  66 272   4 142 162 255 273 218  73 291   8 309 237  99 123   0
    94 196 181  79 273  95 388 190   2  60  42 144 163 348  30 170 252
   109  61 386 328  10  32 136 384 272  30 159  30 389 167 314 134 162
    24 138 318 311 229 361  93  97 253 309]
  [  0  12 313 164 143 340 303  18 387 110 256  57  39   7 371 131 121
     0 307   3 396 392 399 217 393 290 384 178  18 395  31 374  47 134
   317   3 117 193 236 239 154  62 273 233 241 246  10 310  72 303  95
   351 254 149 276 349 368  15 238 257 149]
  [  0 350 340 143 150 157 176 245 250 352  50 272 167 395 193 267 178
   210   0 347  40 305 103 283  24 246  69 181 212   4 167 164 101   6
   175 323 276 334 151 387 313 174 400  51  44 400 305 328  82 313  63
   153 223 243 296 302 184 127 228 316 330]
  [  0 292 374 142  11  33 277 123 369 344 129 290 102 341 112  15 224
   246 239   0  38 308 302 271  66 156 208  12 209 114 157 329  97  78
   316  48 236 169 162 160 366 143 146 271  61  82 377 264 291 221 102
   172 336 163 145 399  25 193 277 329 244]
  [  0 302 311  94 352 173 299 394 314  80 330 340 143  48 132  93 323
    99  20  14   0 255 326 395 390  51 181 248  77 302 192  45  44  30
   149 165  88 241 295 114  94 389  51 361 220 245 165  89 141 119  35
   142 301  41 282 137 289 288 326  96 368]
  [  0 282 140 104 185 333 395   0  10 141  14 223 225 384 284 262 177
   230 218 210  73   0 102 228 288 133 141  28 288 353  26 304 210 104
    68 125 282 400 163 123 398 165 106 329 201 175 309 261  53 291 339
   307 216 106 122 128  37 399 184  45 384]
  [  0 214  84 106 218  16 278 241 297  94 213  94  51 112 259 359 368
   106 299  56 162 245   0 222 389 242 353 202 381 269 113  18 351 344
   235 296  92 192 350  87 323 330 340 324 257  52 328 116  30 337  33
   183 335  52 311 152  40  21 273 188 188]
  [  0 304  72 167 346 255 243 300 209 381  13 292  70 345 183   1  12
    63  64 235 252 388  76   0  62 318 157 109  84 136 343 330 387 305
    68  49 245 294 286  59 373 169 137 322  96 294 270 179 113 163 270
   119  73 311 156 250 102  96 192 322 372]
  [  0 105 122 393 138 253 379  48 226  12 134 172 275 200 340 400  98
    95  45  54 263 318 385 338   0  62  55 214  69 398 212  68  36 157
   182 215 267 297 303 334 178 277 266 314 246 162  62  84 265 217  82
   227 224  80 316  40  35  87 263 158 298]
  [  0 234 201 376 399 234 277  74 237 138  49  22  57  83 359 293 314
   367  31  12   5  93 267 248 130   0 131 280  26 245 316 173 285 399
   206  87  76 152 200 233 134 236 101 387 400 183 153 188 118 345 169
   174 274 339 221 291  27 344 179 287 362]
  [  0 169 333 218 134 214 340 392 233 356  58 348 116 148 101 204 378
   151  92 273 312 300 307 251  39  28   0 182 288 187  84 326 288 271
   140 129 123 297  32   4   0 148  57 209 260  85 207  49 350 114 260
   362 400 345  11 400 274 234  53 289 237]
  [  0 224 358 279 129 293 228 375 245  53   1 195  53 392 333 293  24
   124 243  93  11  81  65  26  18 146 307   0  87  51 194 183 112 377
   125 221 269 157   6 194 128 293  58 108 247 351 356 214 332 223 248
   173 285 233 242  66   7  48 219 366 275]
  [  0 159 270  39 385 143 368  79 397 353 367 212 373 340 268  97 186
   220  63 145 207 204 268 107 173   0 104 268   0 373  73 213 104 141
    45 103 381 216  57 201  93 318  58 182   5 263 157  73 403 198 202
    35 101  17 367  74 313  21 176   3 286]
  [  0 279 127  86 102   1  92 113 152  98 248 107 270 158  35 225 134
   195 355 136  45 104 394 215 136  77  79 146 135   0 353 141   4 358
    70 134  34 203 119  97  67 403 120 227 385  34  36 183 225 231 153
    29  75 223 333 403   3 246 274 117 134]
  [  0 340 293  27  40 316 203 152  90 309 311 218 106 277 271 112 304
   179  36 162 338 340 137 102 109  59  86 228 115 172   0 399 305 234
    88 289 202 179  80 126  18 193 224  22 181 253  38  52 191 232   5
   132 289  15 316  89 236 296 207 354 323]
  [  0 310 335 171 378 276  13 398 201 176  28  68 260 184 305 395 201
   126 219  64  94 217 277 351 104 338 134  27 174 279 280   0 341 116
    27  36  38  76 198 279 387  68 220 267 346 386  90 351 236 343 354
   248 141  13 267 199 348  65 286 150 198]
  [  0  33 320  52 346  21 112 330  59 118 374  97  73  37 225 106 133
   115 159   6 100 127 195  75 378 351 243 387 140 266  83  50   0 402
    78 329  85  16 361  22  22 308 212  17 228 264 233 172 237 259 319
   158 353 303 292 316 143 201 324  50 311]
  [  0 292 195   1 301 377  18 296 201  41 137 155 319 358 337 138 172
   172 225 174 175 141  63 220 180  33 346 379 375 387 320 155 312   0
   281 257  39  11 107 312  90  88 154 374 291 106 308 378 152 261 294
   253 126 103 331  31 280 287 179 257  82]
  [  0 372 217  97  76 184  65 316 181 157  26 194 376  55 367 154 291
    48  73 359 136   5 277  65 113 320  52 162  65  64  26  90 203  25
     0 274 310 194 200 202  46 335 349 117  67 251 318 209  74 303  76
   340 270 118  38 237  56  38   0 224  76]
  [  0  24 178 379 337 228  23 148 267 307 125 263 328 279  47  59 218
   150  18 309 331 103 166 169 161 141 295 377 318 226 138 332 187 146
   260   0 375  16 284 294 346 393 314 315  83  86 196 257 100  87 220
   140 232 155 187  67  29 379 380 342 217]
  [  0  63 329 396 117 245 281  10 368 353 208 259 175 124 268 303  43
    29 212 195 383 225 137 361 212  42 215  99  82 308   0 188 304  77
   206  28   0  90 375 142 191 393 374 184 364  82 391 138  55 119 234
   133 348 180 382 196 320 168  56 295 233]
  [  0 343 272  36 155  78 163  85  17  35 377 166  22 135 262 372 324
   187 198 132 387 115 365 248  28 400  34 104 392 152  18  25 330 386
   203 355  18   0  71 369  84 215 395 188 209 103  43 130 380  55 317
   196  56  55 403 298 133  76 369 267 390]
  [  0 369 151  91  23 143 295   9  73 213 272 194 192 338 262  37 102
   208  43 392 342 374 263  52 188  27 327  83 370 283 389  51 218 305
   340 275  78 360   0 247  52 144 316 189 316 210 223 243  79 281 198
    34 367  73 370  12   3  43 202 162 360]
  [  0 137 123 373 293 177 381 347 249 185 272 262 103 252 329 311 314
    21  41 204 139 148 360  42 234 103 403 246 326  56 350 268  36  92
   392 180  36 211 115   0 172 394 304 397 336 370 118 139  13  39 183
    52  43 125 239 265  24   1 125  61 200]
  [  0  88 316 288  45 359  73 286 344 253 307 271 207 133  94 316  61
   401  81 107  63  73 292 263 283 399 403  52 209  19 390 356  30 355
     4 211 135 113  96 336   0 257  15 395 242 400 251 231 245 390 390
    93 255 248  23 130 173 240 331 120  67]
  [  0  67 307 354  95 289 344 155 209 173 212 375 118 322 228 178 336
   334 353 330 351 106 341 205 135  94 312 157 263 172  59 262 204 178
   224 296  99 147 223 204 192   0 189   1  66 263 256 250  48 403 116
    49  56 176 173 304 356  22 314   2  71]
  [  0 153 144 139 167 286 375 102 157  18 357  26  69 389 112 166 157
   333 128 327 239  36  59  81   6 268 375 111 217  24 310 159  35 127
   324 264 367 128 380 278 177 247   0 312 180 134  85 380 181 381 211
   290 400  69 104 145 163 108 138  35  28]
  [  0 150 133   6 123 360  84 173 260 116 346 137 181  75  85 234  23
   303 179 155 197 356 234 373 116  24 145 200  73 221  42   6 290 271
   133 212  65 376 107 100 157  76 213   0 170 321 117 182 375  80 369
   321 241 116  67 230 178   9  47 330 187]
  [  0 377 356 159 305  56 105 279 110 288   9 339 167 281 226 281   7
   272  91 176  71  52 367  89 306 246 112 403 344  75  52 170 109 143
   128 349  75 215  57  50 254 320 392 358   0   2  92  16 399 326 167
   147  66 102 210  53  14 262  82 128 355]
  [  0 279 140 304 380  85  19 103 219 231 152 271 209 346 348 314 117
   259 332 308 284 380 329 128   1  81 154 268 206  37 241 198 232   5
    80 351 160  92 353 350 159 106 161  32 123   0  97 176 228 206 209
    95 249 227 160 349 330 265   7 371 297]
  [  0 382 105  64  66  71 147 292 293   7 233 301 171 176 224 134 194
    99  47 100 136   1 215 318 118  58 328 400 360 245 377 232 195  51
   178 283 148 259 113 167  75 135  59 123   2  94   0 136 126 285 328
   102 107 203 274 251 346 229 299 140 105]
  [  0  27 340 327 235 144 296 251 367 383   3 316 222 308 320  17 182
    55   8 219 309  39 257 128 283 143 185 140 259 228  36 305 151 171
   254  29 290 245 400 333 110 250 100 323 179 288 214   0  11  38 318
   153 221  71   4 284 201  39 239 276  54]
  [  0 236 295 290 323 379  20  46  75 257 381  42 236 294 251 393 285
    87 360 368 114 144  82  49 351 222 199   5 372 144   1 356 117 283
    55 398 266  18  99 368 199 220  92 366 214 113 384 157   0 392 357
    21 179 183 169 141 294 369  51 229 322]
  [  0 275 245 385  42 248  76 185  88 340 181   9  57 282 126   2 368
   373 359  56  23 240 269 289 247 251 227 136  18 254 100  85 347 257
    31  75  77 130 194  64  71 186 163  77 354  76  78  34 176   0   5
   215 176 258 303 390 264 200 198  66  44]
  [  0 299 214 134 229 335 301 167  26 358 234 375 187 131 189  48  65
   243  43 277 195 191 315 134 112 370 288 155  30 256  23  26 200 219
   327  92 112 221 193 272 311 137  69 403  51 302 160 318  40 398   0
    43 265 212 282 342 360  66  10 130  50]
  [  0 106 400 295 167  40 202 288  59  16 331 135 225  70 249 186  77
    11 321 316  82 353  58 108 173 372 187 396 305  12  41 285  29 235
   300 315 145 274 186 136 146 350  25 205  44 247 372 137 176 380 344
     0  80  50 239 164  97 201  77 216 160]
  [  0 214 176 116 312 329 360  50 255 101  70  21 141 110 172 293 268
   389 286 154 191  49 385 336  37 382 310 270  60 342 200 302 402 333
   318  46 305 314 120  15 256 220 301 291 276 377 318 378  99 301 358
    67   0 164 204  95 272 101  43 233  34]
  [  0 116 364 182 377   2 153  17 226  87 103  47 183  26  25   0  12
    73 367 215 273  74 379  28 144   2 184 312  94 385  57 124 363 242
    41 314 161 150  35 219 165  84 372 164  20 275 169 323  78 383 374
   187 161   0  32 336 152 259 129 261 109]
  [  0 338 168  34  95 139  50 292 229 293 148  98 380 365 321 189 377
   143 164 203 186 339 102 220  28 237 155  55 156 188 101 134 336   1
   377 324  29  65 119 328   0 173  14 399 181 256 360 241 401  90 215
   133 224 178   0 133 208  99 127 223 304]
  [  0 358 357 279 310  37 329 257 312 171 366 349 189 381 137  69 348
   296 289 307 173 261   2 383 159  43 250 366 211 112 270 205 164 144
    98 249  69  64 310 261  59 302  12 401 134 150 368 198 322 233 259
   308 210  29 103   0 350 199  33 260  43]
  [  0 402 390 352 162 266 375 389 265 148  27 370 266 167 297  64 245
   180 391  97 388 121 324  74 336 277 233 389  17 116  66  32 292 136
    46 358  72  10 207  49 288 360 214 288 254 212 129 335 377   1 158
   126 100 354 191 315   0  57   4 253 346]
  [  0  30 341 380 190 253  99 252 305 364  17 270 352 105 321 113 161
    80 251 173 213 172  88 107 385 246 119  62 367  72  68  56 366 369
   167 381  64 111 128 130 113   9  16  72  13 260  41 360 145   4 229
    68 210  68 208 271 152   0 289 128 387]
  [  0 210  41 253 269 230  71 134 157 107 304 168 294 282  31 230 343
   283 135 388 262 239  66  41 201 161 128 345  66 237 363  97  16 348
   125  72 328 251 145  77 389 282 391 103 367  58 390 329 306  32 109
   362 231 276 158 253 130 385   0 311 172]
  [  0 376  11  83 180 102 225 339  16  72 308 361  10  16  89 254  94
   154 198 255  42  16 116  10 215 264  68 362   2 264 253 335 157  15
   134 124 113 233 365 379 138 254  93 206 278  65 313 326  86  16 366
    64 297  33  43  82 119 245 326   0 226]
  [  0  95 188  69  97  68 325  18 186  75 271 385  11  38 136   8 226
   115 200 261 185 246  84 272 301  47 269 135 331 171 181 334  66 308
     8 159 173  16 207 181  98 243 132  32 339 235 205 317 129 328 197
   259 194 121 237 174  60  21 135 214   0]]

 [[  0  51 189  18 307 340 257 395 233 228  96 290 172  59  63 121  27
   242 117  87  74  70 208 245 194 169 273  84 185  17 316  17 235  65
   169 353 192 398 128  73  98 370  57   0 390 278 145 328 179 325 243
    74 248  35 240 362 125 320 143 288 177]
  [  0   0 237 275  63  13 361 137  26 133 187 202 319   7 336  26  43
   371 289 143 320 232 258 401 139 341 319 181 147 359  64 284 128  24
   299 257 367  13  74  40 319 311 393 378  37 281 393  60 225 385 162
   217 209 100 227  88 288 205 238 211  43]
  [  0 204   0 363  23 275 308 177 280  73 349 353 251  94 273  56 250
   300 159 364 274 291  87 371 274 130 324 366  67 142 360 384 379  72
    67 403 385 385 233 249 185 145 118 357  84 152 306 258  50  29 201
   221 385 267 189  97 367  73 403  88 350]
  [  0  68 319   0  95 349 361 142 205   7 280  36  90 181   9 314  13
    19  74 303  36 341 315 270 304 210  39  49  24 251 216 304 179  48
   190 303 133 362 235  61 240 328 218 136 244 372 239 273   5 201  42
   267 356  17 361  60 342 330  62  29 169]
  [  0 223 138 309   0  75  27  64 207  58 385 224  36 278 179 353  86
   124 319 145 103  64 190 153 347 102 137 337 392 176  18 281  21 230
   151   2 135  72 299   6 209  68 275 302 239 390 182 190 104 380  90
   307 160 309 356 397 369 140  97 112 269]
  [  0 350 287 117 224   0 164 146 197  21  59 111 320   0 100   8 305
    63  68 199 379 228 365 193 383 356 326 177 286 263 371 339  68 126
   207 244  13 303 290 299 373 314 373 346 280  61   5 340 115 173  25
   390 376 234 152  28 300  43 356 204 163]
  [  0 382 370 113  46 116   0 211 308 403  73 249 371 266 254 179 317
   260 264 315 401 179 194 293 376 243   9 287  45 306  54  25 262  51
    36  11 212 278 224 106   4 223 172  76 166 143  94 169 257 164 289
   312  61  68  16 221 330   6 146 385 239]
  [  0 312 258 400 176 332 194   0 312 335 375 395 382 249 109 158 344
   200 225 377 318 305 113 158 189 262 337 330 267  52 400 128 141  74
    45  89  73  30 324 262  85  27 182  19 107 345 193 245 239  49 249
    50 346 242 115 330 212 276 219 168 341]
  [  0 376 203  77 280  55  75  26   0 282 183 335 166 241 148 229 159
   164 368 223   6  85 387 311  14 113 243   7 276  93 215  52 364 174
   218  40 274  21  45  37 387 176 114   5 392 244 232 241 129 374 380
   167 287 116  12 397  53 304  13 138 116]
  [  0  30 261  57 239 183 246 371 336   0 341 160 139 141 145  66 331
   340 272 165 389 231 289  86 236   3 135 300 144 330 249 381 135 197
    33 123  88  83 204 210 353 124   7 372 374 336 222 341  62  87 378
    16 194 272  92 166 170 240 348 236 245]
  [  0 262 135 391 402 238  79  46 350  67   0  18 370 396 257  22  84
   356 399 188 253 207 138 283  86 361 321 320 319 124   3  26 129 365
   278 243 232 352 339 325 180 307  28  46 284 127 112 336  11 262  26
   358 361 148 127 137 148 311 196 170 181]
  [  0 341   6 324 202  23 375 389 113 247 122   0  47 386 106 114  79
   308 375 319 148 141  22 133  16 281 375 236 325 247  44 238 394 142
   385  50 137 288 144 143 344 326  38 166 352 390 328 181 268  13 175
    71 101  17 217  64 207 218 136  74  11]
  [  0  28 356  14 190  98 109  10 202 387  45  17   0 150 187  55 287
     2 129 197 136 213 388 368 192 125 261  33  80 170 130 155 157  18
   119  39 142  50 107  18 259  72 400 357  47 327  94  80 151 282 179
    30 351 145 356 155 159 204 139 149 215]
  [  0 255 371 365 176 268 173  92 221 324 231 293 334   0 153  95  35
   273 305 166 261 379  32 339  14 147 126  19 370  10  88 104 358 287
   324  22 299 269 240 234  47 269  84 251 346 139 147 185  97 290 376
   119 264 165  19  18 129 396  50 367 306]
  [  0 236 122 248 184 236 184 197 291  36 182 382 129  55   0  22 251
   228 382 398 162  73 149  38 259 228 340 151 132  47 202 150 242 369
   373 385  53  46 317 331  29 229 287 229 325 390 182 206 365 277 296
   392  24 260 225 317 124 121 256 103 367]
  [  0 222 382 258 148 105 170  53 145 177 369 142 303 149  78   0 195
   290 305 296 245 378  40 315 298 361 281   2 356 139 389 184 324 226
   125  96 343  16  81 275  91 165 402 360 334 372  61  48 189 136 213
   177 248 226 185 261 108 256 347 279 314]
  [  0 190  94 254 270  93  33  56 226  10 152 227 253 207 284 154   0
   252 236 125 391 292 156  56 250 380 325 366 362 164 310 245 350 234
    10 163 327 352 199 292 349 208  23  23 203 238 112 340 392  43 374
   265 246 271 169  95 203 366 137  20 360]
  [  0 223 290 189 343  17  80  70 195 258  12 152  35 107 132 341  25
     0 362 175 336 114 178 134 107 145 233  40  19 401   8  67 188  36
    82 400  14 250  89  42 140 283 129 138 226  45  50 213 244  30 179
     5  37  14  80 347 374 356 318 368 230]
  [  0 347  47 148 201 344 240 300  31 181 247  29 328  99 208  19 308
    18   0  26  42 122 205 168 155  28  33 260  35 299 375 195 339 173
   347 264 235 205 294 213 212  98  73 361 383 115  74  10 348 228  97
   377 362  96 140 126  39 159 326  35 143]
  [  0 197 215 295 332 237 337  57  32 281 306  84 283 114  81  46 101
   222 311   0 358 159 249  12 192 133 386   1 102  64 210  68 153 202
    86 193 183 270 372 243 269 293  52 247  74  33 210 141 385 284  36
   295 374 255 328 296 158 403 197 166  32]
  [  0 312 166 242 201 353 225 174  55 276 202  98 247 280 120 100 334
    64 294  73   0 310 328 361  88 151  36 179  99 185 244  69 198 377
    23  83 354  74 332  72  85  38 320 346  40 108 260  95 272 247 167
   217 235  70  86 307 112 182 192 281 214]
  [  0 394  84 150  90  67 401  20  67 212 358  79 357 160 334 223   9
   137 235  35 362   0  60 184 310 162 121 336  69 266 298   1  99 307
   244 114 100 267 338 129 281 402 333  45  73  59 134  64  66  43  59
   241  35 284 389   0  58 373 113 194 102]
  [  0  61 234 206 136 350 347 288 389 126 280 310 382 250 165  81 374
   141  98 116 400 236   0 148 307  17 230 231 113 254  88 378  51 314
   314 187 350 308 155 177   4 304 363 211 340  11 284 313 104 400 402
    55 297 244  16   8  71 148 352 303 167]
  [  0 243 362 284 247 226 132  83 184 290  82  74 261 266 267  18 155
   190 105 279  54 341 102   0 135 317 203 101 381 273 194  78 128  16
   389 105 316 372 343 336 188 269  61 191 195  28 106  75 241  71 178
   373 342 298  56 130 161 108 225 143  33]
  [  0 270 379 104 201 108 293 305  22 383 114  54  70 114 370 357  92
    11 127 314 192 151 234 282   0 222   0 351  47  55  45  38 302  67
   389 235 249 189 323 185 188 221 175 206 395 372 222 313 328 274 262
   233 105 242  75 158  41  27  33  77 149]
  [  0 340 168  98 225 278 158 204 272 319 336 159 230 354  59 157 324
   202 137  92 241 293 365 272 340   0 214 116 340 110 185  95 261 339
   162 307   7 139 307 396 317 139 108  32 221  29 368 349 123 257 211
    66  67 316 226  73 126 232 124 175  60]
  [  0  14  36 111 273 226 260   7 129 297  61 124  74 401 263 350 397
   246 275 107 117 268  32 397 380  65   0 222  68 277 378 124 109 355
   140 370  93 325  17 267 155 161 369 305 284 120 200 333  35 402  87
   248  73 230 364 262 336 184  95 331 286]
  [  0 356 296  47 189 198 193 362  63 191 315 345  67 114 273 295  61
   123  61 393 291 115 153  51 390 342 284   0 215  90 403 262 397  75
   130 226 230 145  91  97  79  83 247 261 328 357 364 305 185 360 358
   110  81 250 245 161 263 329 241  20 318]
  [  0 394 136   5 324 335   6 310 184  16 253 353 171 251 396  28  43
   162 399 117 376 364 186 162 346 206  67 376   0 316  79 319  72 290
   259 328 215 359 102  75  74 306 128 224 237 328 272 294 268 277 356
   111  43 182 132 204 205 248 168 210 146]
  [  0 103 126 109 297 200  12  40 393 143 377   6  89  42 102 258 189
   200 155  44 363 277 151 145 315 217 124 110  79   0 251 317 291 259
   198 214  99 319 300 232 112 244  38 153 203 254  78 251 363 332 112
   235 196 134 360 365 319  15  95 143 147]
  [  0 240 319 353 182 148 115 260 359 259 372 227 365 333   1  65 129
   146 386 395 140 138 343 228 400 220 130 277 131  57   0 297 354 210
   289 153 356 103 358 104 294 279 132 199 197 158 133  56  79 202 381
   372 330 320 317 167  15 378 244 306 286]
  [  0  52 295  30 243 379 235 140 292 380 370 374 308 202 345  50 392
   389 324 203 243  60 207 278 321  66 250   5  25 247 254   0 391 235
   309 184 162  30 294 285 119 288 375  87   5 389 316 339 346 400 221
   247  99 108  89 403 157 188 281 209 331]
  [  0 359 295 151 334 290 376 210  73  80  89  45 159  47 260 371  14
   323 115  83 224 243 188 314 342 156 143  27 293 213 394  91   0 122
   201 128 318 222  54 339 146 280  42 229  25  18  66 139  47 126 372
   191 217 167 282  59 295 197  22 396  53]
  [  0   2 159 258 231  20 200  81 180  24 303 106 367 242 312  39 153
   180 317 179  44 217 283 389 224 276 235 116 328 215 401 273 197   0
     0 261 163  28 223  18 250 297  61 226 303 401 392 200  44 332 301
     7 239  36 272 395 290 287  30 240 131]
  [  0 243 237  21  34  79 222  34 338 187  67 290 210 146 194 387 244
   396 253 302 126 249 396 173 352  66 306 169 382 237 160 319  63 201
     0 388 155  56 228 258  17  19 379 377 267 106 208  56  28 162 355
   393 237 247 228  79 242 260 136 233 372]
  [  0 326 172 351 362  57  13 366 261  88  11 278 258 276 352 216  94
    77 333 365 158 210 270  91 340 336 129 373  94 107 286 289 267  55
   299   0 170 231 334  82 229  34 260  78 245 151 279 190 185 368 210
   216  89 259 219 235 286 275 346   9  34]
  [  0 344 315 178 222  65 118 215 279 155 265 126 167  79 190 264  54
   140  30 311 163 362 221 101 171 184 119  19 262  26  26 139 281 311
   212 257   0 169  67 164 346  55 392 156 263 179 269 119 219  19  26
    23 255 134  83 113 357 308 229 220 363]
  [  0 133 193  81 298 283 275 264 196 113 329  92  97 373  32 224 311
   397 365 245 384 373 209 229  21  23 299 280  93 254 159 182 160  56
     0 162 242   0 216  81 249 224   5 362 196 121 189 200  46  91 248
   222  36 252 206 134 324   4 245 126 184]
  [  0 206 385 399 286 388  58 386 348 102  75 291 301 355 343 307  31
   156 347 400 247  48  62  55 308 363 150 312 336 159 237  36 147 268
   239 361  43 240   0  78 177 233  78  94 399   4 316 394 395 188 273
    46 273 191 333 222 271 103 392 136 163]
  [  0 125 158 382  84  95 238  18 282  45 365 191 403 133 373  86 136
    20 323 402 358  63 386 293 364 230 257 391 140 344 207 324 234 247
   336 319 132 255 240   0 200 324 385 275  70 206 203 107  60  77 145
    48 321  46 290  87 258 175  73 279 188]
  [  0 369 402 145  21 148 168 181  83 155 264  35 175 244 242  88 315
   164 182 156 176 131 349 121 304  18  14 364 132 166 127 227 205 361
   238 255 112 370 165 401   0 116 158 259 210 279 259 363 192 327  36
   299   3 225 294 208  13 115   7 254 103]
  [  0 370 110 227 314 292 242 339 283 332 382 178 287  88 201 143 258
   368 100 333 363 347 300  60  12 115 182  30 233 184 270  21  89 194
    97 261 149  96 173 202 343   0 270 243 245 133 377 289 232 157 281
   252 188 326 392 212  97 395  88 202  71]
  [  0 256 386 379 247  89   7  96 373  36 282 284 135 361  36 109  21
   167 199 350 267  17 327   4  64 287  20 293 368 311 280 335 277 157
   102  72 376 317 304 335   9  53   0 112 399 195  32 119 167 218 213
   316 332 108 380 209  31 273  85 377 369]
  [  0  34 211 382 372 158 121 341   5 180 103 298   3 125 254 354 248
    97 365 240 298 154 176  35 184 377 395  89 271  32  47 321 187 375
    96 207 203  10 245 355 101 174 237   0 312 271 233  25 387 288   8
    57 163  54  70  49 141 253 167 102 165]
  [  0 337 329 281 155 229 125 336 403 333 118 209 141 173 350 229 144
    16 231 190 338 342 368 198 159  87  38 234  36  63 321   1 275 384
   302 290 375 299 234 382 329 329 290 167   0 304 353  44 108  99  83
   178  40 165 217 347 268  72 337  72 322]
  [  0 233 192 258 279 249 403  53 282 165 156 339 299 111 353 323 163
   224 225  53 210 315  21 352 259 149  59 293 287  27 350 376 343 258
    71 130  88   9  53 278  86  13 315 371 154   0 256 146  87 242 196
   204 230  87 203 177 294 304 320 290 339]
  [  0 186  39 296 220 162 268 357  58 157  44 381 229 207 400 294 110
   189 157 271 219 296  75  97 120  93 358 192 327 193 218 272 108 205
   185  26  28 232  60  91 212 244  40  26 180 188   0  73 148  24 340
   182 125 119 319 261 174  90 287 368  93]
  [  0 118 168  63 250 139  51  66 204  97 182 341 205 208  93 340  89
    40 103  56  53 114  56  13 397 186  84  23 270 245 290 259 160 254
   161 304 177 262 379 112 247 287 270 328 371 166 238   0 247   8 214
    42  11 372 270 110 285 403 309 107   9]
  [  0 127 118 210 264 183 199 284  77  74 305  57 142 165  95 197 277
    73  53  47 296  81  96 173 288 123 132 169 274 344 301 337  27  81
   108 365  43 159 145 117 403  33   3 238  36  14 105 107   0  71 330
   230 309 183 342 216 318 134 265  36 397]
  [  0 201 340 168 186  79 327 195 392 174 403 145 241 104 211 341 266
   161 264  93 234  39 170  99 343  37 271 288 198 193  69 134 266 193
   326 358 214 307 184 339 117 306 272 157 335 278  31 120 326   0 274
   243 221 268  31 168 115 126 392 263 399]
  [  0 402 266 233  46 153 395 236 354  34 226 129 250 263  64 225 281
   114 147 198 166 269 309 219 304 203 232 220 216   8 178  34 402 313
   384 120  78  69 205  40 134 140 256   5 116 355 194 279 376 125   0
   130 160 303 336 135 216 252  96 207 262]
  [  0   3 127 244 146 247 179  23 402 251  69   3 254 223 218   3 280
   127  51 249 238 261 271 263  68 394 358 143  52 298 383 173 388   7
    18  40  75 192  23 326 222 326 256 238  57 258 342  40 246 293 400
     0 193 364 376 194 278 207 217  83 275]
  [  0  96  51  20 360 200  85 287 114 322 128  40  16 216 100 280 159
   292   6  86  43 375 388  91 148 350 181 219 329 382  77 311 200  33
   118 201   9 197  61 148   6 136  22 166  98 139 221 185 383 347 204
   209   0 185 403 112  34 232 378 214 200]
  [  0 282  89  96 260 124  72 108  57 372 402 387 397 182  68 191 157
   287 276 394 333 234  65 114  79 187  98 354 343 277 127   9  83 221
   113 125 233  32  47 149 371 230 156 206 150 161 376 397 187 113 283
   174 389   0 379 275  90 116 303 171  98]
  [  0  33   4 342 146 225 293 364 302   5  13  40 355 308 186  47 342
   116 241  63 102  20 365  71 338 213 285 268 228 151 318 117 303  73
    85 168 150 275  51 112 223 392  54 289 116 352  25  87 313 157 180
   125 287 315   0  34 162 173 241  90 211]
  [  0  59 186 364 331 127 356 296  33 193 300 186 338  88  70 399 394
    97 324 169 188 104 394 153 275 401  96 187  69 265 174 141 260   2
   342 204  17 369  32 124 120 388 113 120 104  25 106  94 157  20 170
   398 369 225  93   0 382  59 390 286  13]
  [  0 260 403 191 287 272 274  13 175 335 192 102  64 126  54 382 196
    31  95 323 285 386 113 236 150 263 311 318 224 261  20 169 355 263
    46 267  99  53 104 120 253 151 332 165 203  41 238 175 108 111 117
   318 122  82  86 389   0 350 119  94 319]
  [  0 329 222 163 374 188 389 297 373 399 287  51 239 206 346 346 212
    41 226   3 389 204 303 397 229 339 331 128   5 168 357 196  84 398
   301 113 135 106   9  40 170 184 247  89 288 191  44 116 227 208 239
   201 120 254 165 364 210   0 179 158  29]
  [  0  32  81 220  24 323 145 350 127 159 100 106   9 248 326 281   4
    56  12  81 374 388 308 339 268  39 205 226 123 360 377 228 309 180
   224 116 143 328 204 381 336 233 220 271 360 135   9 385 215 199 226
   175 191 123 131 267 282 122   0  37 135]
  [  0 380 393 395 211 378 152  49  22  65 156 269 323 263 269 280 319
   259 106 366 100 299 345 293 101 200 194 225 340 166 165 328 367 160
   152  62 238 363 125  84 321 237 294 244   6  43 356 347 248 240 402
    86 260 305 110 168   1  58 264   0  70]
  [  0 106 363   6 318  34 146 304 176  87 247 305  86 154 394 240 211
   362 126 235  59 383 175 195 361 307 157 126 290 147  45 362 193  52
   146  21 273 294  74 155  55  83 171 388  10 120  74 186 176 317  31
   238  20 103  41 281 360  76 356 335   0]]

 [[  0 281  29 231 249 253 237 150  27 316 132 167 258 112 383 399  86
   192 184 180  60 176  97 234 382 326 386 202  67  25 334 146  17 239
    74 184 394 349 188 306 347 191  80 118 343 302 144 224 265 160 147
   123 207  55 251 264  19 264 177 209 384]
  [  0   0 188 173 368  42  17  22 299 372 308 193  81  97  50  44 365
   110 208 115   1 314  86  91 146  18 333 362  58 308 307 145 264 118
   142 287 240 400 231 258  60 213  43 115 218 288 232 113 338 127  47
   371  33 163 285 361 218 174 112 378 256]
  [  0  17   0 351 309  39 195 210 135  22 379 206 260 254 107  29 121
   144  33 182  60 234 171 348  28 394  92   3 383 236 313 154 118 345
     0 372  46 130 341 339 252 286 341 166 321 230 185  37  23 243  47
   108 327  95 126 133  23 390  90 314 254]
  [  0   6 285   0  37 152 276  86  91 296   9 111 242 319 193 351 311
   286 313 120  55  55 191 387 377  13 163 366 350 243 213 265  13 199
     6 355 338 237 246  81 154 232 309 250  31 386 277  39  21 365 398
   239 148  84 127   7 164 374  65  76  23]
  [  0  48  60 369   0  96 363 217 324 375 156 119 304 132 361 229 394
    81 359  83 263  75 177 216 177 261 115 223  52  92 293  56 144  76
   279 386  43  63 263   6  63 311 219 120 273 247 123 280  90 361 371
   333 353 339 356 372 174  47  64 394 180]
  [  0 280 332 333 362   0 174 232 313 295 373 140 189 140  36 153 379
   334   3 117 378  48 368 165 353 144  52  72 156 200   7 272 342  20
   284  31 179  25  78 255 255 346 271  77 390 392 204 191 299 249 383
   237  90 276 166 206 238  98 165 168 125]
  [  0 302 168 106 285  87   0 108 235 229 249  33 225   3  92  77 378
   110 193 228  95 293 204  38 283 251 256 276 181 251  40  68 362  51
   191 180 272  53 222 225 155 203 392 151 141 352 273 137 319 189 106
   319  12 169 349 396 262   3  36 115 201]
  [  0 151  90 284 218 340  73   0 269  86 370 255 295  85 389  99 181
    67 241 262 134 280  84 345  76 207 234  27  74 236 237  86 275 325
   403 284 392 386 180 341 135 271  90 136 102  64   6 395 380 222 293
   267 399 101 377 344 243 322 267 339 355]
  [  0 401 172 229   2  79 165 275   0  21 146  38 304 159 393 270  25
   202  73  10 383 386 364 241 147   5   3 163 231 105 327 343  75 266
   174 181 235 284  20 317 381 328 190  83 171 301 357  44 331 299 102
    90 168 347  93 130 237 225 181 160 350]
  [  0 267 309 163 156 361 366 237 191   0 290 159 120 362 390 204  58
   142 327 256  28 258 302 284 171 283 243 113 367  78 356 192  44 338
   258 172 119 131 349 360 148 234  20  23 261 152 354 142 188  60 344
   352 389 374 176 240  93   9 362 399 307]
  [  0 280  23 231 391 295  16 360 251  93   0 380 270 140 246 313  58
   285 344 164 347 224 185  18  76 144 281 218 209  61 332 310 356 113
   289  64 293 109 184 312 399 369 234 282 171  19  60  38  38  78 357
   118 300 168  78 387  57 106 395 296 294]
  [  0  63 216  13 282 225 350 228 240 403 173   0 281 109  76 172 260
   216 133 295  81 381 158 243 178 344 250 299 104 122 285 267   1 391
    54 267  95  69 316 377 161 104  48 334 361 272 184 245 384 178 181
    85 397 279  54  24 248 324  97 222 103]
  [  0 147 319 127 210 243 375 276 324   7 149 298   0 148 195 268 154
   121 309  49 161  78 105 359 155 261 350 369 138 373  69 152 220 225
   240 267 130 339 399 322 336 225 360 133 291 132  80 121 284 231  40
    13 360 105 358 254 173  46 216 249 371]
  [  0 290 218   2 124  17 230 249 298 344 246 185   9   0 401 331  44
   258 305  17 159 139 189  19 403 326 287 212 271 362 374  71 105 188
   316 159  43  66 240  46 292 394  59 175 135  12 331 354 254 309 104
   395  45 162 275 200  41 164 207 260 367]
  [  0 355 323   5 296  49 328 354 347 364 316  38 295 251   0  49 106
   161 167 277  73 205   7 328 263 197 325 316 141 272 110 218  48 168
   164  47   8 208  23 272 216 262 136   0 342 365 118 213 106  31 278
   341 114  63 333 239 246  19 363 376 403]
  [  0 224   1 176  64 322  10 303 259 171  75 271 256 101 206   0 376
   210 318  21 193 251 156  57  79  60 258 297 198 370  22 344   6 369
   344 219 303  61 221 189 299 350 386 105 225 301 286 306 308  62  91
    18 230 289  92  95 118 401  19 267 317]
  [  0 387 316  68  43 127 402 260 199 208  42  42 184 328  85 160   0
    30 309 138  80 122  37 399 376  71  85 241  87 317 248 185 106 379
   183  60  47 136 243 321 335 333 343 252 157 142 168 344 290  73 235
    31 399 297 150 365  40 286  70  33 178]
  [  0 245 105 401 134 149 335  58 402  23 198 369 284   7  84  37 161
     0 356 148 196 372  82 115 261 330 307 227 282 375 383 282 192 177
    23 267 205 154 281  77 298 379 277  70   9 179 386 182 131 349   7
   291 396 365 256 347   3  37  30 380 251]
  [  0 257 346  27 153 184 187  66  47 136 377 379  83 192  43 287 312
   252   0 284 262  56 181  57 242  73 172 143 189 330 211 288 201 314
   255 330 218  91  51 191 350 287 175 160 210  53  12 192 205 339 369
   342 274 204 180 168 374 111  97 215 130]
  [  0  10 124 218 356  64 178 390 238  46 401  62 389  34  36 242 347
     2 122   0 336  28 258 337 345 361  47 147  20 315  36 244  90 275
   123 121 160  44 111 297  70 244 104 376 148 370  22 122  28  61 335
   342 396 216 173 200 376 182 249   6 188]
  [  0 142 383 304 343  72  51 271  86 132 135  83  44 122   2  91 365
   308 226 280   0  78  99 188 136 351 231 392 305 174 244  86  48  22
   348  50 230 142 307 342 247 145 110 144 182  69 331 402  53 252 359
   140  30 252 270 254 266 189 326 270  85]
  [  0  89 263 276 176 200 168 117  58 306 297 209 218 211  83 199 263
   297 112 181 293   0  47 385 369 367  59 100  93 344 264 385 168   8
   197 280 398 287 235  20 123 213 169  80  32 135   4 293 287 167 285
    20 401 143  20  41 332 108  61 263 133]
  [  0 264 308  56 377 401 390  99   6 143   9 381 281 158  31 102  49
   309 319 397 370 380   0  80 166   6  25  35 313 381  81 239 308 243
    97 152  63  61  39 210 257 358 311 143 173  71 100  56 267 301 148
    11 332 174 152 249 315 227 127  85  58]
  [  0 289 148 153 110 290   8 160 220 253 225 288 352 262 214  37 292
   248 279 234 330 393 326   0 387  21 105 312  28  46  16 360 321 142
   212  56  20 258 248  19 156 133 241 152 133 332 254 243 125 248 302
   221  10  10 197 220 383 298 137 114 291]
  [  0  67 354  11 173 133  12 314 355 126 215 208 144 162   2 176 290
   329 317 269  70 322  62 399   0 134 375 141 199 172 186 131   6  77
   214  42 281 179 191 315 171 256 312 200 106 300  99 239  64 389 193
   195 263 399 244 324 111  79 254 316 258]
  [  0  30 201 259 194 330 392 358 124 164 385  15   2  31 286  75 209
   221 196 188 133 269 290  37 352   0 183 149 143 360 218  12 358  91
    72 222  22 233 201 208   1 275 298 144 250 332 343 189 281 290 363
    18 358 271 123 107 292 304 129  14 227]
  [  0  23 128 116 164 130  13  67 222  12 141  58 161 381  60  78 287
   174 374 209  64 377 189  91 199 259   0 285 373 130 323  51 251  94
   166 209  14 116  67  55 211  67 375  93 398 120 343 184   9 111 230
   101   4 155 239 124  43 231 341 393  31]
  [  0 271 351 149 183 344 341 388 332 138  11 381  85  76 348  52 354
   246  71 216  84 363  65 273  91 203 203   0  99 138 190 100 120 283
   341  76   4  52 171  40 311  72  85 259 279 100 150 109 240 306 327
   358 387   7 347 352 133  45 237  64 172]
  [  0   0 254 258  12 141   0 325 129 342 104  36 398 277 333 239  30
   243 193 167 401 166  13 232  79  54 349 247   0  96 288  21  82  81
   368 282 258 331 313 359  57 316  73 104  60 387  87  43 380 301 220
    37 287   0 360 260 198 374  80 210  62]
  [  0 375 238 248 329 162 296 233 249 394 260 128 194 292  14 195 122
   392   2  90 325  88 128 376  38 178  18 242  70   0 279 177 347 191
   374 233 210 211 319 379 281  78  47 251 279 290  15  67 224 233 141
   314 153 262  58  77 215 371  63  75 337]
  [  0  68 314 358 140 192  79 185  81 161 253 233 211 401 147 174 373
   164  87 275 183 290 171 331 320 276 360 211  78  15   0  61 139 391
     3  94 124 371  42 289 375  34  64 243 220 302 315 163  44 116  91
   102 313 220  90 147 285   6 390 162  84]
  [  0 383 148 322  38 362 185 218 269   8 132 208 189  72 288  42 356
   111 349 108 116 343 186  73  66 175 342 242 307 154 184   0 155  81
   242 151 395 354  22 182 106 393  63 115 286  51  91 313 133 340  61
    83 105 267 165 390  68 254 249 251 173]
  [  0  13 130 292 317 227 371 330 279  56 242  83 277 161 278 202 260
   319 140 126 164 124 249 105 212   6  47  78 305 205  40  36   0 379
    71  64 232 136 257 291 173 110 217  52  49 242 338 399 328 218  38
   381  67 230  97 303 115  36 309 223  12]
  [  0  20  41 196 272 133  94   4 191  73 221   6  51 135 188 386 108
   363  37  17 154 117 378 293 342  98 231 104  42 308 238 402 262   0
   359 144   4 201  34 302 349  93  56 330 324  38  91 292 380  51 135
   402 181  58 289 378  89 280 360 173 185]
  [  0   4 259 312 100 232 327 315 353 377 160 106  48  84  72 157 327
   353 326 369  45  38 336  81 226  89 109 233 106  91 350 330 213 194
     0  24 268 290  10  95 276 377 345 195 371 378 381 329 139 178 299
    37 197 236 234 397 172 141 226  34 169]
  [  0 284 320 109  24 275  19 402 246 353 390 223 397 328 207  69  68
   403 223  41  63 359 372 270 108 231  22 123 371 362  64 289 227 320
   199   0 178 369 272 307 142 202 276 291 372 296 238 295 274  16  10
    10  75 215 296   1 322  74 244 387  22]
  [  0 175 141 108 245 183 192 166  95 245 253 181 294 211 132 308  25
    13 221  22 331 197 349 291 203 399 127 342 391 325 344  48  16 125
   118  21   0 280  16  79 119  49 350 390 148 180  30 240   1  35 131
   260 282 234 274 396 384  93 306  25 196]
  [  0   7  50  49 137 130  22 303 218 205  11  10 366  72 204 359 195
     3 343 285 386  49 369  62 383 128  86  22 215 267 356 280  73 238
   220 193 239   0 283 326 186 258  29 179 108 191  48 310 336  26 131
   399   5  87  45 174  79 146  66 106 243]
  [  0 116 339  16 216  34 135 204 373  83 364 165  34  93 308 261  60
   125 294 148 218 354  99 357 149 235 129 375 191  53 284 107 323 131
   139 346  43 362   0 335 144 325 160 344 101 244  93 278 166 345 152
   382 356  14 214 142 230 345 179 183 188]
  [  0 228 256 302  30 276  14 205  53 342  57 378  84 141 258 293 111
   403 159 328 388 222 358 307 223 215 227 131 355 128  58 200 379  84
   108 340 161 348  54   0 218  90  85 346 386 195 106 247 395 355 172
   219  30  17 327  42 260 233  10 339 160]
  [  0 385 343 299 350  15 135 124 233   2   1 273 292 230 394 278 118
    10  78 342  72 269  58 311 211 269 210 384 309  24 168 110 257 397
   244 306 259 148 296 354   0 256 335   1 297 101 321 190  30 287 226
   143 164 369  45 287 114  92 358 318  93]
  [  0 290  19  26 322 260   4  68 378 281 176  26  65 308  63 175 191
   309 246  37 213  20 143   9 210 197 302 166 177 234 103  99 362 127
   370 245  49  93 287 177 155   0  69  61  99 298  28  67  86 122 281
   275 213 260 362 205  44 351 211 153 154]
  [  0 223 383  86  83 374 130 290 104  25 180  81 183 241 252 149 306
   240 203 303 126  31 203 250 324 172 278 337 388  62  36 308 370  14
    98 189 243 319 122  82  63 273   0 175 128 228  84 363 297 141  89
    26  86 261 273 177 320 165 256 303  36]
  [  0  25 356  61 121 150 176  84 172 302 397 150 240  96  50 106 340
   121 333 172 260 224  99 104  76  35 155 308 184 356 242 329 358 144
   265 357 183 240  71 398 260 350 289   0 175 182 251 191 286 187  18
   182  49  12 114 336  88 284 152 351 288]
  [  0 368  58 323  84 146 248 384 120 203 262 283 204 132  96 291 252
    54 267 396 254 128 253 159 269  93 388  39 393 326 195 172  83  38
   253 278 291 277 374 260  60 178 185 202   0  78 330 182  40 129 327
   362 101 309 342 142 243 243 164 256 146]
  [  0   6 133  62 350 108  40 302 343 212 104 207 260 278 204 313  23
    93  63   8 120 210 382 211 241  33 239 287 344 102 402  91 338 185
   367 291 113 116 157 136 387 228 220 149 133   0 115 292 134 205 355
   354  45  96 175 301 142   7 348 136 120]
  [  0 275  97 261 113 209   7 176 310 114 112 377  38 252 202 165 195
   150 275 308 123 287 394 351 101  36  30  83 157 242 225 162  49  27
   157 392 379 354 215 177  56 122 369 205  56  18   0  98 179 306 190
   382 297  72  73  33  20 152 277 273 197]
  [  0 339 240 258 229 348  17 307 102  57 298 395 395 251 105 231  55
    92 209 255 398 122 140 108   4 231  25 229 148 132 204 402 284 373
   162 103 226  73 187 284  53  73 173  46 374  64 236   0 365 158 177
    13 260 370 169 332 327 387 146 394 105]
  [  0  13 354 147  92  43 114  91 283 203 225  42 291 110  80 285 196
   221 177  81  60  79 348  31  15 348  25 182 283 370 358  21 209  94
   205 278  23 187  80 306 175 392 204 215 286 166 120 185   0 226 343
   381 128  23 339  19  66 391 389 344 308]
  [  0 362  90  72 152 208 150  97 388 379 401 154 127  58 253  22  12
     4 214 276   5 202 224 276 205 174  98 217 308 230 289 124 356 157
    12 348 124 211  52 274  92  13 378 135 229 257 364 280 324   0 202
   230  45 173 355 306 343 304  81 207 117]
  [  0  26 299  80 111  73 312 379  57 268 319 382 291  20  30 278 324
   175 164 233 115  28 155  29 319  64 162 313 114 110 325 161 370  16
    75 105 273 168 124 384 151 275 254 221  46 138 242  59 362 317   0
   163 247 257 390 115 103 246 221 196 281]
  [  0 224  97 203 277 152  98  46  68 140 138 380 203 217  17 378 266
   140 131 110 334 213 273 227 269  64 331 278 156  60 239  75  42 258
   403 257 187 343 268 249 115 245 323 310  99 334 231 303 100 379 210
     0  52 113 243 197 310 377 135 263  84]
  [  0  57 178 153 378 182 152 320 183 101 394 144 102  95 223 155 258
   229  98 159 219 305 393 380 108 100 394 194 306 119 145 310 319  26
     1  52  11 114 259 199 210 284  71 339  50 375 367 129 101 365 238
   124   0 383 305  12  76 329  85 174  93]
  [  0 284  11  52 339 140 352 251 301 280  10 336  32 171  55 252  10
   120 376 318 399  77 110 298 150 389 196 316 358 370  19 174 359 187
   313 178 336 373 104 351 369 182 339  16 119   4  97 354 373  86  64
   391 252   0 297 344 285  73 160  14 170]
  [  0 113 347 259 225 165 291 277 301 307 120 236  88 158 243 206 119
    10 188 315 240 136 401 313 119 403 240 278   1 117  60  63 217 147
   241 137 236 371  55 119 172 348  22 336 174 246 227 341 233 212 222
   241  48  20   0 302  96  98 176 283 119]
  [  0 252 190 311 400 155 362 256 242 150  75 351 321 235  25 257 377
   283 351 112 318 268  59  44 322 112 199  14  65  82 239 318 385  18
   322  80 333 253 145 144 271  61 334 255 191 164 218 258 243 303 108
   284 370 218 225   0 248 330  16 311 297]
  [  0 263 375 131 179  33 360 339  66 186 195 375 373  14 403  70 332
   358   3 160 251 358 225  56 143   2  28 213  86  11 154   4 288 179
    98  38 337 348 251 172 102 373 364 378 268 294  86 115  45 218 103
    59 145 238 121 372   0 282 310 167 245]
  [  0 380 291 110 249 360 124 345 343 392 181 225 315 279 156   4 151
   295  31 154 118 225  91 255  96 365  26 273 239 176  84 111  14  28
   245 317 241 181 355 158 112 402 100 149 219 230 338 212 400 171 350
   295 224 145 393 117 380   0 355 308 277]
  [  0 153  89  81  89 304  55 322 145 116  89 337 377 161 332 169 289
   216  68 330 214  35  59 196  64 123  97 149  33 296 265 206 243 245
    43 265 211 344 183  42  96 294 262 346  20 345 221 359 259 274 389
   339 301 233  92 134 299 236   0 236 307]
  [  0  20 358 118 159 367 315 238  26 254 327 391 195 286 386 101 298
   219 387 308 154 320 238 194 146 116 171  43 154 309  46 133 143  57
    81  70 292  33 309 109  33 218 211 250 318 394 104 246 100 350 325
    35  73  75 328  14  96 256  67   0 385]
  [  0 180 366 348 382 355  46  69 132 243 297 129  77  87 396 182 224
   339 332 318  17  34 217 319 386  22 354 300 150 361 317 365 321 400
   363  94  56 110 403 386 364 109 225 369 275 384 139 227 195  28 116
   319 317 402 214  17 223 238 369 315   0]]]
release_time
[  0   5 164  35  15  50  17  47  30   7  61 141  46  27  36   6  15   0
  17   3   0  30  66  23   5  45   7  47  61 126  57   2  13  76 301 102
 509 590 103  54   2 139  20  49 116   1  69  95   9  26   1  16  23  40
  27 150  39   3  57  18 102]
due_date
[   0    5  165  138   56  106  152  162  100   22   87  155   49   29
   64   14   25   99   34   78    9   32  134  133   87  142    8  666
  159  152  122   20   46  102 1159  141 1022 1276  112   82  151  162
  101   97  127   41   82  154  125   60  116  110  141  133   33  154
  118   38  135  117  162]
unit_emission
[ 8 10 15  4 11]
emission_limit
33009.6
setup_severity
2.0
due_tight
0.9
due_range
1.0
release_tight
10
degree_constr
0.8
