mach
5
job_rate
12
weight
[ 0  5  5  7  3  9  2  2  3  3  7 10  5 10  9  6  5  5  6  9  9  1 10  6
  9  6  1  4  5  6  2  3  5  9  3  5  5  8  7 10  5  2  3  3  6 10  1  1
  3  5  7  5  8  4  4 10  5  4  1  2  4]
proc_time
[[  0 122 119 145  54 111  85 113  63  52  88  82 110 121 123 123 141 129
  149  99  60  73  78 107 128 118 124 131  56  67  85  60  91  52  92 126
  109 147  87  98 115 115 114  70 102 119  94  72  58  51 137  70 106 105
  103  94  63  71 141 132  56]
 [  0 111  83 146 111  78 106  91  57 109 143 125  80 110 105  86 122 127
  123  82 120  99 129 136  77 116  96  87  88 149 138  78  64 108 135 113
  124 109  53 125  91 143 103  85  78  84  65  96 103  57  80  63  62 115
  110  76  79 105 136 107 133]
 [  0  70  51 134  94 146 114  98  87 100  66  79 131 101 110  57 102 144
  124  56  74 103  79  77 143  59  93 146 147  53 128  90  67  61  86 115
   57 148  69  54  72  84  82  97  94 120 123  88 115 133 147 112 146  80
   97 102  72  84 138 127 128]
 [  0  67  81 107  69  90  97  98 124  54  61  59 129  70  70 124 135  83
   86 125  63 149 121  82 103  53 114 150  63  50  83 143  92  78  88 142
  146 127  70 143 121  89  58  57 132  82  88  69  82 148 124 133 113 108
   53 104 111 121  89  80 112]
 [  0 127 137 139  51 144  60 139 139  75 126  89  98 150 125  50  89 109
   85 117 124 124  89  87 134  72  72 116  92  86 115  70 129 123 124 148
  125 143 110 103 105  50  82  73  65 113  60  58  54 134  75 136  66  74
   67 124 147 131 130 141 106]]
setup_time
[[[  0  33  99 132 245 295  86 213  92 248 287  44 334   9 223 248 280
   118 334 399  81 356 341 117 295 265  84 196 242 168 364 278 210 279
    37 300 100   1  34 322 348  35  20 274  98  62 284  52 259  11 228
    14 226 360 319 202 141 385 207  27 362]
  [  0   0  15  96 349  61  61 321 217 180  78  10 198  53 222 127 160
   268  89 222 358 196  95  55  99 274 198  60 199 279 196  41  47 302
   286 108 162 262 302 319  47 396 390 273  99 213 142 342 252 387 180
   397 168 338  46 302  94 339 375 100 263]
  [  0 269   0 360  79 215 155 148 315  42  34  27 368 113 397  10 104
   264  11 157  40 102 223 188 401 389 103 399 392 222 352 300 336  54
   212 250 312 323 239 300 303 282 300 328 301 383 262  13 113 262 217
   171 250 105  65 196 231  33 200 121 110]
  [  0 109  83   0  72  77 282 271 337 328 116 308 385 294 241 187 218
    31 239 358 320  33 260 330 238  58 192 250  46 186 113 268 116 380
   349 154 307  46 399 374  29 230 358 306 151 312 113  78 208 250 329
    18 155 271 111 120 373 263  38 243 165]
  [  0  61 209  80   0   2  23  99 297 253 349 158  39 267 145 235   3
   371 269 203 220 209 153 172 142 183  82 125  21 212  35 399 144 103
    91 387 258 327 304 139 397 394 303 330 294 191 133 310 168 286 338
   141 114 355 149 245  82 225 190  71 198]
  [  0 256 362 238 177   0 338  21 360 382 367 136 337 102 344  64  44
   195  54  59 120 345 145 384 350 309  19  93  10 291 156 249 132 300
   135 370 190 152 161   7  37   9 344 332  75 257 143 166 104 176 137
   188 117  33  71 294 265 303  93  30 171]
  [  0 280 335 313 153 176   0 145 352  29 230   7 175 141 200  43 334
   261 397  31 292 253   9  12 242  44 313  25 379 388 380 234 254 214
   230 351 191 308 314 370 215 225 300  42 107 204 186 242 196  61  92
   328 259 187 239 397 272 253 189  25 224]
  [  0 351 287 368 183 385 179   0 338  60 319 256 340  46 134  17 186
   219 166 240 211 244 113 117 359 121  87 218 155  93 302  81 123   1
   389 329  99 326 151 272 251 205 130 393 288 290 170 180 318   8  64
   261 237 385  46  26  91  28 342 229 120]
  [  0  79  56  81 136 228  41  56   0  71 201 298 298  30 150 341  40
    49 232 148 370 324 223 386 274 328  43   5 143 389 150  64 274 370
   129 190 112  62  98 200  83 368 127 205 179 218 351  41 284 354 305
   172 390   8 129  21 102 268 343 219  67]
  [  0 257 297 179 282 156 144 138 203   0 252 382  11 264  29 140 305
   388 110 401 254 394 299  25 182 181  30 326 155 337 123 346 329 186
    37 188  54 289 210 288  83 293 242 210 195 217 336 118 157 124  27
   248 181 148 381 315 114 129 234 228 119]
  [  0 298 200  17  12 331  68 222 199 233   0 361 329 177 279 162 317
   155 381 104 149  10 225 398 357 361 263 394  96 366 105 112 218  15
   352  16 123 229  76 257 164 291 366 243 194 238  92 114 384 276 200
    40 258 298 133 330  39 243 137 192  70]
  [  0 251  38  96  53 366  17  65  54 125 366   0  25 276 335  61 255
    50 241 294  74 165 384 267  30 384 367 114 364 144 115 305 256  80
    71 376 104 234 336 164  10 396 399   8 242 259 358 266 285 351 174
   391 112 241 400 335 361   0 188  80 346]
  [  0 165 239 102 236 285 110 401  92  76 296 162   0 384 156 164  17
   208 165 340 164 383 317 282  76 114 337 140 211 127 374 392   8  71
   328 383 304 118   4   8 185 113 203 377 359 355 391 310 147 386 238
   121 160 384 102 139 152 308 293  88 166]
  [  0 113  80  96 193 393 234 145 245 199  57 230 253   0 341 163 323
    87 371 307  34  24 291 187 260 210 278 224 394 125 326 283  46  41
   299   3 237 290 148 361  61 311 367 211 392 314 227 111 350 315  75
   299 373 231 112 152  41  11 223 323 352]
  [  0 392  60  92 282 228 229  80 203 291 175 190 372 272   0 356 128
   249 316  50 106 316 134  46 296  26 168 127  31 156 317 117 393 165
   124 134 239 276 281 196 358 334 216  74  57 233  16 332 382 305   0
   123  62 282 229  40  43 105 150  30 379]
  [  0 227 231 280  89  26 218  92 122 136 200 386 383 145 327   0 195
   240 333 299 287 267 175  78 232  29  65 205  67  85 194 281 308 148
   401 233 154  74 394 214 202 114 301 383 392 246 309  84 161 184 378
   278  47 284 195 189 298 309 323 235  24]
  [  0 141 335 398 332 224 193 213  55  37 328 113  59 234 259 253   0
   237  90 197  36 398 384 186 300 281 209 225  53  55 336  60 186 205
   270 357 290 311 400 398 198  64 211 340 150 200 109 104  35 322  78
   268 354 234 400 203 229 250 264 250  83]
  [  0 170 160 166 275 264  70 323 381 237 233  51 159 374  16 342 265
     0  16  56 335 266 294 214 249 317 252 401 154  82 222 231 353 398
   104 260 101 285 142 144 214 146  76 175 371 304 157 392 148 160 319
   151 279 309 113 200   3  35 158 359 396]
  [  0  59 132 229 227 380 224 166 230 282 165 174 352 356 292 144  56
   127   0 231 123 125 196 363 384 107 325 329  30 358 260 337 312  92
   334 107 156  24 240 341  53  94 125 279 366 136 246 217   7 125 336
    42 297 333 297 127 369  90  63 292  37]
  [  0 158 383 292  52 246 154 270 232 137 105 331  18 233 238 214 219
   169 370   0  92 171 215 144 194 392  56 338 142 383 288  95 352 131
   319 357 349  14 230 131 328 223  54 290 390 285 209  58  94 210 268
   164  28 325 255 367 197 282  45 341 292]
  [  0 145 386 346  46 261 139 167 337 279 315 201 145  97 279  35 315
   170 264 341   0 245 302 274 378 373 382  12 113 176 111  77 269 246
   338 103 304 281 214 126 278 115 399  10 275  94  12 361 163  25 305
   233 148 211 139 252  57 282 230 213  21]
  [  0 135 375 360 353  15 274 346 155 287 324  11 369 283 135 246 372
   346  89 295 107   0 282 226 379 161  17 355 125 188 372 251   3 259
   262 129 385  96 229 320 192 284  14 216 285  92  95 254 268  46 350
   390 379 137 201 366  86  48 362 297 157]
  [  0 235 337  12 103 370  78  86 231 389 181  92 136 175 103 345 373
   133  87 274 206  70   0  76 135 183 112 157 335 263 191 212 346 218
   362 206   7 124 370 204 144 356 235 156 370  46 131  55 167  36 326
   356 201  27 305 342 202 105 148  56  54]
  [  0 378 136 286 112 339 139 351  91 186 153 236 207 100 254 320 132
   282 247  95 176 358 219   0 169  19 313 325 369 333 171 176  97 245
   249 264 192  56  22 344 316 193 180  26 125 216 206 220  74 100 141
   335 153 375 168 180 141 173 294 126  17]
  [  0  82 319 301 362 316 388  68  79 321  85 254 334 313  30 278 188
   291 302 251 210 191 125 213   0  94 133  46  24 214  15 384 157 343
   107 247 181  25 379  88  73  16 211  68  64 163  99 382 225  74  15
    13   5 118  24  57 398  97  84  31 300]
  [  0  37  17 122 138 377 208 141  24 263 215 314  89  46 311 213 237
   295  60 363 363  12 177  70  83   0 138 337 285 255 270  71 317 233
   376 314 359  49 154 128  12   0 119 372 194 116   6 328 277   0  42
    92 333   0 276 252  96 224 184 401 159]
  [  0  49 208  36 307 169 172 203 348 238  87  92 383 264 110 184 388
    34 193 110  74 260  68   2  24 111   0 222 196  24 101  27 206  98
    23 107  49  62 254 137 374  69 115 280 279 206 224 149   6 233 290
   248 152  59 216 165  52 109 186 325 311]
  [  0 243 371 191 341 282 289 157 186 307 315  42  91  42 249 392 214
   309 401 345 288  98  35  37 243  94  11   0   2  62 338 217  96  46
   153 118 211 110  82  64 214 319  29 181 260  83  97 179 381 109 254
   245  11  77  48 326 255 134 258 220  86]
  [  0 285 266 361  87 321 162 304 245 378  23 304 206   0 231 167 348
   298 205 164 386 269 228 382 366 255 221 373   0 240 251 370 298  94
    31  13   5 364 189 224 224 110 257 323 100 129  22 115 176 353 317
   341 253 360 197 173  33 101 343  78  37]
  [  0 207 208  69 354  23  43  90 278  63 230 147 286 121   1 282  29
   303 118 210  97 236  71 390 326 105  25 324  59   0  90 124 238 104
   211 116 373 122 132  70 338 206 130 336 161  49 205 141 337 362 191
   266 313 238 100 330 335 381  69 261  24]
  [  0  63   0  51 199 167 266 316 156  85  27  80 352   8 280 294 127
   122  34  44  47 327  18 232 256 208 279 212 235 230   0 180 330  20
   323 184 175  28 372 363  31 127 261 251 350 126 212 318 326  20 343
    35 398  79 384 326 309 379 156 215  13]
  [  0  42 352 162 316  24 312 208 364 179 375  54  43  93 148  91  44
   104  12 122  13 152 350 374 259 174 133 401 112 169 375   0 342 254
   332 226 395 193 269   5 346 166  30 232 130  75 268 269  10 341 329
   305  19 236 332 327   0 154 388 175  61]
  [  0 256 273 229 134 355 172 175 258 208 133 308 381 159 135 264 349
    26 340  72 336 183 209 384 311 120 175  23 300   4 172  53   0 378
   136 394  92 389  39 159  90 252 157  86 246  51 230 322 306 385 177
   359 195 138 222 165 219 230 217 383 302]
  [  0 310 333 135  87 333 290 342  84 122 183  89 319 351 102 263 313
   217 207  46  54  70 219 381 262 197 300  58 229 170  72 126 295   0
   109 229 317 190 360  90 391 137 396 237 132  69 193 343  30 143 104
   219 290  56 304 372 338 213 296 114  84]
  [  0 362   2  78 208  67 302 133 309 150 265 350 366 194 149 113  62
   228 384 296 292  62 146 119 218 284 362 370 319 292 399  12 276 295
     0 125  79 231 151 357 378 136  34 311 376  89 394 309 201 299 338
   377 401  95  57 128  57 127  42 339 197]
  [  0 355 392 201 151  21 334  47   4 310  29 197 135 328 320 295 150
   278 398 196 352 234 391 333  34 120 101  65 147 210 329 247 385 252
   157   0 342 333  10 374 159 271 315  89 149 327  17 250 288 105 121
   284 161 241 175 121 371 374 110 249 372]
  [  0 147  68 342  60  94 238 290 106 255 257  63 303  43 269 206 242
   356 381 377   0  77 377 204 134 258 182 376 359 397 257  17 117  73
   128 261   0 302  26 111  65  98 271 238 185 123 131 306 220 124 108
   138 375 291 222  85 166 384  58  13 219]
  [  0 165 304 199  22 349 139 369 345 188 235 154  41 148  10 139 174
   339  93 274 168 164  81  31  61 201 198 128 151  23  80 267 317 302
    81 294 201   0 297 157   7 384 161 389 321 157 370 400 400 260 118
   137 335 356 206  34 373  28 134 352   4]
  [  0 236 317 135 395 369  87  35  60 280  19 341 217 270 324 296 165
   380 178 218 372  62 220  91 137 259  30 120  65 237  96  15 107  51
   312 238 301 155   0 144 305 350 341 378 363 348  48 398  62 108 113
   129 107 206 235 356  42 227 191 235 279]
  [  0 246 159 300  78 229 226  41  77  94  75  69 377 269 198 115  42
   312 340 215   6 305 388 195 259 370 357 124 331 145 105  28 227 227
   399 103  72 268  59   0 258 314  68  32   0 112   5 147 136  33 297
    47 150 148  80 334  42   1 267 367 149]
  [  0  44 104   2  21 135 391 146 202 318   3 116 313 225 194   9  48
   328  67 175 338 100 115  18  18 220 161  75 345  99  73  38 278  49
    21   0  37 215 113 326   0 191  12 263  94 259  28   2 186 311 303
   209  38 315  50 388  60 234 377 178 187]
  [  0 284 341  65 392 232 383 134 325 103  73  62 110 233  37 114 221
   251  78 159 109 119 179 207 329 133   6   7 307 152 179 280  66 321
   288  30 267 184 199 395 248   0 249 336 353 118  64 242 280 170 254
   141 364 330 106 340 355 160  96  81  58]
  [  0 315 334 253 183  89   4  59 167  84 320 343  91 266  34  68  19
   208  84  64 179 212 288 347 390 171 106 168  36 131 321  40 222 108
     2 113 342 144 254 343 338 262   0 100 106 390 281 318 285 306 196
    80  76 295 275 236 178 381 386  46 396]
  [  0 319 172 178 207 159 307 261  47 252  89 303 389 288 287 355  85
    94 367 136 175 346 378 211 357 360 179  56  26 238 151 367  52 246
   110 310 161 272 230 372 187  28 271   0 282 106 139  83 242 201 202
    79 137 263  99 352 234 302 133 325 315]
  [  0 354 384  86 155 214 141 401 248 197  97 228   2 355  74 238 299
    35 243  61  31 163  96 120 378  88  59  92 306 196 226 157 376 105
    97   3 245 165 330 358  77  83 165 377   0 210 304 303 336   1  21
   234 217 234  46 211  15  71  47  39  22]
  [  0  19 251 110 180 239 140 352 262 194 187 305 275 374 328 183 265
   121  22 180   4  11 125  75 285 367 183 100 335 357 270 132 284 176
   389 229 216 189  70 104 298 203 259  99  69   0  17 172 152 112 166
   385  76  50 227 348 109 360 337  60 250]
  [  0 336 178  88  25 375 106 145   8 332 365 121 300 266  41  62 216
   347  99 317  39  75 389  39 229 307 372 119  88 341 165 214 285 248
   197 385  98 241 234 192  11 201 147  74 325 209   0 121 315  40 270
   298 265 231 178 127 333  16 277 196 201]
  [  0 393 289  31 265 243 157  63 357 225   4  73 264  18 341  68 335
    31 285 114  79 251  51 314 244 181 116 275 371 377  61 377 257 133
   155 227 292 353  87 261 376 149 116 306 322  39 237   0 395  47 115
   170 162 330 149  13 371 357 367  82 167]
  [  0 334 365  94  63 357 385  18  93 103 208  40 307 179 191  25  36
   139  23  70 235 208 279  45 294  50 304 304 290 363 222 135 220 122
   394  29  53 162 179 383 141 383   1 118 140 216 264 158   0 223 176
   300 184  58 197 199 104 206 275 247 324]
  [  0 172 370  62 116 219 296  97 116  37 121 160 196 358 389  83  70
   243  55 119  35  39  61 219  24 231  35 380 184 388 383 146 255  40
   307 264 188 273 150 231  32 244  20 320  77 171  96 213 214   0  26
   213 188  25   3 191 296 374 354 293 311]
  [  0 235 359 276 224 216 257  59 252  92 222 396  89 400  73 312 263
   365 289 218 317 228 123 212 266 353  84 335 210  74 302 249  45 116
    52 218  41  43  92  39 363 304 247 109  15  49  27 128  23 178   0
   145 220 171 388 231 164  72 185 394  61]
  [  0 206 322 237 345 284 229 238 354 182 153  30 249 174 374 184 305
   218 260 399 117 397  86 146 158  32 321 257 327  90 203  42  81 137
   362 101 111  59 242  15 123  58 264 282 376 218  25  36 344 306  11
     0   9  55 357  61  32 107 209   4  63]
  [  0 246 168 167 350 173 313 141 274 385 109 192 156 226 316 233 111
    56 153 118 234 272 303  53 361 347 108 258 331 364 251  42 166  59
   171 130 353 288  38 318  90 381 351  73  34 301 150 114 174 383  95
   328   0 189 236 345  40 233 167  54 233]
  [  0 316 358 285  18 385 147 276  43 306 181 143 399 346  80 388 183
   214 161  44 325 334  23 397 141 279 182  35  62 398 256  69  94 369
   209 111 339 154   0 297 149 145  15  40  90 143 107 280 381  92 126
    66 142   0  37  51  15 385  63 189 303]
  [  0 305 206 116 256 236 341 151 256  95  63 141  61 323 100 103 359
   392 228  31 181 291 199  54 214 342 300  23 398 148  84  86 213 334
    35 312 165 158  49 159 123  25   1 230  37 227 209 367  80 256 311
   103 175 343   0 349 313 149 183 218 278]
  [  0 303 232 216 287  40 214 285 224  10 368 183  16 387 150 396 129
    32 326 201 344 401 218 364 130  43 375 154 278  30 267 169  94 381
   377 168 131 140 100   0 138 122 208 307 279  43 182 174 377  25 285
    12 213 195 289   0  23 389 168 292  94]
  [  0 342 401 215 161  67 134 178 140 153  11 144 252 343 205 132 304
    55  88 151  30 232 156 198 106  16 249 226 308 250 344 300 242 343
   279 317 228  21  50  40 128 387 310 254 235 347   2 322 349 138 281
   198 105 164 108 306   0 281 165 365 284]
  [  0 183 160 139  93 400 248  51 130 284  85  40 255 242 372 301 183
   186  81 379 273   8 387 401 333 312 237 335 147 293  16 329 205 377
    89 352 368 267  81  70 337  85   5  32 335 340 307 383 318 122 115
   123 214 334 371 375 204   0 126 395 331]
  [  0 271  72 245 299 147 336 104 127 345   9  49  84 291  38  11  53
   263 335 401  47 154 383  27 224  98  20 367 325 386  74 215 208 325
    92 276  54 169 201 296  87 114 331  87 329 137 214 390  13  16 288
    54 192 238 174   7 183 157   0 374  33]
  [  0 166 268 122  34  59 304 274 326 294  69 130 268 166 349  12 199
   252  94  83 148  23 345 174 107  27 371 220 159  77 230 157 130 206
    11 293 268  49  32 185 212 304 125  37 379 118 360 251 130  47 213
     6 387 294   3   3 226 124 346   0 175]
  [  0 174 180  79 235 163 113 242  28  81 366 206 120 346 282 275 291
   352  49 157 190  26 212 300 151 143  29 394 254 134  15 178  36  81
   145 309 156 148 380 102 230 380  29 254  60 269 128 321  23 137  37
   246 109 326  14 360 161 191 156 399   0]]

 [[  0 360 193 276 127 333   6 347 339 113 329  37 190 253  48  68  47
   170  79  82 235 373 385 358 183  64 260  49 322 354 122 130 199  29
   107  16 179 383 291  10 217 354  76 325 361 173 191 352  19 266 348
    11 214 340  99  72  10 126  68  46 238]
  [  0   0 282 108  73 379 316  65 225 155 147 303  19 387 333 338  71
   275 249 139 246 233 259 206  69  72 326  48 383 204 360 184 227  84
   143 202  59  51  19 198 276  29 185 183 176 160 377 170 353 210 219
    88 333 369 185 242 102 308  66 207 203]
  [  0  54   0 125 288 294 351 271 117  54   4 249   4 345 345 146  42
    48 156 154 190 174  67 130 280 309 262 200 263 106 109 314 333 190
   193 161   2 151 173 278 318 202 344 181 103  90 180 135 356   3   8
   233  15 334 365  87  65  95 124 259 239]
  [  0 274  32   0 346 307 379 279 109 355  10 106 179 196 108  70  27
   297 150  55 348 346   9 269 348 211 262 276 375   9 165  15 230 226
   196  62 120 202  50 359 224  43 368 371  75 311  69 255 122 322 187
    55 138 234 120 287  28 189 152 129  70]
  [  0 267 189 212   0  79 141 366 105 176 245  66 357 269 250 271 355
    75  59  68 130 126  90   7 171 144 294 117 146 380 214 107 116  84
   286 288 346 124 101   9 234 325 304 213 198 162 258 353 228 225 107
   260  72 163  60 342 106  85 381 269 347]
  [  0 269  42 375 208   0  88  61  55 191  23   0 299 386 269 153 283
    53 282 360 297 265 169 187 344 366  59 246 341 280  56  71  80 244
   126 215 296 292 114 106 147 267 283 346 207 262  90 128 351 109  27
   261 124 204 142 377 136 399 204 246 157]
  [  0  69 373   4 199 297   0 316 294 113 129  50 115  36 284  55 313
    77 360 274  24 132  14 100 378  73 385 246 216 327 195  39 158 167
    48 378 307  77 101 281  83 134  64  79 257 367 400 165 200 398 207
    73 162 166 123 383 121 206 350  48 124]
  [  0  33  78 294 173 263  37   0  59  31 301 117 128 107 377 130  87
   400  82 115 382  47  10  85 391 374 111  77  89 184 153 202 246 391
   100 149 132  86 380  73 190  70 304 171 148 372 378  86 151  39 385
   202 308 134 299 371 235  52 256 197 267]
  [  0  62 320 168 347 202 313 106   0  11  76 345 401 127 316 360 321
   137 205 357 360  19 331 287  94 123  75   1 199  96 102 331 261 358
    55 200  15  57 241 262 201  79 148 231  71 347 127 146 383 326 217
   187 303   5  14 267 371 210 198 165  60]
  [  0 311 392 211  63 367 267  76  19   0  16 164 290  95 102 348 336
   234 257 250  51 280  95  75  35 101 105  18 181 320 142 255  26 213
   236 153 125 128 176 326  74 106  95 116 246 216 197 356 233 300 394
   121 320 312   7 226  87  59 296  71 391]
  [  0 296 193 150  91 273 337 264 141 399   0 323 303 102 302 239 109
   186  58 193 236 155  23  52 174  16 399 319 199 119 137 310 295   7
   196  11  80  62 393  27  74 266 243  53 285 235 151  74  22 236 224
   375 204 294 195 291 196 380 217 211 146]
  [  0 203 163 199 245 385 371 145  13  29  26   0 124 168 213 301 180
   353 109 364 387 372  31 279 370 126 243  69  24 100 265 236 156 104
   215 318 282 263 393  35  83 238 100  59 193 323 122 268 279  16 190
    45 207 394 390  98 115  12   0  17 267]
  [  0 203  73 333  67 310  49 176 173 216 152  91   0  39 316 239 288
   388 382 397 396 401 157 283  34  85 320 321 381 362  29 335 243 186
   205 227  17 107 345 326 279  27  77 235 140 208 240  87 150  48 151
     1  11 356  79 368  79   0 302 114  56]
  [  0 113 388  36 160 243  85 182 317 399 350 113 350   0  94 377 272
   264 394 177 394 200 150 278  81  59 161 304 378 216 170 340 278 142
   235 267 375 203 222 118 130 367  66 115 383  31  17 393 119 302 153
   114 250 176 269 204 258 183 357 366 157]
  [  0 232 279 143 358 353 367 322 101 254 157 107 190   8   0 102  99
   194 279 248   4 106  70 392 119  49 212 398 171 226  33 250   7 362
   257  47  50 358  75 356 156 178 241 349 262  71 325 111 307 340  68
   376 100 302 225  30 251  65 101 325 151]
  [  0 245 155 284 224 320 275 290  33 139 230 261 189 336 243   0 325
   255 220 231 239 253 353 221 358 191 216 270 201 399 281 114 209 181
   292 151 263 148  33 276  29 268 315  67 324  74  20 262 272  93  97
   322  60 182 256 176 167 254 338 316 281]
  [  0 174 189   0 217 196 372 260  14  52 265 357 111 143 185 252   0
   388 334 131 347 391 386 192  68 111 231  72  21  54 320  14 118 341
   285 382  43  52  62 397 350   0  68 102   3  58 379 153 220 140 269
   169 271  87 141 245 189 387 326 149  73]
  [  0 188 134 140  92  83  18 376 156  81 326 364 285  28 217  19 307
     0 152 221 102  49 181 355 391 173  53 250 114 163   2 123 202 136
    66 201 376 327 168  64 130   0 332 255  46 354  79 357  54  54 139
   325 314  24 361  17 258 120  50 300 296]
  [  0 153  11 333 300 152 354 250 204 358 243 232 303 300 294  89 328
   364   0 397 357 288 197  53 397 151 398 300  91 207 142 103 121 335
   175 189 170 278  47 381  29 220  16 334 166 205 159 237  71 276  89
   122  82 323  80 334 333 245 169 189 152]
  [  0 229 322 374 254  48 371  13 305  96  17  77 207  30 254 100 112
   118  29   0 361 219 320 184  11  57  48 165  79 156 194 149  43  69
   324 140 320  90 105 107 360 357 352  27 258  50 117 232 274 119 390
   312  77 336 229 130 175  25 337 168 143]
  [  0 293 160 161 239 123 149 159  46 167 238 234  85 106 207  57  71
    93 361 199   0 163 373 339 272 242 397 332 312 261 300 100 112 262
    48 392  33 243 253 384  20  24 153 172 160 210  25 187 272 373 152
    66 199 164  43 102 344  12 265  48 364]
  [  0 375 114 127 254 313 351 322  92  87  18 354 244 175 138 252  62
   146 321 148 253   0  22 340  81 214 339  43 113  97 268 269 149 296
   196 184 370 142 396 266 108  80 156 356 121  80 300 272  70 277 303
   233 339 256 148  82 378 237 383 285 225]
  [  0 273 332  33 101 222 134 375 151 285 178  63 115 313 245 258 191
   345 369  81 306 270   0 170 162 378  69 273 224 230 300 206 155 400
   126  35 127 209 185 218  56   0  90 258 110 139 374 367 167  33 286
   239  87 101 157  72 239 259 138 293 127]
  [  0 259 176 120 301 241 286 328 391 339 327   0 356  75 140 163 114
     5 197 277 262  18 300   0 288 333 166 155 277 152 308 138 171 112
    69 314 101  37 214  58 206 358 213 156 329 126 143 356  69 268  37
   306 145 249 391   8 234 339 199 115 192]
  [  0  93 133 378 181  54  79 159 137 285 131  45 377 347 381 340 232
   335 367 315 178 247 363 276   0  20 114 275 281 374 366 107 345 181
   347 143 195 253 138 194 382 178 252 391 199 357 316 292 258  26 298
   329 371 102  13 385 225 105  29 254  36]
  [  0 218 101  98 158 302 149 401 165 313 355 125 297 300 384 307 324
   157 345  65 369 392 343 254 291   0 318 390 307 276 207 265  87 356
   359 399 288 188 247 212  87 122 166 310  78 237 184 274 186 218 257
   398 251 368 292 291 206 327 295 316 303]
  [  0 331  78 331 371 330 152 230  77 312  24 178 375  55 181 171   2
    16 361 397 248 203 253 190 119 303   0 376  51  61  70 244 268 189
    35 155 122 134 270   0 381  12  14 270 356 325  23 247 325 391 276
   319 251 294 268  10 295   4  48 322 322]
  [  0  42 237 256 301 379 212 180 319  71 399 285 198 104 390  48 341
    86 256 123  34 238 221   1 295  97 310   0  63  94 347 291  13  86
   246 329 114 299 276 114  30 178 368 185 108 335 280 301 168  14  99
   212 347  40  87 100  36 391  56 122 104]
  [  0 340  13 205  94  99 115   3 104 178 368 159  85 127  49 130  84
   344 139  58 214   5 173 288 400 206 119 379   0 209 170 161  26 337
   134  32 393 280 169 200 160 321 210 181  90 289 196   4 135 389  25
   350 115  56  23 258  79  41  24 274  78]
  [  0 316 169  27 322 401 216 193 150  26  62 103 218  40 179 370 148
   174 324 292  96  75  10 107 392  53  28  76 307   0 203 323 274 132
   286 189  18 290 189  40  36 282 208 120 122  65 264 152 356  59 232
    75 190 220 391 323 262 179 145 216 235]
  [  0 306 308 381 329 380 386 199 169 393 350  32 184 133  74  34 268
   285  15 108  76  26 130 360 378 257  36 180 206 334   0 130 155   3
    60  15 296  31  67 121 140 255  59 204 350   8 387 130  32 352 142
   203 123 357 197  52 258 220  70  80  94]
  [  0 223  44 275 380 142 208 177 381 261 304 335  39 337  93  61 207
    94 223 269 355   3 193 386 212 274  19 338 204 246 328   0 367 219
   112 174 111 395 294  52 117 338 170 291 351 114 129 155 193  97 223
    21 225 339 302 367 160 135 303 155 351]
  [  0 325 362 317   2 343 221 313 146  82 399  65 361 191  21 121 133
    47 376 346  96 307 177 379 213 176   0  84 198 138 237 272   0 267
   216 191 370 323 142 376  52 284 334 149  98  23 119 361 272 236 320
    27 342 213 228 294  72 165 333 264 221]
  [  0   1 121 234 144 287  87 293 259 219  40 138  96 260  83 152 156
   185 107 366 296 400 245 361 197 371  57 105  90  78 312 368   5   0
   203 354 271 106 275 339  60 188  44 225  85 261 215 334 395  51 239
   160 202 128 164 205 372 172 385 140  18]
  [  0 363 210 261 126 352  51 261 280  17 230 240 228  54  79 199 387
   312 101 156 307 399 231   2 145 335 311   8 274 161 226 148  87 317
     0 251 392 163 248 357 138  25 278   6 231 401 348  85 170 330 197
     2 243 204  28 264   1  27 363  18  37]
  [  0 399  41 283  96 173   8 308 204 206  20 276 305 393 350 172 400
   194 119  53 391 257  79  32 354 253 381 368  63 200 262 176 150 294
   183   0  97 149 256 333 329  43 225 125  17 244 130 112 115  29 203
   300 138 170 111 383 255 379   0 280 159]
  [  0 166 193 259 158 185  11 364 320 127 240 200 214 145 217  20 323
   216 130 225 150 362 236 290 250 315 199  30  38  30 290 184  75 192
   291 220   0 197 266 128 313 198 134 149 261 104 263 105 275  82 234
    43 133 368 389  97  26 270 361 153  49]
  [  0 383 361 211  25  19 125 158  13 259 134 155 203 390 154 150   7
    13 387 356 298  12 140 183  20  17 303 154 310 246 276  13 148  23
   309 205 284   0 227   2  46 323 296 228 321 315  53 361 207 400 309
   163 157 181 400 131 381 169  22 392 248]
  [  0  66 109  95  16 360 312   0 143 125 147 177 304 144 208 244 285
   116 142 131 119  99 378 345  59 199 336 171 364 296 248 322 214  14
   361 155  80 398   0 390 218 147 166  65  98 116 233 183 284 140  58
   389 236  24 170 344  67   3  61 398 377]
  [  0 159 169 155 144 160 137 127 388  18 357  19  82 355 164 194 165
   156 300  44 312 293  44 278  66 214 247 157 368  53 351 104 299 312
   240  64 116 285 367   0 277 218 320 222 379 143 196  91 394 106  51
   207 144 246  91 339  66 295 256 249  92]
  [  0 378 298 224 110 143 160  74  85 329 163 259 389 272 332  90 262
   316 348 335 277 323  53 287 347 336 193 242  68 352  37 190 200 232
   151  16 172 203 315 108   0 212  40  55  81 351 372 321   7 233 251
   134 102 118 306 321 206 332 304 120  23]
  [  0 190 319  80 121  86 300 327 401 291  47 278 380 365 376 252 265
   135 385 323  50 329 285 358  64 204 378 220 305  39 234 359  10 294
   338 229 209 395 364 117  65   0  29 250 192 356  14 171 197 375  16
   208 334  82 106  58 302 292 374 387 398]
  [  0 386 343 287 126 242  97 309 207 149 301 255 220 166 327  29 137
   139 259 245 384 250 105 371 252 178 251 310 355 118 189 375 331  92
   223 312 147 289 307  46 153 197   0 250 368 273 220 160  20 100 391
   193   0 274  32  32 261 265 342  26 257]
  [  0 294 397  61 101 236 378 215 214 383 347 213  64 325  17 224 114
   285 198 143  15 276 260 171 109 396 242 367 286  68 358 317  43 172
    28 151 314 123 153 264 230 222 343   0 243 365 387 183 336 202 329
   153  84 174 160  51 271 384 373  80 151]
  [  0  68  71 245 184 209 218 352   4 326 137  68 194 342 185 109 317
    33 382 119  74 173 121 252 199 229 293 256 129  95  60 379 235  19
    17  11 111  86 171 250 348 167  77 322   0  51 195 141  33 264 112
   214 281 322  44 386 376 100 196 199 199]
  [  0 284 308 357 368 179 339 368 277 179 113 220 397 279  15  61 278
   388 215  17 132 378  23 223 117  66   9 288 326 169 128 304 176  34
   136 206 275 383 220 179 214  12 192 384 151   0 277 285 154 359  58
   128 272 249 352 273 216  23  15  17 186]
  [  0 297 183 167 165 218 359 220 201 361 372 345  75 278 261  22  34
   143 358 355 138 133 260 282 217  84  32 367 225 234 344 333  65 209
   169 259   1 336 284 304 333 292 364 294 336  29   0 214 104 236 385
    33 271 278 100  44 203 330 232 358 282]
  [  0 170 326  41 265 156  95 279 395 245 142 210 395 271 283 172  32
    90 276 362 388 115  63 354 109 251 254 190 368 160 194 204 264  12
   263 191 231 249 238  40 182 312 333 362 224  72 101   0 399  16 110
   357   9 169  56 127 240 211 390 119 158]
  [  0 323  73 262 257 231 157 221 225 305 373 219 321 291  88  63  34
   129 261   2 339 381 231  82 366  43 210 164  14  78  73  29 252 111
   181 208 341 254 288 131  59 212 129 284 291 220 164 376   0 264 374
    56  77 345 151 179 291 313 135 258 147]
  [  0 390  28 278 229 298 251 136 169 341 154 119 117 177 175  26  48
   392 177 383 151 118 332 207 120 324  93 274 189  18 346 182 330  52
    76 380 106  12  56 341 192 184  75 352 324  26 276  21 369   0 214
   298 260 129 337 347  39 337 389 269 166]
  [  0 358 185  85 280 215 387  26 164 237  50 199 188 353 229 272 256
   159 215  44 182 295 275 317  55 309 383 234 184 301 302 335 323 384
     7 142  76 294 101 316  13 382 345 368 284  79  79 148 281 229   0
   117 280 284  92 214 288 243 371  60  43]
  [  0 393 289 265   3 378  95  24 158 251 290  65 104 221 199  41 179
   355 263 180 272 136 227 310 162  99  88 182  38 331 370  50 164  15
   159 280  49 338 375   7  97 378 343 331 264 341 125 348   7 177 280
     0 162 312 286 350 342 299 147 386 144]
  [  0 342 339 132 123 211 383  34 370 197 374 142 132 202 185 341 107
     4 237 354 153 185 156 214 329  82 198  58 160 114  52 265 237 296
   212 400 121 255   1 209 339 141 131 227 193 287  81   6 338 375 343
    78   0 170 236 155 124 305 200  19  65]
  [  0   3  70 141 286 395 148 298 267 250  32  14 180  99 217 169 213
   382 130 342 101 178 180 124 154 394  93 352  12 177 160 213 359 375
   177 232 143   0  17 148  72 199  54 151 237 191  10 182   1 164 116
   307 215   0 152 183 304  88 200  85 237]
  [  0   6  24 132  69 195 154 309 126 398 116 298 354  71 220 289 275
   221 137 325 293  13 307  70 166 379 115  41 218 162 253 295  69 214
   237 285 318 218 264  18 191 361 185 185 112 208  56 138 263  12  10
    33 280 304   0 133  38  51  67 223 158]
  [  0 388 308  45 209  12 306   8 191 257 119  67 328 238 218 339  43
   168 264  56 353 117 353  35 300 119 201  87 298 396  51  34  95  46
   199 398  58  84 297 354  63 376 276 278  78 179 383 364  58 241 355
   349 208 206  40   0 155 114 112 188 266]
  [  0 216 101 221 256 265 197 289 317 109 249 270 400  15 166 327 348
    72 156 328 327 401 193 346 216 323 199   9 371 283 335  27 101 212
   337 203 375 188  99  60 253  26 129 105  37 339 390 391 383 100  45
   272 367  42 277 361   0 292 329  38 119]
  [  0 207 195 322 184  76   9 278 260 332 345 219  74  23 193 226 348
    49 143 396 397 309 244 315 243 223 229 241 322 166 371  81 196 185
   264   6 182 364 174 259 286 323 148 232 229 300 214 375 183 173 236
    47 190 226 398 284 392   0 369 104 204]
  [  0 260  67 343 213 311  55 231   5  35 287 296  58  75 212 163 126
   360  36  13  26   8 343  94  84 215 400  19 298 377 388 107 323 384
   259   8 255 190  77 218 331 222  68  27  28  58 177   2 258 210 145
    26  29 303  83 159 233 278   0 262 324]
  [  0 157 157 334 267 139  84 321 122 288 108 275 305  21 231 300 179
   187 370  63  19 281 400  84  85 338 294 376 265 363 223 186  11  32
   354 306 256 166 176 383 380 176 376 192 200 323 303 304  48 334 330
   264 173  85 397   4 235 240  84   0  15]
  [  0 332 112 113 317  81 231  94 236  16 278 112 277   0 296 399 135
    61 101 180 217 109  64 250  61 321 171  73 372 335 345 105 127  40
   164  80 226 264 277 129 312 136  72 222 140 258 378 133   2  26 180
   157 175 396 127 376 227 380 275 177   0]]

 [[  0 211  59 128 356 127  39  46 143   8 181 146 393 121  98 152 238
   392  86 231 391 173  68 376 144 201 244 237  53 150   0 300 185  44
    53 356   3  58   2 391 258 211 264 342 211 103 259 325 391 206 334
   248  18 206 131 204 141 142  25 175 262]
  [  0   0  57 259 158 261 256 264 398  91 154  83  78 345 187  32   6
   293  18 358 192 201 378  41 265 156 383 304 112  70  34 106 388  82
   366 186 269 207 160 240 276 323   2 100 190  84 229 313 169  32 245
    46  10 130 360  65 262 184 294 338  81]
  [  0 267   0  28  63 102 239   1  94  11  24 246   2  61 254 277 316
   161 137 208  25 381 339  54 227  54 271  61 155 377  45 361 170 394
    12 207 321 192 120  60  51 138   1 179 279 278 278 305  32 386 123
   155 141 127 325  20 125 253 306 257 157]
  [  0  20 276   0 252 240 290 281 212 315 148 289 362 345  27 155 263
   257 302  36  84 164  34 361   4  33 334 268  63   6 196 364 186 216
   252 343 300 108 151 271 399 392 322 125  68  35  65 366  73 215  95
   155  15  66 305 121  67 132 208 288 358]
  [  0 308 108  42   0 247  47  42 259  87  58 184 115 224 179 278 271
   152  43 163 170  30 361 170 320 254 152 271 388 344 319 163   0  97
    47  35 145 250 170 133  82 222 367 153 322 203 323 219 212 102 130
    11 285  82  28 183  62 377 268  22  49]
  [  0 277 209 136 355   0  77 220 277 400  42 280  74 120 115  64 184
   182 208  69   7 102 171 110 294 130 368 381 294 124 167   0  40 324
   133  16 339 226 158 351 312 275 334 216 193  22 277 285 242 258 116
   201 283 264  59  12  86   5 360 131 151]
  [  0 122 122  49  67 110   0  21 149 226 166 359 171 240 220 258 300
   370 145 103   1  68 366 376 136  18 226 209 168 106 226  48 291 130
   283 140 334 128 162  24 195 120 283 386 285 288 359 327  83  26 164
    32 181 343 324 169 132 190 231 123 205]
  [  0 208 361 196 164 348 322   0 204 369 336 243 163 351 387  41 367
   352 394  95  21 348 358 331 161 163 387 354 289 123 317  39 288 215
   391 233 385 394 247  92 372 264 305 327 249 239  36  73 110 399 111
   376  18 242 292 169 112 275 114 314 258]
  [  0 151 255  85 206  64 226  21   0 281 217  89 191 186  71  24 395
   176 302  30 211 362 216 341 287 328 397   9 315  69 119 350 163 287
     7  74  54 132 310   4 247 333  40 318 172  67 386 275 317 384 231
   367 150 310 168 164  92 240 325 328   2]
  [  0  29 376 197 237  97 335 262  61   0 231  53  79  69  13 124 137
   274 115 165 162 126 346 389 308  99  54 350 162  43 170   2  39 108
    55 280 172 208 267  97  95 269 400 394 312  14 314 296 179  41 214
   314 171 259 386 319 159 322 376  18 283]
  [  0 242  66 184  85   5 242 168  80  86   0  53 193  93 138 150 382
   147 266 371   5 129  75 212 168 157 391  92 189 181 277 117 242 234
   347 400  21 347 364 224 240 118 290 285  20 189 192 152 283  55 115
    80 138  43  56 314 165  41 190 399 280]
  [  0  30 267 289 337 207 275  15  57 226  75   0  43 228  43  17 225
   399 245 197 374 112  87 262 373   6 109 231 150 139 229 300  71 147
    87 220  95 254 240 200   2 234  88 222  78 210 136   7 100 172  10
   388 226 182  22 317 236 299 294 384 232]
  [  0 106 324 188  15 142  37 253 313 232  63 392   0 379 248 251  83
   227 379 371 324 385  70  10 292  95   2 250 235 295   3 219 248 176
   203 262 342  27 217 112  85  95 363 283 211 375  71 129  20 179 176
    61  37 272 171 284   5 391 310 134  62]
  [  0 362  91  12  47   5 138 275 393  92 163 200 320   0 119 128 228
   393 354 231 305 235  68  66 250 256  45 163  46 253 107 125 163 400
   157 386 371 125 248 396  40 290 288  13  13  52 337 251 356 311  40
   355 137  49 234 130 198 327 186 126  89]
  [  0 349 100 151 192 173 307  90 245 247 331 286 385 317   0  89 352
   308 206 185  58 170 310  96  56  37 103 337 307  69 340 248 371 372
   327 354 384 116 282 118  24 164 213 226  96 282 244 222  82 274 241
   295 152 310 124 395 287 246 247  81 289]
  [  0 306 121 105 211 255  22 298 396 292 260 327 187 129 305   0  38
   248 331 216 210 144 355   8 281 245 102 204  83  21 395 184 185 125
   198 176 222 246 384  83 396 219  57  67 336  83  68 324 392 119  70
   185 389 170 330 280 173 388 364  50 267]
  [  0  34 397 332 391 294  81  87 181 138  61  74 391 132 300 263   0
   181  99 291 114 218 174 111 276 290  79 207 290 247 236 187 333  55
   271 340 392  54  68 357  20 146 220 128 173 364 146  45 366 220  64
   279 270 356 152 379 156 337 131 279 328]
  [  0  41 169 171 155 290 332  22 151  35 206  35 237 380  24 120  97
     0 199 323 314 180 335  18  67  58 278 231 325 210  32  28 180  53
   241 302 145  41 381  61 355 213 299 337 305 241 249  93 229 283 120
   242 377 306 174 153 330 155 212 218 186]
  [  0 370 209  84 339  79 304 147 106 262  38 266  86 361  55  60  19
   340   0 312  94 237 259 352 336 324 330  19 176  46  29 249 139 180
   102 380  59  48 330  14 249  93 253 197 356 121 237  64 364 106 271
   181 181  99 306 283 314 273 266 297 388]
  [  0 192  27 217 285  15  77 223 176 321 346 331 362 223 254 153 375
    84   4   0 117 170 380 132  79 228  11 112 175 272 320 192 247 241
   148 362 196 246 237 302  47 152 192 104 393 397  46 361 338 161 294
   244 106 341  83 198 130 166 218  39 168]
  [  0 119  37 253 284 181 258 168  84 143 121 246  38 228 250   5  96
     6 254  18   0  42 336  24 383 238 327 165 143 201  31 318 118 216
    18  53 122 252  16  67 324 196 197 209 129 372  18  49 155  73 363
   181 205 281 246 300 182 228  33 295 116]
  [  0  19 353 371 289  77 121   8 172 209 153  98 211   8 234 270 369
   289 158 109 155   0 203   2 210 377 258  88 146  73 371  57  59 367
   186 351 155  34 300 145 190 120 318 244 308 281 137 242 277 123 204
   147  76 345  36 160 259 356 134 146 157]
  [  0 184  20  52 307 267  67  23  15  84  41 350 289 303 301 314  36
    28 283  90  84 121   0 169 109 318 186 186 254 179 328 245  95  74
   128 313 278 259 136  80  93   4 157  25 274 254 340 168 400 209 154
   343 187 179 235  93 309 133 101 159  85]
  [  0 146 230  74  33 229 177 338  77 259  44 260 311  77 243 299 186
   159  33 118 163 124 387   0 331 366 305  60 246  96  13 104  81 145
   157  49  46 244 146 142 321 188   2 201 320 400 309 369 308 358 274
   101 199 147 344  23  36 250 168 324  67]
  [  0 131 257 378 143 401  83 322 113 127   7 190 245 147 385 240 210
    95 307 257 115 307 397   7   0  65 112 286 398 123 397 108 198 271
   117 218 394 141 349 202 108 208   8 298  94 350 256 161 123 340  20
    17 133 191 158 385 288 137 400  89 119]
  [  0  49 158 320  73  92 158  89 146 155 320 118  44 280 330 284 351
   275  42 173 103 388 118 242 222   0 335 116 254  41 251  45 299  69
     3 386 113 321 257 317 107 237  29 218 270 336 379 304 313 107 180
   292 279   4 250 276 141  14  12 130 149]
  [  0 231 396 333  61 100 204 397  95 143  75 140 246  16 271 312 235
   272  13  75  74 270 312 104 147  41   0  12  48 124 177  74 332 129
   304 242 240 279 275 261 147  76 236  54 312 209 251  70  28 214 392
   104 248 143 172 146 393 371 135 372 318]
  [  0  20  46  29 185  81  83 185 123 299 158  63  30 170 368 153 180
    34 260 328 253 389 308  32 163 281  84   0 150  36 209 389   2  33
   322 325 249 303  82 125  96 138 101 272 174 109 343  44 306 378  92
     9 130   0 130 325 183 360 149 143 316]
  [  0  43  25 147 334 283   3 196 283  60  76 369 223  18 322 241 172
   215 211 358 186 321 274 185 155   6  96 250   0  40 359 351 218  72
   108 128 396 146  16 241 254  66 145 150  49 240 260 216 304 213 288
   301  54 192 196  77  23 209 166 315 288]
  [  0 375  37 121 344 168  97 229 396  13 239 300   3 115 171  67 190
   101 375 214 128 208 122 400 330 103 117  38 366   0 310 316 198 365
   294 382 227  13 146 372  47 323 327  39  86 297 128  12   3 224  30
     7 261 178 384 387  78 123 184 194  16]
  [  0  32 275 333 321 276 227  46 235  42 231 250 261  70 307  48 274
   194 336 177 307 121  52 329 322 177 282  67  71 315   0 223 112 214
    13  43 156 346 208 139 229 272 193 333 186 263 400 189 379 167 182
   321 179  83 303 280 192 238 216  23 141]
  [  0 264  19  57  52 175 114 259 224 392 170  23 303 177 348  73 211
   303 228 308  76 124 145 305 225 251 350 103 284 379 179   0  20 309
   323  98 245 230 204  48  38 240   4  62 174 142 328  78 143 188 155
   169 316 242 130  86 283 220 281  22 272]
  [  0 200 115 111  82 210 231 202 174 383  27 266 327 162 205 334 137
   133 296 350 222 299  68 235   7 313 374 261 379  67 396 278   0 366
   172 239  33  40 243 250 317 212 398 366  64 345 251  14 206 240 185
   264 113 380 145  25 149  83 326 292 344]
  [  0 126  12  45 193 105  34 293 195 175 245  86 197 125 212   9 296
   319 353 122 322 173 341 355 209 143 281 250 388 347 151 238 275   0
   209   3   6 102 243 186 282 178 174 193 176 354 137 368  39 330 320
     8 229 230 320  95  30 121 391 317  80]
  [  0 156 371  33 397  95 370  23 110  13 132 360 111 367 140 390 306
   387 288 327 122 212 191 281 271 274 290  59 359 143  50  81 109  86
     0 162 246  32 277  36 207  78  59 300 268 179 225 277 224  28 324
    49 187 167 170 159 158  94 353 153 201]
  [  0  51  86 111 188 358 185 351 387 312 385 258 302 140 133 282 279
    23 302  67  21  50 223  79  23 147 239 233 125  36  50  97 284 179
    90   0 105 293 249 192 394 302  98 320  61 366  49 211 193 296 263
   249  44 167  10 387  74 372  25 154 277]
  [  0  53   5  34 183 151 320 142  39  69 240 107 377  95 145  88 338
    25 187 299 110 119 100 321 348  24 184 147  42 101 348 361 188  16
   352 362   0  29 297 118 317 191 144 166 177 136 325 177 340  53  37
   120  11 377  80  61 202  10 105 356 162]
  [  0 216 369 333 114  38 188 130 133  55 102  35 365  93 123 154  98
   274 382 135 229 343  83 256  84  80 249 143 280  88 336 282 212  69
   328 298  71   0 378  43  65 222 338 183 210 156 174 337 173 182 231
   186 118 102  34  35 334  74  15  42 157]
  [  0 381 100 210 218 140 180  40 280 375 354 356 317 106  42 244 145
   182  76  43 136  45 382 180 318 376 244 216  38 188 127  93 370   5
    15 185 178 243   0 295 357  30 224  86  12 228 111 275 160 164 262
   278 211  70  19 326 253 171 187 117 177]
  [  0 157 218 240 332 283 101  54  19 183 399 386 358  38  94 112 362
   187 309 293  47 166 111  78 378 113 227  75 147 148 101 101 279 175
    60 140 321 302  26   0 154  66 162 362 205 130 234 295 173 200 397
   372  16 359 166 277 187 243  24 312   2]
  [  0  45   3 293 253 262 114 242 113  23 159 143 321 221 244 322  13
   301  21  64 161 328 158 298  51  92 353 351 345 210 305 247 269 154
   340 223 376  21 100 237   0 302  33  78  60 236 321 318  60 151 238
   123 169 190  33 173 187 169 309 314 333]
  [  0 232 194 100  41  54 383 302 200  60 351 183 197 325  16 336 156
   247 125 374 391 317 202 189 325 124 185 340  19 359 176 174 269 327
    17 316 354  50 137 244 170   0 375 195 212 263  74 191 238 332 267
   398 158  35 194 224 318 373 367 318 292]
  [  0  91 309 230  94 133 394  96  36 148 176 148 274  67 231 215   4
   277 109 331  48 351 232  34  82  14  53  17 160 352 398  94 161 357
    57 232 360 192 247  98  38  35   0  63 164 365  68 328 195  60 374
    43 384 269 265 142 291  68 265 388  98]
  [  0 354 355 249 123 107 306 324 117 352 205 213 387  37  21 140  81
   106  84  16 287 324 365 382 289 394 234 262 300 330 290 387 106 160
   339 302 222 231 310  69 258 303 138   0 287 271 332 130 284 173 375
    97 105  62 143 316 329 323 104 292 206]
  [  0  31 339 150 274 116 276  86 134 174 180 221 267 107 240 114  38
   264 212 326 303 272  97  50 128 190 119 389 161 355 273  96 324 125
    19 146  90 138 325 238 200 349  93  41   0 357 144   3 344 380 265
   207 294 262  76  32 201 397 326 347  15]
  [  0 351 109 286 159 311 343 110 351 267  81 376 177 345  58 158 276
    89 268 103 401  86 254  97 225 272 162 321 380  19 212 108 239 236
   365 121  45 324 205 387 171  13 361 160   3   0  46 129  37 278 143
     0 242 218 262 377  81 400 188 113 154]
  [  0  11 240 107 186  27 398  68 244 152 188  81 326 389  48 374 356
    87 309 337  48 308 157 121 142 191 165 136 254 326 135 194  14 351
   226 155 330 352 275 269  39 353 303 260  36 350   0 279 169 167 184
    52 287 183  11 318 348 100 340 281 389]
  [  0 158 232 299 262 160 103 167 389  61   0 268  78 254  38  31 394
   252   6  29 386 298 139 301  64 174  95 369 109 353 179 268 270 309
   246 169 377 388  64 332 109 350   7 260 378  20 341   0  30 326  93
    22 297 372 202 290 119  80 247   7 184]
  [  0 373 148  56 165 167  32 177 231 126 303 366 401 110 377 317 380
   222 309  80  40 286 313 362 264 173 297 243 284 250 246 267 156 264
    67 117 368 167 199  47 393 166 264  77  63 273  50  20   0 177 357
   359   6  24 207  22 237 333 195  75 307]
  [  0 192 373 157 167  10  55  34 325 251 135 238 177 226  64  75 143
   375 231 241 233  84 185  44 129  64 233 153 323  44 124 134 242  72
    45 158  70 399 335 161  57 129 212 101 325 184 114 178 102   0 282
     2 343 102 216  33 339 214 347  96  12]
  [  0 401  39 303 156 367 109  78 103 275 100 268 339 373 289 238 302
   223 333  93 373 162 393 282 150 115 353  99 294 341 294 387 165  42
   343  95 265  20  53  12 249  29  83 398 382  18 144  43 311 149   0
    57 219 394  93   5 120 129 301  69 275]
  [  0 244 280  80  82 343 178 392  50 301 164 209 318 259 275 376 145
   143 192 340 342 209 337 202 130 125 331 162 180 149  57 307  99 265
    29 211 189 226 165 364 104   9 141   6  67   3 256 374 236 244  12
     0  31 281  55 115 120 218 335 273   0]
  [  0 378 396 401 234 213 164 351 320 149 356 109  14 204  25  65 334
   236 137 267  60 261 311 138 130  85 122 382 270  52  31 268 284  11
   201 302 382   2 306 202 155  32 365 160 175 261 392   4 197 389 226
   232   0 262  81  22 299  46 393 314 121]
  [  0 173 297  94  99 266  94 110 361 371  26  58 263 318 306 128 120
   110 186   6  37 292 374 171  32  35 215 351 197  41 238 287  67 102
   310 328 384  26 353  63 393 211 241 239 233 269  10  31 332 396 132
   399  87   0 300 383 173 276 105 181 137]
  [  0 340 207 328 314 123 211 352   1 304 153 110  88 233  61 163  17
   186 262 359  81 370 116 107 199 230 101 387  78 369  24  69 196 231
   220  78  43 361 292 318 100 335  97 209  42  24  30  85 368 216 328
   186 307 374   0  49 280 323  95 302 253]
  [  0 188 268   5 392  54 357 334 296 315 200 243 228 109 125 165 158
   258 203 102 137 239  37 272 196 214 356 275 198 154 287 183 235  12
    97 153 104 300 232  79 125  69  99 280 303 400 180 310 322 229  96
   317 391 107   7   0 234 250 210  57 255]
  [  0 158 319 349 354  74  98 203  36 350 181 285 255  58  71  96  52
   118 178  27 322 130 353 308 325 351 377  46 296  66  51 262 314 178
    43 312  37 243  82 360  47 144 307  26  23  80 136  32  53  70 312
   113 316 178 165  90   0 230 366 219  26]
  [  0 310 297 108 398 146 204  87  88 251  96 282 160  67  41 213 144
   382  92 383 223 258 225 326 132  73 146  75 159  90 111   6 278 228
    41  61  11 123 109 393 306 146  32 282  11 251 378 348 371 198 314
   207 379 206 174 252 330   0  94 245 146]
  [  0   5 271  96   2 400  37 233 324 251 123 320  18 111 117 136 242
   216 291  61  63 321 290 104  99 256  99 227 237 221 201 117  20 288
   185   0  64 351  83  73 262 221 165 166 391 107  89 393 342 248 324
   393 126 388  33 124 387   0   0 237 188]
  [  0  52 284 186 250 358 109 134 210 158 300 261 397 199  44 280 233
    28 155  71 183 128 268 242 259 364 325 238 132 139 162 170 115 255
    32 124 184 269 213 285  30 168 201  92 286 218  34  59 263  49 352
     0 236 203 187  43 169 110 313   0  76]
  [  0 363 346 158 185 138 113 101  47  37 178 313  23  73 148  56 220
   111  69   5  79 207 113 102 149 104 185  97 279 205 131 399 159 270
   205 272  78 129   1 257 246 174 332  14 236 154 223 336 330 319 153
   170 335  93 181 209   1 155   7 127   0]]

 [[  0  79  83 244 195 306 230 186 324   1 327 251 116 302 246  85 325
   297 284 208 118 162  68 225 250 354 109 189  19 368 318 308  84  46
   271 157 277  18 195  86  51 261  95 152 331 177  55 378 346  93 214
    24  98 214 225  69  95 194 127 133 137]
  [  0   0 305 103 298 222 114 332 117 197 197 353 318 396 398 283 242
   264 147 336 121 384  93 368 319   7 136 376 377 123 108 301  67 210
   142 349 234  82 379 297 167 385  62  99 368  17 372 113 135 391 222
   114 369 233 246  65 391 168 193 114 145]
  [  0  99   0 306  15 265 228 269 306  96 271 238 227 291 301 147   2
   116 153 338 225 180 359 184 212 115 128 369 313 381 221 211 304 135
     3 393 176 121 264 308 137  41 289  62 277 323 109 133  28 333 130
   180 232 351 375 281 334 341 104 397 175]
  [  0 215 239   0 221 154 196 218  59  98 172  56   1  13 283  22 288
   354 375 381 131 245 319 277 254 206  24  17 387 319 305  53 337 300
   155  85 130 252 340 289  95   2 200 292 195 394 374 189 288 395 345
   118 149  21  74 394 216 396  84  86 124]
  [  0 278 351 147   0 241 103 306  12 227 340 205 117 217  43 323 280
   277 106 375   0 114  47 145 141 378  41  80 296  72 338 286   8 349
   318 171 263 236 398  21 338 179  10 335   8 395 264 153 272 310 109
   353 352  62 157 137 160 106 292  89 124]
  [  0  11  21  47 322   0 120  52 381 232 291 164 261 207 332 272 234
   380 111 286 203  10 274 262 184 382  35 257 151  39 299 147 232 115
   138 104  95 275 332  63 274 166  30 166 386 344 265  85 202 328  38
   291 126 189 157 148  51 397  47 217 282]
  [  0  84 283 250 332  72   0  69   4 275 153 192 149 272 399  50 244
   171 214 356 387 252 157 322 138 227 371 114 349 232  48 280  10 323
   206  68 213 165 259 370 269 144 302 105 138 195  67 243 142 393 396
   287 216  65 189 401 101 322 373  78 354]
  [  0 284 112 214 147 390 319   0 247 135 267 313  96 251 196 360 121
   339 116  93 233 134   1 140 238 179 124 356 162 222 361 388 395 272
   347 247 155 395 384  56 349 243  96 389 174 117  28 266 265  99 324
   146 224   1 375 371 279 346   7 242  29]
  [  0 268  66 292  30 227  90 367   0 265  55 141  68 238 159  54  11
    49 305 286  51  18 254 266 330 396  21 166 211  24 146  90  74  24
    56 362 210 210 138 248 362 167  32 300 178 228 305 242 132 291 400
   342 145 389 279 316 147 342 168 186  72]
  [  0  24   6  12 341 395   8 298  27   0 253  15  43 214 336  92 305
   209 359 157 237  97 356 247 344 205 341 212 242 108  21  13  41 106
    61 106 342 207 235   0 330  95 314 363  26   3 149 285  21 223  51
   141  64 395  49 113 340 302  60 262 199]
  [  0 246 269 323 399 393 372 318 297 309   0  10  73  14 281 382 184
   279 359   4 164 238 295 257 381 159 246  54 277  53  77 137 103 378
    89 104  23 220 368 190 143 176 231 127   1 193 164 353 394 249  33
   141 146 197 137  89 263 393 154 322 212]
  [  0 133 301 197  92 191 314 285 263  37  84   0  24 326 349 326 317
    48 219 249  17 210 213 170 378 330 134 318 214 184  89 169  72 326
   202 395 396 227 121 190  83 359  12 250 180 219 127 333  39 319 222
   322 347 355 181  24 342 159  65   2 294]
  [  0 207 156 302 326 320 178 167  73   4  35 265   0 289 312  66 184
   115 117 270 326 111  85 104 238 254 159   7 370 311  80 325 367 237
   210  87  99 382  71 235 212  27 350  75  52 223 188 206 296 315 280
   340 283 220 338  61 202 210  96 292 106]
  [  0 384 284 114 312 381 233 202  73 142 357 245  17   0 345 298 397
    53 237  42 356 298 209  30  31 309 333 337   6 293 323  15  74 112
   339 370 144 383 220 352 189 268 115  42 231 205 214 156 364 242 300
    77 383 317 207 268  18  86 357 321  99]
  [  0  17 382 178 261  94  75 378 140 375 239 105 369 255   0 322  82
    63 131 196 222 346  83 265 160 392  66 359 315 203 103 146 276 131
   240  35 265 365 184 294 320  28 401  53 343 324 149  92 325  11 257
   245  35  57 389 252 123 183  25 189  40]
  [  0 278 209 244  37  40 399 344 232 365  43 353 254 292  79   0  47
   340 371 158  26  82 399 261 369 166 149 142 126 337 310  15 104 382
   144 318  98 177  60 182 291  16 374 281 364  27 136 249 258  76 100
   382 315 273 274 264 223 216 311 192 389]
  [  0 227 298 176 110 127 365 249  85 338 167 356 225 344 279 125   0
    60  64 175 261  18 119 395 219 154  39 259 348  85 253 119 288   4
    17 181 181 312 170 336 338  92  69 284 391  36 374  98  42 277 116
   243 122 194 172 277 119 246   3 159 340]
  [  0 141  59 253 364 333 296 191 389 134 341 269 238 270 338  54 152
     0 150  82 101 294 184 280 140 400 325 196 288 146 364 280 190 391
   202  50 131 307 223 384 325  70 131 316  54 347 238 167 224 236 294
   142 160 134 137 120  66 160 235 309 244]
  [  0  41 194  91 111 184 187 216 156 170 321 190 128 384  66 336 355
    27   0  17 219 399 218  23 300 105  55 183 142 129  70  86 194 153
   399 170  83 223 194 242  58 333 168 326 323 329 355 317 221  84 364
   296 312 222 109 271  23 173 122 156 233]
  [  0  18 228 390  32 130 121 396 280 239 220 186  64 214 251 331 152
   310 316   0 227   1  34 297 335 138 228 293 227  80 192 114 251 370
   114 170 379 283  95  31  20  86  14 171   2 356 392 331   2 145 232
   129 125 144  53 161 329  64 244 110  39]
  [  0  60 290 364  79  93 304 133 102 377 211 267 149  75 139 148   4
    58 165 149   0 174 315 281  82 397 314 100 160 165 387 243 378 306
    90 308 168 346 356 134 230 157 182 112  87 227  49 362 118 382 104
   267  84 182 189 371 155  41   2  21 338]
  [  0 244 350 205 293 190  47 270 392 334 104 124 236 320 247 325 245
     4 193 397 308   0 114 212 288  15  47 140 299 160  54  49 330 380
    91 401 102 388 189 354 346 161 206 105 281 373  15 102  33  61 269
   328 115  79 375  76  59 362 397 312 193]
  [  0 356 185 137 258  87  14  78  56 143 189 358  65 128  11 114 226
    74 137 245 382 106   0 395 302 102 322 386 316  93 362 221  62 283
   121 270 312 281 248  28 396  52 114 314 355  76 397  85 326 156  73
   188 196 187 124 232 129 291 146  27  12]
  [  0 193 178  35 300 210  48 215 318 146 377 152 352 244 384  99 181
    95 310 122 176 394   4   0 294  17 342 390 225  18 150 136 240 259
    39 106 224 273 365 368 340 282 186 279 139 284 307  85 394 172 136
   275 271 267 309 233 294 213 333  55 173]
  [  0 148 170  39 184 120 340 223 223 283 333 258 165 321 226 272 387
   274 118 220 113 165 261 242   0 247 310 275  27 173 296 375 205  47
   229 191 298  44 221 198 201 192 129 348  95 351 283 389 400 345 210
   169 366 351 314  35  37 223 310 386 230]
  [  0 371 356 279 232 145  60 353 201  15  60 386  75 291 157 389 265
   317 338 391 265  25 362 131 187   0  42  86 271  12 203 104 360 389
   232   6 152  82  89 199 178  95   9 307 390 384 341 312 362  64  23
    22 147  51 211  34 240  40 165 351 295]
  [  0 281 175 117  78 124 260 282 144 216 312  15 179  42 204  18 386
   386  58  93 135  79   9 309  12  94   0  54 320 124  35 360 172 276
    88  62 201 400 205 220 127 223 247 295 314 273 300 120 334 394 292
   262 362 233 349 218 289 121  13 240  65]
  [  0 252 116 282   3 378 395 203 226 166 349 224 274 222 179 150 139
   126 127 234 176 129 258 382  56 161 154   0 314 242  69 316  70 319
   132 172 340 329 342 127 286 146 387 100 116 208 135 249 132  63 145
   276 121 165 246  29 245 169 343 102  28]
  [  0  13 104  94 135 134 148 304 214 260 227 236  89 304 307 376 119
   224  13  35 376 353 350  69 324  11 312 327   0  44 364 248 275  99
   389 360 253 266 314 105 325 339 316  42 167   5  62 251 387  87 114
   141 239  80  63 292 216 169  49 349  21]
  [  0 213  58 278 263 132 280  36 342  14  56 316 276  19 232 377 320
   249 368 395  17 123 293 400  41  86  71 253 132   0 175 168 127  31
   401 180 394 259 175 344 363 321  66 360 329  45 159 305 385 204  40
     1 195 292 113 187 301 340 366  39 121]
  [  0 268 285 111 399 369   7 369 357  72 155 350 108 167 348 380 371
   371 218 320  63  86 171 389 198  56  45 285 317 222   0 147 269 122
   381 320 352 130  63 394 339 385 180 159 260 240  35  66 132   9   1
   272 139  23 196 314 122 333 105 289  73]
  [  0 260 135 150 396 336  47 166 174 179  88 389 266  70  57 231 176
   363 319 240 391 145 150 263 209  69  54 238 391 351 127   0 133  37
   350 296 131 114 323 211 372 104 213 104 287 391 314 400 177 292  72
    55 211 264 182  71 209 297  77 100   9]
  [  0 355 102  64 165 124 401 250  89  21 338 267 174 116   7 125 253
   236 307 217 326 306 137 269 231 243 385 124  90 114 165 169   0 361
   258 334  83 144 328 378  24 126 320  25 379 124  28 151 248 387 387
   220  68 238 322 298  95 124 114 222   4]
  [  0 342 105 332  29 243 246 376  70 250 331 246  88 229  83 345  88
   175 293 103 318  10 286 362 192 241 139 202 215 277  60  19 327   0
   123 246 249 376 253 238 262  32 115 194 306 361 218  20 396 225 391
   130 186 211  18 359   0 351 316 244 138]
  [  0 395 294 175 240 391 271 235 160 360 216  95 228 206 247  91 100
   158 320   7 381 109 274 253 266   7 401 282 196  30 242 167 279 339
     0  21 147 131 117 267 230 227  34  80  10 366  49 119  22 381 234
     8  37 208 381 100 251 166 253  86 240]
  [  0 173 269 120 147  52 138 273 235 352 212 385  20 369 208 136  72
    61 263 231 163 278 113  68  55 134 302  80 261 365  52  53 376 211
   385   0 204  46 259  45 179 184 168 217  66 174 250 383 152 356 158
   341 241   8 117 118  17 153 224 159 134]
  [  0 131 321  17 371 380  93 398 390 342 344 113  10 364 220  52 286
   145  96 373  38 170 326  82 358   1 274 345  45 155 245 256 326 215
   273 355   0 274 150 163 214 283 185  40 238 231 186 147 318 134 133
   294 175 120 267 401 174 394  32 305  92]
  [  0 222  10 384 306  13  58  89 122 173 307 114 110 380 326 217 196
   385 291 264 122 192 259 311 384 340 345  77 257 378 128  21  27 375
   392   9  70   0 231 349  29 125  40 226 135 195 374  92  89 137 260
   162 218 160 259  79 175 272 272 205 282]
  [  0 225 208 259   2 366 317 140 122 288 244 395 272 244 389  51 121
   355 169 118 242 339 150  96 305 212 356 291  10  31 193 134 370 180
    13 235 169 202   0 263 273 289 263 341 231 395  81 388 151  84 295
   244 388 267 119  27 291 125 319 199  50]
  [  0 219 391 179 152  31 102 279  56 169  48 229  41  94 151 394  49
   154 120  95  44 365 204  10 107  84 360  33 394 373 362 238 338   1
   187  61   4  47 268   0 233  66 317 282 115  13 391 374 105 188 111
    98 349 137  25 383 338  67 216 104  19]
  [  0  66 164  98 322 202  56 176 166 216  19 394 374  50 365 139  20
   194 263   3 393  44  80 230  23 171 268 216   1  22 181  20 282  43
    49 308  68 107  69 141   0 331  64 388 173 375 367 209  83 181  74
   345  59  87 401 274  16 395 125  54 208]
  [  0 286 278 180   0 274  50 228  61 162 161 143 328 187  65  16 244
    23 320 298 153 287 113 378 140 138 116 323 231 359 337 389  80 160
   210 327 216 250  53 287 172   0 154 373 341 170 388  20 300  92 245
   241 319 251  11 100 273 236  20 218 396]
  [  0 271 115 328 163  27 246 203 204 289 173  67 389 377   4 315  88
   320 247  72 309 344  75  97 117 181 256 159 375  64 375 267 196 337
   142 389 238 119 336 153 274 188   0 342  16 277 150 234 249  50 176
   320 116 235 100  50 325  21  85  53 136]
  [  0 265 228 352  40 298 290 400 156 129  45  29 275 152 115 174 221
    24 289 165 106 198 364 125 221 147  24  24 299 276 316 396  90  30
   342 238  18 273 372 260  97 255 251   0 299 295 393  65 379 379 206
   172 368 116   3  40  93 366 115 285 323]
  [  0  11 208 103  41 134 220  99 305 385 361  67 229  84 385 180 301
    69 335 151 209 336 308  24  26 154 296  25 399 396 231 164 342 235
    85  26 224  16 206 119 238 241 298 376   0  50 141 315 313 279 173
   370 386 370 155 191 289 371 264 363 258]
  [  0 216 368 365 383 230 255 115 399 263 330 261 290 187 364 161 382
    22 364 284  87 300 181 319 300 324  97 112 178 396 399 354 345  58
    54  61 367 146 164  99 340   9 161  33 212   0  68   6  88 273 195
   354 137 333 306 179 272 326   4 298 339]
  [  0 131 269 100 140 283 311 276 401 361 367 186 179 304 166 136 139
   304 222   8 104 351 169 214 359 281 171 188   5  56  47 353  65  45
   213 262 198 281 265 330 199 204 176 134  83 345   0 201 177 393  10
    66 154   3 233 121 154  62  76 304 200]
  [  0 314 102 278 321 121 277 305  43 158 220 320 269 137 274 340 332
    58  26 109 269 101 337 224 282  76 378 236 250   4  78 344 118 370
    70 174 213 361  14  60  72 326 235 227 157 122 297   0 302 198 256
   106  33  65 282 141 268 247 394 391 260]
  [  0 179 359 100 189 277 108 360 342 388 330 251  13  88 212 150 279
   156  55 372 392  28 253 156 290 294 359 180 194  19 291 339 268  81
    36 277 274 338 359 255 281 163  12 121 248 386  98 293   0 127 258
    60 232 239 124 362 400 391 201 290  59]
  [  0 366 393 339 153   6 356 306 217  86 312  83  19 161 223 257 110
   396 309 293 137 290 204 285 368 200  57 311 328 377 205 134  81 129
   249 185 151 251 257 144 231 211 172   0  24 233 256  25 206   0 378
   225 285  91 367 301 231  49  34  87  32]
  [  0 305  34 393 294  42 134 257 264 324 264 128 230 320 261  26 141
   347  38 287  21  90 169  92 134  84 135 356   2 172 137 115 271 215
    81 318  85 289 395 278  37 130 251 157 102 302  75 353 117 199   0
   158  54 339 173 350 158 244  22 181  16]
  [  0 376 139  15 173 384 205 264   3 364 358 129  77 115 315 251 137
     4 258  54 147 219 214  45 303 225 247  18 289 196 220 105  72 257
   382 362  12   3 243 199 341 289 159 274 270 283 385 278  99  33  98
     0 134  89  84 366 330  63 213 149  46]
  [  0 149 197 134 354  31 270 242 365 276 207  50 131 325  38 209 316
   225  27 296  93 229 312 245 326 399 247 297 151 314 184 393  78 120
   367 259 261  60 254 291 261  20  89 342 320  34 269  41 229 148 184
   219   0 119 143 114  52 364  67 101 213]
  [  0 155   7 281 348 309 168 243 330  12 303  38 130 322 219   7 182
   332  11 273 159 320  30 231 178 195 131 269 194 272 272  64  96 358
   312 135 389 387  35 335 396 102 196 220 243 240  92 361 111 164  83
   298 315   0 117 113  56  71  80 106  46]
  [  0 207   8 335 266 278 378 296 295  31 253  82  82 392 256  63 283
   270  40 193 154  52 264  72 299 379 386 270 127 216 142 245 208 148
   322 125 371 217 238  29 261 185  51  82  33  84 395 323 223 261  86
   227 182 265   0 188 336 233  41  63 348]
  [  0 379 215 293 238 177 240 216 357 236 138 308 331  41 127 169 258
   151 344 194  64 327 350  30 183 241 302  87   0  37  90 172 137 159
   113 112 110 166 396 305 188  74  94 286 210  29   3 250 245 141 198
   143 235 272 192   0 264 133  25  35  96]
  [  0 117 150 348 157 315 247 274 305  94 295 295 212 318 277 328 310
   277 328  29  13 392 149  69  80  31  47 326  27 225 229 333  24  18
    33  29 155 169 195  51 395 159  61 163 400 128  68 104 308 173 174
    41 261  81 286 318   0 392 358 251 241]
  [  0 186 103 397 166  36 324 190 237 206 340 166 122 353  90 394 212
   316 155   8 274  49  62  84  54 211 181 300 157 231  40  75  93 159
   383 344  94 127 297 319 252 132 299 320 214 114  45 312 190  86  29
    73  14  17 322  78  46   0  18 230 391]
  [  0 343 107 350 374  51  12  61  53 243  26  42 119 355 163 382 192
   202   7  65 102 116  51 288 118 248 205 304  19 344   0 290  68 346
   178 390 319 357 228 258 301  32  88   2 352  79 137 241 339 244 330
     6 212 202 390 160 176 104   0 329 276]
  [  0 203 220  36  82  37 147 151 209 209 401 238 124 338 279 220 369
   346   1 204 225 169  60 284 105  80 333 128 265 257 305 332 111 103
   263 240  34 285 198  59 323 257 388 333 401 231 141 375 318 286 250
   258 395 255  72 288 331 103  17   0 359]
  [  0 385 160  85 207 319 117 378  83 161 105 347 389 300 384 229 190
    84  62 161  35 153 116 300 241 134 387 359 371  42   7 367  31 257
   108 165 131  22 285 362 280 213  88 160  85 169 271 152 202  57 358
   249 376 146   3 394 149 249 334 233   0]]

 [[  0 303 247 381 210 102 382   3 101   6  71 297 301 106 109 367  50
   205 366  71 400 100 390 331 108  14 212 169 230 306 282  51   6 202
   373 160 399 255 314 260 219 251 340  37  99  74 347 230 117 337 151
   255 193 103  78 163 376 304 168 272 119]
  [  0   0  44  18 156 116 116 234 199 358  16 306 122 309  99  99 219
    66 388 285  40 274 309 191 196  42 376  68  15 109 180 320 149 395
     3 151  82 314 399 290 193 383  57 373 307  28 391 399 169 125 142
    76  89 146 150 142 371  79 200   6  90]
  [  0  68   0 155  82  84 328 394 271  22 161  78  10  99 293  47 376
    58 286 339 380  93 191 325 203 249 398  19 251 318 110 366  65 398
    72 106 275 363 353  54 314 372 243  93 361 338 307 269   2 102 277
    26 150  97 350 156 199 289  70  76 275]
  [  0 286  20   0  13 233 344 276 132 122  98 247 207 208 355 142 181
   291  48 252 101  39 377  35 374 140 236  55  30  96 240 331 288 381
   131   2 146   6 183 314 257 346 288 145 385 177 169 267  77 369 181
    91 320 176 166  36 400 204 396 265 280]
  [  0 231 208 304   0  85  63 186 319  17   3 337  65 163 275 256 298
   185 329  15 137 115 401  20 200 325 137 263  92  17 369 352 197  36
   154 376  15 115 232 221 100  45  33 247 391 105 228 369 329 343  19
   371  78 297 155 231 147 156 317  31 369]
  [  0 395 391 372  43   0 350  76 276 143 130 175 142 134 126 201  98
   186 242 252   8  80 297 150 192  24 293 178 349 237 180 332 261 385
   220 206 375 257 358  10 256 129  97 278 346  45 257 102   0  77 334
     0 125 207  62 198 307 276 274 274 122]
  [  0 231 294 296 157 196   0 345 135 314 309 362 203 272 333 217 364
    79   4 182 368 289 110  95 324 151 278 122 117 182 301 358 277 130
   320  82 188 282 220 199 195 136 178 348  64 277 275 120 301 365 186
    92 181 136 302  54 232  36 207 375 300]
  [  0 252 136 106 318 197 121   0  46 222 178 183 167 120 400 122  97
   211 256 153  74 130 237 220 276 344 118 168  48 109 250 300 231 247
   194 199 222  27 136 308 250  33 310 360 342 268 351 188 288 365 365
   256 234  52 211  46 399  81  53 337  86]
  [  0 231  93 349 164 122 255  79   0  75 105   8 243 104 252   1 193
   267 162 151 316 235  95 285 111 346 354 384 395 105 111 339 271 389
   141 377 395 367 109 277  51 109   9 310 222 394 311 194 258 343   1
   238 100 117 242 183 239 161 114  38 361]
  [  0 372 247 127 169 218 169   5 307   0 151 282 395 261 334 333  84
   129   6 136 134 258 286 227 125 354 180 265  71  69  19 367  65 319
   398 162  47  66 116 291 143 211 279 176 173  34  68 250 230 139  23
   322 246  82  16 331 248 152 119 372 271]
  [  0 103 317 373  45 127 258 254 376 196   0 257  92  32 292  63  95
   345 210  27  67 225 400   3 182 279 363 107 136  34 126 196 115 173
   324 367 131 323 230 296  93  60 376 346  35 385 332 188 127 268 283
   130 150 364 211 220 220 227 172  64 110]
  [  0 248 193 191  69 234  71 105 149 137 236   0 257 228 186  53  51
   304 249 184 348  74 322 281 192 257 369 241  43 122 329 334 382 206
   360  59 140 301 162 169 187 360 197 398 358 344  20 276 237 327 114
   218  87  60 159 252  44 243   5 210  68]
  [  0 243  93 389 172 215 347  81 312 371 189  26   0  25  14 185  77
   381  22  73  30 358 296 198 266 146 190 268 340 197 381  55 244 292
   316 140 325 308 366 107 304 196  71 179 114 289 104 347  77 295 173
   288 320 298 233  56 319 388 127 386 293]
  [  0  11 102 361 258  78 100 394 211 129  73 148 361   0 349 252  55
   183 351 165  16   1 298 180 168 138 291 141 165 214 187   2 161  34
   133  23 328 357 106 184 369  87 256 324 352 247 381 340 353 231 378
    20  97  12 382 332 306 222  74 206 249]
  [  0 170 261  88 143 151 211 107  76 275 237 172 297  63   0 298 395
   185 103  99  44 260 261 292  46  22 135 311  18 401 142 267 338 212
   175 355 208 221 400 151 370 172 208  84 202 265 361  78 310 282 134
   336 188 149 290 191  57  73 168 180 338]
  [  0 145 291 283 327 129 107  34 189  30 273 147 232 363 177   0 386
   151 299 155 356 276 336 284 145 136 118 301 254 160 271  23 257  71
   401 181  65 352 158 302 337  38 336 100 100 359 363 162 249 346  62
   176 120 331 229   7 151 381 349 117 266]
  [  0 291 183 204 110 388  96 307  10  81 124 321 365 285 336 189   0
    37 353 148  35 346  13 261 390 341  61  33 136 145 162   7 164 128
   164 156 132 400 382 283 152 288 161   0 168 171 353 246 358 317 375
   304  26  34 303 236 243 258 305  23 125]
  [  0 208  15 306 120  23 394 194 143 258 166  70 126 321 140 222 260
     0 293  87  32 135 232 270 386 253 232 201 258 227 187 312  28 374
   239 288 275 267 152 365 134  73 373 143  66 380  14 155 380 306 221
   329  28 336  88  28 247 298  69  83  68]
  [  0  48  86 152 203 189 397 201   4 247  62 372 381 162 384 233 140
   401   0  89 246 342  55  45 355 364 186 378 276  21 325 204 318  70
    76 161 201 265  53 376 326 142  12 347 350  38  68 278 353 284  89
   285  78 256 176 296 361 391 195   2 118]
  [  0  77  20 223  52 232 308  37 253 298 401  18  85 139  71  64 364
   325  41   0 179  82 173 208 140 144 257 393  92 222 309 350   1 259
   247 367 334 346 131  51 122 139 350   0 124 366 248  43 323 382 212
   213  18 244  26 401  47 302 339   6 232]
  [  0 216 398 167  56 381 201 253 126 242  92 327 304 280 341 378 173
   253 301  34   0 350 282 194 119 247 183 296   3  37 119 149  56 204
     5 351 374 317 119 146 343 253 374 355 208 273  21 255 247  92 109
   148 147 295 182 231 162 386 132 272  17]
  [  0 289 398 237 192 126  30  88 325 355 132  13 191  25 365 397 276
    54 378 219 325   0 240  14 215 201 122 341  76 240   5  13 367 259
   135  86 274 232  58 251 271 214 391 158 276 307 388 317 109 142  78
   325 253 201 337 351  25 348 261 386 366]
  [  0  11 387 256 347 159  54 215 348 316  22 356 317  64  54 324 330
   102  95 274 269 379   0 141 114 266  21 130  14  91 320 207 197 207
   380 370 186  68 134 259  75 284 394 119 131 288 266  84  66 349 191
   163  24 376   4  86 241 329  46 163  14]
  [  0 162  98  68 254 293 268 229  25 316 380 307 355 319 293  28 279
   132 204   1 222 332  92   0 195 122 365 313 304  59 298  62 114  66
   264 165 322 168 290 315 288  34 100 364 121   9  96 324 302  28 293
   135 298 223 400 199 305 353  91   6 290]
  [  0 345 227  61 216 193 189  14 231 149 150 241 393 287 235 143 247
   340 123 110 116 360 397 179   0 251   7 298 197 303 103  45 246  27
   151 222 332 306 205 316 360  10 320 154 333 167 131 122 253 114 309
   262 260 117  71  88  57 161 141 318 158]
  [  0 123  77 187 178 206 101 214  33 168 369 277 385 242 300  22  10
   356 190 279 152 146  79   5 288   0 276 119 207 186 160 384 358 300
    35   0 174 151 350 223  45   0 217  47 105 300 179 339  82 398  22
   282 347 276 194 127 302 141 154 244 234]
  [  0  46 336 299   8  41 102 384 345 162 238 208 265 318 395  50 225
   292  25 369 261 355 312 325 140 252   0 383 196 134 139  45 349 252
    17 250 231 169   3 344 163 270  72  90 326 193 143 110 197 383 370
   181  54 176 300 235 152 242 130  32 369]
  [  0 312 200  49 269 295 289 119 154 151 358 144 379 206 133 131  11
    12 249  46 329 319  49 199  29 346  35   0 377  41   2 307 315 345
   276 139  46 130  74 360  75 159 296 106  97 108 102 359 227 319 338
   269 369 370 243 185 390 269 197 289 116]
  [  0 102  31  39  61  90 332 131  95 373 335 309 395 267 358 151 355
   390   5 280 240 206 294 156 198 273 293  48   0 293 175 249 111 376
   132  43 329 344 350  55 132  84 277  33 348 103 366 161 247   2 153
    68 184  32 389 390 184 400 369  88 106]
  [  0 126 128 302  27 269 188 107  64  39 158 191  82  52 376 173 178
   350 337  24 169 190 396 180 174 184 241 299 327   0 358   0 354 362
   156 253 260 345 288 369 361 319 160 101 349 251 248  44 304  84  94
    59 251 173 339 132 248 166 380 285 108]
  [  0 195  98  61 329 385 252 276 320 315  26 208 213 231 125  72 116
   320 165 264 332 321  55 305 355 335 202  76 237  79   0 334 385 150
   197 225 251 233 224 380 237 120 159 132  25 348  60 361 221 109 125
   397 159 227  77 108  41 106 287 358 114]
  [  0  37 299  46 373  74 175 111 376 169 374 242 338  15 341 164 197
   253 280  55 334 292  21  30 211 293 128 298 395 146 194   0 247 186
    28 124  24 268 245 151 137 167 220 384 109 334 113  38 197 361 319
   111 362  52 122 133  27 303 375 211  52]
  [  0 351 159 189 294 194  40 171 260   8 318 334 290 212 210  64 258
    16  43 297 352 368  24  39 283 165 359 163  85 224 225  45   0 132
   375  10 100 317 388 202 305 395 397 222 208 333  46 264 265  15 321
   100 395 209 148  59  81 313  69 197  99]
  [  0 103 343  77 221  92 126 309 143 343 235 358 392 182  50  84  88
   258  70 274 177  86  48 173 184 370  84 199 401 132 253 108   8   0
   317 272  28 108 291  54 266 244 119 392  67  51 399 131 348 301 245
   118 268 286 140 204  19 365 132 205 208]
  [  0 111 346  87 375 393  86 375 271 132 168  60 295 254 364 191 179
   358 147   5   8 130 140 131 211  40 289 309 217 151  36  58  34 159
     0 115 194 322  31 364 139  26 400  78 377 139 372  15 335 358 220
   240 155 364 100 204 165  78 284 270  65]
  [  0 317 388  12  70  81 390 358 162 172  68 359 229 297  67 347 304
   201  20  18 277 360 302 360   2 190 162 304 399  58 249  53 174 231
   213   0 338  45 258 130 197  52  56  51 100 165 195  13 149 142 348
   279 100 346 352 171 151 350 153  95 179]
  [  0 142 188 108 110 191 342  86  59 289 176 105 184 178 141 157   7
    73 135 221 140  50 196 101 361 357 359 263  92 251  84 350 209   5
   296 386   0  15  71 367 281 260 227 210  86  13 308  54 122  22  45
   321   7  55 146 146 187 188 120 186 161]
  [  0 172 259  33  74 148  46 128 249 110  89 136 275 376 265 129 317
   213 207  40 361  79 212 280 185 352 221  70 313  23  46 157 252 271
   104 288 178   0  30  17 381 356  32 272 134 177  70 244 284 172  28
   155 268 358 387  91  74 374  91  61   0]
  [  0 247  73 259 287 144 239 306 116 108 164  25  46 322 371 138 152
   283  77 349 396 124 110 215 288 386 225  85 242 360 201 327  48 251
   294 147  13 315   0 209 229 316 385 146 350  26 264 212 224  92 252
   217  61 316 182 328 334 375 375  97 245]
  [  0 192 399 101 348 218  51 109 374 281 291  26 225 261  60 298 169
   290 203 395 120 248 184 163  83  49 327 341 140   3   8 234 111 364
   377 221 126  53  96   0 339 348 206 362 270  71 175 101 291  82 349
   385  43 336 233  16 138 318  67 113 165]
  [  0 375   0 400 312 243 204 274 209 153 226 227 340 162 142 374  31
    54  53 115  76 345 303 187 166 265  86 156 309  44 392 394 166 269
   101 306  12 355  82 313   0  32 131 134 107 337 320 301 145 108  79
   194  74  94 388 144  98  16 355 359   5]
  [  0  70 106 283 375 124   4 319 159 106  91  46  89 364 214 117 362
    51 262 330  55 206  45  75 129 223  60 368 262  48 185 150 166 226
   353 258   1 330 237 391 273   0 227 301 313  24 394 301 320  97  52
   300 100  92 390 341 367 168 294 140 163]
  [  0 101 279 229 336 401 268 301 254 364 300  49 145 129 299 118 389
    25 386 218  88 289 340 342 163 298 213 152 300  35  37 365 374  69
   236 333 395 215 193  44  84 360   0 362 368 326 354 150  59 360 359
   111 185 400 212 270  17 191  49  97  58]
  [  0 241  61  78 339 192  15 182 151  85 204 167 254 305 311 281 307
    67  54 349  20  49 207  11 324 162  18 339 339 387 211 241 111  90
   259 302 367  18 140 187 297  16  32   0 366  77 226 295 319  28  57
    19 330 362  21 375 244 353  90 213 245]
  [  0 111 232  42 395  44 338 254 168 227 293 398 169 190  68 312  52
   362  15  71 129 398 223 252  81   9 110  70 240 228 156 368 171 331
    75 398 204 378 164 371 254 181  22 227   0 271 244 178 345  39 149
   107 178 191   0  14  88   8 302 320   4]
  [  0  94  57 210  58 228  59 357 288 165 396 145 173 125  14 207 131
   268  67 339 285 178 249 176 285 175 111  12 214  69 191 352  65  52
   233  62 353 331 386 290 109 313  47 213  65   0  25  53 186 105  41
   132 326 237 363 257 225 372   2   4  86]
  [  0 294  62 166 100 274 266 368 121 301  61 218 264  89  60 299  80
    54 369  12  83 248  47 229 339 341 161  84 367 233   4  39 366 323
   114 189 229 392 303  46 347 267  72 121 201 284   0   7  63 141 316
   318  73 149 126 119 100 301 243 311 210]
  [  0  63 261 383 128 294 244 302  64  47 332 104 157 386 110 360  47
    51  35  83 191  93 222 139 349 106 149 391  57 191 355 258 250 296
   322 171  12  36 135 163 328 264 369 114 248 233  88   0  26   7 151
   181  34 215 288 222 336 283 388 396   8]
  [  0 179 306  23 351 237  64 354  79  15 290 318 296 209 103 365 318
   271  95 116  35 401 129 281 182  75  82  13 112 252  11 183 333 336
    80 221  48 209 130 241  61 102 398 172 345 127 185 231   0 345 267
   217 165  69  89 252 223 256 283  61 339]
  [  0 180  99 184 219 190 365 323 234  64 324 236 269 275  84 244 132
   308  40 333 288 244 377 385 209 333 227 159  43 311 334  41 359 216
    77   0  94 112 156 142 204 250 387 113  42 141 275 251 311   0  83
   264 287 280  17 127 143  18 138 401  19]
  [  0 199 317 245 155 337  90 231 151 204 377 301 323 199  56 283  58
   354 191  69  37 258  46 346 146 397 117 338  91  33 399  34 342 140
    29 115 224 222  22 283  50 366 374  75 240  94 212 377  30 111   0
    49 253 352 176 267 138 293   7 127 131]
  [  0  56 326 349 382 232 164 359 361  84 267 129 197 227 328 299  58
   378 305 303 238  27 372 303 104 374  68 185  11 177  43  42 127  52
    38  15 366 123  72 204 205 255 378  24 263 154 129 396 335 340 386
     0 287 369  97 133 288 198 284 220 316]
  [  0 238  21 391  96 117  85 110 241 265 157  74 258  12 154 180 362
   130  45 204 276 198 343  49 176 377 342 116 206 361 345 258  13 250
   237 100  97 208  67 276 333   2 247 199 215 151 338  41 112 243 198
   390   0 141 334 348 328  20  88  73  51]
  [  0 234 273 256 105 252 204 212  31 261 271   5 291  75 172 286 195
    54 318  95 374 155 153  36 182 341 391  85 180 274 216 324 350 163
   325  62 295  15 246   2 369 171 225  86 118  38 379 197 323 148 367
   122 354   0  32 317  39 219 320 289 256]
  [  0  51 295 199 222 100 246 273 335 265 184  46 333  85  88 398 314
   190   7 311 312 308 269 353  55 151  36 341  78  49  15  44 268  89
   154 257 233 392 102 211  70 223 347 158 358  50 210 390 147  11   9
   181 246 288   0 290 150 298 103 169  43]
  [  0 116 287 258 298  47 183  61 255 298 236 170  93 272 294 214 138
   314 299 110 244 157 307 300  58  77  35 171 286 373  75 394 203  37
   200 263 187 371  37 357 321  36 214 315  71 270 164 263  73 300 303
    16 301 108 398   0 139  22 105 162  69]
  [  0 208 316 225 150 397 166  76 310  67 123  90 307 345  24 296 197
   276 117 295  10  33 126 385 165 355  93 267  35 198  11  90 344 135
    11 344 147 307  74 337 277 114  60 163 193 396  81  93 110 304 258
   232 153 384 248  30   0 281 210 367 394]
  [  0 249 166 314 379 376 146 305 231 137   0 281 272   6 204  75 288
   300  35 274 199  29 242 246 206 190 194 396 273  76  16 253 205 311
   371 177 330  58 257 157 255 118 373 275 204 287 371 280 297 319 155
   259 328  54 290 230 138   0 175  40 289]
  [  0 384  39 258 366 329 356 336 385  68 239   9  53 248 113 128 383
   396 138 139  33 366 291  13  59 119 340 118 387 222 334 247  11 285
    42  29 234 194 274 309  70 394  90  11 230 204 256 226 126 227 154
   111 193 266 102 115  15 160   0  88 317]
  [  0 384 138 103 381  99 202 204 147 206 139  70   8  26  17 120 152
   289 188 198 264  40 361  84 139 214  13 175 392 250 223 340 171 223
    70 290  79 134 131 332  38 197 123 311 372  25 182 177 232 308 153
    62 308 202 293 169 371 230 164   0 228]
  [  0 294 101 340  36 380 400  16 103  60  27 161  24 241 120 237  22
   372   1 363  73  92 118  13 154 375 233 399  63 195  68  32  16 324
   192 150 183  44 128 390 173 360 155  81 142 381   9 332 137  99 301
   381  10 191 108 148 273 160 389 222   0]]]
release_time
[  0 108  23 117  77 480  24  46 175 117 130  18 118   4 113 148  75  97
 123  94 111 129  79  54  10 126  52 207  57  40  25  99   4  56  34  67
  22  55 133 119  17  78 109  98  10  10  90 113 103  31  14   6 169  85
  80 111 108 147  78  35  20]
due_date
[  0 155 131 153 132 498 135 147 265 157 136 138 125 150 152 162 155 135
 278 461 148 142 145 136 149 159 143 415 135 144 142 145 164 132 140 139
 150 153 152 138 127 146 142 136 128 156 144 158 124 132 141 127 477 155
 148 127 125 147 127 130 129]
unit_emission
[ 4 19  8 13 18]
emission_limit
48913.600000000006
setup_severity
2.0
due_tight
0.9
due_range
0.25
release_tight
10
degree_constr
0.8
