mach
5
job_rate
12
weight
[ 0  6  7  5  3  1  4  2  8  3  1  1  1  4  8 10  1  3  4  7  8  1  8  7
  6  8 10  4  5  6  3  2  4  4  3  1  7  8  5  9  3  9  1  4  7  7  9  8
  1  4  6 10 10  4  5  3  6  6  7 10  7]
proc_time
[[  0  99 101 123  63 136  69 130 150  87  97  57 142  81  54 133 121 140
  103  93 100 136 125  82 118  69 129 115  94 131  71  57 115 106 142  84
  118  72  91  77  71  69  90  78 115 141  55  64  80 132  77 100 148  85
   98 103 130  57  86 106 118]
 [  0  91 144  70 102 145  89 114  90  69 109  90  81 103  57  61  64 106
  150  52 132 116 105  60 100 138 110 145  80  57  82  74  71 100  70 135
   91  51  77 105  90 110 111  81 133 105 116  80  83 136  99  59  78  89
   65 100 117 139 143 112  83]
 [  0  65  59 123  82  81 121 132 144 150 113  64 120 132  92  84 132  80
   53 132  50 138  59 115 113 122  65  67  88 133  65  65 115  62 130 141
   55  86 114  81  88  50  99 103 103 133  63 146 128 140 146  55 130 143
  103 101 133 148 117  61  52]
 [  0  94 128 129  71 130 101  78  57  74 106  98 100 125  91 114 150 130
  136  72 108 116  92 108 103  75  97 113  76  90 103 146 102 130  81  98
   54 133 138 146 103  56  74  66 105  91  80  71  97  67  58 136  73  62
   73 140  53 106 129 136  76]
 [  0 104  70  73  86 145  54 138  54 118 143  61  73 131 131  51  89 121
  116  88 137  56  86 139  80 133  57 133  81 114 100 105  58 103  88  97
  147 100 138  89 142  68 135  89 150  67  61  51 101  98  95 131 142  69
  128 105  52  78  80 117  98]]
setup_time
[[[  0 243 102 380 117 256  93 128  56 362  27 117 144 256 258 102 349
   257  65 343 303 369 136 249  12 358 320 327  52  93 168 264 384 378
   363 348 236  12 280 279 214 311 186  30 247  24 205  18 186 344 397
   238 194 339 385 199 155 318  89 289  25]
  [  0   0 288 212 329 393 272 158  81  71 211  59 193 145 219 103 288
   166  94 254  85  80 157 216 188 395 383 393 178 202 306 367 262 272
   325   3  29   7 216 224 337  19 212 164 173 255 161 268 258 226 328
   374  47 348 186  22 174  61 161 127  98]
  [  0 297   0 263 250 391  61 175  75 354 198 396 238 266  68  49 372
   391  56  59 336 269 247 225 129 350 181 319 204 323  72 365 372 289
   395  30 168  79 205  42  93 338 363 270 310 287 391 383   8 364  37
   290  65 133 183  52 144 381 159 190 306]
  [  0 284  96   0 283 161 303 133  55 125 321 112   3 340 178 176 248
   268  80  33 297 122  95  20 125  67 217 257 321 186 235 318 314 228
    23 352 291 321 197   8 305  59  10 322 120 172  84 207 165  51 113
   236 152 291 235 397 190 188 114 162 313]
  [  0  47 220  85   0   1 225  52 384  92 286 190 233 295 256  88 147
   161 133 203 161 343 386 164  75 179 251  27 236 120 338 382 281 396
   287 256  63 364 193 280 151 138 348 347  32 377  45 356 233 263 378
   299 264  55 124  74  97 227 215 144 362]
  [  0 384 271 147 243   0 310  24 352  10  58 357 160 367 170 208 364
   297 270  97 158  11 363 154  99 222 245  71 118 241 112 158  54  77
   144 297  34  78 178  56 112 234  22  55  93 351  44 274   6 158 335
   184 368 277 143 206  57  61 114 145  84]
  [  0 242 134 327 209 136   0  35  61   6 136 219 324 283 297 126  60
    16 377 255  44 393 309 326 221 170 144 191 104 352 271 330 118 119
   304 239  61 292  91 334 343 392 299 100  71 306 232 192 366 265 194
   240 192 225 137 387 240 174  27 197 107]
  [  0 263 159 224 133 230 348   0 268 247 198 358 377  17  23 337 199
   165  43  54 222 154 366  30 360 120 126 138 336  81 243 254 237 262
   232 142  29 282  99 321 160 270 361 274  35 192 126 163  81 348 298
   303 376 272 209 192  66  66 328 156 122]
  [  0 366  95 181  66 217 149 367   0 249 398 242  27 161 179 315  43
    72 186 107 302 279 319  15 207 318 351 290  91 174  85  15 258   5
   207  40  38  66  65 203 374 109 323 386 214 314 329 170 249 140 279
   263 307 344 222  21   8 329 393 315 280]
  [  0 283 232 236  29 318 379  42 158   0  16  57 344 125 114  62  79
   359  15 361 328 176  45  22  11 286 165  20 312 265 390  32  25  39
    99 207 150  98 389  52  69 119 379 109  90 221  31 221  59  14  65
   213 276 325 141  21 131  92 185 127 394]
  [  0 316 106 185  77 107 260  16  42 279   0  96 162 127  24  90  10
    85 109   3  91 240 137 227 157  80  81 170 357  62 381 348  17  63
   227 298 130  16 101 114  78 322  69 172 321  60 384 371 257 115 358
    63  93  10 247  85 155 345  30 209  29]
  [  0   5 121 110 245  49  15 284 292 343 119   0 105 181 146  61  28
   202 335  30 246 156 210 251 235  16  14 188 384 360  66 105 168 180
   318 217 331 178 335 173 336  55 316  17 356 267 281 122 373 179 385
   120 290 190 334 198 284 372 379 308  95]
  [  0 334 251  53 134 108 354   2  60 389 256 340   0 241 321   7   8
   343 119 290  40 150 112 197   3 230 360 168  29  65 152 266  76 273
   370 232 394 158 106 303   1  67  12 221  71 282 158 360 240 311 395
   139 322 297 103 315 384 235 381 249 133]
  [  0 271 297  24 178 196 369 138 299 148 152 345  97   0 336 243  36
   144 110  77 301   8  74  41 242   3  84 258 313  47 214 256  56 172
     2 270 314  72  70 331 372 299 114 274 263 143 248 290 341 133   8
   347 392 337 318  28  16 227 362 123  40]
  [  0 204 337  90 370 216 380 118 139 206 271 205 145 253   0 374  95
   247   2 377  81 360 265 260  16 305 241  41 154 257 156 234 189 261
   204 321 395 379 394 345  45 126 220  87 103 375 369 338 149  89 139
   330 155   3  56 386  72 343 115 310  73]
  [  0 106 218 358 385 224  90   5 219 135 368 326 108  41  62   0 289
   175  92 130  33 339 353 166 107 117  67  31 248 197 383 172  74  36
   384  32 373 105 331 174 113 152 167 392 246 104 343  96  42 130  51
   351 351 285  82 318 320 362 303 271  67]
  [  0 364 295 214 161  69 358   4 227 241 281   4 329 118 244  93   0
    84 239  49  81 241 282  77  25 342 118  99 124  11 159  47 160 361
   218 324  30 358 209 357 333 230 325 107 179 146 156 347 343  31 108
   209 138 325 265 186 255 313   1 186 223]
  [  0 346  74 265  22  96  65 134 283  68 297 348 390 224 186 152  82
     0 374  99 302 254 172 182 305 107 223 329 378 112 254 341  38 116
   337 328 310 221 367 188  85 343 366 371 332   5 211 356 196 381 287
   344 197  22 107 199 381 273 307 382  42]
  [  0  98  56 356 174  36 116 301 139 163 217 108  39 178  55  87 353
    61   0 260 244 335  94 275 340 361 138  80  18 366 261 353 167 200
    58 235 182  45  25 261  19 161 137  86 154 302 154   1 165  95  66
     3 340 179  11 255  12 323 308 218 191]
  [  0  45  34   3 339  27 256 343 218  39  38 115   5  74 219 222 166
    14 211   0 329 233  82  16  79 304 368 232  83 263 328 345 208 384
   155 114 202 239 157  27 106 369 142 292 229 201 157 225 371 254 113
   277 393 286 254 345 107 140   4 164  58]
  [  0 113 374 107 374 252 241  46  23  18 160 184 240  12 329 259 210
   320 127 197   0 264 348 368  69 120 232 303 358 275 213  44 309 146
   263 384 369  72  95 165 322 225  73 335 383  39 106  57 321  44  63
   230 160 346 261  36  76 303 227 329 182]
  [  0 249  47 360 158 166 344  22 214 251  84  94 382 312  42 135  98
   143 264 294  54   0  56 276 361 294  65 149 189 358 219  49 352 237
   297 360 246 281  64 171 117 327  48 117  54  57 236 345 342 345 390
    68 269 205  13 376  48 301  70 163 239]
  [  0 298 136 201 215 343 238 163 352 110 172 387  29  52 280  93 370
   229 247 246 187 267   0 307 182  99 275 114  65 297 153  63 102 125
   348 122 165 336 124  19 268 109 376 246 269 269 217 263 103 140 215
   316 270 124 319 370  77 267 383 355  75]
  [  0  60  18 283 229 305 391 351 266 130 148  11  59  89 346 394  49
   376 226 367 254  84 347   0 238  46 284 381  12 288 168 171 344 269
   185 243 158 279  19 344 198  98  48 341 160 119 129 202 120  54 232
   204 131 363 145 318  90  50 390 160  59]
  [  0  81 312 149  75 309 197 169  29  62 122 137 244   3 376  75 200
   124  24 200  80 394 301 136   0  25  36 344  83 223 304  61 105 347
    14 309 309  84 370 255  82  88 380 396 257 388 301 129 263 178 124
    58 381 123 327 317 275 183  92 246 309]
  [  0 394 356 170  66 202 296 122 162 163 256  59 153 271  99 272  26
   123  99  71 275 174 308  47 163   0 222 237 211 100 282  79 182 225
   130 245  51 373   5 398  62 158 270 351 342  46 261  32 252 217 192
   259 309 312  19  71 280  51 360  12  37]
  [  0 342 155  62 351 196 342  35  76 349  70 178 272  27 256 303 305
   260  42 327 311   0  70 327 203 175   0 322 247 345 295  48 319 100
   106 135 351 100  42 102  22 139 349  89 195 287 152 192  34 246 270
    12 346  80 344  58 357 357 231 225 103]
  [  0  47  79  27 157 140 378 253 103 233 149 396 126  87 164 150  53
   142  87 272   8 285 225 244 174 183 233   0   1 235  23 206 352 211
    54 336 150  21 358 143 311  46 337 321 198 372 363  80  72 217 238
   327 340 135 227 269 125 350 132 216  76]
  [  0 194 123  50  31 390 297 229 309  25 192  78 341 122 188 377 216
    54 240 360 358 386 385 323 115  88  23 128   0 351  17 316 235 349
   124 255 282 151 362  20 199 190 366  46  17   3 164 343 265 378  34
   254 397 118  82 368 148 391  69 141 164]
  [  0 333  29 387 181 243  53 185  23 393 318 363 100 210 129 360 134
   297  19 164 117 280 297 349   7 208 158 381 280   0  85 246 115 311
   230 107 395 167  70  45 189 161 130  27 313 310 338  10 125 198 255
    24  22 174 287 252 263 282 337 358 241]
  [  0 106 157 309 264 386  40   4 117 223 115 140 303 263  49 279 287
   207 261 108  51 193 347 232 109 120 182 358 110  34   0 338   3 115
   130 145 228   2 320 203 329 124 135  66 152  60  38 290   9 151 396
   390  94 301 210 179  55 260  15  36 380]
  [  0 232 206  82 138 150 340 334 363 195 398 277 141  70 344 253 337
   358   9   7   6 363 127  31 364 264 390  62 351 159  74   0  86 285
    32 141 194 229  12 164  79 250 380 240 150 388 301  55 304 392 353
   332 384 376 210 230 215  34  94  65 166]
  [  0 119 312 131  21 335 347  76  44 266 377  60 351 219 154  63  92
   315 133 244   3 204 338 352 193 379   2 272 332 367 317 255   0 185
     0 329  14  38 289 157 197 258 106 334 121 333 370   7 358 142 161
    97 243 210 376  55  59 270 143 179  23]
  [  0 174 287 189 346 160 159 145 377 278 333  86 339 194 297 327 207
   220 237 150   7 190 254 146   6 193 382 151 152 109 398 206 257   0
   392 244  46 369 391 347   9 147 154 331 372  89  68  95 315 316 121
   130  58 225 285 390 351 158 151 392 246]
  [  0 335 297  75 143 184 104 310  75 106  73  90 159 236 296 243  53
   100  12 161 391 367 255 308  94 141 383 374 256  79 159 312 314  26
     0 354 362 138 184 235 342 299 381 274 135  52  54 286 123 269  59
   225  72  93 391 396 183 330 188 261 296]
  [  0 241 128  64  97  51 304 382  77 245 382 312 365 394  94 203 308
   319 175 378   1 303  11 132 131  78 355 190 126 242 287 111  42 275
   288   0 125 267  33 363 199 157 235  90 395 282 318 151  36  50  88
   363 169 119 384 189  88  50 194  11 139]
  [  0 285 117  29 223 369 368 150  48 247 214 155 171   6 371 114 316
   134 373 286 164  59 299  25 121 122  29 331 235 353  69  82  15 124
   382 221   0 203 310  81 235 321 342 150  86 249 102 256 101 288 128
   209 140  20 372 186 304 327  32 317 296]
  [  0  68  67 143 350 107 339 375  94 227  31  61 272 275 227 227 288
   285 199  99  90 236 311 350 188 378 386 324 173 352  59  11  46 246
   109 137 193   0 223 104 108 347 180 151 323 113 177 275 184 316 243
   142  68 202 221 243 177 101 306 238 133]
  [  0 122 231 152  55 315 123 127  91  36   2  67 112 303 323 119  49
   186 227 105 129 135 309  50  72 395  57 223  57 225 358 155 166 211
   238 237 122  26   0 127 112 117 117 158 367 350 389  35 303 143 168
   369 191 350 310 209 212 230 338  39 185]
  [  0  53 119 222  12 233 195 184  23  60 389 146 382 213   0 352   5
   386 294   3 184 353 122  21  32 225 339  39 312 216 354 276 215 164
   392 337 262  33 319   0 299 117  47 369 283   1 199 392 255  78 339
   165 276 275  37 181 284 153  56 353 288]
  [  0 284  27 246  57 260  50  61  63 220  31 214 153 256 103 244  45
   245 106 350  88  15 277 311  88  59 351 151 140 205 319 169   3  95
    27 273   5 148 322 215   0 362 246 325  99 173  18 172 240 322 328
   346 272 349  46  52 344  49 254 328 150]
  [  0  60 252 250 127  55 347 358 387 167 165 376 333 117 380  47   0
    20 178 147 378 344   1 187 324 267  43  19  43 188 317 366  26 207
   166 383 281 357 150 204  79   0 322 340 111 239 170 367 368 203 365
   180 100 235  64 216 179  89 333 188 128]
  [  0 312   1 149 232  37 205 150 265  80 269 279  88 132 368   4 254
   280 244  12 375  21 395 356  95 357 176 109 353  68 255 322 180  57
   106 305 210 191 113 178 389 104   0 144 112 308 163  55 207 233 331
   154  35   9 197  54 388 279 382 111 361]
  [  0  51 346 143 239 239  22 206  79  53 209  48 393  74  64 120 180
    44 233  87 340 146 329 134  41  55 202 138 215 154 267 318  93 144
   258  98 275 388 209 248   4 274 166   0 157  82 369 159 292 109 327
    19  49 359 177 309 108 226 212 288 306]
  [  0  52 360 319  44  12  73 316 248 109 310 125 216  33 220 362  55
   376 314  82 187 288 316 394 103 171  54 383 362  82  76 376 174  24
   312 286 124 121 269  71 233 341 151  50   0 302 113  69  12 285 263
    66 232 208 150 300 233 324 266 154 317]
  [  0  70 299 336  62 267 103 366 136 136 307 283  94 340 275 391 389
   277 137 138 292 357 203 271 140  95 297 252  37  79 232  65  93  96
   179 109 118  42 110 265 263 355 390 359 121   0 221 336 250 168 218
    67 293 342 238 368 360   8  40  12   9]
  [  0 226 376 188   9 249 279 367 127  99  11 360  88 296  71 377 242
   284 212  29 365 262 356 337   2  12 323  40 143  42  54 161 146 246
   357 247 310   0 191 109 374 390 124 247 173 370   0 150 182 385 300
   386  63 348 371 129  21 245 203 145 102]
  [  0  31 295  40 180 198  61  31 113 244 140 317 382  75 208 314 231
   254 266 273 214  42 313 301 107 389 372 119 398 106 121 132  82  23
   206 127 269 365 132 337 151  78 230  83  37 239 228   0   1 233 351
   243 129 366 343 246  78 317 398 367 365]
  [  0 198 175 206 184 255  79 228 361 332  50 349 107 243 263 346 196
   361 177  31 126 163 235 218  75  34 205 308 338 266 327  31 210  34
   115 196 212  60 253 319 311 298 393 301 251 229 152 185   0 332 171
   236  44  85  67 138 250 345 369 249 314]
  [  0  99 102 214 156  33 353 136 318  61 181 260 324 358  67  37 170
   248 146 278  90  96 213 340 105  61 359 251 237 302  11 214 106 230
   155 351 243 216 365  47 354 299  49 362  80 270  47 310  19   0  17
   148 129 310 218  24 312 146  87   5 122]
  [  0  37 218 203 226 235  74 319 189 190  45 395 258 292  96 262 106
   149 138 223  71 267 301  18 205 170 138 224 146 140  75 233 191 332
   277 169 331 278 349 303 302 293 114 203 212 156 174 204  11 335   0
    23   6 111 151 237  32 106 232 120 141]
  [  0 327 270 257  48 381 235  59  90 122 213  51 362 307 155  96  41
    41 233 275 376 297 103 127  94  38 364  50 308   5  79 347 109 284
    87 117 244 266  36 269 394 222 112 198  20 160 212 215  52 355 308
     0 308 363 397  72   6 150 349   1 213]
  [  0 111 113 119 335 394  58 390 107 225  44  30 328 216 286 311  37
   196 110 329   9 175  12 174 367 103 344  57 102 314 240 307  81 231
   129 339  94 380  77 238 167  67 383  78 327  73 237 133 357 182 315
     1   0 113  28 124 324 138 212 276 336]
  [  0 386 258 346 105 279 271  62 293 395 238 250 168  67 366 151 275
    28 150 258  53 287 283 331 284 282  51 228 302 230 176 174 115 262
   119 174 260  73 231 270  71 302 339 208 163 106 398  29 353 158   4
   392 346   0  34  67 398   5  17 380 249]
  [  0  95 332  64 231 114 315 334 169 355 310 310 160 289 129 130 105
   130 243 370 384 114 310 122 247 108 331 362 185 241  71 122 142 355
   240 394 168  29 143 270 364 358 131 364 371 217 319 222  43 223  67
   325  65 191   0 212  98 206 214 242  71]
  [  0 153 117 295  44 261  96 175 236  25 279 327 272  34 324 337  16
    32  35  49 333  39 267 232  65  35 263   7 101 236 382 190 114 109
   207 152  72 378 313 225 367 143 195  93  90  87 233 313 306  22 282
   203  12 222 347   0 361  99  46 333 386]
  [  0 139  62 286 252 342 387 345 322 167 301  45 391 120 383 250 289
   166 206 181   5   3 176 143 389 144 128 123 174 376  69 127 140 309
   162  52 207  67 357 148 160 249 171 318 306  97  84  34 104  71 118
   356 248 326 289   4   0  80 182 151  14]
  [  0 230 305 342 196 323 135 286 194 232 268 324 133  53 324 136  94
   324 188 280 252 369 158 278 200 234 142 379  66 343 385 189 186 140
    54  83 377 286 146  54 344 368 224  86 217  88 208  20 207 354 203
   117 282 178 374   3  75   0 323  89 199]
  [  0 292 229  42 221 324 271  19  95 280  33 306 115  31  83 291  87
   266 337 366 191   4 368 388 328 213 319 239 111  37 222 368 142   6
   124 211  81  88 369 181 316 269  83 373 281 219 388  22 366 306  61
    72 227 371   9 200 183  17   0  16  20]
  [  0 226 326 322 321 213 369 100 335  59  28 331 315 139  68 228 104
   110 188 327 104 147 230  39 209 283 321  34 309 218  30 233 300  26
    41  22 117  46 171 380  10 244 132  90 156 192 158 110 115 324  98
   344 296  77  10  88 170  86  37   0   4]
  [  0 241 259 368  23 230  65 364  24 262 383 396  80 213 168 187 185
   291 279  18   3  23  61 325 158  34 351 127 160 115 222 262 380 276
   166 205  50  49  19 142  85 258 252 315 109  97 355 377  78 315 199
   360 241 233 205 217 269 135 252 256   0]]

 [[  0 198 282  61  80 274 203 152  29 300 267  57  45   5  66 102 145
    72   7   5 220 214 150 365 361 128  74 310 354 288 248  44 371 322
   214 394 228 198 307 283 268  74 265 257  12 243  28 339 171 341 192
   358 265 120 241  33 194 109 157 207  31]
  [  0   0 336 227  65 165  45  56  22 238 275 177 255  54 357  74  37
   189 212 295 275 374 236  81 375 125 251  85 122  53 245 371 117  37
    94 229 100 244  67 321 135 117 289 310   6 104 304 351  12 190  41
   349 237 383 294 162  66 366 365 165  30]
  [  0  62   0 186 383 127  13 225  34 113 145 248 319  34 378 356 100
    72 126 338 228 371 270  17 186 123 344 212  18 309 187 314 304 389
   113 110 345 275 151 205  34   2  13 133 324 371  62 395 390 188 318
   342 155  42 331 161 257 199 148  62 275]
  [  0  52  45   0 371 325 226 138  80 119 173  75 284 188 174 309 170
    58 376 177 168 306 293 361 292 292  73 352 205  26 230 148  21 176
   345 204 346 216 292  45 136 195  25 268 338 221 136 287 369  72  86
   156 226  47 251 233  31  44 383 336 100]
  [  0  36 162  97   0 336 294 220 316  99 324  30 360 356 388 236 258
    52 208 365 191 354  44 398 357 282  33 345 201  27 216 227 207  59
   330 304  18  98  17  64  25 310 365  61 293  61 107  99 364 337 161
   261 373 279 125 255 122 375 350 169  83]
  [  0  88 388  18  28   0 108  75 201 240 268 249 367 398 223  57 369
    52 192   0  77   1 125  21  33 211 264  65 371  36 194 343 255  86
    37 180 386  46 374 384  16 186 304 396 200 298 113 156 270 368 200
   359  96 173 345 354 333  17 361  20 115]
  [  0 201 320  11 330 129   0 351  52  94 394 254 256 344 126 240 331
   220 277 230 266 183 357  14 353  38  62 247 223 164 221 342   9 158
   127 224 168 248 378  40 179  91 111 242 253 311 328 205 222 265 104
   357 396 114  70 307 129  90 254 162 212]
  [  0 368 118 266 294 307 174   0 397 108 223   3 108 387 202 159 171
   178 129 321 345 227 285 181 185 108   2  35 280  58 381  21 140  48
   331 271  56 127 375 115   2 320 257  63 329 288  93 128   5  85  60
   312 347 164 225 248 100 368   6 247 365]
  [  0 324  51 128 397 287  99 297   0 293  49 315 250 242 202 268 391
    40 155  37  78 228 166  33 286 244 200 212 122   1 330 347  27 397
   269 152 340 362  51 160  42 369 346  10 251  77  70  90 158 231 207
   271  46  50 100 351  29  19 206 322 236]
  [  0 278 317 115 203  80 239 198 221   0 397 156 293 263 255  11 149
    44 190 340 137 395  45   9  85 316 362 382 124 313 139 231 209 309
   387  46 155 259 202 193  99 357 108  64 236 302  92 279 207 137   5
   386 161 368 367  56  10 253  74  41 375]
  [  0  70  14 215  35 328 185 204 125  17   0  81 335 395 336 304 335
   286 361  15 314 241 226 100  38 118 364  58 381 384  63 122 377  95
    34 160 211 192 245 120 232 236 221 364 324 357  34 125  17 392 114
    10  45 338 130 198 186   1 175  86 165]
  [  0  12  19 261 330 207 164 243 288 335 367   0 181 249 152 244 385
   302  61 202 267 310  38 151  53 252 363  33  51 219 205  70 371 315
   144 100 161 239 189 321 147  74 307 186 155 206  20  22 216 135 302
   243 325 338  27 165   9 208 295 133 128]
  [  0 360 206 297 279 279 335 229 149  59 231 364   0  97  81  10  54
   177 259 357 200 196  41  19  12 126  16 273 313 157 122 239 328 186
   285  24 133 160 317  84 252  77 288 255 375 336  25 256 224 230 216
   372  64 227  45 261  63  93 335 384  32]
  [  0 186 184 120  81  41 181  71  77 383 122 256 277   0 172 127 259
   224 296 367 153 251 312 296 300  97 342  64 397 239 354 300 327 155
   308 118 329 309 324 275 130 303 125  83  21 392 143 304 117 298 242
     2  82 259  35 176 121 302 256 348 147]
  [  0 397 209  38 120  84  60  83 267 203 340 282 213 276   0  86 388
   397 281 396 135 258 354  33 214 151 361  49 227 127   9 358 190 374
    24 397 396 345 327 194 110  98 308 345 360 257 228 131 118 212 160
   306 358 232  96 190 217 186 355 262  94]
  [  0 167 310 376 374 192   2 337 136  57 321  88 357 291 250   0 303
    77  95 197 113 332 241 155 179  26 301 308 279  22 351 307 142  95
    48  48  31 322 355 352  31 384  97  26  75  16 205  18 134 295 288
   385 396 277   6 391 254 344 357  89 389]
  [  0 154 278 237 294 223 239 284  21  39  31 303 141  79 126  99   0
    86 300  74 226 314 350 354 157 337 199 279  25 353 198 251 306 378
    92 175 333 215 115  72 376 124 390 382 234 234  34 368 340 381  66
   217 116 200 231   8 376 217  38 395 195]
  [  0 386 136 283 286 178 325 374 272 255 164 334 204 370 192 366  31
     0  77 276 369 134 325 338 371  98 125 133 263  55 309 277 382 196
   277 277 196 149  85 380 194 220  44 372 189 246 231 384 355 256  76
   136 183 213 133 157 354  43 238  48  48]
  [  0 390 364  77 373 334 219 110 276  22 205 235 289 290  74 248 162
   379   0 305 270 290 135  24 199 277  80 287 346 275 382 393 348  26
   357 379  87 396 379 128  66 378 111 303 355 268 391 292 150 366 134
   385 244 216  12 157 120  23 294 332  22]
  [  0 312  45 330 195 365 340 312  83 379 127  81 229 222 188 288 199
   309 289   0 331 239 184 162  62 217 102   1  56  29 117 340   4 377
   168 193 389 167 212 217 231  51  11 330 174 158 334 295 371 320 158
   180 165 100  76 281 136  12 229 235 143]
  [  0   3 337 238 171 162 170 304 393 260  41 318  43  51  47 192  54
   202 201  95   0 174 298  29 218 228 248 396 370 290   4  89 238  50
   271 374 241 298 192 331 371  30 215 148  34 193  71 183  19 176 260
   178 366 336  76 188 294  51 243  28 300]
  [  0 137 339 275 146 277 278 168 114 317 103 224 285 245 282 216 216
   215 388 396  90   0 117 219 112 107 368 386 108 266 256  64 147  32
   120 185 204 130 384 388  69  91 108 273  60  29 389 236  76  47 259
    67 341 357  35 101  28 260 136 289 164]
  [  0 239 193 365 373  26 345  68  99 152 151 129 393 235  24  34  61
    86 256 294 316 391   0  99  36 101 381 198 245  42  84  91  40 112
   228  24 350 143  81 203 295 160  75 133  16 138 332  26 341 181  43
   317 310 102 325  79 192 211 285 130 306]
  [  0 255 168 279  36 275 384 185 125 211 377  16 373 215 183 165 149
   351 143 236   6  22 307   0 184  58  88 207 259 342  96 373 298 349
   300 321 339  48 131 186 289 263 120 174 230 270 261 197 114  60 107
     6 131 216 374 349  45 205 100   9  63]
  [  0  78 333 223 202 116  99 201  13  78 301 183 247 327 287   6 206
    99 174 149 373 217 298 146   0 392  40 181 214  23 242 135 190 302
    58 290 319 140 236 267 272  87 288 245 209 174 242 301  99  78 113
     6 242 302 234  20 243 201 118  53 147]
  [  0 121 369 250 111 330 321 236 253 136 354 377 147 287 359 317  43
   337 192 184 273 176 173 382 175   0 392 210 313 180 376  79 282 319
   208 143 177 156 106 381  77 144  94 238   9 173 165 212 208 379 335
   210 365  47 313  28 244 133 352 361 219]
  [  0 109  24 328 358  69  62 115 266 386 389  71 219  95 131 318 100
    22 217   5 375 327 298  17 119 175   0 116  97 378  92 225 239  18
   386 151 106 225 167 120 165 381 275 117  78 235 246 232 374   2 149
   318  39  21 345  88  34 350  10 134 277]
  [  0 181 252 243 236 126  22 384   9  16 333 130 212 343 307  75  42
    11 321 349  17  33  67 210 210 109 102   0 211   8 321 267  40  23
   310 251  86  14 213 230 317 173  54 192 260 212 172 218 269 248 308
   262 214 233 362  70  63 152 160 234 276]
  [  0  24 237 145 170 332 153 162 303 331  50 313 351  44 299  41 378
    57 219 226 120 281 287 390 376 386  66 358   0 237 139  51 318 205
   178 166 367 375 247  36 164  72 123 248 122 169 351   0  65 165  74
   342 303 123 335  24 132  92 146 316 319]
  [  0  23 227 242 248 170 170  31 213 263 218 118  59  17 106  89 101
   210 149  42 318 358 109 100  21  18 269 148 241   0 255  85 260 137
     2 377 382 335 218 346 278 307  14 333  31 194 322 111 319 186  94
   361 348 152 195 308 305 208 336 217 122]
  [  0 225  88  43 294  36 346 263 328 344 112 106 237 346 385 108  38
   270  26 148 236  32 380 348  34 330 288 140 228  36   0  89 245 150
   254 277  48  50 252 369 138 369  61 324 251 334 380 253 228 361 104
   380 295 334 301   7  14  85 230 215  28]
  [  0 230 224 275 176 162 350 114 249 124 291 236 334  87 395 314 153
   121 207  96 235 264 287  96 260 183 180 337  89 253  24   0 121  68
    50 388 124 213 365 307 180  54 106  55 250  95 375 337  58 137 114
   292 396 356 337 343 358 382 209 155 122]
  [  0 145 280 182 376  72  57 297 177 181 271 385 232 108 351 224 223
    59 295 350 216 161 295 353 286 285  10 190 278  72 364 336   0  31
    68 212 366  54 147 226 397 132 292 118 145 192 283  71 284 370  86
   311 111  46 100  16 344 317  22 198 379]
  [  0 203  53 188   0 107 387 340 159 104   2 271 150 160 175  39 117
   240 343 395 297 377  38 184 319 133  27  93 339  83 244 106 305   0
    75 316 205 295 252 113 329 251 117  38 322 168 222 330  30 172 350
    47 324 126 171 304  83  64 149  37 153]
  [  0 139 224 112 359 122 121 230 169 288  40 191  82  11  27 220 148
   104   7  69 353  43  96 114  30 134 286  32 342 233 139 112  95   1
     0  51  88  92 169 133 256 144 164 128 186 280 206 299  16 357 250
   215 342  18  33 261 398 169 274 247 124]
  [  0 342 200 230 198 202 344  56 180 287 195  50 374  11 244 336 299
   174 186 183 240 319 175 257  58 235   7 175 301  99 383 206 303 116
   366   0 139 172 395 188 105 209 363  72 123  52 160 197 161  73 239
    89 188 200  34 279 322 184 271 328   5]
  [  0 113 361 156  51 203 361  11 251  35 289 269 291  22 138  74 212
   383 105 361 306 107 285 230 309 332 140 315 343 170 379  99 250 288
    99  70   0 218 185 174 308 187  23 328  89 167 131  90 206  26 100
   380 268  43 120 383 231  68 162 156  89]
  [  0 171  37 308  65 166 294  73 379 222 231   2  59 134 355 256 352
   278 336 369 340 343 252 396 298 356 155 186 313 317 125  35 195 209
    65  59 382   0 114   6 155 289 220 330 126 304 206 259 194  43  95
   171 291 377 373  60  47 294 361 229  55]
  [  0 248 357 369 353 144 246 262 298 328 140 394  60 344 102 183 181
   352 365 354 112 123 376 397 251  87  61 193  54 221 263 320  93 272
   100 260  33 380   0 281 174 295   0 179 278 282  68 332 171 169  65
   138  92 130 225 128 319 208 287 178 264]
  [  0 376   1  83 245 137 300 240 333 298 158 380 222 323  59 313 270
   133 315 240 323 241  67  20 376 176 271 157 247  56 273  37 208 143
   137  77 302  79  95   0  58 326 145  12   3 287  20 377 282 234 310
   157 347 342 217 163  37  66  76 276 292]
  [  0 372 283 249 206 363 334 341 207 293 220 355 189  18 168 382  76
   240 310 262   5 294 209 389 355 150 229 393 279 200 302  70 327 193
   370 275 347 385 345 355   0 248  98  83 114 254 125 155 297 308  77
   184 243  21 379 270 192 143 123  12 373]
  [  0 170 348 237 229   2 132 396 176 260 332 178 302 124 107 355 150
   254 141 167  14  92 138 254 381   4 270 295 115  89 292  47 311 208
   183 343 122 167 202  51 152   0 395  15 241 397 312 188 219 328  54
   359 392 289 354 252  84  94 347 397 333]
  [  0  11 316 167 261 141 279 382 349 133 386  62 388 393 230 356 253
   247 307 359  26  55 112 111 361 341 286 100 125 347 297 377 206 273
   360 300 392 359 103 110 298  95   0 266  38 383  87 137 299 161 368
   394 304  35  29 339 258 209 140 248 209]
  [  0 313 287 238 319 131 201 208 120 238 191 127 392 379 359 105 158
    56 226 279 240 342 125  87 129   5  23 329 360 366  86 260 130 316
   217  50 202 323  43  83 316 161 371   0  89 250  93 283 320 352 218
   125   3 254  62 379 122 188 161 352 305]
  [  0 137  26 290   5 134 163 121 244 170  43 158  39 157 265 194  30
    37 393 250 164 357 145  36  32 204 213 110 138  81 325 141 358 269
   207 393 116 344  45  83 108 140 143 285   0   9 300 208 114 218 303
   174 398  60  78  96 143 282  95 165  46]
  [  0 261  78 223 304  90 217 221 285  60 353 251 153 254 200 397   5
    42 232 282 281  53 386 382 121   2 226  11 185 219 143  54 102 372
    81 194 181 234 288 266  73  14 365 325 267   0 177   7 163 125 206
     7 241 370 206 391 257 234  19 197 220]
  [  0  29 100 257 269   8 257 110  87 299 323 192  47 132  31 214 384
   299  93 341 122  51 312 183 212  95 368 279 376 298 203 255 200 118
   146  83 336 128 318 369  18  95 386 210 333  15   0   1   7 148 137
   218 220 222 152 136 389 316 334 187 134]
  [  0  38 200 302 335 302 276 354 155 304 181 152 240 205 122 259  50
   307 372 185 203 121 362  48 327 197  99  61 325 169  58  12 160   7
   219 188 230 326  40 389  79 227 271 341 160  94  15   0  73 288 190
   252 229  55 231 373  82 273 276 280  98]
  [  0 374  96  73 312 276 243 249 296 109 248  55 152 339 312 103  43
    58 255  94 398 355 136 336 234  16 280  55 110 296   8 381 159 167
   359 376 139 338 358 225  51 279 323 213  75  32  93  99   0 288  88
   103 190  69 114 239  20  42 247 172 192]
  [  0 147 180 158 162 354 355 143 350 109 327 255 118 367 213   4  20
    40 248  24  41 313   4 140 160 116 214 255 325 286 106 194 354 377
    73 268 383 175  59 207 257  51 365 140 103 114 151 116  91   0 228
   145 194 292  50 108 169 272  63 200 228]
  [  0 102 312 179 329 265 271 273   6  34  98  65  50 264 252 261 109
   377  16  81 227  91 135  39 316 331  14 170  79 136 189 234  11 286
   189  82 253  62  70 116 138 241 104  37 141  76 172 319 179  65   0
    88  41 133 133 353 193 306  64  78 157]
  [  0 362 224   3   2   0  20  92  20 144  54   6 268 391 108 187 334
   281  54 128 324  63   6 374 256 344 189 354 286  83 278 319  10 334
   150 361 301 373 340  11 318 192 239 130 126 150 229 370 386 136 209
     0 221 359 216 303 256  45 104 318  56]
  [  0 214  71 209 195 125 398 191   0 381 107 382 118 113 200  71 250
    51 306 118 240 249 189  17 281  63  66 140 188 329 288 225  89 380
    91 112 134  40 381 311 248 382 121 254 116 398  37 327 292 199 179
   326   0 282 136 146 207 166   5 287 112]
  [  0 310 277 147  79 277 328 236 135 273 120 199 115 335   5 250 372
   260  26  91 358 226  51 251 339  34 281  48 367  76  65 114 386 360
   189 356 368  42 100 110  88 118 277 162 364 152 255 141 249  21 310
   202 322   0  81 170 161  18  11 229 377]
  [  0 315 101 142 311 237 369  38  88 299 312 122  61 329 211 389 249
    92 325 143  38 243   1 272 239 340  12 154 240 131 306 235 204   7
   222 140  44  22 185 237 326 193 259 205 149 183   9  39  32 278 292
    50 106 241   0  80 129 150 246   4 154]
  [  0  66  35  89 269  84  37 379 318 133  79 253  14 328  42 276  87
   396 353   7 267 126 351 237 226 135 254 306   7  52 228 285 369 290
    24 183  48  99 284 160  79 117 320 394 123 366 377 393 312  64 256
   276  29 202 334   0 381 173 170 149 154]
  [  0 172 170 304 240  54 202 342 351 224 210 210 330 250 311 373 396
   390 335 324 356 313 128   3 351  18 308  37  41 107 218 288 348  32
   320  46 381  50 217 364  36 394 115 174 146 292 163  74 107 198 353
   335 380  38 114 204   0 357  99  48 205]
  [  0 167 112 151 385 168  79 397 205  41 360 207 350 116 175  73  26
   119 120  73 261 348  64 160   1 239   8 247 283 395 248 354 152 266
    58 364  87   9 262 192 322 121 397 241 153  59 186 191 275  97 270
   252 181  98 318 249 280   0  96 360  68]
  [  0 225 202 371 245 314 378 289  21 376 310 266 297 276  96 297  69
   331 241 256 152 333  87 331 318 351 306 156 373 263  26 215 200   9
   344 232   9 269  24 122 289   1 138  63 199 206  48 204 337  81   8
    22 359  95 338 296 303  52   0 217   2]
  [  0 387 347 314  62  40 158 130 220 112 315 201 210 131 324  15  26
   287 123 228 374 277 250 249 306 307 193 384  63  30   6  83 255  92
    55 130 214 266 127 339 292 346 183 235   8 274 224  47 299 390 368
    16  50 214 326 265   5 293 308   0  49]
  [  0 345 186 145 369 172 144  45 342 123 207 281 209 196  20 277  83
   220  33 357 381 267 118 108 231 305  51 239 387 159 365 133  59 131
   200  35 374  99 188 217   4 215 175 119 233 233   3  71  23 119 101
   202 248  44 120 127 367 123 233 239   0]]

 [[  0 273  68 242 323  14 155 230  60 383  64 291 376 206 109 144 226
   229  79 155  22 254 316  44  86 356 150   2  78 357 351 265 387  50
   313 267  35 233  40  45 161  53 207 156   4 360 256 329  60 282  96
   318  17  92 102 174 319 187 213 150 178]
  [  0   0  40   8 297 361  75 342 108 305 395 242   6 218 352 146 258
    83 256 365 353  47 395 384 357  51 237 189 163  42  25 113 342  86
     0 220 130 322 181 365 156 193 176 383 334 368 353 391 359 150 197
   162 240  74 171 139  75   8 350 179  90]
  [  0 169   0   6 182 384 305 100 113 173 320 362 164  95 384 375 162
    56  80 216 109 341 351  19 299 238 132  58  75 348 365 331 247 254
    57 180 208 323 260 185 297 369  96 355  13 391  96 291  81  10 163
   263 243 347  41 125 152 318  72 261 174]
  [  0 342 150   0 214 214 259  95 228  67  17 341  40 174  39  12 139
   189 320 145 236  92  79 395 222 243 110 395 143  29 379 256 135 272
     0 175 236  68 348 303 113  41  12 112 251 167 388 149  65 227 218
   292 138 317 155 130 353 278 195 338 359]
  [  0 173  90 190   0  82 332  21 251  17  18  81 390 214 152  17 303
   126 310 219 264 126 219 114 320  75 185 142  78 385  85 178  17  51
   166 115 108 214 120 191 358 321 180 146  57 227 105 231 124 163 112
   143  90 313 124  78  15 341 279 378 223]
  [  0  87 116 126 188   0  27 206 122 205 353 100 386 299 345   3 346
    10 211 250  41 197 286 189  15 145 328 241 190  32  82 350 253 114
   167 233 256 319 285 182 177 107 229   8 135 139 163 359 230 219 247
   398   1 119 183 151  54  41   3 228 254]
  [  0 206 352 117 266 278   0 143 307 383 137 322  15 196 169 357  77
   291 339 195  12 337 237 326 125 382 316 334 313 185 352  14 302 197
   178 248   7  67 330 138 174 265 311 251 210 268 208 152 352 171 244
   178 298 226  68 287  32 224  12 282 110]
  [  0  95  54 276 285 354 342   0  71  93 168 122 205 357  49 128 224
   262 140 326 297 238 180  34 374  39 146 229  85 248 360 376 149 247
   175 295 191 255 252 126  28 271 397 233  78  41 248 357   6 190 375
   315 251 192 120 314  51 160 329 184  82]
  [  0 390  76 360 329   3  26 398   0 175 164 286  98   1 312 247 326
   324 368 345 129 152 115  32 364  88 229 132 220 126 315 251 384  42
     8 341 326 174 107 266 239 348 206 351 213 315 307 160 393  51  84
   309   4 393 189  61 171 106 265  60  17]
  [  0 165 379 252 199 195 145 185 324   0 376 129 162 383 190 373  18
     2 110 218 290 238  90  56 224  40 235   4  95   7  47 206 350 170
   367 110 239 292 167 182 207   9  90 201 376 382  89 115   8 378   6
   101 201 381 321 279 100  99  47  77 347]
  [  0 189  37 256 322 328  81  22 177  66   0 380 171 379  64 373  81
   397  56  43 119 283 296 230 218 211 325  54 304 203 133  32 269 368
   290 154 114  58 202 239 365 109 338 371  14 200 204 350 211 215 302
    77 191  54  44  84 334  70 158 294 259]
  [  0 366 363 144  50 134  11 363 260 165 344   0 323 193 200 237  96
    20 358  55 263 197  46 262 142  24  95 333 285 228  65 124  25 106
   115 103  17 164  34 352  78 276 349  13 286 115 385 395  93 200 163
   330 220 172 165 165 179 254 360 289  60]
  [  0  33  64  70 164 212 151  30 180 207 149 258   0 201 264 219 340
   337 109 303 193   6  67 316 244 222 299 114  92  32  54 362 201  36
   262  61 380 280  83 312 166 336 296 386 211 351 223 142  73 217 244
   167 216 297 260 134  70 395  90 304 349]
  [  0 139 381 139  12 213 267  36 204 293 141  40 112   0 326 167 274
   217 350 362 123 250 333 182 169 163   8 351 316 339 334 173 365 371
   255 234 201 212 258 233 286 125 384 289 325  22 138  25 351 310 191
    89 314  42  78 222 186 280 354  53 273]
  [  0  61 176   5  90 195 269 131 116  34 375 269 116 204   0 245 251
   314  89 110 253 252 237  91 282 108 174 198   3 201 365  82 382  91
   137 139  59  84 398 104 232 323  67 351 202 223   0  70 311 398 248
    13 351 335 244 142 143  23 335 350 158]
  [  0  65 189 325 196 305 173 139 323 149 296 218 321 247 311   0 173
     1 167  57 316 112 358 353  89 379 221  57 206 154 269 166 296 273
   354 106  59 323 258 324 225 323  45  70 104 241 392 342 326  91  12
   198 213 191 202 253 100 115  73  49  52]
  [  0 186  73 254 111  19 333 278 111 143 123 177  69  11 268 374   0
   397 229 154 226 269 203  99 161 330 262  55 286 354  84 284  13 132
   308 112  28 278  31 396 164 281  43   0  22 338 261 109 397  71 330
   371 134  81 264 336 379 367  15  62 246]
  [  0 369 384 124 198 309 162  91  51 339 235 107  32 293 378 386 351
     0  64 160  40 315  76  81 350 278  74 335 140 262  88 185 282 233
   108 351 345  17 347  17 181 322 126 256 216 291 343 122 379 293 361
   376  86 249 170 281 172  53 384 165 252]
  [  0 303 233 379 130 164 204 214 123 146 257 105  86 261  86 211 119
    93   0 392 327 183 267 172 142 362  12 219  22 210 306 392 229  17
   281 285 203 384 199 300 330 112 257 190 165 167 263  69 134 300  45
   292 289  67  74 148  63 117 345 267 256]
  [  0 142 227 288 313 283 189  12 173  95 299 272  55  73 368 217  48
   115 334   0  43  97 326 273 212 256  91 179 341  11 168 324 384 227
   275 373 275 176 374  33 315  98 346 232 226 164  61 138 373 374  75
    64 337 289   7 276 355  18 213 287 307]
  [  0 213 321 239 219 259 102 209  51 254 111 256  20 166 287 260 208
    82 179 351   0 351 321 265 315 204  17 327 363  97 352 333 280  17
   105 280 269 126 258 231 315  40  74 221 221 275 165 235  70 279  89
    24  44 166 278 367 247  59 240 336 397]
  [  0   5 202 172 376 162 301  24 136 165 284  14 370 149 393 296 174
    38 384 354   8   0 139 345 202  43  93  99  96  81 185  31   0 203
   384 257 153 128 250 308  84 358 353  70 110  97 398 354 338 324  22
   213 174  95 298 274 317 239 236  73 200]
  [  0 377   7 257 353 137 119   1 389 312 169  63 277 294 240  94 178
    48 315  30   8 227   0 376  66 207 267 397 273 187  39 102 339 337
   150  78  94 193 343   6 279 210 311  14 302 224 204  99 311  17  11
   139  79 167 145 369  62 287 108 194  66]
  [  0 374 223 233 371 268 379 168 358 211  65 144 230 353 144 383 230
    68 161 388 158 291  69   0 142 260 230  23 209 208  17 279 285 166
    93 278 202 292  38 344 186   9 199 248  28 257 355 217   8 299 122
     7 280 168 243 298  92  79 313 161 188]
  [  0 337 227  29 141  32 350 250 343  37  48  94  18 311 245 317  18
   172  71 114 279  32  68 210   0  45 381 224 242  64 339 106 233  61
   209  65 354  20 398 396 202 318 185 240 178 185 120 148 373 127 340
   320 140  34  74 225 362 234 126 273 391]
  [  0  45  24 354  52 286 234 357  41 142  67 227 387 348  91 313 354
   246 368  57  91  46 132 296 139   0 370 250 195 318 264 302 123 243
   276 322 349 366  91 149   4 234 102 151 173  49 343 284  10 146  28
    48  12 231   1 195  61 341  25 299 370]
  [  0 325 246 246 303 247 124 168 101 273 391 137 226  64 213 213  10
   242 339 273  97  98 157  50 113 300   0 161  80 185 343 156 176 116
   105  41 353 387  98 275 146 259  72  21  81 285 191 133 327 101  85
   372  44 307 139 251 240 294 280  62  32]
  [  0 285  49 149 398  20  33 276 326 369 271 347  53 136 232 205 106
   111 259 270 263  39 252 398  65  12 323   0 313 149  51 394 298 155
   145 103 122 198 126 391 162  89 291  92  49 229 223 283 288 102 161
    84 106   8 251 162 290 115  45  88 335]
  [  0 127 309 348  38 225 309  93  51  13 143  20  58 253 361 308 313
   361 171 214  29 347 187 136  42 147 160 242   0 312 237 200 161  31
   106  59 227 374 325  22  57   2  64 272 353  67 166 266  66 324  73
   141 314  88 259  11 265 175 216 261 191]
  [  0 219 299 395 110 269 305 161  90 140 294 302  62  56 381  16 360
    34 184 367 170 100  91 123 255 172 240 167 323   0 377 286 341 189
   199 324 147 169 215 279  66  35   9 380 357 252  34 119  32  43  30
   275 291 228 300   4 393 338  10  88 135]
  [  0 179 191  24 238 262 157 335 133 142 338 127 363 275 364 112  46
   121 182 237 225 353 100  19 296 344  50 262 246 244   0 215 387 181
    13 274 196  97 124 313 300   5 214 284 173 169 276 100 216 206  78
   123 272  25 245 307 129  45 366 274  18]
  [  0 306 144 393 149  73 268 184  12 218 368 121 118  63 304 375 322
   346 354 135  67 243 360  97 149 353 241 158 188 228 396   0 387 169
    75 348 327 104  92 103  25 246 131  36 148 187 378 171 280 371 335
   397 314 203  85 112 232  22 131  10 231]
  [  0 293 107  42  41 287   1 348  28  35 219  99 217  27  82 107 162
   278 232  39  26 155 379 332 295 143 342 191 228  90  83 308   0 327
    15 254 166 316 195  49 108 363 133 201  27 347 280 230  97  52 107
   222 244 371 244 201 212  54 225 374  58]
  [  0 141  50 233 196  87 174 337 143 230 398 191 244 123 125 352  55
   396  86 287 188 387 395   5 147 333 199 361 298  27 152 376  15   0
   145 355 191 201 308  49  33 321 321 293 266  23 258 328  43  85 364
    58 378 159  99 241 159  47 197  86  82]
  [  0 308 133 299 397  76 383  23 203 328 223   3 153 164 253 360 265
   179  23 144 185 211 299  54 325 182 279 355 383 126 190  57 185   9
     0 374 181 236 316 185 145 281  84 181 240 268 153 378 300 303 269
    30 245 171 269 344  90 203 372 305 149]
  [  0 341  15  51 321 162 360 342 129 220 107 148  27  51 164  20 204
   254 290  85 111 299 130  98 261  89 382   5 287   9 148 378  49 103
    50   0   6 262 189 272  91 188 223  94  92 158 244 112 347 394 395
   364 170  68 317 373 321 280 272 395 373]
  [  0 290 119 367 302  86 259 243 129 376 275 307 310 205 280  72 315
   135  37  14 135 104 202  39  92 387 191 343 105 123 327 313  40 162
   292 262   0 206  89 208  16 345 396 140  26 305 220  51 306  61 249
   149 363 155 392 124 307   5 154 230   1]
  [  0 279  25 270 209 187  49 232 326  64 129 372  32  42 316  12 303
    36 375  39  53 270  98 217 148 210 392  24  42 108  13  93 372 285
   372 224  18   0 104 112 364 361 382   3 118 180 173 363 264 356 303
   277 181 171  13 282 114 169 137 123 377]
  [  0 230 287 389   8 368 185  40 129 337 139 119 149 392 374 360  64
    80 197 379 206 389 106  86 252 228 220 373 191 228 228 205 162 180
   383  17 279  52   0 186 394 380 161 220 176 108 118  50 226 376 300
   224 123 133 187 109 314 359 339  77  85]
  [  0 162 131 252  78 255 373 342 120 295 332  33 126   0 118  19  55
    44  67 192 332  86  60 187 131 367 146 164 275   6  10 227  15  92
   374 386 139 300 302   0 167 108 328  27 249 388  52 286 257 100 106
   302 105 374  82 170 172  23 194 383 295]
  [  0  67 389  72 130 248 103  70 322 193  96 235 387 168  94 191  52
   224 342 110  65  44 176  88 309 106 225 165 331 268 340 308  25 316
   202 324 262 253 170 303   0 344 245 128  25  18  86 290 350 160  42
   398  41 355 274 393 113 230 109 344 288]
  [  0 110 220 142 255 387 173 230 120 141 152 393  41 397  70  64 344
   243  83  82 145 229 373 133 107 382 316 246 148 187  87 309 129 119
   286 382 168 136 190 131 313   0 139   0 386 311 383  40  69 375 102
    55 184  60 208 348 249 327  77 204 254]
  [  0  77 342 329 363 362 179 267 171  59  76 198 245 158 256 346 218
   149 394 147  37  62 394 139 360 334 245   4  86  27  76 256  35 155
   291 174 119 214 393 374 276 103   0  86 285 143 138 234 242 278 318
   335 111  25 256 362 333 268 343  86 327]
  [  0 293 185 226  93 140 148 210 181  69 210 112 351 310  65 394  45
    21 340 312 177 237 131  23 202 374 344  89 196 109 236 275 111 245
   133  88 193 208 323 113 288 266 132   0 286  91  53 119 267 306 304
   254 254 374 359 213 224 286   0 371   1]
  [  0  24 330 263 210 270 214 294  35 170 383 116 185 205  85  97  87
   265 183 130 355 306 264   5 355 314 368  70 305  23 387 318 387  59
   364 280 362 135 294 130 366 362 300 171   0 259 384 237 305 270  75
   350   7 207 318   1 211 251 265 157 129]
  [  0  50 284 286  75   7 153 234  90   5 205 288 129 142 279 369 185
    19 290  90 135  97 389  57 268  13  95  70 204 168 319 228 387 285
   343 289 150 384  83 330  28 248 215 108 125   0 250  27 159 119  24
     6  33 217  53 225   0 230   9 298 322]
  [  0 144 356 212   9 286  20   4 103  77 254 213 141 149 233 182 263
    30 245 327 185 315 233 397 254 129 251 102  19 375 346  11 116 274
    33 200 166 217  66   0 129 146 256 343  26 183   0  95 232 150 388
    35 280 154 392 300 177  85 150 270  17]
  [  0 217 376 157 177 252 376 109 380  23 210 194   9 395 144 191 249
   239  97  97 117  36 306 168 138 128 398 299 127 390  47 158 132  22
   250 290 333 354 335 281 193 266 156 234 132  83 382   0 231 329 131
   141 187 217 274 363 320 152 118  48  62]
  [  0 112 221 356 269 347 153 187 353  66 371 148 376  45  69 380 192
   203 158 196 346 224 369 112 311 215 370 199 159   7   1 330 306   3
    36  96  79 386  54  22   8 136  14 153  69   5  98   3   0 177 336
   290 372 170 162  66 177  67  12 192 147]
  [  0 364 239 350 295 165  25 218 379 324 113 280 321  74 133 170 219
    72 137  39 192 139 208 374 225 190  12 275 333 375 201 251 385  89
    77 267 333  17 287 240 136   2 352 234  66 136 269 128  32   0  65
    95 174 151  78  45  47 106 351 187  47]
  [  0 148  81 238 194 367 134 230 248  88 304  68 200 172 386 355 164
   234 339   9 294 259 290 226 383  59 237 310 363 132 141 102  91 381
   326 274 224 255 372  13 154  86 175  30 257 257  42 221  14 283   0
   167  92 383 115 233  58 221 134  90 104]
  [  0  43 318 188 122 380 342 263 316 101 120 346  50   9 206  44 354
   222 139 116 198 380 178 153  50 109 396  68  76 209 393  62 151  56
   335 263 271  70 107  42 168 297 332 225 161  10 157 167 232 163  84
     0 307 249 327 186 135  43 126 110 383]
  [  0  37 347 283 292  57 355 386 352 226 252 372 164 156 377 203 219
   166 278 151 355 343 166  51 300 117 151 336 314 152   6 102 383 196
   295 198 125   4 293 259  36  77 288 271 175 301  92 109  24 126 131
   378   0 379 143 270 127 199 298 232 268]
  [  0 241 200 110  63  54 195 265 329 248 138 106 121 314 319  29 208
   183  73 360 199 323 197 315 148  37 183 335 277 386  38  91 152 358
    23 320  70 180 181 187 269  57 292 277  96 358  55 380  52 159  32
    89  84   0   0  11 195 395 319 266 199]
  [  0  37 259 126  28  36 152 175 279 213 170 163  48 230 182 282  62
    70 186 369  14 295 338 109 346 264 303 335 122  98 105 218 100 335
    59  19  51  34  82  37 301 125 210  63 260 166   3  91 140 338 387
   214 321 202   0  22 367 256  95  73 370]
  [  0 387 366  41   1 261 307 302 240 310   6 103 320 220 253 165 111
   300 297  90 284 100 106 141  88 235  91 158 366 204 159  36 157 296
    24 277 128 280 384 386 197   6 268 310 335  61 351  25 353 165 342
   388 284 213 298   0 155  49 146 114  80]
  [  0 100 382 113  65 314  17  30 306 355  99 113 211  82 344 332 236
    16 382 189 343  71 274   0  87  81  95 184 329 291 115 233 327 278
    79 396 198  69 368  74 144  96 364 198 334  31  96 325 327 271 328
    77 386  60 294  10   0 316  61 279 276]
  [  0 345 353 214 144 279  20  65 203 148 377 268 267 206 227 387  47
   288 367  96 102 342 233 361 229 288 325  47 158  54 218 393 177 283
   150 122 281 378 120 215   8 304 144 349  73 152 316 253 357 119 136
   147 275 397 264  54 132   0 312 389 318]
  [  0  14 254 118 360  38 165 108 152 270 375 341 335 285 253 295 390
    83 135 138  54 126 294  46 243 148 118 309 203 290 348  41 323  33
   186  44  71 192 194 105  45 303 307 257 172 304  90 212 293 106 328
    73 236  45 135   9 257   3   0 371  51]
  [  0  35  40 268 168 187 203 344 307  26 278 228 347 363 193 240 357
   275 170  23  45  22 232  37 191 291 221 187 335 236  59 230 118 346
   127 101 320 141 328 153 142 356 255 283 227  22 267 149  57  99 121
   283 287 338 182 228 279 271 282   0 141]
  [  0 352 323 237  41 351 350 288   2 138 344 150   3 358  86 197 297
   160 365 324   9 202 349  74 287 294 267  51 175  25  30 259 295  23
   345 347 263   6 274 391  12   6 232 169 197 246 202 384 389 365  96
   340 148 327 333  20 394 232 376 226   0]]

 [[  0 190 310 141   1 398 329 343 380  82 343 308 128 162 168 173 152
   327 162 261 216 103 245 279 198  94 247 168 172 365 342 372 352 295
   258 389  39 224 375 191 154  15 190  54 252 368  43 174  54 356 259
   244 131 390  95  75 390 120 211  94  56]
  [  0   0 118 165 366 235 239  76  90  10  44 295 167  34 110  31 136
   107   3 156 174   2 261  76 163 170  58 381 135 191  63 390 380 159
   121 367 350  14 209  64  44 206 137  97 325 317 236 326 141 264 214
    20 290 111 321 240 239 143 372 380 254]
  [  0 234   0 165 258 322 332 372 239 375 297 215 291 241 310 336 317
   371 145 334 339 338 125 195  72  88 148 127 383 252 241  78  38 355
   125 325 164 369 398  65  75  29 282 332 318 398 225 375 155 300 216
    25  97   0   1  69 378 261  92 159 300]
  [  0 133 297   0 231 380  45  42 127  73 191 116 312  14  71 155 335
   242 385  58  76 361 129 136 121 135 225  15 266  91  53 131  76 288
   294 330 168 107  82 288  54 318  47 326  42  65 196 321 205 152 335
   138  72 381  51 357 332 159  80 313 396]
  [  0 323 177 265   0 130 339 297 253  21 272 324 312 211 367  87 268
   174 204  82 192 269 254  26  95 382 280  85 362 139 143 296 254 125
   355 103  87 339  51 151 245  71  35 209  20 318 290 286 376 236 182
   288  51 228 368 385 190  97 140 177 188]
  [  0 290 358 339 214   0 267 292 171 295  56 125  39 299  18 148 347
   251  82 254 284 230  78 256 274 235 301 332 190  39  97  28  58  45
   132 321 273 235 367 301 208 214 104  44 369 156   3 182 329 363 388
   308 375 291   8  87  43 329 192 128 173]
  [  0 175 154 129  23 113   0 258 305   5  17 182 272  98  82 117 169
    72 206 320 175  97 188  27  79 137 309 101 359 341 387 267 282  84
   313  69 377 301  37  42 385 207 302   2  81 125 180  39 359  91 142
   246 334 151 176 162 239 347  16 397 387]
  [  0  94  67 108 237  38  23   0 393 361 372  90 284 265 289 232 164
   150 338 201 365  30 279 208 345  53 393 236 120   8 292  41 322 365
   383 232  39 376 248 135 291 394 166 220 195 153 162 220  48  31 360
   183 172  84  74 343 392 187 312 126  34]
  [  0 137  85  76 137 348 201 175   0 378 380 152  78  53 172 273  56
   188 378 156 299 194  29  58 322   8 321  85 340 200 266 298 259 366
   302  27 129  93  50 339 332 129 379 242  11 189 227 100  94 248 166
   297  30 238 177 179 252 162   2 333   6]
  [  0 190 123  52 327 152  36 359 124   0  43 387   3 119 148 377  30
   385 392 116 382 245  77 306 221 237  41 206 240 204  28 369 137 310
     1  64  32 367 150 294 216 143 105 231 171 287 208 152 136 387   5
   259 100 352   4 219  36 236 181  98 209]
  [  0 277 363  63 281 270 212 129 172 171   0 118  97  31 394  82 212
    73 266 183 228  28 259 125  18 354  26  13  76  92 290 251 370 118
   361 395 258 177 236   9  50  95 257 120 364 220 214 388 156  65 170
   328  95 398 148 330  27 250 146  46  57]
  [  0 151  29  49  89   8  94 334 398  94 261   0 333 220 168   2 171
     5 202 194 366 354 250  92 253 353 249 297  35 109 151 329   0 231
   151 310 146 375 286 228 158 174 328  85 170 395  40 323 262 198  29
   264 242  69 325  59 296 163 243 264  81]
  [  0 120 148 173  81 154 217 142  60  80  90 118   0 307 306 232  81
   175  30  12 146 141 376  79 224 114  71 328 336 116 125 241 127 352
   184 394 201 361 191 172 319 170 288 356 139 118 281 163 142 247  59
   194 312 117 337 262 189 329 368 216  16]
  [  0 198 309  16 165 255 161 377  76 339 259 151  81   0 390 371 309
   367 361 271 378  24  51 212 331 233 329 177 376 325 234 361 284 269
    49 311  89 336  18 332 170 140 283 109 295 339 194 115 321 269 386
   284  52 335 316 273  75 107 219  24  47]
  [  0  60 190 128  23 361 129 273 200 391  47 363 255 377   0 356 297
   219 284 243  77 127 180 154 109  79  18 236  13   1  57 262 121 193
    65 249 204  45 284 371 313  23 150 267 280 111  50 288 271 240 266
    93 120  18  79 170 374  96 109 171  47]
  [  0 208 133 345 337  29   6 190 365  10  13 125 180  84 338   0   1
    65 260 209 324 336 287  38 163 255 280 294  82 100 241  13 277   3
    64  68 235  34 207 194 207 189 170 210  38 271 379  91 237 105 363
   137 105 261 203  63 288  36  86 200  44]
  [  0 395 333 147 338 323 347  86 175  33 224  40 158 142 229 127   0
   243 277 381 153 215   2  41 245 106 255 106  25  87 370 151  71 225
   241 220 243 253  26 119 370 195 100 299 395  93 247   2  76  18 136
   380  35 266 126  55 113 326 368 333 127]
  [  0  29 183  77  68 254  80 225 223  10  84   4 349   4 269 119 395
     0  71 389 188 147 351  62 106  55 165 250 221 116 223 359 202 362
   189 108  65  73 197 127 169 351 309 369 261 392 240  32 133 391 366
   297 237 208 360 268 338 345  48 381 251]
  [  0   3  84  85  33 222 336 312 230  96 160 265 242 370 341 304  31
   257   0 238 340 216 196 205  64 301 380 128 293 302 230 215 277  13
   179 220   3 101 248 134 317 106  18 111 315 131 253  33 159 342 198
   207 275 140  91 171 232 393 272 116 360]
  [  0 110 335  15  82  10 276  48 146  15  67 300 162 322 196 201 118
   133 202   0 202 128 246 237 386 116 138 266 154  35 147 105  37 113
   180 198  71 127 382 384 182 192  61 337  45 286  96 167  63  28 286
   274 193  35  20 130  20 268 366   2 189]
  [  0 305 339  44 145  11 332  42 234 333 379 388 262 131 191 297 200
    29 232 172   0 280 126 241 280  30 278 396 128 176 135 162 142 214
   288 313 138 310 287 358  16 304 185 350 351 122  52  26 209 231  80
   259 183 305   4 139 120 164 225  18 318]
  [  0  80 390  53 315 100 354 206 278 214  83 236 332  96 316 301 303
    89  85 103 291   0 357   8 308 293 232   7 209  39 356 368 271 234
   396 122 368 101 120 234 166 392 310 179  15 361  68 390  96 188  21
   281 109 310   5 383 236 296 364  14 325]
  [  0  65 122 287 103 283  86 388 159  99  15 287 125 198 142 182 213
   340  18 344 252  54   0 316 257  59 288 239 143 147 212 138 162 283
    28 365 102 310 136  88 148 176 219   6 172 149 245 192 151 216  67
   360 227 239 329 213 246 239  96  17  86]
  [  0  97 353 195  73 348 101 370 233 387  10 126 126 363  15 293  55
   175 319 116 384 277  70   0 369  11  29 221  46 341 337 345  18  93
    28 170  86 195 107 331 304 330  12  57 337 167  95 298 315  18 216
    16 123 181 320 293 359 276  80 265 274]
  [  0 269  80 120 322 316 305 185 340 271  83 117 143 129 304  74 314
    14  92 136 209  20  49 143   0 398 377 385 252 238 119  54 381 175
   174 339 285 370 380 358  47  66 227 354  86 198 226 193  49  77 139
   144  42 243 118 183 343 104 223 246 288]
  [  0 312 128 158 169 284 262 348 101  53 213 288  18  12 294 183 105
    86  21 109 165  33 174  68  79   0 396  25 266  41 214  29  72 391
    31  22  89 280  44 214 250 206 188 391 179 260 348  24  79  54 338
   268 265 180 271 364 194 380 206  18 371]
  [  0 336  68 197 177  22 347 114 127 190  93 109 388 346 264  41 287
   223 254  80 313 106  95 147 372 334   0 194 236  44  98 376 252  68
   165 261 166 101  18  49  80 172 103 201 265 192 193 130  66 256 310
   232  38  20 314 336  88  18   5  36 214]
  [  0 334 316 341   0  35  45  91 236 398 209  58  23  66 343  41 119
    54  93 377 222 118 129 339 372 323 291   0 333 371 156  91  23  33
     6 200 372 348 276  18 204 153 357  87 398 292  25 331 104 111 157
   146  19 139 299  35 189 235 290 252  14]
  [  0 219 329 133 343 345 193 333  39  63 241   9 287 392 204 303 132
   254  88 314 286 299   5  13   9  66 259 387   0 257 189  91 154 218
   303  22 145 157 203  85 247  33  41 352  19 144 372 331 348 129 385
   153  66 328 202 154 294 286 117 228  62]
  [  0  56 316  71  52  28 101 342 276 354 322  50 201 342  31  55  84
   373 169 240 174 299 385  81 171 130 221 304 240   0 261 172 306 237
    25 135  41 299 228 362  89 368 113 162  75 382 362 207 136 261 347
   155 124 244  70   8  36 239 395 374 291]
  [  0  51 318 165 320 288  97   9 346  61 305 242  28   5 163 357 169
   289 275 298 132 128 350 229 142 150 120 264 129 357   0 337 193 308
    84 265 329  48 188 290 206 169 329 358  81 287   8  14 272 243 286
    18  92  79 367  17  62 125 205 284  48]
  [  0  46 256 110 301 319  13 107 167 112 241 130  97 374 137 227  72
   148 389 373 303  63 179 359 366 183 118 379 270 369  28   0 318 228
   233  75 350 331 214 345 340 112  74 163  55 328 143 266 201 369 234
   206  60 170 299  20 219 149  13  53 204]
  [  0 398 133 194  56 283 173 276 366 130 232   2  80 263  43 175 295
   209 335 207 161  80  72 357  40 121 238 206 277   5 145 396   0 232
   119 194 233 297 177 281  32  80 111 129 206 206 396  67 301  75  32
   263 195  51 265  20  70 309 200  78 139]
  [  0 202 289 180  93 363 355  48 192 374 333 359  13 251 369 163 340
    47 397  87 178  99 189 102 380 276 380 139 303 237   8 152 212   0
    50 366 313 154 245 176  89 235 119 272 266 244 376 137 202 347  15
   172 133 216 126 396 149 393 353 377 175]
  [  0 187 215 128 375 333 237 384 327  25  81  15 268 392 342  44 270
    14  83 386 140  48 253 375 125 186 274  49   8  18 108 112 397 299
     0 252 100 314   1 369 127  41   5 113 167 202 160   7 180 370 241
   153 226 219  74 397 270 158 327 178 308]
  [  0  91 346 274 388 342  82 328   4 372 255 290 309 146 272 254 297
   329 155 329 309  88 287 308 351 328 159 386 239 295  58 307 390 317
   365   0 273 349  16 373  61  65  86 147  98 250 388 130 279 316  98
    99  10 181 113  10 269 241 291 163  81]
  [  0 162  89 171 290 160 119  46 199 167 349 385 377 357 187 332 149
   223 159 388 312  56 244 303 194 391 333  95  61 191 236 245 120 371
   369 265   0  38 203  62 142  33 253  18 310 170 278 182 335 347 211
   353 193 380 210 141  29 149 109 354  86]
  [  0 275 344  72 381 398 201 120 223 335 372 157 362 273  19 238 315
   101 276 299 363 210 313  86 375 146 331 140 390 216 284 206 379 235
   103  88  62   0 217 290 289 160 270  17 283 378  84 326  54 259  73
    45 249  43 299 360 241 346 388 100  97]
  [  0 232 213  63  73 177  72 378 106 104 193 308 125  58 266 170 267
   357 228  36  11 153 116 394  47 196 194 177 291 202 285 214  28 391
   304 172 245  22   0  57 335  75   7 143   2 340 165 292 346 108 207
   171 257  50 353 342 285 103 182 296 114]
  [  0 230 310  86 229 201 303 385 300  74 166 228 276 116 175 333 148
    21 107 238  94 241  34  85 179 353 256  62 167  64  67  85 120 174
   297 196 106 294 125   0 192 223 110  77 132 289  60  39 118 272 228
   128  34 178 191 368 206 172 392 231 287]
  [  0 198  13 106  39 337 171 380  98 203 360 257 167 288  94  87 122
   347 263 374  11 127  83  15 314  63  48 204 173  77 181 370  75 293
   323 214 186 235 111 139   0 175 109 379 289  95  30 284 209 244 242
   281 150 313  70 160 171 313  34 310 163]
  [  0 378 267 220 385  41 313 208 120 316 377 277 125   4 358 217 389
   316 302 237 252  50 322 251  32 334 276  91 360 325  19 220  11 278
   125 264 303  88 232  10  74   0 241 391 334 327 356 131 233  67 264
   272 202 261 242  35 326   9 322  36  89]
  [  0 335 287 233 371 176 329 227 127 158 175 213 307 303 230 386 327
   260 349  98 201  19 279 297 338 144 202 196 139 238 292 283 365 304
    15 236 181 179 289 396 202 127   0 273 395  24  71 244  19 306 229
     0 283 268 126 332 337  97 239 346  18]
  [  0 125 348 357  22 290 103 192 214 187 290 120 215 138 187 267 104
   333 121 392 277 108 305 207 348 273 326 284  77 245 277 327 260 151
   265 339  98 353 272  85 248 118  11   0 141 140 142 318 213 182 200
   147 302 227 342 382 188 259 352  52 110]
  [  0 346 347 285 243  34 177  30 102 278  13 289  89 349 131  40 158
   241 116 271 114 324 372  29 384  29   4 114 386 104  76 270 304 288
   306 259 162 308 129   2 265 232 391 184   0  99  35 389 191  58 176
   289 241 331 304   0 133 202  58 116 213]
  [  0 367   6 301 346 353  17 220 297 118 355 328 176 343 395  82 354
   310   6  93  91 139 110 229 169 123  56 218 218  41  35 242 262 370
   263 391 367 254 226 184 313 213 328 328 315   0 138 218 251  67  55
    58 151 216  82 359 277  68 347 271  94]
  [  0 223 104 195   4 123 174  94  29 228 250 362  86 279 101 253   9
    23  81 393 212  95  38 164 161   3 235 324 275 258 174 259  21  87
   112 289  42 340  95 290 187 159  33 261  14 349   0 362 220 178  19
   321 147 299  62 220  72 297 120 240 393]
  [  0 300 124  44 223   3 112 282 325 382  81 396  37 108 386 203 122
   381 100 206 314 299  31 385 218  79 281 364 278 388 356 357 367 376
    34 353  76 141 132 212  73 116  98 243 187  78 351   0 295  65 277
   160 228 282 188 206  25 321 240  20 246]
  [  0  11  67 281 331 388  73 180  99  44 164 151 210 337 385 125 328
   347  73 276 378 177 316 372 329 213  29  31 351 223 260   9 172 306
   350 343 171 351 196 112 247 258  34  42   2 370  94  29   0  76 393
   375 185 372 164  12 135 364 253 193 196]
  [  0 371 334 261 243 272  26 354 160 294  77  10  55 206 310 190 174
   259  17 282 114  11 140 225 100  65   2  15  56  40 239  21  44 328
   297 184  76 196  81  88  85 138 321 283 362  87 121 391 286   0 311
   381 142 319  14 154 329  94 123 100 284]
  [  0 114   2 357 276 313 156   4 283 286  52 382  29  60 273 100 221
    69 162 334  32  25 335 149 298 134 201 238 280 382 343 379 251 228
   363 297 248 112 312  34 312  91 293 356 273 338 242  13 297 378   0
   266 319 168 300 187 241 290 236 339 160]
  [  0 219 392 280 123 219  45 187 303 107 332  25  89 327 153 294  21
   109 179  92 149 336  67 188 128 362 258 227 181 360 112  64 198  44
   362 358 356 118 132  36 243  46 284 146 312 319 202  34 355 280 318
     0 134   1 221 160 318 306 132 320  79]
  [  0 138 343 203 298 323 226  35 327 234  85 331 151 131 339 255  66
   218 110  41 261 199  50  91 302 203 164 225  30 267 104 329 243 132
   377  50 148  16 394 196  40 157 187  85 129  39 387  87 103   5 195
   232   0  17 298  52 305 272  69 137  48]
  [  0  95 191 365 127 279 378 258 391 307  92 137 363 118 126 145 276
    49 109 311 299 313  60 335 303  74 383  61 272 173 306 155 338 196
    56 112 233 320 283  27  13  42  62 377  88  82 225 246  89 395  37
   245  47   0 161 218 388  35 157 355  62]
  [  0  32 278 371  77  75 105 143  41 287 398 190 210 315 196  54 311
    37 129  81 108 116 241  67 393 209 102 346 159 334  88 157 362 200
   282  48 289 180  72 360 229 268 338  44 283 208 205 191 369 345 277
   126 162 195   0  14 224 101 290 166 187]
  [  0 201  91 227 192 365  19 264 367 176 236  29 187  70 278 159 227
   210 385 153 286 359 390  74  31   7 366 316  19 262 235 339   8 117
   165  80 146 115 253 145 367  68  49 344 345 304  24 100 398 338 103
   180 152 191 104   0 188  39 351  25 380]
  [  0 196 130 254 396  40  66 144 382 198 145 345 136 123 234 151 226
   360 145  74 294 176 197 150  33  81 110 357  40 177 167 364 138  35
   214 396 359 333 253 195 373 368 330 297 113 178 350  27 216 334 178
   396 249 254  68 303   0  67   6  28   9]
  [  0 344 353  65  35 262 374 375  60 302 155 226  57  56 209 371 390
    46 107  55  68 355  61 393 265  24 310 395  15 291  63  74 319 371
   282 296 370 388 362  17 254 244   3 128 202 366 231  58  31  71 212
   280 321 185  27  34 302   0  81 106 129]
  [  0 318  52 301 240 215 129 389 304 393 142  13 379  10 152 317 341
   167 385  62   8 271 261 375  30   3 358 198  82 257  97  13 237 383
   239 217 118  56 272   7 291 374  23 167  81 374 321 271 110 289  79
   230 224 363 217 163 230 255   0 251  34]
  [  0  50 281 150 121 296 192 155  83 303  67 336  19 128 154  63 195
   210   2 283 356 277 302 339 229  99  60 100 224 318 244 128 250 373
   118  75 124  13  30  73 340 257  97 258  43 262 388 289 189 108 236
   233 347 285  25 355 161 365 216   0 371]
  [  0 314 221 330  40 302   6  36 343  57 127 207 236 112 127 382 350
    56   6 204 194  86 300  52 152 239 284  83 197 167 183  55  93 154
   305 309 395 130 227 110  91 336 316 250 199  14 116 104 397 102 385
   371 296 364 172 317 119 265 342 262   0]]

 [[  0 333 343  97 224 193  79 362 228 284 395 388 355 243 231 108 311
   151 189  73 395 252 252 221  36 220 181 285 223   5  50 175 271 262
    30 173  10 305  96 326 271  45 351 370  18 298 374 275 151 307 186
   302  66   2 368 298 351   7 272 199  43]
  [  0   0 197 110 320  37 211 235 284 359 199 122  58 357  51 333 375
    72 338 188   5 132 162 160 381 347  20 182 290 302 320 375 337 130
   304 102 297 171 232 212 137  16 321  42 164 265   4 175 135 250  53
    79  43  92 352   8 337 135 207  39  59]
  [  0 184   0 373 330  86 337 191 221 207 123 316 115 322 331  48 248
   185 217  44 379  14 255 114 244 250  14  54 258 262 326  69  65 200
   188 317 392 116  60 243 216 224 295 359 205 377 177 183 214 312 312
   336 128 185  92 201 164 340  15 305 170]
  [  0 167 233   0 190  16 280 309  90 168   6  18  81 269 310 394  37
   203 151 274 279 122 171 337 272 259 299 333 244 197  11 151 135  90
    50 212 369 217 135  27 366 286 231 259 341 202 209 135 362  99 302
   215  18 373 168 306 175 342  71 394 159]
  [  0  23 357 125   0 356 235 379 394 322 384 298 352 207 225  28 181
   147 147   1 370 316 196 188 291 376  23 244  84 218  27   1  77 188
    68 347 241 387 223 104 113  25 213 216 359 354   9 244 338 237 109
    77 214 296 332 282 222 235 143 178  90]
  [  0 291 275 348 242   0 257 239 302 190 190 119 137 108  15 338 321
   367 294  80 150  71  79 232  13  84 194  88 174 154  56  14 396 156
   164 115 285  15 190 249 107 264 135  14 142 351 287  73 283 133 353
     9 383  43 253 117 123 346   6  12 139]
  [  0 389 165 223 244 232   0 309  67 244 206   2 129 107 334   4 208
   355  92 157 355 324  55 269 257 170  84 257 381 289 249  89 261 322
    89 301 363 370 292  91  68 194 215 211 125 210 370 139 394 134 174
     4 300  23  79  64 229 352 173 376  10]
  [  0 124 354 375 255 176 345   0 237 291 161 187 304 315 123  82   3
   326 102  82 263  95 385 293 355 366  44 176 240  44 248 219   0 308
    75 292 182 242  62 214 334 296 191  55 342 129 149   3 325 359 262
    75 184 366 135 230 135 227 156  71  99]
  [  0 258 386   8 335 302  16 280   0 353  26 322 181 282  58  48 197
   390 377  68 364  27 133 245 362 338 129 105 115 207 344  28  77  85
   319  65 245  55  86 376 324 300 301 376  25 232 131 232 166  28 305
   200 239 383 121 121 293 333 245 206  59]
  [  0 364  30  33  10 303 285  75 269   0 225 295 204 350  11  21 109
    86  29 284 232 390  55 258 302 301  34 282  78 243 292 321 337  62
   107 284 300 173  13  78  83 104 153 265  94 276 378 217 179  87  39
    18 290 124 320  70 319 162 338 179 107]
  [  0 134 393 371 328 118  53 289 167  82   0  51 139 218 118 380 250
   201  74 225 380  38 381 210 120 105 102  74 173  29 155  69 316 109
   275 366  23  84 103 354  33 100 295 198 243 318 235 205 164 171 181
   227 371 238 208 121 305 287 300 133 157]
  [  0 367 153  74 124 337  11 176 374   5 344   0 251 224 205 310 316
   358 109 159 373 211  98 240 181 157 239 396  94 333 343 342 295 187
   337 320  18 377 318 160  53   2  12 330  45  51 267 120 291  50 153
   381  29 398 207  82 120 303 157 145  14]
  [  0  69 345 157 132 148 232 121 240  45   4 162   0 245 339 299 336
    39 332 291 278  60 184   5 351  53   8 133 293 264 205   4 350 221
   344 212 269  49 234  36 273 218 251 263  33 361  89 195 194 223 318
   128 104 119 365 259 275 197 232 325 115]
  [  0 378 253  32   3  47 262 246 339 313 279 296  46   0  24  73  93
   103  36 265 397 389  53 241  39 211 350 338 324 354 338 180 212 114
   310 273 308  25  38 231 348 194  72 316 263 126 141 220 100 298  26
    83 263 359 334  64 246 260  44  13 357]
  [  0 397 156 299 356 117 305 141 326  86  31 183  96  35   0 381 143
     7 195 378  42 105 150 190 215 313 266 344 125  67 136 256 290   5
    52 358 173 207 222 211 300 354 270 179 232 319  34 392  45 131 326
    69 119  62 373  17 200 301 195  62 363]
  [  0  83  48 353 176 278  36 246 338  24 192 358 150 330 144   0 282
    70 197 142 142  21 158 108 181 352 356 374  26 150 215 154 258 319
    45 284 305 204 141 124 268  99 322 156 231 310 211  45 324 190 215
   155 166 112 337 247 386 288  51 200 266]
  [  0 267  94 166 382  53 105 256 132 205 176 337 177 180 241 261   0
     4 239  69 301 217 318  58 208 302 156 381 329 235  10 248 348 235
    56 335 327  19 201 213 315 374 102 251 211 326 387 244 370 241 148
   133 393 368 369 396  62  27 233 149  31]
  [  0 158 151  15 193 133 284 391  14 280 333  98 339 231 262 104 113
     0 221 113  75 169 257  25 303  14 289 180 157 103 333 196 285 342
    95 355 355  63  17 345 270 185 317 254 149 287 170  48   7 184 298
   229  59 236  90  63  61 101 216 289 361]
  [  0 148  64  99  32 251 163 174 146 194 171 211 274 378 196 253  73
   118   0 218 367 272  24 309 339 228 161 344 350  77   0 270 310 180
    51  52 289 351 215 288 337 225 297 325 172  72 313 113 127 324 185
   398 114 152 153 185 340 112 260 275 241]
  [  0 296 130 295 371 374 157 202  31 132 156 394 240   2 308 366  75
    54  75   0  60 350 189 247 327   7 131 299 345 180  81 378 226 336
   294 156 195 124  85  59  93 198 144 257  52 225   6 160 161 183 362
   314 152 183 393 383 345 309 149 336 224]
  [  0  26 372 199 380 213 206 111  54 246  16  48 233  18 122  15  40
    77 204 280   0 379 256 175 329 143 200  37 108 140 136 142  15  63
   191  60 198  66 333 382 377  92 259 231 146  66  48 282 381 194 316
   128 176 118 278 352 378 280  43 290 303]
  [  0 239 228 118 133 195 175 315 304  75 170 157 157 367 129 241 349
    92  26 294 226   0  47 256 261 203  57  62 298  12 236 101  17 153
   171 128 152 167 231 132 220 157 372 178  17 141  43  89  16 176 339
   362 357 393  21 395  27 208  16 248 195]
  [  0  34  37  11 165  76   1   2 171 128 152 176  47 135 214  30 142
    93 329 390 135  42   0 184 284  35 210  61 303 176  57 115 179 203
   360  16 185 169 178  81 278 347 381  59  39 335 104 221 180 352 354
   168 201 271 330 112 360 373 284 180  25]
  [  0  94  40  12 125 336 137   9 340  55 347  60 236  95 280 388 159
    10 300 296 242 395 109   0 215 140 157 342 391 273  84 381  82  87
   392 194  49 108 216  71 219 394  38 221  27 282 291 362 163 255 272
   367 153 124 184 368 183 235 327  98 171]
  [  0 247 293 284 337  81 307 251  97 374  62 266 167  56 229 171 358
    25 351 244 344  22 142  61   0 375  66 335  61 282 170 274  22 245
   343 117  64 254  83 100 183   3  13 301 226 389 369 114 378 152  29
    36 365 320 381 340  77 126 130  73 149]
  [  0 170 187  95 155 392 354 155 337 249  20 212   5 310 340  29  84
   223 250 345 294 146 104 341 280   0  75 204   3  55 255 377  89 262
   252  16 225 249 325 220 394  97  65  11 266 184 314 216 316 121 313
   198 321  34 388   2 321 196  93 299  38]
  [  0 185 251  68 248 143 381 122 186  12 154 160 154 204 289 380 199
   106 108  59 101 236 190 217 270 274   0  34  13  71 280  14  84 301
   219 127  10  49 327 260 337 148 356  76 112 219 185 338 308 199  94
   168 209 208 288 287 150 125 287 369 184]
  [  0 165 260 133  97 259  16  83 196  11 356 219 250  14 252   0 242
    75 199 136 369 116 113 304 385 308 268   0  75 100 274 356 388 350
   221 112 231 317 299 332   3 279  55 301 371 246 244 335 260 139 391
   205 180 144  44 190 278 354 103  82 110]
  [  0  67  78 308  74  49  40 164 299  28 322 249 194 191  61  14  57
   242  47 218 232 140 257 183 173 240 223 107   0   7  31 108  58 142
    66 320 226  98 372 320   3 372 325 337 374  68 174 159 286  34  85
   240 141 275 198 127 317 176  58 240 150]
  [  0 291  30 115 368 102 259  25 185 295 103 160  32 133  77 289 331
   277 254 278 244 322 106 259 319 126  93 132 264   0 293  89 332 140
    12 205 263  45 344 251 136 387 248 152 211 379 299 200 358 143 250
   296 173  96   7  51 320 341 198 169 357]
  [  0 337 144 160 281  52 240 360 308 253 335 291 194 391  86 230 353
   364 166 192 137 353 262  99 264 366  62  76 393 187   0 214 302 362
   115 274  48  58   6  26 226 131  11 355  11 354 363 319 251  67  24
   243  81 295 333  39 131 388  17 228  84]
  [  0  88 186  25 142  47 343 344 271 298 137 211 390  60  27 330 286
    98  89 236  17  81 386 300 344 180  44 153 216 257 326   0 163 147
   142 211 179 323 105  54 307   0 332 192 160 393 219  14  66 185 145
   134 213 195 350  16 197 276 344   9 162]
  [  0  67 171 319 195 208 268 241 396 194 390 146  87 294 357 353  96
   340  68 115 237 331  30 135 260  73 185  19 321 320 296  81   0  71
   259 324 101 316  54 398  29 295 244 370 152 194  25 284 125 217 393
   310  13 388 394 322  93  94  40  43 253]
  [  0  85 342 194 288 165 329 346 209   1   6 316 215 299  63 216  26
    74 138 332 235 297  64 253 304 334 277 317  15 281 356  61 249   0
   382 145  33 204 130  46 236 282  27 116 205 104 331 240 169  84  53
   331 253 151  88  94 233 164 119 205  51]
  [  0 245  24  98 262 312  18  77  64 220  47 310 179 228 161  94 292
     6 347 118 321 338 264  14 123 254  76 348 243 295 386  20 369   5
     0 250 357 311  74 205  14 167  55 343  39 216 189  43 367 195 186
   203 251 319 356 238 224 218 370 189  58]
  [  0 198  21 199  36 220 232  27 359  93 138 296 345 248  37 336 127
   259 247 396  28 287 244 184  18 395 216   5  82 118 200 109 150  16
    94   0  20 125 111 329 194  47 238  37 182 176 383 265  77 133  94
   366 119 137 328 227 140  32 291 271 345]
  [  0 333  59 343  81  83 315 147  45 283  20 293 144 205 381 270 188
    10 113 264  96  95 293  16  76 365 262 207  55 344 361 361 260 144
    20 132   0 388  91 121 312 343 384 285 107 206 355 316 108 300  58
     1 398 198 236 372 348 309 301 184 213]
  [  0 234 304 155 364 131 205 233 274 339 294 156  76 293 123 192 383
   159 332 108 302 118 325 244 102 390  92 214  25  27 325  96 293 145
   355 281 323   0 136 297 141 353 345 189   9 226 231 368  47 325 219
   244  29  47 150 395 196 322  24 219 126]
  [  0 233  76 316   2 182 148  88 123 374 286 363 347 367 246 261  79
   339 153 158 199   1 134 321 240 389 273 391 152 361 376  31  26 326
   370 189 111 295   0 246 291 145 349 165 216 300 278 345  57 276 331
   286 298 388 125 300 162 154 118 182 108]
  [  0  16  60 372  44   4 206 208  80 362  88 255 191 146 287 310  50
   273 242 318 275 221 365 350  25 353 158 195 281 383  61 299 377 177
   236 207 340  30 337   0 103 375 309 316 261 150 227 183  61  99 219
    54 305 273  74 129  63 372 256 103 112]
  [  0 366  35 170 110 114 100 269 284   3 159 114 139 376 386 166 202
    37 339 245  42  50 319 283  54 260 156 227 379 172 179 102 175  46
   244 159  53 156 191 105   0 385 163 380 170 298 189 255  62 308 253
   390  55 391 332  49  28  44 133 365  67]
  [  0 142  16 382 329 391 316 245 309 293  66 232 199 139 308  73  27
   167 194  17 206 237 109 252 369 253 373 192 327 142 179  21 366  28
   131 282 119 159  17 356 149   0  92 268 296 110 206 183 228  43 227
   230  74  35 375  11 202  95  52 214 307]
  [  0  46 295 366  76  30 238 214   4 297 372 261   0 201 396 231 149
   244 347 124  24 277 351 298 315 172 214 201 264  83 135 120  36 203
   262 193 101  74 221 322 254 342   0 253 342 336 265 322 160 155  69
    19  67 284  82 160 312 166 279 388 348]
  [  0 285  21 315 240 214  56 336  44 362 279  96 187  48 159 131 158
   129 155 292 274 152  10 197 181 103 312  22 386  32  27 144 163  20
   351  71 289 179  64  58  70 312 291   0  20 244   4 371 283  64 379
    93 169 229  85 304 313 369 324  95 351]
  [  0 158 281 370 120 326 380   0 384  52  21  44 259 322 160  29 130
    21 396 234 114  30 105 390 389 242 361 260 112 272 141 306 136 138
    38  69 333  39 194 393 299 183 106 251   0 317 188 132 290 317  10
   158  78  59 171 166 396 336 284 155 179]
  [  0 196 227  67  20 207 115 132  21 220 248 153 291 282 359  95 375
    55 136  96 276 349 297 377 254 379 312 171  60 362 261 306 258 214
   141  48 265 269 150 287 364  40   5 150 189   0 174 133 300  32  31
   202 330  17 319  68 159  39 286 288 210]
  [  0  38   8 169  46  18  32 128 179 328 227 272  86 393 325 176 120
     5 183 365  94 334 260 301  33   8 307 385 349 229  71 138 215   9
   315 342 150 259 114  32 392 173  93 112 343  73   0 108 363 339 157
    33  70 363 168 161  15 200 346  51  57]
  [  0  98 289 283 234 288 276 156 131 292 367 314 159 223  91 209 187
   157 102 205 293 358 346  44 269  23 312 219 182  33 245 262 215  14
   168 195 177 328  98 380  56 298 198 328  77  34 255   0 336 256 366
    49 146  91 217 146 257 189   6  37 252]
  [  0  52 255 174 171  88 167 104 188 325 351 231 198 103 380 369 205
   329  58  59 316 260  60 338  84 379 370 224 371 369 204 263  77   8
   165  22 158 166 130  55 240 289 294 217 170  60 229 278   0 334 105
   240 372 277 164  59 156 271  88 243 321]
  [  0 302 166 277 188 230 393 320 386 170  38  15   4 366  56 285  67
   181 117 226 116  48 350  19 145 391  86  37 332  87 314 183 394 354
   362 397 236  61 217 231  80 371  27 318   9 229  50 172 184   0  49
   272 255 144 107 344 289  74 161 173 280]
  [  0 390 198 369 223  75  49 373  33 188  33 355 331 199 244   5 239
    20  92 143 212 229  81  18 281 116 122  70 295 273 398 145 319 192
    95 312 216 349 271 264 111 175 378 217 142 321 139 134   4 296   0
   273 352 206 210  78 350 268 375 191  29]
  [  0  82 336 227 256 229 202 247 365 270 168  18 120 275 280 141 334
   314 393 103  92 182 142   5 244 204 124 309  80 324  40 321 100 221
     8 205 279 317  73 307  47 188 301 233  55 384 209 175 355 301 246
     0  27 239 161  45 111 165 353  37 318]
  [  0 229 302 158 304  38 391  82 393 181 330 160 337 152 136 284 241
    54 369 336  41 177 235 144 362 323 166 349  51 100 382 202  11 200
   219 158 309 389 140  12 375 156 220 232 187 323 337  36 207  73 363
    22   0  32 343 270 371 256 342 209  21]
  [  0 190 291  48 246 255 340 369 377 164  65 163 116  86 188  94  52
   171  29  82  42 333 233 379  97 366 287 242 146  41 171 143 113  53
   222 339  70  72 397 363 293 356 307 235 363  24 387 149 276  72 236
   299 260   0  58 223  12  78 282 302 189]
  [  0 357 131 169 387 155  20  68 244 291 287  39  69 283 129 303  64
   195 258  38 252  78 243  34  15 261 324 344 126  80  92 326 167 210
    46  41 114  83 155 273 361 264 225 364 386 312  54  16 342 175   4
   390 139 142   0 330   6 309 219 378  37]
  [  0 197 341 319  15 209 397 179 228 248  81  99  20 291  32   0 370
   354 187 369 250 326 391 236 233 157 199  14 133 103  29 163 289 175
   241  25 257 396 236 388  68 107 289 302 275 315 290 171  48  77  96
   364  14  59 155   0 331  52 151 198 209]
  [  0 313 245 393 157 100 248 206 286 153 204 229 380 310 129 295 134
   291 384   6 236 351 145 133 390 226 261 107 284 110 126 192  86 219
     9 149  44 210 367 137 256 110 239 385  88 357 281 384   6 139  20
   294 378 221 382  36   0 214  55 232  56]
  [  0 158  63 127 118 123 219 310 323 138 373 240  43   8 116 125 137
   166  42 178 213 297  42 145 199 133 364 191 341 227 337 131 242 263
   155  87  20 360 371 167 197 269 286 164 246  85  33  90 162 222 200
   355 157   8  65 209 115   0  48 260 296]
  [  0 104  69 194 153 314 335 236 372 251 156 187 199  34  89 327 239
     3 184 129  81   0 245 328  22 355   8 137 228 374  86  90  20 169
   396  53 130  29 194   6 360 278 149 161 280 121 345 383 192 218 320
   309 340 122 340 224 120 395   0  35  26]
  [  0  44 235 347 381 172 256 204 373  96 186 119 158 274 135 295  82
   108  36 155 344  68 183 344 108  46 395 340 271 158 116 381 316 139
   349 398 108 336 180  39 118 318 375 272 185  52 313 358 338 154 333
   151 384 322 362 135  73  77 171   0  89]
  [  0 104 170  43  18 383 116  91 161   0 193 265 210 317 125 138  88
   252 328 213  39 216   1 337 294 143  81  79   9 260 249 222 134 229
   350  44  48 388 116 305 225 321 111 154 269  64  29  51 311  45  78
   145 265 358 272 263  65 184 165 357   0]]]
release_time
[  0   3  32   2  24  16  22 137  18  50   1 103 100  30  35  40 109  18
  14  32  13  78   4   3  13 104  16  53 147   1   8  26  59 130   1  43
  22   2  14  11 125  79 165  11  46   7  25   2   2  69   1  88  17   4
  61   2  40  10  24   7 106]
due_date
[  0   7 142   7  81  45  96 137 100 142   2 135 268 143  54 126 109  84
  60 113  52 162  10  13  27 110  16 123 151   2  16 107  97 133   2  46
  22   3  59  44 159 157 766  80  73  14 123 132  14 154   5 120  28   9
  77   2  65  19 151 138 122]
unit_emission
[ 7 18  1  3 18]
emission_limit
11956.8
setup_severity
2.0
due_tight
0.9
due_range
1.0
release_tight
10
degree_constr
0.2
