mach
5
job_rate
12
weight
[ 0  1 10  6  7  2  4  8  9  1  4  4  6  2  6  4  2 10 10 10  7  6  6  4
  7  7 10  6  6 10  6  8  6  9  2  3  2  2  4  3  9  7 10  5  3  3  1  2
  1  3  6  5  5  5  7  5  5  5  2 10  4]
proc_time
[[  0  55  69 132 133 110 125 101 133 141 113  85  98 136  71  63 147  93
   61 103 141 133  61 139 135  62  93 100 126 133 149  72 110 100  95 110
  118 147 109 111 136  62  89  55 143 112  67 115  95 125  63 139 111  64
   62 118 129 120 105  99  51]
 [  0 115  96  81  69  82 128  79  52  88 126  94 111 100 115 114 127  52
  149  69  95  90  61  98 117 118 112 124  71  90 111 127  50  81 120  81
   57 119 100  57  82  92  99  50  73  67 130 130 148 128  66  83  70  83
  100  67  78  97 123  60  72]
 [  0 132 141  96  75  51  98 123 142 103 105 109  60  99  60 139 141 118
   92 123 130  71 111 147  62  78  68 125 139 150  95  61  75 113 133  97
   79  73 112  75 126 104 133 135  73  66  96 134 144 146  84  73 120 125
   93 123 148 115  58 105 136]
 [  0 146 106 113 123  97  53  67 135  50 115 146 149  93  64  83  92 108
   59  50  50 114  64 122  58  81 144  75  97 120  54  85 100 134 110  97
   58 150 100  68 145 109  91 123 117  99 137  79 128  79 119  59  52  62
  130 123 119 110 111  57 145]
 [  0  94  55 104 138  76 107 104 128  71 106  94  86 139 143 110  55  50
   58 141  58  85 131  98  80  63  86  68 102 134 126 118  72  55  63 113
   98  80  93  62  53 129  99 111  82 149  58  85  62 146  82 133  68 135
  135 117 148  97 142 137 111]]
setup_time
[[[  0 386  44 116 225 185 313 124 305 292  25 165  98 154 295 223 105
   186 318 297 154 267  31 111 184 282 110  34 178 191 168 195 299 276
   216 244 374  35 395  53 261 359 139 249 336 186  55 388 345 327 397
    35 341 105 320 205 158 268 128 351 323]
  [  0   0 251 226 264 288 228 248 202  53 178 387 229 198 290 238 366
   388  23 234  42 265 152 310 329 166  42  27 351  60 282 139  96 362
   131 162 267 173  46 197 127 269 377 109  40 283 345  80 133   2 230
     4 255 335 131 137  88  75 149 367  56]
  [  0 296   0  54 134 362  63 263 112 255 243 203 302 108 168 243  53
   325 304  50 139 395 383 133 386 271  68  25   5 375 114 108 171 127
   220 350 397 316 260  85  48  25  27 247  62  48 333 174 123 281 300
   180 388  77  85 267 363 296 147 165  26]
  [  0   2 111   0 160  38 250 372 355 372 197 173  33 131 240 236  69
   338 203 149 130  59 270 264 188 106 224  53  45 275  76 187 200  51
   254 209  72  41 314 155 270 237 181  40 277 323 309 193 160 340 331
   247 165 270 186 104 310 343  92 255 145]
  [  0 288 374 145   0 262 371 395 250  14 240  15  85 239 256 264 275
   376 306 385 163 113  75  49 259 241 357  53 177 182  58 238 370 373
   265 323  50 299 183 377 202 172 224 235 290  35 258 179  81  49  68
    36  18 150 164 212 153 184 161 328 272]
  [  0 243 318  40  64   0 212 173 206  56 101  45 176 147  11 383 324
   107 278 245 138   4 270   7 244  83 344  55 345 112  13  86 171  82
   226 145  34 102 295 327  99 322 351 363  42  81 124 129  79  71 398
   179  58 374 373 252 216 200 157  33  15]
  [  0 311 145  18 337 241   0 391 359 230 270  24 118 395 131 108 224
   111 192 314  80 233 387 387 179 104 195 379  44 342 169 304 267 250
   109 315  92 210 307  11 359 142 402 110 199 384 306 365  46  71 278
   307 163  15  26  65 343  70 255 402  80]
  [  0 309 223 307  50  85 294   0 310 288 322  64 203 327 114 165  68
   139  94 271 122  50  14 273 391 173  71  38 155 378 110   4 402  13
   208 299 231 327 274 354  39 176 280  20 301   4 157 205 342 352 113
   332 133 117  91 344 324 113 252 321 204]
  [  0 161 161 370 259 308 178 302   0 156  91  29 366 288  75 141 256
    96  71 216 249 154 357  14 331  37  14  57 239 269  49 294 382 203
   305 105 298 205  15  38 206 199 382  31 192 288 374 164 224 153 188
    84 366 356 203 223  79 249 296 248 341]
  [  0 300 304 206  86  90 198 314 242   0 159 123 200 299 205 350 267
   371 290  77 353 195 160 166 203 256  40 222 286 130 256 274 299 306
   352 267 352  16  89 138 158  96 188 149 248  37 291 220 196  67 390
    21 391  73  81  38  93 118 242 308 347]
  [  0 373 386 161  87 143 224 172 110 358   0 220 204 385 236 318 366
   173 348 272  96 290 356  46 169 102 184 342 252 287 163 280  70 116
   125 212  10  87  66 110 278   0 132 153 351  23 282 363 351 324 138
   344  91  82 266 123 399  76 120  48 255]
  [  0 294 152  88 203 226 122  93  66 125   5   0 295  70 124 203 262
   146  19 351 265 388 386 148 363 232 150   0 182 288  47 402  37 220
     2 337 193 218 229 298 175 368 370 130 178 276 294 160 325 400  84
   347 214 296 247 166 340   2  88 230 159]
  [  0 343 201 393  12 100  18 147 379 199  43  10   0 203  43  97 122
   222 102  32 380  58 273  21 387 205 238 102 342 119 302 211 128  69
    32 217 223  16  41 388 234  74 253 393 160 270  72  65 323 175  21
   261 106  18  55 367 178 280 183  75 252]
  [  0 317   4 252 347 130 267 374  89 263 210 373 296   0 141 377   9
     2  14  63 305 235  59 189 239 117 158 320 191 345 362 198 363 295
   401 102 201  17  38 326   9 137 341 197 293 241  71  96 325  25   2
   161  16 285 287 115 104 388 237 135 261]
  [  0 376 280 242 149  30 178  53  93 283 262 150 358 110   0   5 109
   136  11 374  34 170 313 292 354 208 311 288 371  15 303  18 325 274
   211 213  87   6 139 274 391 378 240 332 232 283 402 176 401  83  94
     4  57 402 363 314 143 342 144 335 310]
  [  0 185 386 217 265 105  16  41 396  89 246 105 153  64  38   0 371
   366 262 253 290 199  63 191  40 346 367  64 323 133 191 267 353   1
   130  23 293 279 211  40 265 180 141 400 258 368 142 106 316 151  29
   304 214 323 255  83  17 116 300 299 347]
  [  0  64 103 143 131 103 144 241 168 354  34 117 228 271  80 110   0
    79   7 363  82 176 265  52 362 312 254 142 249  27 229   1 280 194
   168 144  69 345   8 234   8  56  75  40 292 352 135 321 262 119 282
    34  60 126 217 154 355 292 168 219 354]
  [  0 268 282  28 132 356 314 313  48 336 274 139 111 142  21   0  41
     0  28 127   4  43 174 351  26 199 335 329  60  90 322 305 147 228
    68 280 154 121  11 214 283 346   6  19 135 133 376 150  50  49 184
   202  66 108 255  19  92  79 339  87  99]
  [  0 106 211  42 111 250 162 344 253 186  16   4  62  64 274 149 401
   398   0 148  74 104 229  41 104 372 249   1 148  57  44 101 222 270
   367  31 103   9 392 160 322  16 360 251 234 348 147  70 134  23 232
   232 210 232 324 151  55 244  94 385 283]
  [  0   9 228 320 211  83 288  28 111 170 308 333  97 136  19 113 401
    66  32   0 292 231 275 350 285 274  55 230  89  59 383 201 375 137
   149 277 385 160 116 202  23 176 151 274 362  33 188 323 159 374  55
   284 119  21  72 131 370 230 338 189 329]
  [  0  41 401 176 235 365 176 262  18 298  26 276 288 104 278 318 398
   388 322 199   0 169 315  35 285 171 340 314 175 281 366 102 130 250
   353 264 167 281 370 189  77 318 138 288 171  36 388 371  91 195  57
   138 173 125 204 102 127 384 342 377  29]
  [  0 194 360 190  47 372  70  93 266 316 375 162  31  58 310 268 147
   231   0 401 255   0 151 293 258 179  52 398  85  99 154 293 188  53
   278 210 224 274  61   4  82 130 400 188 257   3 257 145 224 156 362
   186 103 323   2 259 265 300 152 307  98]
  [  0  45 200  82 146 283 297 270 350 160 147  20 333 131 275 166 146
   335 124  49  53  82   0  71  98  48 240 220 128  50 171  75 130 355
   161 321 211 294 237  99 117 328 259 323 303 309  28  11  59 150 188
   268 183 250 239 196  81 181  22 152 240]
  [  0 270 372  44 324 160  73 116 169  55 320  64 402 242 224 159 128
   353 232 304 364 377 150   0 215 250 260 227  44 152   6  23 172 369
   378 234 151 366 401  31 240 383 331  22 340 103 122 348  98  28 348
   286 291 224 141 222  33 390  76  36 266]
  [  0 200 395  42 390 262  28  10 173 298 216   6 372  99 171  89 306
     2 322 143  12 116 251 267   0 318 223  30 161 261 293 227 114 140
    24 224 278 354 401  36  42  56 335 285 202 232  56 134 295 181 363
   265 203  57 111 235 339  59 234  78 292]
  [  0  66 249 331 375 156 392 124 379 384 359  35 389 133  35 273 141
   305 399 310 328 131  89 257 338   0 251 320 286  36  20 189  71 118
   356 100 355 104 207 348  23 120 252 146 172  38 307 125  42   1 286
   299  54 242 122  41  46  78 258 256 172]
  [  0  40  86 189 400 368 319 121 258 273  83 365 249  31 262 128 364
   350 315  69 272 118  93 158 270 284   0 144 269 183 319  43 386  41
   262 371 374  74 320  54 211 250 197 365 236 328 341 298 321 306 325
   133 373 265  95 125 330 340 162 225 236]
  [  0 393 337 250 227 210 144  50  60 330  29 136 100 284 161  80 329
   367 254 353 282 219 311 106 352 393  25   0  95 384 109  43  91 382
   179  93  50 248  11 332  59 113 341  54  26 395   7 130  47 232 250
   314 187 299  87   4 217  83 348  28 217]
  [  0 401 270 268 223   1   0 211  34 399 140 103 300 165 302 346 254
   108 306 189 151 226 160  57 163  26 237  68   0 211  20 342 304 222
   349  61 273 200 251 254 253 105 196 114 363  29  68  91 316   3 207
   128 220 289 268 147 330  25 261 387 191]
  [  0  31  86 161 170 399 390 327 357 120  22 358  36  15 348 201 273
   378  48 289 101 343 196 128  30 275 273 264  16   0   0 328 287  88
   288 355 186   7 365 307   9 399 356 267 126  59  69  28 107 201 105
   352 155  60  64 172 206 395 211 372 208]
  [  0 226   0  31  90 106 201  41 288 331  50 182  15 350   1  78 286
   221 204 380 132 156 179 381  84  37 342  10 326 175   0 100 218   0
   330 287 192 205 332 320 281  30  88  94 161  43 237 366  79 378 343
   338  58  45   7 111 127 294   8 156  45]
  [  0 371 303 186 251  34 143 241 227 152 347 100 120 261 300 346 116
   291 269 145 358 392  75 153  29 142  98  48  39 261 310   0 397 208
   104 363 286 197 399 350 380 158 400 303 278  60  81 239  50   9 231
   256 123 249 212  18 130  54 295 162 235]
  [  0  76  51  35 267 209 268 292  24  12  52  62  42 253 193 208 248
   394 263  11 307  74 390 259 376 224 316 223 361 343 391 269   0 128
   214  42   4  67  62 390 282 132 380 130  89  37 276 150 344 159 332
   107 332  63 257 118 108   6  72 296 202]
  [  0 166  77  53 182 365 199 236 205 339 250 271 377 355 224 231 203
   386 264 122 157 299  34 139 257 164  60 145 265 216 329 375  64   0
   352 387  88 300 184   8 194 400  55  60 246  13 308  18 356 195 232
   283  74 400 115 296 282 298 249 260 255]
  [  0  29 321  36 400 125  73 153 181 176 269 124  10 330 173 277 120
    93 301 274 274 155  63 248 205 138   1 361 315 291 276 281 347  49
     0 285 290 267 292 249 178 325 249  91 105 305 161 399 157 292 376
   350 329 223 201 218 127 231 323 250 352]
  [  0 326  27 137 268 143 154 322 375  10 192  78 251 318  14 394   0
    47 361  43 392 293 284  62 307 180  57  55 137 380 340 284 148  41
   206   0 216 386  44 292 237 359 353 332 104  46 290 236 294 272 332
   171 345 271   1  29 341  72 134 240  63]
  [  0 132 342 159 148 164 368 316 379 310 371  99 161 291 113 228 193
   234 218 222  19  48  97  30 202  31 216  69  34  33 160 273 181 330
   268 347   0 376 157 138 302  28 132  49 198 323 260 145 221 315  96
   385 304 155 181 288  43 246 138  43 202]
  [  0 369 186  70 121 171 350 262  21  88 288 396  13  92 205  54 366
   194 236  62  36 396  39 224 357  14 172  84 262  80 102 363 373 156
   286 153 226   0 228 217 128  40 221 401 281 371 344 296 141 398 132
   371  73 308  89 301 320  91  45  37 133]
  [  0  24  39 385 234  85 284  63  86 190 333 106 273 156  49 323 114
   253 358  25 360 245 211 162 153 285 336 285 260 154 165  94  75 115
    48  30 166 306   0 311 147 251 129 196 371 374  86  94 155 261 160
   265 295   0 375 385 348 218 356  48 177]
  [  0  88 229 117 197 283  40 236 197 281 182 153 153 246 106 209 304
   220  73 313  58   0 397 117 345 148 354  13  20   1 257   7 258 190
   316 111 105 269 365   0 357  89  51  56 145  96 242 148  18  10 365
   303 194 325 374 374 306  29 312 117 313]
  [  0 391   5 314  97 148  52 180 282 388  87  54  12 101 342  86 332
   285 112 239  25 106 175 349 232 329 394 284 251 109   6 270 192  46
   203 401 101 105 194 174   0 195 235 180 261 348 261 239 340 353 173
   158 362  86 107  47 349  69 254 247 186]
  [  0  45 135 191 359 221 101  15 116 222 377  57  36 256 238 304 204
   392 371 174 285 197 385 206 286  94 134 215 188 135  70 381  80 350
    95 235 380 367  57 342 356   0 313 374 395 352 397  77 213 365 268
    44 361 222 269 163 393 118 273 211 160]
  [  0 166 140 260 154 209 353   3  35   8 197 366 361 161  11 190 348
   147 154  48  28 215   7 341 172 185 225 218 388 172 221  61 319 402
    70 257 348 140 160 141 199  51   0  98  21 271 295 217 244  88 353
   347 360  31 366 157 196 372 315 114 131]
  [  0 166 133 287 213 250  86 313 310 212 127 264 215 227 364 361  85
   395 255 155 127 160 235 311 255 317  22 318  57 205  57 282 254 125
   208 270 343 174 119 203 230  20 365   0 287  81 304 245 173 118 242
   252 145 121 180  15 316  58 118 128 197]
  [  0 263 333 338 254 326  38 211  22  19  10  78 110 362 194 127 353
   307 342 159 151 329 241  85 316 390 204 243 117 268 202 165  98 312
   101 151 234  56 261 340 271 353 242  89   0 221 352 382 125 378 228
   280 319 342 303 222 164 209   1 393 193]
  [  0 107 154 203 103 254  20 269  63 397  74 149 344 189 188  27 125
   369 113 247 399  82 390 254   4 303 118 226 223 362 374 342 176 160
   173 296  18 139 265  89 153 396  20 366 342   0 354  99 287 216 310
   364 198 123  69   1  83 223 309 202 301]
  [  0 382 282 374 275  43 192 184 353 113 224 271   3 298 298 254 196
    61 360 239 111 106 309  62 221 161 376 337  85 119  66  84 133  70
   246 189 233  47  71  66 193 353 121 191 248  11   0 299  11 169 352
   365 229   8 391  90 272 179 318 384 329]
  [  0 349   2  81 254  16  17 376 168 342  69 302 190 311 120 278 184
    91 373 382 365 246   1 276 106  13 302 134  95 158 343 193 370 395
   251 188 240 335 314 164 130 291 310 249  17 203 358   0 275 280 143
   176 240 114 286 323 346 103 383 396 144]
  [  0 337 341 158  95 141 247 317  59 256  76 244 117  38 271 191 185
   104 354 260  99 340 350 145 298 140 293 231  65 354 149  57  54 105
   354 300 367 171 300 166 144 324 186 355 390 132 261  12   0 284  76
   193 309  33  26 174   8 188 274 219 277]
  [  0 169 256 389 274   3 200 148 375 186  73 174 254 270 396  47 135
   392 392 196 202 347 276  82  30 265 336 163 280 297  88  83 193 212
   210  26  37 321   6 183 103  27 324 195 180 264  28 257 313   0  21
   401 119 399 143 159  18 288 244 277 247]
  [  0 198 123 137 102 266 191  92 388 325 176 286 113   7  97 344 314
   373 112 116 384  48  31 193 360 199 249  36 364 179 109 100  16  33
    64  72 242 133 158  87  87 154 386 361 383 344  92 108 206 354   0
   268 369  64 318 326  52 131 269 298 396]
  [  0  25 193  48 287 114  21   7   1 373 318 181 220   8 190 176  50
   141 135 307 201 286  96 265 347 253 318 198  78 254  44 286 148 303
   157 329 142 351 120 307 134 102 306 324 153 371 179 139 397 226   6
     0 192 138 228 119 138 149 270  59  46]
  [  0 132 173 284 309 169 156 333 227 362 344  30 158 144 187 243 308
   102  39  74 140  93 363  19  49 149  54 224  18  19 290 338 137   9
   342  98 120  50 208 138 113 252 393 198 402 223  87 193 232  19  67
   268   0 312 143 343 367 130  25   2 398]
  [  0 271 192 308 191  91  20 104  93 205 355 146  92 336  65 123  80
   350  83 229 354 363  62 110 134 319  87 112 215  88 204  88  37  64
   104 241  92 341 336  64 315 314 193  57 109 326  82 210 383 104  11
    88  64   0 302 287  62 263  82 284 359]
  [  0  66 236   3 388 266 351  33 100 314 273 187 397 168 352 397 195
    27 201 365  64 348  89 315 209 280 322 354  22  89 334 217 173 397
    87 283 137  44 260 129 165  32 260   5 170  44  96 336 277  23  90
   253 222 292   0 107  71 153 274  57 161]
  [  0 286  18 260 311 335  98 248 192 228 332  79  44 391 377 153 242
    27  89 268 334 377  46 255 298  90 286 138 354 372 197 308 117 372
    94 252  98 115 208  10  67  51   4   4  82 229 361 394 370 303 325
   341 186 395 244   0  30 241  72 270 195]
  [  0 162  32 366 307 170  58 392 342 176 368  28 264 109  32  76 344
     7  61 331 386 313 302 148 302 162 241 192 330 370 209 209 385  50
   400 222 337 117 277 276  45 358 161  37 255 374 281 159 362  84 129
   127  46 301  31  79   0  80 309 208 266]
  [  0 387 233 112 201 278 114 364 229 351  77 101 316  37 337 239 338
    52 126 204 260 191 256 261  60 345 364 285 234   0 395 260 214 267
    42 111 249 380 338 242 199 228 172 312 283 375 200 226 231 161  86
   399  38 157 217 252 121   0 108 311 401]
  [  0  54  70 247 287 341 316 264 240 372  72 140  90 154 291 261 293
   310 268  32 309 277  74  75 255  94 255 209 336 283 107 220 328 391
   259 119 178 287 269 135 399 323 111 288 170  90 223 330 324 321 214
   171  21 239  64 356 190  77   0 398  80]
  [  0 281 330 276 393 350 124 257 131 177 127 249 345 375   8 125 100
    37 367 250 268 145 351  32  40  37 392 157 384  40 207 224 345 380
   264 250 299 230 265 359  11 195  97  52 247 330 294 224 307 341 402
   213 114 186  79 186 171 382  73   0  16]
  [  0   2 389 323 274 163 153 309 228 206 187  69 265 375  10 152 321
   384 301  36  35 324  10   4  20 389 100  49 136  53 116 306 272 114
   144 165 236  37 210 366 285 131 132 315 376  69 238 364  53 255 314
   190 314 233 138 141 234  93 271  14   0]]

 [[  0 109 230 254 357 290 230 232 282 202 250 249 251 308 355 288 311
   303 299 139 348 207 174 152 168  60 326 226  55 138  78 184  80  93
    24 365 393 327  43 386 276   6 153 207  29 215 365 266 226 251 296
   307 205  77 310  61 171 251 108 121 192]
  [  0   0 116  93 180  99 390 343 225 233 267   7 311 106 337 337  74
   277 307 237 260 223 401 380   0 149 159 106 373 353 227  89 375 238
   160 265 357 184  57  66 317 121 383 294 389  72 331 188 313 222 375
   196 298 297 357 236 203 286 202  60 265]
  [  0 279   0 309  70 266  76 143 343 112  27 147 232 133 197 328  27
   368 170 339 290 133  32 394 263 162 391 214 107 262 119 325 263 402
    88   1  98 284 320 202 126 167 236 132 251 398 350 318 137  42 310
   331 395 399 319 354 149 304 271  23 374]
  [  0  92 133   0 349 295 335 248 313  39 226  55 116 191  43 392 142
   358 237 244  46  95 204 323 323 365 312 146  46 192  70 130  41  72
   219 246 117 258   5  26 318 306 178 264 281 118 187  83 155 183 166
   276 292 204 199  60 141  66 313 213 329]
  [  0  38 125 352   0 354 188  93 285 250 363 356 230 170 107  45  81
   105  88 129 398 278 292 186  14  11 113  59 147 203  61 162 176 220
   106 117 346  96  43 143 281 362 386  68 154 230 146  98  62  65 255
    84 134 304 362 255 243 285 232  13 367]
  [  0 110 269 274 292   0 175  29 112 376 237  45 290 108  32 221 254
   244 130 353 197 151 150  93 281 279  70  74  88 339 217 268 134 374
   266 243 138 163  45  97 252 203  81 215 319 334 319  67  13 354  28
    65 133 172 180 239 342 292 168 326  70]
  [  0  89 269 349 245 291   0 230 301  54 121 367  98 111 286 316 367
   207  17 308  59 147 222 326 368 265 292   4 363  44 121  95 134 313
   244 225 311 155 172  63 288 248 303 352 265 238  73 212 328  30 178
   397 194  29  56  24  21 390  51 398  79]
  [  0  73 200 346  94 378 339   0 330 212 250  77 375  23 133  72 154
   336 212 317  43 215 142 212 359  12 383  15 199  78 210 394  83 224
   322 331 309 382 268  81 102 167 145 239 180 117   8 276 272 121 149
    54 344 212  66 102 223 166  66 217 189]
  [  0 374 302 392  58 239  42 235   0 339 328 260   4 278 140 110 218
   317  82  83   9 227  31  11  98 174 113 259 282  68  90 259 299 332
   196 230 339  53 246  16 402  29 275 306 191  27  95  79 348 329 281
   356 143 235 344  12 179 144 117 106 348]
  [  0  75 369 102  33 380 152 274 284   0 138 353  36  16 289 328  72
   305 272 290 391 119 138  50 164 268 126 266 117 154 273 163 165 264
    45 178 190 389  64 280 343 276 296 108  62 192 207  28 143 308  76
   239 190 394 342 255 292 194 311  89 236]
  [  0 108 301 104 154  59 278 162 113 359   0 290 199 172  32 223 207
    98 305 298  66 307 398 159 330 228 112 205   3 293 201 182 140 220
   372 244 221 343 101 283  69 179 272 351 182  86 381 116 229  12 199
   332 349 336  79 307 278 232  40 132  65]
  [  0  94 389 287 353   0 107 365 336 224  27   0 395  95  76 126 130
   392 255 300 381 249 122 105 115 274 366 221  19 223  77  79 216 248
   286 387 344 121 400 270 184  89 185  89 269 353 129 269 213 224   7
   105 103 231 270  88 239 392 138 109 375]
  [  0  38  30 203 338  58 164 215  93  81 387 190   0  67 358 209 257
   337 211 364  39  51 164  43 343 377 156 232  65  31 324 348   1 100
   313 154 257  32  99  88 278   9 312 365 147 205 183 187 288  30 191
    52 171 242 263 382  28 311 225 213 343]
  [  0 286 135 179 165 356 130 198 114  17  79  82 318   0  46 100  52
   151 314 105 169 370 400 392 204 161 335 253 170 396 344  68 380 348
    86  41  85 395 249 363 190  48 321 177   3 191  91 299 270   9 195
    39 133 177 140 322 316 102 273   8 169]
  [  0 289  67 172  98 388 173 376 280 356 210 298  23 375   0 143 397
   304 125  27 386 311 380 140 237 229 258 148 225 295  65 164 177  71
   240 395 386  37 347 169 275 225 308 393 254 103 104 282 263 283  97
   222 292 303 359 233 186 181 186  21 292]
  [  0 106 118  77  12 289 361 334 133 233  33 250  34 351 184   0 393
   136 285 361 181 167 230 290 341  88  25 176 201 125 349  60 326 130
   237  87 151 238 114 111 345 303 302 308  52 122 360 139 305 124 301
   232 120  87  47 294  17  61 384 154  91]
  [  0 151  30 260  94 173 363  40 177 279 131  18 223  83 106 247   0
   284 353  56  22  31 230  35  76 191 159   1 254 188 260  11 377 161
   151 139 155 189 371 224 329  81  50 175 253 174   6 289 215 185  63
   341 114  67 144   9 107 369  53 176 212]
  [  0  82 289 221 399 159 262  44 220  10 129 102 150 390 323 172 357
     0 265 150 364 284 390 197 186 103  88  62 275 242 226 317 243 226
   197 127 145  14  51 159 324 253 308 387 145 324  30 147 121 279 147
    16 373 305 339 318 211 219 385 313 274]
  [  0   6 211 293  41 224 393 400 301 171 228 150 319 175  84 279 233
   181   0 390 270 167 342 158  78  27 262 370 391  31  34  78 264   1
   291 245 214  60 208 196 236 167 148  57 322 129  96 288 284 355 202
   173 376 229 133  25  86 111 346  73 224]
  [  0  49  90  57  55 396  16 191  69 279 310 253 212 361 289  62 376
    99  18   0  26 322 374 126 264 173  12 357 271 235 168 239 322 185
   209 246 365 370  98 259 342 150 270 359 328 321 254  46 215 315  37
   185 117 188  69 384 285 244 213 363 223]
  [  0  59 186 177 351 249 272 107 269 154 349 386 290  34  74 351 292
   292 194 279   0 146 273 237 196 117 345 357 370 301 212 121 306 142
   276 146 157 230 243 191  25 184 388 322  72 232 342  78 316  97 199
   344 167 251 260 303 188 279  95 378 366]
  [  0   4 137 355 379 331  21 361 327  33 203 390  76  14 307 307  14
   382 255 243 309   0  86 316  30 387 193 250 230  39 251  40 183 296
   362 122 189  69 317 144 312  59 115 239 282  38 180 176 196 288 363
   338 178 181 102 211  79 216 171 230 124]
  [  0  35  78 213 306 310 149 239 318 309 148 361   2  80 384 206 213
   360  15 293 235  62   0 119  50 278 334 390  94 177 221 135  74 249
    90 288  63 241  79 321 267  15 264 214 247 319 182 108 370 325 126
   229 225  82   1 174 344 265  22  45  44]
  [  0 304  96 283 278 159 344 299 355  18 317 198 355 188 316  10 160
   339 319 111  39 189 138   0 283   7 367 380  49 394 355 309   3 290
   113 245 271 214 393 248 270 314 170  77  39 243  14  29 249 103 206
   313 147 367 135  69 198 402 312 327 251]
  [  0  26 345 118 374 145 101  62  74 136 124 211 229 131 125 240 129
   340 312  64 244 355 130 230   0  45 155  37 272 141 306 124  53 154
   271 224 107 197 235  19  81  95 400 170 321 396 201 256 181 103 197
   224 295 191 186 223 278 207 266 242 180]
  [  0  93 277 155 258  71  89 180 383  26 156 382 400 285   1 226 218
    64 312  32 399 261  36 221 278   0   0 348 317 389 317 194 109 275
   343 144 169 334 391 157  61 158 269 191 275 361 351 156  75 233 240
   277 399 187  16 265  50 179 249 188 207]
  [  0 109 229 182  96 350 273  32 275 171  77 103 176 222  32 362 195
   370  99 247 284 171  89 386 345  87   0   1 259 329 198 332 243 296
    21   1  50 116 175 233 266 384 299 158 328  82  68 300 232 154 239
     0 315  93 171 116  95  50   3  86 134]
  [  0 353 234 104 107 344 261 303 201 390 342  85  78 258 369  63 149
   125  68 106  77 163 305 270 389 187 314   0 225 160  11  79 269  62
   245 208  38 271 181 177 380 169 303  19 243  53 289 302 353  11 340
   227 162 392 157  61 379  95 146 275  57]
  [  0 232 100 141 244  19  79 138 123  94  39 395 400 305 108  93 153
    37 298 261 395 168 166 305 246 265 253 129   0 350 293 365  83 125
   111 189 125   8 166 113  74 226 261  44 312  19 310 242  30 211 398
   310 357 234 314 108 139 327 228  36 230]
  [  0 100 228 251 332 165 401  99 366 138 289 186  65 190 191 287  83
   172 338  50 221 349  52 190 397 316 135  23  83   0 212  82  25 362
   266  29 320 334 271 127  58 271 284  49 107  95 215 175 317 388 145
   149  28  81 190 327 323 148 175   9  96]
  [  0 138 349 277 328 177  51 320 114 112 125 225 198 347  61  80  69
   208 341 146 316 270 133 133 356 346 179 247 320 379   0 253  76 331
    65 385 384 214 226  44 377   3 377 241 311  46 377 189 318  13  30
   268 188  12 160  47 370 335 309 140  96]
  [  0 225  65 380 120 228 379   3 148 124  39  55 224 140 121 175 148
   136 285 146 241 320 282 219  44 197  49 349  37 140 165   0  47 309
   363 347 363  45  66 371 299  48 258 105  12 158 217  45 376 339  30
    72 284 159 259   3  77 265 327 398 330]
  [  0 133 319 281 268 366  71 298 188  12 297 335 307 237 387 258 253
   101  23 241 268 254 198 296 388 304   0  15 317 147  56  87   0  77
   259 297 299 309  70  41 333 235 341  37 370 194  36 239 298 205 237
   161  63 255 343 200 244 247 290 214 265]
  [  0 317 211 109 267 281  78 108  13   4 334 251 152  13  54 103  72
    28 327 336 175 261  10  79 174 297 184 299 246  72 204 161 280   0
   299 217 319 229 392 106 386 196 401 267 154  20 343 298 213 374 315
   131 368  59  32  26 277 255 150  45 143]
  [  0 200 249 261 115  27 260 133 124 215 394 278  63 358 160  71  20
    85 280 172 374 114 104  79 103  46 103 332  44 291 139 308 180 249
     0 138  20 196 142 129  83  73 163  82  88  36  57 165 248 301 138
   229 166  50 302 105 275 387 237 156 251]
  [  0 376 270  73 181 282 266 277 281  85 371 194 221 149  88 160  80
   317  94 345 145 194 209 106 172 206 181 264  49   9 335 402 313 268
   216   0  62 242  80 117 344 141 108 315 325 137 144 296 323 158 134
   287 369 243 296 158 389 152 357 310 366]
  [  0 181 375  48 148  48 320 109 274 154 241  25 247 303 389 306  93
    61   5 136  87  51 274  79 161 319 204 372  29 375 106 130 217  83
   104   2   0 189 375 266 181  75 219  18 131  40  17  72 138 323 194
   334  25  73 352 214 227 277 383 122 129]
  [  0 125  56 207 336  23 402 295 245 228  22 378 228 259 335  24 219
   249 155 210 161 192 104 294  66   7  73 252   1 336 134 112 127 213
   151  35 220   0 105 184  35 113 371   6 383  60 234 379 231 364 343
   333 268 342  50 121 375 328 342 238 183]
  [  0 361 268 383  84  46 137 357 278 201 144  49 299 250 202 188 204
   366 157 383 325 205 357 296 213 202 398  79  23 208 392 308 342 159
   280 136 391  50   0 139 217 353 291  48 159  42 180 387 224 242 122
   395 239  61 171 246 372 297 173  80  94]
  [  0 106 368 147 395 223  58 229 189  71 387 290 193 107 199 305 248
    58 160 262 110 114 126 121 303 327 351 274  83 139 393 307  96 114
   338 306 274 263  49   0 290 296  39 176 274 233 381 365 138 342 320
    24 387 103 306 227 158 140 108 197 101]
  [  0  75 203  32 112 159 337 350 317  36 224 172  92 338 201 335 276
   305 320 378 317 142 187 187 161 226 147  27 160  99 158 120  97 230
   191  71 402   1 326 343   0  69 179 242 289 148 147 368  79 349 372
   114 346 222  93 122  34  75 240 171  28]
  [  0 369 254 202 182 361 324 244   7 363  11 158 385 392 300 139 161
   251 347   4 370  15 317 369  31  59 276 402 353   9 275 113  77   4
   379 143  79 283 121 375 245   0  27  83 375 237 231 168 257 103  76
   383 261   6 282 254  84 226 125  62 357]
  [  0 339  13 125 307  31 297 235 357 162  67 359 211 131 207  89 114
   257 232 268  91   9 274 119 249 306 191 346 288 311 326  86 362 187
   363 288 364 294 204 211 355 340   0 272 180  44 234 151 161  92 306
   351 243 190 273  28 238 157 166 384  59]
  [  0 312 149  57 188 310   9 265  72   9 306 380  97 236 209 126 151
   290 218 347 137 131 240 383 212 200 212 353 294 288  27  78 231  50
   290 102 203 254 116 310 210  12 143   0 372 288  30 347 117 369 283
   312 277 233 396 206 351 159 248 368 310]
  [  0 286 255 181 184 296 339 381 289  48 371 254  38 351 292 345 145
   166 344  22 400  89 282 373 143 107 148 198 117  18 135  26 341 128
   111 319 390  95  89 129  76 397 160  49   0 378  79  31 329  33 354
   116 148 168 319 127 130 136 103 138 246]
  [  0 306 158 273 288 143 233 384 360 142  91 387 395 371 358   0 256
    33 194 391 357  85 123 323 100 118 391 127 379 108   0 356 332 372
   239  55 388 280   7 291 365 394 275 116 339   0 344  55  80 392  71
   199  87 377 306 281 148 214  25 334 265]
  [  0 184 331  43 176 199 127 227 290 141  62 141  26  42 192 207  79
   176 191 249 175 312 212 187 320 109 128 276 262 274 152 211   8 358
   174 364 242 316 236  68 302 300 140 381 171 163   0 335 193  87 205
    92 216 158 174 298  15 306 178  80 198]
  [  0 204 240 340  17 337 292 240 262 210  85 125 257 155  55  89  41
   341 233 292  85  54 394  89 108 295 323 179  61 176 280 398 270  12
   198  43  45   3 326 136 287   4 112  29 327 213 219   0  49 287 300
   365 305 372  46 192 335 156 276  24 359]
  [  0  68 386 296 314 111 158  97 350 313  45 193 221 303 308  82 211
   110 265 268 246 350 221   1   9 175 392 396 167 139 166 377   7  28
   124 356 375 349 196  40 132  81 218 266 188  42 307 228   0 118 398
   127 232 377 345  34 342 384  52 384  78]
  [  0 243 217  28 223  72  58  96 283  70  48  33 361 204  88 131 294
   370 131 206 306  47 204 155 254 257 162  23  63  73 186 203 238 175
   270  44 325 224  82 113 237 187  52 202  72  62 130  87  10   0 398
   381 264 187 218  67 331 254  44  59 300]
  [  0 293 269 395 383  24 282  38 284 217 304  82  21  45 207 108 286
   271 326 285 393  94 327  43 119  49 280 161 377 181 273 141 265 300
   386  74  28 259 281 128 322 395 284 115  25 185 390   3 151  21   0
   313 358 333 176 301 252  83 339 150  99]
  [  0 382  23 137 219 357   2 178 145 322 249 185 375  17 103 394 228
   227 394 239 203 304   2 378 328  50 177 362 261 398 241 151  89  83
   231 134 384  12 387 109 176 262 370 302 328 199 301 196 173 397 319
     0 260  82 377  24  33 176 371 331 198]
  [  0 349 184 180  31  76 247 399  28  97 389 251 280 120 360 101 274
   130  28  43  11 352 209 150 187 205 173 147 131  81  81 208 141 351
   350  62 347 303 365  29 177  53 278 164 292 378 147 393  40 246 256
   317   0  71  66 161  60 250  17 195 276]
  [  0 113 168 296  23 380 240  92 210 152  11  58  77 361 358 390 110
   150 197 341 140  83  29 164 255 194 186  43  51 186  94 210 344 388
     1 337 211 185  81  41 206 222 315  36 291 397 353 393 130  54  55
   352 104   0  88 214 308 298 283 237 261]
  [  0 380 318 369  13  60 137  17 235 250 279  59 148 277 288 174 375
   317 259   4 396  61 224 161 383 349 222 136 208 238 193 249  50  20
   389  47 192  81 402 145 336 310 178  93 379 188 114 242 366 382  27
   268 330 294   0  87 130 385  43 377 151]
  [  0 389   2 340 213 149 203 388 370 302 363 379  53 326 104 253 217
   271 283  75 253 138 220 245 193  58 398 213 208 277 143 246  59  16
   262 116 111  89  97 353 364  40   7 166  25 208 283  87 264  42 234
   326 384 314 192   0 250 283  70 285 361]
  [  0 326 104 287 402  54 102 323 249 372 156 371  79  32 113 135 322
   143 189 102 199 256  67  60  98 153 324  41 126 284 149  19 279  78
   289 147  55 143 334 157 279 370 126 177  46 207  13  33 351 374 316
   167 258  95 266  34   0  35 399 261  53]
  [  0 299 145  64 147  39   7 250 281 230 300 210 201 132 386 252 379
   171 283 230  66 251 221 141 206 293 225  52 393 152 400  21 249 346
   223  86  19 205  93 329 279 152 291 343 368  22  80   4 122 225  60
    99 282 277   3   2 332   0 352 303 249]
  [  0 238 304 169  52 382 363 293  33 143 138 110 236 233 160 226  25
   375  22  43 102  73 133 370 165 268  98 165 209  49  76 330 209 157
   306  89 211   5 121 118 175  10 314 392 371 113  34  51 132 242 384
     1 367 301 386  17 208 180   0  18 192]
  [  0 290 173 160  45 333 215 157 288 214 293  27 280 140 174 110 402
   157 166 279 219 217 298  76 185 365  43 373 206 125 355  47 270 117
    19 393   5 359 276 126  96  75 348  76 357 136 197 176  30  62 286
   186  35 332 181 397 217 379  96   0 271]
  [  0 136  15 376 296 221 355 117  23  88  52 130 272 156 144 300  96
   332  87 250 370 169 203  57  71   2 174 150 147 303 283  17  10  41
   160 281 274 284 231 185 182 191  72 129 213 196 153  30 301 103 224
   236 337 206 283 261 229 373  68 171   0]]

 [[  0 341 315 387 341 194 315 148   2 192  41 143   6 347 275 266  96
   397 129 332 168 204 248 141 334 121 143 152 232 219 231 340 302  41
   394 326  97  78 157 180 402 127 187 208   6 150 126 330  15 149 198
   157 373 309 243 271  95  94 312  59 191]
  [  0   0 336 261 136 194 302 233  78 242 128 117 185 362 324 347 266
   179 270 209 354 381 288  59 190 212 237 332 163  77  19 355 257 110
    55 237  70  63  46 174 345 366 148 365 106  69 115 175 370 156 213
   385  35 351 116 330  71  75 242 185 373]
  [  0  10   0  48  17 251 402 304 379 155 370 361  28 309 293  10 276
   324 142  41 376 104 267  23 196 335 245 345  49 398  27  10 361 247
   121  53 191 285 346 274 249 126 297  41  67 401 376  21 274 336 289
   225 119 261 295 335  31 105 247  32 306]
  [  0 340 170   0  12 288  48 251 362 139  26 340 116  56 345 226  84
    84 277 225 143 182 218 278 162  19 324  16 177 355 133  70 132 243
   114 182 387 401 239 335 217 179 401 277 136 122 251   9  99 262 315
   118 286 267 368  69 138 134  24 258 319]
  [  0  75 343 176   0 172 300 179  60  83 283 378  21 157 329 214 138
   355 349 322 140 250  23 187 156 379  79  94 121 241 106  26 393 102
     4 221 275 292 353 181 363  83 255  21 170 391 328 170 314 363  60
   133 134 149 247 146  72 399 373 218 188]
  [  0 145 106 227 233   0  91 384 360 393 325 246 193 137 336  96 276
   329 194 131  96 157 331   8 329 149 312 143 338 287   9 117  98 165
    40 307 137 346 342 386 324 400 370 259  25  81 183 156  27 171 355
   331 281   7 100 112 370 337 360 218 322]
  [  0 201 307   5  63 302   0 129 335 200 147 289 265  71  34  65 157
     9 303 190 184  44  42 255  93 355  65 244 229 293 204 237 324 101
   210 258  79 230 367 195 339 112  97   8 182 180  99 118   9  49  18
   320 310 163 250  88 250 181   3 122  70]
  [  0 334 277 374  80   6  23   0 389 101  82 276 280 276 281 204  47
    72 209  38 363 297 336   6  12 346 146 275  12 364 261  98 143 133
    14 169 226 294 361 325  22  20 275  47 305 152 131 389 136 261 193
    11  88 400 192 148 389  34  39 296 156]
  [  0 364 310 251 103 158  74 301   0 136  55 312 158 275 303 170  32
   137 214 317 141 116 104  34 311 302 229 373 291 267 320 376 129 201
   133 239 236  98 218 165 302 232 101 225  26 328 222 265 121  60 259
    50 225   9 135  25 162 160 348  50  69]
  [  0 251 319 255 163 386  47 369  45   0  35 352  25 384 187 208  50
   362 245  29  31 312 141  30 193 308  69 233 362 274 316   7 221 240
   324  63  89  13  92 212 147 251 358  19 146 328 218  59 282 315  50
   169 392  80 206  64 301 361 336 132 401]
  [  0 338 393  81 392 396 395 366  83 193   0  35  16 293  51  99  92
    60 226 355 227 316 193  68  78 281   4 370 382  15 337 129 249  44
   181 346 212 325  13 161 116 337 250 106  93 182  67 106   9 224 235
   278  16   6 139 372 198   8 170   6 163]
  [  0  89 317 103 222 155 378 388 343 205 384   0 380 158 209 242 234
    17 159 201 176 298 320  86 181 357  65  25  16 230 212 394 292 325
   221 203 303 163 326 245 196 104 132 150 343 382 112 101 181 323 147
    34  33  92 142  39 263 165  51 154 297]
  [  0  11 127 192 113  17 280 123  60   4 141 336   0  52 292  30 343
   355 290 296   8  10   1  18 239 350 395 164  42 186 243 121 198 322
   166  66 231 199 347  23  20 249 216 228 286 296 330 142 277 312 146
   374 185  89 117 205 400 176  97 244 355]
  [  0  63 331  76 223 158 208 309 180 348 304 285 399   0  21 126 201
   216 118 238 264  92 104 139  34 348 250 256 393 377 355 390 164 223
   350 364 317  46 321  30 240 186 388 323 275 116 316 131   0 147 389
    92 279  12 212 226  43  57   3 337 154]
  [  0  52  90 283  14 144 190 154 388 251  25  59 145 330   0  52 262
   237 227  94 247 189 336 314  66 376 203 345 397 280 339 234 151 320
   146 128 279 327   9  33 368 225 179 262 329 320 337 170 400 242 115
   213 230 371 320  22  29 233 236 279 124]
  [  0 159  81 222 196 266 367 189  35 125 245 205 228  16 385   0 360
    46 337 124 339 190 182  96  90  47 229 402 111 319 255 212 196 401
   187 191 396  19  24 382 354  86 164  89 244 338 139  13 381 222 359
   371 389 370 249 400 292 261  63 388 317]
  [  0  40 282  31 341  48 371 275 151 179  74  10  18 374 166 154   0
    24 107 130 224 281 240  88  57  73 152 252  11 166 259 214  67 328
    89 241 130 387  82 131 302 402 401 328 304 400 158  52  99 141 283
   393 389 176 225 345 173 136 194  77 388]
  [  0 269 290 138 265 348 235 306 361  89 162  77 383  54   9 110 367
     0 139 355 375  64 143  85 131  53 147 363 382  53 172  50 396 285
    98 186 269 149  75 342  90 211  20  56 153 207 363 384 198  23 361
    21  15 198 202 328 172 183  60 320 305]
  [  0 183  94 369  81 114  32  90 395 402  21   9 213 351  86 279  79
    99   0 392  38  97 325  30  30 184  18  63  45 389 191 269 139  21
   378 284 205 285 342 389 330 337  62 240 192 223  59 121  22  54 325
   258 166  97  32 238 299 233 326  10 212]
  [  0  37 301  92   8 395 190 362 363  94 221  66 379 221 247 329 364
    47 116   0   0 180 126 132 372  25 308 125 219 305  82 321 117 321
   380 247 101  40 118  80  19 294  51 125 377  45 101 198 143 204 376
   384 252 366 115 363  35  26 235 402 372]
  [  0 195 129  15 132  49 112 190 280 251 400  33 112 104 128 245  85
   230 256  38   0 224  56 215  76 393 218   1 365 130 341  98 222 386
    67 276  10 344 204 400 123 143  82 286 240   3 179 154 242  93  35
   163 309 336 219 170 123  60 300  36 320]
  [  0 357 112 285  71 183 291 100 266 344 344 326 217 249 296 260 282
    27 223 327  59   0 133  49 213 287  71 376 309 359  92  27 230  32
   126  62 181 268 202 184  38  83  28  24  70 210  10  46 186 361 104
   315 255  28 301  85 358  80 208 196 323]
  [  0 297 101 183 396 391 399  34 115 206  57 279 234 354 286 152  65
    31  93 258 247  32   0 127 287 180  64 176 236 154  32 242 359 150
   143 354 169 324  80  19 385 294  87  46 387  96 300 154 112 281 371
   199 239 341 136 184 127 338 303 262 220]
  [  0 280 139 157  57 224 293 159 159 341 366 301  31 119 292 239 144
   362 370 220 202 284  87   0 197  52 301 174 177 308 314 165  11 232
    15  52 251 228 194 177  48 124 177 285 232  75 119 206 199 109 129
   193 216  27 190  26 150 185   7 362 108]
  [  0  94 329  91 295 135 229 378 239 388 253 294 386 308 230 327 158
   159 340 361 157 378 190 219   0  91 152 231 165 368 128 205 200 206
   202 181 310 212 240  55 241  56  79 219 202 266 386 111 245  94 243
    63 197  93  79 164  99 344  66  21 232]
  [  0 201 364 250 177 296  59 281 348 196 360 370 110 232  91  39 361
   326 244 254 274 343 233 118 188   0 335  45  82 109  20   0 270 165
   164 237 187 370 289 382 324   3 330 335 240 396  74  17 209 227 176
   148 207  84  23 392 160 210 137  62 241]
  [  0 231 341  38  21   7 108 342  28 183 163 273 135 358 323 367 300
   392  28  52 391 213 186 372 251  26   0 312 263 380 320  99 191 258
    62 298 345 109 380 136 318 107  16 353 282 121 331   7 107  96  34
   308 218 125  78 137 402 372 382  42 154]
  [  0 395 352 270 329 374 129  64   7  61 195  84 211  59 127  59 383
    76 330  68 251  62 143 123 392 140  14   0 236 113 352 304   1 232
   245 181 250 323 174 145 286  11 178 295 283 336 141 112 251 133 143
   235 354 231 284  29 135 288 214  99 227]
  [  0 115 147 110 219 280 268 395 334 362 267 402  22 114 124 109   7
    55 260  11 273 127  19  14 273 343 184 191   0 245 243 113 268 206
   348 391 172  50 226 339 355  13 274 230  17  93 316 153  92 190 350
   134 179 101 228  86  25 339 206  68 385]
  [  0   2 148  19   7  63  42  29 345  54 266 282  71  87 129 186  16
    12 233 401 107 327  68 309  41 343 253 308 398   0 210 337 148 115
   364 292 278 137 333  71  45 316 138 260 160 297 204  20 180  16 267
   104  64 363 141 164 268 120 185 399 165]
  [  0 266 341 130 143 397 309 336 255 376 285  18 119  44 321 362 154
   135 123 397 368 309 264  13  42  98  42  68 217 175   0 372  20 225
   118 386 285 213  24 254 106  41 282 155 168 193 298  48  55 106 270
    87 182 271 242 232 109  88 380  20 116]
  [  0  96 280  18 246 263 140 262 309 397 117 325 192  60 215 163 155
   167 333 330 154 289  83 322  48 218 373 218 377 178 183   0 238 385
   123 319  25   9  26 377 264  64 142 260  78 370 183 129  89  63 121
   261  43 255 338  26 162 151 327 120 200]
  [  0 344 285 202 177  28  43 336 225 214  71 377  26 227 217 234 256
   145 265 302 236 330 167 158 371 336  13 190 301 242 336 224   0 148
    45 389 396  50 117 280 137  87 130 104 331 111 247 203 233 306  24
   246 151 347 281 147 174 315 301 399  37]
  [  0 344 160 352  33 275 321 315  90  50 278 326 117 128 356 322 391
   320 124 145 116 121 280  18  50 372 311 396 287  85 257 199 258   0
   193 312 226 308 102 389 126 358  35 114 218 312 255 125 210 261 180
   325 321 349 178 189  27 272 340 161 126]
  [  0 392 119 360 248 270 260 220  35  17 345  78 251 229 363 181  21
   227 220 193 327  47 228 299  52  48 186  26 367 376 157  87  59 136
     0 192  92 278 273  77 307 130 120 146  67  10 352 345 265 194   4
    75 176  24 120  18  68  57 135 219 143]
  [  0 132 269  56 208 155 213 125   5 119 184 344 105 281 234 244 143
    46   8  46 126 182 388  18 144 231 357 301 258  22 224  82 400  54
   138   0 260 145 221  39 155 118 283 274 348 158 348 186  50 135 115
    23 169 391 350 250 398 230 294  18 168]
  [  0  95 165 123 391  86  37 369 395  48 213 148 214 366 172 111  87
   372 397 120 176 248 119 163 318 196 251 173 102 122 267  27 376 321
    78 189   0 275  45 121  64  22 287 207 188 151  20 261 271 273 148
    77 200 252 224 371 282 250  37 161 276]
  [  0  57  96 279 128 107 250 382  40 402 169 132 307 166  44 401 162
   313 171 218  12 399 131 316 130 159 286 182  68   2 344 234 108 130
   349  53   7   0 201  59 309 231  52 278 280  58 290 215 349   6 123
   391 117 393 364  47  14  24 244 240 229]
  [  0 393 181  76 358 351 261 325 359 102 177 104 258  66 391 180 337
    23 269 173 296 357 246 165 150 141 395  39 211 349  82 185 260 264
   140  96  21 202   0 401 328  44 250 234 391 242 183 315 275  31 334
   182  92 232 234 275 289 205 139  73 297]
  [  0  28 296  63 164 221 351 280 214 373 133 360 349  36  88 223  22
   301 189 263  76 364 128 174 361 316 244  84 128 116 270 387 308  52
   112 179   1 337 320   0 188 308 277 169 137 101 297   7  19 180 203
   218 217 168 195 148 400 265 399 277 165]
  [  0  85 207  39 123 194   5 372 362 124 297  34 153 140 112  72 169
   231 243 182 168 181 127  48 115 190   5 273 351 373  51 160 147  51
   137 108 337 285  77 299   0 226 357  36 396 362  95  97 135 121 254
   205 264 270 400 351 239 219 123 295 209]
  [  0 332 208 221  86 314 208  34 359 210 149 154  64 121  87 139 253
   145  76  98  57  51 333 142 314 233 114 377 338 226  79 151 229 214
   231 313  73 367 353 115  99   0 211  86  78 308  91 195 268 272 153
   296  45 133 240  49 315 362  63  21 101]
  [  0 294 232 343  65 275 261 116 281 193 120  28  29  36 162  89 272
    53  40 359 390  80 169 255 347 285 141 354 268 239 164 328 377 340
   329  12 267 290 210  26 381   2   0 165 219 152 231 188  93 130 226
   256 176 166 139 366 142 224   4 244 394]
  [  0 122 219 351 392 385  58 364  60 383 191 246 378  20 261 358 358
    32 104   4 147   2  12  66 384 254  35  87 132 152 293 313 148  76
   204 201  33 182 160 164 277 194 292   0 367 266 390  93 243  55 392
   382 262 365 319 225 202  99 268 342 312]
  [  0 286 132 338  38 141 247 240   2  30 193 199 188 206 294 327 287
   225 390 247 195 153 238  28 217 227 383 319 322  71  75 331 166 318
   308 248 223 337 329 120 223 164 251 106   0 182  34 361 351 142 348
   337  68 285 344 400 326 247 165 313 226]
  [  0 289  13 146 200  55 365 381 312   5 160  45 210 107 315 359 300
    18  67 283  49 231  10 286  47  53 232  31 148 275 342 341  32   4
   272 117  47 294 386  90 262 276  85 333 275   0 251 141 182 281  56
   358  65 149 130 326  60 298 354 345 261]
  [  0 115 272 177 164  89 144  90  63 401 320 214 283 310  69  75 180
   259  97 206 330 220 367 139 306 331 192 394 265  97   7 127 220 299
    90 320  92 347 389 248 304 175   2 170 201  93   0 296 254   8  92
   379 152 100 401 357 342 391 248 252 234]
  [  0 402  55  72 361 378 156 201  19 264 206 269 141 326  21  17 361
    77 176 307 223 274 307 225 326 202 238  76 335 200  67 202 113  91
   336 288 378 290 157 223 275 241 148 304 267 182 185   0 333 201 212
   398 203 198 263 312 100 180 231 249 189]
  [  0 278 154 308 220 241 249 165  64 317 287 329 175 383 332 308 107
    52 334 284 330 307  47 343 183 198 241  35 344 345  40 306 387 342
   361 115  17  40 182 290 132  64  31 398  67 215  81 323   0 179 281
   271 235 207  60 155 227  91  80  47   7]
  [  0 319 221 286  53 347 308 361 139 263 358 275 233 324 243 210 335
   302 194  22 325  62 400 376 141 328 106 385 218  89 338 185   9 241
   369 106 183 309 269 315 291 171   0  28 201 234  81  17 125   0 265
   364 159 335 135 131  88 205  22 288 124]
  [  0 227 344 144 202 336 234 291 158 399  98 193 101   8 149 128 271
   106  73 354 402  43 266 227 104 270 227 103  78 202 388  19 134 150
   281 265 356 357 278 265 358  61 382 303 232 191 162 192  80 105   0
    41 335 280 193 272 152 130 285 296 217]
  [  0 252  19 179  88 251 270  91 270  50 283 209 129 239 360 130 315
    80  25   8 204 228 160 141 146 288 125  48   6 283 115 261 379 390
   155 318  62 250 296 190 291 186 334 327 250  33 118 247 218 226 370
     0 289 293  23 299 106 184 377 318 131]
  [  0  90  92  60  52  85 152 126  53 121  24  45 191 104 164 141  53
   202 129 112 248 269   4 364 360 337 377 174  45 300 280 384 127 158
   153 162 224 373 295 258  45  18 291 383 122 394  93 363 244 216 400
   269   0 127 251 346 364  27  73  85 281]
  [  0 186 194  96  71 200 173 317 158 101 262 367 309 245 203 212  78
   338 385 102 402 387 224  34 341  55 213  83   5 147 299 257 179  30
    19  94 295 360 195 118 206 264 256 180 215 114  39 344 122  92 242
   198 148   0 335 400 400 372  20 296 198]
  [  0 311 266 169  13  23 201  11 352 222  65 387 401 245 268  52  97
   228  64  16  96 256 208  89 122   6 334 128  79  83 259 104 260  33
   194 372  57  46 101 196 199 269 122 382 301   3 331 348 393 261  90
     9  17 348   0 180 182  15 204 392 219]
  [  0 150  94 272 283 347 142 226 306   1  28  27  20 119 368 287 267
   164 101 314 341 305 131   8   8 303 101 157 161  83  69 294  87 299
   234 340  94  34 213  34 356 166 316 234  72 182 189 243 319 136 134
    18  15 210  89   0  30 182 296 307 269]
  [  0 290 269 107 278   9  43  28 339 113   5 374 181 262 128 356 112
   237 113 214 243 394 389 323  36 234 227 339 244 201  35 100 360  63
   290  30 393 199 103 112 322 214  90  97 227  99  54 394 286 154 382
   265 252 219  40 328   0 391 140  61 372]
  [  0  60 296  79 129 303 310  75 130 165  80 252 181 143  93  18 287
   195 177 185 237 202  50 282  67  67 337   5 321 312 190 102  87 333
   261  75 276 121 129  90  66  14 125 108  66 299 140 398  47   2 224
   211 215 258  61 101 189   0 216 148 330]
  [  0 249 330  84 119 276 147  79 376 393 141 155 171 380 152 186 112
    17  29  21 348 238 354 265 233  68 350  21 311 259 237 330 329 180
   177  87 135 223 174 256 174 321 261  28 224 376   0  17  79  51  55
   189 328 180 159 110  52 337   0 196 113]
  [  0   5 269  20 246  65  49 184 182  95 194 364 245 183 319 377  71
   206 173 351 101 337 118   8 271 302 203 364  32 175 132  13 321 249
   363 333   6 220 372 100 270 152 147 402 231 170 222 152 362 204 147
   191 216  20 227 306 318 336 274   0  65]
  [  0   4 192 113  51 119 197 217 150 289 318 368 124  94 137 386 314
   220 352 186 310  84 118 192 351 128  22 144  75  40 348 362  70 301
   326 260 105 301  28  61 158 211 128  48 304  86  80 332 295 130 356
   253  80  92 342 285 288  10 369 285   0]]

 [[  0 185  13 380 105 265 115 217 153 113 141  45 186 254 142 132  78
   198 397  48 374  14  74 124 351  82 164 142 303 275 196  18 385 109
   347 359 326 391 236  22 122 299 248 309 376  15 108 271 310 381  82
    71 241 162 116  57  18 386 281 306 327]
  [  0   0 376  34  67 244 267 272 293 175 103  55 274 393 203 125  82
   211  85 220 121 344 240 100  14  57  91 244 367 240  45 107  93 259
   228 280 348 350 106 368 369  50  54 273 208  81  17 154  97 340 336
    64 394 232 180 331 183 283 251 164 297]
  [  0 129   0 293  28 125 185 338 211 136 244 349 143 139 184 308  65
   180  56 372 311 182  16 159  31  90 273 200 126 368  43 285 361  35
    21 222  72  35 162 141 101  79 140  34 182  64 160 301  19 140  50
   264   2  43  63 389 212 247 337 105  42]
  [  0  92 173   0 380   1 272 104 259 223 139 187 287  97   4 157  84
     1 146 388 363  46 169 144 300  90 274 323 124 364  96 288 194 149
   228  21 127 146  97 371 238 168  18 342 359  85 203 345 146 129 321
   188 197 337  96  96 220  92 355 154 236]
  [  0 178  98 221   0 225  67 335 324  33 107 261 364  58 247 232 360
   119 164  30 246 285  76 194 338  93 120 137  26  88 298 112 263 396
   152 101 263 154  44 101 176  99 376 361  83 287  37 156 267   2 255
    67 295 131  17 266 321 353 102  58 240]
  [  0 103 104  45 240   0 261 189 174 390 187 228 317  47 252 360 172
    62 188 146  14 182 352 183 194  91  46 162  20  40  61 310 395 173
   291  43 189 367 276 294 385 335 135 249 303 300 129 255 348 136 332
   338 339 127  34 268 386 306  53 156 221]
  [  0 349  47 182 388 265   0 260 154   6 323 300 316 112 216 186 285
   337 234  69 178  49 191 218 149 108 107 239 324 312 305 119 338  33
    71 400   9 254 181 104 342 181 251 186 135 259 124  15  10 102 300
   184 212 129 385  29 310  63  39 147 128]
  [  0 183   0 149 128  62 257   0 323  20 387 257 264 170  54 358 186
    12 182 107 397   6 384 191  62 395 380 401 130 305 229 141 151 103
   142 100 278  27  56 205  44  42  91 104 227 289 335 160  22 384  58
    36  67 332 355 111  42  86 362  46 147]
  [  0 241 110  86 370 188 123 100   0 290 257  40 396  37 243 365  68
    12  46 237   2   6 258 147 247 329 106 113 261   8  44 341  56 159
   176   8  10 297 338 348 302 356  64 365 365 191  96 141 140 168 341
   237  12 222 319   7 362  51 112 330 299]
  [  0 120 203  49 201  98 151 286  68   0 294 209 182 394 300 296 233
    16  12 100 319 157 199  81 298   4 290 118  34 161  55 296 396 278
   112 263 375  43  72   3  94  38 183 345 263 178 292 349 264 243 347
   225  50 285  29 218 275 209 273 251 189]
  [  0  27 261 373 115 167 394 189 207 355   0 357 177 171 206 339 157
   243  31 285  96 293 268  33 336  79 134 114 162 122  52 234 370 299
   309 355 112  50 205  65 321 255  87  62 258 320 250 271 178 365 131
   178 102  85 108 300 318 341 220 263  61]
  [  0  76  52 310 330 176  72 144 160 377 385   0 391 213 311 192 179
   362 127 258  79 275 281  54 268  80  96 180 133   9  33 186 130 384
   375 234 395 243 196 366 205 136 181 281 234 170 339 222 321 179 155
   228 363  88 397 344 171 392   0  57 366]
  [  0 334  58 185 119 223  63 309 123  62 107   7   0 286   4 364 342
   329 367 185 375 290 176 275 181 331  36 199 351 236 220 143 240  91
   360  28   6 134 395 308 234 196 390  16  65 344  91  36  48 166  85
   171 362  21 366   7 392  38 245 309  73]
  [  0 114 401 210   5 297 156 119 395 318 207 203 201   0  59 386 278
    22 195 334 252 288 120 118 248 242 156 260 153 256  80 351 188 276
   275 386 155 126  96  83 299 372 378  50 340 339  28 163  23  76 360
     4 242 156  91 360 108 309 268 225 359]
  [  0 261 238 285  42  19 241 152  56   6   0  69 203  94   0 196 340
   112 206  53 134 174 296  39 364 315 145  15 205 224 241 389 359 147
   283 333 323 385 402 258 379 238 247 256 247 401 141 368 361  89 257
    86 136 226  41   1  21 282 333  41 247]
  [  0 177 231   0 296 372 396  22 103 326  26  84 392 364 280   0 129
   181  68 325 354 178 326 279 325  16  56 346  33 365  54 363   1  20
    62 357 182 110 143 374 154 307 173 158 116  95 254 149 114 162  70
   182  32  72 304 115 140 354  24 366  45]
  [  0 110 106 319 330  43  86 353 315 315 273 206 239  99 127  47   0
   377 341  83  70  30 114 365   3 374  66 399  84 148 389 221  62 155
   394 166 320 336  49 185 106 371 225 125 285 151 402 386  72  41 205
   196 272  59  11  48 209  12 378 183 221]
  [  0 336  71 196 258 200  92  43  88 378 278  67 377 266 322  41  11
     0 367  89  49  28  61 210 288 243 187 252 386 307 324 382  81 330
    48 340  10 333 244  82 112 150 152 366 274  83  43 316 213  18  84
    37  13 120 229   0 161 398 116  92 172]
  [  0 283 110 314 290 306 263 115  38  66  89 363   0 132 309 324 318
   177   0   7 363 180 258 305  69 318 384  58 190 136 170 339 249 187
    30  89 136 366 252 168 275 166  78 144 354 176 129 145 115 351  53
   222  78 109 384  25  13 132 254 243 157]
  [  0  16 222 219 303 315 345 152 309 292 381 167 367 162 123 246 164
   377 255   0 271 385 138 182  67  62  37 136 252 394 376 200 255 212
   132  75 188 313 170  41  93 279 311   8  73  45 250 256 114 236  57
     1 116 118 304  74 342 251 354 282 223]
  [  0 274 137  74 306  48 372 133 117 287 153  65 211  42  46 244  66
   206  93 297   0 233  44  28  83  85 337 104 388 187  15 181 392 260
    16 349 214 110 169 256   8  10  27  72 327 235  31 105 154 124 399
   223 401 142  40 270  35 255 295 382 339]
  [  0 336 105 297 299 288 397 272 185  46 260 168 277  79 296  19 300
    87  28 203 172   0 262 178 235 396 100 205 393 264 193  46 209 364
    70 345 225  46  99 215 223 276 302 187 153 315 276 388 271 160 317
    16 127  20 200 173 397 370 198  25 125]
  [  0 242  82 298 143 135  76 268 285 374  54  12 275  13 139 335 312
   266 366 370 318 316   0 175 150  42  55  51 356 314 137 105 167 372
    98 355   5 384 315 382 394 163 388 282 392  83 126  66 224  72 334
   156 179 348 232 130 298 287 399 195 157]
  [  0  82 175 170 132 120 201 239  22 344  66  94 148 167  41 166 390
   122  98 311 118 380  23   0  29  45 264 323 379  26  94 132  79  78
   382 282 252  64 346 130 186 366 127 313 119 210 335 155 333 185 349
   389  47  77  50 138  87 356 270  55 233]
  [  0 272 358 294 152 272 397  28 219 272 339 255 130   9  12 153 331
   349 347 206 324  34 317  94   0 261  57 150 207 159 376 111  85 264
    45 130 387 211 298 294  24 261 328   6 119 391 267  14  32 212 110
    58 140  58 351 334  26 362 266 336 193]
  [  0 256 327  27 341 137 162 120 112 166  47 199   7  56  27 374 274
   321  40  77  41 238 199 186  45   0 196 149 371 362  81 140 175  86
   351 134 185 201 136 133 308 396 388  68 288  40 217 299 138 223 102
   350 252 172 141 112 372 285 160 369 302]
  [  0  27  37 281 206 318  23 176 323 332  20 298 387 348 383  87 320
   117 256 168  80 136 326 199 264 122   0 235 290 249 387  54 127 400
   357 148 240 293   4   5  52 273 112 226 131 207 120  22 206  98 248
    98  55 296 177 222 342 394  73 256 311]
  [  0 345 381 292 283 397 254 302 151 160 324 309 144  63 220 200  67
   324 164  76 179  88 373 171  38 140 313   0 153  34  28 119 155  58
   365 306 308 218 277  12 233  31 293 284 364 350  20 289  44 326 238
   213  54 143 283 142 313 154  45 315 361]
  [  0 215 310 135  87 377 140 277 399 237 116 240 245 137 314 134   4
    78 169  43 257 223 266 348 390  86 260 173   0  79 369 290  55 316
   193 252 140 381 257 382  51 213  82 113 392 360  81 196 294 321 290
   342 284  76  17 109 345  61 363 352 151]
  [  0 271 115 149 120 337 344 220 156 269  68 295 358 242 145 220 313
   342  34 124  62 297 106 365 145 252 281 127 166   0 392 378  12 173
    58 257 244 273 210 331 254  57 294  69 139 366 296 113 164 276 384
   313 400 336  87 222 200 330 138 347 144]
  [  0   8 301  79 370  49 365 260 393 313 143 192  37 125 110 169 362
   363 110 260 231 115 209 131 299  97 395 369  35  72   0 287 393 308
   370 170  90 196  11 248 400 331 177  98  90 332 238  56 226 374  11
   291 178 160  86 188 262 206 303   5 395]
  [  0 399 218 115 337  26  41 333 208 311  44  66 368 343 280 358 216
   144 211  59 240  51 338 358 248  92 247 302 238 159 222   0 135 362
   167  66 119 371 150 256 330 287  49 401 268  53 172 140 373 198   9
   100 286 366 232 351  67 239 383 179 157]
  [  0  17  38 219 191 157 226 311  51 311 347 323 159 349 200 325 137
   389 136 236 293 232 364 365  45 227  12 232 234 158 166 373   0 209
   289 365 243 163 100 195 333 382   8 164 373 142 189 374 144 382  78
   165 352 194 238 188 109 402 309 384 262]
  [  0 379 326  70 308 217 178 181 209 239  70 360  10 234  73  36  87
   395 214  32 275 282 214 117 195 101 283  31 386 392 115 234  52   0
   299 132 239 164  61 378  72 278 383 155 241  30 300 291  55 205 197
    86 182 144  38  68 217 190 260  77  49]
  [  0 143 395 148 341 145 263 341 244 301 121 182 242 138 282 325  91
   348 130 350 239  15 220 195 251 109  84 247 105 109 344 205 262 222
     0 391 347 253 178 170 228 222  60 208   7 318  16 244 268  49  26
   212 364  16 202 327 401 367  67 349 254]
  [  0  36  67 115  26 196 158  56 118  32 162 107   9 337 323  73 391
   383 313 156  56 276   6 127 270 332 236 101 127 313  25 256  69 211
   120   0 153 322  41 154 189 200 221  47 351 135 114 205 389  39 161
   393 110 227  95 184 109 174   8 262 313]
  [  0 152 171 331 340 196 107 181 301  64 394 296 244  51 131 224 163
   346 280 142 223 380 121 137 313 269 329 253 271  35 375  70 193  24
    87 375   0 155  87 156 327 237 158  29 213 250  48 255 222 273  43
   347  43 294  24  99 198  49 285 392  42]
  [  0 168  16 330  88  46 110  42 121 153 141 221 253 372 171  65 182
    22 365 374 234 373 162 144  59 386 190 286 303 264 101 289 371  39
   126 319 387   0 317 263 346 329  73  76 298 285 330 366 294 348  88
   384 352 291 354 176 346  68 246  37 324]
  [  0 380 312 164   6 346 169  10 224 133 179 250   0  51 178 263 288
   291 148 162 389 104 113 400   7 182 316  26 307 373  11 127 251  85
   206 339 109  11   0 396 389 121 371 338  90 162  53 372 367 102 384
    16 110 154 234 216 145 264 336  11 356]
  [  0 201  87 237 219 360  80 226 325 281 208  42 141 169 208 192 280
   108 177 350 199 177 373 107 120  63 375 399  12 233 107 142 395 162
    87 181 292   4  42   0 227 186  28  87  51 120 236 317 198 316 248
   363 112 220 280 376 273 166  46  37 385]
  [  0 186 176 245 303 125 171 395  48 291  68 205 111 239 101 336  69
   141  32  40 310 369 349   6 323  67 252 196 384 141 153 134  60  15
   144 313 229  67 271 180   0  39 250 260 143 240  19   8 298 379 394
    86 225 114  36 205  28 171 262 359  57]
  [  0 231 396 222 369  33 283 115 370 253 145 168  29 305  61  30 355
   253 349  49 231 164 359  61 327 312 379 260  67 347 383 196 113 190
   222  65 169 390 386 134 285   0   2 243 386 313   8 307 402 123 150
   271 372 265 190  53 294 337 282 381 283]
  [  0   3 328 183 213 292 313 312  50 265 245 122 330   7 141 358 331
   146   3 141 307 266 172 117 349  57 185 339 395 159 286 275 151  33
   179 218  39 348  74  22 360 149   0 393  32 104 333 196 294  42  41
   297 203 264 137 333  61  18 358 278  27]
  [  0 129  90  22 191 182 303 228 385  95 240 147 308 278 374 197 130
   358 216   4 379  99 263  69 375 138 217 394 177 125 369 307 248  64
    68 361  57 122 338 115 105 203  90   0 191  88 394 317 382 212 249
    36  87   7 125 149 249 296 272  57 298]
  [  0 291 226 144  11  12 191  18 225  87 184 136 338 118 122 140 180
   349   3 164 288 165  17 210 299 369 230 387 369 356 318 321 167 383
   299 253 102   1 304 197  45 267  35 104   0 191 208 158 125 130 123
   255 294 299  72 136 116 288  16  67 356]
  [  0  93  77 270   3 227 123 361 384 357 132 117 126  52  14 281 327
    49  86  27  12 334 255 182  31 210 171 201 149   1 333 351  56  19
     0 325 167 316 161 366 359 208 281 366 198   0 397 265 229  55 337
   191 232 230  98  63  84 331 296  37 314]
  [  0 265 336 237 206  92  67 189 120 308  13 146 355 226 391 387 308
    33 272 362 137 228 125 313 326 181  93 131 171  30  52 341 282  81
   338 267 121  46 241 132 286 278 184  18 335 215   0 369  41 144 346
    43 304 389 186 114 234 179 222 306  30]
  [  0 319 242   1 274 331 224 277  24 112 213 356 137 301  27  59 304
   181  30 378 114  56 256 335   3  44  95 346 398 128 340 402  69 177
    20 370 385   8 354 147 229  94 287 265 189 236  97   0 277 377  43
   271 220 257  53 384 281 386 381 182 200]
  [  0 121 278 248 171 203 128 104 389 118 393 288  88  30  86  71 121
    77 392 266 127 140 369 295 302  20  86 167  49 163  79 154 368  85
   329 265 286  30 210 222  49 197 150 150 245 188 314 177   0 272  36
   290 283  83 326  34 299 300  11 307 175]
  [  0 284 366 286 366 100 296  92  83 121 376 260 269 298 311 272   3
   254  64 239 383 382 270 315 336  87  20 170 211 231 343 225 279 313
   319  10 110  27 358  79  22 169 335 354 239 123  85 209 196   0 363
     7 276 304 210   8 218  13 268 235 330]
  [  0 117 298 130 180 153 210  97 273 253 277 369  69  29 226 397  85
    17 317  41 264  54 397 329 376  27  13  62 190 177   6 290 367  12
    86  93  17 299 358 167 293  66 235 170 329 249 122 375 245 120   0
   326 151 187 261 332  72 263 367 320 119]
  [  0 113 236 391 197 180 252 315  76 156 133  30 330  56 208  88 336
    33 308 314  11  35  81 285 281 375 335 154   8 369 261 326 190 362
   397 164 111  35 100 299 171 322 365  20 229 130 356  67 380 343 148
     0 345 168 369 124 198 334  54   7  77]
  [  0 312 165 155 218 112  47 282  24 115 118 143  58   6  42 250 236
   168  11 202  89 237  25 240 339 236 182 297  89   3 173 123 171 363
    68 192 272 336 310   7 226 261  18  51  48 399 114 334  24 273 358
   148   0 235  91 340 380  64  62  60 295]
  [  0  23  92  51 355 371  92 168 299 264 147 322  16 144 282 298 263
   344  16 302 392 243 115 117  17  99 237   9 363 401 321 395  25 216
    65  39 264 177  20 324  65  58 264 147 170 340 236 308 349 137 290
   284 109   0 263 102 117 123 160  53 205]
  [  0 288 395 166 328 160 329 171 163 109  37 312 324 112 321 213 199
   100 218 118 311 265 201 131 376 288  43 172 327 108  57 205 263 381
    57 251  93 329 191  64 140 179 201 231  62 288 180 355 360 171 150
   146 353 192   0  89 197 173 327 160 317]
  [  0 170 311  38 291 193 223  26 190 253  50 334 397  53 132 198  46
    35 163 314 126 334  91  43 212 302 229 204 343  70 183  57 265 317
    44 235 274 105 329 373 238 172 349 344 108 317 387  31 226 220 154
    87 257 342 394   0 172 244 348 292 193]
  [  0 337 136  42 286  51 354  65 341 339 286 125 198 300 184 124 258
   372 144 134 173 228 137 325  17 125  76 369 391 122 297 208 196 362
   262  71 281 314  81 220 218 100 231 202  57 261 128 373 191  96 321
   262  17 156  72 268   0 272 355  92  86]
  [  0 142 338 141 246 305 277 126 117   9 239 396 155 344 195 290 150
   178  89  55 276  38 392 260  72 186 100 343 365 101 376  23 306 293
   158 100  43 253  17 236 186 278  94 264 245 193 317 384 117 207 402
   272 247 266 376  56 153   0 287 137 363]
  [  0 166  14 178 194 274  53  75 220 228 331  12 381 148 302 346 343
   222 309 372 377 304 176 189 267 397 227 217 297 193 277 376 135  13
   119 130 262  73 258 104  52  24 252 365 276 119 251 250 328 349 234
   119 365 248  59 300 388 223   0 294 335]
  [  0 306 317  66 335 339 324 388  99 330 134 191 209 354 360  37 166
   277 115 284  81   6 302  19  18 101  49  36 215 359 335 166 392  93
   310   5  47 400 327 311  70  49 335  39   0  51  13 299 200   5 228
   174 314 241  94 402 374 103 144   0 350]
  [  0  53 343 140 263  96 150  64 389 369 187 166 295 261 321 101 283
   240 119  76 271 161  21 334 208 338 103 326 216 356  67 375 320 387
   207 263 176 112  54 290 295 322 340 402 216 175  13  23 264  46  98
   286 338 375  79 170 219  76 237 353   0]]

 [[  0  29  46 218 232 223 358 311 392  15 290 139  64 314 197 160 238
   279 221 392  74 337 340 225 262 234 254 361  73 159  20 286 258  70
   134  31   6 281 332  42  70 272 291 274  46 339 322  44   6 321 402
   273  90 222 288 214 285 204 179 194 168]
  [  0   0 228 311 281 301 299  46  42 368 237 156 194 316 370 118  11
   333 135 295 186 101 191 367 389  68 129 331 127 268 301 112 364 341
   364 132 161 146 217 131 170 122  15 399 343 283  93 193 267 118 374
   155 168 325 138 388 247 211 217 189  50]
  [  0 220   0 121 161 233 211 388 358  60 161 368 228 172  64 239 112
    94 170  38 302 375  14   7  38 113 249 261 388 130  25  67 183 239
    79 228  82 315  28 266 225 201 363 396 351 100  99 171  25 289 364
   113 194 302 106 111 325 360 157  46 278]
  [  0  10 373   0 202 135 383 339 193 378 182  93 354 276  25 247 164
   386  82 333  44 287 253 314 114  41 343 264  36  36 396 373 219 167
   365 240 270 164 174 241 328  96 336  14  24 294  99  89 108  64  50
    45 342 392 350 358  75  22  43 105 191]
  [  0 115 361  16   0  56 276 158 259 277 348 159  95  48 303  45 364
   328 274  32 387 107 317 274  94 105 119 227 222 117 182   9  54 247
   160 330 263  36 292 336 247   9 122 172 358 202 287 171 211 207 381
   348  99  37 203 313  71  78  75 165  30]
  [  0 364 173 346 215   0  98  29 233 250  25  17 183 197 393  48 302
   302 313 360 368 367 253 380 313  17 366 327 278  28  29 324 318  51
   357 130 161 221  27 259  57 109 355 131   9 236 165 320 293 146 182
   335 358 125  53 235 200 276 210 288   0]
  [  0 326 296 253 183  54   0 395 298 196 111 278 194 303 161 144 385
   229 129 377 299 181  34 193 347 130  19 122 116 333 162 223 164 269
   276 182 381 363 113 253 370 361  74 363 172  22 293 131 215 388 189
   304 290 364  38  62 110 163 360 334  92]
  [  0 258 187 245  26  63  93   0 157  86  15 147 182  59 389 338 395
   123 289 262 248 397 172  61 367  73  91 299  93 118 222  19 115 234
   167 238 147 285 100 367 202 295  27 265  83 209  59  39  80 105 101
   175   2 264  44 368 102 269 332 357  34]
  [  0  15 337 112 317 204 164 320   0 196 122 297 273 183 341 300  80
     0 260 228 146 345  80 342  34 289 240 258  74 204  54 349 128 262
   249 281  67 130 216 296 164 341  77 250  23  17 112  98 348  68 304
   286  25 349 152 265 266 155 225 266 306]
  [  0 229 402 218 184 165 347 167 135   0 265 374 192 352 248 234 365
   143  88 192 377 176  76 224 311 235 349 187 293 128  67 105 185  89
   376 377 326 394 235 275 225 116 375 201 182 120 395 219   8 278  31
   262  65   1  66  77 101   3 171 304 166]
  [  0 353  57 162 320   5 110 395   7 365   0 193 108  34 220 157  54
   127 240 164  81  35 269 220 247 163 349 196  58 401  68  40  98 101
   120 216  25 187 361 120 290 292 236 334  54 119 305 341  67 246 359
   150 204 295 313 118 184 224 357 258 121]
  [  0  52 398 309 323  34 251 280  96 289 317   0 185 150  37 293 131
   241 257 308  22  71 345 357 252  95 163  40  30 398 169 248 353 275
   207 117 373 269  95  71 110 142 113 270 156 251 138 196 180 332 288
    82  41 335 274 310 362 122 225  12  87]
  [  0 380 393 336  94  71 121 253 104 327  24 328   0 277 162 299  58
   384 112 119  80 371 157 245 253 105 134 210 345 281 230 195  12 191
   174 305 362 327 233 145 374 340  47 181 232 380 105  62 382  51  68
    95 192 320 173 394   6 122 270  28  18]
  [  0   0 148 176  46 223 329 277  24 343 289 128  96   0 192 118 113
    73 381 327  60 254 153 355 250 246 311  96  77 194 189 345 137 126
   112  16  93   5 183 181 107 393 147 172 278 110 204 237  54  94  90
   111  80 278 122 305  14 164 194 258   1]
  [  0 340 319  17 124 316 239 378 186 372 386 354  36 289   0   7  84
     8 314 162 209 204  41 152 214 272 105 137 364 379 328 333 207  59
   396 400 216  49 305 154 314 279  66 148 267 345 329 187 379 317 133
   118 344 111 224 162 332  11 112 157  75]
  [  0 303 360  65 198  26 111 364 259 124 115 150  45  91 245   0  13
   356  74 126 323  84 314 108  53 111 101 330 295 290 122 120 173 142
   270 195 394 176 334  52 273   0 203  61 335  13 207 193 268 286  52
   166 144 119 214 264 201  44 155 251  59]
  [  0  71  66 241 118 228 254 219 272  98  59 240 379  72 112 204   0
   392   6 311 141  56 375  92 305 216  47 202 323  52 297  11 371 172
   397 310 271 296  83 190   8 207  48 128  81  14 251 282 310 328 279
   256 106 287 284 207 399 342  67 179  79]
  [  0 129 344 273  83  68 200 175 121 332  26 318 103 188 172 325 314
     0 284  15 193 179 349  26 260 183  98 233 351 337 257 237 116 186
   213 397 106 265  12 260   4  86 237 362 347 312 287 248 155 262 360
    40 140 320   9 196 388 145   9 212 341]
  [  0 311 269 294 119 250 275 151 347  62 289  97 208 296  50  58  90
   303   0 135 257 100 197  10 168 344 183 274 240  11 179  73 280   6
   314  28 296 325 274 183 305 262 343 108  66 180 125  76  45 317 290
   289  78 366 272 277  86 183 244 110 381]
  [  0 194 164 241 293  85  77 194  88  12 323  40   9 366 366 380 204
   285   4   0 282 214 268 332 144  90 348 129  82 243 115  86  24 368
   231 339 340  58 290 331 260 373  52 290 129 236 375 324  37 215 125
   396 274 262 316 199  15  82 255 367 307]
  [  0 175 379 363 242  43 251  28 246 384 400 105  21 401 208  56 249
    24 361 324   0 332 175 145 112 387  80 372 164 383 297 215 286 251
   258 201 387 141  34 248 275 226 401 286 192  81 106 210 156 171 191
    33 349 165 179 388 239 288 363 390 218]
  [  0 179 391  35 148   0 113 166 281 156 256 283  76 325 332  88 389
    90 190 307 369   0  26 128 308 378  21  80   8 392 203  18 236 366
   139  72 176  60  89 272 238 137 223 234 160 294   1 337 143 327 224
   399 231 221 261 342 227 349 147 303 233]
  [  0  62 186 148  50  66 360 166 275 367   7 289 277  27  28 345  40
    68  40 380 100 387   0 389 270 312  26 337 261 174  63 333 179 203
   176  12 149 228 298 228  41 129 158 357  83 310 122 391 133 321 381
    45 222 334 136  50 369  72 269 169 204]
  [  0 298 343 216 164 347 386 348 202 294 391 270 149 187 299 264  92
   154 176  19 231 181 132   0 333 276 269 160 211  56  91 149 356 392
   224  74  43 132 281 195 211 262 130 252 198 395 317 292 167 229 237
    48  11 173 358 374 243   6 344 295   2]
  [  0 369 146 142  92  37 191 377 197 120 212  13 119 268 192 275 187
   375   4  68  67  10 270 143   0 378 334 138 156 135 128  97 239  61
   153 356 297  53 332 262 121 294 123  57  27 113 134 222  69 205 263
   386 381  94 341  13 183 269 313 392  70]
  [  0 174 228 367 208 209  36 303 382 271 139 169 126 198 191 100 218
   365 133 131 389 136  85 172 168   0  23  60 283 223 279 164 235 129
   365  22 260 338 123 168   2 184 365   9   1  17 189 380 394 170 343
   169 394 262  84 385 134 297 209 276 198]
  [  0 290 289   8 278 179 257  58 209 380  64  77 319  71 151 178  25
   117 377 132 238 131 217  29 332 256   0 358 237 331 102 346 294  61
    82 310  99  80 189  10 200 368 257 364 304  55 134  55 266   3 325
   390 310 336 379 224 174  88 256 106  66]
  [  0 297  26 209 285 176 126 254 366 317 383 274  91 191 203 329 291
   214  67  20  90 126  99 241 377 169 393   0 316  69 186  11  65 207
   333 149 264 276 109 173 158 176 389 338 346  74 341 202 324 228 389
    40 240 145 310 139 164 306 181 343 214]
  [  0 208 297 180 162 157 162 272  23 178 222 264 129 280 215 339 113
   178  57 181 263 337 246 217 292 114 380 203   0 297 355 393 382 381
   119 281 139 321  22 382  31 367 265  38  74 354 390 121 307 285 269
   381  71  50  16 265 393   9 101 140 195]
  [  0 359 124 138 164  61 149 364 193 210 333 205 372 190  42 148 361
    60  92 244  76 169  31 234 212 325  46 254 264   0 144 232 383 138
   338 281 308  15 253  18  13  68 116 160 146 290 330 218 226 288 305
    95 209  38  54 115 149  82 110 164 205]
  [  0 250 107 240  82 320 193  80 365 288 225  31 213 369  73 149 274
    13 227 382 139 224  76  69 206 113 108 393 309  98   0  95 265 161
    79  13 308 368 376 401 361 160 363  33 115 191 356 178  36 363  18
   363 160 104 344 204 190 175 185  17 222]
  [  0 175 217 283 156 388 209 221 222 383 335 160 248 203 276 242 266
   331 242 128 233 274 304 396  89 281 275 155  47 387 235   0 265 338
   300 227 131 192 178   1  37  28  43  45 206  26  61 381  69  32 190
   149 258  70  98 266 327 323 315 337 157]
  [  0 211  62  65 235 100 101  56 245  53 298 338 215  50 380 289 266
   109 159 348 386  37 205 366  66 163 207 238 303 324 154  99   0 134
   106  68 391 285  67 287 298 314 127  66 215  96 396 195 189 233 293
   336 236 123  18 395 334  83 157 159  99]
  [  0 345 331  67 317 225  46 217 347 136 253   2 194  50  91 193 382
   219 169  89 202  46 200   1  34 302 398  79 332 283  81 116 208   0
    58 330 271 124 233 382 122 390 156 172 174 101 342  59  32 290  27
    32 248   5 109 260  78  96 138  67   8]
  [  0 328 390 247 101 219 256  25  35 162 251 162  47 193  70 344 250
   336 124 285 283 364 170  36 271 150 223 155 259 347 369 281 205 357
     0  61 119 280   4 122 359 233 109 112 238 360 112  23 160 164 353
   217 250 335 233 312 361  18 230 255 377]
  [  0   8 278 219   2 143  74 381 392 300 333 344 110 188 200  35 321
   141 315  95 191 300   1 337  29  98 335  40 260 103 217 257  47  35
    42   0 396  91 395 127 156 250 266  86 158 125  80  77 177 108 377
   235 343  13   3 221 223 324 181 214 400]
  [  0  43 112 124  31   7 103 335 103 220 131  44 143 345 347  23 271
   248 111  13 314 323 256 189 217  76  87 301 161 393 191 273 174 314
   240 399   0 264 193 248 352 185 228  30  33 326  87 294 381 347  37
    59 131 172  86 364 101 137 130  63 161]
  [  0 199  41 355  83 322  77 276 262 164  40 385 351  52 170 174 287
   122 177 100 363 308 274  61 225 186 184 283 124  26 232 308 347 252
   277 246 290   0 237 344  92 389 142 280 177  58  72 168 366 204   4
   152  47 216 119 282 135 165 337 385 126]
  [  0 111 401 121  21 106 286 237 282 279 183 265 184  44 123 286 214
   256 259 210 239 138 402 293  38 191 185  36   9 400 178   3 182 213
    99  41   3 327   0 327 154 358 107  78 226 402  60 102 298 217 359
   274  18  13 325 160 163 379 329 132 368]
  [  0  38 302 182 104  29 170  33 222 220 201 296 104 284  63 341  58
   365 303  14 231 384 365 366 307 383 152 292 182   9 393 240 135 385
    28 244  87 390 366   0 257  47 299 175  66 316 102 114 284 270  46
    20 396 279  26 161 377 340  12 357 272]
  [  0 269   6  76  56 151 322 115 366  51 164  63 101 233 117 189 182
   297  21 316  96 253 187 232 181 371  15 136 289 377 140 308 324 156
   264 325 356  29 280  25   0 234  64 374 163 250 191 208 265 240 182
   124  34 224  98 101 176 258  55 145  52]
  [  0 200 162 347 213 311 300  41  27  54 169 187 231 288 176   5  41
   234 284  31 386  49 329  43 291  16 355 112  70  13 250 362 104 124
   305  12 289  69  85  94 229   0 176 351  80 193 149 231 179 166 348
   183 184  52 307 134 281  38 373 255  94]
  [  0 261 335 380 270 131 136  43 309 321 139 123  71 337  77 255 117
   319 396 184 276 135 120 158 329 217 115 205 308   7 141 167 353 260
    62 212 190  50 129 103 196   5   0  92 227 400 401 120 137 216 359
     9 189 254 387 244 113 247  22 342 374]
  [  0 285 353 216 134 197 336 275 154 115 311 125 136  93 369 117 346
   329 252 377 225 118 270 190   7 195   3 286   4 206  99 182 271  93
    94 238  85 177  83 251 373 188 145   0 393  18 229 387 321 130 142
   147 335  31 176  97 215  60 344  83  79]
  [  0  47 163 352 350 271 229 123 131  20 144 272 389 189 335  83 316
   391  53  17 327 335 249 388 375  45 240 298 394 297 337 391 272  71
   398 209 205 173 298 290 182  91 246  41   0 372 339 390 144 398  92
   384 112 255 208 184 334 192  98 223 166]
  [  0   9 323 380  92 368 213 122 389 202 186 125  99 204 233 124 191
   372 142 200 145 255 126 184 242 232 142 138  39 337 359  58  97 204
    49 187 104 291 395 192 294 309 297 401 227   0 285  98  92 265 383
   137 119  55 267  60 374 274  71 149 279]
  [  0  93  55  60 357 215 213 376 124 121 142 117 396 276 291 225 348
    19  54 214 298 110   6 396 233 198 279 157 367 196 171 313  78   3
   313 145  60 249  72  19 214 185  50 161 239 153   0 378 363 282 361
   133 312  39 230 281 124 125 156 218 163]
  [  0 153 118  82 236 212 213 255  35 277 240 295 137  17 154  43 146
   376 214 270 320 241 309  99 315 191 130 358 235 235 393 214 270 119
   195  97  36  45 198 390 380 237 150  48 347 112  28   0  32 264 285
   360   5 130 171 395  18 134 257 327 188]
  [  0  50 173 292 363 168 329  32 144 320 342  55   6 332  15 164 177
   375 249 118 369 332 153  12  16 229 394 327 336 101 369  11 100 205
   270  55 271 366  88 281 189 173 220 232 101 322 372 280   0 228 188
    65 114  31  15  89  27 131 318 235   1]
  [  0 271 284 110 376  25 211 142 155 195 241 141   0 390 324 126 117
   402 125 370 211 172  23  82 190  89 123 377 265  92 250 238  52 132
   107 263  81 145 340  71 201 171 223 388 210 381 339  91 397   0 199
    83 282 390  27  90 184 276 251 187 226]
  [  0 115 325 219  93 244   3 341 400 201 145 394 213 220 174   0 225
   201 293 201 330 200 108 318 346 275 258  79 188  64 386  68  63  58
   244  66 308 158  27  83  71 264 265 376  73 184 275 370 184 332   0
   113 351 195 242 391 190 206 247 238 390]
  [  0 350 240 268 336 165  28 317 242 370 115  57 109 374 257 344 251
   312 291 326 198 384 259   4 114  32 193  23 287 312  69 175 400 198
   359 334 366 227 315 146 269 306  80 310 142  97 209 120  33 235 227
     0 393  33 345 362 392  52 271 144 106]
  [  0 101 382 232 268 162 373 107  86 228  85 233 162 258 152 164 246
   388 103 343 241 175 215 210 128 189 397 114 290  75  23 386 101 344
   134 327 240 127 227 331 134 290 116 287 157 168 271 282 402 274 266
    66   0  22 113  67 121 199  49 120 134]
  [  0  16 172 386 135 301 190 167 243 221 317 211 250  87  12 209 273
   228 284 109 255 233 362 163 108  37 308 179 335  53 172 149  32 164
   113 198  41  74 120 368  24  92 329 355 173 254  20 264 170  88  76
    39 142   0 203 369  33 299  93 228 114]
  [  0 240 184 316  73 197  51 126 190  86 210 248 187 156  96 353 227
    66 127 308  67 396 348 155  36 152  93 361 379 178 215 351 383  69
   246  50 245  75 165 361   8 204  95 247 137  17 337 129 280  74 194
   214  53   9   0  65 383 222 340 389 247]
  [  0  93 183 144  59 106  56 270 389 165 357  26 144  17  98  25 284
   278 192 226 273 260 354 218 372 218  16 298  73 131   5  78 127 281
   159 364 248 150 308  15 259 143 282  38  92 183  29 137  40 250 364
   106 269  21 252   0 131 179 302 182 195]
  [  0 383  73 297 397 238 157 249 280 232 288 107 286 270 377 229 316
   355 263  98 275 182 170 241 106  39 216 373  14 285  55  94 174 347
    82 211 303 188 201   6 401  71 261 280 377 282 115  80  51  78 195
   308 200  22  73   3   0  73  15  47 382]
  [  0 110 277 132  92 299 169 366 197 130 146 263  56  27 157 287 365
   379 137 370 121 218 162  72 354 284 132 273 379 174 257  71 339  64
   298  57 127 314 120 118 314  41 286 150  70  41 210  26  54 367 386
   213 220 123 114 283 240   0 206 371  84]
  [  0  77 353 129  79 232 351 169  76 284  37 134 109 131  30 301 271
   252  39 262  37 316 357  56 300 218  82  65 364  67 316 355  22 125
   266 299 324 248 292  61 348 172 171 150 334 335 261 176 199 226  28
    19 193 338 391 204 192  23   0 394 110]
  [  0 143 336 142 335 276 162 283 137 219 160 128 275 317 396 193  99
   359 135  90 141  90  65 208 133 237 205 100 305  75 351  33  70 255
   193  61 244  47  43 131 129 318 301 303 200 355  60 241  56 385 372
    23 113 349 138  24 324 264 123   0 216]
  [  0  50  18  51 372 367 244 200  80 167 257 338 338 356 211  57 291
   183 384 145 345  59  16 235   0 337 147  74 257  54 156  57 257 256
   146 267 173 365 153 395 250 290 199  90 173 144  33 168  13  20 359
    38 110 118 209 224 219 185 240 166   0]]]
release_time
[   0    9  130   16   13   25  591    0    1  114  101   12   24  356
    6  104    1   41   36  254   21   42   12  117   43   76    8    4
    2   26   35  119   48 1185   64    8   53   12    0   75   50  628
   99   22    0   25   20    3   73   21   14   10  202   51   28   13
    8    3   19   44  125]
due_date
[   0   89  157   18   40   38  635  134    6  147  124   33  149  795
   21  126   68   58   46  677   84  153   35  130  162   79   75   21
    3   30   55  142  134 1598  102   23   64   31   71  132  155 1102
  105   91    0   38   36  102  137   46   46  156  328  124   39  673
   12   67   28   82  136]
unit_emission
[16 10 15 15  8]
emission_limit
47851.6
setup_severity
2.0
due_tight
0.9
due_range
1.0
release_tight
10
degree_constr
0.8
