param: 
proc_time: (1, 100)
setup_rate: 1.0
setup_time: (30, 60)
delivery_time: (170, 200)

mach
5
job_rate
5
fam
8
setup_rate
1.0
proc_time
[[  0   1  92  55  15  85  15  23  66  46 100   9  66  66  18  17  72  98
   34  69  64  44  29  62  92  16]
 [  0  52   2  61   4  52  41  52  31  26  27  51  98  95  48  11   8  12
   99  45  34  77  91  72  47  21]
 [  0  75  22  21  28  67  71  14  79  73  52  43  71  76  19  27  18  13
    1  85  34  13  51  87   1  87]
 [  0  32  72  55  26  14  88  93  68  63  82  14  27  41   3  94  59 100
   23  18  74  76  41   8  32  81]
 [  0  45  78   9  90  48  24  87  95  44  58  66  18  80  29  75   2  78
   68  98  39  73  41  71  81  87]]
setup_time
[[[ 0 40 51 47 46 57 45 39 33]
  [ 0  0 51 40 50 54 37 38 45]
  [ 0 52  0 32 54 31 38 42 35]
  [ 0 57 43  0 58 40 31 58 55]
  [ 0 34 54 36  0 41 58 40 48]
  [ 0 33 43 41 56  0 59 37 51]
  [ 0 42 50 50 57 30  0 34 51]
  [ 0 55 56 40 40 42 31  0 45]
  [ 0 34 43 58 48 34 50 53  0]]

 [[ 0 53 41 45 48 44 46 59 44]
  [ 0  0 42 56 38 57 42 45 48]
  [ 0 37  0 48 54 53 32 52 50]
  [ 0 45 43  0 53 46 49 40 42]
  [ 0 57 58 33  0 55 43 34 33]
  [ 0 43 36 39 56  0 39 32 50]
  [ 0 39 37 43 47 38  0 38 59]
  [ 0 32 43 43 50 45 34  0 58]
  [ 0 53 44 50 60 38 36 42  0]]

 [[ 0 37 41 33 45 55 58 58 35]
  [ 0  0 60 43 58 38 47 35 44]
  [ 0 45  0 48 34 43 36 33 59]
  [ 0 50 30  0 59 43 52 45 57]
  [ 0 36 39 39  0 41 35 42 50]
  [ 0 37 57 52 60  0 34 58 55]
  [ 0 36 60 55 32 53  0 31 31]
  [ 0 52 59 39 49 38 47  0 49]
  [ 0 55 54 39 57 54 38 38  0]]

 [[ 0 40 43 54 48 39 48 34 51]
  [ 0  0 44 53 59 59 33 55 36]
  [ 0 44  0 36 49 51 32 50 58]
  [ 0 59 60  0 31 32 42 38 51]
  [ 0 47 34 39  0 50 46 32 36]
  [ 0 34 33 32 55  0 38 59 52]
  [ 0 36 59 58 37 39  0 56 49]
  [ 0 58 50 50 30 48 31  0 52]
  [ 0 43 34 32 56 53 46 30  0]]

 [[ 0 46 33 35 30 58 38 60 33]
  [ 0  0 58 51 42 52 60 58 46]
  [ 0 32  0 55 58 35 49 44 58]
  [ 0 42 38  0 44 43 60 33 58]
  [ 0 51 31 59  0 48 60 45 56]
  [ 0 40 41 33 59  0 57 55 45]
  [ 0 54 59 42 34 59  0 34 51]
  [ 0 40 31 53 58 47 44  0 54]
  [ 0 42 31 48 37 56 51 46  0]]]
delivery_time
[[  0 185 199 181 187 191 172 184 187 181 199 182 170 173 177 188 190 199
  195 190 174 180 194 200 193 193]
 [  0 198 186 186 171 199 193 195 170 200 173 178 171 172 196 175 182 184
  180 179 172 200 200 189 178 194]
 [  0 190 192 194 193 196 192 181 177 190 190 190 186 191 174 193 177 187
  180 191 197 196 179 195 184 175]
 [  0 186 192 179 174 197 185 181 195 190 196 193 197 174 190 170 171 174
  192 188 197 184 170 180 197 187]
 [  0 197 178 193 200 173 193 182 178 172 185 191 177 195 176 194 192 186
  194 197 185 190 191 187 185 184]]
job2fam
[[1 0 0 0 0 0 0 0 0 0 0 0 0 0 0 0 0 0 0 0 0 0 0 0 0 0]
 [0 0 0 0 0 1 0 0 1 0 0 0 0 0 0 0 1 0 1 0 0 0 0 0 0 0]
 [0 0 1 0 0 0 1 0 0 0 0 0 0 0 0 0 0 0 0 0 0 0 1 0 0 0]
 [0 0 0 0 0 0 0 1 0 0 0 0 0 0 0 0 0 0 0 0 1 0 0 1 0 0]
 [0 0 0 0 0 0 0 0 0 1 0 0 0 0 0 0 0 0 0 0 0 0 0 0 0 0]
 [0 1 0 0 0 0 0 0 0 0 0 0 1 1 0 0 0 1 0 0 0 1 0 0 0 0]
 [0 0 0 1 0 0 0 0 0 0 0 0 0 0 0 0 0 0 0 1 0 0 0 0 0 1]
 [0 0 0 0 0 0 0 0 0 0 1 0 0 0 0 1 0 0 0 0 0 0 0 0 0 0]
 [0 0 0 0 1 0 0 0 0 0 0 1 0 0 1 0 0 0 0 0 0 0 0 0 1 0]]
unit_cost
[12 15 14 14 15]
pre_factor
0.5
