param: 
proc_time: (1, 100)
setup_rate: 2.0
setup_time: (60, 120)
delivery_time: (170, 200)

mach
5
job_rate
5
fam
8
setup_rate
2.0
proc_time
[[ 0 61 40 61 67 80 76 15 53  4 23 27 37 77 43 37 85 29 29 49 75 51 50 28
  74  5]
 [ 0 64 89 97 17 97 89 97 55  9 91 89 68 73 79 16 16 13 78 86 85 73 63 41
  53 68]
 [ 0 99  9 51 48 80 49 18 10 85 54 79 15 11 40 47 20 98 22 48 82 16  5 65
  83 74]
 [ 0 61 77 55 24 23 87 11 47  2 70 53 11 15 73 12 36 92 23 27 88 14 54 99
  27 21]
 [ 0 62 77 72 44 44 98 61 42 23 73  1 36 55 16 89 18 98 38 67 20 19 13 17
  78 30]]
setup_time
[[[  0 102 107 102  88 109  61 114 112]
  [  0   0  93  72  69  67  66  72  85]
  [  0 118   0  78 115  74 113  61 113]
  [  0  78  92   0 109  92  60  98  87]
  [  0 116  65 111   0  79 106  72  71]
  [  0  80  61 112  77   0  63 101 102]
  [  0  65  97  68  79 104   0  96  97]
  [  0  97 109 119  72 114  94   0 101]
  [  0  84  90 106  71  74 120 112   0]]

 [[  0 120 117  69  71 117  81  99 112]
  [  0   0  66  77  86 119  94 106  61]
  [  0  74   0  83  79  69 115  83  83]
  [  0  99 107   0 116 107  93 100  99]
  [  0  85  60  89   0 102  77  85 112]
  [  0 106 115  68  68   0  66 103 118]
  [  0 101 110 120  75  97   0 110  84]
  [  0  78  77 116 106 118  88   0 105]
  [  0  67  93  65 104 104 112  89   0]]

 [[  0  80 111 116  71 108  65  98 119]
  [  0   0 119  63 112  68  64  69 106]
  [  0  82   0 117  96  66  65 104 110]
  [  0  74  94   0  91  73  94  70  69]
  [  0  76  72 116   0 119 104 110  64]
  [  0  69  91  71 111   0  80 107 113]
  [  0 117  92 113 100 107   0 106 109]
  [  0  91  71 105  94  95  97   0  87]
  [  0  71  81 103  61  88  72  94   0]]

 [[  0  93  78  68 111  90  92  86 104]
  [  0   0  78 116  90 116  75 102  74]
  [  0  73   0  97  78  96 102  63 117]
  [  0 119  68   0 108  99  74 100  96]
  [  0  85 111  77   0 112 118  94 113]
  [  0 100 119  88 112   0  63  80  98]
  [  0 120  82  99 118  80   0 118 100]
  [  0  90 114 103  97 104 120   0 112]
  [  0 110 117  60 113 115  89  77   0]]

 [[  0  85  99 117  74  78  69  83  75]
  [  0   0 103  75  75  87  79  94 118]
  [  0  99   0 120 104  77 104 104  74]
  [  0  89 107   0  99  86  86  78  69]
  [  0 105  65 112   0  68  86  66  65]
  [  0  92  80 105 115   0 103  76  90]
  [  0 120  70  87  64  71   0 115 100]
  [  0 113  61  85  61 113  71   0  61]
  [  0 120  75 119  89 116 106 105   0]]]
delivery_time
[[  0 184 194 199 182 174 181 188 171 176 197 192 197 198 174 189 198 180
  187 187 176 179 192 189 183 189]
 [  0 180 171 182 182 178 186 184 193 191 200 198 195 192 197 190 191 191
  198 185 194 179 198 189 197 196]
 [  0 198 174 189 186 179 175 190 189 175 181 190 188 171 182 191 189 180
  184 182 195 172 183 177 197 178]
 [  0 192 187 177 180 198 198 196 174 200 184 184 196 195 176 190 187 197
  181 181 173 198 180 190 175 190]
 [  0 196 184 170 186 200 172 194 180 187 179 190 178 176 180 177 171 174
  178 170 186 179 177 187 194 179]]
job2fam
[[1 0 0 0 0 0 0 0 0 0 0 0 0 0 0 0 0 0 0 0 0 0 0 0 0 0]
 [0 1 0 0 0 0 0 0 0 0 0 0 0 0 0 0 0 0 0 1 0 0 0 0 0 0]
 [0 0 0 0 0 0 0 0 1 1 0 1 0 0 0 0 0 0 0 0 0 0 0 0 1 0]
 [0 0 0 0 0 0 1 0 0 0 0 0 0 0 0 0 0 0 0 0 0 0 0 0 0 0]
 [0 0 0 1 1 1 0 0 0 0 0 0 0 0 1 0 0 0 0 0 0 0 0 1 0 1]
 [0 0 1 0 0 0 0 0 0 0 1 0 0 0 0 0 0 1 0 0 0 0 0 0 0 0]
 [0 0 0 0 0 0 0 0 0 0 0 0 1 1 0 0 0 0 1 0 0 0 0 0 0 0]
 [0 0 0 0 0 0 0 0 0 0 0 0 0 0 0 0 0 0 0 0 1 0 1 0 0 0]
 [0 0 0 0 0 0 0 1 0 0 0 0 0 0 0 1 1 0 0 0 0 1 0 0 0 0]]
unit_cost
[11 14 12 13 12]
pre_factor
0.5
