mach
5
job_rate
12
weight
[ 0  4 10  3  8 10  1  4  7  1  3  3  5  4  1  7  3  3  2  2  9  5  1  4
  1  7  6  2  6  2  9  6  2  5  2  9  6  3  8  4  4  4  1  5  9 10  9  8
  7  3  5  7  9  7  6  2  2  6  6  7  1]
proc_time
[[  0  79  90 118  64  77 119  66 143 144  85  93 138 122  76  52 116 150
  147 127  64  66 145 101 150 132 107  56  58  77  86 117  91 111 127  72
  134 106  59  73  67 116 150  76 105 138 142 131 135  83 120 138 129 121
   56 128 121 127  75  68  92]
 [  0 116 122  68  97 122 110  76 119  63  81  67 136 130 111  97  99  87
  116 119 134 111  75  61 144 147  69 122  66  70  85  71 109  74 141  61
  148  56 105  98 100 140  90  58 104  89 142  67 130 108  74 109 141 100
   73 121  60  67  75 137 128]
 [  0 144  64 122 141 109 140 111  76  95 112 116 143  95 130  93 111 105
   95 119 138 131 132 109 146 116 144 116 137 145  52  71 146 135 109  67
  105  54  93  91  86 128 109 118 102  84 133 150 110  77 132  94 119 129
  101 120  62 111  96  51 137]
 [  0 116  77 133  68 123 112  92 100 107 115 131 123 112  51  66  66  70
  101 138  71 110  75 148  85  79  91 116 105  96  72 131 101 145 123  54
   99 111  53  75 118  61  76 117 133  50 111  57 124 115 139  76  97 120
   59  59 145  83 131  82 133]
 [  0 125 134 143 144  69  78  84 140  91 144  94  60 124  69 140 101 110
  117  80 146 118  88 106 142 142 128 141 110  81  97  85 133  61  56 133
   74  58  73 122 146  66 111  99 147 146 125 102  97 131 104  72 146 134
   70  55 106 140  51  97 103]]
setup_time
[[[  0 363  71 177 231 223 256 205 147 144 318 116 325 136   0 327 170
   216  73 110  53 392 176 169  25 407 158  49 103 371 358 122 116  38
   301 362 402 375  74  80  60   2  84  77 357 286  80   8 162 307 367
   372 231 232 115 354 254  48  60  74 213]
  [  0   0 384 370 268 308 165  95 304 204 252  57 277 186 195 129 126
   181 322 147 399  65  18 296 152 147 134 192 188 357 168  24 286 185
    37 320 178  49  27  87 174  46  60 241  60 112 306 254  24 157  57
   275 227  98 222 139 223 378 118 176  43]
  [  0  34   0 325 302 210 190 252 197 364 273  40 144 370 207   2 250
   214 294 269 180  33 121  25 289 157 395 213 204 210 275   9 408 352
    11 274 245  99 291 194  80 256 234 193 104 372 275 218 127 258 328
   359 377 206  62 309 402  71  73 160 222]
  [  0 272 280   0 338 279 297  67 117 415 279 104  66 343 300 340 213
   276  12 161  34 315  30 311  36  34 142 135 112  90 328 355 145 397
   170 243 400 114 394 137 245 298  27 113  86 159 252 145 241 242  44
   371 380 202  90 210 348 200 410  94 367]
  [  0 115 269 216   0 285 381  63 390 234  24 244 292 295 416 245 251
   246 107 169 274  72 184 137 358 383 260 170  26 105 366 277 210 211
    71 232 148 227 406 122   5 256 122 319  82 275   4 313 376 209 391
    26 266 257 346 154 103 257  53  25  76]
  [  0 196  65  61 387   0 130 389 336  80  36 388 235 379 343 189  11
   284 327 203 286 142  18 351 175 266 223  31 323 357 265 344 180 416
   232  16  34 132 175 184 403  50 187 111 366 414 319  35 411 270 191
   158 195 393 349 146 254  31 159 280   7]
  [  0 123 340 347 366 194   0 121 243 109 138 337 108  67 326 360 406
   413  53 175 113 189  29 108 134  32 243 399 150 323 128 312 121 266
    25 361 363 119 303 398 368 298 219 100 122   8 167 313 238 240 252
   193 316 375 251 405 334 253 134 100 204]
  [  0  26  11 396 339 188 246   0 222 369 107  33  95 165  53  74 385
   333 180  63 308 165  66 117  61  39 383 113 383 193 222 229 181 222
    82 271 100 102 172 130 217 273 297 342 390 175  79 392 154 198 392
   138  77  66 196 231  64 187  20 163 117]
  [  0 256 158 187 164 154 171 103   0 338 252 132 145 338 164 350  22
   253 340 107 330  46 372 115 398 397  76 121 399 320 122 256 339 376
   230 191  75 272 306 274 113 266 277 163 281 133 370 135 262 166 283
   296  65  72  60 115 223 379  76 363  62]
  [  0 325   9 259  30 354 147 218 299   0 262 416  27 409   1 136 389
   337 127 343 105  86 308  48  38 408 391  95 109  97  80 122  81 128
   379  35 247 390 206  79  87 170 311 115 125 260 247 169 272 319 267
   244 368 251 360  78 231 209 204 351 390]
  [  0 315 219 162 112  20 149 200 259 277   0 367 319 344 321 162 241
   355  41 374  27 189 320 220 323 156 167  44 219 237 165 172 169  30
    60 244 117  62 392  18 240  81  66  89 249 130 114  56 262 244 149
    79 155  27 202 340   9 251   1 247  98]
  [  0  83 194   8 174 197 140 380   4 294 221   0   7 138  47 230  38
     9   0 146 385 111 179 303  84  58  38  86  91  28 399  81 292 352
   152 176 302 386 291 261 360 280 385 278  31  96 234 235 115 110 289
   390 116 355  28 267 196 371 388 269 142]
  [  0 128 273 179  47  12 163  94 256 400 167 239   0   5 403 142  41
    50 217 188  55  78 130 344 386 201 151 178 163 400 338  87 134 327
   142 378 113 367 190 175  61  26 248 110 105 281  80 239 215 106 106
   388  28 252 371  74  89  76 306  73 276]
  [  0 350 401 120 377  15 100 132 347  48 168  80 403   0 373  23 181
   132 368  72 297  14 304  71 387 395 353   6 159 250 373 172 321 232
   125  68 184  71 379 248  76 315 323 330 245 372 167 220  71   6 236
    71 336 402 301 252 111 305 263 322  24]
  [  0 402 372 141 390  46 182 239 385  33  55  40 363 206   0 355 217
   271 267 235 236 363  51 266 391 185 351 111 149 293 126 248 300 248
    15 155  67 186 403 218  91 175 208 298 338 135 252 117  44  71 225
   161 137 156 324 303 207 229 374 316 362]
  [  0  76 203 207  87  15  10 329 377  53 399 163  62 121 229   0 345
    17 133 399 406 257 158 412 238 116  16  36 358 290 274 227 314  72
   198 218 149 190 268 126 266  78 184 237  19   6 187 405 391 215 191
   333 173 153  38 188  39 291 196 148 270]
  [  0 371 308  33  49  62  62 308 317  64 211  52   2 269  81  90   0
   125 375 415 157 293 326 267 146 153 308 282 154 305 321 311 376 291
    96 168  53 354 275 399 283 393 206 267 131 287 226 162 136 326 381
   407 340 224 282 281 210 355 342 112  29]
  [  0 210 193 366  41 251  27 381 364 364 291 314 269 130 279 222  45
     0 375 311 341 101 321 220 322  25 243 162 140 149 154  34 226  34
   230 118 307  96  58 335 125 390 360  91   2 315 253 277 220 292 262
    12  12  92 232 108 141 229 352  52  13]
  [  0 395  66 266 316 337 158  83  90 214  10 180  94 288 230  90  54
   312   0 234 111 343 273 414 187   4 172 290 180 315 128 103 254 143
   150 300 279 219 294 324 245 392 250 189  18 258 215 412 157 325  20
    52  76 330  46 342  30 219  60 110  74]
  [  0  82 394 356  94 285 363 291 299 181 221 101   8 270 116 320 197
   103 354   0 117  25  16 270  50 371 289 199 404  16  60  37 179 267
   397  82 200  24   0 324  50  89 392 301  89 359 400  66 301 344 210
   274 147  81  36 289  58 121  45 255 262]
  [  0 125 210 370 337 346 131  58  83 391 413 133 241  41 377 257 249
   336 323  45   0  98 208 185 320 154 193 408 140 353 194 122 343 257
   251 106 118 266 110 345 249 397 404 318  17 250 392 349 313 140 296
   167  63 356 403  64  20 349  86 242 209]
  [  0 118 353  94 137 351   8  40 360 375 287 360 410 270 199 189  39
    72 298 305  97   0 193 188 400 163   1  25 205 203  78 351 213 388
   196 106 214 340 294 115 125 211 359 338 153 319 128 337 267 315 134
   181 321 119 335 190  46 341 112 359 402]
  [  0 223 284  69 414 198 127 275 323 399 332 402 153  66  51 189 123
   292 220 237 166 387   0 181 324 166 267 404 115 115   7  52 317 407
    25  54 137  10 164 404 262 253 199 411 223 143 271 170 345 362 399
    89 170 244  51 297  39 384 313  55 354]
  [  0 123 347 187  66 210 258 393 301 239  51  14  92 214 295 314 252
   162 227 276 405  58  11   0 131  47 181 415  95 107 162 395 317   9
    37 407 325 133   3 335  69 188  34  15 302 326 235  43 128 317 379
    33 175  99 410  56 337  44 168 293 217]
  [  0 162 247 259 264 286 197  86  17 350 293 237 318 159  28 370 142
    88 134 296 202  52 407 331   0 241 367 203  59  76 178 269 267 404
   284 159 387  60 188 311  15 235  75  71 199  68 239 316  32 154 169
    98 229 172 220 213  22 272 386 201 123]
  [  0 282  41 378 175 224 146  38 337  37 208 102  27 110  31 256 339
   359 382 273 334 388  26 402 184   0 193 111 350 289  83  11 378  97
   269 294 350 338 348 167 214  17  83 285 272 108 150 287 134 269 225
   408 360  62 299 383 213 140 138 278  89]
  [  0 396  82 295 293 291 269 200 294 199 378 364  67 277 295 294  54
   385  66  58 197 348 319 218 285 212   0 341 236 391  45 405 126 255
   329  94  54 180 368 399 308 385 344 285  77 194 188 394 398 270 270
   403 155 122 336  65  36  32 233 292 219]
  [  0 187 223   5 351 409 322 346 177  99  54  90  20 222 281 258 150
   265 114  64 162 379 398 206 137 228  70   0  34 211 272 360 130 125
   225 222 340 233 171 284 385 303 411 266  56 121 317  93 327  35 329
   136 200  50 292 405 275 391 408   1 272]
  [  0  57 272 154 148 232  96 168 333 384 122 167 102   0   0 261 149
   121  96 276 173  83  65 233 306 333  97 153   0 208 291  86 362  27
   386 289 266 353  61 391 128 379 135 255 208 155 268 256 375 366 340
   371 330  70  90  60 126 364 268  57  76]
  [  0 413 327 384 264 281 154 414 298 278 246 324 370 264 309 124 200
     4 178 110 145 139 273 121 139 160  66 243 229   0 364 345 299 131
   317 335  55 393 277 118 209 178 329   4 355  67 234 153 146 149  33
   349 239 325 218 236  48  81  36 163 256]
  [  0 105 302  80 275 278 176  80 260 386  24 376 229 118 388  21 280
   212 342  70 393 228 412 375 253 369  26  61 266 116   0 390 249 123
   271 248  25  81 310 137 199 261 322 355 105 108 285 252 162 260 179
   210 413 205 383 405  39 139 110 399  49]
  [  0  49  31  88 301  50 251 375 126 217  69 340 324 319 388 173 357
   204 229 258 256 277 345 108 245  97 358 270 161 184  96   0 385 359
   267 376  56 122  15  78  11 416 184  17  37 379 350 160 382 152  18
   136 368 346 397 271 180  49 193 272 364]
  [  0 296  14  58  97  36 116 305 127  31 393 173 134 110 131 246   8
   302 114 131 224 145 272 163 358 346 258 320  63 167 192   6   0 376
   153 225 236 216 360 382 234 185 146 186 406 167 376  60 218  36 357
   151  59 258 128  65   5 220 207 271 159]
  [  0  25 278 369  21 160  88 117 309 406 246  27  43  87 213 252  82
    79 102 246  51  81 335 369 152 254 358 147  61 113  43 258 315   0
    83 110 214 185  29 176 127 160 215 236 286   2 378  67 126 109 123
   358 326  24 343 389 391 290 183   0  72]
  [  0 206 144 319 280  10 209  12 405 368 240  89 160  57 394  53 137
   303 127 286  23 299 172 112 235 212 180  98 293 286 179 140 388 330
     0 317  79 123 281 167 118  73  23 358  84 416 172 174  38  79 384
     8  51 132 374 165 394 117  94 128 142]
  [  0  10 353 276 264  81 257 287 265  55 206 346 373  37 339  95 325
   352 308 156  61  85 117 406 240 278 205  35 213 219 325 294 167  18
    67   0  31 239 369  96 230 134 228 233 320 256 338 264 331 262  80
   245  98 416 111 398  22  78 106  60 407]
  [  0 328 252 399 348 160 387  48 272 176  89 260 377 293 295 357 198
   234 353 410  84 339 180 210 253 318  73  66 220 275 394 188 105   0
   257  10   0 183 313  90 404 364 215 243  60 108 342 160  44 152 176
   363  53 291 388  38   9 109 202 273   1]
  [  0  32 354 241  55 214  62  17 365 270 204 105  75  33   6 258 321
   401 214 351  69  54 372 311 346 366 335  14 398 257 149 374  82 264
   278 185 345   0 313 337 352 236 290 154  64 247 134 364 105 130  94
   342 339 301 167 176 406 128  42 114 330]
  [  0 404 222  35 155 400 152 326  76 194 398 199 254 136 197  98  72
   262 162 376 152 138 227  30 367 255  20 160 224  56 174  79 239  16
   280 166 294  53   0 213  39 195 407 325 251 358  71 210 124  38 279
    48 252  60 344  21 293 412 156   4  62]
  [  0 395 396 108  13  23 211 301 197  22 155 227  12 125  94  57 267
   162 175 291 216 394  28 398 117 221 369  27  66  89  80 413 129 389
    45  22 288 166 140   0 340 273 375 207  53 179  21 215 231 243 409
    57  22 319 290 172 325 109 179 290 302]
  [  0 112 315 113  30 290  24 347  28 183  52  49 179 402 101 308 234
    35  36 317 185  15 258 298 312 102  22 410 406 101  16 166 182 386
    14  80 349 146 219 390   0 168 212 339 104  42  87 273 273 225 368
   360  85  74 189 265 118 210  13 285 400]
  [  0 312 286 242 142 415 125 360 309 199  78 398 339  25 244 408 392
   126 332 236 109 132 408 249 112 243 391 391 341  99  90 308 168 191
    61 315 362  28 117 143  39   0 143 138 220 320 319 322 266 266 263
   327 247 251 208  83 351 342 289 234 248]
  [  0 314 127 296 212 198  71 258 132 295 299 236 259 393 120 301 351
   330 207 254 105 307 309 341 366   1 326 317 122 332 259 100 156  58
   328 292  14 353 194   6 336  99   0 167 325 224  66 144 168 209  85
   414 284 144 316  48 283 277  51  74   6]
  [  0 290 316  14 373 353  80 356 414 305 259 344 125 328 132 375 121
   378 148 371  29  23 329 186   6 406 396 315 118  52 103 355 302 367
   112 236 404 263 320  78 103 202 249   0  40 142  76 291 309  44   4
   210 350  69 218 258 298 410 287  63 325]
  [  0 194 228 202  83  35 340 319 276 223   4 304  97 121 294 211  49
   313 205 306  40 343  29 349 357 144 215 350  89 253 249 276 206 137
   305 186  29 291 405 127 328 247 397 294   0 254 118 144 215  32 246
   280 384 324  52 220 152 216 372 138 144]
  [  0 106 176  33 365 153 259   6  28  11 289 188   2 287 372 410 414
    86 358 130 148  38 225  25 255 120 190 349 115 334 306  39 171 253
   242 394 209 154 321  90 160 354 183   3 305   0 177 371  27 299 220
   185 255   1 407 404 311 129  20  57 391]
  [  0  50 331  51 166 350 310 147 221 386 275 170 353 380  75  70 352
   299 216  51  93 256 411   9 237  42 291  47 211  90 181 368 148 214
   329 136 272 302  53   0 221  95  24  59 179 266   0 374 228 158 160
   113 376 261  84 119  88 263 211   2 278]
  [  0 172   8 198 129  90  16 320 199 308 277 226 203 267 168 303 126
   240 396 269  98 182 227 154 389 180 261 225  94 138 170 352 112 220
   120 359  25 125 416  69 150  13  47   4 154  68 252   0 383 225 260
   263 343 241 108 290 198 380 128 122  52]
  [  0 278 348 175 302   6 233 269  88 223 102 145 415 234   0  31 209
   303 130  10  26  86 381 386  99 116 393 149   9 169  24  67 367 318
   322 368 213  87  58 178  86 120 262 364  15 167 392  19   0 396 260
    27 164 376 235 304 354 152 385 331  43]
  [  0 215 324  75 255 141  60 238  63 286 255 128 318 102  44  89 280
    89 335  42 201 367  77 145 114 228 165 204  44  68 100  90 357 253
   367 375 191  99 250  43  31  82 356 140 321 355 410 156 375   0 111
   220 136  71 297 402 370 295 291 243  39]
  [  0 209 361 257 255  92 191   7 296 213 333 100 165 111 390 374 100
   277 383 393 205 228 311  35 106 182 256  34 159 131 183 100  36 109
   100 353  37 371  46 173  40 248 144  97 382 175  58 143 160  58   0
    86 165 364 300 182 225 127 114  44  19]
  [  0 207 108 353 159 244 318 312 136  75 313 262 406 303 177 174 259
    74 272 280 161 349 197 251 258 108  99 124 324 199 254 282 305 118
   125 170 257 340 232 316 396 221 234 152  28 127 200 310 134  44  72
     0 221 397  58 317 113 226  63  95 225]
  [  0 118 375 325 335  81 160  33 254 180 117  87 182  10 121 236 230
    95 178  51 326 284  99  17   0 305 231 105  88 228 183 199 104 130
   313 413 269 193 311 313  63 160 152 122 367 279   3 292 100 306 186
    95   0  24  35 293 316 219 403 349 171]
  [  0 344 404 156 244  83 266 121 308 139 315 193 302 267 113 224 393
   274 268 135 230  12 229  44 317 259 111 352 278 204 242   5  25 328
   401  48 194  37  35 399 322  97 362 253 227 358 114 143 280  58  75
   318 240   0 192 321  61 387  56  39 416]
  [  0 152  93  69 256 186 278 346 113 295 305 109 403 324 290 304  41
   248 118 246  43  49 351 269 272 207 251  36 360 235  55 156 346 217
   298  24 413 124 275 212 262 296  13 268 280  88 323 292 267 143 374
    99 216 192   0 161  22 230  97 170 255]
  [  0 152 356 228 409 339 161  68 397 285 231 346 293 139  65 262 326
    50  87 103 142  54 408 332 204 194 343  77 110  67 357 251 118 170
   153  12 225  57  82 119  81 212 123  51 288 195 401 392 322 404 395
   131  51  12 406   0 163  77  66 319 141]
  [  0 234 111 286  87 236 238 241 311  34 282 184 414 186  52 337 126
   137 340  45 410  89 146 207 179 115 364 122 100 302 191 119 168 175
   349 161 125 116  81   5 179 204 370   9 210 404 276 244 306 320 289
   362  46  94 100  27   0 255 243  41 384]
  [  0 170  22  28 202  62 201 197 412 230 306 209 309 234 235  71 170
   416 276  78 222 267 124 415 262 414 149  51   6 318 109  77 202 143
   119 290 156 332  79  49 179 203  56 273 105 272 221  99  92 143 123
   139 254  56 390 239 157   0 230  81 334]
  [  0 350 144 133  61 393  38  94 338 278 112 247 108  48 162  34  92
    61 124 263 173 355 317 350 382 143 115 335 273  46 366 351 406 278
   286 369  61 209  83 366 242 223 199 162 229 281  92 158   9 267 221
   252 166 269 381 319 242 203   0  46 178]
  [  0 186 364 341  41 206 190 364 381  80  46 344 228 269 179 303  54
   206 196  34  46  20 298 158 306 296  67 281 197  58 150 239 161 235
   292 354 390  78 258 234 182 392 132 322  30 383 391 183 252  15 301
   264  18 132 225  52 115  74 384   0  31]
  [  0 371 299 389 203 259 301 103 202 212 121 225 386 178 257  50  40
    68  96 275 220  40 108  50 362  17 207 218 414 373 412 373 154 209
   390 204 281 404  32 257  70 122 401 327 170 110 113 131 273 150 153
   212  19  61 357 334 196 331 183  23   0]]

 [[  0 117 323  48 292  16 120 189 260 270  51 152  46 188  19  76 390
   328 384 185 185 341 370 311 334 147  80  35  63 246  42 394 231 351
   315   6  42 125 339  82 374 245   3  90  24 250 384 334 163  48 205
   259 197 415  64 138 273  17   8  61 295]
  [  0   0 274 311 200 108 360   6  91 196 106 263  32 156  79 262 408
   177   9 356 381 240  60 119 291 147 217  85 238 236 244 252 246 336
   159 122   5 397 360  63  22 107 411 216 278 204  94 379 106  49  73
   187  57 103 369 374  24  29 319 250  14]
  [  0 103   0 339  13 370 280 230 272 309   9 130 120 312 403 306 191
    94  74 352 273 377 389 189 191 155  42 264 379 312  96 342 380 336
   223 255 263 265 116 343  88 220  30 266 370 241 279 120 181 207  10
    92 268 229  67 196 407 351 282 361 205]
  [  0 285 367   0 222 267  23  26 347 176 185 128  23 114 416 144 348
   245 356   2  74 167 124  16 118 301 116 192 236 262 179 335 398 170
   202  57 402  79 201  69 379  64  97   5  55 288 281 206 208  26  43
   339 106 391  39 332 215 300  49 406 318]
  [  0  83  20 256   0 207  63  75  24 210 381 393  89 183  30 397 229
   215  65 130 181 317 268 235 211   6 170  31  26  85 303  61 194  15
    40 171 389 385  87 130 324 265 371 406  81 352 126 260 184 260 409
    10 275 407 252 361 201 118 230 378 140]
  [  0 249  25  86 377   0 104 413 331 142 168 207  91  80 173 274 347
    67  65 405  30  97 366 265 353 127  29 217 394 308  49 320  74  44
    56 326 159 319 299 355 138   0  88  28  88 390 327   9 339 152  28
   322  57 275 370  78 324 335  60 164 265]
  [  0 403 369 210 295 384   0  84 131 145 351 303 124 355  58 303  54
   247 146 238 143 330 315 391 319 410  75 256 266  76 170 415 372 251
   308 130 350 357 219 222 187 233 363 404 221 124 100 191 227 369 348
   305 287 288  11 147  45  21 408 247 145]
  [  0  81 332 358 117  15 109   0 343  94 377 317 299  88 230 366 414
    81  37  70 109 161  65  18 292 327 159 302  62 315 362 199 399 269
   381 137  81  94 362 363 178 226 322  87   0 294 133 306 252  66  48
   416 234 295 292 349 255 251  69  35 384]
  [  0 313 167  90 378  90 216 314   0 384 293  84 203 266 345 121 296
   134 322 322  24  52 216 173 372 280  10 347 181 296 215 180 196 236
   367 288  78 331 210 176 360  53 200  36 328 235  96 359 166  42 246
   196  69  39 255  43 220  84 144 400  56]
  [  0 169  52  79 373 318  43 268 414   0 379 363 277 348 401 110 259
    89 246   7 384 283 384  61   6 265 291 319 111 273 336  68  69 405
   412 119 154 157 184 215 252 152 207  96 365 403 224  51 224 405 233
   118 367 328 149  14  43 109 151 267  78]
  [  0  25 331 266 212 397 126 310  71 135   0 222  43 220 168 370 167
   105 166  80 157  37  14 191 186 400 264  84 338 348 229 384 319 120
   387 327 161 382 128 262 340 103 356 138 326 106  11 198  65 131 303
   382 109 222  26 178 284 368 325   9 113]
  [  0 286 139 145 245 400 249 122 272 296 158   0 385  37 205 270 347
   298 369 287 325 295 114  45 284 192 404  95 143 268  49  10 356  73
   319 245  48  42 259  30  49 172 395 112 204 122 176 179 100 192 137
   291  74 202 127 183 353 157  27 320   1]
  [  0 227 199 148   5 245 209 234  49 222  76 402   0 103  40 339 316
   411 259  75  51 317  71  90 259  68 168 241   0 325 412 401  48  24
   172 299 139  60 139  40 231 290 111 354 157  49 288 147 200 172 109
   337 117  40 148 152 353 237  44  61 396]
  [  0 241 171  95 206 244 194  77 349 229 232 377 252   0   7  57 328
     7 383 334 258  48 183  65  12 394 361 323 293 319 145  14 173 342
   402 387   2 244   9  28 269 382 139 271 283 358 377 310 169  91 219
   299 335 121 414 229  85 328  39 274  13]
  [  0 150 156 220  50 210 361  49 309 335 360  36 407  48   0 196 137
   382  81 110 150 314 353  61 304 152 166 376  47 277 135 375 184 240
   199   2  42  89 238 146 181 220 170 150   3 187  55 291 352 340 354
   215  50 339 387 254 398 222 197  18 363]
  [  0 379 271  70 253 265  53 125 222 310 146 315 385 143 192   0 188
    21 386 171 141  68 323 186 188 238 348 376  69 402 298 177 236 372
   169 123 146  99  57 131  41 143 131 221 121  49  93 220 162 204 135
     3 355 412  36  21 306 160 124  91 224]
  [  0 266 393 347 301 359  44 350 188  91 144 278 337 195 380 404   0
   294 170 402  71 396 226 263  88  48  52  48  94 371 231 107 119 387
   113 190  72 117 239  39 376  41 389 297 267 196 317 208 369  52 367
    99 186 118 258  26 171 336 255 327 262]
  [  0 248 167  31 163  86  89  10 279 303 184  66 199 291 301  32 400
     0 189 356 305 130 294 337 356 236  48  26 239   9 124 200 371 281
   405 151   0 190 223 275 218 107 410 216 221 280 253  44 132 304 281
   339 379 330 125 214 130 199 351 413 255]
  [  0 411 278 253 306 222 177  63 107 376 414 344 386 235 416 116 415
   225   0 159 210 205  27 380  39 286 244 261 120 184 311 188 212 393
    22 181 112 352 182 394 333 214 309 273 375 286 228 141  52 401 409
   380 392 104  85 371  91  87  55 301 273]
  [  0 220 300  17 337 301 269 150 278 407  62 397 229 123 148  78 132
   295 138   0 110 228 185 255 213  88 291   5  30 396 357 356 133 117
   136 288 228  60   6  75  24 154 279 349  23 293 216 403  35 325 370
    76 160 250 158 227 338 214 128 120  85]
  [  0 194 222 214  68  33 127 141  38 136 227 113 140 368 408 190  71
   382 273 354   0 198  45 149  85 338 250  10 268 252  68  97  43 104
   224  43 140  62  94 123 332 223  78 107 400 140  47  68 379 401 158
   296 366  80 251 364 267  55 201 111 190]
  [  0 133 291 138 404  44  55 384 105  43  35 388 338 180 122 384   4
     4 254 207 295   0 123  50 224 116 220 319 250  57  60 397 311 264
   179 329  44 196 244 198  84 256 146 406 164 403  91 318  27 370 377
    99 311 179 406 247   8  12 111  93 167]
  [  0  39  18 294 258  69  75 242 333 141 157 102 164 396  28 367 115
    59 229 112  63 198   0 296 174 273   1 225 189 239  60  88 396 345
   258 324  93  71 247 176 412 367 159 209 108 384 171 327 303  66  53
   269  56 146 138 366 174 250 411  65 392]
  [  0 280 367  78 254 174 123 271 330 374 185  66  83   9 330 255 290
    84  56 209 252  96 122   0 197 326 114   8 188 312  73 310 200  52
   335 246 363 415 349 358  51 144 331 149 205 403 267 267 336  72 296
   333 388 175 402 239  43 413  50 275 267]
  [  0  53 147 308 248 144 342 157  75 378  79  36 381  53  80 309  65
   345 295 190 254 141 189 414   0 343  84 189  89 362 413 411 305 415
   340 286  83 416 287 216  10 104  92 353  81 330  26 387  45  74 132
    61  49 303  79 103  49  79  67 299 209]
  [  0 267  58 177  75 112  99 146 410 134 235 302 116 393 347 404 148
    79 254 249 178  36  32  34 321   0  30 381 323 183   8 412 167 177
    43 125  85 271 312 291 263 107 240 394 245 341 206 366 166 301 396
   147 214 242  25 244 123   0 314 225 317]
  [  0 386  69 188 120 309 402  93 407   3  15 265  39 410 142 344 337
   119  15 264 119 309 288 248  76 340   0 267 281  93  21 282 290 329
   223 134 285 106   7 391  97 256 110 179  67 233 406 168 299  13 114
    43 140  94  67 142 412 240 289 189 189]
  [  0  23 349  29 385 233  84 197 105 397 346 409 254 291  16  68 282
   361 269  17 414  58 387 134 132  76 231   0 384 371 383 205 326 110
   225 202 185  15 221 142 406 114 228 214 101 122  77 224 199 402  99
   255 247 253  67 305  59 336  28 262 361]
  [  0 337 293 318 289  65 395 260 342  45  93 107 150 164 379 151 374
    32 397 290  46 262 164 237 227 171  86  97   0 225 167 136 294 391
   210 351  52 284 134 331 241 352 167 401 191 178 144 286 122 388 192
   153 196 315  59 277 270 308 190 206  72]
  [  0 351 313  86 372 409  46 352  68 236 303 348 288 317  24 378 223
    45  13 305 238  89  41 316  67  65 233 296  17   0 357 271 312 211
   387  49 103 407 350 398  87 176 195 163  53  40 111 235 258   5 276
   227 130 205  22  36 196 382 309 358 334]
  [  0 142 186 415 290 167  25 169 181 392 416  24  44 392  70 297 215
   309 199  13  21  88 363  82 387 368 375 220 301 126   0 352 350 376
   407 405 357 361 388 281 138 350 157 182 211 334 342 388  46 303  87
   390 311 243 130 202  11 250 127 416 268]
  [  0 340 148  34  24 263 292  54 222 236 190 357 196 239 413 322 406
    82 332 270 194 346 273 104 398 329  61 344 371 153 373   0  17 246
   136 301 373 194 322 398   9 260 213  20  60  31  69 262 173 196 319
    59 273 276 145 231 225 285 261 272 107]
  [  0  34 404 250 372  30 152 220 228 351 133  87   6 114 182 180 330
   152  76 182 235 117 379  70  11 368  47  60  85 299 156 201   0 211
   229 234 246  95  33  97 207 191 286   1 255 413 103  20 179 336 404
    62 222 319 173 414 400  86 272  59 414]
  [  0 173 306  94 208 308 255 293 277 180 106 132   0 159   5 280 291
    93 315  40 350 103 234 133 225 129  69 100 274  97 411 153   2   0
   303  28  55 201  36 270 207 125 190 247   1 337 194 346 168  14 393
    64  30 323 217 262  42  46 247 392 112]
  [  0 187 232 145 328 208 204   3  46 377 267  85  41 242 145 174  55
   141  14 292  48 270 318  41 290  57  19 193 389  74  80  96 143 264
     0  66 375 133 160  41 331  66 370 413 106 397  45 297 227  95  45
    98 219 335 360 398 174  40  71 340   2]
  [  0  50 193 327 403 230 260 218 264  34 287 399 217  52 133 243 299
   200  98 138 361  32  88 375  65 111  91 183 199 379  49 326 394 193
   282   0 363 337  89  55 358 349 249 252 137 206  57 380  64  57 189
   285  22 344 338 199 312 278  82  16 351]
  [  0 403 364 268 294 279 163 124 348 408  66 273 149 152 346 242 296
    62 283 194 184  96 298   8 390 178 412 243 268 326 320 124 298 410
    38 134   0 219 316 379  16 140 409 280 411 179 213 175 147 262 374
   382 375 299 365 333 230 293 348 363 298]
  [  0 109 122 318 227 237 359 237 250 145  91  16 108  48 368 214  39
   275 199 332 203 320 291 128 367 288  65 136 169 392  28 185 299 101
   267 236 160   0 330  14 183 301 372 277 330 221 271 368 109 147 238
   206 335 151  12 200 352  46 226 374 277]
  [  0 308  51 111 156  36  52 126  95 102 148 121   7 267  86 213   2
    94 284 107  63  38  45  26 327 269  47 342  53 171 358 358 276  31
   177  34  45 158   0 100  70  35 361 204 284 206 107 398 151 282 163
   291 248  78 235  25 318  87 127  49  55]
  [  0 246  36 372  56 109 354   9  87 341  98 226 108 401 284 378 339
   346  33 283 205 302 340 265  71 346  40 219  89 208 265  73 346  84
   399  47 309 324 188   0 114 119 296 370  27 184  73  84 373   4 134
   316 124  51 175 362  19 235 239  20 250]
  [  0 400  21 118 400 326 166 388 168 293 322 151  47 120  29 383 181
   409 296 318  13 114   3 288 287 314  72 196 184 130  67 301 105 143
   268 339 231 119 176 190   0 107 224 270 186 184 155 186 180 375 239
   194 214 145 408 143 188  24  68 117 171]
  [  0 368 180 153 105 191 358 351 186 248 192 154 208 287  69 375  17
   347  13 243 359  56 341 300  92 124 221 397 133 212 150  51  26 176
   103 113 384 140 278 415 226   0 218  76 181 241 362 237 284 396  84
   319  80 144  45 249 405  21  79  73 327]
  [  0  22 347  64 253 240 325  23 199 256 236 128  81 170  76 310 402
   286 187 303  88 224 163 249 113 187 390  78  10 183 298 242  11 238
   173  66 251 255 172 184 288 164   0 308 218  35 143 128 319 243 129
   368 183 194 204 332 277 169 162 362 408]
  [  0 379 388  57 229  46  51 171 269 321 247  92 187  72  15  87 324
   366   0 390 124 356 133 150 225 319 280 218 301 226  59 354 381 390
   327 131 135  24 269 204 190 196 346   0  60 156 260 386 191 112 364
   192 268 321 347 369 185  37 177   7 201]
  [  0 178 231  48 168 317 109 229 180  93 136  50 107 155  79 336 411
   344  96  37 332 136 133 359 152 270 274 407  41 284 249   0 284 327
   250  91 278 190 132 188  29 183 380  35   0 306 311   9  83 284  87
   346 370 360 397 173  44   1 326 158  84]
  [  0 270  59 210 276  90 372 174 380 284 194 414 411  38  58  32 355
    94  69  97 172  97 337 370   6 235 356 409 179 246 315 312 257 348
   347 320 180 204 117 344  44  52 226 371  58   0 216 288 377  27 259
   218 396 150 233   5 363 157 159 193 285]
  [  0 162 175  19 202   7 383 216 350 387 393 236 158  46 126  38 378
   262  85 370 186 255 104  24 328 297 387 175 359 271 207 209 380 235
    10 115 359 399 313 176 355 360 147 331  74  55   0 338 113  41 358
   297  76 238 133 180 280 273 125  37 345]
  [  0 227 349 326 103 117 147 315  73 192  66  83 128  34 365 360 309
   258 396  20  44  64 365 195 216 135 354 184  93 242 194 190 361  46
   413 169 394 388 348  52 350 151  29  72  22 250  12   0 403  87 340
   252 250 327 332 104  66 354 251 114 397]
  [  0 158 344 322 332 230 107  36  73  74 373 225  95 373 204  86 397
   116  83 273 207 269 286  66  32 346 411 311  87 340 380 142 255 200
   177 146 176 111 352 415 410  52 327 137 334 181  36 179   0  71 365
   304 241   3 353 315 324 224 257 317  17]
  [  0 177   6 201 284 171 109 249 155 361 208 371 190 163 308 199 240
   264  21 386 122 216 332 110  50 282 190 214 162 350 169 353  12 357
   212 291  48 230 208 295 223  97  47  96 252 258  87 100 285   0 402
   102 248 213  30 247 411  97 271 283 397]
  [  0 235  27  40 311 383 394 198 384 340   8 334 338  12 249 282 115
   228 360  25 213  75 339 305  13 241 196 224 280  73 333 397 294 320
   227  43 125  64 158 132 190  38 142 256 316  77  44 141 371 310   0
   388 195 384 404 406 223  44 270 145 156]
  [  0 170 386 255   2 359  48  91 103  96 208 266 245 358 135  18 241
    39 247 220 170 235 186  59 212 336 346 390 162  46 174 320  92 242
   233 300 399 160 262  88 208  33 272 263 193 140 377 373 132 116 330
     0  79  39 165 382  63 150 302   4 376]
  [  0 187 273 212 349  80 227 347  82 166 237 351 395 246 358 136 272
   132 151 399 134 294  45 376  63 414 308  64 116  52  69 384  64 325
    58 282 100 373 194  32 325 143  78 296 314 112 378 199  72 249 396
   168   0 193 226 179 402 244 288  25 270]
  [  0 170 165  22  15 201  92 322 318 155 315 295 247 105 242 227  58
   360 353 405 151 283 332  82  56 326 231   8  64 121 290 256 174 381
   249  24 155 351 107  65 175 211 302 124 196 113 167 120 302 364 116
    39 111   0 321 303 138 148   0  73  32]
  [  0 234 171  40  92 319 308 357  51 214  86   6 247 342 258  23  22
    46   2 279 379 228 364  65  45  94   4  30 184 276  37 221 241 368
   128 288 274  95  19 308 161 163 292 194 408  93 142 192  14  89  95
    21 107   5   0 207 269  39 212 140 230]
  [  0  50  99 141  64  98 201 129 244 130   4 126 216  53  23 123 331
   324 165 413 197 216   8 289  66  46 119 215 408 262 171 363  93  34
   198  22  94 359  69 234 223  39  64 214 278 273  21 102 409 293 202
   115 368 372 367   0  18 285 294 403 353]
  [  0 164 224 387 342 291  17  62 274 328 236 228 170 369 240  38  14
    41 180 363 299 301 365 416 309 227 175 320  57 102 355  35  65 164
   334 381   6 292 341  45 237 294 187 350 364 150 355 120 260  24 402
    73 276 101  11 212   0 106 175 153 235]
  [  0 409 378 281 416 254  10 211 298 350 224 336 172 204 249 405 144
   106 275 403 296 414  15  65  83 151 176  98 270 107 383 341 288 223
     3  41 372 109  36 180 283  41  92 376  91 336 324 263 378 109 387
    86 374  12 164 310 315   0  18 223  69]
  [  0 318 327 284  44  19  33 295 184 415  98 352 311 308 276 243 130
   162  77 331  55 236 102 357 413 368 314  49 111 266 126 187  32 298
   290 160  63 141  18  76  23 274 227 144  17 181 185 320  55 281 384
    47 277 361 187 406 348 119   0 313 388]
  [  0 169 144 271 138 203 115 328 332 104 282 101  93 412  31 217  54
   328  67 186 211 173 349 275 184 215 312 160   6 390 310 311 275 208
   186 224 239 184 228 138 333 180 220 396  20 215  78 318 330  42 381
   195 356 394 277 294  62  88 240   0 348]
  [  0  16  62 160 209  66 346  47 277 199  62 368 289 371 103 331 142
   101   4  67 337 318 340 357 212  60  16 311 391 262 272 358 395 270
   405 267 285 193 144 300 323 308 274  87  44 306 383 146 200  25 404
    73 277   6 413 155  73 108 157 393   0]]

 [[  0  48 283 217  95 394 244 412  74 404 206 166 414 326 300  76 111
    67 403 310 280 390 177 384 112 330 179  95 150   3 279  11 265 151
    11  13  48  47 269 155  66  65 305  28 364 214 117 372 141  14 178
   333 231 387 139  87 282 274 213 210 347]
  [  0   0 301  82 285 207 317 404 106 192 360 357 352 377 386  99 296
    82 273 354 229   5 260 234  70 196 250 368  18 125  67  56 391 224
    38 284  77 271 141 262 321 295 256  23 128 382 393  96 110  18  36
    78  39 154   7  84  21 192  11  81 260]
  [  0 399   0 291 108 174 374  99 294 315 135  44 221 261 138  31 210
    22 242  66 409 191 196  84 305  76  65 206 330 324 304 117 266 164
   293 407 324 407 199  61  52 120  96 217 338  76  17 381  18 353 313
    42  73 215 162 127 180 376 376 299  84]
  [  0 372 202   0 313 102 235 156 106 316 236 284 180 148 116  39 386
   178  22 394 176  23 125 327 202 411 265   9   2 206 335 166 110  24
    56 211 145  53 119 362 159 114 294 344 295 201  44 134 350 129  70
   311 215 237  86 249  81 265 278 384 230]
  [  0 202 120 225   0 307  25 223  25 331 253  19  96 253 197 355 164
   198 347 340 185 294 248 297 401 185 348 391  25 344 113 220  33 143
    55 212 265 301 290 167 349 415 102 414 178 203 361 400 235 340 142
     6  27 128 308 124 261 310 365  17 338]
  [  0 203  27  99 106   0  58 284 148 241 118  19 258 389 262 247 292
   120 162 100   7   8 365 348 178  58 306 124 413 136 218 409 392 329
   208 145 132  72 202 282 315 334 324 326 211  16  87  89 323  65 111
   205 138 313 260 250 378 185 161 146 271]
  [  0 220 108 411 407 136   0  12 344 304 308  97 175 178 128 170 368
   350  44 317  41 290  28 323 412  17 172  74  92 298 171 132 337  25
   172 257   7 285 282 130 212 384 385 303 143 318 110  12 311 329 288
    94 178 175 255 296 103  37 275 386  22]
  [  0 287 257 393 113 326 304   0  45 321  87  62 334 312 193 209  48
   304 167 137 224 300  27  19 301 139   3 184 340 195 282 253 375  73
   222 293 413 411 352 307 332 201 166 203 281 219  85  23 284 309 185
    75  17 407 188 215 387 206 120  65 367]
  [  0 127 317 368 118   5 221 369   0 246 250 296 310 326 230 392 329
    93 129 397 221 108 368 240 129  52   7 345  21 197  64 373 155 231
    17 325 329 266 103 262 143 220 266 148  86 377  32 352 403 325 319
   331  86 213  15 203  87  76 317 365 146]
  [  0 305 408 228 102 107 199 138  79   0  96 360 131 150 323 126 266
   351  73  60 196 339 137 128 268 220 325 234 408 366  90  63 170 217
    21 411 172 384 360 203 322 252 256   7 340 211 389  50  34 173 338
   336 409 198 349  55 102 394  29 182 111]
  [  0 261 206  60 279 252 310   9 410 386   0 299 212  97 321 213 254
   200  33 171 404 328 359  48 108 397 383 181  64  80  47 224 247 314
   245 142 360 258 365 359  13  26 112 312 172 269 149 408  12  15 324
   204 240 312 135  81 198 149 274 327 225]
  [  0 207 285 300 136 222 350 142  26 413 136   0 204 292 302 252  38
    30  37 275   5 384 353 166 133 271 340 409  81 228 372 338 242  51
   231   6  41 192  29  20 168  38  75   0 123  73 397 129  63 399 332
    91 160  15  72  92 262 283  73  18 126]
  [  0 130 152  26 175 399 180 267 208 290 235 294   0 397 154 245 249
   402 272 322  93 339 271  85 330 169 287 179 346 188 108  70 148 416
    77 234 131 384 198  36 251 382 176  67  84 353 106 212  70   8 284
   191  12 345 320  30  47 412 241  91 207]
  [  0 194 312 131  85 361 373 277   1  90 380 263 410   0 198 412 389
   284 301 403 401 316 313  18 315 403 377 204 155  58 135 396 313 307
   242 392  30 285 308 318 382  58  45 113 285   3 224 360 407 332 286
   192 193 114 234 308 131 200 107  65 343]
  [  0  36 225  90   3 408 211 358 180 221 124  87 159 283   0 251 149
     4 199  59  86 182 310 170  81  27 290 102 393 375  24 147 319 308
   182 136  30 109 273   5 337  80 366  68  99 121 273  16 404 236  86
   373 391 341 413  90 327 167 385 350 193]
  [  0  59 345  39 314 259 337 348 198 133 182 353 238   2 130   0 199
   146 367 327 160  27 289 215 391  35 299  35 207  36 405 381 169 312
   146  46  98 183 379 170 303  26 138 233  39 271 227 189  53 306 362
    17 336 186 240 128  70 158 119 223 160]
  [  0 294 187  21  13 177 303 297 409 217 233 124 358  81 198 399   0
   240 243 203 191 233  70 204 376 324 202  15   3 130 233 353 184 400
   111 387  67   5 305 174 364 129 292 205 119 154 253 168 343 182 244
   371  63 374 284 245 124 154 340 279 309]
  [  0 131  32 244  94 281  97 264 235 296  10 368  32  86 340 416 173
     0 305   8 247 321 197  51 198   8 220 164 208   7  76 227 205 378
   353  86 192 261 170 261 378 403 224 175  58  66 362 128 305 103 248
   381 380 190  37  38 392 112  88 322   6]
  [  0 179 285 112 191 323 397  56 144 230 103 362 237 293  45 263 285
    43   0 261 292 411 225   8 414 196  80 282  20  45  69 364 411 110
   407 376 342  97   2  74 384 114 195 365 231  98  97 345 168 382 189
   121 325 207   9  26 158 386 353 184   7]
  [  0   3 372 329 113  47 285 163  52 237 276 376 296  40 224 187 358
    48 273   0 301 243  20 182 183 352  41 306 133 364 367 293  47 247
    66 270 106 108  75 277 344 374  41 345  12 235 394 177   5 291 174
    27  78 320 323 344 267 377  36 200 176]
  [  0 222  84 381 408 273 265 208 239  21 405  90 338 343 172   2 348
    79   4 176   0 124 398 207 122 340 220 245 109 119 150 369 376 124
   397 267 220 187 388 386 231 231 123 117 394 114 205  28 244 307 266
    15 327  45 222 114  78 375 245 281  55]
  [  0  95 286 239 172  89 343 377 215 123 160 270 198 184 163  83 118
   322 149 266  52   0 309 290  89  35 147 234 386 219 416 161 416 374
   358 349  17  54 396 197 271 185 267 243 341  39 256 215 113 381 413
   106 110  51 132 224 300 399 348 357 122]
  [  0  34  44 164  48 409 407 402 360 228  84 222  96 330 123 128 325
     6 309 177 298 371   0 361  18  18 225 222 357 350 347 415 127  33
   401 287 327 138  66 369 271  60 391 296  81 149  70 210 379 147 196
   401 176 159  62 194 207 107  24 129 227]
  [  0 406  26 388 235  46 366 233 348 105 296 336 408 347 302 273 393
    45 301   8 261 325 124   0  79 129  76  71 201 119  14 407 280 335
    96 103 142 296 298  71  64 146  82 258 415 222  53 313 339  13 229
    76 311 246  69 188 172 405 304 177 369]
  [  0 233 142  16 283 271   4 165 124 151 311 382 239 247 369 140   4
   268 166 161 349 134 293 263   0 216 321 144  31 166   9 377  98 289
   158 362 173 405 205 415 184 147 192 286 258  11 197  37 207  96 300
   347  97 350 246 245 211  42 131 205 392]
  [  0 260 338 191  95  40 399 278 378 138 160 348 134 237 104  55  10
   182  49 260 401  22  93 201 150   0  39 269 157 189 264 197  72 135
   187 289 412 232 198  24 274 324 261 283 117 347 211 314 353  77 271
   122 264 293 110   3 316 219 297  53  22]
  [  0  15  62 121 170 399   8  51 278 279 210 242 229 383 224 332 330
   227 226  28 259 416 262 189   8  97   0  60  80 211 123 225 164 344
   199 201 247  31 312 274 394 126 174   3 292 355 291 322  12  39  13
     3  44  46 110 180 292 170 234  86 402]
  [  0 320 136 108 266  78 107 214  56 163 147 276  21 320 354  23 375
   195  34 303   0 294  72 125 185  13 200   0 101 378 264 321 302 349
   223 158 272 149 139  61 159 112 252 188 368 382 246  10 188 208  98
   256 289 229  65 384 381 173 157 386 360]
  [  0  83 300 175 165 239  90 383 276 319 256  19  51 140  29  77 381
   129 152 275  50 282 153 154  39 247  77 227   0 336 224 198 320 318
   392 344  59  56 262 155 325  30 289 304 144 230 342 323 221 385 347
   303 243 101 183 403  20 340 305  58 130]
  [  0 260 283 283 261  84  77 137  10 348 353 302  98 189 228 346 156
    97  81 284  80 364 184 157 196 141 276 173 200   0 253   6 404  26
     1 262 306 357 110 197 328 346 237 221 206 155 340 179  70 209 245
   174 261  37 102 316  15 208 128 396 135]
  [  0  22 397 250  55 356  35  20 278  11 107 416  31 348 299 177 220
     2 145  12  64  48  96 298  37 306   6 108 153 264   0 395 185 141
   299 153  10  41  15 114  67  68 380  14 191 267 210 116 101 275 304
   292  35  67 234 188 395 342 108  53 389]
  [  0 178 131 265  64 154  39 118 312  31 187 369 216 350  30   0 268
   193 243  92 234 246  36 366 343 198 149  17 321 406 109   0  55 191
   320 113  73 278  96 169 104 228 141 228  24 288 394 398  62  60 149
   124 265 227  84  91 295  69 263 106 379]
  [  0 188  27 230  96 223  93 121 279 350 303 239 410  79  89  15 104
   124 347 261  36 136 323 334 164 359 319  52 160  75 383  70   0 348
   319 180 226  21  32 165  27 350 184  25  98 248  40 256 398 189 301
   279  72 282 298 107 413 287 281 354 144]
  [  0 109  50 367 261 350 194 269 220 318 217 105 389 344 120 257 359
   382 360 219 234 207 216  66 187  79 393 145 374 214 410 178 215   0
   321 349 232 182 189 124 198 137 144 166 296 277 258  51 123 398 245
   330 382  96 414 299 165 204  12 300  20]
  [  0  32 268 237  83  47 326 333 304 238 278  46  88 413   1 299  24
   168  73 403  97 101  66 109 255  32   9 169  26  31 152  45 335 305
     0  81 352 257  57  88 149 135 236  76 215  90 408 258 337 122 414
   128  67 290 171  49 221 314  75 215 360]
  [  0 375  22 272  56 122   1  23 239  36  32   7  17 245  92 327 310
   331 340 125 316 135 308 288 142 324 161 335 255  41 337 190  29 368
   151   0 116 343  39   6 217 155  39 348 217 100  91 275  49  62 121
    28 397 103 145 228 223 380  38 328 368]
  [  0 160 394  69 304 170 108  13 120 378 352 315 391 296 335 188  41
   270 214 173 259 124 167 286 129 161 390 386  12  29 234 394 210  93
   279  82   0 157 280 174 360 306  41  27 337  40 148 286 268 150 307
     9 316 296 246  67 264 253 122 370 268]
  [  0 112 313 394 202 184 261 362 384  55 194 144 258  73 165  19 380
    41 303  11  76 158  80 183 167 354 390 141 151 135 340 361 405 228
    52  62 258   0 159 312 374 190  26 325 331 121 136  93 166 336  86
   231 411 393  67 331 202 353 408 283 397]
  [  0 125 282 269 205  84  25 403 256 271 287 347 113 187  99 350 153
    37  78  61 103 118  21 372 332 218 123 414 275 319 335 150 119  78
   288 347 289  11   0   3 218 312 261 186  81  87 287 382 148 188 275
   139 252  44 277  12 214  71 367 276  21]
  [  0 379 413  21  46 298 253 390 294 236  82  31 384  78  85 144 273
    11 220  67  69 103 295 392  28  90 198 288 183 126 203  99 168 194
   340 131 212 250 163   0 386 239 168  43 392 271 414 160 194 164 234
   331 323 294 336 290 374 264 261 388  27]
  [  0 372 286 326 123 206   2 405 180 344 101 172  45 166  18 340 167
    77 183  66 366 270 355 276  20 249 100 395 324 378 215 325 101 159
    18 365 315 377 146 318   0 157  69  94 121 291 235 154  38 317  24
   376 375 104 131 159 299 314 192 270 143]
  [  0 180 260 113  85  85 185   5 297 282  67 408 216 415 214 217  69
   353 341 311 324 340 308 259 239  15 334 298 333  67 414 316  54  13
   349 338 316  77 324 298 131   0 249 356  28 228 415 390 394 306 365
   332  32 126 361 311 239 234 146 330  27]
  [  0 203 379   3 345 219 144 403 334 259 127  59  23 269 300 364   5
   131  60 205 119 262 192 221 411 306 239 211 143  61  84 414 351 268
    42  72 352 207  71 295 394 355   0 266 360 234 258 293  89 309 136
    93 399 194 242 273 365 272  76 238 388]
  [  0 339 213 109  37  98  39 324 288 387 361  81 169 377 401 175 189
    84 273 198 310 331 123  22 207 144 237 321   2 378 100 278  61 223
   146 378 368 280 224 162  84 286 311   0 133 289 150 108  89 232 106
   118 175 316  81 391  71 378 160 142 360]
  [  0 390 416 310 366 194  98 393 292 302  99 258  20  58 119  12 357
   195 167 259 236  15  63  88 368 342  68 330 232 367  84 386 204 159
    52 248 337 200  39 371 276 170 323 304   0 326 127 376 275  83 256
   132 394 383 181  35 268 373 329  30 401]
  [  0 346 400  90 356 230 186 238  29 301 115  10 289  95 123  77 218
   103 321  58  90 348 253  11 332 243 223 132 270 397 376 308 182  31
   218 384 384 224 279 295 199  88 412 174 107   0 311 398 128 397 106
   280 354 345  95  27 305  57 412 291 114]
  [  0 160 189  60 374 335 371 337  41 249 222 140 247 410  81 373 223
   123 139 153 244  33 263 230 263  97 242 270 178 112 381  46  27 146
     1 116 108 392  45   6  89 413  38  66  69  79   0 412 200  14 218
   129 119  85 268 174  12 187 291  19  18]
  [  0  37 255  87 101  95 126 189 243 258 112 205  25 249 410 325 307
   110  87 292 211 369 179 259 312 350 324  58  59  59 176 387 116  41
    17 269   3 317 416  50 256  19 169 142  71 415 298   0 100  67  32
   220 269 349 164 350 244 153 382 324 410]
  [  0 218  94 380 214 346 235 108 232  49 165 256 227  10 342  10 359
   238  22 107  23 411 191 327 205  50 388 369 399 132 413 224 113 412
   230  77 347 177 404 210  13  68 137  20  44 200 143 343   0 198 277
   340 335  49 316 170 395 311 309 325 217]
  [  0 254   8  56 415 183  69  39 395 206 415 125 327 143 281  58 137
   189 305  52  84 129 286 172 207 296 212 222 233 358 315 152 293  78
   100  97 226 270  41  46 292 113  79 122 121  48 180 106 127   0 360
     2 388 347 333 114 136 352  37 170  76]
  [  0  16 136 211 306 115  77 182 164 206 393  11 363 131 202 281  76
   158 130  62 183 298 355 298 128 272  35 238 265 414 409  78 151 176
   344 210  83 405 251  70 353  34 408  27  90 290  28  79 155 202   0
   159 115 223 267 374 115 222   7 352 257]
  [  0 318  81 239 266 336 375 170  84 165 109  99 254  13 238 412  76
   163 240 373 385  19 119 400  35 319 253  50  81 122 349 303  43 362
    88 337 315 317 356 367 115 233 382 401 327   2 293 144 343 236 200
     0 206 237 316 118  83 147 338 360  40]
  [  0 215 334 360 309 194 356 318 376  54 187 402 251 109 332 389  31
   190 241 293 344 117 198 211 245 416 393 226 302  50 314 190  92  20
     1  32 189  71  61 207 140 250 128  97 204 407 406 238  39 181  56
   291   0 317 272 193 325  33 184 278 160]
  [  0 219  77 167 236 296 383 176 347 379 203 356 383 189 396 119  63
   407 239 221 152 286 249  17  27  28 346  18 189 200  62 159  45 163
   162 198 374 110 377  13  62 267 100 204 213   2 386 341 110  15 189
    71 333   0 256 108 175 311 350 390 274]
  [  0  69 222 117 258 258  81  83  61  30  27 294 138 218  45 216  82
    23 217  59 211 386 161  39 370 366 355 252   1 218 211 199  49 237
    41  74 255 108 198 347 371  93 354 113 289 102 399  42  49 298  65
    76  56 175   0 249 232 129  94 267 233]
  [  0 106 317 152  45 396 362 264  55  71 383  14   5 358 282 165 393
   156 268 376 347  67 383 384 143 401  44 241   3  60 270 300 365 303
   292 262 266  12 139   1  83 334 120 348 221 184 383 151 348 397  89
   333  17  73 370   0  37 339 209 203 282]
  [  0 249 233  17 157 103  13 299 131 171 307 279  34  38 318 300 408
   163 310 401  35 192 247 159 136  91 145 288 343 335 395 206 177  31
    36 343 376  10 100  32 159 269 106  10 205 201  46 300 324 247 345
   200  46  21 136  93   0  50  71 185 408]
  [  0  79 175 178  14 271  94 176 384 313 179 179 286 248 253 175 367
   128 125 143 114  87 120 252 121 112 188 285 209 185 199   8 321 112
   299  69 121 327 218 413 160 267 333 227 279 329  72  31 275 333 258
   129 326 219 204  92  54   0 365  68 368]
  [  0 359 248 137  25   8 381  33 133 341 208 284 386 353 138  73 164
   297 198 292 114 113  54  91 385 205  81  83 284 133  98 186 362  59
   303 339 198 261   9  80 145 399 269 171 331 159  46 267  77 223 190
   365 220 134  89 223 371 254   0 318 286]
  [  0 123 415  79 106  99 393 328  34 252 143  83  52  41  50  91  63
   263 393   0 214 121   3 261 336 162 142 405 317 284 240   1 183 351
   336 220 169 187 325 320 151 192 236 165 323 205  53  21  10 199 167
   165 189 198 400 283 233 276 350   0 240]
  [  0 106  17 135 325  99 143 328 179  35  80  92 269 412 319 221 415
    16 264  93 280 131 140 217 220 311 109 197 309 359 141 283 131 251
   218  36 116 316  77 353 246 216 154 175 239  43 390  87 288 167 339
   224 166 208 332 416  16 336 334  86   0]]

 [[  0 217 338 384  85  70 263  83  74 329 225  31 131 219  16 181 347
   197 381 377 259 392 121  66 171  75 267  22 162 305  81  15 319  30
   308  73 229 190 304  19 280 361 292  55 269  22 181 403 181  39  74
    73 379 195 360 125 382 388 386 316 387]
  [  0   0  98  24 226 218 216  69 104 344  43 121 155  87 310 313 270
   329 202  20  15 410  36 407 274 152 409 280 158 205  84  39 305  16
   396 345  10 327 320 274 378 339 115 150 367 357 180 341  96 377 231
   359 408 336 378  45 192 159 301  91 293]
  [  0  12   0 316 220 270 359 399   9 139 281 352 359 105 283 333   1
   373  78 363 113 148 266 172 239 176 122  97 240 196 305 370 225 263
   206 192  73 335 259 344 301  98 132   1 273 215 139  79 249 339 253
   157 117  62 189 192 209 267 237 188  82]
  [  0  90 164   0 404 407  64 399 110  89 414 327 100 310 316  62 260
   290 217   8 183  36 141 149 312 153 393 142 292 186 316 114 358  16
   353 274 357  51 336 394 242  45 245 220 128 216 185  59 264  55  54
    17 284 323 353 169 103 193 193 385 235]
  [  0 309 411  14   0 178 122 287 333 413 372 371  73 128  92 255 388
   360 285 151  77 382  32 269 403 159 343  27  45 364  71 331  40 242
   378  25 201 198 178 204  23 210 223  29 380 327 101 195   5 371  95
   145 334  89 377 218 137 225 203 150 343]
  [  0 166 182 412  81   0  60 138 370 226 376 208 398  87 244 345 264
    45  20 130 106  78 266 169 212 332 230 229  22 104 280  76 218 105
   111  77 330 352 194 399 350  45 289  31 206 112 380  71 386 113 405
   315 285 310 414 342 290 313 266 407 106]
  [  0  91 341 294 162 247   0 237 130 129 198 283  89 126 285 195 239
   255  19   7  42 293 135 400 277 213 292 214 264 155 122 306 217  83
   410 254 202  93  35  68 168 118  63 159 364 159 217 174 165 256 131
   381 101 145 158 254  57 249  82 170 377]
  [  0 302 355 173 194  69  42   0 224  45 142 208 307 171  65 191 204
   387  71 205 310  64 378 208 123   7 401 121  66  32 321 125  74 261
   195  81 416 185 112 134  95 174 178   5 305  70 406 110 250 212 393
   250 191   6 367 347  41 410  25 367 404]
  [  0 118 288 304 352 359 338 382   0 366 361 130 210 353 189 212 188
   354 271 379  26 114 152  81 199 184 232  98 349  30 144 402 145  91
   150  28 413 187  49 149 322 220 133 180 248 288  63 358 145  90 395
   306 374 355 202 298 402  23 221 367 293]
  [  0 151 171 150 402 179 240 310  66   0 278 357 123  36 172 310 102
    71 114 240 358 227 409 278 101 274  26   4 265 410  49  30 113 319
   238 357   9 346 118 265 185 179 133 264  96 170 287  73 402 261 295
   266 367 262 415  93  97 187 303  65 362]
  [  0  32 240 184 387 378 331 210 100 390   0  33 400 113 120 387 234
    81 372 262 386 388 283 143 340 297 265 249 387 253 310 220 151 299
   300   5  44 230 404 112 194 107 131 390 242 370 225  92 307  93  56
   246 268 177 251 173 385 181 289 383  26]
  [  0 402   6 394 122 343 161 295 189 396 125   0 275 257 192 302 233
   266 364 397 183 134  29  39 195 267 248  64  85  14  55 402  87 255
   268 191 410 259 253  49 221 171 113 148  82 404 251 311 308 392 322
    92 409 326 177  23 390  24 353 282 235]
  [  0 162  53 299  30 123 341 264 171 144 263 164   0 149 349 274  32
    77 203  55  43  50  21 403 198  39 198 142  39 408 298  88  67 411
    49 381 354 397  31 414 125  31  86  21 274 174 206 174 233  41 381
    94 371 244 201 398 303  27 390 291 154]
  [  0   9 387 304 276 104 165 113  90 350 323 251 132   0  79 168 239
   374 212 283 275 322  51  97 326 303 130 160 387  10 327  26 401  60
   365  80 355 186 225 232 394 411 301 246 189 142 118 181 213 257 392
   146   8 222 401 112 312 156 173 334 164]
  [  0 226 215 328 244 307 269 402 189 334 355  46  39 335   0 140 416
   166 288  27 307 266 175 117  99  75 158 159  46 274 118 228 404 299
   371 159 178 298 249 356 183 301  20  32 315 387 160 397 251 285 280
   192 351  49 306 147 209 218 397 287 379]
  [  0  16 223 163 237 208 189 148 270 179 340  26 358 341 259   0  51
   188 383  70 121 111 384  12 352 156 104  18 205 309 206 148 278 396
   358 129  96 284 120 279 268 220 120  45 168 270 222 290 172  82 169
   301 101 352 136 129 198  62 118  44 162]
  [  0   1 183 253 409  55 127  92 248  94 274  37 414 252 222 343   0
     6  74 141 199 210 281 412 103 411 244 341  59  36   5 133 171 240
   410 150 310 398 108 172 334  71  60 147 376 385   4  86 256 381 152
   258  71 371 200 159 102  80  72 350 232]
  [  0  86 213 258 413 373 208  23 399 311 150 157 409 140  60 246 170
     0   9  53 267 152   3 274  97 165  99 388 118 234  18 255 331   5
    10 380  85 111 406 196 387 180 390  50 270 342 309  65 364 380 243
   376 125 184 110  24 102 209  42 396  31]
  [  0 200  83 124  54 230 124  53 188 106 393 412 105  59 346 139 285
   242   0   2  70 122 357  14 380  27 365  27 294 389 188 267 210 238
   328  84  89  39  68 240 382 229  45 190 321 196  98 261 122 271 122
   131 233  19  99 367 383 336 293 257 187]
  [  0 152 378  24 416  70 284 121  18 339 372 324  38 342 316 231 322
   335 369   0 372   4  69 110  77  52 222 203  37   6 199 104  52 278
   251 310  31 126 139 145 241 195 248 366  64 215 129 339  23 131 218
    26 184 264 199 321 130 152 346  21 122]
  [  0 183 280 223 387 202 158 267 280  76 200 291 147   8 369  40 274
   184  59 230   0  82 222   5 253 206 121 217   5  67 405 369 294  34
   314  83 178 306  60 131 375 393 407 372 106 261 124  98  35  16 383
    84 108 117 229  57 260 168 375 413  48]
  [  0 391 202  84 146 413 258  38 235 266 370  24 150 125 320 308 282
   153  91 115 334   0  21 415  27  84 350  65 163 167  46  92 147  75
   213 162 408  66 389 132  86 100 344 113 134 390 397 205 287  89  91
    53 122 158  27 274 352 305 275 318  63]
  [  0  55 238 347  55 284 387 111 209  93  34 127 182 106 172  96 143
   226 353  38 158  46   0 185 157  78  81 330 200 234 302  37  62 364
   349 411  24 125 180 222 370 116 136 123 105 152 246 217 248  84 120
   198  71 143 415 293 183 382 164 165  50]
  [  0 117 110 399 392 289 148  50 172 345 227 383 269 226  27 227 228
   102 166  28 117 366 311   0 334 213 388 286  95 283  30  86 260 173
   250 392 340 276 307   9  42 411 377 373 301  52  60 163 305 334 300
   242 345 259 261 176  23  11 283 245 144]
  [  0 300 394  65 200 369 369 398 415 118 224  61 298 232  82  32  91
     6 272 198  72 310 315 301   0 408 358  86 106  28  36 250 377  69
    91 318 266 255  56 208 366 218 332 316 255 240 163 292 165 212 114
   341  53 393 208 110 349 146 333 406  91]
  [  0 104 399 124 233 203 233  91 258 242 133 323 122 238 236 212 173
    66 322 338   1  73 229 259 366   0 155 240 337  39 239 113 333 207
   144 181  80 104   8 126 396 305 202 358 346 106 389 116  86 260 326
   167   8 331 337 218 211 408 355 342  55]
  [  0 401  41  54 222 344 347 255 322   0 212  20 345 196 343  38 181
   303 296 343 139 378  79  36 285 404   0   3  85  48  42  35  14 274
   240 167 253 186   2 146  42 270 103 329 175 354 147  27 173 135 384
   214 100 162  63  97 130 383 402  38 297]
  [  0  12 142 140 393 231  95 138  71 358 271 409 225 213 248 255 329
   149 362 300 201 175 382  52 132 380  83   0 336 366 201 305   4 138
   222 330  38 306 217 299 163  84 321 249 229 106 370  71   3  35 166
   304 238 160 309 113  59 274  95   3 137]
  [  0 394 292  74 368  42 165 291  60 193 106  59 154  14  95 250   5
   114 257  28 141  65 400  95 174 352 306  48   0 263  83 159 307  99
   390 270 348 174  57 343 402  19 264  38 120 331 298 139 137 288  99
    22 241 111 353  59  94  96 284  59 188]
  [  0 250 227 197 245 135 318 150 198 304 195  17 381  43  93 237 406
   280   8 224  95  35 136 312  70 389 199  94 170   0 390 400 407  30
   224 149 412 223 344 128  74 167  22 300 119 201  44 314 165 157  22
    14 376 271   3 225 199  53 174 276 158]
  [  0 205 287 314 353 104  62 328 226 234  63 407 243 185 295 200 239
    10  57  50 373 131 107 267  83 208  34  33 346 323   0 379 286 376
   367 390  70 323 250 306 152 253 322 380  87 405 228 267  26  36 182
   158 115 332  86 167 175 301  14 270 283]
  [  0 183 199 219  11 129 179 335 399 414  94 121 113  92 182 330  28
   300 214 243 153 364  66 356  33 346 217 133 294  84 317   0 218 405
   362 154   0 408 145  45 347 292 132  20  49  18 286 137  88 218 260
   397 129 182 225 254 337 111 193  13 323]
  [  0 399 190 315 219  75 271 394 284  61 382 404 240 198  59   1  64
   379  55  73 406 225 341 243  70  28   2  55 408 295 169 241   0 395
   350 268 217 370 377  95 253 176 414 140 319 232 133  27 132 166  84
    46 312 334  78 369  51 249  62 309 310]
  [  0 105 409 255 311 103 227 386 324  82 378 235 136 232 268 318 274
    54  50 304 254 131 169  54 290 320 275 408 323 186 208 108 360   0
   115  68 388  47 276  33 168 379   9 115 136 239 222 116 277 204 300
     0 331  36 352  85 141 366 406 409 207]
  [  0 242  63 389 352 301 170 182 102 328 391 368 210 404 368 217 311
    49  13 272  55 314 145 204  56  34 371 119 307  54 260 176 132  88
     0 113  35  57 142 406 358 200 148 140 318 254 365  54 274 386 236
   344 350 254 301  31 190  56 393  83 326]
  [  0 395 405  76 352 254 249 348  66 147 316 301 177 259 304 134 214
   207 280 113 119 309 390  72  92 218  19  52 365 186 224 393 273 306
    87   0 296 365 210  62 303 289 372 120 292 356 281  34  41 302 138
   385  49 268 353  46  83 283  96  55 212]
  [  0 397 322 123 319  51 301  57  35  42 295 200  24  38 267 106  18
   406 198 120 243 179 111 349  31 315 219 125 263 214  60 100  51 148
    43 344   0  63  93 147 279 401 281  15 249 128 295 105 280 167 317
   205 154 281 363 349 334 326 224 251 404]
  [  0 135 362 254 412 216 318  73  72 384 349 319 320 108 241 109 309
   364 178 284  39 349 233 318 100 239 247 171 402 232 296 115 271 277
   140 272  65   0  94  10 406 403  10  64 248 218 306 130  92 320   7
   136 209 366 309 365 357  46 267  33 359]
  [  0  58  77 133 191 398 295 352  23 298  87 123 275 357  86  67 393
    60   6 121 386 267 325 245 136  32  36   9 361 380 274 346  72 321
    23 329 383 283   0 202 156 108  94 403 208 329 144 341 264 219 269
   289  95  71 212  99 235 245  30 143 278]
  [  0 221 405 116 116  73 231 398  89 279  76   6 158 390  65 101 349
     5 194 138 170  27 282  50  44 218 323  10 318 389 187 260 291 335
   254 275 412 192  81   0 119  59 307  66   9   1  52 193  30 225 191
   338 162 353  69 107 240  47 210 107 144]
  [  0 341 289  20 381 133 252 352 311 144 319 321  16 221   1 193 211
   335 210 140 244 138 169  84 233 403 239 133 330 393 406 400  84  91
    62 343 388 348  71 327   0 235 141  34 209 311 279 341 414 230 389
   153 293 244 157 320 117 153 301 137 214]
  [  0  71 262  60 114  63 315 247  52 283 230 218 278 404   2  70 106
   108 180 355 383 358 334 158 146  28 104 188 242 196 199 140 230 251
   174 192 359 104 334  70   3   0 274 287  85 388  90 100 274 120 175
   270 179 157 402 303 406 378  39 413  99]
  [  0 138 135 391 278 350  87  98  78  23 265 187 166 342 310  31  85
   401 233 146 299  73   8 309 249  24 262  69 227 221 222 231  74 372
   288 191 245 148   2 292   9 106   0 111 265 186 400 115  52 382 108
   373  91 204 251 385 190 293 237 389  36]
  [  0 261 183 188 305 211 205 280  80 200 121 309 410 245 286  28 406
   302 370 168 202 412 213  61 219  16  55 324  15  12 144 104 170 280
    47 228 210  95 403   0 129 373 310   0 254 165 350 228 101  19 156
   277 342 238 368 238 381 100 298 225 294]
  [  0 258 167  69  20 120  46 231 289 356   2 365 107 212  49 199 314
    39 410 301 206 410 322 369  65  48 173  76 392 275 391 212 391 409
   373 292 371  83 202 369   1 227 279 408   0 249 163  48  43  56 384
   313  87 205 104 135 222 123 210 117 133]
  [  0 199  40 232  78 151 185 181 106 244 353 187 258  81 396  34 273
   192 362  42 259   3 399  33 144   0  79 170 318 272 289 190  83 365
    29  16 405 357 261 161 339  49 290 142 341   0 407 145 344 308  23
   194  28 248 289 245 339 386 159  45 201]
  [  0 204 313 230 180  12 342  41 307 168 385   2 143  64 335 341  94
   322  89  87  82 187 104 347  19  80 118 308 340 279 253 366 405  45
    95  51 302 373 337 152 370 380 143 185 122 183   0  41  41 297 179
   213 187 284   1 387 145 101 393 371 221]
  [  0 181 226 170 177 263 111  39  23 137 410 361 118 200   2 221 172
   265 146 137 103 337 390 367   2 175 397 190  27 208 217 293 190 291
    43 299 250  46 367 388  12 398 369 213 239 407  55   0 107 218 132
   148 126  46 203 201 106  80  98 267  63]
  [  0 192 143  78 234 224 127 274 248 177 242 272 240 341  74 389 305
    75 304 106 111 100 158 129 224 229 132 192 361 217 140  96 394 259
   364 295 204 122 247 291 255 272 373 108 341   9 228 396   0 273 131
   271 395 158  17 353 248 109  85  48 104]
  [  0 369 387  94  42   6   1  41 404 328 323 231 183 394 361 236  37
   178 152 377 175 326  86 283 108 310 214 364 373 204 178 378 167 395
     2  24  35  50 215  69  91 309 270 173 280 227  93 164 227   0 234
    84 121 172 362 297  17  38 338  36 416]
  [  0 382 215 386 403 256 308   2  13  60   8 331  19 188 276  33   4
   362  17  92 221 285 416 206 148  79 349  45 213 250  35 182 154  96
   222 353 319  16  41  84 202 349 303  85 316 243 181   4 268 258   0
   202 365 307  13  45 181 210  54 408 128]
  [  0 187 160 238 231 347 345 153 272 373  74 129 269 405 131 180  20
   264 391 151 301 297 188  28 146 370  66 221 185 357 132  30 213 206
    57 134 329 313 318 218   0 298  94 350  32 184 192 219 207  14 250
     0 202 332  19 209 135 145 395 293 207]
  [  0 299   1 203   9   4 338 129 246   3 220 253 383 218 214 103 287
   217  57  68 127 405 415 333 270 253 205 145 224 358 362 359 270 110
   198  54  99 220  65 262 297 398 288 290  24 400 153  49 234 134 174
   348   0 224 120  36 408 257 109 141 279]
  [  0 180 344 196 306 332 165 391  43 398 189  83  42  62  62 236 242
   106  24 271 226 142 192 387 100 248 317 403 223 257 355 252 352 342
   315  64  10 345  97 142 121 196 387 135 351  63 119 385 274 204 171
   365 354   0  99 321 386  96 208 368  94]
  [  0 211 272  37  13 221 282 242 328 182 341  49 296 348  33  94 105
    77 202 219 405  54 151 416  38 171 319 181  89 187 213 318 143 231
   199  91  64 324  28 102 331  94 283  66 152 399 209 220  40 199  15
    30  42 153   0 311 260 165  90 245 221]
  [  0 391 195 311  14 179  62 202   7  97  68 286 317 224 330 129 147
   193 412 298 297 402 398 272 318 375 193  14  39 104 196  62 263  94
   141 188 185 102 179  18 322 136 202  20 406 414  52 186 385  76 333
   200 323 368 223   0 191 353 130 167 303]
  [  0 289  38 349  85 123 273 241 174 263   5  59 151  22   2 169 158
   137 236 208 235 211  60 367 171 101 135  49  96  38 406  53 364 261
   222 273 253 132  66 187 317 234 375 391  39  20 158 358 315 266  76
    47 194 198 113 282   0 385  96  77  75]
  [  0  44  75 350 161  87  88  25 344 201 163 151 137 259  51  80 228
   122   5 279 382 154 234 162  30 288 330 314 354  76  70   5  23 162
   305 351  53 360 247 374 298 212 370 109 255  83 351 191   7 405 358
   155  22 317 283 242   9   0 170  16 406]
  [  0 406  53 367 284 140 328 359 254 250  55 301  56 104 306 175 341
     2 150 221  98 328  79 252 256 135 350  41  97  95  30 240 285  47
   310 278  16 205 368 214 387 274 197   8 343 302 173 238 312  42  56
   199 175 185 203 239 305 205   0 375 311]
  [  0 100 261  97  42 366 341 293 206  79  76  14  13 393 263 377  35
    56  15  46 148   3 164 405 392 292 182  58 323 146   7 117 375 189
   169 213 153 402  60 297  66  21  23 403 334 141 150  50 301  94 401
     2  88 219 359 341 408 158 309   0 328]
  [  0 401 144 349 283 311 388 271  88 304 300 291 172 155 118 335 264
   114 384  96 356 114  34 237 201  19 394 263 401 315 136 334 367 233
   190 278  54 103 345  28 403 397  14 233 140 278 208 201 247 339  59
   209 112 175 310 182 312 289 170 226   0]]

 [[  0 362 350 362 340 257 173  69 364 408 391 236 338 327 384 188 148
   211 303 124 102 342 217 287 202 307 129 108 389 148 327 414 397 215
   123 274 155  91 124  87 154 340  33 353  54 224 280 201 226 412 327
    38 404 161 121  72  93  94 327 302 321]
  [  0   0 126 102 315 394 351 218 369  27  55  69  43 177  16 220 192
    31 250  50 185 342 344 317 302 342 204  21 209 236   4  53 272 179
   377 227 183 168 214 107 159  94 176 315 125 177   1 178 117 162  22
   365 119  92 152 113  85 264  77 281 165]
  [  0  60   0 389  57 297 277  76 124 196 228 372  82 316 390  97  97
    85  13 385 213  79  35  31  77 247 277  63   2  60 312 304 285   5
   145 381  29 345 304 263 275  30 310 166 361  84 338 102 292  17 390
   345 195  95 130  40 180 334 128 391 408]
  [  0  89 237   0 329 331  17 344  78 270  71 299 396  87 226  70 416
    60 388 370   7  18  64 256 288 108 144 278 130 244  96 145 368 132
   164 401 353 211 413 121 322 305 355  67  41 141 118  14 215 241 115
    95 258   7  21  80 252 153 368 361 121]
  [  0 341 226 328   0 290  67 245 232 381 253 283 213  11 336 231 348
   364 183 379 331 383 227 305 145 227  79 416 242  84  95 334 184 124
   271 296 194  97 296 415  15 153 216 356  50 372 239 338 307 312   7
   175 242  93 159 108 321 153  30 112 328]
  [  0 239 105  57  57   0 177 405 114  36  93 365 138 338 390 300 337
   148 378  85 287 239  65 128 286 257 112 347   7 237 382 277 387 315
    88 123 133  73 281 100 117 363   6 105  78 133 411  69 144 206 348
   201  75 228 228 120 219  92 126 108 304]
  [  0 362  73 278 349 175   0 205 354 355 191 156  46 166 283 416  17
    21 151   6 227 299 403  28 335 281 353 391  30  13 260 208   5 160
   252 189 136 255 357 139 211   2 127  84  51 341  33 374 167 130 250
    27 122 400  51  58 204 238 323 236   1]
  [  0  35 282 135 153 134 405   0 132 332 239 356 245 255 260 306  43
   301 232 363 385 275 173 112 288 310 268  17 365   8  84  42  98 319
   285 106   3  20 168 249 395 167 107 337 150 336 246 394 176 297 223
   349  36 206  14 294 360 333 133 404  59]
  [  0  78  20 311 203 305   3  10   0 393 195 127 315  60 346 338 260
   213 228 337 143  48 400 176  23   1 383  57 379   4  19 392 145 353
   380 212 295   7  22 189 333 157  96 319  69 329 143  19 403  63 100
    10 313 278 225 250 139 302 249  50  36]
  [  0 275 146 306 332 193   8  38 166   0  87  45 162 275 333 363 394
   110 375 139 325 196 168 388 167  63 281 379 356  35 266 331 340  25
   233 173 125 341 189 287 217 333 114  64 182  45 190  95  26 384  89
    70 232 120 375 223  29  85  63 241 193]
  [  0 223  91 360  90  31 291  17 173 298   0 333  43 381 378  11 413
    76 307  36 139 260  48  40 227 347  61  83 133  33 124 266 358 266
   269 187  71  65 353 221 379  24 358 249  49 205 121 158 197  66 282
   195  42  41  46 384 372 359  78 258 406]
  [  0  34 273  74 364 411 172 338 330  64 158   0  68  95 358 142 336
   369 100 276 113 355   0 354 212 373 256 166 273 259 297  96 252 174
    68 345 306 158 218  68 407 128  45  18 247   5 166 312 385   8  96
    27  76 301 210 319 133 290 321 401 223]
  [  0 186 150  75 302  50 281 271  36 361   2 239   0 310 380   4 299
   411 286 179  21 306  46 359  56 391  77 315 180  89  38 164 163 379
   135 395 100 352  50  26 327  20 355 147 244 218  36 107 250 180 176
    99 174  13  47 398 369 413 206 386 184]
  [  0   2 199 228 224  96  38  51  32 136 104  10 268   0 202 170  23
   313  96 352  56 255 373 272 317  83  22 404  72 209  51  39 139 406
   322  33 207 145  47 318 234 175 402 384 218 184 199  53  61 124 126
    90 355 214 151 290 256 415 211  37 103]
  [  0 312 111 211  54 237 297 255 215 385 215 153 315 354   0 185   2
    68 113 109  81 288 259 370 396 352 343 218 328 409 110  28  17 266
    40  91 250  75  47 143 256 190 240 365  44   8 332 302 363   6 297
   297 124 382 173 118 186 241 106 105 312]
  [  0 224 387 109 335 131 400 248 167 174 215 175 266 334 335   0  16
   149  68 223 411 242 145 267  12  94 388 127 302 369  82 161 344 369
   156  40 122 242 412 141  42  42 107 196 172 297 365 268 296 177 232
   341 248 116 264 214  37  61 289 213 157]
  [  0 118  28 166 130  29  83 403  50  41 311 324 312 283  97 365   0
   357 294 288  98 100 362 177 415 380 211 177 152 314 381  38 196  50
   187 359 391 376 361  39 311 397  59 244  71 411 124  75 187 287 155
   395 415 190  15 278 103 228 314  11 197]
  [  0 323 109 253 266 334 218 191 254 414 368 413 382 102  55  91 286
     0 382  86  34 275 214 371 146 349 158 363 320  77 374 149 135 382
   403  75 166  86 246 210  76 284 270  99 282 239  97 204  26 344 406
   174 277 175 185 246 172  65 166 219 234]
  [  0 340 241 235 214 353 248  76 124  12 300 278  60 308 100 345  35
   162   0  48 173  42 267 271  86 238  75 136 163 188  59   4 190  54
   388 334 214 367  15 232 279 297  67  48 252 125 361 401  22 320   1
   184 367 171 115  81 297 154  41 364 129]
  [  0 328 250 148 223  50  14 261 376 210 172 314  74 129 231 275 225
   161 198   0 384 123 362 279  29 141 257  54 348   6 386 144 300 276
   296  44 269   3 273 314 168 381 126 194 278 370  93  69   0  85 404
   210 167 237  52 270 397 227 205 290 359]
  [  0 219  75 264 130  42  67 238 125 270 388  17 122 159 360  18  47
    53  19 339   0 327 290 264 154 132 304 212 375 123 275 207  11 259
   157  43  74 218 383  86 332 100 282  32 311 353 412 300 317 122  40
   321  68 290 335  97 319  39 170  99 108]
  [  0 319  41 293 229 203 274 388  31 325  95 220 270 249  40 273  52
   394 267  71  36   0 178  13  98  23 385 246 416  33 362  76 227 361
   364  36  98 349  52 153  51  60 276 378 225  44 196  17 278 124 288
   238 244 150 389 209 168 264 147 232  54]
  [  0 221  74 219 162 322 228 166 106 269 272 348 131 223 276  59 210
   300 109 128 362 152   0 158 378 318 364 304 416 408 359 258 213 380
   277  35 123 372  67  18 273 343 302 295 394 356 133  40   0 247 408
   225  31 263  94 133   0  88 359 394  15]
  [  0  16 326 405 313 303 100  70 292 343  38 150   5  44  77 109 100
    31  35 281  57 155 164   0 293  53 243 393 275 411 204 153 362 245
   134 212 274 376  23 133 210  33  87 128  99 346 168 139 307   6 335
   121 132  98 282 210 311 192 243 389 317]
  [  0 120 160 394 165  82  97 240 328 194  60  61 218 238   6  30 305
    48 245 226 115 328 262 400   0 225 335 404 314 190 262 248 246 135
   220  57  61 336 188  90 124 129 146 145 149 396 100 282 228 151 239
   253 383 319 399 356  63  39 302  46 120]
  [  0  76 310 259  71  15 381 377 169 160 291 139  69 131 402 229  41
    20  16 366 382 172 329  11 368   0 100 161 123 310 188 109 397 188
   175  44  66 278 413 276  17 253 172 291 375   9  31  91 200  99  28
   397  72 228  51 181  79 185 198  44 194]
  [  0 262 348 218 262 150 282 104 120 118 285 167 143 167 143 393 176
   129 412  61 396 303 287   4  71  61   0 188 200 221 131 188  11  29
   254 239 116 243 314   3 270 343 320 200 221 372  69 238 413 342 168
    79 139 324 272 381 285 242 166  59 233]
  [  0 296 341 177  37 104 178 406 333 382 141  19  26 231  69  26 315
    92 352 344 190  18  23 149 244 288  90   0 127 311  29  27 379 400
    54 120 215  33 416 142 331 112 195 313 324 391 114  45 160 233 197
   289 359 377 153 334 298  44 199 152 242]
  [  0 136 210  95  88 348  34  37 146  63 394 326  18 369 366  46 208
   345 116   8 320 341 125 148 298   1 391  56   0 146 122 391 262 326
   161 409 101 407 398  85 160 104  63   2 138 122  51  13 353  94 231
    14 183 412  85 225 111  73  29 399  65]
  [  0  75 343 242  37 306  41 309 287 348 127 181  19 359 332 193  45
    68  45 259 175 411 221 355 415 210   5 402 299   0 394 182  76 404
   159  32 249 191 234  96 381  29 365   1 317 371  75 182 256  87 271
   297  27 394 345 120 371 349 206  66 356]
  [  0 111 381  41 162 255 287 293  55  52 312 286 340 160 146 371 283
   141 273 293  13   0 141 238  30 264 405 187 172 406   0 202 320 231
   212 108  79 130  77  72 165 325  41 126 174 151 407 403 110 136 242
   336 338 138 275 130 403 312 155 307 130]
  [  0 265 398  83   2 189 202 190 376  93 141 396 389 312 334 137 406
   374 381  49   6   3 119 106 166 167 357 112 317 139  32   0 104 206
   221 150 301 190 157 141 215  50 211 105 163 220  68 139 394 383 294
     1 390 399 285  93 199 259  76 319 226]
  [  0 263 310 359 360 385 234  93 181 275   2  98 257 224  64 361 169
   389  18  91 288 296 287 148   0 404 401  15 245 299 278 263   0 144
   350 280 333  45  56  15 160  84 142 241  71 119  66 214 239  21 181
   120 132 123 244 316 239 199 303  52 380]
  [  0 120 336 280  27  60 150 169  23  92 225  77 298 335  86 133 362
    24 217 353 167 251 361  68 388  17  88 335  42 246 385 279  44   0
    38 323  97 377 120 204  92 406 328 222  29 123  71 407 189 367  55
   134 387 147 161 236 279  61 160  16 181]
  [  0 135 383 369 311  90 370 113  99 387 414 329 289 137 134 225 396
   410 170  57 204 223 363 253 416 293 286 290 305 413  82 178 363 165
     0  94 371 114 300 345 413 205 371 105 369  50 178 193 395  59 187
   379 400 370 280 172 140 407 203 402 137]
  [  0 294 189 380 157 395 270 230  35 177  29 145  18 270  83  19  71
   324 159  88  87 393 177 289 144 391 239 153  26 170 244 246 269 322
   218   0  60 414  76 174 272 247 271 135 168 276 126  63 139  99 225
    59 404  62 390 240 149  79 356 336  82]
  [  0 309 186 352  98  52  72 285 131 342 139 113 253 299  28 318 361
   145 289 157 184 106 309 174 379  45 294 168 116 131   2  83  34 131
   308 111   0  47  95 117 399  94  98 405 295 145 231 194 392 238 181
   357 149 288 380 274 245 206 156   5 245]
  [  0 337 187 298 169 336  72  70 262 236 122 126 170 315 198  55 204
    98 259 277 250 205 258 338 215 302 157 116 234 184 101  89 171  41
   271 262 202   0 189 376  13 283 276 145 363 334  37 356 306  24 132
   104  75 333  39 381  65 389 374  54 237]
  [  0  26 168  70 248  75 400 313   2  12 277 113 154 287 337  43 263
   332 370 200 359 390  44 297 187 261  12 297  43  40 348 398 321 130
   256 413  36 301   0 224 320 280 256 301 179  36   1 310 327 378 145
   287 291 160 123 127 123 144 289 253 203]
  [  0 335 109 311 313  61 138 312 187 241 299  37 274  39 240 117 199
   411 385  91 197  70 129 267  16 100 167 121 177 325  67 102 185 114
   270 334 331 336 399   0 250 416 373 149  52 401  75 109 106 356 245
   293 414  90 382  42 198 160  84 134 211]
  [  0 116 298  66  25  80  85 106 201 333 413 276 369 184  13 128  72
    58   1 230 358 371 377  37 371  94  87 251 102 185  26 120  81 270
    81 133 203 310 265 339   0 295 414 113 198 237 110 112 253 227  74
   238 158 294 101  58 362 303 298 341 344]
  [  0 230 413 318  83 299 113 290 210  83 270 134  62 101 208 364  22
   227 414  56 325 221 395 104 227 165 128 407 165 338  30  79  51 384
   396 192 357  16 188  90 378   0 398 381 101 267 299  70 396 361 111
    34  22 359 301 237 105  15 253 110 186]
  [  0  47 219 290 393 353 281 315 122 364  27 130 366 371 306 105 173
   119 283 340  64  52 292 347 370  41 378 232 381 252 119  76 303 213
   402   7  10 318 360 318 257 108   0 107  16   3 225 271  49 124 283
   342 195 121 161 338 148 124 416 302 277]
  [  0 279 147 303  85 414 199 396 221 366  72 311 271 289 129  10 166
    37 399   3 192 384  23 195 412  29 108  57  13  94 396 340 348   5
   300 314 416 325 402 303  77 145 383   0 306  24 380 201 101 255  63
   192  80   7 301 246 402 249 336 377 291]
  [  0 322 231 385 200 156 412 102 290 278  92 349 309 235  77 231 392
   182 284 375 325 283  20 379 399 161 264  34 331 129 185 154 133 112
    20 371 198 333 255 302 394  88 373 359   0 329  97 393 403 190 206
     3 380 226  58 358 313 385  99  37 356]
  [  0 312 324 390  18   4 257 283 387  87 412 328 218  77 159  74   3
   158 305  41 381  27  25 152   4 307  35  35 256 291 209 239  68 343
   143  15  67  27 155 361 337 103 147 161 256   0 192  48 296 413  55
    65 400 157 279  42  98 302 287 216  83]
  [  0 161 171  80 229  84  97 174 317  62 128  87  13  79  50 264 374
   127 252 330 153  29  61  87  38 228 180 168 194 119 176  42 131  27
   412 265 199  32  45 214  82  25 245 176 411 108   0 372 104 297 264
   196 125 375 251  40 330 224 360 336 389]
  [  0  25 120  63 115  60 390 317 105 324  58 196 236  81 176 155 231
   148 114 166 359 274 348 153 190 302  79 207 398 211 243 312  16 271
   414 242 207 310  63  98  82 150  50  76 365  46 156   0 204 117 190
   235  18 376  25 323 123 414 305 237 333]
  [  0  32 165 322 203 195 195 183 334 205 401  15  52 100 179 160  91
    48 118 309  10  68 117 290 321 303 157  62 197  50 308 217 346 413
   294 242 313  13  97  59 373 109 287 337 367   0 303 246   0  13 179
   163   6 413 203  67 134  15 143  57 367]
  [  0 255   2 176 242  68 260  28 207 374  91 169 118  40  63  93 182
   295 166 362 372 307 209  92 139  14 415 388  35 114 401 282  24 120
   173 408 340 284 250 289 287   1  35   3 105  18 180 281 206   0 220
   245  71 343  80 100 162  90  54 159  88]
  [  0 339 180 251 303 406 207   2  89  61 266 102 313  66   7 269   3
   134 187  13 223 359 106 336 318 289 122   2 187 130 113 219 341  60
   257 402 399 158   1 133 309  56 239 385 406 363 220 134 391   5   0
   289 145 200 137 294 391 283 361  49  59]
  [  0 231 357 343 227 310  41  32 280  78  75 367 123 164 407 123 295
   332 190 273 259 356  10 190 411 207 239 297 169 244  16  52  74 376
    89 122 363   7  98  92 189  19 102 248 188  27 410 372 260 388  13
     0  27 407 165 373 279 351 284 245  43]
  [  0 384   5 369 354 202 176 372 226 122 107  15 331 273  76  33  73
   384 196 361 234 246 223  63 179  91 140 158  20 295 399 323  51  47
    37 404 321 282 162  57 366 398 215 143  81 314 257 206 395 236 112
   413   0  95  53 169 395 398 300 245 351]
  [  0 334  20 406 220 106 363 368 341 221  41 113  21 218 291 356  34
   369 339 194 345  48 316  32   4 312   5   7  74 395   4  75 303 207
   304 188 293 116 186 232 391 301 357 139  95 316 287 387 109 414 222
   382 319   0 355 167  73 321 136 200  72]
  [  0 350 339 407 103 167 323 178 348 405 331  12 186 220 347 103 215
   339   8 327 265 378 270 217 237 304 145  91 377 263   7 254 113 371
   152  32 167  90 234  74 342 311 279 280 100  98 410   6 216 395 340
   217  81 344   0 416 391 263  91 389  52]
  [  0 393  15  57 357 258 242 363 377 268 347 383 406  33  82 383  30
   165 236 354 107 282 307 181 292 329  75  86 109 367 311 123 335 185
    47  73 263 337  31 294 177 229 323 380 139 280  96   4 208   9 200
   363 400 386  95   0 240  60  87 388 137]
  [  0 166 198 229   9 340  32   1 216 106 401 111 395 214 389 347 226
   175 401 210  67 386 250 178 213 305 383 305 317 206 320 416 246 218
   200 178  33  63   2 266 178 412  95  52   5 400  81  66 197 148 112
   154  27 149 116  65   0 378  30 350  43]
  [  0 413  78 294 334 151 225 103  57  78 404 128 247 128 269  32 238
   166 149 314 127 300 216 335 154 262 176 170 229 186 291 183 339 363
   341  32  76 148  63 273 364 282  26 328 416 351 230 327 265 321 414
   294  20 414 200  13 228   0 157 294  82]
  [  0  12 217  56 309  81 349 287  24 100 256 404  68 205 381 293 234
    66 205  73 288 395 405 165 233 392 291  68 225  56 389 114  21 309
   405 100 107 354 225 357  19  67  20  89  77 352 238   7 415 285 231
   133  75 187  68  76  67 267   0  99 359]
  [  0  34  37 370 153 108  76 115 302 239  73 177 260 102  84 341  37
   316 400 410 166 388 119 281 304  25 374 327 384  25 262  16 189 308
   280  37  99 350 291 346 115 301 337 324  62 340 172 265  53 409 215
   175  80  21 234 172 321 235 315   0 319]
  [  0 404  52 362 368  24 288 151  90 362 263  28  63   1 386 118 210
    98  61 191 349 121 154   8 293 172 106  54 326 226  77 387 285 370
     5 281 187 355  21  79 197 195  73 377 344 255 151 339 245 317  61
   348 168 353 131 188 345 268 211 254   0]]]
release_time
[  0 121  66 106  65  12  72  98  40  86 140  24  17  60  18  62  63 127
  89  51  68 109 130  38  63  54  34  30  81 115 116  35  99 116 128 209
 260  47  52  93  44  76  23  60 122  66 418 138  96 121  99  38  19 133
  27  65  31 117   1 112  10]
due_date
[  0 151 129 138 140 155 142 162 165 158 143 151 150 151 135 149 162 136
 140 130 146 205 157 164 164 154 159 142 136 159 164 155 139 497 128 382
 454 165 167 148 139 150 163 155 152 142 551 344 147 146 148 148 131 161
 146 156 136 165 154 146 169]
unit_emission
[14  2 11 13 17]
emission_limit
29146.5
setup_severity
2.0
due_tight
0.9
due_range
0.25
release_tight
10
degree_constr
0.5
