param: 
proc_time: (1, 100)
setup_rate: 1.0
setup_time: (30, 60)
delivery_time: (1, 100)

mach
5
job_rate
8
fam
3
setup_rate
1.0
proc_time
[[  0   8  58  57  35  73  13  39  84  21  47  83   2  44  30  87  55  40
   77  97  96  92  24  42  28  94  93  98  51  22  89  78  74  74   8  14
   45  38  32  62  96]
 [  0  84  61  13  87  83  80 100  99  47  54  71  52  72  25  23  74  30
   97  11  35  27  67  47  50   8  55  77  42  67  20  45  35  77  20  24
   57  55   9  94  89]
 [  0  55  72  58  64  92  76  88  49  29  79  82   7  77  83  69  90   2
   33  48  37  89  89  30  41   4  83  91  39  24  50  37  53  25  93  31
   99  92  38  58  53]
 [  0   4  92  52  31  87  78  92  14   1  43  96  59  61  41  18  60  69
   79  59  42  80 100  36  40  30  87  11  25  45  51  43  66  99  47  24
   77  37  56  94  75]
 [  0  46  28  93  52  15  45  58  67  73  72  97  98  73  81  41  65  40
    5  94  75  28  38  81  87  18  37  27  25  69  83  27  77  54   7  90
   78  27  59  72  31]]
setup_time
[[[ 0 56 33 39]
  [ 0  0 60 52]
  [ 0 49  0 44]
  [ 0 42 41  0]]

 [[ 0 51 56 38]
  [ 0  0 46 56]
  [ 0 60  0 60]
  [ 0 35 36  0]]

 [[ 0 33 45 41]
  [ 0  0 55 56]
  [ 0 38  0 46]
  [ 0 34 60  0]]

 [[ 0 30 30 32]
  [ 0  0 35 38]
  [ 0 49  0 34]
  [ 0 57 43  0]]

 [[ 0 45 52 60]
  [ 0  0 52 43]
  [ 0 58  0 38]
  [ 0 47 39  0]]]
delivery_time
[[  0  56  13  44  35  29  56   5  67  53  60   6  48  80  35  18  11  51
   23  47  75  59  57  93  56  27  73  35  55   9  18  44  21  56  48 100
    1  27  45  63  58]
 [  0  63  38  29  40  19  88  56  44  65 100  87  13  30  49  75  63  71
   35  11  49  40  21  47   3  30  88  67  62  37  97  22  31  46  76  45
   14  12  63  91  77]
 [  0  38  47  54  55  48  73  72  15  71  88  16  88  43   7  43  28  66
   98  60   3   1  31  56  87  84  80  46  32  81  18  68  35 100  23  79
   13  78  14  37   5]
 [  0  28   4  50  29  37  35  20  35  99  84   2  58  18  94  56  64  93
   52  22  93  60  10  84  80   6  81   6  86  82  96  28  42  74  41  63
   22  92  79  29  71]
 [  0  96   2  26  75  89  19  20  33  81  94  82  96   4  32  19   3  92
   61  38   6  56  40  81  69  83  42  99  86  88  74   2  28  17  70  69
   39   7  32   4  21]]
job2fam
[[1 0 0 0 0 0 0 0 0 0 0 0 0 0 0 0 0 0 0 0 0 0 0 0 0 0 0 0 0 0 0 0 0 0 0 0
  0 0 0 0 0]
 [0 1 1 1 1 0 1 0 0 1 1 1 0 1 0 0 1 1 0 0 0 0 0 0 1 0 0 1 0 0 1 0 1 0 0 1
  1 0 0 1 0]
 [0 0 0 0 0 0 0 1 1 0 0 0 0 0 0 0 0 0 0 0 1 1 0 0 0 0 1 0 1 1 0 0 0 1 0 0
  0 1 0 0 0]
 [0 0 0 0 0 1 0 0 0 0 0 0 1 0 1 1 0 0 1 1 0 0 1 1 0 1 0 0 0 0 0 1 0 0 1 0
  0 0 1 0 1]]
unit_cost
[10 14 10  9 14]
pre_factor
0.5
