param: 
proc_time: (1, 100)
setup_rate: 2.0
setup_time: (60, 120)
delivery_time: (1, 100)

mach
5
job_rate
8
fam
3
setup_rate
2.0
proc_time
[[  0  56  52  15  90  88  83  20  73  92  16  75  98  25  57  21   5  75
    9  11  65  63  26  74  19  16  56  68  78  30   7  12  24  22  47  30
   60  39  20  26  49]
 [  0  42   6  53  34  69  10  28   3  77  48  66  35  52  62  52  47  54
   28  23  87  35  32   2  16  16  51  67  92  93  54  20 100  33  86   8
   24  53  64  58  37]
 [  0  12  84  84   4  94  31  86  79  38  37  92  75  14  75  73  24  10
   38  43  37  42  32  84  14   4  24  96  10  16  39  96  18  25   7  56
   47  82  82   3   1]
 [  0  71  74  59  72  32  87  17  78  17  89  21  55   6  84  49  84  26
   32  72  44  59  29  17  18  40  63  82  75  45  76  79  90   3   3  38
   99  73  40  68  54]
 [  0  15  93   5  39  40   7  72  96 100  33  37  32  43  63  36  98  49
   25  96  66   9  93  18  22  99  15   7  13  36  16  41  21  28  74  83
   17  65  13  36  58]]
setup_time
[[[  0  79 100  99]
  [  0   0  82 101]
  [  0 111   0  64]
  [  0 105  76   0]]

 [[  0  63  82  82]
  [  0   0  93  80]
  [  0  60   0  87]
  [  0  66 113   0]]

 [[  0  73  89 114]
  [  0   0 105  73]
  [  0 100   0  90]
  [  0  77  64   0]]

 [[  0  71  73 119]
  [  0   0 106  74]
  [  0 111   0  74]
  [  0  67  82   0]]

 [[  0  90  89 101]
  [  0   0  84  88]
  [  0  78   0 100]
  [  0  88  69   0]]]
delivery_time
[[  0  69  20  85   2  85  88   9  39  30  54  82  58  44  43  10  48  85
   86  17   5  70  74  64  66  71   4  83  28  84  94  38  66  67  60  47
   25  66  79  67  69]
 [  0 100  50  40  37  91  69  17  62  41  76  42  31  33  43  93  67  38
   41  63  40  30  47  22  96  55  43  61  74  32   4  93  45  72  20  71
   65  60  89  26  73]
 [  0  40   2  26  78  62  44  31  26  83   5  70  35  16  31  82  14  25
   79  90 100  75  71  18  50  20  56   2  26  23  32  13  13  17  89  58
   86  27  17  90  38]
 [  0  14  12  69  68  55  63  29  89  45   4  16  66  23  68  20  17  52
    6  82  84  39  34  54  88  82  94  65  87  29  41  63  32  66 100  45
   17  43  66  68  34]
 [  0  23   6  16   2  76  27  19  28  35  68  49   7  37  25  41  81  62
   41  14  54   2  88  79  48  51  97  55  12  83  69   1  59  73  34  93
   46  59  66  19  28]]
job2fam
[[1 0 0 0 0 0 0 0 0 0 0 0 0 0 0 0 0 0 0 0 0 0 0 0 0 0 0 0 0 0 0 0 0 0 0 0
  0 0 0 0 0]
 [0 0 1 0 0 0 1 0 0 0 0 1 0 0 1 0 0 0 0 1 1 0 0 0 0 0 1 0 1 0 0 0 1 1 0 0
  0 0 0 1 0]
 [0 1 0 1 0 0 0 0 1 0 0 0 1 1 0 0 0 0 1 0 0 0 0 0 0 0 0 0 0 0 1 1 0 0 1 0
  0 0 1 0 1]
 [0 0 0 0 1 1 0 1 0 1 1 0 0 0 0 1 1 1 0 0 0 1 1 1 1 1 0 1 0 1 0 0 0 0 0 1
  1 1 0 0 0]]
unit_cost
[11 13  9 11 14]
pre_factor
0.5
