mach
2
job_rate
5
weight
[ 0  3  7  3  4  2  3  5 10  8  7]
proc_time
[[  0  91 147  73  55 113  62  81  95 100  84]
 [  0  76  66 131  79 126 138 123 145 127 136]]
setup_time
[[[0 4 0 5 5 0 1 0 5 4 0]
  [0 0 0 3 4 2 4 4 2 1 3]
  [0 0 0 4 3 5 3 2 1 5 2]
  [0 5 3 0 0 2 4 4 3 2 1]
  [0 3 0 2 0 0 2 2 5 4 3]
  [0 4 5 0 4 0 1 4 1 5 4]
  [0 2 4 4 5 3 0 4 3 2 2]
  [0 3 5 0 3 3 0 0 5 0 1]
  [0 5 0 3 1 5 0 1 0 0 2]
  [0 2 3 1 4 1 4 4 4 0 3]
  [0 0 3 4 3 0 5 4 5 2 0]]

 [[0 4 5 5 4 3 0 0 2 0 1]
  [0 0 4 1 2 2 1 5 2 4 0]
  [0 5 0 0 3 2 3 3 2 4 2]
  [0 3 2 0 4 0 1 5 2 2 5]
  [0 5 1 2 0 5 2 1 4 1 2]
  [0 0 4 0 2 0 4 0 2 1 3]
  [0 3 4 0 4 3 0 4 3 5 5]
  [0 0 5 3 3 4 5 0 4 5 3]
  [0 1 4 1 2 1 3 5 0 4 5]
  [0 5 4 0 5 2 2 1 5 0 5]
  [0 2 1 5 2 0 4 3 3 0 0]]]
release_time
[  0 326 279 332 259 335 392 392 233 199 324]
due_date
[  0 379 382 371 321 385 392 392 333 305 353]
unit_emission
[ 5 20]
emission_limit
5825.0
setup_severity
0.02
due_tight
0.3
due_range
0.25
release_tight
1
degree_constr
0.8
