mach
2
job_rate
5
weight
[ 0  8  5  9 10  7  4  7  3  6  6]
proc_time
[[  0 104  58 111 111  83 143 131  57  57 117]
 [  0  98  96 132  79  51 149 102 117 137  80]]
setup_time
[[[  0 118 150 225 108  80 330 207 271 110 275]
  [  0   0  58  95  38 234  75 290  55 226 131]
  [  0 283   0 367  74 121 390  26 361  48  68]
  [  0 138   3   0   8 361 182 132 223  93 199]
  [  0 327 106 275   0 250  90 315 112 398  15]
  [  0 391 248 168 256   0  32 289 303 206 237]
  [  0 131 208 162 386  72   0 379  57 154 202]
  [  0 401 203  66 369   7  97   0  66  76 123]
  [  0 324 122 299 384 342 174 345   0 294 169]
  [  0 189 131 256 318   9 381 276 247   0  11]
  [  0 350 209 208 348 139   5 209 263  83   0]]

 [[  0 238  29 251 393 162 163 113 377 395  48]
  [  0   0 217 356 148 220   6 371 148 401 201]
  [  0 138   0 295  35  49 397 268  45 102 230]
  [  0 236 214   0 285 224 397 220  99 367 110]
  [  0 116 187 392   0 314 374 166 318 260 129]
  [  0 130 258 111 155   0 311 195 262  79 211]
  [  0 354 322 325 206 211   0 242 349  44 295]
  [  0 274 247 282 347 338  53   0  88 238 244]
  [  0  24 253 245  53   5  70  48   0 302 225]
  [  0  74 199 371 349 114 374 337  89   0 197]
  [  0 341 142 161 301  87 197 117 104  38   0]]]
release_time
[  0 720 170 719 359 784 275 442 712 794 154]
due_date
[  0 796 230 812 400 836 322 446 716 806 251]
unit_emission
[8 2]
emission_limit
2511.2
setup_severity
2.0
due_tight
0.3
due_range
1.0
release_tight
1
degree_constr
0.2
