param: 
proc_time: (1, 100)
setup_rate: 0.5
setup_time: (15, 30)
delivery_time: (170, 200)

mach
5
job_rate
8
fam
5
setup_rate
0.5
proc_time
[[  0  69   8  51  94  19  94  31  80  22  33  86  72  37  12  69  64  25
   54  29  13  26  22  93  76  92  73  10  48  42  90 100  59  53  40  75
   62   6   4  91  55]
 [  0  69   3   7  88  86  12  99  17  67  75  70  36  17  86   1  67  80
   99  78  49  51  71  90  43  31  24  83  37  65  89  63  56  74  18  65
   29  77   4  12  56]
 [  0  19  26  38  80  25  56  74  28  61  92  89  89  51  12   8 100  58
   88  23  37  11  17  92  56  53  67   2  29  57  34  78  97  82  93   2
   75  31  77  44  90]
 [  0  98  54  53  74  76  86  46  54  31  83  24  25  35  57  72  69  86
   28  76  33  53  16  26  12  87  90  77  87  31 100  27  36  59  87   3
   94  32  15  75  66]
 [  0  63  98   1  75   5  90   6  99   5  73  28  83  69  87  44  16  71
   78  22  73  23  43  68  43  26  41  70  31  17   9  91  55   6  70  64
    4  67  88  56  18]]
setup_time
[[[ 0 30 19 30 27 30]
  [ 0  0 28 29 23 21]
  [ 0 18  0 24 25 21]
  [ 0 17 19  0 27 20]
  [ 0 15 21 22  0 26]
  [ 0 29 16 18 20  0]]

 [[ 0 16 29 18 24 19]
  [ 0  0 22 22 16 20]
  [ 0 27  0 28 19 22]
  [ 0 16 28  0 16 28]
  [ 0 23 17 29  0 17]
  [ 0 20 17 15 20  0]]

 [[ 0 15 30 19 22 22]
  [ 0  0 29 22 18 29]
  [ 0 17  0 17 15 22]
  [ 0 23 20  0 16 15]
  [ 0 24 30 18  0 28]
  [ 0 21 28 24 29  0]]

 [[ 0 15 22 24 28 23]
  [ 0  0 23 23 26 26]
  [ 0 25  0 18 29 30]
  [ 0 25 18  0 24 17]
  [ 0 28 15 25  0 18]
  [ 0 21 28 24 15  0]]

 [[ 0 23 22 24 15 29]
  [ 0  0 19 15 29 18]
  [ 0 28  0 19 25 17]
  [ 0 25 18  0 22 26]
  [ 0 28 27 25  0 28]
  [ 0 21 27 15 22  0]]]
delivery_time
[[  0 170 191 191 189 182 177 190 192 178 198 170 178 198 198 189 192 180
  189 173 198 185 200 183 200 189 191 190 187 194 196 191 195 191 178 170
  192 172 189 170 172]
 [  0 199 183 192 199 191 182 170 184 194 189 176 185 189 192 190 170 184
  189 184 188 175 175 170 199 199 185 196 187 182 181 187 197 179 183 189
  198 194 180 187 196]
 [  0 196 181 186 197 193 172 199 200 190 170 170 175 188 193 173 191 182
  195 181 194 199 177 189 195 193 200 176 190 176 176 183 198 195 187 192
  188 193 193 194 196]
 [  0 195 188 194 194 187 175 185 172 190 171 184 189 180 188 187 191 180
  172 173 175 181 198 197 200 190 173 198 199 181 173 171 181 182 195 198
  185 173 197 177 174]
 [  0 183 184 199 180 179 179 193 175 185 197 195 190 173 195 178 179 199
  174 179 185 200 180 175 200 176 196 181 196 182 186 178 197 177 197 196
  185 200 190 172 174]]
job2fam
[[1 0 0 0 0 0 0 0 0 0 0 0 0 0 0 0 0 0 0 0 0 0 0 0 0 0 0 0 0 0 0 0 0 0 0 0
  0 0 0 0 0]
 [0 0 0 0 0 0 1 0 0 0 1 1 0 1 1 0 0 0 0 0 0 0 1 0 0 0 1 1 1 0 1 1 0 0 0 0
  0 0 0 0 1]
 [0 1 0 1 0 0 0 1 0 0 0 0 1 0 0 0 0 1 0 1 0 0 0 0 1 0 0 0 0 0 0 0 0 0 0 0
  0 0 1 0 0]
 [0 0 0 0 1 1 0 0 0 0 0 0 0 0 0 0 1 0 1 0 0 0 0 0 0 0 0 0 0 0 0 0 0 0 1 1
  1 0 0 0 0]
 [0 0 1 0 0 0 0 0 1 1 0 0 0 0 0 1 0 0 0 0 0 1 0 1 0 1 0 0 0 0 0 0 0 0 0 0
  0 0 0 1 0]
 [0 0 0 0 0 0 0 0 0 0 0 0 0 0 0 0 0 0 0 0 1 0 0 0 0 0 0 0 0 1 0 0 1 1 0 0
  0 1 0 0 0]]
unit_cost
[21 25 23 18 21]
pre_factor
0.5
