mach
2
job_rate
5
weight
[ 0  8  9  6 10 10  6  3  8  8  7]
proc_time
[[  0  75 116 131 125  95  52  56  88  95  94]
 [  0  77  64 113 150  62 113  56  92  55 124]]
setup_time
[[[  0  47  19 353 293   3 217 352 205 263 192]
  [  0   0  28  96 297  44 255 302 327  45 364]
  [  0 107   0 231 363  13 140 307 108  96 130]
  [  0 148 119   0  49 329  36 327  79 302 251]
  [  0 120  91  24   0 132 156 272 286 179 297]
  [  0 182  34 276 303   0 221 182 252 104 161]
  [  0 238 109 344 354 238   0  76  52  19 288]
  [  0 235 356 229 181 325 142   0 363 118 291]
  [  0 125  65 224  84  74 172  11   0 338  54]
  [  0  43 142  55 144  67 285 142 237   0 343]
  [  0 132  42 295 243 107  70  68  88 319   0]]

 [[  0 329 245 172 335 188   9  75  59 292 231]
  [  0   0 365 102 355  98 356  91 249 319 150]
  [  0 334   0 149 168 306 347 193 173 130  43]
  [  0  28  23   0 287 297 227 288  50  12 258]
  [  0 184  46 239   0 366 258  35  47  81  23]
  [  0  83 247  35 119   0 326 131 269 366 330]
  [  0 269  22 259 356 348   0 232   6  95 172]
  [  0 298 337  31  50 328 341   0  58 241  33]
  [  0 107   2 337  15 160 183 351   0 159 226]
  [  0 124 167 184 143 274 242 325 151   0 278]
  [  0 150 251 301 129 264  87  25   3 187   0]]]
release_time
[  0 701  59 308 612 576 176 871 720 708 120]
due_date
[  0 732  96 363 702 643 206 911 770 782 187]
unit_emission
[ 5 16]
emission_limit
6650.2
setup_severity
2.0
due_tight
0.3
due_range
1.0
release_tight
1
degree_constr
0.8
