param: 
proc_time: (1, 100)
setup_rate: 2.0
setup_time: (60, 120)
delivery_time: (1, 30)

mach
5
job_rate
8
fam
8
setup_rate
2.0
proc_time
[[  0  53   5  61  21  58  81  14  96  79  85  54  78  41  16  51   1  40
   18  34  90  61 100  21   1  27  51  11  14  92  55  27  22  21  24  19
   24  26  25  45  29]
 [  0  11  24  24  12   7  40  81  99  70  76  79  96  23  71  38  31  29
   44  28  76  91  68  21   9  49  98  37  21  60  23  88  10  70  21  29
   59  40  21  86  99]
 [  0  46   5  15  83  80  40  87   4  85  24  42  26  66   8  73  66  78
   20  66  68  99  55  78  85  79  39  50  20  70  28  43  66  28  98  78
   73  23  35  22   5]
 [  0  41  29  35  98  68  45   9  51  14  69  56  91  11  30  39  98  24
   80  58  30  24  67  29  42  76  62  27  29  66  57  61  29  57  73  55
   44  28  37  23  77]
 [  0  96  92  58  79  88  32  85  69  36  92  32  59  60  87  80  74  93
   27  99  24  87  67  36  14  68  44  48  32  84  17  93  57  39  32  68
   88   2  78  42  38]]
setup_time
[[[  0 114  93 105 102  61  95  65  95]
  [  0   0  97 100 113  81 107  70 102]
  [  0  90   0 112 101  88 118  92  81]
  [  0  86  67   0 107 116  65 105  84]
  [  0  68  95  90   0 108  60  83  93]
  [  0  93  94  95  72   0  84 114  71]
  [  0  96 105  97  60 107   0 104 104]
  [  0  75  81 105  70  96  85   0  85]
  [  0  80 116  85  74  98  94  70   0]]

 [[  0  82  63  89  87  84  81  84 111]
  [  0   0  88 105 100  91  85  87  79]
  [  0 118   0  82  98  64  80 115  81]
  [  0  70  89   0  95  76  80  96  95]
  [  0  83  89 101   0  80  65  80  67]
  [  0  99  69  90 117   0 110  80  95]
  [  0  86  97  94 119  91   0  63  86]
  [  0  96  86 106 107  65  77   0 103]
  [  0 111  66 114 103  73  72  85   0]]

 [[  0  61 105 106  82  87  60  91  71]
  [  0   0 112 115 119 114  94 120  85]
  [  0 116   0  88  64  94  66  75  91]
  [  0  76  80   0  99 106 119 111  74]
  [  0  67  84  70   0  80 113 114  69]
  [  0  68 107  60  81   0  89 114  93]
  [  0  81  65 100 105  83   0  98  82]
  [  0  66  62 114  72 113  71   0  93]
  [  0 106  77 114 108 116  62  81   0]]

 [[  0 100 101  71 114  60  95  89 112]
  [  0   0  96  87 108 112  64  95 120]
  [  0 106   0  69  64  73  83  87  80]
  [  0 110  99   0  79 110  91 110  97]
  [  0 101  80  76   0 110 103  87 113]
  [  0  76  98  73  73   0 107  77  99]
  [  0 102  60 101  77 107   0  82 108]
  [  0  78  96 119 114  65  83   0 107]
  [  0  98 107 100 114  65  75  68   0]]

 [[  0 119  85 113  97  85  73  94 114]
  [  0   0  83  67  99  84  63  74  75]
  [  0  70   0  66 109  97  83  90  63]
  [  0 115  94   0 105  92 111  91 105]
  [  0  94  76 113   0  73  78  83  98]
  [  0  66 104 119  83   0 112 117  83]
  [  0  83  70  67 103  74   0 113  61]
  [  0 104  69  91  76 116 116   0  69]
  [  0  65  86  79  60  76  60  96   0]]]
delivery_time
[[ 0 30 28 25 13 14  5 21  2 14 21  8 20  2  8 20 30 29  5 30 12  7 27 21
  13 15 10  4 16  7 13  4 26 12 20  2  5  8  4 27 29]
 [ 0 25  6  3 29 14 10 11  5 22 16  9 21 16  9 17 12 15 10  4 17 18 18 10
  11 21  1 10 30  3 27  6 17 12 11 17  3  9 18 28  6]
 [ 0  6 11 11  7 13 13  7 14  2  3  4  8 21  1  9 17 18  7 27  3 22 16  8
   5 17 26 30 28 19 27 18 22 30  5  7 18 30 13 22 11]
 [ 0 22 15 21  7  5 30 29  7 17  9  6  9 17  2 23 20 30 13 26 30 17 21 20
   6 29 23 27 19  6  2 28 26 13 20 30 10 29  9 13  7]
 [ 0 22 14  4  8 12  8 16  1 24 10  7 30 14 17 19 30  5 19  3  1  8  9  5
   1 17 25 14 17  9  3  3 13 20  5  6 14  6 26 29 29]]
job2fam
[[1 0 0 0 0 0 0 0 0 0 0 0 0 0 0 0 0 0 0 0 0 0 0 0 0 0 0 0 0 0 0 0 0 0 0 0
  0 0 0 0 0]
 [0 0 0 0 1 0 0 0 1 0 0 0 0 0 0 0 0 0 0 0 0 0 0 0 0 0 1 0 0 0 0 0 0 1 1 0
  0 0 1 0 0]
 [0 0 0 1 0 0 0 1 0 0 0 0 1 1 0 0 0 0 0 0 0 0 0 0 0 0 0 0 0 0 0 1 0 0 0 0
  0 0 0 0 0]
 [0 0 0 0 0 0 0 0 0 0 0 0 0 0 0 0 0 1 0 0 0 1 0 0 0 0 0 0 0 0 1 0 0 0 0 1
  0 1 0 0 0]
 [0 1 0 0 0 0 0 0 0 0 1 1 0 0 0 0 1 0 0 0 1 0 0 0 0 1 0 0 0 0 0 0 0 0 0 0
  0 0 0 0 1]
 [0 0 1 0 0 0 0 0 0 0 0 0 0 0 1 0 0 0 0 0 0 0 0 0 1 0 0 0 0 0 0 0 1 0 0 0
  0 0 0 1 0]
 [0 0 0 0 0 0 0 0 0 0 0 0 0 0 0 1 0 0 0 0 0 0 1 0 0 0 0 0 0 0 0 0 0 0 0 0
  0 0 0 0 0]
 [0 0 0 0 0 0 1 0 0 0 0 0 0 0 0 0 0 0 1 0 0 0 0 1 0 0 0 1 1 1 0 0 0 0 0 0
  1 0 0 0 0]
 [0 0 0 0 0 1 0 0 0 1 0 0 0 0 0 0 0 0 0 1 0 0 0 0 0 0 0 0 0 0 0 0 0 0 0 0
  0 0 0 0 0]]
unit_cost
[ 7  7  7 10  7]
pre_factor
0.5
