param: 
proc_time: (1, 100)
setup_rate: 0.5
setup_time: (15, 30)
delivery_time: (100, 200)

mach
5
job_rate
10
fam
5
setup_rate
0.5
proc_time
[[  0  35  75  52  33  25  14  93  53  61  13  15  55  53  72  47  45  97
   75  64  15  21  36  70  25  44   1  42  59  33  32  66  25  40  58  97
   75  64  19  89  28  74  95  80  42  82  86  50  99  76  92]
 [  0  57   9  30  18  45  88  83  78  66  11  90  72  67  15  40  13  80
   86  33   2  93  34  16  14  46  50   5  43  18  48  64  26  74  70  14
   66  61  91  73  77  21  55   2   3  13  21  33  20 100  18]
 [  0  38  25  38  15  81 100  29  97  64  32  72  43  13  81  85  78  25
   49  88  97   8  28  83  11  55  10  59  65   5  80  84  20  92   5  67
   30  87  34  92   1  27  63  34  95  32  71  98  46  68  83]
 [  0  22  29  98  98  45  45  67  21  21  60  81  29  33  39  62  90  71
   45  58  73  82   1  11  86  32  74  49  91  76  30  60  10  76  21  91
    6  38  58   8  70  63  34  49  40  86  29   9  21  32  72]
 [  0  43  10  49  87  84  13  86  41  79  31  32  45  13  25  85  68  15
   64  85  60   8  95  74  85  17   5  13  21  44  76  89  53  28  66  21
   86  57  55   2  94  65  77   3  59  84  63   5  66  90  93]]
setup_time
[[[ 0 23 20 26 26 26]
  [ 0  0 21 21 16 24]
  [ 0 24  0 17 22 28]
  [ 0 22 21  0 27 25]
  [ 0 26 15 20  0 27]
  [ 0 27 27 26 17  0]]

 [[ 0 19 16 25 18 20]
  [ 0  0 16 30 16 23]
  [ 0 26  0 19 20 27]
  [ 0 24 17  0 30 30]
  [ 0 18 26 29  0 30]
  [ 0 22 20 22 15  0]]

 [[ 0 18 24 25 30 18]
  [ 0  0 27 25 24 23]
  [ 0 21  0 25 29 18]
  [ 0 17 19  0 28 20]
  [ 0 30 16 21  0 21]
  [ 0 29 28 27 27  0]]

 [[ 0 26 21 27 30 18]
  [ 0  0 23 17 30 18]
  [ 0 22  0 24 22 29]
  [ 0 27 29  0 26 17]
  [ 0 22 24 16  0 20]
  [ 0 26 20 25 24  0]]

 [[ 0 25 19 30 15 23]
  [ 0  0 27 26 15 20]
  [ 0 17  0 18 23 21]
  [ 0 23 17  0 28 28]
  [ 0 22 18 15  0 29]
  [ 0 23 24 15 17  0]]]
delivery_time
[[  0 131 127 189 103 109 126 183 135 104 180 149 131 198 122 176 160 100
  130 118 186 153 133 103 147 147 148 159 143 133 193 155 173 105 175 175
  181 135 134 124 148 154 140 156 121 193 143 128 170 147 102]
 [  0 144 119 172 135 159 177 117 196 165 200 130 185 108 119 119 146 100
  193 182 199 113 100 168 109 172 148 113 159 181 141 158 124 135 194 134
  190 185 110 109 107 191 122 105 177 187 163 172 145 137 124]
 [  0 185 101 188 123 200 166 189 193 192 170 160 108 144 193 115 113 125
  145 200 157 173 129 185 155 193 131 177 122 116 199 192 123 146 110 140
  114 185 190 151 133 159 156 132 120 123 119 167 200 200 159]
 [  0 132 130 133 121 129 104 140 144 186 160 112 108 177 180 134 117 111
  140 115 193 112 117 175 197 150 132 169 181 166 153 105 135 154 149 185
  170 193 165 195 114 121 148 137 107 107 199 183 136 171 177]
 [  0 198 124 181 153 120 200 158 130 105 141 151 146 183 127 135 139 189
  112 148 103 197 200 163 197 179 122 157 186 114 188 192 199 178 200 198
  145 138 146 136 140 191 144 129 170 167 106 196 146 146 181]]
job2fam
[[1 0 0 0 0 0 0 0 0 0 0 0 0 0 0 0 0 0 0 0 0 0 0 0 0 0 0 0 0 0 0 0 0 0 0 0
  0 0 0 0 0 0 0 0 0 0 0 0 0 0 0]
 [0 0 0 0 0 0 1 0 0 0 0 0 0 0 0 1 1 0 1 1 0 1 0 1 0 1 0 0 0 0 0 1 0 0 0 0
  0 1 0 1 0 0 0 0 0 0 0 0 1 1 0]
 [0 0 0 0 0 1 0 0 0 0 1 0 0 0 0 0 0 0 0 0 0 0 0 0 1 0 1 0 0 0 0 0 0 0 1 0
  1 0 0 0 0 1 0 0 0 0 0 0 0 0 0]
 [0 0 1 0 1 0 0 0 1 1 0 0 0 1 0 0 0 1 0 0 0 0 0 0 0 0 0 0 0 0 1 0 0 0 0 1
  0 0 1 0 0 0 1 1 0 0 0 0 0 0 0]
 [0 1 0 0 0 0 0 1 0 0 0 0 0 0 1 0 0 0 0 0 0 0 1 0 0 0 0 0 1 1 0 0 1 0 0 0
  0 0 0 0 1 0 0 0 1 0 1 0 0 0 0]
 [0 0 0 1 0 0 0 0 0 0 0 1 1 0 0 0 0 0 0 0 1 0 0 0 0 0 0 1 0 0 0 0 0 1 0 0
  0 0 0 0 0 0 0 0 0 1 0 1 0 0 1]]
unit_cost
[21 23 23 25 27]
pre_factor
0.5
