param: 
proc_time: (1, 100)
setup_rate: 0.5
setup_time: (15, 30)
delivery_time: (170, 200)

mach
5
job_rate
10
fam
8
setup_rate
0.5
proc_time
[[  0  77  45  95  57  21  23  77  26  89  72  30  69  24  74  83  64  35
   22  39  55   7  62  39  20  56  96  66  15  74  21  79  34  35   5  56
   83   7  53  44  58  42 100  18   6   4  69  14  41  47  97]
 [  0  21  13  66  15  80  99  45  84  65  46   3  17  17  84  20   4  75
   15  57  45  27  88  20  79   6  18  86  49  85  24  81  11  18  35  55
   95  28  88  36  24  33  94  37  13  16  43  73  50  13  71]
 [  0  90  73  35  24  97  85  53  86  39  19  44  46  45  32   5  76   6
   82   7  83  15  73  20  59  84   4  74  40  65  35  88  44   7  22  23
   65  88  20  32  95  97  36  18  97  33  69  82   9  42  95]
 [  0  79   4  46  72  24  72  69  23  55  98  15  51  50  47  83  25  39
   68  46  72  93  13  38  36  37  42  95  19  37  89  65  85  39  26  42
   62  53  67  50  69  29  97   2  18  60  14  40  64  30  29]
 [  0  19  90  58  40   9  77  31  78  95  15  34  62  74  57  21  54  89
   37  40  20  71  18  44  56  90  17  42  71  28  21  37  23  48  59  74
   52  17  38   1  75  33  95  44  88  20  47  69  42  26  49]]
setup_time
[[[ 0 21 25 16 20 29 23 16 20]
  [ 0  0 19 29 27 27 27 16 29]
  [ 0 28  0 30 16 15 23 23 23]
  [ 0 18 28  0 16 15 26 24 21]
  [ 0 17 16 22  0 18 20 18 27]
  [ 0 23 29 26 30  0 19 20 23]
  [ 0 29 29 20 16 25  0 30 28]
  [ 0 16 16 18 24 24 30  0 28]
  [ 0 21 21 17 17 23 21 17  0]]

 [[ 0 30 17 23 28 22 27 21 22]
  [ 0  0 19 27 19 19 23 19 16]
  [ 0 21  0 29 21 21 25 28 16]
  [ 0 23 15  0 26 20 30 21 16]
  [ 0 24 22 25  0 27 30 20 26]
  [ 0 23 23 23 16  0 27 24 27]
  [ 0 19 29 23 15 24  0 24 19]
  [ 0 23 21 18 25 22 23  0 24]
  [ 0 20 18 15 20 22 20 27  0]]

 [[ 0 30 27 22 24 23 15 25 25]
  [ 0  0 22 16 28 28 18 27 15]
  [ 0 16  0 18 17 20 27 21 25]
  [ 0 21 15  0 17 26 15 15 16]
  [ 0 22 18 28  0 17 28 22 30]
  [ 0 30 23 18 25  0 15 19 24]
  [ 0 28 25 18 26 26  0 30 25]
  [ 0 20 27 28 20 16 15  0 24]
  [ 0 25 21 21 20 29 19 17  0]]

 [[ 0 27 19 18 17 16 19 16 16]
  [ 0  0 28 16 22 26 21 23 17]
  [ 0 20  0 27 15 15 18 24 15]
  [ 0 20 19  0 19 25 25 25 26]
  [ 0 16 17 26  0 18 28 20 30]
  [ 0 29 28 15 29  0 25 27 20]
  [ 0 26 26 26 22 18  0 24 16]
  [ 0 21 21 30 28 26 25  0 27]
  [ 0 16 16 29 20 16 25 29  0]]

 [[ 0 23 24 17 15 16 24 27 24]
  [ 0  0 23 18 29 22 15 25 25]
  [ 0 28  0 28 22 16 22 18 16]
  [ 0 22 29  0 18 27 28 29 29]
  [ 0 21 19 22  0 16 30 17 18]
  [ 0 30 19 19 29  0 15 30 26]
  [ 0 15 28 29 28 19  0 16 17]
  [ 0 26 24 22 26 24 29  0 22]
  [ 0 26 23 24 28 24 20 15  0]]]
delivery_time
[[  0 179 177 178 182 193 195 188 192 180 193 172 170 192 183 188 170 192
  196 181 183 184 176 173 183 187 185 195 183 190 180 196 194 175 184 179
  199 181 178 197 186 187 180 175 188 171 191 192 189 182 198]
 [  0 200 178 196 181 185 198 188 171 185 196 199 174 200 197 194 186 175
  193 176 175 172 194 190 184 197 185 186 178 195 178 186 198 176 194 171
  195 175 179 186 183 172 196 185 185 174 185 192 196 174 193]
 [  0 175 187 181 190 176 186 179 178 178 193 180 194 183 174 176 186 192
  178 188 194 190 182 178 182 183 177 183 182 196 192 179 191 171 181 185
  176 171 185 191 175 185 194 182 179 196 189 178 171 190 185]
 [  0 191 171 198 179 194 189 192 174 177 181 173 183 192 196 184 190 172
  193 191 184 173 184 194 178 187 195 182 200 178 173 194 182 179 177 183
  185 195 199 188 199 195 176 181 200 182 184 184 187 171 183]
 [  0 195 176 189 171 197 171 174 172 172 200 170 188 200 189 181 191 196
  175 197 190 189 175 182 198 190 179 170 185 183 197 187 183 194 179 189
  191 174 171 186 170 170 175 195 176 176 200 194 185 188 199]]
job2fam
[[1 0 0 0 0 0 0 0 0 0 0 0 0 0 0 0 0 0 0 0 0 0 0 0 0 0 0 0 0 0 0 0 0 0 0 0
  0 0 0 0 0 0 0 0 0 0 0 0 0 0 0]
 [0 0 0 0 0 0 0 0 0 1 0 0 0 0 0 0 0 0 0 0 0 0 0 1 0 0 0 1 0 0 1 0 0 0 0 0
  0 0 0 0 0 0 0 0 0 0 0 0 0 0 0]
 [0 0 1 0 0 0 0 0 0 0 0 0 1 1 1 0 0 1 0 0 0 1 0 0 0 0 0 0 1 0 0 0 1 0 0 0
  0 0 1 0 0 0 0 0 0 0 1 0 0 0 0]
 [0 0 0 0 0 1 0 0 0 0 0 0 0 0 0 0 0 0 0 0 0 0 0 0 1 0 0 0 0 1 0 0 0 0 0 0
  0 0 0 0 0 0 0 0 0 0 0 0 0 0 0]
 [0 0 0 0 0 0 0 0 0 0 0 0 0 0 0 1 1 0 0 0 0 0 0 0 0 0 0 0 0 0 0 0 0 0 1 0
  0 0 0 0 1 0 0 0 0 0 0 0 0 1 0]
 [0 0 0 0 0 0 0 1 1 0 1 0 0 0 0 0 0 0 0 0 0 0 0 0 0 1 0 0 0 0 0 0 0 0 0 0
  0 0 0 0 0 1 0 0 0 0 0 0 0 0 0]
 [0 0 0 0 1 0 0 0 0 0 0 0 0 0 0 0 0 0 0 0 0 0 0 0 0 0 0 0 0 0 0 0 0 1 0 1
  0 1 0 0 0 0 1 0 0 0 0 0 0 0 0]
 [0 1 0 0 0 0 1 0 0 0 0 1 0 0 0 0 0 0 0 1 0 0 0 0 0 0 1 0 0 0 0 1 0 0 0 0
  1 0 0 0 0 0 0 0 1 0 0 1 0 0 1]
 [0 0 0 1 0 0 0 0 0 0 0 0 0 0 0 0 0 0 1 0 1 0 1 0 0 0 0 0 0 0 0 0 0 0 0 0
  0 0 0 1 0 0 0 1 0 1 0 0 1 0 0]]
unit_cost
[30 22 23 28 33]
pre_factor
0.5
