param: 
proc_time: (1, 100)
setup_rate: 1.0
setup_time: (30, 60)
delivery_time: (1, 30)

mach
5
job_rate
10
fam
8
setup_rate
1.0
proc_time
[[  0  74  59  66  43  78  13   1  32  89  10  15  93  17  63  54  23  71
   50  59  36   6  66  32  53  69  83   2  43  87  40  68   4  75  46  20
   14  99  14  49   3  79  21  61   2  21  10  91  19  53  76]
 [  0  80   8  57  89  24  47  82  21   8  19  30  91 100 100  26  20  78
   97  73  87  45  64  30  53  50  62  42  28  58  31  90 100  59 100  75
   12  45  66  68  32  41  98  55  69   5  63   4  41  12  99]
 [  0  98  55  45  28  59   7  60  53  40  52  11  96  50  50  96  95  48
   84  54   6  50  82  85   3  41  92  28  32  39  88  71  63  19   1  33
   33  11  60  87  28  62  47  17  74  72   9  83   8  59  69]
 [  0  45  33  38  63  12  67  29  22  34  70  99  39  16  31  49  44  79
   46   1  44  84  87  84  96  46  89  72  53  33  45  64  94   3  24  76
   31  71  40  81  50  74  15  21  21  60  93  65  21  55  69]
 [  0  26  75  55  85  46  62  70  54   4  45  85  54  81  53  95  44  87
   96  36  34  52   6  38  86  33  75  55  23  44 100  28  64  48  59  83
   59  43  43  77  13  72  43  13  35  91  11  21  72  26  94]]
setup_time
[[[ 0 47 46 36 47 39 55 49 56]
  [ 0  0 36 52 36 49 40 39 55]
  [ 0 42  0 41 35 32 37 46 59]
  [ 0 42 37  0 53 57 33 45 47]
  [ 0 40 37 55  0 56 42 50 56]
  [ 0 33 33 33 42  0 45 57 43]
  [ 0 34 44 35 48 43  0 40 32]
  [ 0 31 35 53 37 30 59  0 43]
  [ 0 46 37 46 42 48 38 32  0]]

 [[ 0 42 42 41 30 39 48 51 36]
  [ 0  0 35 38 49 45 34 44 59]
  [ 0 33  0 35 52 56 31 39 51]
  [ 0 52 38  0 33 53 39 35 32]
  [ 0 48 32 49  0 47 41 41 50]
  [ 0 59 53 57 58  0 38 41 48]
  [ 0 60 53 39 56 48  0 47 39]
  [ 0 53 41 52 49 37 48  0 33]
  [ 0 51 33 45 60 37 38 44  0]]

 [[ 0 57 53 46 30 36 39 44 52]
  [ 0  0 58 58 60 34 57 36 43]
  [ 0 38  0 35 48 44 59 59 45]
  [ 0 60 51  0 50 32 32 35 51]
  [ 0 48 41 45  0 33 49 55 42]
  [ 0 60 31 59 60  0 38 56 40]
  [ 0 46 41 34 43 55  0 51 46]
  [ 0 55 33 30 59 46 39  0 55]
  [ 0 49 39 48 35 40 45 39  0]]

 [[ 0 30 37 46 48 38 49 37 38]
  [ 0  0 43 53 35 38 40 51 44]
  [ 0 34  0 49 32 49 57 54 33]
  [ 0 46 41  0 53 52 50 33 47]
  [ 0 30 58 46  0 54 52 47 35]
  [ 0 52 42 37 56  0 48 57 45]
  [ 0 36 53 38 55 57  0 50 54]
  [ 0 30 38 58 39 50 59  0 51]
  [ 0 42 43 52 36 60 57 58  0]]

 [[ 0 30 31 40 30 53 41 37 57]
  [ 0  0 44 41 31 54 34 60 38]
  [ 0 35  0 43 30 52 33 36 38]
  [ 0 46 40  0 55 56 41 44 31]
  [ 0 49 52 55  0 53 35 30 54]
  [ 0 47 33 54 37  0 43 49 43]
  [ 0 55 49 32 44 56  0 30 54]
  [ 0 49 30 48 46 42 49  0 55]
  [ 0 36 55 56 53 53 46 40  0]]]
delivery_time
[[ 0  4 18 15 15  1 22 24  1 11 11 26 26  6  1 14 24  6 30 17  9 17 25 14
  19  8 24 23 12  2  3 21 13  5 18  1  5 21 12 19 24  6  2  2 20 13 14  6
  12 25 13]
 [ 0  8 14 18 30 27  4  6 30 22 28 26  6 15 24 24 30 13  7 13 21  6  6 14
   3 11 13  3 12 23 22 21 27 22 22 20 28 27  5 13 23 27 11 17 28 29 10 12
   6  5 22]
 [ 0 20 24 20 30 15 16 29 10 24 27  8  2 22  7 23  1 20 30 23  6 13 12 19
  26 26 17  5 27 24 15 14  3  5 25 14  8 11 25 15 13  5 13  3 13 11  9  4
  17 15 27]
 [ 0 16 24  2  6 12  5 25 24 17 19 30 12  5 28 24  7  2 30 12 23  5 22  8
   5 16  9  1  5  1 17  1 15  5  9 18  6 21 12 14  7  7 19  6  3 16 16 18
   5 20 29]
 [ 0 16  4 24 13 14 17  3 25  3 17 13 21 20 10 29 24 27 12 27  9 26 21  1
   4 19  6 15 18  5  8 11  5 21  8 11 21 20 10  9  2 17  4 26 12 19 25 19
  19 26 29]]
job2fam
[[1 0 0 0 0 0 0 0 0 0 0 0 0 0 0 0 0 0 0 0 0 0 0 0 0 0 0 0 0 0 0 0 0 0 0 0
  0 0 0 0 0 0 0 0 0 0 0 0 0 0 0]
 [0 1 0 1 0 0 0 0 0 0 1 0 0 1 1 0 0 0 0 0 0 0 1 1 0 0 0 0 0 1 1 0 0 0 0 0
  0 0 1 0 0 0 0 1 0 0 0 0 0 0 0]
 [0 0 1 0 0 0 0 0 0 0 0 0 0 0 0 0 0 0 0 0 0 0 0 0 0 1 0 0 0 0 0 0 0 1 0 0
  0 0 0 0 0 0 0 0 0 0 0 0 0 0 0]
 [0 0 0 0 0 0 1 0 1 0 0 0 0 0 0 0 0 0 1 0 0 0 0 0 0 0 0 0 0 0 0 0 0 0 0 0
  0 0 0 1 0 0 0 0 1 0 0 0 0 0 0]
 [0 0 0 0 0 1 0 1 0 0 0 0 0 0 0 0 0 1 0 1 0 0 0 0 1 0 0 0 0 0 0 0 0 0 0 0
  0 0 0 0 0 0 0 0 0 0 1 1 0 0 1]
 [0 0 0 0 0 0 0 0 0 0 0 1 0 0 0 0 0 0 0 0 0 0 0 0 0 0 1 1 0 0 0 1 0 0 1 1
  0 0 0 0 1 0 0 0 0 1 0 0 0 0 0]
 [0 0 0 0 0 0 0 0 0 0 0 0 0 0 0 0 0 0 0 0 1 0 0 0 0 0 0 0 1 0 0 0 1 0 0 0
  0 0 0 0 0 0 0 0 0 0 0 0 0 0 0]
 [0 0 0 0 0 0 0 0 0 0 0 0 0 0 0 1 0 0 0 0 0 1 0 0 0 0 0 0 0 0 0 0 0 0 0 0
  1 1 0 0 0 1 0 0 0 0 0 0 0 1 0]
 [0 0 0 0 1 0 0 0 0 1 0 0 1 0 0 0 1 0 0 0 0 0 0 0 0 0 0 0 0 0 0 0 0 0 0 0
  0 0 0 0 0 0 1 0 0 0 0 0 1 0 0]]
unit_cost
[14 12 11  9 10]
pre_factor
0.5
