mach
2
job_rate
5
weight
[ 0  2  6 10  8  7  8 10  5 10  1]
proc_time
[[  0  64 146 136  61 115 129 134 128  86 108]
 [  0  55 128  68  94  56  94 127 124  70  94]]
setup_time
[[[  0  14 114  91 245 132 251 314 144 266   9]
  [  0   0 388 356 383 354 378 132 197 358 105]
  [  0 298   0  53  76  91 300 215  84 223 361]
  [  0 354 125   0  89 310 240 179  73 249 321]
  [  0 193 305 242   0 402  15 149 240  69 188]
  [  0 208 204 332 281   0 266 352 362 145 244]
  [  0 101 215   0 280 351   0  18 348 229 206]
  [  0 254 309 234  71 135  61   0 225   8 220]
  [  0 152  96 345 175 358 103 284   0 246 129]
  [  0 239 102  27 396 160 305 318  88   0 367]
  [  0 258 251 321   4  37 402 189 347 239   0]]

 [[  0 242 329 355 153 194 270 207   7 126 133]
  [  0   0 144 235 381 285 182 394 358 402  67]
  [  0  23   0  24 210 344 396 309  77 244 171]
  [  0 244 329   0 184 102 131  99 355 166 248]
  [  0 330 268 306   0 356 308 379 219  95  14]
  [  0  18   4 321  70   0  71 324  38 252  95]
  [  0  82 380 219 107  72   0 366 252 167 173]
  [  0 292  47 333 235 352 163   0  28 217 264]
  [  0 192 104 289 247 135 128 222   0 286  26]
  [  0 325 103 152   4 174 379  88 343   0 383]
  [  0 369 266 305  19 209  95 350 151 339   0]]]
release_time
[ 0 66 67  8 31 68 31 23 59 62 26]
due_date
[ 0 86 92 97 82 93 87 84 80 84 95]
unit_emission
[5 3]
emission_limit
2748.4
setup_severity
2.0
due_tight
0.9
due_range
0.25
release_tight
10
degree_constr
0.8
