param: 
proc_time: (1, 100)
setup_rate: 2.0
setup_time: (60, 120)
delivery_time: (1, 100)

mach
5
job_rate
10
fam
8
setup_rate
2.0
proc_time
[[  0  63  31  64  96  50  28  37  96  32  81  98  35  57  61  85  32  98
   98   8  80  35  23  86  95  93  38  19  54  45  36  49  60  56  73  64
   62  99  59   1  97  81  90  77   5  19  58  57  42  73   6]
 [  0  22  53  57  51   5  22   7  64  57  26  25  69  32   8   9  54  92
   20  68  67  44  41  42  11  93  43  86   8  46  34  95  68  15  18  11
   91  19  73  25  22  87  62  37  10  81  52  77  68  96  28]
 [  0  46  40  21  15   3  81  79  97  69   8   9  90   2  37 100  12  19
   27  24  66  16   2  21  10  58  17  76   7  73  46  50  10  16   1   9
   13  61  48  16  98  41  30  77  72  55  11  52  95  75  48]
 [  0  54   1  87  32  62  15  82  92  61  78  77  56  34  20  24  28  11
   92  86  30  38  81  86   1  84  69  33  65  44  64   9  32  54  26  62
   42  48   6  30  23  89  25  13  25  17  27  11   6  79  37]
 [  0  88  75  93  72  37  74  59  10   1  52  87  18  87   5  95  84  93
   48  33  57  96  25  44  91  87  66  68  25  45  23 100  41  87  33  28
    8  97  29  56  15  15  37  19  59  51  85  35  90  92  86]]
setup_time
[[[  0 112  75  71  87  66  92  83  70]
  [  0   0 114  74  68  72 109  88 117]
  [  0  82   0  64 118  75  98  89  80]
  [  0 113 117   0 102 107  89 118  81]
  [  0 104  61 103   0 101  86  85 104]
  [  0  84  78 108  86   0  76 116  65]
  [  0  77 102 103 108  61   0  78 110]
  [  0  63  92  93  91 116  77   0  68]
  [  0 107  95 111  62  77  99 113   0]]

 [[  0 103  60  83  83 112 109 101 112]
  [  0   0 109  94  94 116 120  71 110]
  [  0  82   0  81  85  63  66  82  90]
  [  0  81  98   0  78 112  89  85 118]
  [  0 115  81 120   0 105 117  88  91]
  [  0  77  90  91  68   0  96  91  67]
  [  0  63 111 105  76  80   0  68 119]
  [  0  64  89  65  97  67 107   0  92]
  [  0  74  96  68  62  90 118  98   0]]

 [[  0 119  87 117  94  74  66  94 107]
  [  0   0  67 107 115  97  75  93  60]
  [  0  73   0  82  63  93  61  71  82]
  [  0 102 112   0  91 110  76  90 117]
  [  0 114  85  71   0  94  75  63  87]
  [  0  92  96  69  90   0  64  69  84]
  [  0 104  76 110 120  79   0  92  68]
  [  0  90  64 105  88 110 106   0  90]
  [  0 118  77 118  77  99  93 107   0]]

 [[  0  82  92  76 101  91 107  94 110]
  [  0   0  89  74 109 111 110  66  65]
  [  0  72   0  77  94  60  83 120 109]
  [  0 109  75   0  62 105 101 120  96]
  [  0 117  77  88   0  86 103  88  63]
  [  0  72  73  73 110   0  81  68  83]
  [  0  76  83  64  93 101   0  86  99]
  [  0  65 112  64 113 112  77   0  95]
  [  0  92 113  93  91 110  62 117   0]]

 [[  0  72  67 103  89  67 117 119  86]
  [  0   0  67 120 115  74 112  66  71]
  [  0  95   0 102  89  69  78  77 103]
  [  0  79  61   0 110 103 117 102 106]
  [  0  70  81 101   0  62  63  94 106]
  [  0  68  67  93 110   0  90  99  78]
  [  0  91 103 118 103  87   0  77  84]
  [  0  64  74  84  79 115 115   0 112]
  [  0 108 120  97 100  87 108 109   0]]]
delivery_time
[[  0  70  58  67  71  10  95  68  44  70  82  71  98  87   8  88  28  55
   67  77  39  33  80  75  29  89  17  37   6  46  14  83  37  76  83  85
   29  92  81  49   2  70  89  83  70  65  46  63  98  85  21]
 [  0  63  23 100 100  96  39  58  45  81  14  22  17  29  38  90  31  98
   58  91  17  23  98  82  85  20  96  76   4  73  75  49  94  26  32  28
   51  40  37  51  57  80  72  67   3  74  63  12  79  91  51]
 [  0   6  12  82  25  98  26  88  58  80  36  36  21  94  49  84  60  62
   19  11  78 100  80   3  57  86  69  53  66  12  62  45  57   2  55  19
   61  24   5  26  92  35  19  31  83  44  19  84  81  12  35]
 [  0  58  72  25  25  86  13  42  15  23  28  13  96  75  44  78  52  35
   47  35  50  87  40  77  70  93  42  15  60  58  69  33  40   2  33  25
   59  27  56  25   5  62  43  68  78  81  91  36  98  10  22]
 [  0  28  48  60  84  63   2  23  51  98  80  28  78   1  15  15  89  43
    5  72  86  38  63  43  51  78  83  26  97  46  12  93  12  29  61  41
   20  98  46  30  93  39  40  51   2  90  65  28  51   8  31]]
job2fam
[[1 0 0 0 0 0 0 0 0 0 0 0 0 0 0 0 0 0 0 0 0 0 0 0 0 0 0 0 0 0 0 0 0 0 0 0
  0 0 0 0 0 0 0 0 0 0 0 0 0 0 0]
 [0 0 0 0 1 0 0 0 0 0 0 0 1 1 0 0 0 0 0 0 0 0 0 0 0 0 0 0 0 0 0 0 0 0 0 0
  0 0 0 0 0 0 1 0 0 0 0 0 0 0 0]
 [0 0 0 0 0 0 0 0 0 1 0 0 0 0 0 0 0 0 0 0 1 0 0 0 1 0 0 1 0 1 0 0 0 0 0 0
  0 1 0 0 0 0 0 0 0 0 0 0 0 0 0]
 [0 0 0 1 0 1 0 1 0 0 1 0 0 0 0 0 1 1 0 0 0 0 0 0 0 0 0 0 1 0 0 0 0 0 0 0
  0 0 0 0 0 0 0 0 0 0 1 0 0 0 0]
 [0 0 0 0 0 0 1 0 0 0 0 0 0 0 0 0 0 0 0 0 0 0 1 0 0 0 0 0 0 0 0 0 0 0 0 0
  1 0 0 0 0 0 0 1 0 0 0 0 0 0 0]
 [0 1 0 0 0 0 0 0 0 0 0 0 0 0 1 0 0 0 0 1 0 0 0 0 0 1 1 0 0 0 0 1 0 0 1 0
  0 0 0 0 0 1 0 0 0 0 0 0 0 0 0]
 [0 0 1 0 0 0 0 0 1 0 0 1 0 0 0 0 0 0 0 0 0 0 0 1 0 0 0 0 0 0 1 0 0 1 0 0
  0 0 0 0 1 0 0 0 0 1 0 0 0 0 0]
 [0 0 0 0 0 0 0 0 0 0 0 0 0 0 0 1 0 0 1 0 0 1 0 0 0 0 0 0 0 0 0 0 0 0 0 1
  0 0 1 0 0 0 0 0 1 0 0 0 1 1 0]
 [0 0 0 0 0 0 0 0 0 0 0 0 0 0 0 0 0 0 0 0 0 0 0 0 0 0 0 0 0 0 0 0 1 0 0 0
  0 0 0 1 0 0 0 0 0 0 0 1 0 0 1]]
unit_cost
[17 14 12 13 15]
pre_factor
0.5
