mach
2
job_rate
5
weight
[0 7 8 7 1 5 1 5 6 5 1]
proc_time
[[  0  54 148 147  64  95  52  90 104  67 107]
 [  0  69 127 116  58 147 132 129  99 114  96]]
setup_time
[[[  0 359 378 339 340 312 360 376  59 116 123]
  [  0   0  74 302 376 198  82  40 301 149   8]
  [  0 152   0 295  86 203 309 361 104  34 392]
  [  0 105 109   0  74 192 249 120 237 358 260]
  [  0 338  45 385   0  85  59 337 307 145 245]
  [  0 157 153  88 227   0 213 343 265 394 281]
  [  0 377  42  16  26 286   0  94  32 380 300]
  [  0 304 374  65   4 357 190   0 213 215  14]
  [  0 354 259 196  40 364 104 218   0 339 306]
  [  0 111  15  66 257 357 119 274  73   0  81]
  [  0  17 358   2 261 316 268 259 129 148   0]]

 [[  0 386 127  54 341 239 229 390 246 221 357]
  [  0   0 193  29 264 126  81 292 183  83  61]
  [  0 197   0  94 194 217  88 164 343 266 139]
  [  0 172 354   0 233 328 200 293  38 176 194]
  [  0 400  50 121   0 393  20 317  80 296  71]
  [  0 208 344 334  25   0 201  78 303 341 185]
  [  0 236 173 279 366 134   0 203 313 273  11]
  [  0 287  31 368 305 162 329   0 130 397 240]
  [  0 389  72 182 228   9 129 113   0 178  96]
  [  0 307 323  50  51 390 393 240 274   0 241]
  [  0 204  87 288 186 230 146 289 209  25   0]]]
release_time
[ 0 56 15 16  7  4 14  3  2 44  0]
due_date
[ 0 94 79 19 60 68 56 53  5 92  4]
unit_emission
[1 8]
emission_limit
1607.6
setup_severity
2.0
due_tight
0.9
due_range
1.0
release_tight
1
degree_constr
0.2
