param: 
proc_time: (1, 100)
setup_rate: 2.0
setup_time: (60, 120)
delivery_time: (1, 30)

mach
2
job_rate
5
fam
5
setup_rate
2.0
proc_time
[[ 0 32 51 44 82 70 18 83 22 37 96]
 [ 0 59  3 28 74 35 61 93 54 63 79]]
setup_time
[[[  0  66  71 108  89  80]
  [  0   0 120  83  79  96]
  [  0  87   0  79 119  83]
  [  0 108 110   0 100  95]
  [  0 112  93  95   0  74]
  [  0  95  65  98 101   0]]

 [[  0 117 113 120  71  62]
  [  0   0  99  80  74  92]
  [  0  85   0  95 107  89]
  [  0 101 103   0  73  61]
  [  0  96  64  97   0 100]
  [  0 119 120 106  73   0]]]
delivery_time
[[ 0  4 13 23 15 11 10  3 22 14 16]
 [ 0 29 10 12 30  9  1  5 20  8 11]]
job2fam
[[1 0 0 0 0 0 0 0 0 0 0]
 [0 0 0 0 0 0 0 0 0 1 1]
 [0 0 0 0 0 0 0 0 1 0 0]
 [0 0 0 0 0 1 1 0 0 0 0]
 [0 0 1 1 1 0 0 0 0 0 0]
 [0 1 0 0 0 0 0 1 0 0 0]]
unit_cost
[7 4]
pre_factor
0.5
