param: 
proc_time: (1, 100)
setup_rate: 2.0
setup_time: (60, 120)
delivery_time: (1, 30)

mach
5
job_rate
10
fam
8
setup_rate
2.0
proc_time
[[  0  70  45   9   9  85   3  77  63  82  95  93   2  31  38   7  10  77
   59   1  37  25  94  66 100  88  76   5  56  79  42  64  49  46  71   2
   67   4  62  80  27  86  67  17  86  52  71  57  30  72  83]
 [  0  65  16  95  27  74  98  47  14   2  39  55  86  26  44  69  38  80
   12  17  25  64  88  11  18  36   3  83  70  87  71   9  66  47  50  64
   47  75  67  42  49  30   8  37  85   8  63  11  58  34  39]
 [  0  71   4  96  46  22  71  13  82  42  34  13  98  29  47  69  95  11
   63  51  60  47   4   7  87  31  81  74  86  30  29  81  43  85  22  48
   48  57  22  27  87  63   4  90  81   3  81  40  83  82  28]
 [  0  51  26  35  80  15   5  46  24   2  59  36  45  95  94  76  37  57
   85  12  35  22 100  72  91  27 100   7   3   4  88   8  45  77  73  20
   84   5  46  69  35  65  15  17  76  46 100  61  43  79  78]
 [  0  22   9  47  85   3  52  31  13   2  78   7  29   4   4  88  21  45
   28   8  42  17   9  61  84  69  99  41  29  76  54  32  95  95  65  43
   69 100  76  80  16  21  33  26   3  23  89  54  84  47  36]]
setup_time
[[[  0 102  92  64  63 117 111  67  70]
  [  0   0  86  69 118 117 104  79  91]
  [  0  86   0  77  85 117  94  87  60]
  [  0 114  85   0  65 109 108 117 105]
  [  0  76  85  80   0  84  91 120 100]
  [  0  78  61  94  75   0  92 110 109]
  [  0  90 101  82  76  92   0  95 115]
  [  0  78  80  98  99  78  67   0 100]
  [  0 119  77  73  77  96  87 117   0]]

 [[  0  65  66 119 120  64  86  67  97]
  [  0   0  71  96 120  96  74  76  96]
  [  0 101   0  62  70  85  99 116 104]
  [  0  94  83   0  98  93 113  83  78]
  [  0 116 102  68   0 110  91  80  91]
  [  0 105  71  88  92   0 108  63  72]
  [  0  87 102 109  71  78   0  92  77]
  [  0  89 102 106 106  65  63   0  82]
  [  0  70  87  99  93 107  93  80   0]]

 [[  0 117  93 116 100  88  85  72 119]
  [  0   0  78  67  88 102  99  75  87]
  [  0  82   0  79  76  85 116 106  98]
  [  0  92  73   0  75  80  94 109  78]
  [  0 119  82  85   0  72 117 103  74]
  [  0 118  98 103  76   0 114  88 108]
  [  0  99  77  93 108  84   0 104  74]
  [  0  83  68  99  79  84 106   0 108]
  [  0  73  64 107 116  88 119  67   0]]

 [[  0 102  81  77  86  61  60 113 100]
  [  0   0  83  61 103 118  97  87  93]
  [  0  71   0  64 104 119 114 114  95]
  [  0  89 114   0  80 105 111  93  93]
  [  0 115  70  81   0 109 120  82 108]
  [  0  89 118  84 120   0  84  89  98]
  [  0  75  69  90 119  70   0  95 107]
  [  0 111  64  71  69  73  79   0 103]
  [  0  95 111  84 100 105  64 100   0]]

 [[  0  71  87 103  72  80 102 114  67]
  [  0   0  71 100 103  70  78 120 119]
  [  0  86   0  66  80 116  86  73  91]
  [  0  83  87   0 113  61 111  90  71]
  [  0 119 117  80   0  89 101  60  81]
  [  0  67  72  73 101   0  91  97  71]
  [  0 106 104 106 116 119   0  83 103]
  [  0 102 103  91  86  93 120   0  81]
  [  0  76  73  86  98  79 105  90   0]]]
delivery_time
[[ 0 26 16  6  9 21  4 23 19 24 15 24 11 21 10  8  3 19  4 29 13  9 21 22
  20 30 13  9 20 19 16 18 19 17 12 11 24 17  6 27 15  2 14 27 27  3 25 12
  29 25  6]
 [ 0  5  7  6 21 19 14 18 21 14  8 14 21 19 26  3 15 21 30 16 25 15 14 15
  24  7  5  9 16 28  2 22 23  7 12 27 29 16  4  2 17 17  3 16 23 27  5  7
  28 13  9]
 [ 0  1 30  4 21  7 11  8  8 20 30 11  7 28 11 18 25 22  4  6  7 10  8  4
   9  6 17 19 14  1  6 22  7  1 17 21 21 17  7 14  7 22 13 23 28 22 26 18
  21  7  2]
 [ 0 19 14 25 26  1 16  7 26 16 20 12  5 17 21 27 24 13 14 22 29 16 13 18
  18 27  9 28  1 28  2  8 13  6 19 19 30 27 25  2 10  5 23 22 30  1 13 12
  10  3 15]
 [ 0  5 28 19 19 21 29 13  8 26  8 30 24  6  9 14  5 16 14 10 23 17 16 20
  17 16 10 18  6 17  9 22  8 26 26  8 12 18  2  3 27 24 11 24 21 30 13 18
  11 14 20]]
job2fam
[[1 0 0 0 0 0 0 0 0 0 0 0 0 0 0 0 0 0 0 0 0 0 0 0 0 0 0 0 0 0 0 0 0 0 0 0
  0 0 0 0 0 0 0 0 0 0 0 0 0 0 0]
 [0 0 0 0 0 0 0 1 0 0 0 1 0 0 0 0 0 0 1 0 0 0 0 0 1 0 0 0 0 0 0 0 0 1 0 0
  1 0 0 0 0 0 1 0 1 0 0 0 0 0 0]
 [0 0 1 0 0 0 0 0 0 1 0 0 0 0 0 0 1 0 0 0 0 0 0 0 0 0 0 0 0 0 0 0 0 0 0 1
  0 0 0 0 0 0 0 0 0 0 0 1 0 0 0]
 [0 0 0 0 0 0 0 0 0 0 0 0 1 0 1 1 0 0 0 0 0 0 0 0 0 0 0 0 0 0 0 0 0 0 0 0
  0 1 0 0 0 0 0 0 0 1 0 0 1 0 0]
 [0 1 0 1 0 0 0 0 0 0 0 0 0 0 0 0 0 0 0 0 1 0 1 0 0 0 0 0 0 0 0 1 0 0 0 0
  0 0 0 0 0 0 0 0 0 0 0 0 0 1 1]
 [0 0 0 0 0 0 0 0 0 0 0 0 0 0 0 0 0 0 0 0 0 1 0 0 0 1 0 0 1 0 0 0 0 0 0 0
  0 0 0 0 0 0 0 0 0 0 0 0 0 0 0]
 [0 0 0 0 0 0 0 0 0 0 0 0 0 0 0 0 0 1 0 0 0 0 0 0 0 0 1 0 0 0 1 0 1 0 0 0
  0 0 1 0 1 0 0 0 0 0 0 0 0 0 0]
 [0 0 0 0 0 1 1 0 1 0 0 0 0 0 0 0 0 0 0 1 0 0 0 0 0 0 0 0 0 0 0 0 0 0 0 0
  0 0 0 0 0 1 0 0 0 0 1 0 0 0 0]
 [0 0 0 0 1 0 0 0 0 0 1 0 0 1 0 0 0 0 0 0 0 0 0 1 0 0 0 1 0 1 0 0 0 0 1 0
  0 0 0 1 0 0 0 1 0 0 0 0 0 0 0]]
unit_cost
[11 14 11  9 13]
pre_factor
0.5
