param: 
proc_time: (1, 100)
setup_rate: 1.0
setup_time: (30, 60)
delivery_time: (100, 200)

mach
8
job_rate
5
fam
5
setup_rate
1.0
proc_time
[[  0  64  89  17  13  85  79  24   7  64  63  22  53  74  97  12  72  22
   39  47  64  44  16  59  34  46  80  78  70  55  74  24  27  73  16   2
   31  63  47  19  56]
 [  0  86  93  95   8  74   6  31  99  50  29  21  41  69  69  88  79  56
   28  34  56  77  55  44  32  86  29   3  69  11  48  53  56  53  26   9
   75  65  56  28  23]
 [  0  66  61  82  16  59  81  48  17  35  95  99  59  88  41  37  30  82
   91  16  84  47  28  21  41  45  97  73  64  88  13  94  43  97  58  88
   20  63   1  23  33]
 [  0  81  54  66  95  31  54  16  37   7 100   1  94  18  42  39  26  75
   65  57  69  86  77  17   7  71  12  38  87  48  55  54  72  15  30  55
   73  21  60  78   8]
 [  0  36  73  26  84  70  34  60  23  97  85  41  90  69  55  73  45  61
   33  89  52  81  19  75   8  70   6  72  57  88  60  19  52  41  91  84
   88  38  69  16  39]
 [  0  74  51   5  83  62  41  85  67  59  92  19  80  62  53  66   8  46
   12  88  65  82  23  39  60  27  57  44  70  28  23  34  25  11  48  65
   10  73  26  10  18]
 [  0  73  45  26   9  36  15  24  40   2   4  95  20  39  45  26  60  69
   68  86  70  31  69   7  69   4  91  73  37   2  49  83  17  17  40  51
   88  77  28  46  78]
 [  0  87  74  49  17  27  62  11  83  44  91  36  16  60  87  97  52  22
   78  77  86  71  38  65  51  97  86  23  15  79  31  28  67  42  25  33
   97  23  92  53  16]]
setup_time
[[[ 0 34 40 40 41 50]
  [ 0  0 30 50 55 54]
  [ 0 54  0 60 47 50]
  [ 0 58 49  0 31 38]
  [ 0 60 60 48  0 40]
  [ 0 45 60 30 59  0]]

 [[ 0 49 38 34 34 37]
  [ 0  0 53 43 33 41]
  [ 0 31  0 43 42 52]
  [ 0 32 48  0 52 47]
  [ 0 40 33 58  0 53]
  [ 0 60 36 59 39  0]]

 [[ 0 52 30 45 33 52]
  [ 0  0 42 50 32 45]
  [ 0 38  0 35 39 46]
  [ 0 41 52  0 50 41]
  [ 0 41 58 39  0 42]
  [ 0 30 57 31 49  0]]

 [[ 0 39 30 49 60 58]
  [ 0  0 51 47 30 41]
  [ 0 54  0 52 57 49]
  [ 0 45 52  0 58 43]
  [ 0 52 30 43  0 46]
  [ 0 35 55 37 47  0]]

 [[ 0 31 45 42 56 56]
  [ 0  0 32 50 58 37]
  [ 0 46  0 58 37 35]
  [ 0 40 37  0 54 39]
  [ 0 51 57 52  0 56]
  [ 0 32 54 46 50  0]]

 [[ 0 35 46 53 59 30]
  [ 0  0 58 37 40 45]
  [ 0 30  0 40 58 46]
  [ 0 53 31  0 53 50]
  [ 0 44 36 60  0 35]
  [ 0 44 56 32 51  0]]

 [[ 0 52 55 46 50 52]
  [ 0  0 44 58 56 36]
  [ 0 43  0 51 58 40]
  [ 0 42 41  0 39 51]
  [ 0 45 46 43  0 50]
  [ 0 46 34 33 54  0]]

 [[ 0 55 32 31 56 30]
  [ 0  0 45 40 36 34]
  [ 0 33  0 51 60 37]
  [ 0 35 51  0 50 51]
  [ 0 30 36 35  0 30]
  [ 0 43 35 39 47  0]]]
delivery_time
[[  0 148 147 126 113 154 112 102 163 187 195 200 171 198 122 179 199 172
  138 157 117 153 130 163 141 136 197 169 199 177 187 196 141 182 128 169
  102 117 184 128 151]
 [  0 151 135 194 107 195 179 185 101 150 114 116 112 153 198 124 173 174
  132 177 197 121 143 103 125 100 109 199 101 128 124 186 193 159 188 112
  139 133 134 178 138]
 [  0 183 185 124 113 182 185 186 100 138 129 104 193 170 161 176 130 106
  128 150 188 176 178 150 193 170 168 113 193 122 179 187 142 155 120 129
  175 139 193 121 101]
 [  0 186 185 161 129 126 197 174 192 136 169 115 119 173 145 200 173 124
  158 185 131 116 189 179 109 116 101 165 128 103 129 160 157 175 133 177
  123 187 181 124 188]
 [  0 191 129 154 188 123 138 176 101 133 115 147 123 149 101 192 138 180
  158 122 111 176 168 114 159 163 101 169 163 135 186 112 101 104 139 179
  163 138 134 156 140]
 [  0 133 118 189 141 116 134 175 134 200 105 151 173 142 122 182 142 152
  171 172 166 196 165 133 134 181 126 126 163 138 159 180 172 195 122 177
  110 103 150 137 150]
 [  0 179 135 124 104 173 168 181 122 113 151 186 147 198 156 132 137 164
  105 120 126 168 190 105 139 124 168 161 178 145 147 137 160 180 116 147
  132 117 135 153 102]
 [  0 198 119 199 130 120 200 133 156 136 100 156 154 130 122 174 147 119
  200 106 198 101 196 139 123 173 108 142 196 150 184 177 149 186 175 121
  191 190 109 181 187]]
job2fam
[[1 0 0 0 0 0 0 0 0 0 0 0 0 0 0 0 0 0 0 0 0 0 0 0 0 0 0 0 0 0 0 0 0 0 0 0
  0 0 0 0 0]
 [0 0 0 0 1 1 0 0 1 0 1 0 0 0 0 0 0 0 0 0 0 0 0 0 0 0 0 0 0 0 1 0 0 1 0 0
  0 1 0 0 0]
 [0 0 0 0 0 0 0 0 0 1 0 0 0 1 0 0 0 0 1 0 0 0 1 0 1 0 0 0 0 0 0 0 1 0 0 0
  0 0 0 0 0]
 [0 0 1 0 0 0 1 0 0 0 0 0 0 0 1 1 1 0 0 0 1 0 0 0 0 0 0 1 1 1 0 1 0 0 0 0
  1 0 0 1 0]
 [0 0 0 1 0 0 0 0 0 0 0 1 1 0 0 0 0 1 0 0 0 1 0 1 0 1 0 0 0 0 0 0 0 0 1 1
  0 0 0 0 0]
 [0 1 0 0 0 0 0 1 0 0 0 0 0 0 0 0 0 0 0 1 0 0 0 0 0 0 1 0 0 0 0 0 0 0 0 0
  0 0 1 0 1]]
unit_cost
[11 12 14 13 14 12  9 12]
pre_factor
0.5
