param: 
proc_time: (1, 100)
setup_rate: 0.5
setup_time: (15, 30)
delivery_time: (100, 200)

mach
8
job_rate
5
fam
5
setup_rate
0.5
proc_time
[[ 0 45 17 66 98 22 50 70 25  2 43 17 73 20 37 52 79 26 25 64 31 30 10 38
  85 88 98 28 24 29 81 88 17 70 64 31 57 20 46  2 82]
 [ 0 60 86 41 90 76 70 17 78 10 90 67 42 79 16 38 14 36 13 59 27  8 87 53
  75  5  5 89 82 48 24 73 75 78 42  9 64 69 91 11 92]
 [ 0 77 61 83 72 55 68 25 71 56 27 23 40 93 58 36 74 32 23 40 48 24 85 39
  40 29 45 91 34 90 15 70 89 82 71  2 98  1 54  2 36]
 [ 0 28 87 20 37 59 44 12 32 38 31 18 29 98 51 29 91 95 63 98 81 20 31 31
  58 85  7 96 12 87 61 43 49 40 70 32 63 15 90 84 12]
 [ 0 30 93 30 77 62 43 22 17 23 25 70 37 90 57 85 99 70 22 81 75  4 58 44
  74 17 18 53 19 86 61 57 79 44 19 25 37 18 58 12 32]
 [ 0 26 47 42 92 89 94 51 41 78 65 97 61 75 35 85 22 69 40 54 82 37 44 29
  82 12 21 40 30 64 41 79 99 47 92  4 28 94 48 57 91]
 [ 0 96 12 55 36 15 19 18 90 75 94 28 56 23 79 11 43 85 45 39 95 79 81 89
  24 45 36 97  4 65 56 11 85 25 50 92 52  6 46 70 86]
 [ 0 61 33 81 12 31 99 34 32 23 69 40 66 31 12 42 20 14 75 60 95 97 90  2
  31 55 35 27  5 75 51 92 16 40 90 88 68 76 82 78 81]]
setup_time
[[[ 0 26 23 30 19 24]
  [ 0  0 18 25 26 26]
  [ 0 15  0 18 20 30]
  [ 0 22 16  0 22 23]
  [ 0 22 28 28  0 28]
  [ 0 25 15 20 15  0]]

 [[ 0 18 23 29 26 19]
  [ 0  0 18 19 20 15]
  [ 0 29  0 26 19 28]
  [ 0 18 15  0 30 18]
  [ 0 23 15 20  0 23]
  [ 0 19 16 15 19  0]]

 [[ 0 20 23 27 25 15]
  [ 0  0 30 18 18 26]
  [ 0 16  0 22 27 20]
  [ 0 29 17  0 26 21]
  [ 0 25 16 22  0 25]
  [ 0 20 28 22 15  0]]

 [[ 0 20 20 23 29 16]
  [ 0  0 28 25 22 19]
  [ 0 17  0 20 17 20]
  [ 0 19 16  0 21 30]
  [ 0 24 18 28  0 17]
  [ 0 29 24 18 17  0]]

 [[ 0 28 15 29 15 22]
  [ 0  0 18 16 15 16]
  [ 0 15  0 29 24 29]
  [ 0 26 28  0 26 22]
  [ 0 22 28 18  0 26]
  [ 0 22 19 24 21  0]]

 [[ 0 23 25 24 16 16]
  [ 0  0 24 20 30 19]
  [ 0 21  0 22 23 25]
  [ 0 16 22  0 19 15]
  [ 0 24 21 28  0 21]
  [ 0 24 30 26 17  0]]

 [[ 0 17 18 19 19 19]
  [ 0  0 15 30 30 21]
  [ 0 18  0 19 22 27]
  [ 0 26 19  0 27 17]
  [ 0 22 16 26  0 20]
  [ 0 18 18 17 25  0]]

 [[ 0 24 17 23 28 30]
  [ 0  0 20 19 25 17]
  [ 0 22  0 24 29 29]
  [ 0 25 20  0 17 29]
  [ 0 15 25 27  0 21]
  [ 0 15 27 29 24  0]]]
delivery_time
[[  0 130 107 199 118 121 165 110 166 132 173 152 144 166 138 136 197 149
  127 113 151 191 129 129 126 165 200 176 138 141 127 183 162 154 117 133
  156 144 180 137 122]
 [  0 108 134 124 138 129 104 127 106 141 141 156 182 163 188 162 117 189
  144 119 101 163 129 121 133 134 168 156 114 138 178 127 111 166 109 199
  106 142 180 119 146]
 [  0 175 117 156 150 136 175 107 182 199 169 191 143 164 149 118 148 166
  199 190 145 169 129 136 190 169 180 146 193 178 182 129 172 133 189 200
  160 134 165 112 159]
 [  0 120 140 164 183 148 168 111 120 160 138 186 171 121 189 182 156 178
  136 140 184 176 106 188 132 102 138 195 135 139 122 165 195 145 105 170
  155 120 196 179 166]
 [  0 124 178 185 200 163 183 152 149 128 200 118 194 157 113 114 162 100
  175 163 110 146 108 196 153 126 197 100 109 112 128 104 174 152 190 138
  199 151 190 145 188]
 [  0 187 141 147 130 170 188 185 174 124 182 103 188 197 127 179 101 125
  171 142 189 137 120 149 116 129 142 137 158 158 143 175 130 136 146 170
  170 134 190 125 155]
 [  0 118 121 156 164 133 149 131 152 192 185 150 119 157 191 144 149 191
  107 120 117 114 109 190 162 181 119 161 196 151 129 102 100 109 148 164
  132 192 134 136 150]
 [  0 153 162 145 145 149 106 183 160 185 111 173 137 194 138 120 122 194
  143 143 193 185 120 183 191 160 179 182 123 130 104 180 164 136 193 131
  195 165 133 128 104]]
job2fam
[[1 0 0 0 0 0 0 0 0 0 0 0 0 0 0 0 0 0 0 0 0 0 0 0 0 0 0 0 0 0 0 0 0 0 0 0
  0 0 0 0 0]
 [0 0 0 0 0 0 1 0 0 0 1 0 0 0 0 0 0 0 0 0 0 0 1 1 1 0 0 0 1 0 0 1 0 1 1 0
  0 0 0 0 0]
 [0 0 1 1 0 0 0 0 0 0 0 1 0 0 0 0 0 1 0 1 0 0 0 0 0 0 0 0 0 0 1 0 0 0 0 0
  1 0 0 0 0]
 [0 0 0 0 0 0 0 0 0 0 0 0 1 0 1 0 0 0 0 0 1 1 0 0 0 1 1 0 0 0 0 0 0 0 0 0
  0 1 0 1 1]
 [0 1 0 0 1 1 0 0 1 1 0 0 0 0 0 1 1 0 0 0 0 0 0 0 0 0 0 0 0 1 0 0 0 0 0 1
  0 0 0 0 0]
 [0 0 0 0 0 0 0 1 0 0 0 0 0 1 0 0 0 0 1 0 0 0 0 0 0 0 0 1 0 0 0 0 1 0 0 0
  0 0 1 0 0]]
unit_cost
[14 11 13 10 14 13 11 12]
pre_factor
0.5
