mach
2
job_rate
6
weight
[0 2 8 2 5 8 7 2 3 8 6 2 9]
proc_time
[[  0 107  62 116  82  50  65  78  55  65  66 125 104]
 [  0  55 110  80 135  94  73 141  73 120  80  90  70]]
setup_time
[[[0 3 4 2 0 0 3 1 1 0 2 4 1]
  [0 0 2 4 2 3 1 0 0 3 3 2 3]
  [0 0 0 1 4 2 1 2 3 0 2 4 0]
  [0 1 3 0 1 4 4 0 0 4 1 0 4]
  [0 4 3 0 0 4 1 0 4 0 1 1 1]
  [0 0 4 2 0 0 1 2 0 1 4 1 2]
  [0 3 3 1 1 1 0 2 2 2 2 1 3]
  [0 0 0 0 1 0 2 0 1 4 1 0 1]
  [0 0 4 1 1 1 4 0 0 2 4 0 4]
  [0 2 3 0 0 0 0 2 2 0 4 1 4]
  [0 0 0 2 1 2 1 3 1 2 0 3 1]
  [0 0 4 1 3 3 0 4 0 2 2 0 0]
  [0 2 3 4 4 0 0 2 4 3 0 0 0]]

 [[0 4 3 4 0 1 4 4 4 2 2 4 4]
  [0 0 0 1 4 2 3 3 1 3 0 3 0]
  [0 1 0 1 1 1 2 1 4 3 3 0 2]
  [0 0 1 0 0 1 4 1 0 0 0 1 0]
  [0 0 0 3 0 3 2 3 1 0 0 2 1]
  [0 4 0 3 0 0 4 3 4 2 2 0 1]
  [0 2 3 0 3 1 0 2 4 3 3 3 3]
  [0 3 3 4 2 2 0 0 1 0 3 0 2]
  [0 2 3 2 2 2 3 2 0 2 1 3 1]
  [0 0 0 2 3 4 3 3 3 0 1 1 3]
  [0 1 3 4 4 0 2 3 2 1 0 2 0]
  [0 1 1 2 3 3 3 3 3 4 0 0 0]
  [0 4 4 1 1 3 4 4 4 4 2 3 0]]]
release_time
[  0 308 354 289 330 289 302 336 338 352 314 312 319]
due_date
[  0 352 387 379 400 345 325 404 364 380 343 393 401]
unit_emission
[ 2 18]
emission_limit
5474.8
setup_severity
0.02
due_tight
0.3
due_range
0.25
release_tight
1
degree_constr
0.8
