mach
2
job_rate
6
weight
[ 0  9  2  2  4  1  9  3  9  6  4 10  7]
proc_time
[[  0  57 124  94  66 108  68  90  94  82 132  77  75]
 [  0 143 145  55  90  94  81 131  80  51 140  86 117]]
setup_time
[[[0 3 4 2 2 2 2 3 1 1 4 3 2]
  [0 0 2 3 0 2 3 3 1 3 2 3 4]
  [0 4 0 4 2 1 0 4 0 4 2 4 3]
  [0 4 2 0 3 4 1 0 3 2 3 0 4]
  [0 3 3 1 0 4 3 3 4 4 2 2 1]
  [0 0 3 2 4 0 4 4 4 4 4 4 0]
  [0 1 1 2 0 2 0 0 4 2 2 1 3]
  [0 0 4 2 2 4 1 0 0 4 1 0 3]
  [0 2 3 4 3 1 1 1 0 2 2 3 3]
  [0 1 4 4 0 2 3 1 4 0 2 2 3]
  [0 2 4 3 1 1 1 1 4 0 0 2 3]
  [0 4 3 2 2 0 1 2 0 0 3 0 0]
  [0 0 1 1 1 2 2 2 0 3 2 3 0]]

 [[0 1 0 2 3 4 1 0 1 3 3 0 1]
  [0 0 4 0 0 2 0 3 2 3 4 3 3]
  [0 3 0 0 0 1 0 0 1 1 0 0 2]
  [0 1 0 0 2 4 1 2 1 3 0 4 3]
  [0 3 1 0 0 2 0 1 2 0 4 2 0]
  [0 1 2 2 0 0 3 4 1 0 4 4 4]
  [0 2 1 3 0 1 0 2 3 0 2 3 0]
  [0 3 4 0 2 3 4 0 3 3 4 3 0]
  [0 4 4 4 1 3 3 4 0 2 0 0 4]
  [0 1 1 2 0 2 4 3 3 0 0 3 3]
  [0 4 2 0 2 4 1 0 3 3 0 1 2]
  [0 2 2 3 1 0 3 4 0 0 0 0 3]
  [0 4 2 0 1 0 2 1 2 4 0 3 0]]]
release_time
[  0 232 301  75  61  38  70  87 230  17 405 411 123]
due_date
[  0 434 404 364 335 414 406 411 448 436 444 420 429]
unit_emission
[2 9]
emission_limit
3545.2
setup_severity
0.02
due_tight
0.3
due_range
0.25
release_tight
10
degree_constr
0.8
