param: 
proc_time: (1, 100)
setup_rate: 2.0
setup_time: (60, 120)
delivery_time: (1, 30)

mach
8
job_rate
8
fam
3
setup_rate
2.0
proc_time
[[  0   2  58  72   1  87  45  44  36  42  70  63  15  79  91  19   2   8
   38  11  22  40  53  59  21  19  14   8   6  46  32  87  69  39  52  58
   68  61  75  66  78  62  72   7  52  51  81  22  99  75  90  41  14  10
   90  89  22  79  48  70  19  92  91  42  35]
 [  0  81  25   4   9  36  21 100  68  44  55   6  62  51  78  73  99  75
   85  39  61  11  82  18  58  23  89  28  83  59  27  60  80  71  55  51
   75  69  28  70  60  21  40  60  96  76  38  11  98  98  20  58  35  39
   28  36  19  50   4  79  37 100  90  73  49]
 [  0  78  88  57  59   3  73  98  51  56  23  50  58  25  82  30  81  73
    4  11  93  95  38  21  47   4  36  68 100  55  89  47  92  36  22  46
   15  21  75  21  41  12  50  54  57  14   3  20  38  99  24  25  66  11
   76  80  87  61  80  51  98  94  73  23   4]
 [  0  28  53   7  89  63  71  49  21  40  98  48   8   2  56  21  20  77
   76  67   3  56  59  66  14  67  61  28  72  30  11  79  17  74  39  30
   16  18  94   1  47  39  45   1  36  35  63  89  49  19  97  60   6  38
   25  30  27  60  56  82  11  25  22  29  89]
 [  0  56  74  95  46  88  25   6  45  90  23  82  33  75  58   4  30  28
    3  47  20  92  48  74  47  20 100  56  13  82  88  30  16  60  11  28
   66  79  33  27  22  30  84  88  51   1  38  46  88  64  65  79  16   5
    5  22  57  75  33  79  19  63  47  91  19]
 [  0  72  91  91  37  11  75  46  65  50   4  65  56 100  71  42  98  73
    7  39  83  64  39  16  57  18  71  58  25  31  87  87  33  34   9  19
   97  32  12  78  77  74  97  28  85  21  93  41  32  15  86  89  44  82
   36  79  16  13  54  90  44  10   3  45  74]
 [  0  26  81   5  54 100  80  57  86  67  71  85  48  89  37  11  71  22
   76  10  83  80  55  64  68   6   6  51  18  35  40  27   3   6  29  92
   92  55  60  90  60  84  16  24  77  32  43  72  62  36  11  13  29  54
   29  57  34  19  80  42  31  27  51  49  14]
 [  0  87  92  74  90  63  87  82   4  57  11  43  40  40  13  25   7  94
    6  41  96  37  85  29  89  74  19  68  60  93  81  98   5  70  99  68
   47  27  41   1  80  89  40   4  36  53  11  58  18  23  69  81  48  41
   13  68  58  94  46  15  72  70  68  90  89]]
setup_time
[[[  0  88  69 115]
  [  0   0  79  84]
  [  0  64   0 106]
  [  0  87  76   0]]

 [[  0  79 117  61]
  [  0   0  77  67]
  [  0  82   0  80]
  [  0 118 103   0]]

 [[  0  83  95 111]
  [  0   0 101 117]
  [  0 106   0  73]
  [  0 114 108   0]]

 [[  0  67  67 105]
  [  0   0 101 120]
  [  0  92   0  98]
  [  0  66 106   0]]

 [[  0  62 112  94]
  [  0   0  99  98]
  [  0  73   0  79]
  [  0  87 118   0]]

 [[  0  97 117  93]
  [  0   0 117  91]
  [  0 111   0  97]
  [  0 107  75   0]]

 [[  0  97  98 103]
  [  0   0  64 112]
  [  0 117   0 105]
  [  0  69  86   0]]

 [[  0  94 111  93]
  [  0   0  64  74]
  [  0  87   0  87]
  [  0  87 112   0]]]
delivery_time
[[ 0 15 23 10 12 21 28 23 19  3 29  1  3  1  4 30 30 26 21 10 15  9 14 17
  24 20 20  1 12 24 21 19  5 23 16  9 14 27  9 14 29 14  7  9 12  9 29 14
  28 19 21  2 10 15 16 15  5 23  5 24 26  2 22 10 29]
 [ 0  4  1 30 22 25 12  1 22 28 20  9  9 16 23  1 19  1  5 23 21 19 21  9
  19 14 26 22 18  4 23 25  4 16 26 13  3 23 18  4  5 19 14 21 18 24 29 16
   5  8 28 29 19 18 25  5 14 24 10  5 13 22 12 18 11]
 [ 0 29  2  2 13  9 23 16 21 16  9 24 26  7 21  8 10 21 13 11 28 21 14  5
  18 16 25 26  6 12 13  2 30 17 20 20 21  4  1 18 12  6 11 26  9  8 23 23
  17  5 30  4  5 28 15  6 22 26 29 29  5 13 19  3  8]
 [ 0 15  8 29 28  8 13 27 23 27  5 13 12 22 30 22 11 15 29 15 25 21 11 23
   9 25 17 28 23 29 30 25 20  3  1 14  7 24 29 25 19 19  1 21  8 23 23 20
  17  7  3 28 16  5  9  3 12 18 12 27 27 26  8  2 22]
 [ 0 15  2 21 11  1 13 11 15 12 23 18 12 30 25 29 28 17 20 22 19  6  4 16
  14  2 10 11 30 21 10 16 12  8  2 30 11 22 24  6  5 30 30  3 24 12 26 12
   2 10  9  8 22 15 27  9  6 24 12 12 21 14 23 18 17]
 [ 0  5  9  7 20  5 19 21 10  4  3 24  4 26 20 14 27  8 21  5 30  5 11  6
   5  1 14 17 29 22  2  3  6 18 22 12  6  2 26 18 23 13 28 16 28 13 25 17
  24  4  6 14 19 13 26 11 15 16  1 28 17 16 28  5 16]
 [ 0  4 11 24 27  3 19  2 25 21 13 13  9  7 24 12 29 23 21 16 30 18 24 16
  30  5 24 21 12 29 29  1 10  9 21 18 30  4  1 20 13  5 18  6 20  5 12 12
  26 26 13  5 20 30 17 21  4 22  7  4 27 14 15 19 30]
 [ 0 18  1  9 16 29 20 23  6 17 14 18  4  6 21 19 25 30 12 15 27 23 22  5
  16 24 24 10 30 13 10 26 26  5 17 19 20 17  1 20 20  7 27  6  1 11 17 22
  14 12 23 18 19 27 18 22 17 23 26 30  2 16 21 17 10]]
job2fam
[[1 0 0 0 0 0 0 0 0 0 0 0 0 0 0 0 0 0 0 0 0 0 0 0 0 0 0 0 0 0 0 0 0 0 0 0
  0 0 0 0 0 0 0 0 0 0 0 0 0 0 0 0 0 0 0 0 0 0 0 0 0 0 0 0 0]
 [0 0 1 0 1 0 0 0 0 0 0 0 0 1 0 0 0 0 0 0 1 0 0 0 0 0 0 1 1 0 0 0 0 0 1 1
  1 1 0 0 1 0 1 1 0 0 0 0 0 0 1 0 0 1 1 0 1 1 0 0 0 0 0 0 1]
 [0 1 0 1 0 1 0 0 0 1 0 1 0 0 1 1 1 0 1 0 0 1 0 1 1 1 1 0 0 1 0 1 0 0 0 0
  0 0 1 0 0 1 0 0 0 0 0 0 1 1 0 0 0 0 0 0 0 0 0 0 1 1 0 1 0]
 [0 0 0 0 0 0 1 1 1 0 1 0 1 0 0 0 0 1 0 1 0 0 1 0 0 0 0 0 0 0 1 0 1 1 0 0
  0 0 0 1 0 0 0 0 1 1 1 1 0 0 0 1 1 0 0 1 0 0 1 1 0 0 1 0 0]]
unit_cost
[ 8 11 11 11 10  9 11  7]
pre_factor
0.5
