param: 
proc_time: (1, 100)
setup_rate: 2.0
setup_time: (60, 120)
delivery_time: (170, 200)

mach
8
job_rate
8
fam
5
setup_rate
2.0
proc_time
[[  0  16  29  53  96  18  29  18   4  23  81  31  83  35  44  93 100  27
   22  74  49  24  70  87  29  95  22   3  37  36   6  17   2  86  42  70
   24  88  16  36  34  51   7  55  49  22  47  21  81  85  91  56  21  86
   41  92  90  75  25   4  12   3   7  38  54]
 [  0  57  47  55  22  61  33 100   2  38   2   5  20  46  95  45  45  86
   27  79  31  52  13   6  93  89  25   4  71  11  64  60  86  68  46  74
   72  55  76  41  89  93   6   6  13  25  12  72  72  92  86   3  82  74
  100  85  61  29  98  75  48  14  44  97  99]
 [  0  68  41  91  84  71  40  88  25  76  87  85  41  69  45  82  37  16
   33   7  61  62  74  68  84  76  16  82  67  99  28   7  26  59  29  72
   88   9  66  90  76  54  84  84  89  28  20  66  69  34  53  87  34  80
   61   1  48  58  16  59  36  63  19  58  83]
 [  0  39  34  62  30   9  79  10   3  44  16  38  63  79   9  67  50   6
   27  71  56  15  97  24  55  24  19  87  28  68  48  89  79  69  50  66
   85  76  52  76  73   5  18  65  29  54  40  35  84  20  95  60  59  86
   12  70  67  38  54  95  36  58  20  39  66]
 [  0  80  98  46  25  61  64  20  67  44  81  81  56  64  56  49  37  22
   94  39  62  58  89  67  83  72  18  74  38  21  98  82  34  98  54  31
   80  98  99  84  90  67  58  73  86   3  77  34  12  59  79  44  44  58
   50  73  78  38  90  48  91  34  44  55  60]
 [  0  16  31  42  79  38  93  86   4  94  32  68   1  36   7  44  24  33
   79  89  25  78  58  12  76  80  89  11  69  78  44  93  66  52  66  50
   12  69  76  33  58  10  53  49  35  77  49  10  57  63  79  63  38  73
   61  90  66  34  22  76  17  82  85  86  85]
 [  0  89 100  13  83  15  74  71  88  13  91  63   7  70  80  69  37  77
   26  47  17  75  78  55  22  39  95  99  41  99  46  93  29  92  20  69
   58  28  31  86  64  92  27  90  26  50  27  92  38  19   7  41  93  88
   86   8  20  23  76  28  23  50  21  25  33]
 [  0  73  58  85  48  65  89  32  81  62  14  58  46  85  67 100  65  17
   86  39  52  55  95  75  68  19  95  27  18  53  14   5  87  37  42  48
   26  75  27  84  78  42  37  28  41  62  69  33  31  56  90   7  57  34
   67  88  71  46  28  45  96  60   7  46   9]]
setup_time
[[[  0 114  68  93 116  96]
  [  0   0 111  97  73  77]
  [  0  63   0  62 113  78]
  [  0  89 113   0  92  63]
  [  0  94  78 103   0  91]
  [  0 104 114  64  76   0]]

 [[  0  76  76  84 100  67]
  [  0   0 105 119 116 110]
  [  0  78   0  68  77 113]
  [  0  62 119   0  93  75]
  [  0 115 107  89   0  95]
  [  0  95  82  88 116   0]]

 [[  0  99 108  90  76  64]
  [  0   0 118  83  72  70]
  [  0  77   0  61  81  73]
  [  0 104  70   0  68  63]
  [  0 119 115 107   0 120]
  [  0  73 107 107  89   0]]

 [[  0  92  73  90  90 117]
  [  0   0  67 114  84 112]
  [  0 113   0  83  94  78]
  [  0  72  75   0  88  69]
  [  0 108  91 109   0 107]
  [  0  66  83  71  75   0]]

 [[  0  92  92  64  76 119]
  [  0   0 110 104 108  68]
  [  0  95   0 105 107 104]
  [  0  74  86   0  81 110]
  [  0  73  97  65   0  76]
  [  0 114 119 111  83   0]]

 [[  0  74 111  87  73  70]
  [  0   0 103 110  84 113]
  [  0  61   0 112  74  72]
  [  0  70  88   0 117 110]
  [  0  60 104  86   0  94]
  [  0 111  72 105  90   0]]

 [[  0  69  96  67  75  64]
  [  0   0  94  64  72  72]
  [  0  92   0 110  79 101]
  [  0  87 113   0 112  91]
  [  0  70  61  63   0  72]
  [  0  66  72  81  61   0]]

 [[  0  88 117  67  79 108]
  [  0   0  65  60  78  99]
  [  0  61   0 116  95 111]
  [  0 120  99   0  68  94]
  [  0 104 108  99   0 117]
  [  0  74 109 101  82   0]]]
delivery_time
[[  0 174 196 176 193 187 184 198 188 175 173 199 178 174 176 178 188 186
  198 173 174 187 178 174 190 197 186 185 186 184 195 196 196 170 200 182
  192 196 172 174 185 187 199 171 199 170 196 193 193 190 177 187 174 194
  178 187 180 184 200 182 180 176 187 194 170]
 [  0 200 179 199 178 189 194 197 192 185 197 189 199 192 196 195 195 195
  191 175 176 173 173 189 194 193 176 199 174 174 178 192 198 190 183 200
  180 174 170 177 197 172 182 192 184 186 195 171 183 175 196 191 175 192
  187 178 199 187 195 198 186 194 194 176 191]
 [  0 181 186 182 179 195 195 186 170 192 185 192 196 184 183 180 172 197
  196 200 182 178 177 191 197 174 171 176 180 180 193 200 186 190 174 191
  175 185 177 175 191 196 180 174 177 176 177 198 187 196 196 192 176 174
  175 183 194 198 188 179 196 197 184 176 177]
 [  0 180 172 180 200 190 194 184 180 188 196 188 184 172 179 183 198 174
  188 183 200 195 197 181 179 200 175 181 190 192 173 199 188 199 177 200
  170 185 171 178 175 176 171 195 171 200 191 182 193 190 187 196 197 177
  175 180 182 191 183 179 182 189 170 194 172]
 [  0 183 176 171 176 176 174 196 188 188 189 184 177 177 192 191 200 188
  195 197 194 194 170 175 200 176 195 199 187 181 194 193 173 194 194 199
  186 183 170 184 173 183 176 179 194 180 190 185 187 192 171 173 174 193
  189 187 178 199 185 183 175 186 189 187 195]
 [  0 199 200 185 195 180 199 186 181 183 197 194 193 189 197 181 184 184
  197 175 200 177 189 171 172 200 182 175 175 187 171 199 179 195 189 174
  198 176 181 175 189 190 179 193 184 181 195 171 175 181 197 185 199 182
  197 186 175 179 171 183 196 195 193 170 171]
 [  0 176 179 193 185 188 195 185 194 181 184 173 177 179 175 197 190 198
  194 171 197 185 181 194 190 192 192 187 182 177 178 195 178 178 176 189
  174 194 183 194 199 187 195 190 182 183 184 198 192 175 184 175 181 197
  186 171 192 173 196 193 198 187 177 183 178]
 [  0 195 186 185 185 181 196 191 189 191 193 198 177 199 193 180 172 189
  181 182 174 175 187 194 181 185 199 170 181 200 193 184 188 183 174 185
  180 181 175 198 179 185 192 190 174 191 181 170 174 181 185 175 174 189
  188 177 177 176 199 200 181 188 188 194 184]]
job2fam
[[1 0 0 0 0 0 0 0 0 0 0 0 0 0 0 0 0 0 0 0 0 0 0 0 0 0 0 0 0 0 0 0 0 0 0 0
  0 0 0 0 0 0 0 0 0 0 0 0 0 0 0 0 0 0 0 0 0 0 0 0 0 0 0 0 0]
 [0 0 0 0 0 0 0 1 1 0 0 0 0 0 1 1 0 0 1 1 0 0 0 0 0 0 0 0 0 0 0 1 0 0 0 1
  0 0 0 1 1 0 0 1 1 0 1 0 0 0 0 0 0 0 0 0 0 0 0 0 0 0 0 0 1]
 [0 1 0 0 0 1 1 0 0 0 1 0 0 1 0 0 0 0 0 0 0 0 0 0 0 0 0 1 0 0 0 0 0 0 0 0
  1 1 0 0 0 0 0 0 0 1 0 0 0 0 1 0 0 0 1 1 0 0 0 0 0 0 1 0 0]
 [0 0 0 0 0 0 0 0 0 0 0 1 1 0 0 0 1 1 0 0 0 1 0 1 0 1 0 0 1 0 1 0 1 0 1 0
  0 0 0 0 0 1 0 0 0 0 0 1 0 0 0 0 1 1 0 0 0 0 0 1 0 0 0 0 0]
 [0 0 1 0 0 0 0 0 0 1 0 0 0 0 0 0 0 0 0 0 0 0 1 0 1 0 0 0 0 1 0 0 0 1 0 0
  0 0 1 0 0 0 0 0 0 0 0 0 1 0 0 1 0 0 0 0 1 0 1 0 1 1 0 0 0]
 [0 0 0 1 1 0 0 0 0 0 0 0 0 0 0 0 0 0 0 0 1 0 0 0 0 0 1 0 0 0 0 0 0 0 0 0
  0 0 0 0 0 0 1 0 0 0 0 0 0 1 0 0 0 0 0 0 0 1 0 0 0 0 0 1 0]]
unit_cost
[19 17 23 17 25 23 19 21]
pre_factor
0.5
