mach
2
job_rate
6
weight
[ 0  2  8  1  4  8  1  7  3  5 10  8  2]
proc_time
[[  0 105 146  68 134 127  77  59  87 109 102  56  87]
 [  0  90  78 102 104  99  95 100  95  97 132 122 114]]
setup_time
[[[0 3 3 0 0 1 1 3 2 0 4 1 0]
  [0 0 2 1 2 2 1 2 0 2 4 0 2]
  [0 4 0 1 0 1 0 3 2 3 1 2 4]
  [0 4 0 0 0 1 2 3 1 1 3 2 4]
  [0 3 0 1 0 4 3 2 4 3 1 1 1]
  [0 2 4 4 3 0 0 4 2 3 1 4 0]
  [0 1 1 2 2 4 0 0 3 3 4 4 1]
  [0 2 1 4 0 0 2 0 4 1 0 0 0]
  [0 2 2 4 3 2 0 3 0 4 1 3 1]
  [0 2 1 3 4 1 4 0 4 0 2 3 4]
  [0 0 4 4 3 1 2 4 0 1 0 1 0]
  [0 0 4 0 4 0 2 1 2 2 3 0 1]
  [0 4 2 3 0 3 3 0 3 3 0 4 0]]

 [[0 1 3 1 0 1 1 3 2 3 0 1 2]
  [0 0 3 2 2 3 2 3 3 1 2 3 3]
  [0 1 0 1 0 4 3 3 1 4 1 0 4]
  [0 4 4 0 1 2 0 1 4 2 0 0 0]
  [0 4 1 0 0 3 1 1 0 4 2 1 1]
  [0 1 2 3 1 0 4 1 0 0 0 4 4]
  [0 3 4 1 2 4 0 2 1 4 1 2 2]
  [0 1 3 3 4 4 3 0 1 4 3 3 4]
  [0 1 0 4 3 4 0 2 0 2 1 3 3]
  [0 3 4 4 0 3 1 0 4 0 3 0 4]
  [0 0 1 3 0 2 1 4 2 0 0 3 3]
  [0 1 0 0 0 0 4 0 3 4 0 0 0]
  [0 3 4 4 0 1 2 2 2 4 1 0 0]]]
release_time
[  0 393  21 370 223 200   0 283 278 189 447  62 280]
due_date
[  0 433 423 421 463 340 462 429 425 453 455 438 365]
unit_emission
[7 7]
emission_limit
7028.0
setup_severity
0.02
due_tight
0.3
due_range
0.25
release_tight
10
degree_constr
0.8
