param: 
proc_time: (1, 100)
setup_rate: 2.0
setup_time: (60, 120)
delivery_time: (1, 100)

mach
8
job_rate
8
fam
5
setup_rate
2.0
proc_time
[[  0  84   2  87  24  27  22  65  31  13  21  53  40  27  84  40 100  45
   54  84  60  64  36  39   1  48  72  66  23  61  53  85  35  65  20  59
   52  47  49   2  16  24  96  93   5  12  67  66  38  60  95  70  93  84
   68  93  74  52  62  35  27   1  41  25  23]
 [  0  20  11  89  71   4  57   6  13  98  20  62  34  77   6  73  94  62
   27   9  74  38   1   3  34  55  36  33  44  48  45  67  52  31   6  16
   43  77  97  65  46  60  54   9  86  50  98  34  53  65  37  23  18  12
    5  20  83  55  66   4  27  72  34  71  29]
 [  0  82  55  58  41  11  72  66  73  41   6  64  29  14  79  51  47  48
   47   5  75  87  18  74  47  85  70  76   6  12   2  91  77  76   3  25
   24  63  46  33  71  11   6  96  89  50  69  76  85  64  98  72  62  79
   57  17  70  22  23  46  49  70  20  97  26]
 [  0  19   4  72  56  92  35  92  43  84  51  26  48  32  94  22  51  32
   84  14  76   1  43  23  28  22  49  10  61  36  89  32  23  83  46  17
   53  52  50  42  54  62  24  57   6  83  83  76  32  25  64  96   4  39
    2  23  71  84  36  60  53  17  86  71  87]
 [  0  74  65  60  81  40  78  49  56  81  10  82  35  10  43  20  80  17
   39  50  92  73  84  70  77  73  48  33  35  22  23  46  89 100   7  15
   93  72  37  74  74  60  50  13  19  49  23  55  15  81  10  56  63  57
   46  33  56  18  68  59   4  15  31   2  76]
 [  0  33  46  50  20  66  65  84  24  14  49  41  29  21  32  59  53  87
   93  78  63  71  23  81  34  96  37   5  42  84  72  72  88  25  46  27
   96   7  60  12   7  45   8   4  28  46  61  80  40  34  27  26  11   1
   21  32  75  87  60  68   2  84  92  54   9]
 [  0  10  73   3  31  99   4   7  16  16  92  13  61  84  45  68  24  96
   86  60  60   5  98  32  88   8  47  82  73   2  65  71  42  20  11  84
    2  97  86  92  31  99  10  86  81  59   7  37  13  93  26   3  39  10
   37  23  20  34   4  32  42  18  52   1  87]
 [  0   4  73  46  31  66  50  80  21  21  66  52  36  71  15  73   1  16
   87  88  88  10  39  11  30  40  33   7   6  50  52  72  80  49  21  68
   91  35   1  16  31  59  18  37  10  49  23  19  42   7  94  38  41  62
   43  82  70  76  11  48   2  92  82  87  77]]
setup_time
[[[  0  79  83  72  86  74]
  [  0   0  61  69  77 110]
  [  0 115   0  68  71 115]
  [  0  77 112   0  62  79]
  [  0  89  62  74   0  94]
  [  0  69 102  99  67   0]]

 [[  0  87 116  92  76  72]
  [  0   0 105  98 112 108]
  [  0 118   0  70  92  71]
  [  0  60  81   0 117 107]
  [  0 113  78 114   0  75]
  [  0  80 104  60  82   0]]

 [[  0  69  79  71  90 100]
  [  0   0  73  65  96 103]
  [  0  74   0  60  82  62]
  [  0  88  81   0 116  71]
  [  0 104  91  63   0 116]
  [  0  97  81  98 112   0]]

 [[  0  86  83  86  79 101]
  [  0   0  79  70  60 109]
  [  0 102   0  69 120  76]
  [  0  73  77   0  85  66]
  [  0 119  71  67   0  83]
  [  0  90  63  73 114   0]]

 [[  0  96  60  90  88  71]
  [  0   0  66 117 114  81]
  [  0 109   0  96 103  70]
  [  0  68 115   0 103 118]
  [  0  91  80  66   0  83]
  [  0  83  99 116  86   0]]

 [[  0  66  86  69 100 117]
  [  0   0  70  90 101 105]
  [  0  61   0 106 111  95]
  [  0  62 114   0  90  69]
  [  0  96  70  72   0 105]
  [  0  94  86 117  62   0]]

 [[  0  90 104  80 119 103]
  [  0   0  87  81  85 106]
  [  0  67   0  62 114  77]
  [  0 117  98   0  99  94]
  [  0  96 107  79   0  88]
  [  0  96  69  64  93   0]]

 [[  0  78 109 106  73  85]
  [  0   0  81  63  93 107]
  [  0  63   0  61  82  79]
  [  0  72  94   0  78  80]
  [  0  70  94  69   0 118]
  [  0  98 115  80  73   0]]]
delivery_time
[[  0  79  45  98  36  39  74  57  77  31  25  21   8   8  18  17  39  74
   12  54  69  20  42  96  37  98  27  71  16  15  61  60   1  18  83  89
   56  65  96  96  41  10  57  31  21   1  88  33  90  87  19  18  46  97
   11  75  96  99  56  29   3  19  68  99  35]
 [  0  11  83  50  52  25  84  85  75  16  26  74  71   5   1  30  24  20
   91  49  15  89  47  38  71  97  11  45  13  48  55   4  30  48  99  85
   67  70  56  45   3  16  11  52  72  90  51  10  97  34  93  83  25  22
   91  15  53  91  17   1   7  41  83  61  53]
 [  0   7  32  39  89  25  81  11  20  36  61  38   6  67  45  27  67  10
   10  55  31   6  24  79  79   3  34  47  19  30  34  52  62  85  67  97
   81  34  55  98  83   1  71  59  86  33  37  50  70   3  35  16  47  90
   34  35  64  41  46   5  60  54  50  18  49]
 [  0  24  30  15  82  16  18  91   1  11  39  74   9  39  17  99  35  74
   33  79  53  64  73  73  27  22  42  53  96  81  65  46  14  31  72  13
    5  28   4  29  75  32  43  14  63   3  71  92  46  97  82  93  85  34
   95  44  14  18  45  45  90  25  54   2  33]
 [  0  86  43  59  40  85  56   2  95   6  54  70  93  23  58  98   7   5
   47  48  94   3  79  72  31  23  80  79  90  49  37  93  19  73  32  62
   20  60  11  34  96  53  49  65  39  96  68  54  68  23  63  57  89  36
   52  99  19  21  84  79  44  32  33  60  69]
 [  0  98   1  15  57   1  19  22  26   6  60  55  66  47  46  99  50  77
   21  26   4  99  68  53  29  24  61  87  66  56  10  69  54  20  67  38
  100 100  16  54   3  64  93  28  58  30  42  65  75  72  26  55  57  80
   91  92  13  41  97  81  97  48  85  45  80]
 [  0  31  90  80  80  86  47  17  32  25  88  38  57   9  68  95  70  93
   45  65   9  65  66  69  30 100  11  18  34  48   6  25  25  72  89  19
   62  33  38  54  27  94  95  33  90  50  16  51  26  50  31  61  95  35
   68   8  70  80  16  49  78   6  61  82  54]
 [  0  96  44  33  32  79 100  26  95   3 100  92  94  35  26  71  66  29
   45  21  68 100  14  70  83  61  10   7  62  90  45  32  52  80  25  88
   41  88  45   2   4  90  10  97 100  80  21   5  45  48   6  26  19  50
   43  79  23  41  83  14  18  21  89  67  81]]
job2fam
[[1 0 0 0 0 0 0 0 0 0 0 0 0 0 0 0 0 0 0 0 0 0 0 0 0 0 0 0 0 0 0 0 0 0 0 0
  0 0 0 0 0 0 0 0 0 0 0 0 0 0 0 0 0 0 0 0 0 0 0 0 0 0 0 0 0]
 [0 0 0 0 0 0 0 1 0 0 0 0 0 0 0 0 0 0 0 0 0 0 0 0 0 0 1 1 0 0 0 0 1 0 0 0
  0 0 0 0 0 1 1 0 0 0 0 0 0 0 0 0 0 0 0 1 0 0 0 0 0 0 0 0 0]
 [0 0 0 0 0 0 1 0 0 0 1 0 0 0 0 1 0 1 1 0 1 0 0 0 0 0 0 0 0 0 0 0 0 0 0 1
  0 0 0 1 0 0 0 0 0 0 0 0 0 0 0 0 1 1 0 0 1 0 1 1 1 1 0 0 0]
 [0 0 1 0 1 0 0 0 0 0 0 0 0 0 1 0 0 0 0 0 0 0 0 0 0 0 0 0 1 1 0 0 0 1 0 0
  1 1 0 0 0 0 0 0 1 1 1 0 0 0 0 0 0 0 0 0 0 0 0 0 0 0 1 0 1]
 [0 1 0 0 0 1 0 0 0 1 0 0 0 0 0 0 1 0 0 1 0 0 1 1 0 1 0 0 0 0 1 0 0 0 0 0
  0 0 1 0 1 0 0 1 0 0 0 0 1 1 1 1 0 0 0 0 0 0 0 0 0 0 0 0 0]
 [0 0 0 1 0 0 0 0 1 0 0 1 1 1 0 0 0 0 0 0 0 1 0 0 1 0 0 0 0 0 0 1 0 0 1 0
  0 0 0 0 0 0 0 0 0 0 0 1 0 0 0 0 0 0 1 0 0 1 0 0 0 0 0 1 0]]
unit_cost
[11 14 11 12 14  9 13  9]
pre_factor
0.5
