mach
2
job_rate
6
weight
[ 0  1  5  7  5 10  6  9  3  7  5  3  2]
proc_time
[[  0  50  89  64 143 100  50  59 102 139  57  66 126]
 [  0 133  75 140 116  81 143 125 131  90  69  91  89]]
setup_time
[[[0 4 2 3 0 1 2 3 2 2 0 4 1]
  [0 0 4 1 2 4 4 3 0 3 1 1 3]
  [0 2 0 2 1 3 1 2 0 2 2 1 4]
  [0 3 2 0 4 3 1 0 0 3 1 1 2]
  [0 0 1 4 0 1 4 4 1 2 1 2 0]
  [0 2 2 3 3 0 0 2 0 0 4 1 3]
  [0 1 3 3 1 0 0 4 2 0 3 2 2]
  [0 4 1 4 4 3 2 0 2 3 3 0 0]
  [0 1 1 1 4 2 0 1 0 1 0 1 2]
  [0 2 1 0 1 1 0 0 1 0 3 2 1]
  [0 4 2 1 2 4 4 3 2 1 0 4 0]
  [0 3 1 0 2 4 0 1 0 3 3 0 3]
  [0 3 3 1 4 3 3 3 4 0 4 3 0]]

 [[0 4 1 1 1 2 1 1 1 4 3 4 0]
  [0 0 2 3 0 2 2 3 1 1 2 2 0]
  [0 0 0 0 0 2 2 2 4 0 0 0 3]
  [0 2 4 0 2 3 0 4 0 0 2 0 2]
  [0 4 4 4 0 4 2 4 0 0 2 4 4]
  [0 1 2 2 3 0 0 0 4 1 0 1 0]
  [0 2 1 0 1 4 0 2 1 3 3 2 3]
  [0 4 0 1 4 4 4 0 3 0 0 1 4]
  [0 0 0 4 1 0 0 1 0 2 4 4 1]
  [0 2 3 4 2 1 4 1 0 0 2 3 2]
  [0 3 1 4 3 4 0 4 0 1 0 0 0]
  [0 2 2 0 1 1 0 2 0 3 1 0 0]
  [0 1 4 2 4 0 4 3 3 4 3 4 0]]]
release_time
[  0 296 411  18 451 438 400 347  64 361  14 361 176]
due_date
[  0 358 445  22 464 460 471 417  77 447  17 384 247]
unit_emission
[ 6 12]
emission_limit
7185.0
setup_severity
0.02
due_tight
0.3
due_range
1.0
release_tight
1
degree_constr
0.5
