mach
2
job_rate
6
weight
[ 0  5  8  6  6  6 10  3  3  6  3  8 10]
proc_time
[[  0  77 142  66  73  67  76  71  93  96  74 112 110]
 [  0 122  68 130  75 138 122  68 150  63  74  70 125]]
setup_time
[[[0 1 2 2 2 3 1 4 1 4 3 0 4]
  [0 0 4 1 2 0 1 0 4 4 3 0 2]
  [0 3 0 2 4 4 4 2 4 2 0 2 3]
  [0 3 3 0 2 1 4 1 4 4 4 0 1]
  [0 3 1 1 0 3 0 2 1 2 0 0 0]
  [0 3 0 1 0 0 3 4 1 2 4 3 1]
  [0 4 4 2 2 0 0 4 1 1 4 2 2]
  [0 3 1 2 1 1 4 0 2 0 0 1 0]
  [0 1 2 3 2 3 3 3 0 0 2 1 1]
  [0 2 1 1 1 0 4 3 2 0 4 0 1]
  [0 3 0 1 1 1 2 1 2 1 0 2 0]
  [0 0 2 3 2 0 3 2 1 3 1 0 3]
  [0 4 4 2 1 4 4 1 3 1 4 4 0]]

 [[0 3 4 3 4 0 3 0 4 2 4 4 1]
  [0 0 1 1 2 2 1 0 4 0 1 3 1]
  [0 0 0 4 3 1 1 1 4 2 3 4 1]
  [0 2 4 0 1 1 0 1 2 3 2 1 4]
  [0 0 2 0 0 3 2 3 0 0 2 1 4]
  [0 2 4 4 1 0 4 3 0 2 2 2 1]
  [0 0 3 2 2 1 0 2 1 1 3 3 0]
  [0 4 0 4 1 1 0 0 0 1 4 1 0]
  [0 2 1 1 3 1 1 3 0 2 2 3 1]
  [0 0 1 0 4 3 4 3 4 0 4 0 2]
  [0 3 3 2 1 1 0 3 4 1 0 2 3]
  [0 3 0 4 2 1 1 4 0 0 1 0 2]
  [0 0 4 3 2 0 0 1 0 0 4 0 0]]]
release_time
[  0  71 275 497 252 146 508 436 223 369 322 377  58]
due_date
[  0  86 331 562 318 217 551 479 242 412 389 452  87]
unit_emission
[15 19]
emission_limit
14537.5
setup_severity
0.02
due_tight
0.3
due_range
1.0
release_tight
1
degree_constr
0.5
