mach
2
job_rate
6
weight
[ 0  5  6  5 10  7  2  5  5  4  5  1  8]
proc_time
[[  0  62  84 121  65  78  68  85 131 105  75 117  78]
 [  0 105  70  90  81  98  84 130  60 144 119  71 142]]
setup_time
[[[0 3 2 3 3 4 4 0 4 4 0 0 1]
  [0 0 1 0 1 3 1 4 0 2 4 2 1]
  [0 1 0 0 4 1 2 2 4 2 3 2 2]
  [0 1 3 0 2 4 4 3 0 1 2 2 2]
  [0 2 0 1 0 4 2 2 0 4 2 0 3]
  [0 1 3 1 2 0 4 4 2 1 3 3 2]
  [0 4 1 4 3 3 0 2 2 3 0 1 4]
  [0 0 1 2 0 2 2 0 0 0 0 1 4]
  [0 2 3 3 1 4 2 0 0 1 0 1 1]
  [0 3 2 1 3 1 3 2 1 0 3 0 2]
  [0 2 2 0 2 1 1 1 1 1 0 4 1]
  [0 2 2 0 4 2 4 1 1 4 4 0 4]
  [0 2 1 4 4 3 0 3 1 4 1 0 0]]

 [[0 0 0 4 0 3 2 0 2 4 3 0 4]
  [0 0 1 3 1 3 4 3 2 2 4 3 1]
  [0 0 0 1 0 3 1 0 4 4 3 3 4]
  [0 2 0 0 4 0 0 2 2 3 3 1 1]
  [0 4 0 1 0 1 0 2 1 1 0 2 3]
  [0 3 3 1 2 0 4 1 2 0 3 3 3]
  [0 2 2 2 4 1 0 1 4 0 4 2 0]
  [0 3 4 3 2 1 0 0 1 0 0 0 2]
  [0 0 4 1 2 2 4 4 0 2 4 4 4]
  [0 0 4 1 4 2 0 2 4 0 0 3 4]
  [0 1 2 4 4 2 1 1 0 3 0 1 4]
  [0 4 3 0 2 0 2 0 4 1 2 0 0]
  [0 0 1 3 1 3 0 2 2 0 0 0 0]]]
release_time
[  0 125 453 131 325 311 446  52 319  11  32 149 284]
due_date
[  0 274 512 417 474 421 491 564 326 523 509 540 479]
unit_emission
[20 13]
emission_limit
15271.8
setup_severity
0.02
due_tight
0.3
due_range
1.0
release_tight
10
degree_constr
0.2
