mach
2
job_rate
6
weight
[0 4 5 8 8 4 3 7 7 2 9 1 5]
proc_time
[[  0  83  81 150  81 120  69  75 123 109 150 140 124]
 [  0  97 143  59  67  62 141  87  68 133  52  77 142]]
setup_time
[[[0 2 3 3 0 2 2 0 0 2 1 1 3]
  [0 0 3 1 1 3 0 2 5 1 3 1 0]
  [0 0 0 4 5 4 2 3 5 5 3 1 0]
  [0 0 5 0 0 3 0 0 2 5 3 1 2]
  [0 1 4 3 0 3 2 3 4 2 4 1 5]
  [0 2 4 0 5 0 4 1 4 0 5 1 0]
  [0 4 0 4 3 1 0 2 0 3 0 0 5]
  [0 4 0 0 4 2 0 0 0 2 5 5 2]
  [0 2 4 2 1 0 3 4 0 3 5 1 1]
  [0 1 3 1 3 1 4 4 5 0 0 0 2]
  [0 0 1 5 3 4 4 0 1 5 0 4 3]
  [0 1 1 0 2 5 5 3 2 1 3 0 4]
  [0 2 5 3 3 5 0 5 1 1 2 2 0]]

 [[0 5 0 1 2 0 4 4 3 2 1 3 5]
  [0 0 4 4 2 5 1 3 0 3 5 1 3]
  [0 1 0 3 4 0 1 1 4 3 5 3 2]
  [0 2 2 0 3 2 4 0 3 5 5 5 2]
  [0 1 2 5 0 4 3 5 3 0 3 0 0]
  [0 5 4 1 3 0 2 3 0 3 4 2 1]
  [0 5 3 3 0 0 0 0 3 2 3 2 2]
  [0 5 5 4 2 1 5 0 1 5 4 5 4]
  [0 3 0 5 2 4 2 2 0 0 5 1 3]
  [0 3 3 5 0 5 2 5 4 0 5 5 3]
  [0 0 1 2 4 3 1 5 0 0 0 4 0]
  [0 1 0 4 0 0 5 4 3 2 4 0 0]
  [0 0 3 0 4 1 1 1 5 1 3 0 0]]]
release_time
[  0 259 241 307  99 130 312 342   3  36  40 129 335]
due_date
[  0 262 525 527 185 219 614 508  20 216 584 569 511]
unit_emission
[4 9]
emission_limit
5324.0
setup_severity
0.02
due_tight
0.3
due_range
1.0
release_tight
10
degree_constr
0.5
