param: 
proc_time: (1, 100)
setup_rate: 2.0
setup_time: (60, 120)
delivery_time: (170, 200)

mach
8
job_rate
10
fam
3
setup_rate
2.0
proc_time
[[  0  96  55  24  57  69  99  62  85  84  94  86  74  70  77  58 100  12
   71  83  86   5  66  75   5  44   5  72  67  77  19   2   2  34 100  79
    5  62  97  10  92   2  50  76   6  32   4  74  23   5  10  14  69  69
   41  58 100  54  46  74  53  34  78  35  88  92  28  20  69  56  56  69
   35   8  94  94  33  30  33  62  60]
 [  0  91  99  56  43  11  20  71  70  93  61  33   8  61  88  22  56  86
   48  21  21  61  54  59   6  25  32  61  35  62  73  25  89  49   8  43
   39  34  29  43  60  46  46  66  55  63  84  87  31  44  27  21  60  68
   44  41  80  46  49   9  38  95  87  76   2  93  19  14  64  54  23   5
   28  51  84  10  11  76  71  24  69]
 [  0  87  87   8  34  34  50  46   2  42  66  61   2  31  47 100  61   8
   52  72  98  21  43  15  58  84  69  13  16  38   3  65  59  47  70  39
   51  50  91   1  24  13  30  86  52   1  29  90  72  87  87  34  62  66
   18  62  61  19  52  46  77  93  66   8  84  10  88  24  27  20  83  19
   59  19   3  58  65  96  37  94  39]
 [  0  24  23  74  26  80   1   7  13  53  61  36  21  20  20  74  64   1
   44  91  63  33  78  19  91  41  53  24  75  55  95  76  53  90  85  98
   38  37   3  89  47   6  45  87  39  72   5 100  83  90  82   9  32  23
   39  80  66   7  52  70  26   4  52  94  93  38  47  63   1  97  59  26
   64  28  93 100  67  44  45  13   2]
 [  0  69  66  24  89  69  32  94  78  17  74  98  83  53  84  76  90  75
   10  73  27  10  32   5  92  92  10  10 100  46  59  52   8  15  71  75
   32  93  43  58  71  77  39  62  47  35  90  89  50  13  41  77  41   9
   39  94  59  23  25  27  70   8  39  99  33  56  23  35  68  13  17  40
   76  14  38  96  65  35  97  53  10]
 [  0  74   1  88  72  43  18  69  40  62  15  69  60  86  91  34  35  89
   61  59   2  23  21   5  91  18  34 100  27  51  28  79  89  83  17  97
    1  27  59  74  39  54  74  96  54  85  72  73  36  18   5  46  86  78
   96  32  76  69  92  28  93  98  17  54  14  40  80  85  91  14   2   7
   83  22  18  93  88   8  99  99  43]
 [  0  38  74  55  50  49  96  36  30  79  16  87  79  70  71  79  24  67
   53  56  48  78  21   9  56  41  43  12  24  44  20  35  35  98  92  49
    5  48  47  82  55  73  70  71   1  94  22  97  36  63   5  47  91  50
   56  84  98  36  85  15  82  49  86  39  70  16  54  92  30  58  74  74
   67  41  18  86  63  29  72  60  72]
 [  0  94  10  72  57  71  19  14  50  33  64  92  84  40  65  90  74  32
   32  20  36  94  34  33  78  22  92  30  63  47   8  28  85  73  45  80
   56  92  55  65   5  55  12  10  82  79  45  66  80  73  93  80  76  78
   38  33  61  89  87  71  47  97   7  85  11  82  75  85  83  91  12  66
   70  78  48  25  39  79  24  21  97]]
setup_time
[[[  0 103 117 107]
  [  0   0  90  66]
  [  0  87   0  93]
  [  0  83  95   0]]

 [[  0  71 108 119]
  [  0   0  78  81]
  [  0  78   0 117]
  [  0 107 112   0]]

 [[  0  78 110  63]
  [  0   0  80  60]
  [  0  75   0  88]
  [  0  91  79   0]]

 [[  0  63  95  95]
  [  0   0  98  63]
  [  0 104   0 110]
  [  0 111 110   0]]

 [[  0  80  75  85]
  [  0   0  85  93]
  [  0 119   0 100]
  [  0  89  85   0]]

 [[  0 120 115 103]
  [  0   0 100  90]
  [  0 117   0  81]
  [  0 115 118   0]]

 [[  0  82  79  86]
  [  0   0  88  63]
  [  0  74   0  79]
  [  0 107  88   0]]

 [[  0  83  61 100]
  [  0   0  71  81]
  [  0 111   0  75]
  [  0 102  67   0]]]
delivery_time
[[  0 192 194 178 172 195 189 181 192 187 186 170 174 192 192 175 174 197
  174 183 187 175 192 176 185 198 183 193 196 181 193 186 182 185 199 196
  194 193 174 187 197 178 186 180 192 181 173 188 174 200 176 192 180 194
  194 187 181 175 170 177 186 189 190 200 173 186 197 174 200 191 178 190
  185 195 200 182 170 173 174 193 193]
 [  0 194 173 178 184 170 174 199 195 172 190 179 185 190 190 170 195 196
  173 184 170 190 199 181 190 194 185 174 178 198 189 177 183 184 175 178
  179 176 197 178 186 179 174 199 188 193 194 192 181 190 177 183 173 178
  187 187 179 199 176 175 184 193 192 198 179 182 185 192 178 175 183 186
  193 180 197 176 170 198 198 198 171]
 [  0 199 188 181 193 199 181 186 200 179 170 187 172 186 171 171 174 194
  187 193 185 174 190 182 170 185 177 175 199 180 200 181 182 178 176 187
  171 189 178 171 181 183 174 192 177 199 181 172 190 187 199 189 176 184
  186 176 194 171 190 183 173 180 175 182 180 181 170 170 178 178 179 174
  173 182 187 185 194 193 200 184 198]
 [  0 187 197 174 177 193 175 180 198 187 180 186 188 178 178 170 191 195
  184 198 170 200 179 174 185 178 192 200 186 178 199 184 175 191 172 187
  191 194 184 173 193 174 185 170 193 185 197 190 175 192 192 184 170 191
  184 186 198 178 183 197 185 182 195 186 189 175 174 179 176 197 200 173
  172 171 174 199 177 190 176 183 186]
 [  0 176 178 174 190 171 200 185 174 192 173 199 200 189 189 183 176 199
  180 171 174 185 170 175 180 179 185 170 185 189 177 180 191 171 173 171
  175 191 191 194 181 190 191 174 174 197 183 195 184 174 190 184 172 181
  196 170 188 177 176 181 183 180 184 174 191 200 172 174 170 183 180 189
  180 200 185 178 188 174 187 189 194]
 [  0 188 182 187 187 182 180 174 173 181 188 190 174 199 170 179 170 180
  179 172 174 194 200 180 191 175 177 170 183 182 192 188 191 198 199 172
  176 198 175 179 199 179 200 177 175 176 175 188 196 171 188 186 183 191
  176 173 189 195 170 200 181 198 178 178 192 195 200 197 190 177 180 180
  191 200 187 194 182 180 185 180 179]
 [  0 185 170 188 190 172 187 200 189 200 185 180 175 176 199 187 175 200
  188 186 195 189 172 180 178 191 171 171 188 175 191 196 193 200 173 172
  195 171 189 185 188 190 191 175 178 175 174 187 188 175 189 172 176 181
  176 191 189 189 185 183 176 176 195 193 177 180 197 179 191 188 172 175
  171 170 187 184 187 198 197 177 181]
 [  0 171 193 181 195 185 199 187 177 188 194 176 180 175 177 192 178 176
  179 179 173 197 188 187 188 193 183 177 194 195 181 198 195 172 183 181
  186 193 194 185 178 181 175 188 175 177 176 187 173 182 171 189 191 195
  196 176 191 198 176 183 187 190 196 177 187 174 183 186 171 176 193 182
  191 180 178 188 181 199 173 188 190]]
job2fam
[[1 0 0 0 0 0 0 0 0 0 0 0 0 0 0 0 0 0 0 0 0 0 0 0 0 0 0 0 0 0 0 0 0 0 0 0
  0 0 0 0 0 0 0 0 0 0 0 0 0 0 0 0 0 0 0 0 0 0 0 0 0 0 0 0 0 0 0 0 0 0 0 0
  0 0 0 0 0 0 0 0 0]
 [0 1 1 0 0 0 0 0 0 0 0 0 0 0 1 0 1 0 0 0 0 0 1 1 0 1 0 1 0 0 0 0 0 0 1 0
  1 1 0 1 1 1 0 0 1 0 1 0 0 0 0 0 0 0 1 0 1 0 1 0 0 1 0 0 1 0 0 0 0 0 0 1
  0 0 0 0 0 1 0 0 1]
 [0 0 0 0 0 0 1 1 0 1 1 1 0 0 0 0 0 0 0 0 1 0 0 0 0 0 1 0 1 0 1 0 1 1 0 0
  0 0 0 0 0 0 0 0 0 1 0 0 0 1 0 1 0 1 0 0 0 1 0 0 1 0 0 1 0 0 0 0 1 1 1 0
  0 0 1 1 1 0 1 0 0]
 [0 0 0 1 1 1 0 0 1 0 0 0 1 1 0 1 0 1 1 1 0 1 0 0 1 0 0 0 0 1 0 1 0 0 0 1
  0 0 1 0 0 0 1 1 0 0 0 1 1 0 1 0 1 0 0 1 0 0 0 1 0 0 1 0 0 1 1 1 0 0 0 0
  1 1 0 0 0 0 0 1 0]]
unit_cost
[33 32 31 22 25 31 33 30]
pre_factor
0.5
