param: 
proc_time: (1, 100)
setup_rate: 0.5
setup_time: (15, 30)
delivery_time: (1, 30)

mach
8
job_rate
10
fam
5
setup_rate
0.5
proc_time
[[  0  55   7  16  48  58  91  38  13  86  54  54  37  64  23  83  52   6
   12  11  46  12  72  11  10  29  79  98  65  39   6  45  52  93  91  34
   46  57  13  39  18  14  21  32  31  36  93  24  29  10 100  67  88  59
   22  78   2  86  24  18  18  53  63 100  94  55   2  83  36  13  15  52
   90  24  33  67  40   9  15  89  63]
 [  0  39  40  31  17  90  38  48  95  47  45  15  71  45  20  64  74   5
   80  53   9  48  31  67  43  45   1  26  27  29  46  96  92  30  26  86
   88  26  71  45  65  40  87  66  42  11  71  54  14  63  77   1  27  61
   67  91  14  29  20  37  41  82  22  30  55  58  12  98  58  26 100 100
   18  61  61  25  69  91  37  76  39]
 [  0  75  10 100  38  64  82  43  55  11  16  25  55  67  66  27  46  11
   70  28  67  44  79  70  55  79 100  17  94  40  70  49  75  37  53  72
   81  65   1  39  30  84  43  23  31  87  69  52  55   6  47 100  17  47
   56  47  37  91  74  28  41  56  66  71   8  36  33  65  31  76  53  88
   80  81  51  11  35  25 100  52  68]
 [  0  39  68  55  63   4   8  47  60  56   9  78  68  36  87  38  20  94
   95  50   2  80  11  84   6  90  86  15   5  46  69  39  56   8   9  59
   28  55  88  80  61  40  63  20  76  52  55  76  27  34  26  55  31  93
   64  17  47  77  64  29  18   9  19  59  94   5   8  75  50  62   9  91
   13  41  22  11  19  88  52  93  25]
 [  0  62   8  77  45  10  14  59  24  16  75  50  30  52   2  34  15  36
   13   5  35  43  94  85   8   7  76  49  15  62  19  39   1  94  17  24
   29  41  62  91  92  11   5  46  19  92  55  45  60  92   7  49  41  36
   57  27  86  75  47  54  74  40  24  59  37  88  97  13  71  20  26  88
   93  90  56  96  40  56  61  17  58]
 [  0  33  56  99  42  31  47  20  43  16  70  12  17  65  62  72  71  59
   74  88  90   3  98  34  87  99  15  65  54  64   9  52  73  96  48  19
   91  56  91  75  91  86  78  22   6  90  67   2  35  88  87  76   4  94
   76  95  59  14  96  56  46  31  65  85  45  43  71  16  82  85  72  53
   58  37  21  74  71  36  56  35  43]
 [  0  93 100   1  47  15  77   9 100  76   9   7  77  81  42  69   6  40
   27  38  72   1  99   1  14  21  51  55  60  18  91  76  99  38  36   8
   71   3   8  30  40  40  43  92  68   3  83  19  21  69  95  25  93  17
   21  66  44  12  54   3  59  63 100  64  93  91  53  79  12  98  68  16
   59  74  18  17  71   3  37  41  98]
 [  0  61   7  23   4  23  30  54  75  25  11  74  68   6  32   4   9  43
   10  64  28  49  47  13  32  53  38  44  54  81  18  71  14  96  59  74
   52  91  64  41   6  65  33  10  50  82  42  63  80  40  11  44  83  92
    1  24  95  47  31  63  75  13  38  68  25  64  42  46  17   6  88  36
   91  73  79  57  18  61  89  51  42]]
setup_time
[[[ 0 21 27 16 21 18]
  [ 0  0 23 21 26 16]
  [ 0 18  0 22 15 30]
  [ 0 22 27  0 26 26]
  [ 0 29 18 27  0 24]
  [ 0 29 18 24 20  0]]

 [[ 0 22 19 21 27 20]
  [ 0  0 20 15 19 30]
  [ 0 16  0 27 22 26]
  [ 0 28 16  0 30 19]
  [ 0 21 23 21  0 27]
  [ 0 23 29 25 17  0]]

 [[ 0 16 23 19 30 23]
  [ 0  0 29 30 20 22]
  [ 0 28  0 29 29 24]
  [ 0 19 20  0 19 25]
  [ 0 15 18 29  0 30]
  [ 0 28 30 25 21  0]]

 [[ 0 19 29 19 24 19]
  [ 0  0 26 18 26 21]
  [ 0 18  0 21 30 25]
  [ 0 27 16  0 21 29]
  [ 0 30 21 22  0 30]
  [ 0 26 15 24 25  0]]

 [[ 0 22 17 25 22 18]
  [ 0  0 17 26 20 30]
  [ 0 23  0 15 24 17]
  [ 0 22 16  0 22 24]
  [ 0 25 18 29  0 16]
  [ 0 17 16 24 29  0]]

 [[ 0 19 29 25 26 19]
  [ 0  0 15 25 25 19]
  [ 0 18  0 20 23 17]
  [ 0 23 17  0 20 19]
  [ 0 30 21 30  0 23]
  [ 0 15 17 27 26  0]]

 [[ 0 19 30 25 17 17]
  [ 0  0 25 24 29 23]
  [ 0 27  0 26 23 25]
  [ 0 20 24  0 26 15]
  [ 0 28 17 23  0 24]
  [ 0 18 29 28 21  0]]

 [[ 0 19 25 30 23 15]
  [ 0  0 26 29 19 18]
  [ 0 21  0 18 23 17]
  [ 0 18 25  0 30 24]
  [ 0 20 20 19  0 20]
  [ 0 21 29 19 26  0]]]
delivery_time
[[ 0 24 29 29 30 12  8 19 15 14 16  2  8 22 14 16 18  2 17 17 21  9 12 22
  15 22  8  3  3 25 29 24  8  3 10 22 28  1 30 22 17  9 20  4 25 20 18 22
  19  5 23 16 12 10  2  9  5  3 12 28  1  2 13  3  8 26 19 24  3 24  5 30
  24 23 22  2 13  9 23 25 22]
 [ 0 15 27  2 20 20  9 17  8 28 30  9 15 14  9  6 22  1  6 25 27 15  1 12
  18  5 28 23 18 12  1 12  9 15 24 29  4 14 20 29  7  3 10 21 23  4 25 26
  13 23 16 12 19  8 10  2  6  4 21 26 14 29  4 10 18  2 25 27  4  4  1 26
  29 22 25  8 26 14  9 27  1]
 [ 0 17  2  2 28  3 19  4  6 20 23  4 26 15 11  9  2  1 13  7  7 18  8 21
  17 19 26  6  3 13  4 16 27 18  8 24 20  8  7 22  3  8  2 14 20 21  5  3
   9 26 19 19 17  3 24 24 12 28 16 13 25 30  7 13 16  4 16 20  6  5 27 21
  10 29 20 20 23  8  8 23  4]
 [ 0  1  3 21  8 11  2  5 25  6 20 20  6  8 16  2  7 15 16 29 15  2  4 17
  23 21  3 25  9 18 26 11 21 20 20 15 18  8 28  7 23 17  8  9  5  8 13 23
  15 24 25 21 28  7 19 25 10 30 21  9 27 18 15 30 16 15 22 16 15  4  4  6
  22  4 28 23 26 11 21 14 27]
 [ 0 10 20  8  4 13 27  7 29 13 25 17  6  1 16 14  3 28 11  1  7 18 12  8
  27 15  8 25  1 10 14 16 24 12 25 23 14  8  8 26  2 12  9  9 28 20  6 23
  21 14 26  6 15 28 28 20 18 28  2 14  2  3  5 16 29 13 24  7 12 13 27 10
   6 28 20 11 18 13 26 26 25]
 [ 0  4 11  2 15  1 28 27 22 14 23 23  5 12  7 21 16 23 21  8 17  2 13 23
  17  7  9 19 25 28 15 21  6  8  1 21 21 10  8  4  9 30 21 28 30 23 24 10
   6 19 10  1 25 21 20 16  2 15  4  5 11 17  7 20  9  7 21 22 11 18 28  9
  27  1  8  8  1 29  3 21  5]
 [ 0  6 14 18 24 16 18 13 21 24  9 17 16 11 12 13  8 25 15 30 10 13 28 12
  21  6 15  1 26 24 16 25 29 23 17 19  3 17 27 25 16 27 28  2 11 16 26  7
  12 16  8 16 10 22  1 12 28 21  8  6 17 15  6  1 19 18  2 30 27 26 24 23
  27 28  4 11 21  9 15 12  6]
 [ 0 21 24 12 23  9  6 19 19  7 22 28 10 16 21 29 20 24 22 24 10 29 24 30
  14 26  8 26 15 22 16  8 12  9 30  5 18  8  3 21 20 29 12 29 27  9 14 24
  12  5 12  7 23 30  3 18  8 21 10 28  7 23  1 17 15 17 12  8 29 19 25 13
  27  6  3 24 22 26  3 13 11]]
job2fam
[[1 0 0 0 0 0 0 0 0 0 0 0 0 0 0 0 0 0 0 0 0 0 0 0 0 0 0 0 0 0 0 0 0 0 0 0
  0 0 0 0 0 0 0 0 0 0 0 0 0 0 0 0 0 0 0 0 0 0 0 0 0 0 0 0 0 0 0 0 0 0 0 0
  0 0 0 0 0 0 0 0 0]
 [0 0 0 1 1 0 0 0 1 0 0 1 0 0 0 0 1 0 0 0 0 0 1 0 0 0 0 0 0 0 0 0 1 0 0 0
  0 1 0 0 0 1 0 0 1 0 0 1 0 1 0 0 0 0 0 0 0 0 0 0 0 0 0 0 1 0 0 0 0 1 0 1
  0 0 0 0 0 0 1 0 0]
 [0 0 1 0 0 1 1 0 0 0 0 0 0 1 0 0 0 1 0 0 0 0 0 0 0 0 1 0 0 1 1 0 0 0 0 0
  0 0 0 1 0 0 0 0 0 1 0 0 1 0 0 0 1 0 0 1 0 0 0 0 0 1 0 0 0 0 0 1 0 0 0 0
  0 0 0 0 0 0 0 0 1]
 [0 0 0 0 0 0 0 0 0 0 1 0 1 0 1 1 0 0 0 1 0 1 0 0 0 1 0 0 0 0 0 1 0 1 0 0
  0 0 0 0 0 0 0 0 0 0 0 0 0 0 1 1 0 1 0 0 0 0 1 0 0 0 1 0 0 1 0 0 0 0 1 0
  0 1 0 1 1 0 0 0 0]
 [0 0 0 0 0 0 0 1 0 1 0 0 0 0 0 0 0 0 1 0 0 0 0 0 1 0 0 0 0 0 0 0 0 0 0 1
  1 0 1 0 0 0 1 0 0 0 0 0 0 0 0 0 0 0 0 0 0 0 0 1 1 0 0 0 0 0 1 0 0 0 0 0
  0 0 0 0 0 1 0 1 0]
 [0 1 0 0 0 0 0 0 0 0 0 0 0 0 0 0 0 0 0 0 1 0 0 1 0 0 0 1 1 0 0 0 0 0 1 0
  0 0 0 0 1 0 0 1 0 0 1 0 0 0 0 0 0 0 1 0 1 1 0 0 0 0 0 1 0 0 0 0 1 0 0 0
  1 0 1 0 0 0 0 0 0]]
unit_cost
[11  9 10 13 13 10 14 13]
pre_factor
0.5
