mach
2
job_rate
6
weight
[ 0 10  5  3  5  4  6  1  9 10  1  8  7]
proc_time
[[  0 141  81  82 115 146 119 111 125 103 136 133  51]
 [  0  90  76 102  95  63 138  55  60  59  54  59 107]]
setup_time
[[[0 4 4 0 3 2 2 2 2 0 3 0 2]
  [0 0 0 2 1 3 3 1 2 1 3 4 1]
  [0 1 0 4 4 3 1 4 4 3 0 1 1]
  [0 0 1 0 0 3 1 2 0 2 3 2 4]
  [0 2 4 3 0 2 1 0 2 3 0 3 1]
  [0 4 4 4 0 0 1 2 0 4 2 3 2]
  [0 2 0 4 1 1 0 3 2 4 1 0 3]
  [0 4 1 1 2 0 4 0 3 3 0 0 3]
  [0 4 1 0 4 0 1 3 0 4 0 2 4]
  [0 0 4 1 4 3 3 4 4 0 0 2 4]
  [0 4 4 3 2 2 3 4 2 0 0 3 2]
  [0 0 3 0 3 3 4 2 4 0 4 0 3]
  [0 1 0 4 3 4 3 1 1 2 3 3 0]]

 [[0 4 4 0 3 3 2 3 4 4 1 4 3]
  [0 0 1 3 2 4 0 4 3 2 1 3 0]
  [0 3 0 4 1 1 1 3 1 2 2 3 0]
  [0 4 3 0 3 3 0 3 0 0 4 2 3]
  [0 1 0 1 0 0 3 2 3 3 1 2 4]
  [0 4 1 4 2 0 2 3 0 1 2 4 4]
  [0 4 1 0 2 0 0 2 1 2 2 1 2]
  [0 2 0 4 1 4 1 0 0 4 1 1 1]
  [0 4 1 1 1 2 1 0 0 0 2 3 1]
  [0 1 4 4 2 4 4 0 4 0 4 2 2]
  [0 2 2 0 3 1 4 3 3 1 0 1 3]
  [0 2 1 4 3 1 1 4 0 4 4 0 4]
  [0 0 2 3 1 3 3 4 1 0 3 0 0]]]
release_time
[  0   7   6  17  19  10  34 138  17   2   6  47  22]
due_date
[  0  44  56  50  53  53  44 167  48  46  48  49  51]
unit_emission
[15  1]
emission_limit
3704.4
setup_severity
0.02
due_tight
0.9
due_range
0.25
release_tight
1
degree_constr
0.8
