mach
2
job_rate
6
weight
[ 0  8  3 10  6  1  3  5  8  1  4  9  6]
proc_time
[[  0 136  64 108  79 130 119 112 102 146 108 123 111]
 [  0 116 116 120  73  86  63 124  81 102  71  79  81]]
setup_time
[[[0 1 3 2 5 0 4 1 5 5 2 3 2]
  [0 0 1 1 3 1 5 2 3 2 0 5 2]
  [0 0 0 2 4 2 1 5 1 3 3 5 4]
  [0 0 1 0 4 0 1 2 3 2 0 3 0]
  [0 0 1 3 0 4 5 1 2 5 4 5 4]
  [0 3 4 1 5 0 0 4 5 2 2 5 2]
  [0 0 2 3 4 0 0 3 5 5 1 0 3]
  [0 5 5 1 3 2 3 0 2 5 4 4 4]
  [0 1 3 3 1 3 0 4 0 2 1 0 0]
  [0 4 0 2 3 4 3 0 3 0 2 2 2]
  [0 1 1 4 3 1 3 1 0 4 0 4 0]
  [0 4 4 0 0 1 3 3 1 5 0 0 2]
  [0 0 0 2 4 5 1 3 2 2 0 2 0]]

 [[0 4 4 3 0 1 2 2 0 0 5 4 0]
  [0 0 0 3 3 0 4 2 1 2 5 4 0]
  [0 3 0 5 3 3 1 0 1 4 2 3 5]
  [0 1 4 0 4 5 1 3 2 5 0 2 2]
  [0 5 4 2 0 3 2 1 5 0 4 3 2]
  [0 5 5 4 3 0 4 1 2 0 0 5 5]
  [0 1 4 5 5 0 0 4 3 0 0 5 4]
  [0 1 1 2 4 5 3 0 4 5 0 3 5]
  [0 1 0 4 0 1 5 3 0 5 4 1 5]
  [0 2 2 3 1 5 4 2 1 0 5 0 4]
  [0 0 5 5 1 0 5 0 2 0 0 2 1]
  [0 1 0 5 2 2 4 1 4 4 2 0 5]
  [0 0 2 5 4 1 0 3 3 0 4 5 0]]]
release_time
[ 0 31 28  3  2 36 26 17 29 44 50  4 24]
due_date
[ 0 53 58 53 55 55 47 62 47 55 59 60 58]
unit_emission
[17  6]
emission_limit
8006.0
setup_severity
0.02
due_tight
0.9
due_range
0.25
release_tight
1
degree_constr
0.5
