param: 
proc_time: (1, 100)
setup_rate: 1.0
setup_time: (30, 60)
delivery_time: (100, 200)

mach
10
job_rate
5
fam
3
setup_rate
1.0
proc_time
[[  0  64  35  79  38  67  93  16  74  70  98  78  19  62  83  66  87  56
   83  85  85  71  57   8  79  61  37   8   2  63  38   5  13  16  60   6
   21  44  14 100  31  96  51   8  27  18  85  16  11  67  30]
 [  0   1  47  86  43  89  29  60  99  21  10  83  35  54  32  21  71  58
   68  65  67   1  69  22  18  47  54  34  59  26   3  46  39  58  93  86
   57  35  10  21  65  77  64  30  40  58   5  54  12  42  53]
 [  0  40  19  69  86  19  39  44  69  76  62  91  61  97   9  19  58  84
    9  30  19  47 100  64  64  58  30  89  28  81  79  10  56  13  15  29
   89  11  82  41  30  79  90  65  49  37   3  81  48  19  26]
 [  0  37  87  91  20  36   1  92  74  88  52  73  87  20  13  32  91  10
   39  85  26  73  31  94  64  46  68  19  52  19  89  97  88  77  71  65
   90  90   9  39   3  76  51  97  96  80  61  73  82  77  68]
 [  0  94  51  90  72  81  10  72  49  20  88   1  57  46  36  68  54  58
   79  82  68  50   9  65  25  48  31  26  77  69  20  64  69  30   9  47
   60  10  69  24  20  85  13  63  23  44  59  88  17  97  37]
 [  0  46  14  72  17  55  21  64  97 100  59  94  43  84  22   6  75  38
   42  76  71  26  59  72  20  81  82  89  52  53  46  87  96  13  60   3
   34   3  27   1  30  80  30  71  36  38  10  16  39  87  61]
 [  0  15  49  13  42  63   7  93   1  20   2  74  50  91  35  31  45  90
    7  17  24  89  11  17  89  30  36   9  87  36  66  81  60  71  72   9
   12   1  67  16  92  99   9  82  24  82  71  51   4  89  88]
 [  0  96  24  93  80   9  53  69  12  86  42  70  60  14  11  88  81  35
    3  62  46  97  43  93  29  32  34  68   1  26  39  13  35  62  62  44
   19  44  23  77  41  74  70  97  72  75  45  57  66  91  23]
 [  0  18   3  44   5  28  43  57  93  66  70  65  13  79  99  54   2  22
   32  78  11  82  49  89  13  40  36  40  71  16  97  78  97  97  90  60
   12  17  76  49  60  37  55  38  28  31  28   8  99  19  30]
 [  0  71  27  16  54  15  85  16  46   2  88  96  50  25  61  17   3  80
   72  68  27  40  83  96  97  42  76  98  28  88  17  93  73  48   3   4
   69  54  84  11  73  85  90   6  46   5  70  97  40  19  30]]
setup_time
[[[ 0 60 37 55]
  [ 0  0 38 45]
  [ 0 49  0 32]
  [ 0 39 46  0]]

 [[ 0 38 55 40]
  [ 0  0 50 34]
  [ 0 53  0 58]
  [ 0 46 38  0]]

 [[ 0 30 54 40]
  [ 0  0 46 43]
  [ 0 54  0 37]
  [ 0 48 51  0]]

 [[ 0 49 51 39]
  [ 0  0 59 60]
  [ 0 57  0 43]
  [ 0 49 46  0]]

 [[ 0 59 41 35]
  [ 0  0 42 30]
  [ 0 51  0 42]
  [ 0 33 37  0]]

 [[ 0 46 54 51]
  [ 0  0 60 41]
  [ 0 37  0 60]
  [ 0 32 39  0]]

 [[ 0 42 32 38]
  [ 0  0 59 47]
  [ 0 57  0 35]
  [ 0 44 45  0]]

 [[ 0 31 50 36]
  [ 0  0 31 53]
  [ 0 41  0 46]
  [ 0 60 33  0]]

 [[ 0 53 48 58]
  [ 0  0 58 56]
  [ 0 36  0 52]
  [ 0 43 56  0]]

 [[ 0 39 43 36]
  [ 0  0 43 36]
  [ 0 40  0 56]
  [ 0 53 33  0]]]
delivery_time
[[  0 166 160 152 140 182 141 112 126 160 173 175 142 155 140 148 176 120
  159 180 165 118 169 133 165 165 187 186 120 181 189 180 139 149 154 183
  158 151 190 113 134 120 116 178 162 194 104 168 187 154 148]
 [  0 186 169 149 142 124 145 187 119 101 137 181 190 178 153 108 119 139
  143 138 121 157 146 154 192 124 157 119 152 126 124 146 111 117 184 150
  142 130 117 141 179 183 192 110 166 171 140 150 153 161 182]
 [  0 146 190 178 162 118 131 199 185 169 127 174 168 179 150 137 182 158
  170 196 117 146 167 196 119 131 113 108 126 123 103 190 183 172 184 185
  152 170 166 177 119 196 139 158 125 116 160 170 178 200 158]
 [  0 108 130 105 171 149 162 194 190 111 104 200 124 193 130 140 194 122
  193 154 108 166 108 165 169 107 143 128 185 108 115 177 143 105 175 134
  126 112 169 197 191 123 200 180 159 191 180 144 182 179 111]
 [  0 170 190 132 131 151 131 189 113 199 198 133 129 123 162 119 133 104
  190 111 198 176 177 167 157 188 128 111 181 135 137 117 151 153 135 111
  131 181 129 124 135 178 195 188 103 158 141 128 177 142 146]
 [  0 185 131 142 192 170 115 182 119 162 197 198 167 149 115 175 191 131
  195 146 196 192 186 123 155 134 126 170 123 198 196 180 110 105 197 187
  198 146 105 137 150 109 118 168 161 100 109 147 125 172 192]
 [  0 159 163 175 171 182 180 118 182 132 126 186 123 148 153 139 173 125
  173 180 107 124 144 174 178 153 149 102 148 153 167 121 139 182 188 104
  117 169 116 181 159 137 108 150 173 199 138 162 190 190 136]
 [  0 159 194 187 124 186 111 112 179 162 118 117 103 164 122 164 158 120
  133 185 156 179 117 125 126 160 160 193 123 144 138 140 124 155 185 125
  186 189 181 174 135 156 116 195 186 142 149 182 161 150 114]
 [  0 102 180 116 158 128 167 104 153 156 193 109 137 112 102 108 155 172
  116 198 198 104 107 131 116 155 156 109 137 138 182 198 182 112 136 142
  145 116 134 167 188 188 191 130 125 127 148 115 128 119 109]
 [  0 168 152 108 121 190 120 147 192 104 114 168 174 167 159 176 108 158
  187 178 152 141 198 135 138 159 143 133 177 192 110 121 169 111 139 195
  117 108 116 120 130 200 187 176 176 158 187 196 181 123 132]]
job2fam
[[1 0 0 0 0 0 0 0 0 0 0 0 0 0 0 0 0 0 0 0 0 0 0 0 0 0 0 0 0 0 0 0 0 0 0 0
  0 0 0 0 0 0 0 0 0 0 0 0 0 0 0]
 [0 0 0 0 0 1 0 1 1 1 1 1 0 1 1 1 0 1 1 0 0 0 1 1 0 0 0 0 0 1 0 0 0 1 0 1
  1 0 1 0 0 0 1 0 1 0 1 0 0 0 0]
 [0 0 0 1 1 0 1 0 0 0 0 0 0 0 0 0 1 0 0 1 0 0 0 0 0 1 0 1 0 0 0 1 1 0 0 0
  0 0 0 1 1 0 0 1 0 1 0 1 0 0 1]
 [0 1 1 0 0 0 0 0 0 0 0 0 1 0 0 0 0 0 0 0 1 1 0 0 1 0 1 0 1 0 1 0 0 0 1 0
  0 1 0 0 0 1 0 0 0 0 0 0 1 1 0]]
unit_cost
[13 14 13 10 13 10 15 12 11  9]
pre_factor
0.5
