param: 
proc_time: (1, 100)
setup_rate: 1.0
setup_time: (30, 60)
delivery_time: (100, 200)

mach
10
job_rate
5
fam
5
setup_rate
1.0
proc_time
[[  0  72  28  52  78  10  94   4  61  67  66  79  33  69  17  42   5  86
    8  49  88  21  72  28  33  79  51  63  67  76  32 100  15  84  99  82
    1 100  96   6  59  17  62  26  85  59  19  83  91  34  58]
 [  0   2  38  83  58  42   2  16  12  93  34  87  61  63  71  48  14  56
   93  30  67  11  74  79  99  38   5  95  13  38  30  72  28  94  47  20
   11  29  15  79  27  64  83  21  59  81 100  33  55   3  39]
 [  0  93  23  63  52  17  80   8  32  88  32  81  77  49  50  91  91  38
   83  70  81  93  28  69  46  43  54   5  67  11  73  18  37  34  94  10
   69  41   8  12  29  74  21  43  91  87  88  31  32  11  80]
 [  0  36  97   2   1  44  20  51  88  26   9  78  67  69  57  12  28  12
   25   3  10  56  20  38  57   5  47  99  24  10 100  89  86  25  52  51
   46  91  29  57  35  60   9  11  83  42  63  81  57  44   8]
 [  0  88  27  58  87   9   3  35  71  22  72  41  10  96  94  62  74  29
   13  16  42  68  42  46  64  15  40  88  75  79  85  59  34  51  74  80
   89   9  82  67  62  39  87  25  17  39  82  26  38  33   5]
 [  0  48  50  76   4  58  67  94  88  25  96  39  72  15  59  70  85  12
   39  75  71  44  72  14  80 100  23  14   5  31  23  21  78  68  72  18
   74  22 100  28  15  30  71  17  64  45  77  90  96  82  67]
 [  0  11   6  28  68  41  68  73  33  79  80 100  45   3  32  31  36  26
   39  27  82  96  24  36   5  82  57  33  62  43  37  53  27  28  88  32
   29  84  34  77  93  12  69  68  40  43  17  24  44  76  10]
 [  0  53  91  38  60  98  32  69  70  27  72  28  66  56  45  70  20  75
   83 100  78  50  12  50  71  80  77  61  96  34  36  88   3  64   7  78
    7  17  66  34  26  41  91  31  78  87  57  52   5  60  14]
 [  0   5  83   5  12  65  25  87  29  70  17  62 100  63  30  77  46  39
   91  43  24  24  50  79  46  11  29  86 100  86  75  99  69  93  57  31
   61  10  59  43  63  21  30  81  81  27  42  82  80   4  74]
 [  0  32 100  91  43  33  60  54  59  60  57  55  74  69  80  59  26  75
   67  48  84  92  62  35  74  86  98  84  55  66  68  16  98  67  77  49
   35  80  63  79  38  54  28  94  44  48  55  77  77  62  12]]
setup_time
[[[ 0 40 49 32 32 55]
  [ 0  0 35 36 55 57]
  [ 0 40  0 56 31 56]
  [ 0 53 44  0 44 48]
  [ 0 40 58 58  0 49]
  [ 0 48 31 58 39  0]]

 [[ 0 51 60 36 60 44]
  [ 0  0 31 50 53 34]
  [ 0 45  0 34 39 32]
  [ 0 37 53  0 30 42]
  [ 0 44 54 40  0 56]
  [ 0 43 55 50 38  0]]

 [[ 0 40 50 33 44 38]
  [ 0  0 58 52 54 55]
  [ 0 39  0 53 56 45]
  [ 0 50 55  0 32 42]
  [ 0 48 40 31  0 53]
  [ 0 60 56 43 52  0]]

 [[ 0 53 45 56 56 47]
  [ 0  0 55 36 53 51]
  [ 0 39  0 51 55 57]
  [ 0 37 47  0 52 35]
  [ 0 50 33 51  0 41]
  [ 0 36 47 50 54  0]]

 [[ 0 35 31 36 31 47]
  [ 0  0 30 51 45 38]
  [ 0 51  0 47 56 35]
  [ 0 47 34  0 47 30]
  [ 0 45 52 34  0 43]
  [ 0 39 53 32 42  0]]

 [[ 0 45 44 32 39 39]
  [ 0  0 49 30 37 45]
  [ 0 31  0 56 55 52]
  [ 0 52 55  0 53 40]
  [ 0 48 51 30  0 58]
  [ 0 57 49 45 43  0]]

 [[ 0 60 42 58 36 55]
  [ 0  0 48 32 31 37]
  [ 0 37  0 30 58 59]
  [ 0 53 54  0 35 49]
  [ 0 49 59 53  0 32]
  [ 0 40 37 44 33  0]]

 [[ 0 58 34 48 58 55]
  [ 0  0 49 57 35 48]
  [ 0 56  0 31 51 41]
  [ 0 39 31  0 46 37]
  [ 0 55 52 31  0 46]
  [ 0 55 49 51 40  0]]

 [[ 0 42 38 59 50 51]
  [ 0  0 36 55 34 57]
  [ 0 45  0 49 54 39]
  [ 0 32 41  0 60 36]
  [ 0 33 57 36  0 32]
  [ 0 41 54 38 58  0]]

 [[ 0 50 30 54 46 39]
  [ 0  0 56 30 36 32]
  [ 0 39  0 60 43 52]
  [ 0 59 30  0 49 48]
  [ 0 38 56 40  0 43]
  [ 0 53 56 32 54  0]]]
delivery_time
[[  0 151 148 102 176 177 143 100 200 166 163 119 134 120 198 175 143 163
  174 173 199 113 173 172 190 135 150 124 171 189 107 165 125 118 148 122
  154 146 127 117 169 106 151 100 166 126 162 163 124 196 140]
 [  0 200 126 152 174 131 100 187 147 114 117 200 186 141 127 163 132 117
  148 143 100 138 196 163 183 108 198 127 178 118 119 171 169 159 157 183
  112 100 128 115 180 192 121 162 101 187 180 191 103 138 121]
 [  0 111 127 191 193 114 109 153 196 178 131 101 195 184 158 137 182 125
  110 182 100 148 123 169 123 167 186 116 129 111 128 200 112 103 148 121
  159 130 105 169 104 108 133 155 155 197 109 127 137 148 182]
 [  0 192 183 115 182 148 184 170 119 159 192 124 137 200 133 102 185 135
  177 148 192 112 139 165 111 104 144 178 156 163 125 113 110 154 124 150
  138 155 113 107 164 165 187 148 194 179 190 160 180 198 130]
 [  0 195 146 113 102 152 123 142 166 102 170 109 127 108 196 165 125 114
  138 165 179 135 144 191 200 184 118 171 112 184 151 121 130 123 187 106
  130 107 200 122 111 111 193 152 140 142 163 122 181 171 162]
 [  0 184 139 114 196 193 184 157 197 190 118 191 135 146 171 146 134 166
  145 144 180 155 144 185 126 113 143 133 157 171 198 138 103 197 156 144
  151 146 149 108 101 193 128 102 167 144 175 122 124 160 148]
 [  0 193 153 194 146 118 175 166 189 136 164 145 183 135 164 128 196 129
  174 192 145 111 168 180 136 157 149 112 192 155 176 146 125 160 130 132
  131 120 183 137 158 159 149 158 153 128 137 170 177 187 192]
 [  0 156 118 178 178 131 192 121 149 135 152 180 199 176 158 156 196 186
  148 121 139 197 116 142 183 100 147 119 140 158 196 133 104 185 136 172
  182 196 149 117 161 122 159 156 105 172 198 182 104 153 160]
 [  0 148 164 114 148 197 112 116 118 126 158 199 147 193 199 102 190 183
  143 142 130 171 197 118 192 156 145 103 100 183 177 165 185 127 158 134
  145 146 145 129 150 189 164 147 189 120 131 153 188 175 198]
 [  0 142 104 124 109 103 160 193 106 141 171 167 105 136 129 173 178 200
  164 110 155 173 153 139 111 125 158 147 160 101 163 188 126 131 115 162
  113 136 129 198 115 163 105 138 156 142 163 121 187 193 186]]
job2fam
[[1 0 0 0 0 0 0 0 0 0 0 0 0 0 0 0 0 0 0 0 0 0 0 0 0 0 0 0 0 0 0 0 0 0 0 0
  0 0 0 0 0 0 0 0 0 0 0 0 0 0 0]
 [0 1 1 0 1 1 0 0 0 1 0 0 0 1 0 0 1 0 0 0 0 1 0 0 0 0 0 0 1 0 0 0 0 0 0 0
  1 0 0 1 1 1 0 0 0 0 0 0 0 0 1]
 [0 0 0 0 0 0 1 0 0 0 0 0 1 0 0 0 0 0 0 0 1 0 0 0 1 0 0 0 0 0 0 0 0 0 1 0
  0 0 0 0 0 0 0 0 0 1 0 0 0 1 0]
 [0 0 0 0 0 0 0 1 0 0 0 1 0 0 0 1 0 0 0 1 0 0 1 0 0 0 0 0 0 0 0 0 0 0 0 1
  0 0 0 0 0 0 1 0 0 0 0 0 0 0 0]
 [0 0 0 1 0 0 0 0 1 0 1 0 0 0 0 0 0 1 1 0 0 0 0 1 0 0 1 1 0 1 1 1 0 0 0 0
  0 0 0 0 0 0 0 0 1 0 1 1 0 0 0]
 [0 0 0 0 0 0 0 0 0 0 0 0 0 0 1 0 0 0 0 0 0 0 0 0 0 1 0 0 0 0 0 0 1 1 0 0
  0 1 1 0 0 0 0 1 0 0 0 0 1 0 0]]
unit_cost
[10 12 15 14 11 13 10 14 13 13]
pre_factor
0.5
