param: 
proc_time: (1, 100)
setup_rate: 1.0
setup_time: (30, 60)
delivery_time: (1, 100)

mach
10
job_rate
5
fam
5
setup_rate
1.0
proc_time
[[  0  86   8  61  80  83  43  21  83  31  84   8  66  18  43  80  25  63
  100  35  86  65  74  51  77  97  72  55  17  24  67  68  61  12  12  26
   62  38  87  15   1  45  59  97  82  71  58  81  94  79  30]
 [  0  27  54  18 100  74  64   1  18  56  17  98  71  19   2  15  71  40
   80  54  99  65  35  57   3  87  58  80  94  84  49  93  63 100  23   5
   80  16 100  89  43  40  51  83  80  46   4  56  93  85  65]
 [  0  30  50  56  62  21  73  65  87  91  57  12  59  16  61  99 100  25
   94  72  85  50  28  69  65  53  91  93  39  23  46  79  84   3  42  75
   72  50  85  57  82  81  51  63  19  84  19  96  79  65  33]
 [  0  93  81  10  14  18  86  86  77  24  89  98  63  89  71  51  79  59
   96  17   2  43  54  49   1  94  95  10   6  23  75  28  42  48  92  20
   79  80  70  75   8  51  13  42  52  31  70  44 100  66  56]
 [  0  24  77  34  28  65  72   6  74   5  94  76  89  76  56  57  44  29
   98  92  28  10  66   7  97  19  54  34  27  36  56  52   3  69   8  25
   57  54  46   8  78  86  26  69  15  99  48  58  94  57  48]
 [  0  30  30  68  87  86   2  61  70  24  61  96  99  17  12  40  65  15
   52   9  56  91  67  35  55  19  42  41  74  39  72  95  47   6  99   2
   18  73  46  12  14  97  73  84  54  12   2  49  32  31  85]
 [  0  80   9   8  46  66  56  11  51  92  73  11  30  95  21  43   8  42
   46  96  41  15  11  37  83  31  69  44  17  24  71  99  10  29  14  30
    6  47  15   1  70  19  86   5  61  33  48  15  95  45  36]
 [  0  59  79  47  26  19  72  64  32  67  41  68  25  20  68  37  68  95
    2  58  80  72  11  39  40  96  85  68  80  21  77  74  59  78  69  42
   95  14  82  43  19  55  29   3  16  92  38  89  82  71  98]
 [  0  88  37  10  30  69  39  96  91  60  93  67  49  52  47  44  31  93
   13  18  10  61  12  75  31  37  98  58  76  80  17   2  35   4  67  72
   77  68  83  50  75  71  46  91  59  50   9  80  99   8  53]
 [  0  53  40  66  34  57  18  74  50  48  77  33  49   8  74  46  11  51
   18  43  19  42  53  40  50  96  84  51  39  66   5  31  59  12   7  95
   78  44  20  54  56  32  72  27  53  99  94  27  21  27  88]]
setup_time
[[[ 0 57 41 50 34 44]
  [ 0  0 47 42 39 38]
  [ 0 60  0 38 58 46]
  [ 0 37 43  0 55 59]
  [ 0 54 42 32  0 56]
  [ 0 49 59 51 53  0]]

 [[ 0 33 37 32 41 49]
  [ 0  0 49 60 44 51]
  [ 0 40  0 54 55 32]
  [ 0 39 60  0 35 57]
  [ 0 43 54 34  0 48]
  [ 0 35 30 34 57  0]]

 [[ 0 55 35 44 46 55]
  [ 0  0 31 31 44 45]
  [ 0 46  0 30 34 51]
  [ 0 32 52  0 41 36]
  [ 0 40 44 60  0 55]
  [ 0 41 38 33 45  0]]

 [[ 0 48 55 40 42 54]
  [ 0  0 54 48 48 30]
  [ 0 45  0 38 58 31]
  [ 0 47 54  0 48 57]
  [ 0 49 48 41  0 53]
  [ 0 55 37 47 34  0]]

 [[ 0 34 53 41 45 46]
  [ 0  0 60 44 45 51]
  [ 0 39  0 40 43 53]
  [ 0 45 31  0 36 51]
  [ 0 50 30 40  0 42]
  [ 0 53 39 55 60  0]]

 [[ 0 56 58 56 58 32]
  [ 0  0 43 42 48 56]
  [ 0 57  0 31 39 43]
  [ 0 46 60  0 36 59]
  [ 0 37 55 32  0 59]
  [ 0 39 56 45 55  0]]

 [[ 0 34 44 30 51 45]
  [ 0  0 38 37 50 58]
  [ 0 45  0 46 59 38]
  [ 0 38 58  0 39 34]
  [ 0 34 37 52  0 55]
  [ 0 47 48 47 37  0]]

 [[ 0 32 45 54 41 38]
  [ 0  0 46 53 45 31]
  [ 0 51  0 31 56 37]
  [ 0 47 46  0 45 42]
  [ 0 43 56 59  0 43]
  [ 0 37 30 40 30  0]]

 [[ 0 60 36 54 50 32]
  [ 0  0 44 35 48 51]
  [ 0 36  0 53 53 30]
  [ 0 49 42  0 54 56]
  [ 0 47 39 58  0 36]
  [ 0 48 58 37 50  0]]

 [[ 0 44 32 35 34 48]
  [ 0  0 47 49 45 43]
  [ 0 35  0 50 57 56]
  [ 0 35 53  0 56 49]
  [ 0 54 42 47  0 60]
  [ 0 39 48 46 42  0]]]
delivery_time
[[  0  44  96  95  35  12  20  23  62  34  60  95   7  87  64  82  35  56
   47  10   5  46  55  46  91  34  62  39   5  27  94  56  63  81  92  91
   36  44  18  29  17  31  23  26  33   8   7  98  19  84  77]
 [  0  11   9  61  99  88  21  24   1  70  88  23  95  60  57   5  43  60
   65  62  93  25  59  49   9  29   4  60  47  46  77  47  14  81  86  37
   55  94 100  52  86  82  66   8  60  45   6  23  67   4  47]
 [  0  56  27  37   7  95  27  71  67  65  84  86  43  78  38  37  30  37
   34  25  33  43  77  26  96  18  25  19  90  26  57  88  15  60  88  37
   11  60  77  65  81   7  64  40  79  62  40  77  34  56  38]
 [  0  30  66 100  62  73  60  88  57  66  60  36  68   4  17  98  70  80
   33  97  12  35  76  46  92  71  37  23  71  40  65  75  34   5  71  27
   47   8  13  12  36  20  42  27  78  58  89   6  57   6  47]
 [  0 100   1   9  25  45  75  32  92  16  83  44   9  77  25  41  92  86
   71  53  34  96  71  26  54   5  92  64  88  31  56 100   6  96  58  22
    9  87  28  50  27  17  71  98  26  62  92  28  39  47   6]
 [  0  53  24  24  20  19  10  91  57  80  37  12  57  83  22  82  33  29
   31  93  36   2  75  63  60  76  26   7  95  52   7  73  20  51  72  40
   11  25  67  84  18   5  80  28  77  54  60   8   9  40  35]
 [  0  95  74  58  83  94  93   6  99   2  80  96  72  71  74  90  90  66
   71  87   3  25  80  30  26  32   2  41  72  75  52  64  53   3  52  39
   81  29  31   8  66  34  30  95  54  51  97  66  45  59  57]
 [  0  26  86   9  59  75  38  84  42  48  75  62  52  39  93  75  99  39
   14  56  56  51  22  42  63  53   6  82  41  41  84  24  15  13  79  67
  100  97  31  17  42  19  41  56  21  76   8  55   8  15  33]
 [  0  99  93   3   5  15 100  31  71  13   3  43  79  15  54  73  70  50
    9  76  29  47  60  18  92  86  19  67  16   3  74  45  26  36  24  69
   83  72  33  63  57  11   6   4   2  68  40  70  83  32  66]
 [  0  49  13  97  42   4  76  89  85  78  64  70  63  19  28  40  27  77
   84  47  47  24  97  85  28  44   4  79  87  19  81  88  67  30  78  63
   45  42  92  10  71  63  80  15  23  32  22  19  91  60  43]]
job2fam
[[1 0 0 0 0 0 0 0 0 0 0 0 0 0 0 0 0 0 0 0 0 0 0 0 0 0 0 0 0 0 0 0 0 0 0 0
  0 0 0 0 0 0 0 0 0 0 0 0 0 0 0]
 [0 0 0 0 0 0 0 0 0 0 0 1 0 1 0 0 0 0 0 0 0 1 0 1 0 0 0 1 0 0 0 1 1 0 0 1
  0 0 0 1 0 0 0 0 0 1 0 1 1 0 0]
 [0 1 0 0 1 0 0 1 0 0 0 0 0 0 1 1 0 0 0 0 0 0 1 0 0 0 0 0 0 0 0 0 0 1 0 0
  0 0 1 0 0 1 0 0 0 0 0 0 0 0 0]
 [0 0 0 0 0 0 0 0 1 0 1 0 0 0 0 0 0 0 1 1 0 0 0 0 0 1 1 0 0 1 0 0 0 0 0 0
  0 0 0 0 1 0 1 0 1 0 0 0 0 0 0]
 [0 0 0 1 0 1 0 0 0 0 0 0 0 0 0 0 0 1 0 0 0 0 0 0 0 0 0 0 0 0 1 0 0 0 1 0
  1 1 0 0 0 0 0 0 0 0 0 0 0 1 1]
 [0 0 1 0 0 0 1 0 0 1 0 0 1 0 0 0 1 0 0 0 1 0 0 0 1 0 0 0 1 0 0 0 0 0 0 0
  0 0 0 0 0 0 0 1 0 0 1 0 0 0 0]]
unit_cost
[6 7 7 8 8 8 6 8 6 6]
pre_factor
0.5
