mach
2
job_rate
6
weight
[ 0  7  8  3  7  3  3  1  2  1  1  4 10]
proc_time
[[  0 150  53 119  83 115 100 118  66 140 106  81 108]
 [  0 144  87  73 111 103 110 125 124 150  88 144 131]]
setup_time
[[[0 5 3 2 1 5 4 5 1 1 5 3 2]
  [0 0 5 5 3 4 1 3 5 3 4 3 4]
  [0 2 0 5 2 3 0 2 5 1 4 5 2]
  [0 0 4 0 3 1 3 0 1 0 1 4 3]
  [0 3 4 4 0 4 4 2 4 2 4 1 0]
  [0 5 3 1 0 0 1 5 4 1 1 2 4]
  [0 4 1 5 1 1 0 0 0 5 4 3 1]
  [0 2 2 3 5 5 1 0 3 4 4 3 1]
  [0 1 3 5 4 4 2 5 0 3 1 5 5]
  [0 0 3 3 4 1 4 4 0 0 1 2 3]
  [0 1 0 1 0 4 4 1 2 1 0 0 1]
  [0 1 3 1 5 5 4 2 0 3 2 0 2]
  [0 5 1 2 2 4 2 3 2 4 0 2 0]]

 [[0 3 0 2 1 3 2 3 1 0 4 1 4]
  [0 0 0 4 4 3 1 4 0 4 1 1 5]
  [0 2 0 3 5 4 0 0 3 0 3 4 4]
  [0 0 4 0 5 5 3 4 3 0 0 1 0]
  [0 0 0 3 0 2 0 4 3 3 4 1 0]
  [0 3 4 2 2 0 2 1 4 1 1 5 4]
  [0 1 5 0 4 5 0 2 4 2 0 1 1]
  [0 5 2 4 0 4 2 0 5 0 1 0 5]
  [0 3 2 4 3 5 0 4 0 1 2 5 4]
  [0 5 2 3 3 4 4 3 5 0 2 4 3]
  [0 3 0 3 3 5 1 5 0 4 0 1 2]
  [0 3 1 5 0 1 4 5 2 0 2 0 5]
  [0 2 5 5 5 5 3 2 5 0 1 2 0]]]
release_time
[ 0 64 22 12 12 25  3  0 31 47  0  7 20]
due_date
[ 0 64 33 52 59 25 14 39 62 64  2 22 45]
unit_emission
[17  6]
emission_limit
13812.8
setup_severity
0.02
due_tight
0.9
due_range
1.0
release_tight
1
degree_constr
0.8
