param: 
proc_time: (1, 100)
setup_rate: 2.0
setup_time: (60, 120)
delivery_time: (1, 100)

mach
10
job_rate
5
fam
8
setup_rate
2.0
proc_time
[[  0  32  11  75  71   9  37  73  22  69   8   8  87  32  25  20  49  59
   14   8  30  75  84   3  67  41  35  51  64  21  73  72  61  99  41   2
   55  59  71  17  12   2  37  83  38  26  30  39  53   9  18]
 [  0  71  78   6  96  87  83  47  71  12  43  29  80  40  30  88  11  80
   94  40  80  97  17  82  88  31   3  26   4   1  67  77  78  20  18  50
   93  82   5  59  37  50   3  57  88  95  19   8  12  21  61]
 [  0  33  32  64  32  36  31 100  46  30  33  27  33   5  54  55  72   4
   98  79  82  41  13  13  85  19  97   4  52  86   1  46  72   1  52  60
   17  70  24  92  82   5  33  86   4  81  14  10  32  21  85]
 [  0  10  85  63  42  46  45  28  21  12  55  97  50  17 100  41  28 100
   84  19   4  30  51   9  87  92  15  78  86  51  87  27  85   4  32  75
   75  97  14  66  30   1 100  73  33  66   5  44  56  14  62]
 [  0  79  52   6  38  78  80  67   4  47  44  41  96  93  42  35  86  97
   91  80  30   5  69  86  95  86  90  68  88  75  72  98  10  43  33  72
   69  15   8  85  89   9  18  58  13  65  56  76  91  43  88]
 [  0  13  26  89  77  97  72  23  55  59  13  21  17  42  99  46  33  96
   92   3  41  40  91  97  36  24  80  53  75  95  22  60  52  33  87  80
   38  70   4  82  12  38  64  20  90  96  40   8  30   8  15]
 [  0  18  35  61  57  25  13  63  34  73  55  13  53  99  15  60  93  89
   29  13  47  20  51  94  17  18  42  70  33  88  39  17   2  41   4  44
   21  45  55  68  33  99  96  54  43  87  59  43 100   8  91]
 [  0  65  36  26  15  69  87   6  79  79  53  23  88  66  31  94  57  99
   61  51  77  69  23  28   6  78   4  96  25  28  53  97  78  14  78  97
   42  28  39  41  71  59  19  32  98  82  97   8  81  31  10]
 [  0  94  86  27  18  98  47  52  74  24  60  32  57  10  42   7  32  96
   64  85  89  83  73  93  23  41  68  93  50  73  59  33  19  60  30  32
    4  68  79  63  71  11  62  50  59  92  76  88  24  63   3]
 [  0   6  31  80  69  37  73  49  87  86   8  49  46 100   6  17   1  50
   19  21  10  80  31  30  89  89  51  96  74  99  94   3  57  92  76  51
   19  21   3  80  61  23  25  28   1  14  13  15  26  55  28]]
setup_time
[[[  0  63 115  97 106  81 105  97  86]
  [  0   0  83  97  76 119  96  72  86]
  [  0  79   0  92  84  89  74  88  66]
  [  0  81 114   0 109  89  82 102  64]
  [  0  71  67  63   0  76 100  86 113]
  [  0 117  80 107  78   0  79  94  75]
  [  0 110  96  82  84  83   0  82  66]
  [  0  99  82  79 107 105  73   0  75]
  [  0 102  68  75 108 112  85 119   0]]

 [[  0  89  93 112 113  96  80 120  75]
  [  0   0 110 112  60  72  63  96 111]
  [  0 101   0  62  89  62 107 104 116]
  [  0  73  86   0 119 114 116  61  99]
  [  0  76 106  80   0  76  70 106  65]
  [  0  63  68 111 117   0  96 104 104]
  [  0  95 103  77  69  67   0 113  82]
  [  0 116 101  70  97  85  74   0  95]
  [  0 115  73  90  69 116 117 104   0]]

 [[  0 109  95 109 118  70 120 101  80]
  [  0   0  73 119  67  97  94  82  85]
  [  0  71   0  66 111 111  68  91  84]
  [  0 109  92   0 105 110  82 107 100]
  [  0 118  91  76   0  87  97  98  74]
  [  0  81  74  83  96   0 118  98 102]
  [  0  73 114  78 115  67   0 106  84]
  [  0  83 113  96  95 107  74   0 108]
  [  0  64  95  84  85  66  71  77   0]]

 [[  0  72  78  86  78 118  86  74  67]
  [  0   0 116  98 104 101  91  89 120]
  [  0 103   0 110  80 117  93 110  80]
  [  0 109  66   0 111  78 100 109 110]
  [  0 119  78 105   0 117  65 114  81]
  [  0 117  67  96  76   0 108  72 117]
  [  0  62  92  89  78  92   0  77 112]
  [  0  67  60  82  62  91  79   0  99]
  [  0  64  90  82  87  71  69  89   0]]

 [[  0  90  65  94  75 115  71  95  74]
  [  0   0  82  76  97  74  83 110  91]
  [  0  75   0 109 105  95 109 108  65]
  [  0 120  71   0  97  85 106 107  76]
  [  0  86  99  96   0  73  93 106  66]
  [  0 106 109  61  75   0 109 120  62]
  [  0 101  87 106  94 107   0  94  80]
  [  0  73  93  96  92  94 100   0 117]
  [  0 109  65 113  61  78  92  99   0]]

 [[  0  79 103 106 103  95  78  93 107]
  [  0   0 113  98  93 113  81  83  80]
  [  0  95   0 106 120 112  87 111 100]
  [  0  71 105   0  89  91  65  60 119]
  [  0  75 116  79   0  70 104  99 107]
  [  0  99 108  86 100   0  95  79  90]
  [  0  74 114 108  62  84   0  98  98]
  [  0  82 108  83  85  75  81   0 118]
  [  0  73 104  67  84  94 100  62   0]]

 [[  0  90 109  90 116  61  72 111  68]
  [  0   0  78 101  69  88  78  79 110]
  [  0  87   0 116  75  71  79  79  79]
  [  0  80 107   0  60  75  74 111  90]
  [  0  84  70  92   0 105 116 106  68]
  [  0  77 118  98 101   0 107 113  71]
  [  0  95  88  74 114 119   0  82  63]
  [  0  94  64  83  79  88 116   0  63]
  [  0  67  87  94 103  86  71  69   0]]

 [[  0 119  78  95  81  99  77  98  99]
  [  0   0  96 100 111  80 102  94  77]
  [  0  60   0 117 119  73  69  80  60]
  [  0 109  93   0  64  98 117  73 104]
  [  0  96  65 108   0  66  65 120  79]
  [  0  66  93  68  83   0  97 103  75]
  [  0  80  92  72 103  76   0 113 108]
  [  0  66 113  81  96  75  91   0  63]
  [  0 100  78 108 113  61  73 102   0]]

 [[  0 113 103  79  86  81 112 101  82]
  [  0   0  77 104  85  88 119 109 112]
  [  0  82   0  91  61  92  99 102 102]
  [  0  95 114   0  89 115  70  84  66]
  [  0 103  70  93   0 109  63 109 113]
  [  0  71  91  62  78   0  64  71 113]
  [  0  90  76  63 117  61   0  71  77]
  [  0  99  93  79 104  61  86   0  87]
  [  0 108  94 113  92  95 116 102   0]]

 [[  0 120  81  60 117 102  93  89  90]
  [  0   0 106  80  80  75  63  90  94]
  [  0 103   0 119 100 106  88 110 116]
  [  0  95 110   0  72 111  71  71  67]
  [  0 100  99 109   0 105  61  85  67]
  [  0  81 120  85 101   0  93 111 108]
  [  0  96 102  99 113  62   0  78  74]
  [  0  99  76  83 119 103 118   0 109]
  [  0  64  98  98  60  64  64  88   0]]]
delivery_time
[[  0  97  22  25  77  24  10  91  70   2  51  89  17  15  93  11  35  36
   27  79  99  38  83  42   2  15  77  17  37  47   3  32  83  67  30   1
   58  18  60  92  49 100  68  96  80  84  71  16  99   6  55]
 [  0  54  16  67  35  49  93  35  92  77  40  56  68  96  60  84   4  72
   94  82  98  71  13  84  91  50  73  40  38  82  54  42  69  27  10  17
   54  15  80  68  55  58  85  79  93  98  43  26  72  66  54]
 [  0  61  82  82  73  78  19  77  59  78  52  80  65  91  65  83  93  13
   83  85  23  26  93   8  78  28  62  89  61  18   4  33  67  61  52  46
   63  25  85  69  10  76  72  62  42  10  43  12   7  90  75]
 [  0  96  88  84  13  26  79  14  97  28  81  31  92  17  47  28  46  69
   80  58  20  27  16  19  79  52  92  69  34  21  78  74   6  53  66   9
   25  64  98  31  78   3  97   6  46  66  70  58  65  25  89]
 [  0  91  36  37  91  32  90  61  50  77  49  66  56  37  59  69  26  43
   88  23  94  60  92  21  45  15  64  17  44  27  35  13  98  68  74  41
   10  60   1  10  69  40  35  66  42  10  31  79   9  83  74]
 [  0  44  60  30  67  30  40  58  56  25  84  96  46  33  68  85  88  41
   32  65  92  67  48   4   3  40  69   7  72  86  93  11  44  81  87   4
   26  50  40   7  62  78  21  86  82  93  33  91  36  45  34]
 [  0  97  32  99  36  36  56  48  98  58   6  95  60  70   5  84  18  62
   98  27  78  13  71  52  50  68  89  98  39  56  28  32  94  76  28   2
   36  74  77  72  83   3  65  19  15  97  60  45  42  89  62]
 [  0  43  81  65  21  25  14  83  66  89  80  46  88  83  37  38  52  40
   34  41   9  94   5   7  81  54  27  48  42  82  98  17  80  29  13   7
   35  38  90  85   3  25   9  10  26  96  78  58  22  47  42]
 [  0  97  81  34   9   8  86  21  65   2  15  40   1  94  22  16  95  86
   52  85  22  59  21  98  94  44  52  62  78  36  77   8  84  53  36  92
   74  16  21  80  60  27  86  24  28  97  49  20  49  24  71]
 [  0  83  43  73   6   7   6  20  65  45  20  65  13  36  61   7  96  68
    5  55  19   3  25   8  89  36  73  36  46  11  51  34  95  60  29  20
    8  76   5  59   9  40  16 100  87  73  36  82  43   4  79]]
job2fam
[[1 0 0 0 0 0 0 0 0 0 0 0 0 0 0 0 0 0 0 0 0 0 0 0 0 0 0 0 0 0 0 0 0 0 0 0
  0 0 0 0 0 0 0 0 0 0 0 0 0 0 0]
 [0 0 0 0 0 0 1 1 0 0 0 0 0 0 0 0 0 1 0 0 1 1 0 0 0 1 0 1 0 0 0 0 0 0 0 0
  0 0 0 0 0 0 1 0 0 0 0 0 0 0 0]
 [0 0 0 0 0 0 0 0 0 0 0 0 0 0 0 0 0 0 1 0 0 0 0 0 0 0 0 0 0 0 0 0 0 0 0 0
  0 1 0 0 0 0 0 0 0 0 0 0 0 0 1]
 [0 0 0 0 0 0 0 0 1 0 0 0 0 0 0 0 1 0 0 0 0 0 1 0 1 0 0 0 0 0 0 1 0 0 1 0
  0 0 1 0 0 0 0 0 1 0 1 0 0 0 0]
 [0 0 0 0 1 0 0 0 0 0 0 0 0 0 0 0 0 0 0 0 0 0 0 0 0 0 0 0 0 0 1 0 0 0 0 1
  0 0 0 0 0 0 0 1 0 1 0 0 0 0 0]
 [0 0 0 0 0 0 0 0 0 1 0 0 0 0 0 1 0 0 0 0 0 0 0 0 0 0 0 0 0 0 0 0 0 1 0 0
  0 0 0 0 0 0 0 0 0 0 0 1 0 0 0]
 [0 0 0 0 0 0 0 0 0 0 0 1 0 0 0 0 0 0 0 1 0 0 0 1 0 0 1 0 0 0 0 0 0 0 0 0
  0 0 0 1 0 1 0 0 0 0 0 0 1 1 0]
 [0 1 1 0 0 0 0 0 0 0 1 0 0 0 0 0 0 0 0 0 0 0 0 0 0 0 0 0 0 1 0 0 1 0 0 0
  1 0 0 0 1 0 0 0 0 0 0 0 0 0 0]
 [0 0 0 1 0 1 0 0 0 0 0 0 1 1 1 0 0 0 0 0 0 0 0 0 0 0 0 0 1 0 0 0 0 0 0 0
  0 0 0 0 0 0 0 0 0 0 0 0 0 0 0]]
unit_cost
[8 8 8 8 9 5 8 8 7 7]
pre_factor
0.5
