mach
2
job_rate
6
weight
[ 0  9  9  4  1  4  3  2  7 10  4  6  8]
proc_time
[[  0  82 121 144 138  82 125  80 146  56 137  68  70]
 [  0  67  61 112 141  69 149  70  70 115  56 116 145]]
setup_time
[[[  0  57 138   9 254 338 278 226 287  58  99 235 121]
  [  0   0 132   1 286  26  79 356 145  86 369  78 363]
  [  0  55   0  58 331 121 350 361 368 276 380 193 185]
  [  0 398 179   0  46 158 300 300 227 367 376 352  35]
  [  0 146 156  37   0 130 401 282 202  71 335  97 171]
  [  0 373 117  17 294   0 271  86 295 325 260 315 117]
  [  0 166  40  22 362 371   0   7  57   7  75  51 402]
  [  0 206  58 188  17  59 397   0 296 264 118  93 292]
  [  0 265 121 357 114 118 373  69   0 373 321 111 111]
  [  0 233 199 375 399 373   3 263 352   0   8 178 359]
  [  0 353 343 143  74 338 141 110  30 382   0 278 195]
  [  0 222 176  95 309  16 102 303  24 237 324   0 321]
  [  0 269 280  64 190 181  51  35  60 363 238 386   0]]

 [[  0 208 203 301 201 151  83 123 119 259 274  57 192]
  [  0   0 359 324   9 310  11  19 245 394  48 277 194]
  [  0 106   0 334 272 285 122 249 146  55 366  10 259]
  [  0 120 315   0 347 123 380 401 223 399 220 314 126]
  [  0 362  44 269   0 238 122  26 245 365 344 194 277]
  [  0 120 302 383 193   0 112 235  24 395 107 345 189]
  [  0  58  95 200 128 277   0 189 321 216  37   6 289]
  [  0 182 252 372 327  68 307   0 165  99  39 207 164]
  [  0 327 388  32 380 214 330 120   0  10 333  15 194]
  [  0 204 381 107 355 351 148 219 271   0 222 336  74]
  [  0 235  95 169 225 354 220 402 218  54   0 123 157]
  [  0 224 359 384 168 369 337 344 228 280 309   0 121]
  [  0 273 217 265 397   5 135 198 235 327 171 237   0]]]
release_time
[  0 737 763 707 628 634 729 637 718 777 810 823 545]
due_date
[  0 772 769 798 651 676 795 646 810 829 826 826 589]
unit_emission
[7 9]
emission_limit
7671.0
setup_severity
2.0
due_tight
0.3
due_range
0.25
release_tight
1
degree_constr
0.5
