mach
2
job_rate
6
weight
[ 0  8 10  9  5  9  5  3  6  7  2  6  1]
proc_time
[[  0 149 110 126 117 112 112  63  53 111 100 118  84]
 [  0  70  98  79 147 126  52 127  93  59  56  77 101]]
setup_time
[[[  0  87 106 328 338 264 221 105   7 331 336 108 293]
  [  0   0 200 151 192 223   0  37 353 274 285 383  62]
  [  0 215   0 367  81  48   6 283 261 181  62 390 131]
  [  0 231 284   0  10  82 217 217 256 188 358 163  23]
  [  0 383 122  97   0 277 331 105 239 243 169 351 287]
  [  0  41 118 182 147   0  54 374  47  36  61 300  75]
  [  0  28 292  86 324 149   0 129  93 149 243 117 122]
  [  0  12  61 283 278  73 243   0 175 254 140 290 322]
  [  0 161 170 129  95  28 194 353   0 330  72 121  88]
  [  0 117 347  34  33  48  69 107 242   0 135 231 312]
  [  0 341 371 300 195 380 335 152  39 367   0 210 388]
  [  0 122 380  11 348 365 155  92  65 244 193   0 321]
  [  0 300 147 321  67 210  37 250 103 382   0 167   0]]

 [[  0 223 155 143 368  59 201 225 159 356 291 203 301]
  [  0   0 151 136  74 143  40 376 170 295 327  25 119]
  [  0 301   0 263 342 309 361  35 260 115 343 155  88]
  [  0 202 378   0  93  75 221  91 265 101 243  99 363]
  [  0  67  68   3   0 336 186 220 316 332 107 207  43]
  [  0 291 332 310 179   0 349 165 146 213  31 205  29]
  [  0  14 316 275 165 181   0   8 212 232  17 316  12]
  [  0 277  98 259 300 184 181   0 239 166 340   0 177]
  [  0 232 298 252 308 223 301 233   0 277 308  40 294]
  [  0 262 249 279 107 159  51 114 229   0 232 149  68]
  [  0 331 111  71 119 300 145  34  11  33   0 135  53]
  [  0 331 329 193 233 328 163 195  80 220 107   0 236]
  [  0 183 197  81 285  61  32 325  55 335  32 259   0]]]
release_time
[  0 294 281 508 452 148 245  63 530 310 535 455 449]
due_date
[  0 673 636 798 794 745 579 564 741 654 631 586 797]
unit_emission
[18 19]
emission_limit
17051.0
setup_severity
2.0
due_tight
0.3
due_range
0.25
release_tight
10
degree_constr
0.2
