mach
2
job_rate
6
weight
[ 0 10  6  2  9  9  6  1  6  6  4  3  9]
proc_time
[[  0  93 108 122 133 122 120 148 119  50 146  78 110]
 [  0  96 144  95 131  59 135 111  55 107  65 103  80]]
setup_time
[[[  0 247 393 409  65 150   2 415 244  74 104 101 378]
  [  0   0  66 300  76   8 387 171  72 376 220 136 341]
  [  0   1   0 139 362 328 181 244 130 149 315 235  87]
  [  0 181 406   0  21 314 219 240 421 137  91  40 422]
  [  0 187 230   7   0  40 297 226 252  80  16   0  18]
  [  0 239  73 133 199   0  87  60 114 130 351   6 305]
  [  0 145  80 175 256 173   0 239  33 238 378  81 219]
  [  0 161 388 183 111 100 265   0 379 321  79 386 134]
  [  0  65  24  24 253 411  80 130   0 324 361 370 119]
  [  0 340 380 191  86 414 229 387 277   0 328 122 381]
  [  0 149 372   8 106 416 152  48 285 399   0 411  96]
  [  0 313 231  71 103 206 180 207 125 376 324   0 310]
  [  0  32 309 204 147 419 200 397 310 223 373 341   0]]

 [[  0 310   7 254 269  12 126 384 386  49 416 216 296]
  [  0   0 147 158 189 388 121 357 153 287 270 104  36]
  [  0  84   0 311  84 227 256 147 412 110 170 183 256]
  [  0  21  24   0 267 206  77 345  20 223  84 333 225]
  [  0  59 269 346   0 394 321  13 324 247 247  82  58]
  [  0 236 385 117 316   0 359 212  84  61  20 330 389]
  [  0 349  79  60 155 400   0 234 316 106 337 297  41]
  [  0   2 305 150   6 242 326   0 153 221  34 326  28]
  [  0 210  25 311 239 121 223 108   0 196 335 297   8]
  [  0 346 331 301 303 258 326 220 309   0  93  98 278]
  [  0 397 323 211 327 349  96 297 391  61   0 411 248]
  [  0 364 388 352 316 420 191 379 173 338 224   0 312]
  [  0 241 302 283 367  39  33 341  19  15  47 325   0]]]
release_time
[  0 709 583 791 728 768 559 633 852 826 629 792 623]
due_date
[  0 801 668 849 749 840 627 746 859 851 720 794 678]
unit_emission
[ 6 20]
emission_limit
13310.0
setup_severity
2.0
due_tight
0.3
due_range
0.25
release_tight
1
degree_constr
0.8
