param: 
proc_time: (1, 100)
setup_rate: 1.0
setup_time: (30, 60)
delivery_time: (100, 200)

mach
10
job_rate
8
fam
5
setup_rate
1.0
proc_time
[[  0  82  76  30  67  32  86  10  99  29  68   9  28  24  81  42  42  29
   72  47  27  22  61   7  25  95  50  24  73   7  72  50   6   6  68  68
   88  65  25  25  20 100  72  19  38  43  88  85  42  99  28  60  80  60
   14  90  73  91  99   7  51  84  62  84  20   2  61  20  30  43  15  66
   84  91  53  62  52   3  36  72  63]
 [  0  79  42  88  63  53  70  45  88  62  67  34  58  27   6  55  97  52
    1  79  37  40 100  73  36  91  54  15  96 100   9  19  24  50  90  53
   15  79  53   4  15  81  16  44  38  34  49  35  26  17   4  21  22  81
   13  12   2  60   7  48   6  42  43  90  38  12  67  83  46  44  40  74
   48  42  37  83  98  89  80  23   1]
 [  0 100 100  79  83  23  74  52  93  15   2  22   4   2  22  11  88  98
   46  95  21  19  15  39  99  31  89  79  41  50  18  21  22  58  75  78
   77  77  63   8  20  32   2  21  74  97  98  77  92  93  96  43  31  57
   85  22  61  87   1  76  24  26  49  56  65  53  59  18  59  94   2  63
   34  98  53  84  91  86  50  57  67]
 [  0  97  27   6   7  91  81  97  74  97  68  65  84  74  78  66  69  33
   57  99  98  57   2  47  86  91  95   3 100  97  69  36  86  62  38  55
    8  17  78  25  40  40  10  65  46  74  87  74   3  30 100  56  40  16
   39  88  35  82  99  54  64  16  34  69  77  42  91  89  64  97  22  15
   63  50  20  57   7  47  31  99  86]
 [  0  40  78  20  81  98  35  39  52  90  93  40  17  35  14   3  93  79
   86  65  42  10  77  43  50  85  59  52  48  36  63  14  95  40  41  84
    7  16  25  75   1   2  99  43  99  36  62  38  66   3  14  70  45   6
   11  29  86  38  88   1  86  14  16  69  29  62  95  58  31   5  62  87
    2  95  20  95  59   1  81  98  88]
 [  0  98  25  29  92  25  56  59  35  98  73  77  53  49  73 100  13  94
   46  81  58  27  44  44  54  87  94  51 100   9  82  27  47   9   3  91
   53  66  38  96   8  30  49  64  32  17   2  34  63  73  18  39   1  80
   31  43  32  87  59  55  20  86  46  40  95  50  66  82  31  84   3  66
    6  21  32  25   6  45  84  16  73]
 [  0  64  68  81  99  25  95  20  16  78  89  54  99  24  52  92   5  67
   14  65  34  93  64   4   9  19  35  78  27  61 100  70   5  59  39  10
   64  56   5  74   8  50  49  13   3   9  21  25  14  72  60  39  71  34
   28  80   3  89  76  98  52  93  24  44  33   7  76  58  21  36  42  59
   98  68  49  75  75  83  68  71  18]
 [  0  19  96  44  21  31  98  92  13  47  55  63  80  39  64  38  66  66
   41  76  73  92  65   2  58  35  20   5  11  27  65  23  66  34  73  39
   68  25   3  43  34  86  10  42  59  62  38  54  33  70  67  68  70  99
   74  84  47  45  29  11  10  76  96  22  41  97   3  98  18  29  28  90
   73   2  31  33  60  16  32  71   1]
 [  0  17  11  80  49  74  93  55  60  73  76  25  56  73  45  68   7  37
   38  43  33  49  67  67  15  53  25  70  27   8  62  79 100  33  96  74
   69  84  88   1  82  89  17  38  34  71  47  61   2  53  42  29  20  16
    6  15  67  52  11  45  49  10  72  26  39  58  79  55  57  66  54   1
   48  55  26  63  68  78  41  33  83]
 [  0  48  50  83  33  54  72   5  81  17   4  15  47  48   8  38  86  65
   92  37  91  65  69  86   1  32  54   6  34  10  54  33  31 100  97  42
   50  63  73  77  92  49  79  31  21  23  45  14  43  78  76  52  11  96
   72  58  97  24  24  86  35  61  99  23  16  57  99  48  90  32  28  43
   18   5  71  94  43  11  14  87  81]]
setup_time
[[[ 0 41 45 36 33 41]
  [ 0  0 39 42 32 33]
  [ 0 36  0 59 37 56]
  [ 0 44 53  0 45 52]
  [ 0 37 55 55  0 32]
  [ 0 31 57 36 57  0]]

 [[ 0 30 54 38 47 40]
  [ 0  0 38 56 47 48]
  [ 0 57  0 33 41 58]
  [ 0 53 34  0 50 37]
  [ 0 47 49 45  0 53]
  [ 0 59 52 49 60  0]]

 [[ 0 51 52 49 52 30]
  [ 0  0 47 36 37 36]
  [ 0 37  0 49 56 39]
  [ 0 54 51  0 47 52]
  [ 0 49 43 45  0 30]
  [ 0 34 59 55 47  0]]

 [[ 0 33 32 44 32 39]
  [ 0  0 43 59 53 30]
  [ 0 35  0 57 45 39]
  [ 0 32 37  0 40 38]
  [ 0 60 38 58  0 56]
  [ 0 45 44 43 50  0]]

 [[ 0 42 53 54 34 39]
  [ 0  0 40 47 44 59]
  [ 0 32  0 31 47 34]
  [ 0 36 42  0 37 46]
  [ 0 37 38 38  0 55]
  [ 0 52 56 52 45  0]]

 [[ 0 56 60 58 57 33]
  [ 0  0 40 56 43 56]
  [ 0 36  0 36 36 46]
  [ 0 39 50  0 44 47]
  [ 0 45 38 49  0 45]
  [ 0 49 55 56 53  0]]

 [[ 0 48 45 59 44 56]
  [ 0  0 50 32 45 47]
  [ 0 51  0 33 34 36]
  [ 0 58 54  0 47 38]
  [ 0 53 42 36  0 51]
  [ 0 58 31 49 39  0]]

 [[ 0 37 53 43 52 51]
  [ 0  0 49 38 38 52]
  [ 0 49  0 59 59 57]
  [ 0 31 52  0 42 37]
  [ 0 58 55 31  0 35]
  [ 0 60 37 53 59  0]]

 [[ 0 59 51 42 38 55]
  [ 0  0 48 40 50 48]
  [ 0 56  0 56 50 31]
  [ 0 39 48  0 35 49]
  [ 0 30 53 49  0 58]
  [ 0 36 31 33 57  0]]

 [[ 0 39 34 59 38 57]
  [ 0  0 47 40 52 36]
  [ 0 56  0 36 55 45]
  [ 0 58 49  0 51 57]
  [ 0 41 59 52  0 44]
  [ 0 46 57 59 30  0]]]
delivery_time
[[  0 168 152 185 140 155 184 170 200 112 129 157 156 157 104 150 136 137
  175 197 148 150 189 108 186 136 176 129 158 113 110 173 126 199 161 193
  152 162 193 169 199 166 127 169 159 163 192 148 126 139 148 157 144 136
  188 138 190 143 120 188 112 120 124 130 171 173 173 158 108 133 149 167
  117 128 114 136 185 162 158 106 198]
 [  0 145 101 127 145 131 123 193 200 183 199 169 112 186 183 104 119 103
  149 190 126 121 200 189 166 129 168 136 109 140 142 116 190 184 119 197
  151 111 134 194 125 111 114 142 171 194 103 145 126 160 108 114 185 129
  158 128 136 115 150 182 107 190 152 119 150 153 128 123 126 157 173 165
  126 136 189 169 159 112 104 137 116]
 [  0 109 175 156 134 116 193 168 164 176 100 189 148 187 103 124 135 128
  130 112 138 189 195 115 187 193 138 125 157 148 122 169 167 150 196 177
  117 124 117 109 126 136 145 168 135 198 147 165 156 174 155 183 196 195
  107 116 175 124 126 145 133 114 143 199 185 130 102 108 118 195 169 175
  191 118 135 162 186 153 137 127 116]
 [  0 182 138 110 109 123 185 184 105 123 156 143 130 173 182 111 124 144
  176 119 149 157 185 124 174 125 153 131 123 175 175 175 118 164 141 104
  170 137 125 152 192 143 136 176 193 199 161 111 178 105 195 112 143 152
  177 143 158 171 196 121 131 136 133 112 102 170 162 195 114 157 118 175
  185 132 197 197 157 170 190 193 114]
 [  0 118 195 157 198 155 160 189 156 152 119 175 169 119 130 144 170 116
  125 162 189 156 125 182 109 107 133 176 128 180 127 198 111 151 146 129
  101 140 144 114 126 179 176 175 193 137 127 124 172 177 190 195 179 106
  131 159 102 162 123 152 148 113 198 119 148 112 123 150 175 117 188 153
  196 176 103 109 187 141 176 111 146]
 [  0 163 188 185 130 133 100 128 196 192 158 165 153 128 176 129 162 197
  108 126 170 174 148 133 108 150 133 166 107 111 130 128 150 166 156 194
  177 185 191 133 110 182 180 183 136 193 135 153 186 151 127 113 136 193
  134 194 165 121 185 102 162 193 147 142 102 110 138 180 148 160 159 185
  186 185 146 142 189 155 168 163 126]
 [  0 147 159 135 121 147 194 168 183 197 152 113 198 153 164 133 148 115
  143 187 155 198 115 154 107 119 117 160 150 183 136 136 182 154 142 140
  133 114 132 167 112 129 101 168 186 146 158 148 127 146 106 150 172 115
  189 113 129 148 134 171 115 152 143 130 128 115 191 156 164 200 198 194
  157 116 122 146 139 114 105 167 200]
 [  0 132 113 193 156 144 159 183 101 193 111 186 163 160 135 191 145 151
  133 139 110 138 200 139 102 189 144 158 119 143 167 166 173 136 116 141
  170 159 142 195 152 101 184 119 181 136 130 110 164 145 120 182 116 116
  165 141 183 122 200 159 124 198 159 119 100 161 146 119 137 171 135 100
  172 133 141 122 110 148 153 110 184]
 [  0 106 143 154 191 108 146 133 180 158 189 158 154 109 121 117 190 187
  181 108 145 137 142 102 105 117 162 148 134 150 169 155 109 190 190 190
  179 194 136 197 142 178 195 108 122 163 194 113 121 176 153 192 190 150
  171 187 192 110 100 118 154 176 114 109 119 136 173 178 154 113 147 173
  193 198 193 120 129 160 189 138 153]
 [  0 148 141 122 114 200 160 158 198 129 112 114 121 161 113 150 103 185
  159 155 188 153 151 187 141 141 175 127 107 115 102 131 172 198 182 150
  172 185 124 177 167 133 133 165 120 113 151 142 109 189 118 120 143 121
  102 113 129 192 184 173 176 100 109 104 100 102 178 185 200 193 180 195
  186 180 124 198 161 175 100 120 159]]
job2fam
[[1 0 0 0 0 0 0 0 0 0 0 0 0 0 0 0 0 0 0 0 0 0 0 0 0 0 0 0 0 0 0 0 0 0 0 0
  0 0 0 0 0 0 0 0 0 0 0 0 0 0 0 0 0 0 0 0 0 0 0 0 0 0 0 0 0 0 0 0 0 0 0 0
  0 0 0 0 0 0 0 0 0]
 [0 0 0 0 0 0 0 0 0 0 0 1 0 0 0 1 0 0 1 0 0 1 0 0 0 0 0 0 0 0 0 0 0 0 0 1
  0 1 0 0 0 0 0 0 0 0 0 1 0 1 0 1 0 0 0 0 0 1 1 0 0 0 0 0 0 1 0 1 1 0 0 1
  1 0 0 0 0 0 0 0 0]
 [0 1 0 0 1 0 1 0 0 1 1 0 0 1 0 0 0 0 0 0 0 0 1 0 0 1 0 0 1 0 0 0 0 0 1 0
  0 0 0 0 0 1 0 1 1 0 1 0 0 0 0 0 0 0 0 1 1 0 0 1 1 0 0 0 0 0 0 0 0 0 0 0
  0 0 0 1 1 0 1 0 1]
 [0 0 0 0 0 1 0 0 0 0 0 0 0 0 0 0 1 1 0 1 1 0 0 0 0 0 0 0 0 1 0 1 1 0 0 0
  0 0 0 0 0 0 0 0 0 0 0 0 0 0 1 0 0 0 1 0 0 0 0 0 0 0 0 1 0 0 0 0 0 1 0 0
  0 0 1 0 0 0 0 0 0]
 [0 0 0 0 0 0 0 1 1 0 0 0 1 0 1 0 0 0 0 0 0 0 0 1 1 0 0 1 0 0 1 0 0 1 0 0
  0 0 1 0 0 0 1 0 0 0 0 0 1 0 0 0 1 0 0 0 0 0 0 0 0 0 1 0 1 0 1 0 0 0 0 0
  0 1 0 0 0 1 0 1 0]
 [0 0 1 1 0 0 0 0 0 0 0 0 0 0 0 0 0 0 0 0 0 0 0 0 0 0 1 0 0 0 0 0 0 0 0 0
  1 0 0 1 1 0 0 0 0 1 0 0 0 0 0 0 0 1 0 0 0 0 0 0 0 1 0 0 0 0 0 0 0 0 1 0
  0 0 0 0 0 0 0 0 0]]
unit_cost
[18 23 17 21 19 16 21 22 19 15]
pre_factor
0.5
