param: 
proc_time: (1, 100)
setup_rate: 2.0
setup_time: (60, 120)
delivery_time: (1, 30)

mach
10
job_rate
8
fam
5
setup_rate
2.0
proc_time
[[  0  87  65  78  69   1  92  43  65   1  18  58   8  45  84  60  36  33
   25  61  82   8  53  90  77  47  64  71   8  33  98  15  37  17  60   9
    2  18  34  59  12  92  90  96  65  60  42   4  69  50  72  77   8  79
   88  22  57  56  69  72  27  74   9  69  61  66  10  12  67  68  49  17
   89  48  91  56  30  41  90  65   2]
 [  0  40   1  39  25  84   9  27  22  10  25   5  83  12  47  87  60  14
   42  57  92  93  13  16  93  67  83  65   9  85  51  84   7  70   9  64
   79  73  13  60 100  85  89  53  58  38  21   6  95  62  88  76  67  60
   50  51  39  99  61  69   5  66  47   6  13 100  96  23  53   9  23  85
   89  34  73  83  27   6   5  70   5]
 [  0  28  55  88  78  74  36   5  66  31  81  21  96  34  93  84  33  73
   22  28  47  36  42  96  38  67  52  66  27  60  88  88  52  54  32  93
   75  86  89   3  51  83  63  49  47  88  29  99   5  57  49  92  17  40
   58  81  46  78  98  91  99  60  73  68  46  98  39   2  85  69  98  63
   83  79  19   7  50  23  85  90  50]
 [  0  81  52  75  73  41   2  80   5  59  56  30  79  62  61  65  51  82
   79  74  50  50  60  80  56  73 100  96  95  13  44  74  50  41  95  32
   62  44  34  56   6  23  96  38  20   2  36  28  69  16  90  16  35  85
   35  74  59  15   4  60  85   7  38  12  50  44  90  75  25  22  20   7
   90  19  50  39  52  61  22  10  53]
 [  0  22  51  34   9  82  36   6   5  95   8  89  79  18  56  30  52  34
   61   8  19  35  16  80  36  64  86  82  75  30  33   5  55  25  98  71
   25  51  97  17  93  96  72  61  41  30  99   9  58  31  92  14  59  33
   16   3  75  55   1  75  39  42  47  97  90  91  98  44  36  25  88  63
   91   2  67  72  59 100  49  75  42]
 [  0  92  54  12  67  41  51  85  69  47  12 100  79  30  99   7  32  77
    4  33  37  74  99   4  15  23  31  97  41  13  33  25  43   2  87  33
   23   5  77   2  54  39  17  25  97  62  93   8   2  95  90  15  10  86
   34  77  95  51  61  62   3  86  16  59  94  53  28  40  43  57  98  89
   98  37   2  14  83  10  79  79  38]
 [  0  36  54  49  12  91  59  32  42  15  40   8  78  30  15  33  60  37
    1  19  89  70  70   5  80  40   8  63  13  64   9  61  19  36  49  20
   14  91  43  57  34   8   7  65  67   9  99  22  88  15  48  14  14  16
   13  28  21  33  27  73   1  99  91  93  58  40  79  79  23   7  99  63
   79  33  97  30   1  55  47   8  78]
 [  0  56   1  41  44  35  64  53  51   2  77  83  56  92  39  40  39  47
   40   9  30  14  70   2  89  87  84  96  75  18  59  47  44  62   9   5
   88  53  61   5  92   2  91  59  87  13   2  95  13  77  22   8  91  20
    2  49  25  66  55  78  85  52  16  42  85  16  91  86  90  46  86  57
   95  11  41  19   4  70  17  11  53]
 [  0  89  24  17  35  28  77  91  23  14  27  28  63  67  91  29  13  34
   96  66  21   2  54  69  41  12  15  18  61   4  79  87   4   3  96  69
   64  91  89  82  25  27  72  77  61  13  73  35  15   9  53  91  31  97
   68  93  44  28  73  72  59  38  62  59  94  27  60  86  18  21  26  15
   59  82  86  73  99  56  47   6  34]
 [  0  39  39  86  33   5  26  32  24  87  50  21  48  91  58  65  65  51
   17  30  81  65  92  58   6  76  43  18  14  93  52  53  27  96  65  70
   43  17  93  80  13  75  45  24   6  80  95  30  46  91  89  21  77  57
   34  30  58  92  80  95  20  12  70  72  73  54  74  44  82  86   8  86
   32  46  35  23   3  41  66  97  23]]
setup_time
[[[  0 117  79  94  62  84]
  [  0   0  86 101  92  89]
  [  0  87   0 115  71 104]
  [  0 107  88   0  84  65]
  [  0  66 108 109   0 103]
  [  0  65 105  72  70   0]]

 [[  0  94 112  86  99 114]
  [  0   0  91  72  60  98]
  [  0  83   0 112  69  81]
  [  0  83  82   0  70  81]
  [  0  74  91  83   0 103]
  [  0  86  80  91  75   0]]

 [[  0  68 113  71  82  75]
  [  0   0  93 119  80  84]
  [  0 113   0 115 110  83]
  [  0 111 109   0 102  79]
  [  0  92 117 119   0  82]
  [  0  85  70  60  70   0]]

 [[  0  94 103  79  66  90]
  [  0   0  68  70  81 105]
  [  0 115   0 101  63 109]
  [  0  86 115   0 115 100]
  [  0  92  78  88   0 106]
  [  0  86 111  65  99   0]]

 [[  0 106  95  63  95  80]
  [  0   0  92  77  80  72]
  [  0  67   0 101 102  72]
  [  0  63 100   0  70  61]
  [  0 115  79 104   0  91]
  [  0 117 108 100 112   0]]

 [[  0 100 115  72  80  66]
  [  0   0  91  64 113  97]
  [  0  80   0  92 113 108]
  [  0  77 119   0  76  96]
  [  0  89  94 113   0  70]
  [  0 110 118 114  74   0]]

 [[  0  97 117  87 108 119]
  [  0   0  71 112  81  86]
  [  0  99   0  78 120 110]
  [  0 104  69   0 100  68]
  [  0 112  95  84   0  99]
  [  0  76  60  66  68   0]]

 [[  0 120  95 107  93  88]
  [  0   0 101  86 108 108]
  [  0  75   0 103 106 116]
  [  0 112  81   0  68 118]
  [  0 111  81  71   0 102]
  [  0  95 118 102  71   0]]

 [[  0  78 114  72 117  68]
  [  0   0  60 106 104  92]
  [  0  81   0  77  79  87]
  [  0  66  94   0 105  75]
  [  0  83  82  74   0  82]
  [  0  93  99 104  79   0]]

 [[  0 108  69  87  83 112]
  [  0   0 120 119  75  73]
  [  0  77   0  79  94 110]
  [  0  90  83   0 107  91]
  [  0  78 104  89   0  92]
  [  0  75  82  86 116   0]]]
delivery_time
[[ 0 18 24  2 17 22  7  9  9 28 23  6  8 24  9 25 10 29  9 26 19 29 28 21
  18 19 20 27 22 19  1  9 12 26 10  1  1  3 20 22 29 21 20 28 30 15 22 26
  22  4 11 30 21 23  1 29 24 30  5 15 22 22 15 16 24 30 24 29 11 11 14 10
  23 18 22 27  7 10 15  9  6]
 [ 0 25  6 16  6 20  7 29  7 28 12 18  1 20 13  6  9 29 22  2 21 15 23  9
  13 28 30 19  9  8  1  2 10  7 11 24 24  9 27 15 20  8 18 14 23 10 21 25
  29 20  9  3  6 15 10 29 21  8 18 23 27  3 25  9 30 25 23  5 10 23 28 14
  14 29 17 25  9 19 18 12 15]
 [ 0 24 23  8  5 18  1 26 14  5 10 19 21  5 28 14  1 17 21 19 14 28 24 27
  15 11 20 26 25 26 22 17 24  8  7 16  1 10  9  4 22 27 15 22  5 21 21 10
  29 13 21 18 21 22 23  8 18 13  8 12  4 29 19 15 24 19 27  3  3 25 26 12
   5 23  8 30  7 17  1 28 23]
 [ 0 11 20  1 29  2 25 14 19  8 24 29 14  9 23  4 13 20  5 23 16 13 22 25
   6 28  8 30 13  4 29 19 10 10 12  4 13 16  6  5 29 30 12 29 24 10  5 29
   3 11  7 17 20  1 21 26 20 28 28  7 14 21  9 18 13  3  4  1 15  3 10 24
   6 28  6 23  8 24  6 25 19]
 [ 0 25 14  4  4 10 24 11 18 16  6  1 30 29 24 29 11 17 14  8 14  9 14 17
   9  8  8  8 23  1 20 17  6 10  8 30 17  6  1 18  4 24  8  7 21 21 25 11
   8  7 28 24 19 16 15 25 27 22 19 12 19 16  6  8  9 30 15 21 18 29 11 26
  21 28  8 25 19 15 17  6 18]
 [ 0 24 12 12 25 20 19  4 21  1 12 20 30 19 25  7 29 19 27 12 16 18 15 25
   4 27 13  5 28 24 15  3 11 25  3 29  8 21 21 10  1 18 24 29 23 23 30 10
  28 25 26 17 19 12  4  8  7 30 16  1  2  2 14 14 30 16 23 29 29 25 20 30
  25  7 15  8 26 11  1  6  4]
 [ 0 19 21 14  3 29 19 12 27  5 26 29 20 27 22  7  2 23 22 12  3  7 19  9
  20 25 20 27 15 11 26  6 23 11 15 23 25  7 17  8 26 14  4  3  1 16 29 14
   2  5  2 29 20  8 17  5 25 23  6 16 10 11  1  6 18 29 22 27 24 17 19 30
   9 21 19 17  1 28  3 24 14]
 [ 0 29 10  6 26 25 17  3  3 11 29  7 20 28 11 15  3 14 29  4  2 12  3 15
   6 11  6  3 15 12 16 24 25  5  3 10 17 14 13  1 22  4 16 10 21 29 13 12
  14  1 19  9 25 21  5 26 13 11 10 19  9 24 20 11 11 12  2  8 27 24 15  2
  21  1 12 23 26 30 16 27  6]
 [ 0  6 20 13 13  5  8 25 26 10 13 11  1 17 16  2 19 16 27 19 19 18 30  3
  13 22 29 26 27 25  9 20 13 13 20  4  7 20 21  6 25  6  1  2 12 15 22 23
  14 16  7  7  4  8 23 20  3 15 25  9 18 26 14 24 24 14 28 19 19 21 29 22
   2 27 21 12 25  7 22 21 22]
 [ 0 22 12 12 12 21 23 15  9 28 16  3  3 20 11  7 25 18  8 15 12  1 25  3
  27 30 18 22 11 14  2 14 19 22 29  7  2 21 24  4 17  9 20  3 14 24 17  7
   5 20  9  3 29  6 20  3 18  1 17 21  1 18 28 26 10 13 20 25  3 30 10 25
  13  2  7 14  9 26 16 16  8]]
job2fam
[[1 0 0 0 0 0 0 0 0 0 0 0 0 0 0 0 0 0 0 0 0 0 0 0 0 0 0 0 0 0 0 0 0 0 0 0
  0 0 0 0 0 0 0 0 0 0 0 0 0 0 0 0 0 0 0 0 0 0 0 0 0 0 0 0 0 0 0 0 0 0 0 0
  0 0 0 0 0 0 0 0 0]
 [0 0 0 1 1 0 0 0 0 0 0 0 0 1 1 0 1 0 0 1 0 0 1 0 0 0 0 0 0 1 0 0 0 0 0 0
  0 0 0 0 0 0 0 0 0 0 0 0 0 0 0 0 0 0 1 0 0 1 0 1 0 0 0 0 1 0 0 0 0 0 0 0
  1 1 0 0 0 0 0 0 1]
 [0 0 0 0 0 0 0 0 0 0 0 1 1 0 0 0 0 1 0 0 0 1 0 0 1 0 0 1 0 0 0 1 0 0 0 1
  0 1 1 0 0 0 0 0 0 1 0 0 0 1 0 0 0 0 0 0 1 0 1 0 1 0 0 0 0 1 1 0 1 0 1 0
  0 0 1 0 0 0 0 0 0]
 [0 0 0 0 0 0 0 1 0 1 0 0 0 0 0 0 0 0 1 0 0 0 0 0 0 1 1 0 0 0 0 0 0 0 0 0
  0 0 0 0 0 0 0 1 1 0 0 0 0 0 0 1 0 0 0 0 0 0 0 0 0 0 0 0 0 0 0 0 0 1 0 0
  0 0 0 1 0 0 0 0 0]
 [0 0 0 0 0 0 1 0 0 0 0 0 0 0 0 1 0 0 0 0 1 0 0 1 0 0 0 0 0 0 1 0 0 1 1 0
  1 0 0 0 1 1 1 0 0 0 0 1 0 0 1 0 0 1 0 1 0 0 0 0 0 1 0 0 0 0 0 0 0 0 0 1
  0 0 0 0 1 1 0 1 0]
 [0 1 1 0 0 1 0 0 1 0 1 0 0 0 0 0 0 0 0 0 0 0 0 0 0 0 0 0 1 0 0 0 1 0 0 0
  0 0 0 1 0 0 0 0 0 0 1 0 1 0 0 0 1 0 0 0 0 0 0 0 0 0 1 1 0 0 0 1 0 0 0 0
  0 0 0 0 0 0 1 0 0]]
unit_cost
[10 11  8 10 11  7  8 10  7  8]
pre_factor
0.5
