param: 
proc_time: (1, 100)
setup_rate: 1.0
setup_time: (30, 60)
delivery_time: (1, 30)

mach
10
job_rate
8
fam
8
setup_rate
1.0
proc_time
[[  0  31  95  99  48  94  17  61   1  93  51   4  40  12  50  49  36  68
   57  65  60  77  14  74  29  24  98  30  31  68   1  68  49  37  50  16
   89  25  90 100   3  96  13  25  27  58  46  79  32  39  78   2  31  82
   83  76  89  35  88  56  11  84  75  14  67  41   8  83  30  67  15  63
   44  14  29  64  46  92  66  56  44]
 [  0  28  48  80  50  60   4  82  23  46  67  23  99  23  46  41  22  78
  100  47  72  48  74  63  20  16  60  37  96  48  37  94  66  58   6  64
   88  80  88  56  51  30  66   6  80  21  43  70  52  32  23  96  84  39
   72  45  46  23  66  72  26  64  92  12   9  56  35  59  66  58  97  31
   40  62  17  13  47  76  44  34  46]
 [  0  62  17  80  74  14  94  52  23  79  94  43  88  17  86  43  60  14
   66  54  38  57  49  76  18  57  99  86  86  39  39  51  60  95  54  60
   11  23  58  89  72   1  52  24  28   9  92  32  50  46  63  12  42  28
   80  67  97   7  76  64  95  92  28  45  86  13  54   8  63   4  69  68
    9  33  20  78  79  11  80  69  20]
 [  0  56  64 100  79  91  91  52  25  74  28  70  99  67  36  49  69  39
    3  33  59  95  43  93  29  13  14  46  56  18  38  30  99  11  33  97
   95  24  12  56  83   3  17  21  46  29  25  14  64  10  17  27  27  40
   13  20  74  84  16   9  59  23  75  45  35  54   1  46  61  23  10  75
   77  94  78  56   4  33  89  40  38]
 [  0  31   4  29  57  56  23  74   2  79  41  16  91  28  59 100  10  73
   34  45  62   4  44  63  56  17  62  85  46  10  70  22  74   6  90  56
   34  99   3  41  60  12  51  70  94  94  87  32  11  39  21  71  70   8
   16  76  50  14  18 100  42  13  30  76  39  34  17  21  46  39  64  64
   93   7  33  98  44  77  97   2  93]
 [  0  96  33  19  50  28  25  40  22  40  94  30  64  55  46  24  92  44
   71  95  88  69  94  24   3  55  49  10  52   2  13  58   4  73  10  75
   83  67  99  84  38  34  48  79  20  45  26  60  10  16  57  27  97  73
   65  61  29  32  42  42  46  28  68  35  20  89  18  91   2  15  52   5
   52  40  14  95  79  97  95  87  47]
 [  0  10  54  27  11  10  39  85  23  80  30  64  76  14  69  80  61  25
   53  71  16  22  62   8  10  29  48  68  57  80  15  27  66   7 100  91
   31  18   7  26  34   4  55  85  85  57  12  70  26  19  43  97  98  52
   36  70  25  50  49  47   6  67   3  87  34  27  77  16  63  87  64  52
   54  48  51  71  57   4  59  89  63]
 [  0  64  64  27  34   8  24  41  96  44  74  25   6  41  28  37  71  97
   22  72  70   1  33  73  34  28  85  39 100  43  83   8  24  26  16  39
   93  15  45  86  74  76  27  17  81  29  37  33  71  23   9   6  91   4
   46  95  96  63  95  35  11  93  38   1   1  74  70  64  88   1   8  93
   53  24  61  58  90  66  15 100  84]
 [  0   4  66  28  89  82  50  32  38  35  79  62  80   3  68  91  87  82
   90  48  85  64  74  42  56  91  65  28  83  14  30  63  52   5  16  89
   68  19  16  64  79  68  58  28  70  76  33  50   9  55  72  16   6  15
   41  68  22  66  94  59  36  41  28  66 100  32  53  50  41  44   4  23
    8  84  73  93  35  99  81  79  53]
 [  0  64  20  19  58  49  28  87  83  76  44  44  97  79  67  45  41  81
   25  74  55  98  42   5  98   1  85  37   6  55  26  24  51  61   5  40
   38  70  69  82  26  36  93  82  20  26  89  24  30  57  33  92  38  14
   85  11   7  50  29  72  50  57  98  54  77  80  97  30  44   3  24  86
   66  46  43  59  66  97  70   9  19]]
setup_time
[[[ 0 30 35 35 59 44 60 51 52]
  [ 0  0 58 54 46 55 56 57 38]
  [ 0 58  0 56 52 60 37 34 57]
  [ 0 53 34  0 38 47 42 36 34]
  [ 0 33 57 37  0 32 59 34 35]
  [ 0 56 50 47 39  0 38 56 37]
  [ 0 47 36 33 39 34  0 50 50]
  [ 0 54 42 36 32 44 36  0 56]
  [ 0 38 50 52 48 31 58 44  0]]

 [[ 0 40 30 30 53 46 49 58 45]
  [ 0  0 46 44 60 46 39 40 48]
  [ 0 37  0 39 43 46 43 51 44]
  [ 0 54 32  0 57 42 32 34 33]
  [ 0 38 47 43  0 49 42 37 59]
  [ 0 58 52 42 31  0 60 40 59]
  [ 0 47 56 54 33 45  0 32 31]
  [ 0 47 57 51 46 34 38  0 52]
  [ 0 58 48 34 47 53 41 50  0]]

 [[ 0 53 34 53 54 46 40 47 43]
  [ 0  0 49 41 30 46 49 52 51]
  [ 0 37  0 50 59 30 44 43 32]
  [ 0 55 45  0 36 57 56 35 47]
  [ 0 53 39 47  0 42 37 46 39]
  [ 0 47 34 53 42  0 51 49 38]
  [ 0 39 51 37 47 50  0 41 50]
  [ 0 54 45 40 55 30 48  0 51]
  [ 0 54 49 35 48 35 58 40  0]]

 [[ 0 34 36 46 56 60 47 49 59]
  [ 0  0 58 32 41 59 32 38 58]
  [ 0 59  0 57 51 60 34 43 40]
  [ 0 33 39  0 60 32 47 35 36]
  [ 0 44 45 39  0 33 36 50 32]
  [ 0 50 46 49 60  0 35 55 35]
  [ 0 56 42 54 35 48  0 44 53]
  [ 0 60 60 56 52 49 59  0 37]
  [ 0 38 53 49 57 51 36 51  0]]

 [[ 0 44 56 31 55 56 50 51 51]
  [ 0  0 32 42 34 33 38 51 53]
  [ 0 56  0 60 52 30 56 59 45]
  [ 0 46 31  0 33 37 58 54 52]
  [ 0 52 53 55  0 40 59 30 52]
  [ 0 31 56 51 48  0 31 48 54]
  [ 0 56 35 33 53 35  0 55 51]
  [ 0 47 60 39 44 50 57  0 48]
  [ 0 33 38 54 48 48 55 56  0]]

 [[ 0 36 44 37 60 35 41 30 42]
  [ 0  0 47 51 37 33 38 38 36]
  [ 0 32  0 48 43 54 41 30 58]
  [ 0 31 49  0 58 39 48 51 31]
  [ 0 59 47 41  0 44 43 44 57]
  [ 0 47 44 53 53  0 38 52 58]
  [ 0 35 51 55 53 57  0 38 58]
  [ 0 38 43 60 45 54 40  0 60]
  [ 0 42 33 59 56 44 30 58  0]]

 [[ 0 30 50 36 54 44 31 37 41]
  [ 0  0 32 49 37 52 41 36 35]
  [ 0 45  0 35 32 58 35 57 47]
  [ 0 47 30  0 35 36 55 55 43]
  [ 0 54 45 60  0 51 50 35 35]
  [ 0 50 41 43 54  0 44 48 47]
  [ 0 54 30 34 54 56  0 50 39]
  [ 0 54 43 53 39 59 51  0 55]
  [ 0 47 30 32 50 44 37 33  0]]

 [[ 0 47 53 57 50 35 45 33 50]
  [ 0  0 47 42 58 39 52 37 42]
  [ 0 56  0 32 51 47 32 58 36]
  [ 0 48 42  0 45 37 58 44 50]
  [ 0 51 46 56  0 36 40 44 34]
  [ 0 47 45 58 33  0 58 54 33]
  [ 0 56 52 35 37 59  0 43 44]
  [ 0 55 43 31 39 53 43  0 54]
  [ 0 51 40 55 35 34 46 60  0]]

 [[ 0 49 36 60 60 50 48 50 53]
  [ 0  0 44 43 50 50 55 42 47]
  [ 0 39  0 41 35 57 48 55 47]
  [ 0 53 37  0 53 32 52 49 40]
  [ 0 55 40 41  0 35 56 45 48]
  [ 0 31 44 31 58  0 31 49 39]
  [ 0 32 47 48 37 31  0 60 46]
  [ 0 33 41 47 30 45 47  0 48]
  [ 0 39 53 32 40 55 40 42  0]]

 [[ 0 45 56 59 32 44 37 56 31]
  [ 0  0 36 56 38 44 45 52 40]
  [ 0 56  0 32 42 37 56 53 33]
  [ 0 42 56  0 35 54 50 43 52]
  [ 0 58 39 38  0 32 39 34 38]
  [ 0 49 36 53 56  0 36 44 42]
  [ 0 49 54 58 30 41  0 37 53]
  [ 0 52 45 36 52 48 39  0 43]
  [ 0 59 47 47 52 31 52 45  0]]]
delivery_time
[[ 0 30 27 18 20  4  5 16  6  7  8  8 12  1 26 10 11 21 15 14 12 23 13 12
  11  9 26 26 25 26 13  9  1  1  5  7  5  9 12 21 18  5  3 11 15 15 13 15
   8 18 19 22  3 10 30  8 27 20 24  6 20 26 21  2 26 30  4 10 25  9 12 21
  21 30 18 17  3  8 11  8  6]
 [ 0  1  2 29  8 15  8  7 10 11 22 16 23 10 13 14 10  8 10 13 13  5  8 23
   5 17 28 23 21 14 15 24 25 17 21 27  6 30  3 25 13 14  6 12 21 18  1 22
  20 23 13 15 18  8 28 19 29 22 20  1 24  3 21 18 15 13 18 16 25 20 30 19
  12 21  9 30 27  2 14  1 27]
 [ 0 24  6 11 15 24 23 25 18  3 12  5 27  6 15 25 28  5  2 14 20 10  3  6
  28 19 15  3 16 11 22 24 17  4 10  6 23 29 10 11 10 26 21 19  4 18 24  4
  29  7 14  6  9  5 22 19 14 16  2 25  2  5 26 10 12 11 24  6 20 15  5 10
  14 24 13 25 20 18 13 23  5]
 [ 0 17 29 11  4 26 27 15 30 23  4 29 28  1 19  8 16 29 30 30 12 20  7 30
   3  6 24 21 15 28  6  5  7 17  6  7 23 13  7 23 24  1 10 16 18 27  1 14
  20  5  5 30  6  9  4 20  9 19 25 22 22 12  2 25 21  6  7 27 13  1 22 21
  28  7  1 11 27 16 21 17 18]
 [ 0 29 21 12 24 25 10 21 22 24 22  1 19  2 27 17 17 20 18  2  3  6 19 22
   2  2  7 12  8 23  8 18  9 25 28 23 11 19 22  5  4 22 23 12  9 16 17 21
  30 13 17 15 24  1  2 13 26 26 10  7  1 20  9 30  1 11 24 15 18  9 22 26
   1 10 24  6 12  8 12  6 25]
 [ 0 15 19 11 11  8 19 19  5  6 10  6 12  8 21 10  9 23 19 16 25 21  1  6
   5  4 20 30  9 22 30 16  6  2  7  1 28 16  1 20 21  8 22 24 22 27  8  4
  28 20 21  6  8  7 21 20 19 27  9  1 17 17 25 18 19  7 11  7 17 30  8 22
   5 13 28 24 25 29 30 22  8]
 [ 0 16 22 23 22 12 13  8 16 28 17 12 29 20  5  7 10 17  3  6 24 22 30  8
   7 24 23  9 18 15  5 10 24 25 28  1  1 16 13  8 28  8 24 25 28 21 23  3
   6 11  9 10 12 30 27 18 22 28 22  8 24 30 10 26  8  1 10  6 21  2 27 10
  24 15 20 16 16  6 26 29 23]
 [ 0  9  5 30 20 20 12  8 18 30 16 18 20  7 21 26 23  9 22 10 18 14  3 22
   1  9  8 21 26 19  7 28 27 12 24 23 12 12 14 29  1 23  8 25 22 29 23 22
  28 24  9  1 17 27 13 18  7 29 20 24 23 11 14  6  1 21 10 13 30 19  2 19
  17 26 23 26 28 26 21 16  2]
 [ 0  9  5 20 29 13 11 30 18 20  3  2 24 10 22 25 15 20 23 10 24 19 23 25
  18  1  3 19  7  2  4  3  4 30 21 30  4 23 20 10 17 30 23 27 26 11  3  7
  20 19  9 24 11 23 29 22 17 25 29 22  4 19 14  2  2  5  7  8 25 13  1  1
   7 17 11 30 14  2 23 27 26]
 [ 0 22 25  5 19  6  1 27 14  7  9 24  9  1  3 28 19 28  5 29 22 27  6  9
  17  1 23 16 15 21 12  1 14 17  5 25  4  3 16 29  5  2 13  5 10 21  8 23
   3 18 11 23 11 13  7 29 21  4  6  7 10 10 21  8 15 11 19 27 15 26  5  5
   6 12 23 15  7 16 18 29 13]]
job2fam
[[1 0 0 0 0 0 0 0 0 0 0 0 0 0 0 0 0 0 0 0 0 0 0 0 0 0 0 0 0 0 0 0 0 0 0 0
  0 0 0 0 0 0 0 0 0 0 0 0 0 0 0 0 0 0 0 0 0 0 0 0 0 0 0 0 0 0 0 0 0 0 0 0
  0 0 0 0 0 0 0 0 0]
 [0 0 0 1 0 0 1 0 0 0 0 0 0 1 0 0 0 1 0 0 0 1 0 0 0 0 0 1 0 0 0 0 0 0 0 0
  0 0 0 0 0 0 0 0 0 0 0 0 0 0 0 0 0 0 0 0 0 0 0 0 0 0 0 0 0 0 0 0 0 0 0 0
  0 0 0 0 0 0 0 0 0]
 [0 0 1 0 0 0 0 0 0 0 0 0 0 0 1 0 0 0 0 0 0 0 1 0 0 0 0 0 0 0 0 0 1 0 0 0
  0 0 1 0 1 1 1 0 0 0 0 0 0 0 0 0 0 0 0 0 1 1 1 1 0 0 1 0 0 0 0 0 0 0 0 0
  0 0 0 0 0 0 0 0 0]
 [0 0 0 0 1 1 0 0 0 0 0 1 0 0 0 1 0 0 1 1 0 0 0 0 1 0 1 0 0 0 1 0 0 0 0 1
  0 0 0 0 0 0 0 0 1 1 0 0 1 0 0 1 1 0 0 0 0 0 0 0 0 0 0 0 0 0 0 0 0 0 0 0
  0 0 0 0 0 0 0 0 0]
 [0 0 0 0 0 0 0 0 0 0 0 0 0 0 0 0 0 0 0 0 1 0 0 0 0 0 0 0 0 0 0 0 0 0 1 0
  0 0 0 0 0 0 0 0 0 0 0 0 0 0 0 0 0 0 1 0 0 0 0 0 1 0 0 0 0 0 0 0 1 0 0 0
  1 0 0 0 0 0 0 0 1]
 [0 0 0 0 0 0 0 0 0 1 0 0 1 0 0 0 1 0 0 0 0 0 0 1 0 0 0 0 1 0 0 0 0 1 0 0
  0 1 0 0 0 0 0 0 0 0 1 1 0 0 1 0 0 0 0 1 0 0 0 0 0 0 0 0 0 0 0 0 0 0 0 0
  0 0 0 0 0 0 0 0 0]
 [0 1 0 0 0 0 0 0 0 0 0 0 0 0 0 0 0 0 0 0 0 0 0 0 0 0 0 0 0 0 0 1 0 0 0 0
  0 0 0 1 0 0 0 0 0 0 0 0 0 0 0 0 0 0 0 0 0 0 0 0 0 0 0 1 1 0 1 0 0 0 0 1
  0 0 1 1 0 1 0 1 0]
 [0 0 0 0 0 0 0 1 1 0 0 0 0 0 0 0 0 0 0 0 0 0 0 0 0 1 0 0 0 0 0 0 0 0 0 0
  1 0 0 0 0 0 0 0 0 0 0 0 0 0 0 0 0 0 0 0 0 0 0 0 0 1 0 0 0 1 0 1 0 0 1 0
  0 1 0 0 0 0 1 0 0]
 [0 0 0 0 0 0 0 0 0 0 1 0 0 0 0 0 0 0 0 0 0 0 0 0 0 0 0 0 0 1 0 0 0 0 0 0
  0 0 0 0 0 0 0 1 0 0 0 0 0 1 0 0 0 1 0 0 0 0 0 0 0 0 0 0 0 0 0 0 0 1 0 0
  0 0 0 0 1 0 0 0 0]]
unit_cost
[ 8  7  7 10  8 10  8  7 11  8]
pre_factor
0.5
