mach
2
job_rate
6
weight
[0 5 7 3 6 9 3 1 2 9 2 3 6]
proc_time
[[  0 138 109 143 129  84 141 150 111 109  68 102  60]
 [  0  76  51 123  56 120  99 113 103  98  53 146 129]]
setup_time
[[[  0 295 111 116 161 174 308 117 151  24 225 249  17]
  [  0   0 198 238 369 241 128 176 366 152 407 345  22]
  [  0 243   0 206 242 253 205 353  49 131 146 136 415]
  [  0 305 200   0  72  33  75   7 325  56 313 307 252]
  [  0  20 385 147   0 196  55 149 375 216 108 371 182]
  [  0 165  70 268 342   0 115 237 179  25 371 263  32]
  [  0 247 162  57 285  37   0 210  61  52 246  59 363]
  [  0 367  34 400 141  77 292   0 189 216 395 373 144]
  [  0 214 413 150  10 153 395 313   0 283 219 203 401]
  [  0  17  91  37 344 382 349 147 164   0 343 229 207]
  [  0 299 166 113   0  17 239 390 321 416   0 221 268]
  [  0  44 186 379  46 396  65  45 292  99  70   0 276]
  [  0  13 183 304 151 275 135 223 188 385 180 153   0]]

 [[  0 360 263 406 353 257   2 191  49 268 350 186 349]
  [  0   0 196 278 200 283 410 124 225 224 418  23  76]
  [  0 179   0 374 384  61   1 159 251 329 383  50  10]
  [  0 356  25   0  98  86 241 271 109 204 366 316 296]
  [  0  73 392  49   0 135 186  62 417 158 228 348  65]
  [  0 248 143 333 260   0 110  57 115 193 386 227  65]
  [  0 236  75 259 373 188   0  46 338 162  28   6 217]
  [  0 336  16 181 294 212 329   0 211 320 199 316  11]
  [  0 378  89 278 145 271 313 172   0 282 122   4 321]
  [  0 142 299 280  91 189 394  23 315   0 370 128 186]
  [  0 379  29 307  80 231 131 316 155 303   0 348 408]
  [  0 315 402 290 336   3 232 282 343 367 394   0  51]
  [  0 346  43  92 136 373  34  49 139 135 184 166   0]]]
release_time
[  0   4 623 103 495 632 212   7  50 144 164 695 207]
due_date
[  0 793 839 668 735 808 705 856 717 860 620 720 800]
unit_emission
[ 8 14]
emission_limit
12282.0
setup_severity
2.0
due_tight
0.3
due_range
0.25
release_tight
10
degree_constr
0.8
