mach
2
job_rate
6
weight
[ 0  4 10 10  4  2  8  8  2  2  5  3  1]
proc_time
[[  0 130  66 109 137  89 141 139  70 101 129 116 142]
 [  0 145 149 129 144 116 135  83  73 135 112  82  71]]
setup_time
[[[  0 150 166 111  33 442 330 252 114 417  91 451 422]
  [  0   0 430  90 399  40 141  71  80   3 148 395 225]
  [  0 118   0 240 143  43 326 263 377  42 347 376 452]
  [  0 186 259   0 279  65  67   2 184 109 372 219 244]
  [  0 195 145 309   0 312 140  14 403 212 220  67 268]
  [  0 209 306 233 417   0  45 241 376  91 264 283 368]
  [  0 106  14 165  91 342   0 446 225 264  69  56 380]
  [  0 231 149 317 286 382 413   0  80 209 346 403 196]
  [  0 397 427 387 231  12 337 123   0  70 135 145 355]
  [  0 377  23   9 143 246  88 295 221   0  91 450 292]
  [  0 440 202  71  32 152 451  50 202 290   0 146  54]
  [  0 227 432 195 217 241 452 347 335 180  84   0 392]
  [  0 275 147  85  11 258 299 194 287 423  45 216   0]]

 [[  0  49 121 190 132 388 281 213 187   2  46 158  49]
  [  0   0 343 127 377 116 369 278 264 403 212 186 279]
  [  0 204   0 431 426   5 238 209 401 126 115  68 127]
  [  0 346 176   0 416 119  70 352 422   1  86  12 181]
  [  0 247 432 241   0 255 366 325 304 169 441  11 315]
  [  0 202  55  40  72   0  10 101 117 406 150 153 308]
  [  0 433 133 364 430 369   0  73  80 309 231 273 222]
  [  0  63 139  55 261  28  76   0 245 438 427 172  31]
  [  0 236 424 347  51 177 419 206   0 367 327 301 190]
  [  0 422 104  66  28 178  69  46 301   0 303 264 344]
  [  0 257  79  70 415 347 424  58 281 342   0 273 282]
  [  0 354 361  78 239 417 148 441 247 436 161   0 311]
  [  0 432 188 383 138  16 146  91 273 260 395 386   0]]]
release_time
[   0  965 1146  919  124  879 1066  869  549 1112  852 1152  965]
due_date
[   0 1057 1177  992  179  909 1180  888  566 1214  870 1205 1000]
unit_emission
[17  1]
emission_limit
6895.5
setup_severity
2.0
due_tight
0.3
due_range
1.0
release_tight
1
degree_constr
0.5
