mach
2
job_rate
6
weight
[ 0  2  7  4 10  1  9  2  5  2 10  8  7]
proc_time
[[  0  75 146  66 102 147 145 104 143 144  80 133 108]
 [  0 146 126  50 143  52  80  74 136 134 104 138 133]]
setup_time
[[[  0  96 283 182  27 199 341 274 416   6 322 309  55]
  [  0   0 424 110 252 167 394 301 385 409 129 157 320]
  [  0 206   0  11 192  97 372 122  76  95 139 372 189]
  [  0 310 381   0 430 408 446 117  53 349 130 155 335]
  [  0 403 169 389   0 234 245 323   4 445 144 143 273]
  [  0 262 429 198  83   0 300 229 383 393  23 317 313]
  [  0 284 378  57 397 406   0  79   1  63 149 141  42]
  [  0 287 252  28 326  23  64   0 443 351   8 432  89]
  [  0 201 143 344 146  45 427 268   0 221 368 222 211]
  [  0 410 388 240 237  60  27 378  71   0 414 252 167]
  [  0 290 152  57 334 330  32 446 146 157   0 285  40]
  [  0 248 385 361  21 298 401 417 422 169 337   0 309]
  [  0 359 184 270 130 166  85   1 254 406 401 163   0]]

 [[  0 231 161 132  12  11 236 441 196 417 300 330 369]
  [  0   0 435 404 336  53 152 424 137 256 329 119  21]
  [  0 215   0 106 176 246 237  90 250 439  92 257  62]
  [  0 324 320   0 394  92 423 273 400 162  15 250 157]
  [  0 444 283 393   0 429 452 301 245  60 267 259 320]
  [  0  34 216 248 451   0 242 101  67 317 353 294 141]
  [  0 181 332 294  88  59   0  78 212 187  12 267  24]
  [  0 350 341 249  45 244 187   0 164 249 232 167 225]
  [  0 111  12 148 277  99 426 423   0 281 249  18 278]
  [  0  59  53  52 399 229 181  62 274   0  80 299  47]
  [  0 153  97  68 379 245 174 450 180 186   0 422 431]
  [  0 409  53 208 160 333 195 150 411 376 382   0 248]
  [  0 388 181  65 138 151 318  14 422 271 106  11   0]]]
release_time
[   0  968    4   59  342 1149  481  823 1100  647  478  857  293]
due_date
[   0 1056   32  115  395 1158  533  894 1146  718  538  870  357]
unit_emission
[ 5 14]
emission_limit
9288.0
setup_severity
2.0
due_tight
0.3
due_range
1.0
release_tight
1
degree_constr
0.5
