param: 
proc_time: (1, 100)
setup_rate: 1.0
setup_time: (30, 60)
delivery_time: (100, 200)

mach
10
job_rate
10
fam
3
setup_rate
1.0
proc_time
[[  0  85  48  24  91  15  28  17  29  90  26  30  82  11  40  53   4  93
   39  85  23  43  11  18  31  79  74  29  50  39  41  28  26  78  26  28
   74  12  90  35  81  85  11  51  70  43  26  60  73  34   8  60  62  81
  100  54   9  43   6  93  70  84  16  61  75  18  85  61  48  48  43  35
   90  84  42  10  76   9  18  54  73  74  89  85  48  93  97  13  82  75
   19  45  12  16  14   6  68  55  73  44  35]
 [  0  27  14  23  68  76  62  88  34  89  54  66   9  32  75  13  72  66
   82  57  47  89  14  92  79  85  68  69  46  23  87  15  75  88  47  17
   67  58  90  11  41  73  75  54  93 100  26  31  77  22  30  71   2   2
   44  63 100  87  38 100  79  54  48  62  88  90  14  12  26  67  57  59
    8  96  62  12  94  70  62  32  99  34  14  30  73  69  16  25  64  68
   75  86  96  58  59  81  12  78  36  75  69]
 [  0   6  43   6  10  86  95  93  85  72  93   5  83  72  48   6   8   4
   64  88  11  78  62  25  29  54  49  84  53  12  24  72   2  41  37  57
   82   2  50  69  21  70   4  49  28  94  53   5  18  48  34  69  81  63
   16  43  63  11  12  15  78  36  61  44  61  95  44  24  69  84  25  76
   65  54  58  75  68  78  94  64  64  53  18  39  43  19  62  58  82  78
  100  27  77  34  18  91  44   4  24  43  99]
 [  0  43  87  33  95  32  19  51  85  62  26  62  10  65  88  63  80  66
   97  60 100  52  49  49  72  18  75  24  50  65  16  56  19   2  75  47
   57  14  54  29 100  33  92  55  25  26  63   4  14  72  95  67  23   4
   83  69  14  78  75  34  77   1  63  16  34  39  82 100  51  98  93  35
   23  97  84  15  56  22  16  78  37  92  54  67  91  89  84  38  18   6
   55  36  50  86  78  21  73  68  84  47  59]
 [  0  23  40  86  44  36  84  77  22  79  94  11  50  88  89  76  13  22
   52  53  81  40  96  26  98   2   6  19  69  73  66   9  81  88  40  27
   83  98  45  45  51  11  64  12  52  62   8  85  54  66  88   8  35  97
   46  16  94  86  32  91  55  33  23  61   1   3   8  78  28  18  60  55
   61  60  53  44  75  53  61   4  54  92  11  46  99  35  93   9  85  55
   20  42  67   3  77  70  39  71  20  32  91]
 [  0  25   4  25  91  56  26  74  10  36  58  52  42   4  60  90  89  95
    3  60  99  67  85  98  14  71  60  57  89  81  58  68   7  97  44  50
   83  20  21  72  72  71  39  71  96  58  54  71  10  15   7  98  22  88
   25   1  62  70  52  33  79  33  71  78  48  67  72  13  21  87 100  22
   21  81  68  14   4  45  22  56  60   5  68  36  50  53  33  58  43  59
   91  86  78  29  38  96  22   6  18  75  61]
 [  0  68  17  49  58  44  64  96  99  35  52   6   7  23  72   8  58  44
   97  91  86   4  44  41   8  25  89  99  37  62  49  82  98  36  12  89
   43  41   8  23  51  58  65  65  90  36  27  62  17  22  76  15   8  72
   58  40  68  18  59  48   5  21  81   3  90  59  72  94  65  28  38  37
   30  81  33  81  68  71  35  84  38  19  55  98 100  47  14  59  46  69
   40  28  65  54  95  21  22  74  20  91   4]
 [  0  99  28  82  11  81  37   9   1  11  61  32  38  51  46  74  54  80
   71  69  89  77  73   5  78  19  86  40   4  84  52  89  37  61  36  20
    1  88  64  61  96  39  35  13  93  10  30  64  10  99  97  81  32  87
   78  77   1  13  39  64  48  72  45  72  10  70  12  77  15  92  26   5
   54  84  44  45  13  10  20  49  67  86  45   6  68  59  94  80  78  82
   45  44  27   6   6  92  17   8  44  86  37]
 [  0  12  96  79  45  38  40  98  69  41  64  76   8  17  50  30  19  60
   51  95  16  41  20  84  45  29   9  35  48  36  36  71  98  60  51  58
   91   6   9  75  38  86  40  43  35  42  52  42  82  97  14  76  45  30
   10  22  56   6  62  58  74  63  36  11  99  94  38  30  27  90  64  27
   79  46  93  33  19  63  65   8  96  64  85  45   2   1  82  59  35   7
   57   5  71  32  88  99  86  42  21  65  55]
 [  0  27  76  21  12 100  37  31  69  96  89  75  85  90  66  48  43  20
    1   8  42   3  53  46  52  53  80  74  46  40  54  14  79   4  99  93
   69  10  21  42  99  24  21  93  35  96  59  93  98  23  18  46  75  29
   39   2  88   6  36  40  85  73  13  41  50  35  88  93  62  72   7  23
   74  32   8  85   3  10  27  12  17  81  90  71  61  66  16  85  41  41
    9  40  91  86  22  65  79  70  40  26  85]]
setup_time
[[[ 0 31 35 51]
  [ 0  0 35 30]
  [ 0 31  0 46]
  [ 0 60 60  0]]

 [[ 0 60 46 30]
  [ 0  0 32 52]
  [ 0 48  0 39]
  [ 0 51 49  0]]

 [[ 0 41 55 36]
  [ 0  0 60 36]
  [ 0 57  0 41]
  [ 0 45 45  0]]

 [[ 0 49 36 56]
  [ 0  0 47 48]
  [ 0 46  0 36]
  [ 0 38 53  0]]

 [[ 0 37 45 58]
  [ 0  0 34 39]
  [ 0 37  0 37]
  [ 0 48 47  0]]

 [[ 0 41 58 48]
  [ 0  0 48 38]
  [ 0 54  0 58]
  [ 0 36 50  0]]

 [[ 0 56 30 48]
  [ 0  0 42 52]
  [ 0 43  0 30]
  [ 0 40 55  0]]

 [[ 0 32 38 44]
  [ 0  0 51 50]
  [ 0 51  0 48]
  [ 0 47 57  0]]

 [[ 0 37 47 60]
  [ 0  0 45 51]
  [ 0 33  0 37]
  [ 0 50 50  0]]

 [[ 0 58 53 32]
  [ 0  0 46 51]
  [ 0 48  0 32]
  [ 0 37 47  0]]]
delivery_time
[[  0 164 116 118 131 127 175 124 196 142 132 180 109 196 120 157 194 170
  141 129 114 117 145 166 170 132 139 179 124 177 190 112 192 146 145 102
  158 145 188 129 140 166 187 120 146 133 160 168 136 121 114 122 182 127
  146 176 199 200 178 169 107 134 126 149 184 105 178 171 145 176 129 176
  132 174 114 143 107 147 110 102 157 139 110 150 197 191 136 166 122 186
  189 153 106 123 197 170 156 133 187 101 192]
 [  0 113 164 200 192 168 194 132 190 162 125 183 177 157 192 197 108 142
  189 119 103 191 157 127 181 176 133 167 175 105 125 126 105 159 150 136
  177 113 140 150 117 162 178 115 125 113 113 196 166 191 140 114 106 114
  162 173 111 195 160 156 138 105 190 133 177 151 116 115 136 141 131 148
  162 135 190 167 167 105 178 143 193 154 188 179 157 157 133 151 181 174
  118 142 136 194 159 152 105 173 170 182 155]
 [  0 197 183 199 189 139 126 184 183 126 122 149 123 141 174 105 104 101
  118 126 114 148 123 192 140 149 123 149 176 156 123 111 133 170 176 124
  111 184 123 183 174 197 117 142 162 124 111 139 196 160 187 136 137 132
  111 107 164 114 100 144 177 144 155 157 200 178 148 192 106 102 160 119
  143 165 150 153 142 198 144 115 106 169 181 129 109 166 163 121 158 142
  112 173 110 114 197 163 109 173 102 114 133]
 [  0 163 150 193 165 114 195 136 175 117 176 125 192 143 152 147 102 186
  168 120 101 115 199 103 166 184 140 136 127 146 179 197 167 177 110 112
  120 162 100 200 135 188 165 150 179 158 187 186 129 191 143 116 169 197
  106 100 144 149 145 177 129 161 149 148 174 198 164 188 133 132 116 123
  193 151 181 164 179 126 169 198 163 112 166 185 124 106 162 110 152 161
  177 158 144 196 103 187 182 127 150 164 157]
 [  0 167 112 163 155 197 116 159 138 137 166 194 170 190 174 119 131 134
  185 109 167 196 150 143 179 144 115 151 106 134 136 124 147 165 146 130
  102 182 142 146 128 194 101 139 113 176 133 152 156 176 200 163 128 170
  168 124 101 181 173 123 149 148 192 118 179 167 175 188 104 103 107 132
  190 121 192 168 107 173 139 155 107 142 145 109 160 182 130 100 188 142
  121 154 192 126 104 186 136 172 164 175 141]
 [  0 182 152 137 126 129 135 100 101 132 156 161 193 146 172 127 182 184
  130 188 189 195 126 162 101 160 142 131 175 166 188 194 197 146 194 167
  118 177 107 166 119 123 142 134 177 152 191 138 127 139 107 171 156 105
  102 196 169 130 129 126 100 103 194 173 164 103 164 103 188 197 188 159
  180 106 188 165 103 179 200 195 160 168 187 103 169 122 128 194 130 180
  158 110 125 159 100 152 157 163 131 151 131]
 [  0 190 132 142 127 177 146 124 104 182 108 152 133 113 115 100 115 103
  154 143 118 131 121 147 146 152 173 185 197 173 146 101 122 166 175 187
  171 105 125 183 142 187 192 104 118 115 138 180 126 147 113 198 199 190
  157 153 107 143 133 144 110 138 147 185 109 110 167 137 122 158 174 169
  107 133 119 154 152 165 155 154 136 145 162 158 100 154 146 188 108 159
  119 181 161 126 145 125 145 140 158 137 115]
 [  0 118 136 144 125 191 169 185 116 192 100 178 125 168 157 145 161 194
  186 100 123 138 171 137 198 136 187 175 130 194 148 102 164 184 117 127
  142 131 162 192 129 140 166 146 190 192 152 152 176 176 112 149 107 141
  159 179 140 136 180 132 175 118 196 140 153 142 194 150 137 140 153 180
  197 173 111 159 158 134 166 181 143 156 157 107 157 125 163 193 138 199
  103 153 171 115 200 188 140 143 130 106 121]
 [  0 151 109 132 153 151 196 198 174 199 121 132 172 169 105 184 139 130
  101 155 123 133 156 200 161 172 106 130 162 122 170 196 149 117 154 191
  187 166 146 184 126 154 143 119 146 124 139 199 107 170 177 199 146 194
  168 199 181 104 186 187 125 178 147 199 168 191 105 129 107 127 157 102
  173 162 173 185 171 194 190 151 123 155 186 186 184 151 117 181 170 105
  153 150 162 157 130 115 154 159 138 139 149]
 [  0 173 130 193 131 137 138 120 141 105 140 188 173 140 143 109 133 164
  198 104 166 128 100 150 140 110 108 189 117 156 116 152 181 143 127 149
  168 116 187 152 158 132 115 112 104 136 102 131 196 184 193 154 114 153
  156 129 197 135 137 152 151 194 176 195 145 182 124 149 142 110 178 136
  116 103 161 160 121 196 126 126 150 142 160 126 198 157 177 107 105 145
  121 144 103 110 150 108 191 184 169 187 153]]
job2fam
[[1 0 0 0 0 0 0 0 0 0 0 0 0 0 0 0 0 0 0 0 0 0 0 0 0 0 0 0 0 0 0 0 0 0 0 0
  0 0 0 0 0 0 0 0 0 0 0 0 0 0 0 0 0 0 0 0 0 0 0 0 0 0 0 0 0 0 0 0 0 0 0 0
  0 0 0 0 0 0 0 0 0 0 0 0 0 0 0 0 0 0 0 0 0 0 0 0 0 0 0 0 0]
 [0 0 0 1 0 0 1 0 0 1 0 0 1 0 0 0 1 0 0 0 0 0 1 0 0 1 0 0 1 0 0 0 0 0 0 0
  0 1 1 0 0 1 0 0 0 0 0 1 1 0 1 0 1 0 0 0 0 0 0 0 1 1 0 1 1 0 1 1 1 0 1 1
  1 0 1 0 0 0 0 0 1 0 1 0 1 0 1 1 0 1 0 0 0 1 0 0 0 0 0 0 1]
 [0 0 1 0 0 1 0 0 0 0 0 0 0 0 1 0 0 1 0 0 0 1 0 0 0 0 1 1 0 1 1 1 0 1 1 0
  1 0 0 0 0 0 1 1 0 0 0 0 0 0 0 1 0 1 1 1 0 1 0 0 0 0 0 0 0 1 0 0 0 0 0 0
  0 1 0 1 1 0 1 1 0 0 0 0 0 1 0 0 1 0 1 0 0 0 1 1 0 1 1 1 0]
 [0 1 0 0 1 0 0 1 1 0 1 1 0 1 0 1 0 0 1 1 1 0 0 1 1 0 0 0 0 0 0 0 1 0 0 1
  0 0 0 1 1 0 0 0 1 1 1 0 0 1 0 0 0 0 0 0 1 0 1 1 0 0 1 0 0 0 0 0 0 1 0 0
  0 0 0 0 0 1 0 0 0 1 0 1 0 0 0 0 0 0 0 1 1 0 0 0 1 0 0 0 0]]
unit_cost
[23 24 24 23 24 24 20 27 20 22]
pre_factor
0.5
