param: 
proc_time: (1, 100)
setup_rate: 0.5
setup_time: (15, 30)
delivery_time: (170, 200)

mach
2
job_rate
8
fam
3
setup_rate
0.5
proc_time
[[ 0 45 62 39 96 58 81 99 83 64 44 29 59 71 92  9 92]
 [ 0 29 58 17 16 87 95  3 21 64 90 36 86 62 42 76 42]]
setup_time
[[[ 0 27 25 20]
  [ 0  0 22 25]
  [ 0 22  0 25]
  [ 0 28 28  0]]

 [[ 0 26 25 29]
  [ 0  0 24 16]
  [ 0 26  0 24]
  [ 0 16 28  0]]]
delivery_time
[[  0 174 197 193 183 187 185 175 194 193 183 196 193 177 200 198 176]
 [  0 182 175 187 171 177 180 170 191 198 175 185 196 189 181 180 198]]
job2fam
[[1 0 0 0 0 0 0 0 0 0 0 0 0 0 0 0 0]
 [0 0 0 0 0 0 0 0 0 1 1 1 0 0 1 0 1]
 [0 1 1 1 0 0 0 0 0 0 0 0 0 1 0 1 0]
 [0 0 0 0 1 1 1 1 1 0 0 0 1 0 0 0 0]]
unit_cost
[27 26]
pre_factor
0.5
