mach
2
job_rate
6
weight
[ 0  4  9  2 10  8  7  1  8  1  1  2  8]
proc_time
[[  0  77  86  89 146 117  53  84 107 104 109  50  52]
 [  0 144 111 113  77 137  87  75 122  80 104  79 147]]
setup_time
[[[  0 271  50  84 292 293 139   1 134 130  49 170  27]
  [  0   0 276 155 234 229 334 372 156  95 378 384 242]
  [  0 109   0 296 373 338 315 291 271  27 261 234  31]
  [  0 216 249   0  50 390 281 212 292 311  69 125  46]
  [  0  32 203 392   0  37 163 104 290  49 209 236 145]
  [  0  98 149  43  90   0 137 338 233 191 107 278  94]
  [  0 112  58 144 230 380   0 112 327 322 171 120 114]
  [  0 248 171 322 367  51 200   0 116  26  66 212 100]
  [  0 233 181 385 235 291 126 162   0 168   0 148 228]
  [  0 214 241 327 252  54 377 247 111   0 347 292 105]
  [  0  57 369 211 143 377  45 105 374 207   0 256 267]
  [  0 117 118 249 187 345 154 355 188 347 367   0 156]
  [  0 135 150 283 241 291 248 122 367 335 378 264   0]]

 [[  0 383 131 168  91 269 252 110 224 177  24 271 247]
  [  0   0 144  86 102 258 138 323 334 299 330   5 258]
  [  0  95   0 370 167 270  50 106  50 355 295 233 244]
  [  0  13 193   0 249 295 387 262  74 142  10  56 332]
  [  0 149 279 346   0  46 208 279  31  29 189  63  12]
  [  0 166  10 375 117   0 166  25  39  92 356  87  18]
  [  0 378 128 100 301 349   0 378 186  18  72 137 315]
  [  0  70 105  23  68  82 341   0 156 370 194 167  51]
  [  0 178 148   6  23 156 355 222   0 390 378 238 234]
  [  0 364  13 271   7  44  82 206 357   0 332   7 389]
  [  0 114 186  63 317 237  42 278 378  49   0 171 257]
  [  0  26 269 257  94  37  69 140  59   1 193   0  61]
  [  0 197 306 381 289 204 341 352 155 127  74 103   0]]]
release_time
[   0  916  854  739  790  931  969  844  725  611  652   77 1026]
due_date
[   0  967  935  836  893 1007  979  849  767  619  740  109 1038]
unit_emission
[18 17]
emission_limit
17070.0
setup_severity
2.0
due_tight
0.3
due_range
1.0
release_tight
1
degree_constr
0.8
