mach
2
job_rate
6
weight
[ 0  8  1  6  7 10  3  9  8  4  5  2  6]
proc_time
[[  0 132 142 108 122  57 111 136  66 101  95 124 138]
 [  0 143 149  54  87 117  51  78  83  99 143 104  79]]
setup_time
[[[  0  87 370 273 133 272  69  41 357 258  98 143  51]
  [  0   0 379 240 111  23 383 389  90 399  12 403 273]
  [  0 419   0  79 215  15 248 218   0  36 394 217  33]
  [  0 173 263   0 273  97 270 368 136 101 357 323 310]
  [  0 129 302 162   0 118 201 318  56 415  95 242 135]
  [  0 299  96 407 130   0 406  44 402 134 420 331 112]
  [  0  70  19 306 264 420   0 418  55  60 171 276 378]
  [  0 415  33 221  36  73 409   0  19 194  32 299  93]
  [  0  51 287  27 286 392 367  77   0 161 226  66  64]
  [  0  18 205  37 210 308  83 263 322   0 349  54 286]
  [  0 397  77 122 188 324  89 312 104  45   0 285 139]
  [  0 192 252  93 315  45 184 209 112  68  84   0 348]
  [  0 246 224 413 397 313 308 183 326 357  96  51   0]]

 [[  0 197 384 120 232 198 149 218 237 406   0 155 268]
  [  0   0  76  88 181 377 311 177 372 229 192  80 221]
  [  0 159   0 204 146 420 218 271 184 129 312  79 306]
  [  0 177 181   0 114 252 130 117  16  87 334  35 100]
  [  0 277 104 146   0   6 201 120  93 100  84  50   5]
  [  0 251  93 237 335   0 113  41 280 175 297  38 243]
  [  0 179 134 270 225 414   0  63 288 274 191  68 274]
  [  0 138 260 297 316 310 184   0 353 352  86 249 269]
  [  0 291 341  39  54 346 110 160   0 101 170 235 357]
  [  0  46 355 138  94 207 281 156 162   0 404 274  96]
  [  0 306 269 266 284 167 164 136 127  61   0 283 294]
  [  0 163 388 333 120  53 205 112 286 385 231   0 219]
  [  0 188 113 168 191 107  28  49  44 394 285 312   0]]]
release_time
[  0 534 614 116 216 740 673 727 301 763 339 145 699]
due_date
[   0 1066  826  882  286  888  864  988  986  810  984  385  968]
unit_emission
[18  7]
emission_limit
9191.2
setup_severity
2.0
due_tight
0.3
due_range
1.0
release_tight
10
degree_constr
0.2
