mach
2
job_rate
6
weight
[ 0  6 10  8  3  7  2  8  4 10  1  7  4]
proc_time
[[  0 126 113 105 111 130  58 102 137  57 125  53 125]
 [  0  75  86  56 116 137  50  85 133 145  89  98  93]]
setup_time
[[[  0  43 152 165 380 112 257 284  13 377 391 198 192]
  [  0   0 388 219 208 260 218 390 354  88 294  30 245]
  [  0 157   0 309 384 323 383  68 311 113 347 293  32]
  [  0 283  25   0 219 363  56  76 139 363  83  79 234]
  [  0 246  74 166   0  47 266   6  47 285 231 220 219]
  [  0 195 180 141  75   0 333 198 242 375 123 236 266]
  [  0 226 256  99 365 108   0  43 254 141 222 154 226]
  [  0 133 101 324 350 235 163   0  66 289 114  62 224]
  [  0  49 362 117 134 141  77 221   0 217   5 315 225]
  [  0 284  49  11  87 205 180 347 232   0 151 280 125]
  [  0 101 241  44 300  60 351  87 201 260   0 389 116]
  [  0 248 180 237 310 177 257  53  37 303 194   0  54]
  [  0 243   7 275  11 323 163  76 322 131 207 143   0]]

 [[  0  98 320  67 187 128  29 311 350 251 342  46 250]
  [  0   0 339 326 250  48 159 399  53  32 171 358  88]
  [  0 314   0  80 316 282 205 234 147   4 293  82  11]
  [  0  38 136   0  98 137 327 290 365 285 102 236  58]
  [  0 100  23 193   0 305 384 306 158  61 132 188 278]
  [  0 222 314  71 361   0 364  83 105  98 186 145  16]
  [  0  88 326 250  46 259   0  20 283 394 365 158 209]
  [  0 325 169  89 259 280 319   0 160  82  61 186  35]
  [  0 161 155 364 130 165 245  49   0 149 108 349 248]
  [  0 156  62 320 100 203 345 347 352   0 143 127  73]
  [  0  36  90 216 106  34  37 158 317 124   0  93  72]
  [  0  84 401 305 134  24 113  91 225  90 214   0 289]
  [  0  66 376 234 173 281 374 285 111  47 353 371   0]]]
release_time
[  0 226 429 205 358  10 500 246 342  73 977 709 427]
due_date
[   0  778  563  750  916  101  783  347  788  771 1059  890  751]
unit_emission
[6 6]
emission_limit
6108.0
setup_severity
2.0
due_tight
0.3
due_range
1.0
release_tight
10
degree_constr
0.5
