mach
2
job_rate
6
weight
[ 0  7  9  4  7  6  5  7  2  5 10  6  9]
proc_time
[[  0  96 133  56 118 138  61  78 132  87 103  65  90]
 [  0  81  86 120 130  76  74 122  97 126  89  79  82]]
setup_time
[[[  0 373 343  96  49 110 148 145 162 164 149  99 125]
  [  0   0  80 257  44 378 378  35 217 104 300 112 357]
  [  0 184   0 182 147 276 150 335   1 217  28 270 155]
  [  0 114 385   0 347 166 124  50 351 287 262 278 165]
  [  0 116 133 283   0 103 293 240 317 244  11 292  77]
  [  0 261  37 115 156   0   9 321 200 180  86  17 353]
  [  0 114 193 154 365 155   0 345 343 133  92 112 196]
  [  0 201  13 146  31 217 347   0 182 327 203 334 217]
  [  0 171 270 135 153 137   6 149   0  29 360 271 116]
  [  0  91 106 313 135 231 238 123 222   0 173 142 109]
  [  0 376 206  80  19 369 323  35  24 269   0 134 379]
  [  0 200 119  95 121 269 258 201   5  79 123   0 144]
  [  0  96 189 332 158 133  71 109 356 246 100 249   0]]

 [[  0 292 350 178 270 333  28  51 326  26 315 318 241]
  [  0   0 222 154 159 140  10 108 173  21 335 381 282]
  [  0 141   0  66  25 368 384  89 171  37 221 196 138]
  [  0  76 323   0 316 108 343 326  48  27 181 102 248]
  [  0 109 310  63   0 371  88 156  66  40  92 156 260]
  [  0 385 266   3 257   0 334  69 256 325 224  33 377]
  [  0  88 114  54 303 131   0 216 384  66  58 149 189]
  [  0 174 341 129   5 326  48   0 142 161  98  21 211]
  [  0 376 261 273 156 145 308 105   0 358 347 278 158]
  [  0 283 244 135  34  90 164 327 261   0 144 163  73]
  [  0 100 289  98  21 295 145   2  77 250   0 244 261]
  [  0 119 310 174 371 195 261  97 373 185  11   0  69]
  [  0 260 111 302  41   9 142 209  83 233 341 300   0]]]
release_time
[  0 464   0 400 654 132 336  26  43 130 661 573 541]
due_date
[   0  586  115  834  744  533 1004  172  112  253  751  966  830]
unit_emission
[15 13]
emission_limit
13602.0
setup_severity
2.0
due_tight
0.3
due_range
1.0
release_tight
10
degree_constr
0.8
