mach
2
job_rate
6
weight
[0 4 2 9 3 4 2 2 8 3 1 8 2]
proc_time
[[  0 116  70  57 142 139  82  58 129 135  67 131  74]
 [  0  62 149 118  63  95 119  86  97  74 110  59 132]]
setup_time
[[[  0 170 202  21 228 329 264 134 261 199  71 294 321]
  [  0   0 115  10  68 198 117 181 282 170 369 267  52]
  [  0 301   0  84 357 147  88 219 278 123 256  41 367]
  [  0 249 306   0 255 107 247 121 358 261 348  13 102]
  [  0 363 189  15   0 268 151 379 270 185 178  29 288]
  [  0 191 228  57 329   0 323 291 322  14 248  48 276]
  [  0 281 289  89 154 288   0 336  46  70 193 121 128]
  [  0 148  27 243 361 147 349   0 329   2 112 368  78]
  [  0 348 256 323  78 209 118 349   0 335  53 120 388]
  [  0 201 159 226 262 379 345   7 323   0 214  94  87]
  [  0  36  59  52 209 193 253  72 354 286   0  67 249]
  [  0 159 258 156 311  30 382 114 143  24 105   0 220]
  [  0 340 279  12 124  45 346 282  84 265 275 148   0]]

 [[  0 321 111 360  28  53  41  94 116 140  81 233 236]
  [  0   0  51 142 364 158 306 344  18  85 380 387 174]
  [  0  44   0 199 274   4  75 243  75 210 256  34 189]
  [  0 380 221   0  87 210 147 245 207 219 371  50 184]
  [  0  66 394 149   0 295  96 210 140 212 316 182  24]
  [  0 339   7 175 106   0 206 366   8 209  89 177 205]
  [  0 192 191 271 378  40   0 286 282 254  77  87 217]
  [  0 313  44 117 279  78 272   0 315  84 382  92 316]
  [  0 118 143  18 367 282  71 193   0  51   5 368 152]
  [  0  75  40 236 394 363 237 324 152   0 146  63 317]
  [  0  32 265 121 152 321 129 380 337 226   0  61 356]
  [  0 216 239 370 138 346  78 189 120   8 121   0 270]
  [  0  17  13  71  19  53 173 228 277  43  94 342   0]]]
release_time
[ 0 50 72 50 49  9 31 76 38 67 35  8  7]
due_date
[  0  90  90  89  82  91  85  82  83  94 104  99  96]
unit_emission
[ 2 13]
emission_limit
3253.2
setup_severity
2.0
due_tight
0.9
due_range
0.25
release_tight
1
degree_constr
0.2
