mach
2
job_rate
6
weight
[ 0  8  6  6  2  6  5  8  6  2 10  4  5]
proc_time
[[  0  91 109  51 136 117 117  82  79  84 138  75  84]
 [  0 101 120 134 121 101  98 113 101 127  86 118  54]]
setup_time
[[[  0 394 389 312 330  79 354 319 290 393  15 306 331]
  [  0   0  85 307  77 288 197 106 129  27  65 254 209]
  [  0 300   0 262  34  73  22 261 115 168  15 178 209]
  [  0 285 129   0 375 290 323 246 160 195 368  85 149]
  [  0  49 207 314   0 212 383 286 363  70  54 259 116]
  [  0 378  75 170   2   0 334  13 361 197 347 185 149]
  [  0 238 348 375 333  40   0 277 254 358  24  27 284]
  [  0 207 194 389 230 318 174   0 272 282 193 367 242]
  [  0 271 222 330  36 301 300 306   0  88 345 374 250]
  [  0 254 267 390 237 205  53 259 383   0 330  12 103]
  [  0 335 149 308 300 404 173 163 351 402   0 406 253]
  [  0 145 120   9 405 358 135 151 284 156 152   0 299]
  [  0 181  39  42 238 335 311 354 116 158   0 351   0]]

 [[  0 366  40  78 243 219  83  29 344 137  24 301 314]
  [  0   0 101  29 328 262 246  72   2 128  98 147  22]
  [  0 159   0 148 166 238  18 320 210  18 118 238  42]
  [  0  81 269   0 398  63 134 267 370 262 141 265 335]
  [  0 335 107 148   0 305 112 137  34 246 133 270 240]
  [  0  22 351 138 354   0 142  75   1 318  70 282 326]
  [  0 251 174  17 253 262   0 107 122 403 299 100 310]
  [  0 221 237 279 113 214 209   0  95 259 310 252   5]
  [  0  17  12 326 264  46   9 232   0 159 185  56 286]
  [  0 124  56 234 198 193  17 289 177   0 172 289  75]
  [  0 159 162  57 268   7  17 109 103 179   0 228 371]
  [  0   8  60 103 350  58 181 277 204 299 155   0   9]
  [  0 236 181 327 106 365 270 368 166 284 346 276   0]]]
release_time
[ 0 60 15 51 73 73 24 93 78 10 42 71 95]
due_date
[  0 105  83  95  95 105  88 101  82 100  82  90 106]
unit_emission
[10 15]
emission_limit
11730.0
setup_severity
2.0
due_tight
0.9
due_range
0.25
release_tight
10
degree_constr
0.2
