param: 
proc_time: (1, 100)
setup_rate: 0.5
setup_time: (15, 30)
delivery_time: (1, 100)

mach
2
job_rate
5
fam
5
setup_rate
0.5
proc_time
[[ 0 63 80 87 85 93 93 57 51 77  8]
 [ 0 87 69 67 98  5  5 95 60 95 17]]
setup_time
[[[ 0 26 20 29 16 22]
  [ 0  0 22 27 21 19]
  [ 0 23  0 17 26 18]
  [ 0 22 19  0 15 23]
  [ 0 19 26 21  0 25]
  [ 0 20 29 25 28  0]]

 [[ 0 20 19 26 19 16]
  [ 0  0 17 26 15 28]
  [ 0 25  0 30 27 16]
  [ 0 30 23  0 26 15]
  [ 0 17 27 27  0 17]
  [ 0 15 24 28 25  0]]]
delivery_time
[[ 0 89 80 71 67 15 22 96 38 11 12]
 [ 0 41  1 15 56 56 62 81 61 14 70]]
job2fam
[[1 0 0 0 0 0 0 0 0 0 0]
 [0 0 1 0 0 0 0 0 0 0 0]
 [0 0 0 1 0 0 0 1 1 0 0]
 [0 0 0 0 0 0 0 0 0 0 1]
 [0 0 0 0 0 0 1 0 0 1 0]
 [0 1 0 0 1 1 0 0 0 0 0]]
unit_cost
[8 5]
pre_factor
1.0
