param: 
proc_time: (1, 100)
setup_rate: 0.5
setup_time: (15, 30)
delivery_time: (100, 200)

mach
2
job_rate
5
fam
5
setup_rate
0.5
proc_time
[[ 0 94  3 44 71 27 93 90 48 38  5]
 [ 0 75 79 22 50 99 65 94 46 48 24]]
setup_time
[[[ 0 25 27 18 29 27]
  [ 0  0 19 29 21 18]
  [ 0 27  0 27 17 30]
  [ 0 24 15  0 17 27]
  [ 0 26 30 27  0 27]
  [ 0 27 23 18 30  0]]

 [[ 0 17 23 28 19 28]
  [ 0  0 25 28 21 25]
  [ 0 30  0 18 15 20]
  [ 0 22 18  0 20 25]
  [ 0 29 20 30  0 25]
  [ 0 25 17 16 19  0]]]
delivery_time
[[  0 163 147 178 183 149 108 160 182 108 104]
 [  0 177 151 114 107 120 124 183 150 102 141]]
job2fam
[[1 0 0 0 0 0 0 0 0 0 0]
 [0 0 0 0 0 0 0 0 1 0 0]
 [0 1 0 0 1 0 0 1 0 0 0]
 [0 0 1 0 0 0 1 0 0 1 0]
 [0 0 0 1 0 0 0 0 0 0 0]
 [0 0 0 0 0 1 0 0 0 0 1]]
unit_cost
[12 14]
pre_factor
1.0
