param: 
proc_time: (1, 100)
setup_rate: 1.0
setup_time: (30, 60)
delivery_time: (1, 30)

mach
2
job_rate
5
fam
5
setup_rate
1.0
proc_time
[[ 0 74 82 61 59 34 42 93 42 80 83]
 [ 0  9 46 37 98  1 85 97 83 36 88]]
setup_time
[[[ 0 36 44 44 36 45]
  [ 0  0 57 60 57 32]
  [ 0 47  0 44 56 30]
  [ 0 40 60  0 30 43]
  [ 0 59 54 40  0 60]
  [ 0 56 51 44 44  0]]

 [[ 0 56 51 40 33 49]
  [ 0  0 34 48 59 48]
  [ 0 39  0 39 51 51]
  [ 0 56 30  0 57 31]
  [ 0 43 38 46  0 42]
  [ 0 30 53 50 55  0]]]
delivery_time
[[ 0 12  5 24 23 20 23 14 19 10 15]
 [ 0 27 17 15 16 28  4 18 12 26 13]]
job2fam
[[1 0 0 0 0 0 0 0 0 0 0]
 [0 0 0 1 1 0 0 0 0 0 0]
 [0 1 0 0 0 0 0 1 0 0 0]
 [0 0 0 0 0 0 0 0 0 0 1]
 [0 0 0 0 0 1 1 0 0 0 0]
 [0 0 1 0 0 0 0 0 1 1 0]]
unit_cost
[7 4]
pre_factor
1.0
