mach
2
job_rate
6
weight
[ 0  6  1  2 10  2  1  9  1  7  6  9  5]
proc_time
[[  0 110  71  75  77 118  50 132  53  56 138 131 111]
 [  0 139  74  76  80 129 128 114  97 113 141  58 103]]
setup_time
[[[  0  35  90 273  35 309   7 257 251 162  80  28 225]
  [  0   0 294 290  91  70  92 202 353  71 309  31 112]
  [  0 208   0 311 229 232   5 257 251 222 374 318 337]
  [  0 322 283   0 395 291 234 171 113 166  61  78  32]
  [  0  30 164 248   0 189 260 103  19 269 269 369 108]
  [  0 392   6 147 180   0 123 342 243  28 124 335 162]
  [  0 178 343  68 224 239   0 119   6 163 236   7  77]
  [  0 303 342 189 164 256  45   0 259 101 198 203 298]
  [  0 246 193   2  12 145 283  66   0 344 184 154 179]
  [  0 343 223  97 136 235 354 101 302   0 284  65  93]
  [  0 252 258 271 252  42 338 159 188 283   0 186 387]
  [  0 361 311 279 347 128  92 107 242 394 251   0 284]
  [  0  38 344 307 142 253  84 245 262 209 243 238   0]]

 [[  0  31 199 160  75 203 165  83 380  27 112 299 352]
  [  0   0 375 258 300 302 269 156 224   6 166 279 184]
  [  0 236   0 135 231 100 235 348 345 304 121 313 272]
  [  0 174 371   0 210 284 220  88 151 235 325  29 155]
  [  0 313 330   1   0 208 256  34  88 156 256 384 362]
  [  0 278 356 185 391   0  50 389 204 335 291 291 329]
  [  0 243 119 275 287 391   0 193 125 263 215 188 227]
  [  0 379 210 347 341 352  32   0 327 215 187 285 141]
  [  0 282  28 220  97 139  65 360   0 281 304 127 101]
  [  0 193 396 179  87 102 185 157 368   0 233  42 374]
  [  0 158 188  77 289 319 144   1 287   2   0 344 146]
  [  0 358  96 165 358  70   8 301 131 277 170   0  31]
  [  0  65 158  45 242  27 325 140  78 154  41 246   0]]]
release_time
[ 0 10 31 73 29 55 72 82 65 64 21 22 35]
due_date
[  0  86  84  94  84  96 102 102 103  95  88  88  83]
unit_emission
[15  6]
emission_limit
10182.0
setup_severity
2.0
due_tight
0.9
due_range
0.25
release_tight
10
degree_constr
0.5
