mach
2
job_rate
6
weight
[ 0 10  7 10  3  4  9  8  8  6 10  4  7]
proc_time
[[  0 127  55  96  65  73 115  90  51  54  98  89 133]
 [  0  89  61 109 138 127  86 113  55 105 119  74  82]]
setup_time
[[[  0 190 178 266 216 231   2  64 246  97 245 181  42]
  [  0   0 144 111  87  90 132 279 119 171 247 204 217]
  [  0 342   0 195 317 101 141 185 199 274 194 317 228]
  [  0   6 330   0 205 257   2 355 132 195 204 324  25]
  [  0 245  66 133   0  33 251  39  29 181 154  68 101]
  [  0 314 368  30 306   0 168  62 336 148 300 103 198]
  [  0 189  87 262 309  47   0 206 357 294 138  76 114]
  [  0 363 225 367 220 127 263   0 193  47 313 270 250]
  [  0 304 238 173 355  81 359 212   0  52 117 303  97]
  [  0 259 308 112 114  28 311 326 115   0  58  70 138]
  [  0 146 363  21 241 321 246 342 298 152   0 147 137]
  [  0 315   9 257 105 204 296  75 232  36 138   0 347]
  [  0 156 197 140  45 234  92 334 273 336 186 217   0]]

 [[  0  39 222 143  49 120 281   1  54 354 346 197  89]
  [  0   0   2 244  35 118 151 121 165 263 295 236  85]
  [  0 221   0  84 177 151 344 365 307 287  44 220 328]
  [  0 352 132   0 119 213 156 252 305 264 252 291 299]
  [  0 227 306  14   0 286  56 318   9 253 150  43 321]
  [  0   8 150 126  75   0  22 182 235 100  33 328 170]
  [  0 147 234 135  36 222   0 131 101 249 331  89 361]
  [  0 214  93 132  44 138 176   0  95  85  36 177  52]
  [  0 368 248  63 150 136 138 181   0 158 307 233  78]
  [  0 333  28 278 100 144 250 300 148   0  21 239 245]
  [  0  95 319 213 333 272  25 353 327 112   0 297 185]
  [  0 309 276 195 142  20 200 277 123  27 100   0  88]
  [  0 168 302 151  99 253 100  89 241 100 153 239   0]]]
release_time
[ 0 20 51 54  0 36 54 75 97 54 10 24 67]
due_date
[  0  75  87  95  88  91  93  90 230  80  88  95  87]
unit_emission
[19  6]
emission_limit
8167.2
setup_severity
2.0
due_tight
0.9
due_range
0.25
release_tight
10
degree_constr
0.2
