param: 
proc_time: (1, 100)
setup_rate: 2.0
setup_time: (60, 120)
delivery_time: (1, 100)

mach
2
job_rate
5
fam
8
setup_rate
2.0
proc_time
[[ 0  3 18 17 53 23 35 44 77 62 87]
 [ 0 80 37 68 89 35 75 95 82 32  6]]
setup_time
[[[  0  60  62  73 106  87 112  62  77]
  [  0   0 106 102  82  61  77 110  97]
  [  0 120   0  86  67  73  70  69  88]
  [  0 120  86   0  72  72  85 109  82]
  [  0  60  77  77   0  98  73  94 105]
  [  0 106  87  82  91   0 113 102  72]
  [  0 114  67 115  65 115   0  88  96]
  [  0 106 106  82 103  84 115   0 111]
  [  0  74  64  84  64  93  76  90   0]]

 [[  0 115 112  69  69  78 112 111 105]
  [  0   0  65  74 120 115  72  63  93]
  [  0  81   0  70  83 108  79 110  99]
  [  0 116 102   0  75 103 110  60 112]
  [  0  72  69 108   0  99 108  97  98]
  [  0  80 107  60  91   0  69  89 110]
  [  0  73 101  82  65  89   0 111  96]
  [  0 109 101  99 113 112  63   0 120]
  [  0  69 103 106  97 114  87  99   0]]]
delivery_time
[[ 0 72  1 18  7 78 58 52 91  9 97]
 [ 0 83 19 26 64 36 70 97 21 19 30]]
job2fam
[[1 0 0 0 0 0 0 0 0 0 0]
 [0 0 0 0 1 0 0 0 0 0 0]
 [0 0 0 0 0 0 0 0 0 0 1]
 [0 1 0 0 0 0 0 0 0 0 0]
 [0 0 0 1 0 0 0 0 0 1 0]
 [0 0 0 0 0 0 0 0 1 0 0]
 [0 0 0 0 0 1 0 1 0 0 0]
 [0 0 1 0 0 0 0 0 0 0 0]
 [0 0 0 0 0 0 1 0 0 0 0]]
unit_cost
[9 7]
pre_factor
1.0
