mach
2
job_rate
6
weight
[ 0  2  9 10  9  6  9  1  4 10  9  5  2]
proc_time
[[  0  79  51 126 126 150 138  87 149  62 129  61  72]
 [  0  83  79  73  96 135 121 144 100 137  70  84  68]]
setup_time
[[[  0  70 149 310 211 184 130  44 342 298 137   5  26]
  [  0   0 197 310  79 316 354 281 223  83 313 147 228]
  [  0 207   0 272 196  61 323  43 120 149 106 225 136]
  [  0  14 138   0   6 183 402 308 161  14 244 345 145]
  [  0 397 395 213   0 101  81 335 387 234  18 324 342]
  [  0  79 124 289 214   0 123 145 357 386 388  60 193]
  [  0 349 274 253 255 159   0 101 284 349 403 225 153]
  [  0 155 361 379 116 264 162   0  37  49  14 300 339]
  [  0 364 222 182 366 403 155  88   0 386 365 242 249]
  [  0 124  86   2 318 392 107 120 308   0  58 225 210]
  [  0 295 396 202 179  31  15 226 219 397   0 278 285]
  [  0  39 280 252 275 139 154 374 195  67 149   0 400]
  [  0 220 233 212 238  81  94 245 298  13 309 106   0]]

 [[  0 365 173 125  17 206  37 333 400 182 154  63 304]
  [  0   0  52 172 164 297  55 291 291  82 291 296  19]
  [  0 205   0 190 205 387 237 335 355 179 362  22   5]
  [  0 403 268   0  40 218 145 185  69 251 390 320 128]
  [  0 160  79 356   0 104 301  10 146 209 274 153 164]
  [  0  90 384 240 390   0 177  92 201 152 275  94 101]
  [  0 106 347  21 179 192   0 388 222  55 307 170 391]
  [  0 349 398 242 277 321 307   0 369  53 369 388 195]
  [  0  97 325 271  16 351  26 264   0 315  88 195 297]
  [  0 175 208  49 385  61 183 323 244   0 282 166 287]
  [  0 182 263  75 222  13  25  74 139 124   0  63 209]
  [  0 251 273 143 214 267 335 267  44 225 251   0  82]
  [  0 126 377 199 221 291 140  23 306 105 401 352   0]]]
release_time
[  0  15 320  41  17  15   7 922  45 583   0   0  61]
due_date
[  0  42 336 106  17  48   7 965  55 621   3   1  61]
unit_emission
[14 20]
emission_limit
17700.8
setup_severity
2.0
due_tight
0.9
due_range
1.0
release_tight
1
degree_constr
0.8
