param: 
proc_time: (1, 100)
setup_rate: 2.0
setup_time: (60, 120)
delivery_time: (1, 30)

mach
2
job_rate
8
fam
3
setup_rate
2.0
proc_time
[[ 0 72 63 18 72 34 54 70 47 13 73 44 52 42 85 98 36]
 [ 0 32 48 34 52 74 64 80 91 29  2 68 61 86 74  5 72]]
setup_time
[[[  0  99  60  68]
  [  0   0  68 106]
  [  0  72   0  92]
  [  0  77 115   0]]

 [[  0  91  64 102]
  [  0   0  62  97]
  [  0  60   0  66]
  [  0  93  66   0]]]
delivery_time
[[ 0  1 19 19 13 30 24 26 25 27 11 23 15 29 23  9 10]
 [ 0 10  5  1 27 25  8 22  8 22 23  9 10  8 19 15 22]]
job2fam
[[1 0 0 0 0 0 0 0 0 0 0 0 0 0 0 0 0]
 [0 0 1 1 1 0 0 0 0 0 1 0 0 1 0 0 0]
 [0 0 0 0 0 0 0 0 1 0 0 1 0 0 0 0 0]
 [0 1 0 0 0 1 1 1 0 1 0 0 1 0 1 1 1]]
unit_cost
[11  9]
pre_factor
1.0
