param: 
proc_time: (1, 100)
setup_rate: 2.0
setup_time: (60, 120)
delivery_time: (170, 200)

mach
2
job_rate
8
fam
3
setup_rate
2.0
proc_time
[[ 0 38 70 79 57 20  9 32  4 50 82  5 20 87 75 37 22]
 [ 0 68 93 44 34 77 42  9 95  7 68 19 94 31 35 57 85]]
setup_time
[[[  0  90  78  90]
  [  0   0  61 118]
  [  0  69   0  61]
  [  0  83  76   0]]

 [[  0  75 105  98]
  [  0   0 102  83]
  [  0  70   0  80]
  [  0  66  85   0]]]
delivery_time
[[  0 193 178 191 179 184 174 191 185 182 191 194 189 187 180 196 178]
 [  0 171 195 194 171 181 177 178 181 195 178 179 194 171 185 189 176]]
job2fam
[[1 0 0 0 0 0 0 0 0 0 0 0 0 0 0 0 0]
 [0 0 1 0 0 0 1 0 0 0 1 1 0 0 0 0 1]
 [0 1 0 0 0 1 0 1 1 0 0 0 0 1 1 1 0]
 [0 0 0 1 1 0 0 0 0 1 0 0 1 0 0 0 0]]
unit_cost
[18 17]
pre_factor
0.5
