mach
4
job_rate
5
weight
[ 0  9  8  4  6  8  1  7  2  5  3  4  8 10  1  6  3  5 10 10  2]
proc_time
[[  0 127  94 135 116  71  60 104 105  57 143 114 143 119 102  99  55 148
   71 111  90]
 [  0 121  70 146  60  96  81 148  99 101 109 115 129 104  90 113  72  69
  136  77  75]
 [  0  75  75  84 130 114 132  52 112  78  81  51  61 106 111  91 109 108
   76  83 111]
 [  0  53 115  94 118  88 104 110  91 101 108  74 144 145  58 140 144 144
   92 130 109]]
setup_time
[[[0 3 5 1 3 0 0 3 3 2 1 1 2 0 0 1 4 1 1 1 4]
  [0 0 1 1 3 5 3 3 3 4 5 1 2 5 3 1 4 4 1 2 0]
  [0 5 0 0 4 4 0 4 1 2 3 1 3 5 3 3 3 1 5 3 4]
  [0 1 4 0 3 4 3 0 3 4 2 1 3 0 4 4 5 0 3 4 0]
  [0 3 3 2 0 1 5 4 5 4 0 2 3 1 4 1 4 5 2 2 2]
  [0 0 0 0 1 0 0 3 3 0 3 2 5 5 5 4 5 1 4 1 0]
  [0 5 4 3 4 3 0 3 4 5 2 0 3 5 5 2 1 0 3 1 1]
  [0 2 4 5 4 4 0 0 2 5 0 2 1 2 4 1 4 2 3 4 0]
  [0 3 2 1 1 5 0 3 0 4 3 3 5 4 5 2 2 3 1 5 1]
  [0 5 4 2 1 1 1 1 5 0 3 1 4 5 4 1 0 4 4 2 2]
  [0 2 5 1 2 2 2 5 4 4 0 4 4 4 4 3 2 0 2 4 2]
  [0 5 3 1 2 2 0 1 5 2 3 0 1 1 5 5 5 4 0 2 3]
  [0 1 5 0 5 3 3 4 1 5 4 2 0 0 1 4 5 0 5 3 5]
  [0 4 5 2 1 4 2 4 0 1 2 5 4 0 3 3 1 5 5 3 5]
  [0 5 5 2 3 3 3 3 1 4 5 5 2 0 0 3 5 2 3 3 0]
  [0 3 4 3 0 5 2 3 3 3 5 1 1 2 1 0 2 1 2 3 0]
  [0 1 2 2 4 5 2 5 5 3 4 5 0 3 5 1 0 1 4 0 0]
  [0 1 2 3 0 2 2 1 3 5 4 1 1 5 5 4 0 0 1 3 0]
  [0 2 3 1 5 2 4 1 3 1 5 0 4 3 1 0 0 2 0 0 2]
  [0 4 3 4 4 1 0 2 1 0 0 3 0 0 0 2 4 4 0 0 3]
  [0 5 0 3 3 3 3 5 4 5 3 1 2 2 3 5 1 1 1 0 0]]

 [[0 2 3 2 5 3 5 4 0 3 1 3 3 3 3 3 3 1 5 2 3]
  [0 0 3 1 3 4 3 5 3 3 5 5 4 5 1 3 4 2 2 4 2]
  [0 0 0 3 2 2 1 1 5 5 2 1 4 0 4 2 4 0 5 0 3]
  [0 2 3 0 4 2 1 2 3 1 2 2 5 0 5 0 0 2 5 1 3]
  [0 1 0 0 0 2 2 1 4 0 1 4 4 1 4 0 2 3 4 2 1]
  [0 2 4 1 3 0 1 2 1 2 4 3 5 3 5 1 4 0 0 0 3]
  [0 5 1 0 5 1 0 5 2 0 0 2 1 3 4 1 5 1 0 0 3]
  [0 0 4 1 2 1 4 0 4 2 1 0 5 0 3 0 5 0 3 4 3]
  [0 4 4 3 4 0 3 2 0 2 2 5 2 1 4 0 0 5 5 4 4]
  [0 2 1 3 2 1 3 4 1 0 5 4 4 1 1 3 4 4 5 5 0]
  [0 1 0 4 4 2 1 4 5 4 0 3 1 3 5 2 2 0 5 3 3]
  [0 1 1 0 3 3 1 0 1 4 2 0 0 4 5 4 4 0 0 0 1]
  [0 1 3 1 2 5 0 2 3 0 3 5 0 1 5 3 1 0 2 3 4]
  [0 5 2 3 3 4 0 1 5 0 0 5 5 0 0 5 4 4 3 5 5]
  [0 2 5 0 1 3 4 2 4 0 0 4 4 4 0 5 4 4 3 4 5]
  [0 3 0 4 0 3 4 0 1 5 2 5 2 0 3 0 3 1 3 5 4]
  [0 4 2 0 0 3 2 2 3 3 0 4 5 5 0 3 0 5 3 5 0]
  [0 0 5 4 1 4 3 2 5 4 2 3 2 1 0 3 4 0 2 3 3]
  [0 3 3 1 2 2 4 1 0 0 3 1 2 2 1 2 0 0 0 0 5]
  [0 5 0 0 2 2 3 4 1 3 1 0 3 3 3 3 1 2 2 0 5]
  [0 2 1 2 0 3 3 4 4 3 3 0 0 2 1 3 5 4 0 1 0]]

 [[0 1 0 2 5 2 4 0 3 4 2 5 0 2 0 1 1 2 5 5 5]
  [0 0 3 0 0 0 0 3 0 0 3 3 2 2 3 0 3 1 2 2 3]
  [0 5 0 1 3 0 1 2 2 2 2 3 1 2 1 5 1 2 3 4 2]
  [0 1 5 0 1 3 1 3 2 2 0 1 3 2 5 2 0 5 3 5 4]
  [0 2 5 4 0 4 1 4 5 4 3 5 1 1 2 0 0 2 2 0 4]
  [0 5 5 4 4 0 1 4 5 4 5 0 3 0 0 2 4 1 4 0 1]
  [0 3 3 4 3 4 0 5 4 5 3 4 2 5 5 2 1 2 3 4 5]
  [0 3 3 1 5 5 5 0 4 2 3 4 3 5 2 4 5 3 5 3 3]
  [0 4 1 3 2 2 5 3 0 1 1 5 2 0 1 1 2 2 0 1 1]
  [0 0 5 3 5 2 4 5 5 0 1 1 3 2 4 1 2 1 1 5 2]
  [0 2 1 3 3 1 2 0 4 3 0 0 1 4 3 4 3 5 0 4 4]
  [0 3 3 3 5 1 0 1 3 2 0 0 0 0 2 2 4 5 1 3 5]
  [0 5 3 2 1 4 1 5 5 4 2 3 0 2 3 2 2 3 5 1 0]
  [0 4 0 5 4 2 4 3 0 1 4 0 4 0 2 2 4 2 5 5 5]
  [0 5 1 4 4 0 5 1 0 0 5 3 0 3 0 1 5 0 3 2 2]
  [0 1 0 4 3 0 1 1 1 5 0 3 4 4 3 0 1 1 0 2 4]
  [0 3 5 4 1 1 1 2 5 3 0 1 3 0 1 5 0 4 4 5 5]
  [0 2 3 5 3 3 2 5 1 5 1 5 3 3 0 5 4 0 2 0 2]
  [0 1 5 3 3 1 3 2 4 0 5 1 4 4 1 1 2 3 0 3 1]
  [0 2 3 5 1 0 5 4 2 3 4 1 4 2 5 2 2 4 4 0 2]
  [0 2 4 3 0 3 1 3 5 4 4 1 4 5 0 1 2 2 0 4 0]]

 [[0 3 5 0 0 5 3 1 1 0 3 0 5 3 3 1 1 0 5 1 2]
  [0 0 5 2 0 0 3 2 1 1 5 2 1 5 0 2 5 0 5 5 3]
  [0 3 0 5 4 3 3 1 0 1 3 4 0 3 0 2 2 4 5 1 2]
  [0 2 5 0 4 3 2 0 5 4 5 3 0 2 0 5 1 0 0 3 5]
  [0 4 2 4 0 1 0 2 1 1 1 4 5 5 3 2 2 5 1 4 1]
  [0 2 2 5 5 0 3 1 0 1 2 2 3 4 2 4 3 3 0 4 5]
  [0 0 4 4 2 4 0 1 4 0 3 2 4 0 2 4 5 0 1 1 1]
  [0 1 3 0 3 4 1 0 5 0 5 1 2 1 3 2 0 5 2 4 4]
  [0 2 0 1 3 1 0 5 0 2 0 4 4 2 5 5 4 5 3 3 5]
  [0 3 5 2 2 0 1 4 0 0 0 4 2 1 3 2 5 3 5 5 2]
  [0 2 1 2 3 2 0 1 5 2 0 4 2 5 1 3 4 5 2 4 0]
  [0 3 4 3 0 4 1 1 3 2 4 0 0 4 1 0 0 4 0 0 0]
  [0 4 3 2 5 2 3 3 3 2 2 4 0 3 4 3 2 2 2 2 4]
  [0 5 0 3 3 1 2 5 0 2 5 2 0 0 4 1 0 4 5 3 5]
  [0 4 0 1 4 5 3 4 1 1 3 4 2 2 0 1 0 5 3 3 0]
  [0 2 5 4 3 1 0 3 1 5 1 3 2 2 0 0 4 4 1 4 3]
  [0 2 1 0 0 3 5 5 2 0 4 3 4 0 1 5 0 4 2 2 2]
  [0 3 4 3 4 1 0 1 2 1 3 0 0 4 2 0 5 0 0 2 3]
  [0 0 2 4 1 1 4 1 0 3 2 1 4 4 2 5 1 2 0 0 5]
  [0 1 4 1 0 0 1 2 0 2 3 4 0 4 4 5 0 1 4 0 1]
  [0 5 3 3 1 0 4 0 3 5 5 4 0 4 4 3 0 3 3 1 0]]]
release_time
[  0 368 244 320 392 296 251 341 303 364 293 281 249 323 206 330 368 284
 364 237 295]
due_date
[  0 395 323 391 398 372 296 395 369 379 376 301 294 390 294 342 391 393
 390 333 336]
unit_emission
[16 13 13 13]
emission_limit
18906.6
setup_severity
0.02
due_tight
0.3
due_range
0.25
release_tight
1
degree_constr
0.2
