mach
4
job_rate
5
weight
[ 0  8  9  9 10  2  4  5  8  1  7  4  4 10  6  1 10 10 10  4  3]
proc_time
[[  0  70  55  84 142 121  51  65  81 104 143 147  94 109  64  89 110 115
   79  81 111]
 [  0 103  53  76  67  82 136  97 120  88 145  62  94 133 143 102  77  70
   79  67 119]
 [  0 148  78  65  55 106  87 132  65 118 109 148 140  63  78  78 109  87
   51 118 118]
 [  0 116  56 149 129 102  73 116  73 102  90  72  64 111  92  61  58  72
  108  58 136]]
setup_time
[[[0 2 3 2 3 0 1 2 2 1 0 4 4 0 2 1 1 3 2 4 2]
  [0 0 3 3 1 2 3 4 4 4 0 1 4 2 2 0 3 0 0 1 3]
  [0 0 0 3 0 1 2 3 3 1 1 1 3 1 1 2 3 1 4 0 1]
  [0 1 3 0 0 3 2 0 4 0 1 0 3 4 0 1 0 1 3 1 4]
  [0 2 0 3 0 3 4 4 1 1 2 1 4 4 1 4 4 2 3 3 3]
  [0 2 1 3 1 0 1 3 4 0 2 2 4 1 2 1 2 0 2 4 3]
  [0 2 0 0 0 1 0 3 1 3 3 3 4 2 3 2 2 4 1 0 4]
  [0 0 3 3 3 2 4 0 3 1 1 2 1 2 3 4 2 4 3 3 0]
  [0 0 3 2 1 0 0 4 0 4 3 0 0 2 3 2 0 0 4 0 4]
  [0 4 4 1 2 2 0 3 1 0 1 1 2 3 1 4 3 3 0 3 3]
  [0 4 1 3 0 1 2 3 2 2 0 4 2 3 3 1 0 0 3 1 4]
  [0 1 4 2 1 0 1 1 3 1 1 0 1 0 1 2 3 4 4 1 3]
  [0 2 1 0 3 4 4 1 2 0 1 2 0 3 3 3 3 4 3 1 2]
  [0 2 4 4 1 4 0 2 2 1 1 1 2 0 1 2 0 2 3 3 0]
  [0 1 0 4 0 0 2 0 0 4 3 4 2 1 0 1 2 2 3 0 1]
  [0 1 4 1 0 4 0 4 1 2 3 4 2 4 2 0 4 1 0 4 3]
  [0 4 3 4 0 3 2 2 2 0 1 0 0 3 4 0 0 3 3 3 4]
  [0 2 1 1 3 2 0 2 4 4 4 4 1 1 1 3 3 0 4 4 1]
  [0 1 2 0 4 0 2 0 0 4 0 0 4 4 2 4 1 1 0 2 0]
  [0 2 3 1 3 0 1 3 4 3 3 3 3 3 4 4 0 1 3 0 0]
  [0 0 1 1 3 0 1 0 2 4 4 3 2 0 1 0 2 3 2 2 0]]

 [[0 0 3 4 3 3 2 2 0 3 2 2 2 2 3 3 1 1 0 3 1]
  [0 0 3 4 4 4 0 0 0 1 4 2 0 3 0 1 3 2 0 3 4]
  [0 2 0 0 3 0 2 3 3 0 3 1 2 2 3 1 0 0 1 2 0]
  [0 4 1 0 4 2 3 4 2 3 2 3 1 0 4 0 0 0 1 1 2]
  [0 0 3 1 0 0 0 0 0 3 0 1 3 4 3 0 2 2 1 3 1]
  [0 3 3 0 3 0 2 3 3 4 0 3 0 4 4 2 2 4 0 4 2]
  [0 2 4 1 4 2 0 3 4 3 4 1 3 3 4 2 0 1 3 0 1]
  [0 1 1 1 4 4 4 0 0 3 2 1 3 1 2 1 4 1 3 1 3]
  [0 0 3 4 2 1 4 1 0 1 0 0 4 0 1 1 1 3 1 3 1]
  [0 1 2 2 2 0 2 3 3 0 4 2 2 1 1 4 0 4 2 0 1]
  [0 0 2 2 1 3 2 4 4 1 0 1 1 2 2 1 1 3 0 1 1]
  [0 1 0 3 4 4 4 2 4 4 2 0 4 0 4 3 4 1 4 0 2]
  [0 3 3 0 0 2 0 0 0 2 3 3 0 4 3 0 4 4 3 4 4]
  [0 4 3 4 3 3 3 2 1 0 3 0 4 0 0 0 1 2 2 3 3]
  [0 0 0 0 1 0 3 1 3 2 1 3 1 4 0 2 3 4 3 3 1]
  [0 0 1 2 2 1 1 1 0 2 1 2 2 2 1 0 3 4 0 1 2]
  [0 2 0 3 1 3 0 4 3 0 2 2 1 2 2 2 0 0 3 0 3]
  [0 3 4 4 3 3 1 4 1 1 4 3 2 2 2 4 0 0 0 1 4]
  [0 0 4 0 1 4 4 1 0 1 4 4 3 0 3 3 0 1 0 3 0]
  [0 0 3 0 2 3 2 2 1 0 4 1 1 1 0 1 1 2 2 0 3]
  [0 4 1 4 2 4 3 1 2 2 3 1 3 1 4 3 1 3 2 4 0]]

 [[0 0 1 4 2 0 1 1 0 0 3 3 2 3 2 4 0 2 3 0 0]
  [0 0 0 0 1 0 3 1 1 3 3 0 1 4 0 3 2 2 4 1 1]
  [0 4 0 1 0 3 3 2 1 4 1 3 1 0 0 4 2 4 1 1 0]
  [0 2 2 0 2 0 2 1 0 1 4 1 3 1 1 2 4 1 3 2 0]
  [0 4 4 4 0 0 0 0 4 2 0 1 0 2 2 4 2 4 3 0 4]
  [0 4 2 3 2 0 0 4 1 3 2 2 0 4 2 3 4 2 1 2 0]
  [0 1 1 3 1 1 0 0 4 3 3 3 3 3 0 4 1 2 2 0 0]
  [0 3 1 1 2 2 0 0 1 1 1 1 1 3 2 3 1 2 1 0 2]
  [0 1 2 4 1 0 3 4 0 0 3 0 3 4 3 1 2 2 1 3 2]
  [0 2 0 2 0 2 2 1 1 0 1 4 4 1 2 3 3 0 3 4 2]
  [0 0 3 3 3 4 4 0 3 2 0 2 1 0 1 0 4 3 4 3 2]
  [0 2 2 2 3 2 2 0 0 4 1 0 2 1 0 4 4 0 0 2 3]
  [0 0 0 4 2 4 3 0 4 4 3 2 0 3 3 0 2 4 1 1 0]
  [0 4 2 2 3 2 2 3 0 4 4 2 4 0 3 2 2 2 0 0 0]
  [0 0 2 4 0 2 2 2 1 2 4 4 1 4 0 3 2 3 2 2 4]
  [0 3 0 1 2 4 3 2 0 2 4 4 4 1 2 0 2 0 2 4 3]
  [0 1 1 3 1 3 4 0 4 4 3 2 1 1 3 2 0 2 0 1 2]
  [0 0 4 0 3 1 1 3 3 0 0 4 1 3 1 2 1 0 3 0 1]
  [0 2 4 4 0 0 1 4 3 2 0 1 3 0 1 2 0 1 0 1 1]
  [0 2 0 4 0 3 1 4 0 3 3 2 3 1 2 1 2 1 3 0 4]
  [0 3 0 3 2 4 3 2 1 0 4 1 3 4 1 0 0 3 0 4 0]]

 [[0 1 1 3 1 3 4 0 4 0 4 4 0 1 3 1 0 2 3 4 1]
  [0 0 1 1 3 0 0 1 4 3 1 1 0 2 2 3 4 0 3 2 2]
  [0 2 0 1 1 4 4 4 3 0 0 0 4 1 1 2 3 2 2 2 4]
  [0 1 0 0 0 3 4 4 1 3 1 2 1 0 0 4 4 1 4 1 3]
  [0 0 4 2 0 4 4 3 1 2 4 4 3 0 2 0 4 3 4 1 1]
  [0 2 1 2 0 0 4 4 3 2 0 2 4 2 0 2 3 4 0 3 1]
  [0 4 3 4 4 0 0 4 0 2 3 0 2 4 3 2 0 1 0 4 1]
  [0 2 3 4 3 1 2 0 2 0 0 4 4 2 2 0 3 3 3 2 1]
  [0 2 1 1 4 3 1 0 0 4 1 2 1 1 2 2 2 1 1 4 4]
  [0 2 3 3 3 2 3 0 4 0 2 2 1 2 1 2 1 0 1 1 3]
  [0 4 0 2 0 2 0 1 0 3 0 1 0 2 4 3 2 0 2 2 2]
  [0 0 4 1 3 0 3 1 4 4 2 0 0 0 0 0 4 0 3 3 3]
  [0 2 1 3 4 3 0 0 2 1 1 0 0 3 1 0 3 3 2 1 0]
  [0 0 4 4 3 3 4 1 4 2 0 3 0 0 1 2 3 3 2 0 4]
  [0 0 4 3 4 0 2 1 0 1 2 1 2 2 0 2 0 3 4 3 2]
  [0 0 4 1 1 3 4 4 1 1 3 3 0 2 1 0 3 4 2 3 4]
  [0 2 4 0 1 3 3 0 0 4 1 0 4 3 1 0 0 0 0 1 0]
  [0 1 4 3 3 2 1 2 4 3 1 1 0 2 2 2 1 0 1 4 2]
  [0 2 0 0 3 4 3 0 0 0 0 3 4 1 2 4 2 3 0 3 4]
  [0 2 3 4 4 4 0 2 1 3 3 0 3 0 2 2 4 1 4 0 2]
  [0 1 1 1 2 4 2 2 1 0 0 2 0 3 4 3 4 0 2 0 0]]]
release_time
[  0 282 337 264 219 278 345 279 255 189 235 237 266 277 294 334 263 309
 176 323 246]
due_date
[  0 367 360 264 281 327 355 364 294 263 305 340 363 358 366 350 339 353
 254 347 356]
unit_emission
[ 2 14  8 19]
emission_limit
9101.5
setup_severity
0.02
due_tight
0.3
due_range
0.25
release_tight
1
degree_constr
0.5
