mach
2
job_rate
5
weight
[ 0  2  3  1 10  5  2  3  6  4 10]
proc_time
[[  0 131  99 131  90  69 100  50 140  68  67]
 [  0 121  95  80  93  88 102  67  89 102 130]]
setup_time
[[[0 3 2 0 4 0 4 3 4 2 2]
  [0 0 3 2 0 1 0 2 0 4 1]
  [0 3 0 2 2 0 2 0 0 3 0]
  [0 0 3 0 0 3 2 3 4 2 1]
  [0 0 2 3 0 1 4 3 2 1 4]
  [0 3 4 0 1 0 4 4 2 1 4]
  [0 3 2 4 1 3 0 2 4 3 4]
  [0 2 2 2 4 0 4 0 2 1 2]
  [0 1 3 1 3 0 4 3 0 1 4]
  [0 2 2 0 2 0 0 1 4 0 1]
  [0 1 1 2 2 0 3 1 0 1 0]]

 [[0 3 0 2 2 2 3 1 0 0 0]
  [0 0 0 0 0 3 4 4 0 3 4]
  [0 3 0 4 1 3 3 0 0 3 4]
  [0 2 3 0 4 4 4 2 0 2 0]
  [0 4 2 1 0 2 0 2 0 1 3]
  [0 4 0 4 0 0 2 1 1 2 1]
  [0 1 1 0 2 2 0 4 4 0 1]
  [0 3 4 4 1 0 0 0 3 1 2]
  [0 4 4 1 4 3 3 1 0 4 4]
  [0 2 4 3 0 0 1 3 2 0 2]
  [0 1 2 0 0 2 2 0 0 1 0]]]
release_time
[  0  51 123 425 124 200  11  92  61 194 173]
due_date
[  0 282 432 457 422 367  89 357 375 239 356]
unit_emission
[8 7]
emission_limit
6123.0
setup_severity
0.02
due_tight
0.3
due_range
1.0
release_tight
10
degree_constr
0.2
