mach
4
job_rate
5
weight
[ 0  5  7  8 10  3  5  8  8  9  3  4  2  9  1  6  3  1  1  8  4]
proc_time
[[  0  82 145  57  67  76 122 125 121  76  90 125  75 144  80  69  87  84
  141  52  64]
 [  0 108 120  50 116 115 102  61 128  84  96  71 101  71  64  92 139 101
   57  73 133]
 [  0 147 117  84 144  93 130 109 129  53  88 136 146 120 144 137  92  50
  123  50  60]
 [  0 118 136 135  60 122  96 134 119  90 150 123 145 114 145 107 118 123
  150  77 149]]
setup_time
[[[0 4 3 4 4 5 2 0 3 5 4 3 5 2 3 5 4 1 5 2 3]
  [0 0 1 4 0 2 1 0 3 3 0 4 0 1 3 1 5 4 4 1 2]
  [0 4 0 1 2 0 1 3 1 2 4 1 2 5 4 0 1 5 0 0 0]
  [0 1 0 0 2 3 2 2 1 1 2 2 3 4 5 1 3 4 3 5 1]
  [0 1 4 0 0 1 4 0 4 5 0 1 5 4 0 1 0 3 3 2 5]
  [0 0 3 1 4 0 4 5 2 5 0 3 0 0 4 5 5 3 2 3 5]
  [0 0 3 0 0 3 0 2 4 0 5 2 3 3 5 3 3 4 0 0 1]
  [0 0 3 2 1 5 1 0 3 5 2 4 2 1 2 3 1 0 0 2 2]
  [0 2 1 0 0 5 4 4 0 2 2 4 5 1 1 1 1 1 5 0 2]
  [0 4 1 2 5 2 0 4 2 0 2 3 0 4 0 5 4 0 2 3 0]
  [0 1 5 2 4 3 1 0 4 2 0 2 3 2 4 1 3 4 1 4 0]
  [0 1 1 1 0 3 4 4 1 0 1 0 2 5 1 5 5 0 3 3 4]
  [0 0 2 2 4 1 1 1 3 0 4 2 0 5 3 4 0 2 0 1 4]
  [0 4 0 4 4 4 3 1 5 1 1 0 4 0 5 2 1 0 4 4 3]
  [0 0 5 2 2 2 2 5 0 1 3 3 1 0 0 3 1 2 4 1 3]
  [0 5 1 4 4 0 1 0 3 0 0 2 3 2 5 0 0 2 0 5 1]
  [0 5 4 5 0 0 1 1 2 1 5 3 0 2 5 4 0 4 2 1 5]
  [0 0 4 5 5 1 4 0 2 0 5 0 3 5 0 4 5 0 3 1 4]
  [0 1 0 4 4 0 5 5 2 2 1 1 0 1 2 5 0 2 0 1 1]
  [0 3 3 3 5 2 3 5 1 2 4 0 2 0 5 1 5 4 4 0 1]
  [0 3 0 2 5 4 2 2 0 3 5 2 2 0 4 3 0 4 4 1 0]]

 [[0 0 1 2 3 3 2 4 1 2 2 2 4 2 5 4 0 2 3 1 4]
  [0 0 1 1 2 2 3 2 5 0 0 5 4 0 3 5 0 2 3 0 1]
  [0 5 0 4 1 5 4 0 3 5 1 2 5 4 5 2 3 5 0 5 4]
  [0 0 0 0 0 0 1 5 1 1 0 0 1 1 3 2 3 3 5 0 4]
  [0 5 3 5 0 4 1 5 1 1 1 0 3 4 0 1 0 5 5 4 1]
  [0 0 2 0 5 0 1 1 3 0 3 3 4 4 1 0 3 2 1 5 4]
  [0 5 1 1 5 0 0 5 3 2 2 4 0 1 1 5 2 4 5 3 3]
  [0 3 4 5 0 5 4 0 0 3 4 2 0 5 5 0 1 3 3 3 2]
  [0 0 1 3 0 2 1 2 0 5 0 3 2 0 0 0 2 0 5 1 1]
  [0 3 4 4 3 0 0 4 4 0 2 3 0 1 5 5 5 0 0 5 4]
  [0 3 0 0 1 5 0 2 3 2 0 5 3 1 3 3 0 0 3 3 0]
  [0 0 1 3 3 4 5 1 2 3 4 0 5 1 4 4 4 3 2 2 4]
  [0 4 3 5 2 0 0 3 3 4 0 3 0 5 3 2 3 1 0 0 4]
  [0 5 4 1 2 2 4 0 3 1 0 3 1 0 4 5 5 3 1 0 3]
  [0 0 4 0 0 2 0 2 2 0 2 2 2 4 0 1 1 1 4 4 5]
  [0 5 4 0 0 2 0 4 2 2 1 0 0 4 0 0 0 4 4 4 3]
  [0 2 1 5 5 1 4 0 4 0 4 0 4 5 4 0 0 5 1 3 1]
  [0 4 3 0 1 1 0 4 3 4 4 3 3 2 5 4 0 0 3 2 1]
  [0 3 0 0 4 0 5 2 3 5 3 0 3 2 5 2 0 3 0 2 1]
  [0 4 5 5 2 5 5 2 3 5 4 5 2 4 2 3 1 5 2 0 1]
  [0 5 4 4 1 4 3 1 0 4 5 2 0 3 0 1 0 2 3 2 0]]

 [[0 4 4 0 0 5 5 3 5 1 1 2 2 4 5 0 5 2 2 0 2]
  [0 0 1 4 0 5 5 5 4 5 3 2 4 3 2 5 5 4 0 3 3]
  [0 4 0 3 4 3 0 2 5 5 0 2 0 2 0 0 3 3 1 0 0]
  [0 1 0 0 1 0 1 1 1 3 1 3 1 2 0 5 3 0 5 5 5]
  [0 5 1 0 0 4 2 4 1 2 4 3 1 2 0 0 5 4 2 0 3]
  [0 1 4 3 0 0 0 2 4 0 4 5 1 1 5 1 2 3 1 3 0]
  [0 0 2 2 2 5 0 3 4 4 5 1 1 5 5 1 3 0 2 3 0]
  [0 4 3 3 2 0 5 0 0 2 1 2 3 5 5 3 5 5 2 1 0]
  [0 4 3 0 0 4 1 3 0 5 5 5 1 2 0 0 1 5 5 1 0]
  [0 4 0 5 2 1 1 2 3 0 5 2 1 2 0 0 0 4 1 4 5]
  [0 4 5 1 5 4 2 0 0 0 0 5 2 1 4 2 1 0 1 5 4]
  [0 1 2 4 5 2 1 3 5 4 5 0 4 5 3 5 3 1 2 0 4]
  [0 5 4 3 3 3 3 5 3 4 4 1 0 4 4 0 3 4 4 5 1]
  [0 3 1 1 0 0 1 2 3 3 3 2 3 0 1 5 0 2 2 0 1]
  [0 5 5 4 1 1 2 4 2 1 3 4 3 1 0 3 5 0 3 1 1]
  [0 5 4 0 3 1 2 2 0 5 0 5 3 0 0 0 1 2 3 5 5]
  [0 0 4 5 3 4 4 1 0 2 2 5 2 5 4 5 0 1 5 2 4]
  [0 4 2 3 4 2 5 2 3 3 3 0 4 4 0 2 5 0 0 3 1]
  [0 3 1 2 4 1 2 0 0 2 2 5 4 0 4 4 3 3 0 4 0]
  [0 3 3 4 3 0 5 0 3 2 1 4 0 4 4 4 3 1 0 0 0]
  [0 2 5 0 1 1 2 5 1 2 5 5 1 5 0 2 4 3 4 1 0]]

 [[0 4 0 1 3 2 0 0 5 5 0 3 5 5 5 2 3 1 1 2 2]
  [0 0 0 0 3 3 4 2 0 4 0 1 4 2 2 3 2 5 0 0 4]
  [0 5 0 1 3 1 2 2 0 1 3 1 2 1 4 3 0 1 5 0 5]
  [0 2 3 0 0 5 3 4 1 2 2 4 5 4 1 3 1 1 3 0 5]
  [0 2 0 1 0 2 0 0 3 2 2 0 0 4 3 0 4 2 0 5 0]
  [0 4 2 3 1 0 1 1 1 5 0 2 4 2 2 2 2 1 2 4 1]
  [0 3 4 4 5 3 0 3 2 5 5 3 4 3 0 3 2 1 3 4 1]
  [0 4 2 0 5 2 0 0 3 3 2 1 0 2 0 3 2 2 5 3 4]
  [0 1 2 5 1 4 4 3 0 1 1 2 4 2 1 1 3 3 0 0 0]
  [0 4 1 0 3 0 4 2 3 0 1 0 2 5 0 2 5 3 2 4 2]
  [0 5 0 4 4 3 0 0 4 3 0 4 4 5 3 2 0 0 0 1 5]
  [0 1 2 2 1 0 4 1 1 0 5 0 1 4 4 4 5 4 3 3 4]
  [0 4 0 2 5 2 1 3 5 3 0 3 0 1 0 0 2 0 2 0 1]
  [0 4 4 1 4 2 0 1 0 3 2 2 0 0 0 5 0 5 2 1 0]
  [0 2 2 4 3 2 2 3 0 2 0 3 4 4 0 3 4 1 3 1 0]
  [0 4 3 0 3 2 2 0 5 3 2 0 1 4 4 0 5 1 3 4 2]
  [0 3 5 1 2 3 3 1 0 1 2 0 3 2 0 5 0 3 0 5 3]
  [0 2 4 2 1 2 3 3 5 3 2 2 5 3 0 2 0 0 1 5 5]
  [0 5 2 0 3 0 2 5 2 5 0 5 2 1 1 2 1 1 0 4 2]
  [0 0 0 0 2 5 3 5 5 3 2 3 5 0 0 5 3 3 2 0 5]
  [0 5 3 2 2 1 0 4 0 1 0 4 3 5 4 1 4 1 1 1 0]]]
release_time
[  0 380 364 372 235 249 380 313 296 334 313 276 379 320 397 239 293 347
 306 326 321]
due_date
[  0 391 399 408 297 318 407 405 397 381 380 387 380 383 401 319 342 402
 389 371 389]
unit_emission
[12 10  3 12]
emission_limit
9709.0
setup_severity
0.02
due_tight
0.3
due_range
0.25
release_tight
1
degree_constr
0.5
