param: 
proc_time: (1, 100)
setup_rate: 0.5
setup_time: (15, 30)
delivery_time: (1, 30)

mach
2
job_rate
10
fam
3
setup_rate
0.5
proc_time
[[ 0 26 43 13  5  3 48 60 90 56 19 19  7 89 80 62 49 98 81 70  5]
 [ 0 60 86 77 36 85 11 70 81 47 26 93 54 97 45 19 24 49  7 86 65]]
setup_time
[[[ 0 25 19 29]
  [ 0  0 27 17]
  [ 0 18  0 30]
  [ 0 26 26  0]]

 [[ 0 20 29 16]
  [ 0  0 21 18]
  [ 0 17  0 30]
  [ 0 21 30  0]]]
delivery_time
[[ 0  6 15  8 13 25 28  2 18 27 22  4 24  4 15 23 27 10  3 29 19]
 [ 0 24 19  6  9  8 12  5 23 25  6 26 12 20 18 27  8  1 20  9 12]]
job2fam
[[1 0 0 0 0 0 0 0 0 0 0 0 0 0 0 0 0 0 0 0 0]
 [0 0 1 1 0 0 0 0 1 0 1 0 1 0 0 0 0 0 0 1 1]
 [0 0 0 0 1 0 0 1 0 1 0 1 0 1 1 0 1 1 1 0 0]
 [0 1 0 0 0 1 1 0 0 0 0 0 0 0 0 1 0 0 0 0 0]]
unit_cost
[13  9]
pre_factor
1.0
