param: 
proc_time: (1, 100)
setup_rate: 0.5
setup_time: (15, 30)
delivery_time: (1, 100)

mach
2
job_rate
10
fam
3
setup_rate
0.5
proc_time
[[ 0 52 40  9 75 66 58  8 40 46 55 54 75 12 13 58 11 23 52 60 91]
 [ 0 86 63 25 62 93 35 36 60 87 94 46  3 85 35 77 28 22 33  7 92]]
setup_time
[[[ 0 15 18 19]
  [ 0  0 27 28]
  [ 0 18  0 16]
  [ 0 25 29  0]]

 [[ 0 28 20 20]
  [ 0  0 19 16]
  [ 0 22  0 30]
  [ 0 15 16  0]]]
delivery_time
[[ 0 40 25 24 29  5  1 75 13  3  8 71 79 96 33 22 13 30 20 41 84]
 [ 0 74 33 15 13 27  6 87 95 74 82  7 52 29 66 44 89 74 21 57 22]]
job2fam
[[1 0 0 0 0 0 0 0 0 0 0 0 0 0 0 0 0 0 0 0 0]
 [0 0 1 1 0 0 1 0 0 0 0 0 0 0 0 1 0 0 1 1 0]
 [0 0 0 0 1 1 0 1 0 1 1 1 0 1 0 0 0 1 0 0 0]
 [0 1 0 0 0 0 0 0 1 0 0 0 1 0 1 0 1 0 0 0 1]]
unit_cost
[18 15]
pre_factor
1.0
