param: 
proc_time: (1, 100)
setup_rate: 2.0
setup_time: (60, 120)
delivery_time: (100, 200)

mach
2
job_rate
10
fam
3
setup_rate
2.0
proc_time
[[ 0 37 78 11 64 44 68 68 78 39  1 17 22 59 22 69 36 46 23 83 22]
 [ 0 80 90 15 40  6 86 75 87 73 50 67 24  7 43 41 40 27 59 20 81]]
setup_time
[[[  0  66  80  76]
  [  0   0  95  94]
  [  0 116   0  66]
  [  0  67  94   0]]

 [[  0  63  71  84]
  [  0   0 116  74]
  [  0 112   0  87]
  [  0  81 105   0]]]
delivery_time
[[  0 112 109 140 173 195 141 197 105 139 128 148 168 179 189 193 115 115
  122 108 101]
 [  0 148 148 123 113 187 145 117 141 194 200 153 189 152 185 184 179 135
  185 171 164]]
job2fam
[[1 0 0 0 0 0 0 0 0 0 0 0 0 0 0 0 0 0 0 0 0]
 [0 0 0 0 0 1 0 0 0 0 0 1 0 1 0 1 1 1 0 1 1]
 [0 1 1 1 1 0 0 1 0 1 1 0 1 0 1 0 0 0 0 0 0]
 [0 0 0 0 0 0 1 0 1 0 0 0 0 0 0 0 0 0 1 0 0]]
unit_cost
[23 28]
pre_factor
1.0
