param: 
proc_time: (1, 100)
setup_rate: 0.5
setup_time: (15, 30)
delivery_time: (100, 200)

mach
2
job_rate
8
fam
5
setup_rate
0.5
proc_time
[[ 0 39  4 30 30 22 75 66 12 94 36 18 90 53 71  1 58]
 [ 0 87 90  6 70 44 72 24 86 19 18 95 30 42 33 74 12]]
setup_time
[[[ 0 28 25 21 23 20]
  [ 0  0 21 27 15 25]
  [ 0 19  0 16 18 21]
  [ 0 26 20  0 17 21]
  [ 0 16 26 20  0 24]
  [ 0 26 25 29 24  0]]

 [[ 0 25 16 18 15 16]
  [ 0  0 20 16 26 29]
  [ 0 24  0 21 23 19]
  [ 0 25 30  0 28 21]
  [ 0 30 26 17  0 15]
  [ 0 24 27 20 30  0]]]
delivery_time
[[  0 114 170 197 140 121 123 200 143 100 109 179 171 155 188 149 111]
 [  0 180 159 125 177 140 135 122 142 105 168 142 124 117 161 112 142]]
job2fam
[[1 0 0 0 0 0 0 0 0 0 0 0 0 0 0 0 0]
 [0 0 0 1 1 0 0 0 0 0 0 0 0 0 0 0 0]
 [0 0 0 0 0 0 0 0 1 0 0 0 0 0 0 0 1]
 [0 1 0 0 0 0 0 1 0 0 0 0 0 0 1 0 0]
 [0 0 1 0 0 0 0 0 0 0 0 1 1 0 0 0 0]
 [0 0 0 0 0 1 1 0 0 1 1 0 0 1 0 1 0]]
unit_cost
[16 23]
pre_factor
0.5
