param: 
proc_time: (1, 100)
setup_rate: 1.0
setup_time: (30, 60)
delivery_time: (1, 100)

mach
2
job_rate
10
fam
3
setup_rate
1.0
proc_time
[[ 0 84 95 63 11 27  2 43  7 20 68  7 65 20 49 16 59 39 68 20 43]
 [ 0 37 39 14 90 45 94 31 68 94 88 72 80 95  1 88 19 93 21 71 27]]
setup_time
[[[ 0 32 34 32]
  [ 0  0 53 55]
  [ 0 60  0 51]
  [ 0 30 56  0]]

 [[ 0 59 34 50]
  [ 0  0 33 41]
  [ 0 37  0 36]
  [ 0 60 56  0]]]
delivery_time
[[  0  99  55  81   9  87  46  93  83  54  51  32  52  62  54  41  81  13
   63  13  67]
 [  0  51  72  40  49  87 100  12  24  92  46  46  45  38  95  67  51  51
   88  62  71]]
job2fam
[[1 0 0 0 0 0 0 0 0 0 0 0 0 0 0 0 0 0 0 0 0]
 [0 1 1 0 0 1 0 1 0 0 0 1 1 0 0 0 0 0 1 0 1]
 [0 0 0 1 0 0 1 0 1 0 0 0 0 0 1 1 1 0 0 0 0]
 [0 0 0 0 1 0 0 0 0 1 1 0 0 1 0 0 0 1 0 1 0]]
unit_cost
[12 18]
pre_factor
1.0
