param: 
proc_time: (1, 100)
setup_rate: 1.0
setup_time: (30, 60)
delivery_time: (170, 200)

mach
2
job_rate
10
fam
3
setup_rate
1.0
proc_time
[[ 0 44 58 10 11  2  5 33  1 86 46 85 40 13 16 44 70 42 31 28 33]
 [ 0 54 30 46 18  1 95 73 79 87 16 87 39 92 26 85 75 42 56 11 78]]
setup_time
[[[ 0 40 47 35]
  [ 0  0 42 52]
  [ 0 42  0 50]
  [ 0 48 52  0]]

 [[ 0 46 47 37]
  [ 0  0 48 30]
  [ 0 56  0 53]
  [ 0 37 40  0]]]
delivery_time
[[  0 197 193 180 191 178 200 185 178 190 196 177 200 193 197 199 176 174
  186 195 175]
 [  0 173 170 179 175 190 194 194 190 178 198 182 184 185 176 172 177 184
  188 187 173]]
job2fam
[[1 0 0 0 0 0 0 0 0 0 0 0 0 0 0 0 0 0 0 0 0]
 [0 0 0 0 0 0 1 1 1 1 1 0 0 0 0 1 1 1 0 0 1]
 [0 1 0 1 1 1 0 0 0 0 0 1 0 1 0 0 0 0 0 1 0]
 [0 0 1 0 0 0 0 0 0 0 0 0 1 0 1 0 0 0 1 0 0]]
unit_cost
[32 34]
pre_factor
1.0
