mach
4
job_rate
5
weight
[ 0  8 10  2  2 10 10  8 10  6  6 10  7  9  6  3  6  7  9  9  7]
proc_time
[[  0 146 120  70  62 136  55  89 124 117  71  67 110 121 110 107  89 103
   69 140  55]
 [  0 144  53 122  74  93  88  85  94 122  96  64  94 107  86 140  68  78
  122  95 115]
 [  0  76  75  61 104  93 109  57 120 113 148 144 108  57  72  65 124  70
  136 125 128]
 [  0 146 128 113 145  82 149  73 106 140  91  51  97  57 119  81 134 114
   52 150  93]]
setup_time
[[[0 2 3 1 0 3 0 3 0 0 5 0 3 2 5 0 3 3 2 4 2]
  [0 0 2 2 2 2 0 3 5 2 3 3 5 4 1 4 2 0 0 1 0]
  [0 0 0 2 3 1 5 5 1 0 1 5 2 2 0 3 2 4 1 4 1]
  [0 3 5 0 0 0 2 3 4 1 2 0 0 1 0 2 5 5 2 3 4]
  [0 5 3 3 0 2 4 5 0 0 0 3 4 2 2 5 2 0 4 3 2]
  [0 5 4 5 4 0 5 3 5 5 3 1 3 0 5 3 5 5 5 4 2]
  [0 4 1 4 5 4 0 4 3 5 3 2 1 5 2 3 2 5 4 3 3]
  [0 3 5 3 0 3 3 0 4 4 4 4 2 3 5 4 0 0 0 4 5]
  [0 3 5 5 4 2 3 1 0 2 4 2 3 0 2 3 0 4 0 0 2]
  [0 3 0 2 4 2 5 5 2 0 2 0 0 1 5 0 5 2 3 1 4]
  [0 2 5 1 1 5 4 0 4 1 0 5 3 0 3 2 1 0 5 1 5]
  [0 3 2 2 4 5 2 0 4 3 2 0 3 4 0 0 0 4 1 2 4]
  [0 3 0 0 0 2 1 5 1 0 3 0 0 3 4 4 2 3 0 5 2]
  [0 2 2 3 5 0 4 0 3 0 5 3 4 0 1 2 0 4 2 1 5]
  [0 3 2 5 3 2 2 3 2 1 2 3 3 4 0 2 0 3 1 5 2]
  [0 4 4 0 5 3 5 5 4 0 0 4 0 4 4 0 5 0 5 4 3]
  [0 0 2 3 2 0 4 3 4 3 0 3 0 1 1 0 0 2 2 3 0]
  [0 5 0 5 2 2 3 2 5 4 1 4 2 3 2 1 0 0 3 0 5]
  [0 1 0 5 0 1 3 0 2 3 5 2 2 2 2 4 5 3 0 3 5]
  [0 4 5 2 4 2 1 2 1 4 1 0 1 0 2 4 0 1 1 0 0]
  [0 1 2 1 0 3 2 3 1 2 4 1 1 2 2 0 2 3 0 2 0]]

 [[0 2 3 3 2 1 1 4 1 0 5 4 1 3 2 5 5 4 0 2 1]
  [0 0 5 1 4 3 5 4 4 1 4 1 0 4 2 0 0 0 2 1 3]
  [0 1 0 2 5 3 5 1 3 2 0 5 4 2 1 1 1 2 1 1 4]
  [0 1 0 0 0 2 5 5 3 3 1 3 0 5 2 0 1 3 4 4 4]
  [0 5 5 0 0 3 4 0 4 4 5 3 4 4 5 1 0 4 4 4 3]
  [0 4 2 4 1 0 3 2 0 5 4 4 1 3 5 4 4 0 5 5 2]
  [0 5 2 5 0 0 0 0 4 0 4 5 2 5 1 0 4 4 5 2 5]
  [0 2 3 1 4 0 1 0 4 0 2 5 0 3 4 3 4 3 4 2 4]
  [0 0 5 0 3 5 1 3 0 2 0 3 3 1 5 4 3 2 5 2 0]
  [0 1 2 0 2 3 3 3 2 0 0 3 5 2 4 4 5 1 5 2 5]
  [0 4 4 2 0 0 1 2 3 5 0 4 3 1 3 0 0 4 0 2 4]
  [0 2 0 0 3 4 1 3 4 4 5 0 3 1 0 5 5 3 0 0 1]
  [0 5 3 4 4 3 2 5 3 4 4 2 0 4 1 2 5 4 2 5 5]
  [0 3 0 4 2 1 1 5 1 3 5 2 4 0 3 4 2 4 4 4 4]
  [0 5 5 2 3 4 4 5 3 3 5 1 0 3 0 3 3 5 3 4 3]
  [0 5 2 2 5 4 3 0 3 0 0 3 4 0 1 0 2 2 3 4 1]
  [0 1 1 5 2 3 5 4 0 5 0 1 4 2 4 1 0 2 4 2 3]
  [0 1 5 0 0 5 0 0 1 3 4 5 3 4 1 2 0 0 2 4 2]
  [0 2 1 2 4 2 0 2 3 3 4 4 0 1 2 1 5 5 0 4 4]
  [0 2 5 1 2 3 4 3 4 0 0 1 4 4 5 5 5 0 5 0 5]
  [0 1 1 1 5 4 1 3 5 0 0 0 5 0 5 0 0 0 1 5 0]]

 [[0 5 1 3 3 5 4 3 2 1 5 1 5 3 1 0 4 3 1 0 5]
  [0 0 2 2 0 5 4 5 0 1 3 3 1 1 3 1 0 5 5 1 0]
  [0 4 0 4 5 4 2 2 4 0 5 2 0 5 2 4 0 1 4 5 0]
  [0 1 4 0 4 5 2 2 0 4 1 4 4 2 2 3 4 3 4 2 0]
  [0 3 2 4 0 5 4 2 5 2 1 0 2 4 3 1 1 2 1 4 5]
  [0 4 1 5 1 0 3 5 4 2 2 1 2 3 0 1 1 5 3 0 5]
  [0 2 5 4 2 5 0 1 2 2 5 0 5 3 4 4 2 2 0 2 1]
  [0 3 1 1 0 5 3 0 4 2 0 2 3 5 5 2 3 3 5 4 5]
  [0 5 5 5 3 4 3 1 0 3 0 3 1 3 5 3 4 1 4 3 5]
  [0 2 2 2 5 3 0 2 4 0 1 1 3 1 4 1 4 0 4 5 1]
  [0 2 0 0 5 3 3 2 1 2 0 2 1 3 3 1 0 4 1 5 1]
  [0 3 4 5 4 0 2 2 3 2 3 0 1 3 2 3 2 4 3 3 5]
  [0 0 3 1 4 4 4 4 3 1 5 3 0 4 1 3 3 5 4 1 3]
  [0 0 5 2 0 3 4 2 2 1 0 4 1 0 0 0 3 2 0 3 4]
  [0 5 3 4 1 3 2 3 3 1 1 0 0 3 0 0 1 1 4 2 0]
  [0 5 2 3 4 5 1 5 4 0 2 0 5 5 2 0 5 3 4 2 5]
  [0 4 3 4 0 4 5 2 1 5 0 2 5 4 0 4 0 2 5 5 4]
  [0 5 5 3 1 4 3 3 0 5 2 5 0 1 5 4 3 0 0 4 1]
  [0 2 5 0 2 1 0 1 0 4 2 4 2 4 4 1 5 3 0 5 2]
  [0 2 5 2 2 5 3 0 3 1 1 1 2 0 4 0 2 0 5 0 1]
  [0 1 3 1 4 5 4 0 4 3 4 4 3 1 1 1 4 3 3 2 0]]

 [[0 1 0 0 0 1 5 2 0 2 0 2 1 3 4 3 3 5 3 5 0]
  [0 0 5 2 5 4 4 1 1 3 4 5 1 3 5 3 4 5 4 1 1]
  [0 5 0 4 5 2 0 0 4 3 1 5 0 0 5 3 2 3 1 2 4]
  [0 3 5 0 4 5 4 2 4 5 0 2 1 2 0 5 4 0 4 5 4]
  [0 5 1 0 0 3 5 1 2 4 4 5 0 5 0 0 4 3 5 1 3]
  [0 5 0 4 5 0 5 2 5 0 5 5 5 0 0 1 5 3 1 3 5]
  [0 4 3 2 2 3 0 0 0 2 2 1 1 2 5 3 4 0 2 3 1]
  [0 2 4 4 1 4 3 0 3 5 4 2 1 0 3 0 3 5 3 2 3]
  [0 2 4 4 3 3 5 3 0 0 0 0 0 4 4 2 2 4 5 4 0]
  [0 2 2 0 1 3 5 2 5 0 5 4 0 1 1 2 0 0 4 5 2]
  [0 5 0 0 0 4 2 5 3 2 0 5 2 4 0 3 4 1 4 3 4]
  [0 4 4 4 5 1 2 5 3 1 5 0 0 2 1 3 5 1 3 5 4]
  [0 0 5 2 0 5 4 3 5 2 3 3 0 1 3 5 0 4 3 3 5]
  [0 1 1 3 5 5 5 0 5 1 2 2 5 0 5 3 0 4 1 4 1]
  [0 3 2 4 4 0 0 2 4 0 4 0 5 3 0 5 1 0 5 4 1]
  [0 1 5 0 1 5 1 0 2 2 0 4 3 3 0 0 5 0 4 2 0]
  [0 0 5 5 2 1 2 4 5 1 5 4 3 2 4 3 0 0 4 5 4]
  [0 4 1 2 1 3 1 5 1 0 1 4 4 0 5 0 2 0 0 0 3]
  [0 5 4 4 4 3 1 4 1 4 2 4 2 1 1 2 3 0 0 2 0]
  [0 0 2 0 5 0 5 0 3 0 0 3 2 3 3 1 1 4 0 0 3]
  [0 0 0 1 4 1 5 3 0 2 2 2 0 2 4 3 4 5 4 0 0]]]
release_time
[  0 139  36  25 352 222 153  21 169  19 106  48 154 116 117  44 346 280
 170 114  54]
due_date
[  0 192 156 213 401 483 419 389 296 500 299  82 395 431 451 431 503 493
 255 360 401]
unit_emission
[ 6  9 17  6]
emission_limit
11325.4
setup_severity
0.02
due_tight
0.3
due_range
1.0
release_tight
10
degree_constr
0.2
