param: 
proc_time: (1, 100)
setup_rate: 1.0
setup_time: (30, 60)
delivery_time: (1, 30)

mach
2
job_rate
10
fam
8
setup_rate
1.0
proc_time
[[ 0  2 12 46 77 51 20  6 87 23 17 74 83 64  3  4 99 81  4 45 82]
 [ 0 16 95 36  8 94 75 30 24 78 96 78 75 56 86 43 91 71 84 75 53]]
setup_time
[[[ 0 52 42 39 50 55 38 52 45]
  [ 0  0 55 32 51 44 36 36 47]
  [ 0 54  0 31 35 53 54 55 32]
  [ 0 60 37  0 38 57 41 50 48]
  [ 0 45 45 56  0 47 46 50 33]
  [ 0 59 53 48 39  0 31 51 54]
  [ 0 41 34 34 32 51  0 53 38]
  [ 0 58 54 49 55 43 45  0 57]
  [ 0 31 50 43 59 48 45 30  0]]

 [[ 0 44 46 34 59 32 49 53 57]
  [ 0  0 37 37 41 52 44 48 40]
  [ 0 30  0 37 54 43 43 52 41]
  [ 0 30 38  0 48 44 49 32 33]
  [ 0 35 45 41  0 34 57 45 42]
  [ 0 35 40 44 34  0 56 39 58]
  [ 0 47 36 41 36 35  0 52 55]
  [ 0 54 42 44 54 56 35  0 45]
  [ 0 57 58 55 37 56 57 59  0]]]
delivery_time
[[ 0 25 28  9 21  3 17  1  5 26 10  8 16  7 24  7  7 23 15 10  8]
 [ 0 27 15 10 10  9 23 28  3 23  2  6  7 12 22 27  5  8  4 10 16]]
job2fam
[[1 0 0 0 0 0 0 0 0 0 0 0 0 0 0 0 0 0 0 0 0]
 [0 0 0 0 0 0 0 0 0 0 0 0 1 0 0 0 0 0 0 0 0]
 [0 0 0 1 0 1 0 0 0 0 1 0 0 0 0 0 0 0 1 0 0]
 [0 1 0 0 0 0 0 0 0 1 0 0 0 0 0 0 0 0 0 0 0]
 [0 0 1 0 0 0 0 0 0 0 0 0 0 0 0 0 1 0 0 0 0]
 [0 0 0 0 0 0 0 0 0 0 0 1 0 0 0 0 0 0 0 0 0]
 [0 0 0 0 1 0 1 1 0 0 0 0 0 0 0 0 0 1 0 0 1]
 [0 0 0 0 0 0 0 0 0 0 0 0 0 1 1 1 0 0 0 0 0]
 [0 0 0 0 0 0 0 0 1 0 0 0 0 0 0 0 0 0 0 1 0]]
unit_cost
[ 9 14]
pre_factor
1.0
