param: 
proc_time: (1, 100)
setup_rate: 2.0
setup_time: (60, 120)
delivery_time: (100, 200)

mach
2
job_rate
10
fam
8
setup_rate
2.0
proc_time
[[ 0 19 66 49 49 56 94 55 24 82 54 66  1  7 37 45 49 85 34 51 91]
 [ 0 64 28 87 81 39 42 93 60 43 10 85 12  7 62 73 51 16 10 70 67]]
setup_time
[[[  0  70  96 119 104  90 116  89 103]
  [  0   0  82  69  75  74  73 116  85]
  [  0  83   0 100  97 109  64 120 116]
  [  0  98  79   0 106 102 116 105 101]
  [  0  93  67  94   0 109  96  96  65]
  [  0  78  97  74 107   0  65 102 120]
  [  0  72  96 116 105 117   0 106  70]
  [  0  61  65 103  68 110  98   0 114]
  [  0 113 115 119  62  60  84  70   0]]

 [[  0  96 111 103  73  73  98 109  62]
  [  0   0 104  66  93 113 111  75  64]
  [  0  94   0  86 101 101  77  88  91]
  [  0  99  68   0 116 118 109  61 120]
  [  0 114  69  61   0 118  90 119 117]
  [  0  77 114 114  81   0  69 104  78]
  [  0  78  85  83  87  74   0  96  93]
  [  0 113 100  61  63  96  89   0 106]
  [  0  61  62 107  97  98  62  70   0]]]
delivery_time
[[  0 147 196 122 139 160 199 198 129 153 117 165 182 157 105 134 145 183
  194 198 199]
 [  0 115 113 112 154 182 105 176 176 139 100 184 152 113 165 145 198 166
  141 154 110]]
job2fam
[[1 0 0 0 0 0 0 0 0 0 0 0 0 0 0 0 0 0 0 0 0]
 [0 0 0 1 0 0 0 0 0 0 0 0 0 0 0 0 0 0 0 0 0]
 [0 0 0 0 1 0 0 0 0 0 0 0 0 0 1 0 0 0 0 1 0]
 [0 0 0 0 0 0 0 0 0 0 1 1 0 0 0 0 0 1 0 0 0]
 [0 0 0 0 0 0 0 0 0 0 0 0 0 0 0 0 1 0 0 0 0]
 [0 1 0 0 0 1 0 0 1 0 0 0 0 0 0 1 0 0 0 0 1]
 [0 0 0 0 0 0 0 1 0 1 0 0 0 0 0 0 0 0 0 0 0]
 [0 0 1 0 0 0 1 0 0 0 0 0 1 1 0 0 0 0 0 0 0]
 [0 0 0 0 0 0 0 0 0 0 0 0 0 0 0 0 0 0 1 0 0]]
unit_cost
[29 26]
pre_factor
1.0
