mach
4
job_rate
5
weight
[ 0  7  4  5  5  7  1  8  5  4  8  8 10  3 10 10  4  7  2  6  8]
proc_time
[[  0 120  67  62 104 108  50  90 118  90 141  80 115  94 129  86 113 136
  134  86 135]
 [  0 135 130 108 136 112  63 113  79 148 118  67 119 144 140  76  52 116
  138 118 149]
 [  0  58 127  53  89 144 110 101  68  79  98 141 130  67 107 126 106 135
   66 102  76]
 [  0 144  59 104 102 149  76 146  90 129 110 131 124 140 131 117 135  90
   50  74 111]]
setup_time
[[[0 1 2 3 5 3 3 1 4 1 0 0 5 4 5 1 0 0 5 1 0]
  [0 0 1 0 3 0 0 1 4 4 0 5 2 3 5 3 1 2 2 0 0]
  [0 4 0 4 3 0 5 2 0 5 2 4 2 4 4 5 3 0 4 0 0]
  [0 5 4 0 2 4 5 3 1 5 5 1 5 5 1 3 5 2 2 5 3]
  [0 2 0 5 0 2 5 0 1 1 2 0 3 2 0 3 0 3 3 3 1]
  [0 3 5 5 0 0 4 5 5 2 4 4 3 1 1 3 2 4 1 3 3]
  [0 3 0 0 5 0 0 4 3 3 5 3 4 3 3 2 4 3 2 0 2]
  [0 1 5 2 2 3 0 0 5 1 0 4 3 5 3 5 5 2 4 4 5]
  [0 2 3 5 0 0 1 1 0 5 2 2 5 1 5 3 2 0 5 3 4]
  [0 5 3 4 0 2 4 2 3 0 3 2 2 0 3 1 3 3 2 0 1]
  [0 0 5 5 0 0 1 5 2 1 0 1 1 0 0 4 4 2 4 5 2]
  [0 5 4 4 0 5 5 0 4 0 2 0 1 1 3 4 3 5 3 5 1]
  [0 0 5 0 5 2 0 2 5 3 2 1 0 1 4 2 0 3 4 1 0]
  [0 4 2 1 5 2 1 3 4 5 5 2 5 0 0 0 1 0 1 1 3]
  [0 3 3 3 2 1 3 0 5 4 0 2 4 2 0 1 4 1 0 2 5]
  [0 0 2 2 1 5 3 4 3 3 3 3 1 2 1 0 2 2 5 0 1]
  [0 1 1 5 1 4 4 5 3 4 3 2 0 0 3 1 0 2 4 0 5]
  [0 3 5 2 3 1 2 3 4 1 1 2 5 2 2 3 3 0 2 4 1]
  [0 2 0 0 2 2 3 2 4 3 5 4 3 4 0 0 5 1 0 5 1]
  [0 3 3 1 4 1 1 0 2 4 2 4 2 3 0 1 0 4 4 0 1]
  [0 1 2 3 0 2 5 2 0 3 1 5 1 1 1 5 1 5 1 3 0]]

 [[0 0 4 2 2 4 4 0 2 4 3 3 5 5 2 0 2 1 0 5 0]
  [0 0 0 4 5 0 1 5 5 3 5 2 2 5 5 5 1 5 3 5 2]
  [0 3 0 1 2 0 3 1 2 4 2 3 5 0 3 4 5 0 4 2 0]
  [0 0 1 0 1 3 2 5 2 0 3 3 3 0 0 2 2 1 5 3 5]
  [0 2 1 3 0 4 5 4 0 1 0 4 5 1 5 1 3 2 5 5 0]
  [0 2 1 5 4 0 5 0 4 2 2 5 0 0 5 4 2 2 4 5 3]
  [0 2 0 4 4 5 0 3 4 1 5 3 3 0 1 1 2 0 3 4 5]
  [0 4 2 3 5 3 4 0 2 0 2 4 0 3 0 1 5 2 0 2 2]
  [0 3 5 5 1 3 1 2 0 1 0 3 4 2 1 2 2 2 1 2 0]
  [0 1 4 2 4 2 0 5 2 0 2 5 4 5 2 2 3 3 1 2 1]
  [0 4 0 0 4 3 5 5 4 2 0 1 5 3 0 2 0 0 2 4 2]
  [0 1 5 5 4 1 5 2 3 5 2 0 3 0 1 0 1 1 1 5 3]
  [0 2 5 3 2 3 4 5 5 4 3 2 0 5 1 5 2 5 0 3 0]
  [0 1 0 2 5 2 5 2 4 4 1 0 5 0 3 4 5 4 5 0 3]
  [0 5 0 0 4 0 1 1 4 2 0 4 4 0 0 3 4 0 5 5 4]
  [0 4 3 5 2 2 5 4 3 2 3 5 5 4 4 0 0 5 1 3 3]
  [0 1 0 1 3 5 1 2 3 3 4 0 0 5 5 4 0 1 4 3 4]
  [0 1 2 0 5 4 2 3 5 5 4 3 0 4 2 0 0 0 4 0 2]
  [0 2 5 2 1 4 2 1 2 1 1 3 0 1 0 4 0 2 0 4 0]
  [0 1 0 4 1 4 5 4 5 4 0 0 1 4 1 4 2 3 0 0 4]
  [0 4 4 0 5 4 2 4 3 0 5 1 1 3 3 2 4 1 1 0 0]]

 [[0 4 1 5 1 1 2 2 5 0 5 4 5 0 3 5 4 3 0 2 5]
  [0 0 0 5 4 1 3 2 3 0 1 3 3 4 5 3 0 4 5 1 5]
  [0 3 0 2 2 3 1 4 0 0 4 2 1 5 4 5 3 3 0 0 4]
  [0 4 2 0 2 0 5 5 1 3 5 2 2 2 5 3 1 5 5 1 1]
  [0 5 2 5 0 0 3 1 3 2 3 2 0 3 3 5 3 2 3 5 3]
  [0 0 0 1 0 0 5 2 2 3 3 2 4 1 5 5 1 2 4 4 2]
  [0 3 2 2 1 5 0 2 4 4 0 0 5 2 0 0 2 0 0 5 1]
  [0 1 0 1 3 1 1 0 1 1 1 4 1 0 1 4 1 5 3 1 0]
  [0 4 2 2 2 3 0 4 0 0 3 2 3 5 5 2 0 1 0 5 0]
  [0 4 2 4 0 5 2 5 2 0 3 1 3 2 2 1 1 0 4 2 0]
  [0 4 1 3 3 2 3 0 1 3 0 0 4 3 1 5 1 0 5 1 4]
  [0 4 3 1 2 2 4 4 2 5 5 0 4 0 3 2 1 2 0 2 3]
  [0 0 2 0 1 1 2 5 0 0 0 4 0 1 4 1 0 3 5 4 2]
  [0 0 0 5 0 4 1 4 0 1 4 5 0 0 5 1 0 4 1 0 5]
  [0 0 4 5 4 0 0 5 5 3 4 4 4 2 0 0 4 1 0 0 5]
  [0 5 3 2 1 4 4 0 4 4 3 0 1 3 0 0 3 0 1 1 0]
  [0 0 2 3 0 2 4 2 0 1 5 5 5 3 3 0 0 3 0 5 4]
  [0 2 1 4 5 1 4 5 3 5 4 0 0 1 5 1 5 0 4 4 3]
  [0 4 4 1 4 2 2 2 0 3 1 3 4 5 4 5 1 3 0 4 4]
  [0 5 0 4 3 3 5 3 4 5 3 1 1 0 0 3 4 1 4 0 4]
  [0 3 5 3 0 1 1 1 3 5 4 1 3 3 3 0 5 1 0 3 0]]

 [[0 3 4 4 0 4 1 0 4 0 2 3 5 0 2 4 1 3 1 1 2]
  [0 0 3 1 5 2 1 4 0 2 4 4 2 1 2 3 2 0 5 4 3]
  [0 0 0 3 3 4 2 3 3 1 0 3 3 4 5 1 5 4 0 4 5]
  [0 4 1 0 4 5 4 5 2 5 4 5 4 4 1 3 1 1 5 4 2]
  [0 5 2 1 0 4 0 4 2 4 1 0 3 1 2 3 0 4 4 4 5]
  [0 1 0 2 0 0 4 1 3 4 5 1 4 4 2 0 3 3 4 4 0]
  [0 5 4 5 2 4 0 3 4 4 3 3 0 2 5 1 2 5 0 4 4]
  [0 3 2 4 4 3 3 0 5 2 2 4 1 1 0 3 2 5 0 2 2]
  [0 1 3 4 1 1 0 3 0 3 4 4 4 5 3 4 4 1 0 4 0]
  [0 4 3 0 5 2 2 2 1 0 3 5 5 4 5 5 0 2 1 2 0]
  [0 0 3 5 5 3 3 1 4 5 0 1 5 1 4 4 4 2 1 3 1]
  [0 3 1 5 0 3 1 3 1 1 3 0 4 4 0 1 5 2 0 1 5]
  [0 0 0 2 2 3 2 5 5 1 3 1 0 1 4 1 1 2 1 2 2]
  [0 1 5 4 4 4 1 3 5 4 5 2 3 0 2 5 5 2 4 4 1]
  [0 1 1 5 5 0 0 1 4 5 0 1 2 5 0 3 4 4 0 3 0]
  [0 4 5 2 2 0 0 0 3 2 3 0 2 1 1 0 4 2 3 0 5]
  [0 4 3 5 1 5 4 5 1 3 3 3 5 4 2 2 0 1 3 0 2]
  [0 3 4 3 0 2 5 2 0 1 4 1 4 0 1 4 4 0 5 2 3]
  [0 5 2 5 3 4 2 5 1 1 0 5 3 2 5 1 1 2 0 2 3]
  [0 4 5 3 3 4 1 3 1 4 1 3 2 2 3 5 2 1 4 0 0]
  [0 4 5 3 5 0 2 2 0 5 2 3 3 0 5 5 0 3 5 4 0]]]
release_time
[ 0 12 42 41 21 44 14  7  1  1  4 11  2 44 23 36 39  5  4 21  5]
due_date
[  0  51  52  46  52  49  49  53  45  43 114  50  46  44  42  53  46  53
  46  45  54]
unit_emission
[20  6  9  6]
emission_limit
11873.4
setup_severity
0.02
due_tight
0.9
due_range
0.25
release_tight
1
degree_constr
0.2
