mach
2
job_rate
5
weight
[ 0  8 10  4  7 10 10  5  8  1  8]
proc_time
[[  0 117 109 120 115 120  66 113  85  73 149]
 [  0  82  56  86  70  92  99 125 109 131 136]]
setup_time
[[[0 1 4 1 0 2 0 5 4 0 5]
  [0 0 3 2 5 1 0 3 5 4 2]
  [0 5 0 5 5 2 4 1 1 0 3]
  [0 1 0 0 3 3 0 2 3 1 5]
  [0 4 1 2 0 3 0 5 3 5 3]
  [0 4 1 1 5 0 5 3 1 1 5]
  [0 0 2 1 4 3 0 3 2 5 5]
  [0 0 4 5 3 1 1 0 3 0 3]
  [0 1 2 3 1 2 4 4 0 5 3]
  [0 3 2 5 1 2 4 4 5 0 5]
  [0 2 0 5 3 0 3 5 4 3 0]]

 [[0 5 1 5 0 5 2 0 1 3 0]
  [0 0 4 2 3 0 2 2 3 1 2]
  [0 4 0 0 5 1 5 5 5 0 2]
  [0 1 0 0 0 4 3 4 4 4 2]
  [0 1 1 0 0 0 1 2 3 3 5]
  [0 5 4 5 0 0 1 1 1 1 2]
  [0 5 2 3 0 0 0 5 1 3 0]
  [0 2 0 0 1 2 3 0 4 1 5]
  [0 3 0 1 4 3 0 3 0 2 3]
  [0 3 1 0 5 4 1 0 1 0 3]
  [0 1 0 5 4 3 1 0 3 5 0]]]
release_time
[  0 191  95 254 330 232 162 311   2 247 250]
due_date
[  0 459 405 437 460 483 466 408   5 439 289]
unit_emission
[12  8]
emission_limit
7968.0
setup_severity
0.02
due_tight
0.3
due_range
1.0
release_tight
10
degree_constr
0.5
