mach
4
job_rate
5
weight
[ 0  4  9  2  2 10  6  1  6  3  8  7  6  2  4  5  8  7  1 10  2]
proc_time
[[  0  96 141  55 117  99 138  70  72  93 119 104  80 120 114  58  86 102
   71 104  79]
 [  0  51 142  65  84 107 128 114  59  64 103  93 112 115  77 122  60 119
   63  79  90]
 [  0 141 136 129 130  85  81 142  94  59  57 142 147 134 147  77  80  69
  124  72  69]
 [  0 114 130 150  67  75 101  94  50  70  86 110  76  77 149 143 149 146
  114 109  83]]
setup_time
[[[0 4 4 2 0 0 0 3 0 0 3 3 1 1 0 0 3 3 4 1 1]
  [0 0 4 0 2 4 1 0 0 0 3 0 0 1 1 2 4 0 4 4 4]
  [0 3 0 0 4 1 3 0 3 3 4 2 0 4 3 1 4 4 4 3 2]
  [0 0 0 0 1 4 3 4 4 1 2 4 0 3 0 3 0 4 0 3 4]
  [0 0 2 4 0 2 4 2 4 1 4 2 3 0 3 4 4 0 4 1 4]
  [0 3 4 1 1 0 3 4 0 4 3 2 0 4 1 3 3 4 3 0 2]
  [0 0 3 3 1 0 0 1 2 3 1 2 0 3 4 3 0 0 4 3 3]
  [0 1 3 0 3 4 3 0 1 0 3 2 1 1 2 2 3 4 1 0 0]
  [0 3 1 1 1 4 0 4 0 1 3 4 0 0 1 4 2 4 1 1 4]
  [0 3 4 0 2 1 0 4 3 0 4 1 0 4 2 1 1 0 0 0 1]
  [0 4 1 0 0 4 2 1 3 4 0 1 2 4 4 1 4 2 2 3 0]
  [0 3 1 0 2 4 3 0 2 0 0 0 4 4 0 4 4 3 1 0 0]
  [0 0 2 2 2 1 3 0 2 3 2 2 0 4 0 0 4 3 0 3 1]
  [0 3 2 1 3 2 3 4 3 1 3 3 1 0 4 2 4 0 3 1 0]
  [0 4 2 3 3 3 2 1 1 4 2 1 1 1 0 0 0 0 3 3 4]
  [0 1 0 1 0 0 0 4 4 0 1 1 1 3 3 0 3 1 0 1 4]
  [0 3 0 3 1 2 3 1 1 2 4 0 3 1 1 1 0 4 2 1 1]
  [0 2 0 2 2 1 3 4 0 4 0 3 2 4 2 4 1 0 4 2 2]
  [0 4 3 1 1 3 0 2 4 4 3 2 3 2 4 1 0 3 0 4 3]
  [0 0 2 4 4 2 1 0 1 2 0 0 3 2 1 4 0 4 2 0 0]
  [0 3 4 3 3 1 1 3 3 0 4 2 0 3 4 1 3 4 3 2 0]]

 [[0 0 0 2 0 1 1 1 2 1 0 4 4 3 4 4 1 3 1 2 0]
  [0 0 0 4 3 3 1 2 4 0 1 2 3 3 0 0 3 3 4 3 2]
  [0 4 0 1 1 4 4 0 3 2 4 4 3 4 3 1 3 1 1 4 1]
  [0 2 1 0 0 2 2 2 4 4 3 1 3 1 0 1 1 4 2 0 0]
  [0 4 2 3 0 3 3 1 0 0 3 3 2 0 0 3 1 4 4 0 0]
  [0 3 4 0 2 0 1 2 4 2 0 0 2 2 0 2 3 2 2 3 4]
  [0 3 0 1 2 4 0 3 3 1 1 4 2 2 0 3 4 3 3 1 4]
  [0 4 1 0 3 3 1 0 2 0 3 3 0 2 1 1 2 0 2 1 1]
  [0 2 4 1 2 0 3 0 0 4 4 1 4 1 0 2 4 0 0 0 2]
  [0 1 3 3 4 2 3 3 2 0 2 1 4 2 0 3 2 3 3 1 4]
  [0 1 2 2 1 1 3 2 1 0 0 2 1 0 4 1 2 1 3 1 4]
  [0 2 3 2 2 1 4 2 2 1 1 0 2 3 4 4 2 0 4 1 1]
  [0 2 1 3 4 2 0 3 3 2 4 2 0 2 4 4 4 1 0 0 3]
  [0 4 4 1 0 4 4 0 1 4 2 2 1 0 2 0 4 0 0 0 1]
  [0 4 2 2 4 0 1 2 3 0 0 0 2 1 0 1 1 4 1 0 1]
  [0 4 0 1 0 2 4 2 1 0 0 3 4 3 2 0 3 0 2 0 1]
  [0 2 1 3 1 2 0 1 0 4 4 3 1 0 2 3 0 4 3 3 2]
  [0 1 0 4 0 2 2 1 2 1 4 0 2 1 4 4 4 0 1 3 1]
  [0 2 1 3 3 2 0 2 3 0 4 0 0 1 3 1 3 1 0 1 4]
  [0 3 2 4 1 2 2 4 0 4 3 3 2 4 3 4 1 3 4 0 0]
  [0 4 1 3 4 3 4 1 0 1 3 1 1 4 1 4 4 1 3 2 0]]

 [[0 0 3 2 0 2 0 1 0 2 4 1 0 4 2 3 3 3 2 1 4]
  [0 0 4 1 1 2 2 4 2 4 3 3 2 4 2 0 0 2 4 1 2]
  [0 0 0 2 2 3 3 2 3 0 2 1 3 2 4 0 1 3 4 4 2]
  [0 2 0 0 2 0 2 2 1 2 1 4 1 2 3 3 2 1 3 0 1]
  [0 1 2 0 0 2 3 2 3 4 1 0 2 1 3 4 4 2 0 3 3]
  [0 1 2 1 3 0 1 0 1 4 2 3 2 1 0 1 2 0 2 1 3]
  [0 2 4 0 0 3 0 0 0 0 0 1 0 3 0 2 2 0 4 3 4]
  [0 4 1 0 1 4 2 0 1 3 3 1 0 2 2 0 1 4 1 1 3]
  [0 3 1 0 0 1 4 3 0 0 4 4 3 4 2 0 1 0 0 4 3]
  [0 2 0 2 0 3 4 2 2 0 0 2 2 0 3 0 4 0 1 3 2]
  [0 0 4 3 1 2 3 1 4 3 0 4 4 4 2 4 1 1 0 0 1]
  [0 3 1 3 3 1 1 1 0 4 0 0 2 3 1 0 0 2 0 0 1]
  [0 2 2 2 0 2 1 3 3 4 0 2 0 3 1 0 3 1 2 3 1]
  [0 1 1 2 1 0 3 0 4 1 3 3 4 0 4 3 3 3 4 3 4]
  [0 3 0 2 1 2 4 2 4 0 1 0 1 2 0 0 3 4 2 2 1]
  [0 2 0 0 1 0 1 2 0 1 0 3 0 4 0 0 0 2 4 3 3]
  [0 0 0 1 2 1 3 3 0 2 0 1 2 0 4 2 0 0 1 2 0]
  [0 2 0 1 1 4 1 0 0 2 0 2 4 2 1 1 4 0 4 2 4]
  [0 3 3 3 0 2 3 2 0 3 3 2 4 2 0 1 0 0 0 0 2]
  [0 0 2 0 4 0 3 0 1 0 0 4 4 0 0 4 4 1 4 0 0]
  [0 3 2 0 2 2 1 0 1 4 0 3 4 2 0 0 2 4 3 0 0]]

 [[0 2 0 1 2 0 3 0 2 0 0 4 3 4 1 4 1 0 1 3 2]
  [0 0 0 1 2 4 1 3 3 3 3 4 0 2 2 0 2 3 4 1 0]
  [0 0 0 3 3 4 1 4 0 4 2 1 0 2 1 4 4 4 4 4 0]
  [0 1 1 0 1 2 0 2 2 3 3 4 2 1 4 3 3 0 1 2 3]
  [0 2 3 2 0 4 1 4 1 4 0 0 3 4 0 4 1 1 0 1 2]
  [0 1 1 1 0 0 4 3 1 3 4 3 0 2 2 0 0 0 0 3 3]
  [0 3 3 1 3 3 0 4 0 1 3 1 2 3 4 3 3 3 0 4 4]
  [0 2 4 1 2 3 3 0 4 2 2 2 1 2 3 3 3 4 3 1 1]
  [0 4 0 3 1 0 4 2 0 4 1 2 1 2 4 4 4 3 0 1 4]
  [0 3 4 3 2 4 3 3 4 0 0 1 0 0 2 4 2 2 4 4 2]
  [0 4 4 0 1 3 0 3 4 4 0 0 3 4 3 0 0 3 2 1 1]
  [0 0 0 2 3 1 2 3 4 3 4 0 0 4 1 2 4 1 1 1 2]
  [0 4 2 1 4 1 0 3 4 0 2 2 0 4 4 1 1 0 2 3 4]
  [0 1 3 4 3 2 4 3 2 2 4 2 4 0 1 0 1 0 0 3 3]
  [0 0 3 2 3 2 3 1 0 2 4 1 2 0 0 0 4 0 1 4 0]
  [0 0 0 0 4 4 4 4 1 2 2 3 3 4 0 0 4 0 3 2 3]
  [0 0 4 2 2 2 0 2 4 0 4 2 4 0 3 4 0 3 0 3 2]
  [0 0 0 0 3 3 4 0 0 4 2 3 3 3 3 3 1 0 1 0 4]
  [0 3 4 2 4 2 2 4 3 2 2 0 3 3 0 3 0 2 0 3 0]
  [0 1 2 0 3 4 1 4 0 0 3 3 2 0 2 3 1 1 3 0 2]
  [0 2 3 4 3 0 3 2 4 4 4 1 1 1 2 0 3 2 2 3 0]]]
release_time
[ 0 19  1 21 33 19 33 30 28 13 31 21 32  2  0 20 28 65 40 27 16]
due_date
[ 0 47 38 50 47 44 43 43 46 43 44 43 43 43 39 49 40 94 43 45 45]
unit_emission
[12  9 11 18]
emission_limit
17662.2
setup_severity
0.02
due_tight
0.9
due_range
0.25
release_tight
1
degree_constr
0.8
