param: 
proc_time: (1, 100)
setup_rate: 1.0
setup_time: (30, 60)
delivery_time: (1, 100)

mach
5
job_rate
5
fam
5
setup_rate
1.0
proc_time
[[  0  90  28   2  32  73  26  74  41  55   6  80  41  38  14  45  54  44
   58  39   3  56  46  83  55  53]
 [  0  76  47  41  99  72  74  31  34   8  22 100  24  20  47  13  23  88
   13  32  28  97  24  87  57  50]
 [  0  37  38  14  64  14  28  66  36   1  18  26  86  13  45  55  28  65
   44  37  31  43  86  29  84  63]
 [  0  47  21  15  87  62  16  39  74  57  93  43  79  24  74  41  67  31
   54  98  39  57  26  87  79  15]
 [  0  30  44   5  54   1  22  80  73  69   9  66  38  16   4  86  51   2
    2  86  69  69  56  41  32   3]]
setup_time
[[[ 0 31 42 33 49 36]
  [ 0  0 37 45 51 49]
  [ 0 41  0 52 48 54]
  [ 0 52 46  0 33 43]
  [ 0 41 32 43  0 52]
  [ 0 37 59 57 36  0]]

 [[ 0 48 50 40 48 55]
  [ 0  0 56 39 40 47]
  [ 0 55  0 49 49 36]
  [ 0 55 60  0 33 57]
  [ 0 39 32 55  0 41]
  [ 0 41 57 37 55  0]]

 [[ 0 51 60 39 45 48]
  [ 0  0 40 32 50 45]
  [ 0 57  0 54 46 39]
  [ 0 56 55  0 37 39]
  [ 0 56 33 45  0 53]
  [ 0 55 32 42 41  0]]

 [[ 0 56 45 54 36 48]
  [ 0  0 51 43 38 47]
  [ 0 47  0 54 49 45]
  [ 0 52 53  0 46 43]
  [ 0 48 34 31  0 59]
  [ 0 51 53 43 42  0]]

 [[ 0 51 34 57 56 53]
  [ 0  0 59 55 36 35]
  [ 0 36  0 49 40 53]
  [ 0 52 38  0 36 50]
  [ 0 30 33 50  0 34]
  [ 0 30 33 56 53  0]]]
delivery_time
[[ 0 60 63 74 18 94 60 73  7  4 51 62 48 52 32 44 64 31  8 74 27 35 84 46
  35 45]
 [ 0 82 48 35 74 51 98 63 12 37 57  3 93  4 17 43 97  4 49 65 46 94 67 24
  80 76]
 [ 0 41 64 51 97 44 81 26 65 61 37 85  8 48 91 29 66 81 65 23 90 33 66  3
  46 30]
 [ 0 66 36 63 51 93 13 54 31 92 47 59 31 74 20 68 21 56 12 81 48 43 41 13
  22 42]
 [ 0 87 27 56 29 41 81 59 99 10  4 61 10 13 55 14  6 56 77 74 80 66 13 77
  75 66]]
job2fam
[[1 0 0 0 0 0 0 0 0 0 0 0 0 0 0 0 0 0 0 0 0 0 0 0 0 0]
 [0 0 0 1 0 0 0 0 0 0 1 0 0 0 0 0 0 1 0 1 0 0 1 0 0 0]
 [0 0 0 0 1 0 0 0 1 1 0 0 0 0 1 0 0 0 0 0 0 0 0 1 1 0]
 [0 0 0 0 0 0 0 0 0 0 0 0 0 0 0 1 0 0 1 0 1 0 0 0 0 0]
 [0 0 0 0 0 1 1 1 0 0 0 1 0 1 0 0 1 0 0 0 0 1 0 0 0 1]
 [0 1 1 0 0 0 0 0 0 0 0 0 1 0 0 0 0 0 0 0 0 0 0 0 0 0]]
unit_cost
[6 8 6 7 6]
pre_factor
1.0
