mach
4
job_rate
5
weight
[ 0  6  3  2  9  7  7 10  1  3  2  4  4  5  8  5  1  5  9  3  1]
proc_time
[[  0 104 100  79  99  70 148 150 124  79 148  86  82  87 119 122  94  68
   56  90  62]
 [  0  96  92  80 112 113  79  88 101 134 146  74  53 117  57  59 102 125
   69  51  81]
 [  0  69 123 120 104  94  62 102  58  74 101  58 131 108  92  83 128  88
  100  58  54]
 [  0  62  75 126 130 110  76  83 118 147 102 106  59  82  72 107 133  74
   96  65  54]]
setup_time
[[[0 1 0 0 1 2 1 3 1 2 2 1 3 2 0 3 0 4 0 4 4]
  [0 0 3 3 0 1 3 0 4 0 1 3 3 2 4 1 0 2 0 4 0]
  [0 4 0 3 2 1 4 0 3 1 0 0 0 4 0 1 0 1 4 2 0]
  [0 4 1 0 0 4 0 2 3 0 0 3 0 4 2 4 2 1 0 1 1]
  [0 1 0 4 0 1 1 0 4 1 1 4 3 0 4 1 4 4 3 0 2]
  [0 4 4 4 1 0 2 1 3 2 3 1 1 0 2 3 0 2 4 3 2]
  [0 4 4 2 4 0 0 0 0 3 0 0 2 2 0 3 4 0 1 1 2]
  [0 3 0 1 0 3 4 0 2 3 4 4 2 0 1 3 4 2 4 4 4]
  [0 2 3 4 2 1 2 3 0 1 3 4 4 2 1 0 0 0 1 0 0]
  [0 4 2 1 4 0 4 2 4 0 0 3 0 3 1 0 3 4 1 0 3]
  [0 2 1 3 2 0 2 3 0 2 0 0 4 4 0 3 3 2 4 4 2]
  [0 1 4 0 0 2 1 2 2 1 4 0 3 2 3 4 4 2 4 0 0]
  [0 4 0 1 3 1 1 3 4 1 2 2 0 2 0 3 0 3 1 2 2]
  [0 0 0 4 1 4 4 3 1 4 2 0 3 0 4 4 4 2 2 0 0]
  [0 2 3 4 4 0 2 2 2 0 4 1 2 2 0 2 1 4 3 1 0]
  [0 2 3 3 2 2 1 3 2 0 1 1 3 1 2 0 0 4 0 1 3]
  [0 2 0 2 1 4 4 0 3 1 0 0 2 4 1 2 0 3 2 2 0]
  [0 3 3 4 2 0 4 2 3 0 1 1 3 1 0 1 2 0 2 2 1]
  [0 2 2 0 0 1 3 1 3 2 4 3 1 0 0 4 3 2 0 4 2]
  [0 2 0 3 3 2 2 2 2 1 0 4 1 3 1 0 2 2 3 0 2]
  [0 2 3 3 0 4 3 1 4 2 4 2 2 1 2 4 4 1 2 3 0]]

 [[0 2 1 4 3 0 0 0 3 1 0 1 0 4 4 4 2 1 4 0 4]
  [0 0 0 3 4 2 0 4 1 1 0 3 3 1 0 3 0 4 3 3 1]
  [0 2 0 3 2 0 2 4 3 4 1 4 0 3 2 3 1 4 3 3 4]
  [0 1 4 0 1 3 3 4 1 3 2 0 1 4 2 2 3 0 1 0 2]
  [0 2 3 3 0 0 0 1 3 2 0 0 3 4 4 0 2 2 4 2 3]
  [0 1 4 3 1 0 3 1 1 4 4 1 4 1 4 2 2 0 2 0 1]
  [0 1 4 4 1 3 0 3 4 3 1 3 4 2 1 2 4 4 2 2 0]
  [0 1 0 4 1 2 0 0 4 4 3 4 3 1 1 1 2 3 2 1 1]
  [0 3 2 0 3 2 3 4 0 3 2 0 3 3 2 4 1 2 1 2 2]
  [0 0 4 0 0 0 3 1 2 0 3 2 4 4 3 3 4 3 2 2 2]
  [0 4 4 4 2 0 1 3 1 0 0 1 2 0 1 3 0 1 0 0 3]
  [0 2 1 1 4 4 3 4 1 0 2 0 1 2 4 3 4 4 1 3 0]
  [0 3 4 3 0 3 4 4 1 2 1 1 0 3 4 1 3 2 1 0 3]
  [0 2 3 1 4 2 4 3 1 4 2 3 0 0 2 0 4 4 4 0 3]
  [0 2 3 1 0 2 4 2 0 0 1 3 4 3 0 2 2 4 2 1 0]
  [0 1 3 2 3 3 4 0 2 3 4 3 2 0 1 0 2 0 2 2 0]
  [0 3 1 1 1 3 1 4 4 1 0 4 0 4 1 2 0 0 0 0 0]
  [0 1 0 1 3 2 4 3 0 3 2 2 3 4 3 1 0 0 2 4 2]
  [0 1 2 3 1 0 4 0 1 4 1 4 2 0 2 0 0 3 0 4 1]
  [0 2 4 4 1 1 3 3 1 1 3 4 2 3 3 1 0 2 2 0 3]
  [0 1 2 2 1 0 3 0 2 2 1 3 0 0 3 3 4 0 3 1 0]]

 [[0 2 2 1 3 4 3 1 0 2 3 0 0 2 1 4 0 2 2 2 4]
  [0 0 0 4 0 0 1 4 3 2 0 3 3 2 1 3 2 1 1 3 0]
  [0 0 0 4 2 2 3 0 3 0 1 0 1 0 3 1 3 0 0 4 2]
  [0 1 2 0 0 0 4 0 2 1 0 1 3 3 0 0 4 2 2 0 2]
  [0 0 4 3 0 0 4 3 0 3 3 3 1 0 3 1 3 4 1 0 4]
  [0 0 0 3 4 0 3 3 4 1 1 1 3 1 1 0 1 0 2 2 4]
  [0 0 4 4 4 4 0 4 2 0 3 3 3 4 1 1 4 4 3 3 1]
  [0 1 2 0 0 2 2 0 2 0 2 3 2 1 4 1 4 1 0 0 2]
  [0 2 1 4 2 4 0 0 0 0 3 1 4 1 2 0 4 0 2 4 2]
  [0 0 0 1 1 0 3 1 1 0 0 0 1 2 2 2 0 3 1 0 4]
  [0 4 2 2 4 3 2 0 3 4 0 1 2 4 2 1 1 3 4 3 1]
  [0 0 3 2 2 0 1 2 1 3 0 0 1 2 0 3 4 2 1 3 0]
  [0 0 2 2 2 2 3 3 0 2 4 0 0 4 0 1 4 1 4 4 3]
  [0 3 4 0 4 3 1 2 3 2 3 0 1 0 0 1 1 0 2 4 4]
  [0 4 1 2 3 2 4 3 3 1 4 2 1 2 0 3 3 1 1 2 4]
  [0 1 4 0 4 2 4 2 1 4 3 0 4 2 0 0 1 1 2 4 1]
  [0 3 2 0 0 2 2 3 1 3 4 0 4 2 4 3 0 2 4 2 1]
  [0 2 3 4 4 4 2 2 0 4 1 1 3 0 0 4 4 0 0 0 3]
  [0 0 2 0 4 4 2 2 1 4 1 0 1 2 0 0 3 4 0 1 3]
  [0 3 4 3 1 2 1 1 2 2 1 2 3 0 2 2 4 4 1 0 2]
  [0 3 3 1 4 4 4 2 0 2 3 3 3 0 4 3 3 4 4 0 0]]

 [[0 2 3 2 2 2 1 0 0 1 4 4 0 2 4 2 2 4 2 4 4]
  [0 0 2 4 0 3 2 2 1 3 2 0 4 1 4 1 3 3 4 4 3]
  [0 4 0 0 2 0 2 4 2 1 2 4 1 3 2 0 3 3 4 4 1]
  [0 1 1 0 1 0 4 2 4 0 4 1 1 1 4 2 1 0 4 4 3]
  [0 4 1 4 0 0 4 3 4 4 4 1 2 3 1 2 2 3 1 3 0]
  [0 2 4 4 2 0 2 1 2 3 4 2 4 2 3 3 3 3 4 2 1]
  [0 1 4 1 3 2 0 0 1 4 2 0 3 3 1 2 3 1 1 1 0]
  [0 2 2 0 4 1 2 0 4 2 0 4 2 4 0 2 4 3 0 3 1]
  [0 3 1 1 2 0 3 0 0 2 1 3 0 3 4 4 4 4 2 0 2]
  [0 4 3 1 2 2 2 0 4 0 0 1 4 4 0 1 1 0 0 0 4]
  [0 2 3 4 3 3 1 1 3 0 0 2 4 0 1 2 4 2 0 3 1]
  [0 3 1 1 4 0 2 0 3 4 0 0 0 3 4 2 2 0 1 1 4]
  [0 0 0 3 0 1 3 4 2 1 1 4 0 0 1 2 1 2 2 4 3]
  [0 2 3 4 4 2 0 2 0 0 2 0 3 0 1 2 1 2 2 1 4]
  [0 1 2 1 2 4 0 3 3 1 4 1 4 4 0 4 2 3 0 3 3]
  [0 3 4 0 4 4 1 2 0 0 4 4 0 3 0 0 1 3 3 0 4]
  [0 4 3 1 1 1 3 2 3 4 4 3 3 2 3 3 0 0 0 4 1]
  [0 4 0 3 0 1 3 4 2 3 1 1 2 0 4 4 3 0 2 0 3]
  [0 3 2 1 2 2 4 2 2 2 1 2 1 2 0 3 1 0 0 4 2]
  [0 0 4 2 1 2 0 3 2 3 3 2 1 4 4 3 1 4 4 0 1]
  [0 0 4 4 3 1 3 4 4 2 1 3 2 2 3 1 0 3 3 0 0]]]
release_time
[ 0 33 34 28 10  8 18 25  4 13 33  7 24  2 28 16 39  1 34 18  7]
due_date
[ 0 36 41 47 43 44 39 41 36 39 45 38 38 43 45 45 45 43 41 38 36]
unit_emission
[ 3 14 10 15]
emission_limit
11642.6
setup_severity
0.02
due_tight
0.9
due_range
0.25
release_tight
10
degree_constr
0.8
