param: 
proc_time: (1, 100)
setup_rate: 1.0
setup_time: (30, 60)
delivery_time: (1, 100)

mach
5
job_rate
5
fam
8
setup_rate
1.0
proc_time
[[  0  31  41  50   7  36  83  58  83   8  30  64  33  79  47  92  19  83
   35  24  81  74  68  48  85  64]
 [  0   1  71  51  30 100  15  95  86  30  60  93  27  42  71  22   9  90
   78  39  76  80  84  33  21  57]
 [  0  77  80  28  95  64   1  95  17  53  28   3  64  89  62  16  74  25
   60  29  58  67  25  27  95  39]
 [  0  94  40  58  98  95  74  64  22  78  73  22  88  34   6   9  34  75
    8  70  11  73  22  78  90  95]
 [  0  51  22  97  21  91   3  87  49  37  44  74  50  78  86  97  21  83
   94  82  53  65  88  17  65  24]]
setup_time
[[[ 0 38 44 33 55 39 30 42 44]
  [ 0  0 47 48 58 42 40 34 57]
  [ 0 56  0 32 33 35 54 35 47]
  [ 0 56 50  0 32 30 50 45 56]
  [ 0 53 56 31  0 35 36 39 45]
  [ 0 34 57 41 33  0 51 38 34]
  [ 0 47 45 31 44 37  0 52 58]
  [ 0 58 41 51 34 34 57  0 59]
  [ 0 30 44 46 30 54 60 40  0]]

 [[ 0 53 32 44 50 52 44 34 50]
  [ 0  0 45 53 44 56 32 45 44]
  [ 0 30  0 36 56 38 34 54 50]
  [ 0 39 39  0 32 55 47 41 50]
  [ 0 32 41 40  0 40 43 34 35]
  [ 0 42 45 53 59  0 43 49 40]
  [ 0 58 39 49 45 43  0 33 60]
  [ 0 43 41 43 51 39 35  0 39]
  [ 0 48 35 31 54 51 30 35  0]]

 [[ 0 46 54 59 37 32 34 57 54]
  [ 0  0 33 49 59 35 51 48 32]
  [ 0 54  0 37 45 39 52 45 52]
  [ 0 51 58  0 54 47 32 34 39]
  [ 0 37 41 38  0 52 39 55 37]
  [ 0 35 60 31 53  0 47 42 37]
  [ 0 51 41 49 47 53  0 32 35]
  [ 0 60 54 35 42 42 30  0 46]
  [ 0 57 59 44 30 42 31 40  0]]

 [[ 0 38 56 48 39 44 37 55 38]
  [ 0  0 39 36 38 41 36 58 39]
  [ 0 54  0 59 44 31 38 36 54]
  [ 0 59 36  0 30 57 30 59 44]
  [ 0 44 59 53  0 55 55 50 57]
  [ 0 55 32 35 40  0 31 56 51]
  [ 0 60 49 60 36 30  0 46 57]
  [ 0 36 57 48 34 56 41  0 44]
  [ 0 32 44 60 41 44 59 30  0]]

 [[ 0 45 60 39 36 38 54 60 39]
  [ 0  0 42 48 34 50 44 31 38]
  [ 0 31  0 48 31 60 46 33 31]
  [ 0 34 36  0 43 31 45 35 47]
  [ 0 39 60 58  0 51 36 42 50]
  [ 0 59 47 38 45  0 33 60 41]
  [ 0 41 55 44 53 57  0 42 39]
  [ 0 34 33 48 35 30 49  0 53]
  [ 0 46 36 53 45 58 55 33  0]]]
delivery_time
[[ 0 61 25 92 68 58 71  4 22 72 46 19 37 83 72 47 43 27 22  6 13  8 11 80
  60 63]
 [ 0 46 28 85 84 54 30  6 59 54 21 37 55 46 22  8 15 42 23 71 87 73 88 38
  63 74]
 [ 0 20 12 62 44  5 72 78 44  5 61 54 20 99 30 72 53 61 61 30 96 44 94 12
  74 87]
 [ 0 38  5 81 39 52 62 93 54 98 47 76 26 93 41 34 85 70 12 46 54  8 45 96
  97 41]
 [ 0 37 30 13 80 58 15 72 34 70 38 50 52  8 44 17  6  8 40  6 92 62 42 93
  62 63]]
job2fam
[[1 0 0 0 0 0 0 0 0 0 0 0 0 0 0 0 0 0 0 0 0 0 0 0 0 0]
 [0 0 0 0 1 0 0 0 0 0 0 0 1 1 0 1 0 1 0 0 0 0 0 0 0 0]
 [0 1 0 0 0 0 0 0 0 0 0 0 0 0 1 0 0 0 0 0 0 0 0 0 0 0]
 [0 0 0 0 0 0 1 1 0 0 0 0 0 0 0 0 0 0 0 0 0 1 0 0 0 0]
 [0 0 0 0 0 1 0 0 0 0 0 0 0 0 0 0 1 0 0 0 0 0 1 0 1 0]
 [0 0 0 0 0 0 0 0 0 0 0 0 0 0 0 0 0 0 0 1 0 0 0 0 0 0]
 [0 0 0 1 0 0 0 0 1 0 1 0 0 0 0 0 0 0 1 0 1 0 0 0 0 0]
 [0 0 1 0 0 0 0 0 0 0 0 0 0 0 0 0 0 0 0 0 0 0 0 1 0 1]
 [0 0 0 0 0 0 0 0 0 1 0 1 0 0 0 0 0 0 0 0 0 0 0 0 0 0]]
unit_cost
[5 7 6 9 8]
pre_factor
1.0
