mach
4
job_rate
5
weight
[ 0  7  1  4 10  7  5  9  8  2  5  5  7  4  1  2  3  7 10  5  1]
proc_time
[[  0  87  84 117  95  59 119  94  61 150 148  78  70  56 130 137  69 110
  138  77  91]
 [  0 121 136 121  84  89 133  98  88 132 126  50  76  58  70  72 130 148
  112 116 134]
 [  0  65 144  58  76  81 101  88  72 105 131 134  99 133  87 106 149  64
  149 105 144]
 [  0  82  96 146  96 131 136 114 131  94  65  84 138  85  85  50 132 116
   98  81 124]]
setup_time
[[[0 4 0 0 0 2 2 3 3 5 0 5 1 5 3 1 5 5 2 2 0]
  [0 0 5 1 0 0 5 0 1 0 3 5 5 2 3 2 1 1 3 5 1]
  [0 2 0 1 1 2 5 1 4 5 0 1 0 3 0 2 0 2 0 5 1]
  [0 2 1 0 5 1 0 2 4 5 3 3 5 3 1 5 4 4 2 3 5]
  [0 3 3 5 0 3 1 5 1 5 3 0 0 3 1 2 3 1 2 4 2]
  [0 5 1 2 2 0 0 3 1 3 2 2 0 4 5 4 3 3 4 2 5]
  [0 5 0 5 3 4 0 4 5 3 4 2 3 3 0 5 4 0 5 0 2]
  [0 3 0 5 2 2 0 0 0 2 5 1 5 0 0 4 0 5 1 4 2]
  [0 4 3 5 1 3 1 1 0 5 3 1 1 3 5 1 4 2 5 4 5]
  [0 1 2 5 0 4 0 3 4 0 2 0 2 0 3 3 2 4 1 0 3]
  [0 0 5 5 4 5 0 1 5 4 0 0 4 3 0 2 2 0 1 4 1]
  [0 1 1 4 0 3 3 1 4 1 4 0 3 4 1 4 2 0 1 0 3]
  [0 5 0 3 1 4 4 2 0 3 0 5 0 0 0 1 4 5 5 2 0]
  [0 1 1 1 5 2 5 2 3 1 4 5 1 0 4 0 4 4 3 4 3]
  [0 1 5 4 5 2 1 2 3 4 4 1 0 3 0 4 4 0 0 4 0]
  [0 3 0 1 2 5 1 1 0 2 1 5 5 4 0 0 4 3 2 0 0]
  [0 1 4 2 3 0 2 2 5 2 3 4 4 0 0 5 0 3 0 2 3]
  [0 0 1 2 1 2 1 2 4 3 5 4 0 2 1 4 3 0 2 1 0]
  [0 1 3 0 4 2 5 1 4 2 5 4 3 3 4 1 1 4 0 4 4]
  [0 5 0 0 0 3 1 2 5 3 1 2 4 0 1 1 4 1 5 0 3]
  [0 2 3 2 0 0 2 0 2 5 0 0 2 2 4 2 3 1 0 0 0]]

 [[0 1 2 4 1 4 4 0 5 4 2 1 5 4 2 2 0 4 2 4 5]
  [0 0 5 2 2 3 0 4 1 2 5 1 1 5 2 1 3 3 0 4 1]
  [0 4 0 0 4 4 4 4 2 2 0 2 4 1 1 5 2 4 5 5 0]
  [0 4 5 0 2 4 1 2 5 3 0 1 4 4 5 3 5 5 4 1 4]
  [0 4 4 2 0 0 3 1 3 5 4 5 2 2 0 5 3 5 2 1 4]
  [0 2 3 4 0 0 5 1 1 2 4 2 3 0 0 4 4 1 0 3 5]
  [0 0 4 4 1 4 0 0 3 4 1 3 3 3 5 0 1 4 3 0 0]
  [0 0 3 3 3 3 5 0 5 2 0 0 1 3 1 1 3 3 2 3 3]
  [0 4 5 5 2 5 5 0 0 5 4 4 2 4 1 2 2 4 4 2 4]
  [0 2 2 4 2 3 2 1 1 0 5 4 2 4 3 2 0 3 1 5 0]
  [0 3 1 2 1 0 2 3 1 0 0 0 4 4 4 1 1 1 4 0 3]
  [0 0 3 5 1 5 5 0 0 3 3 0 5 4 5 5 0 2 5 5 1]
  [0 0 3 0 0 3 0 3 2 4 0 2 0 0 3 0 4 1 3 1 3]
  [0 0 2 4 0 4 4 2 4 2 2 1 5 0 5 5 1 3 5 3 0]
  [0 2 1 0 4 4 1 2 4 5 1 1 1 3 0 4 1 1 0 0 0]
  [0 3 4 4 4 1 5 4 5 3 5 5 4 0 5 0 1 5 1 2 4]
  [0 4 5 2 0 3 3 4 3 4 2 3 1 3 3 4 0 1 5 4 2]
  [0 1 2 0 5 4 0 1 2 1 5 5 3 3 4 1 4 0 1 2 0]
  [0 5 1 3 1 1 0 0 5 1 4 4 0 2 0 3 5 1 0 1 2]
  [0 2 2 3 4 2 5 4 1 2 3 4 1 2 5 2 3 3 3 0 4]
  [0 0 0 1 2 4 1 5 1 4 4 4 4 5 0 5 2 0 4 2 0]]

 [[0 5 4 0 3 3 2 3 2 5 4 0 3 4 5 1 5 0 3 0 1]
  [0 0 0 2 3 1 1 3 0 5 2 0 1 5 5 0 4 5 5 4 0]
  [0 2 0 2 2 2 0 0 3 3 3 0 2 0 5 1 2 2 0 2 4]
  [0 1 2 0 0 1 5 2 1 5 5 4 1 0 3 1 4 4 2 0 1]
  [0 4 3 0 0 2 0 5 4 0 4 2 2 5 1 5 0 5 4 2 1]
  [0 3 5 5 1 0 0 4 2 1 2 3 0 4 1 3 1 0 1 5 0]
  [0 0 4 4 1 0 0 3 5 0 0 5 4 2 2 2 5 5 5 2 3]
  [0 1 1 2 5 4 5 0 2 3 5 1 3 5 2 0 5 0 3 4 0]
  [0 3 4 5 5 3 5 3 0 2 3 5 3 1 0 2 4 4 5 2 0]
  [0 2 5 5 4 3 4 2 1 0 5 1 0 5 5 3 2 5 5 3 3]
  [0 1 4 2 5 2 2 1 5 5 0 3 1 2 1 2 5 5 5 3 3]
  [0 1 4 2 4 1 4 2 0 1 5 0 2 1 0 0 4 0 4 3 0]
  [0 0 5 4 5 0 3 4 3 0 0 5 0 3 0 1 0 3 3 3 0]
  [0 2 2 3 4 5 3 3 4 1 3 3 1 0 2 2 2 2 1 3 1]
  [0 1 3 3 4 2 1 4 5 5 1 4 1 2 0 3 5 0 5 3 3]
  [0 1 2 4 3 2 0 2 5 1 5 2 5 2 2 0 0 1 0 0 1]
  [0 0 4 2 2 1 0 5 4 2 0 3 1 3 4 2 0 0 0 1 5]
  [0 3 2 2 3 3 1 3 2 0 3 2 3 4 4 1 0 0 5 0 2]
  [0 4 2 2 2 4 0 2 4 4 2 0 2 3 0 5 4 2 0 2 2]
  [0 5 2 5 1 0 1 4 0 1 0 4 5 4 4 2 0 0 2 0 0]
  [0 2 1 5 0 2 2 0 4 0 4 5 1 4 3 5 0 3 4 4 0]]

 [[0 2 4 4 5 3 5 2 4 1 1 3 4 1 5 4 1 2 4 1 5]
  [0 0 5 3 2 0 4 3 0 4 5 0 5 3 1 5 2 5 0 4 0]
  [0 5 0 4 3 3 5 3 0 1 2 1 1 0 2 0 3 4 1 1 0]
  [0 1 4 0 5 2 5 5 0 4 5 1 5 4 5 2 4 3 5 1 3]
  [0 3 4 3 0 2 1 0 1 4 4 0 0 1 4 0 0 3 2 3 0]
  [0 3 0 3 2 0 1 3 4 1 2 3 0 5 1 5 0 5 5 3 3]
  [0 0 3 2 3 1 0 0 0 3 4 1 3 1 1 5 1 3 4 5 0]
  [0 1 3 2 3 0 1 0 5 5 3 4 0 3 3 4 2 4 2 0 3]
  [0 5 5 0 0 1 2 0 0 2 3 3 3 1 1 4 5 2 2 4 3]
  [0 3 2 1 2 1 1 5 0 0 5 2 1 5 0 3 5 1 4 0 3]
  [0 1 4 5 3 5 2 0 5 5 0 1 5 0 2 2 2 5 5 2 0]
  [0 2 3 4 0 4 4 4 4 5 2 0 5 1 1 3 1 3 3 4 0]
  [0 4 2 2 4 3 2 2 2 1 4 3 0 5 5 5 3 5 4 1 1]
  [0 5 0 0 3 5 1 1 1 3 1 1 5 0 1 5 3 1 5 1 2]
  [0 3 4 2 4 3 5 1 2 4 1 5 2 1 0 5 5 1 5 3 4]
  [0 5 1 1 5 1 0 1 5 0 4 0 3 1 1 0 5 5 0 0 5]
  [0 3 4 3 3 2 2 4 2 5 3 3 4 3 3 5 0 1 0 1 0]
  [0 0 0 4 5 2 5 2 5 5 5 1 5 5 2 4 0 0 2 2 3]
  [0 1 1 5 1 1 5 3 3 4 3 4 2 2 2 2 2 2 0 3 1]
  [0 1 3 3 5 5 4 3 4 2 5 3 5 0 0 5 0 2 0 0 1]
  [0 2 1 1 4 3 3 2 4 1 3 2 4 3 2 5 5 3 4 3 0]]]
release_time
[ 0 29  0 10  1 12 63 22  4  7  7 38  2  4  0 10  1 14  0 12  9]
due_date
[ 0 45  0 46  3 91 67 47  5  7 48 49 30 52  1 28  8 16  4 12 15]
unit_emission
[ 1 11 19 17]
emission_limit
4714.8
setup_severity
0.02
due_tight
0.9
due_range
1.0
release_tight
1
degree_constr
0.2
