mach
4
job_rate
5
weight
[ 0  8  3  8  9 10 10  8  7  6  2  5  9  8  5  3  1  9  2  5  4]
proc_time
[[  0  84 143 105  88 148  72  62  72 118  97 138 129 120 149 119  93  64
   86  72  56]
 [  0 136  70 123 132 125  78 134  65  99 107  78 138 118 115 101 101 120
   81 148 109]
 [  0 137 148 118 136 129 106 113  57 109 131 133  68  81  99 104 111  93
   98 140 105]
 [  0 109 125 113 129 139 115 106 126 128 145 125 135 147 141 115  74  51
   52  60  69]]
setup_time
[[[0 2 3 0 1 3 5 2 2 5 2 3 0 2 1 0 2 4 3 2 2]
  [0 0 4 5 4 5 3 5 2 0 2 2 5 0 5 0 3 5 0 0 3]
  [0 0 0 1 5 1 5 1 4 3 3 0 1 5 2 5 1 0 5 3 4]
  [0 1 3 0 1 0 1 2 1 4 4 5 4 2 2 3 5 3 2 4 4]
  [0 4 4 5 0 5 5 0 2 3 4 4 4 1 2 4 3 2 5 2 0]
  [0 3 4 2 2 0 1 4 3 3 2 4 4 4 0 5 4 3 2 3 5]
  [0 3 5 0 4 3 0 0 2 5 4 0 1 1 5 2 5 2 1 1 0]
  [0 5 4 2 0 3 2 0 4 3 0 1 4 3 3 0 0 2 1 3 2]
  [0 0 3 2 2 0 2 0 0 5 4 2 4 5 2 1 2 1 5 3 1]
  [0 1 3 0 5 4 3 5 1 0 1 2 0 5 0 3 1 1 1 1 0]
  [0 0 5 0 3 3 2 3 5 3 0 1 2 4 2 4 4 1 4 3 0]
  [0 4 3 1 0 0 1 4 5 1 2 0 2 3 3 1 1 4 0 2 2]
  [0 3 0 0 3 2 0 4 4 5 1 1 0 5 5 1 0 5 5 5 3]
  [0 2 4 2 0 0 2 2 1 4 1 0 3 0 5 0 3 0 3 5 4]
  [0 2 3 1 3 5 2 1 5 2 2 2 5 4 0 1 2 3 2 4 2]
  [0 5 0 5 3 1 4 4 1 3 4 1 5 1 5 0 4 5 5 4 5]
  [0 0 4 3 0 5 1 0 2 0 1 5 2 4 5 4 0 0 0 5 1]
  [0 0 0 5 5 1 3 3 2 5 1 4 1 3 5 3 3 0 5 1 5]
  [0 1 4 5 0 0 5 4 1 5 0 5 5 5 2 0 0 1 0 4 0]
  [0 4 3 0 5 0 4 5 1 3 5 3 3 5 5 1 1 4 5 0 2]
  [0 3 0 2 1 3 4 2 2 5 4 3 2 5 4 5 5 1 4 4 0]]

 [[0 4 4 3 3 1 5 1 0 1 3 4 1 5 3 1 3 2 3 4 5]
  [0 0 0 5 0 1 4 3 1 1 0 4 0 2 2 2 4 3 4 0 5]
  [0 4 0 0 3 5 5 2 2 5 0 4 0 4 0 3 4 2 3 4 0]
  [0 3 4 0 0 1 1 3 4 0 0 1 2 1 3 3 1 2 5 3 1]
  [0 4 5 1 0 5 3 0 2 1 5 0 0 5 5 3 1 0 2 5 2]
  [0 2 2 5 3 0 5 0 3 3 0 5 4 4 3 3 3 4 3 5 3]
  [0 4 5 2 5 4 0 3 5 0 2 3 4 1 0 5 1 5 2 3 4]
  [0 3 4 5 1 5 5 0 5 1 5 0 1 2 0 1 5 3 2 4 1]
  [0 0 0 2 1 0 4 0 0 4 0 3 0 0 4 0 1 4 1 0 0]
  [0 3 1 3 3 0 2 2 1 0 3 5 2 2 5 5 1 2 4 5 2]
  [0 5 0 0 4 1 1 5 4 1 0 0 2 0 4 4 0 2 0 0 5]
  [0 0 0 4 2 3 5 1 3 0 3 0 1 1 2 5 1 2 5 5 1]
  [0 1 4 0 5 1 1 1 0 2 3 0 0 0 2 4 3 4 4 0 4]
  [0 5 0 3 1 1 3 4 2 4 4 4 2 0 1 5 2 4 2 0 2]
  [0 4 5 1 0 1 1 2 4 1 0 5 2 0 0 5 0 1 1 1 4]
  [0 2 4 4 0 5 1 4 0 1 4 5 5 5 0 0 2 5 4 1 2]
  [0 3 2 3 0 4 0 1 3 0 5 4 4 3 4 4 0 2 4 4 2]
  [0 3 3 4 1 5 4 2 2 1 3 2 2 1 1 4 0 0 2 1 4]
  [0 3 5 0 4 3 1 3 5 5 4 1 5 3 1 3 2 5 0 5 4]
  [0 4 4 3 2 2 1 3 3 0 1 5 1 0 5 0 5 4 0 0 0]
  [0 0 5 5 4 2 5 1 2 4 5 5 4 1 2 2 3 4 2 5 0]]

 [[0 2 5 0 0 2 5 0 2 5 5 4 3 1 4 5 1 1 0 3 4]
  [0 0 5 2 3 0 3 1 5 3 5 2 4 1 4 3 1 0 1 4 1]
  [0 0 0 3 3 4 5 3 0 2 1 3 3 1 1 5 0 2 3 1 0]
  [0 3 0 0 5 4 4 5 3 0 4 3 3 4 2 2 3 5 5 3 0]
  [0 3 4 0 0 1 1 2 0 4 0 1 1 3 1 5 1 4 4 5 3]
  [0 3 2 5 2 0 2 1 1 0 0 5 4 1 4 0 3 1 1 2 4]
  [0 0 5 1 3 3 0 2 5 5 1 5 0 2 0 1 4 3 3 1 1]
  [0 4 4 1 0 2 2 0 4 0 4 5 3 1 2 0 0 2 5 1 4]
  [0 4 1 1 4 3 1 2 0 1 0 4 3 2 3 0 5 4 1 2 0]
  [0 4 4 4 5 1 1 1 5 0 1 0 1 1 1 1 4 4 5 5 1]
  [0 2 5 5 2 5 1 2 1 0 0 0 3 5 4 4 0 0 1 5 5]
  [0 5 2 0 2 2 4 1 5 3 2 0 4 0 3 1 3 5 2 3 5]
  [0 3 0 4 5 3 0 1 1 3 1 1 0 1 1 4 5 3 4 1 3]
  [0 0 4 3 4 4 0 3 3 0 2 5 2 0 2 0 0 5 0 1 4]
  [0 3 0 4 3 2 1 2 5 4 4 0 2 3 0 1 5 1 0 5 4]
  [0 1 4 3 5 5 1 0 0 4 0 3 4 3 0 0 2 5 4 1 3]
  [0 0 5 2 1 4 3 2 0 4 3 4 4 1 3 1 0 5 3 2 0]
  [0 3 5 2 2 4 2 1 5 5 2 2 5 1 2 1 5 0 5 3 0]
  [0 2 5 4 1 4 3 0 3 0 4 0 5 2 1 0 0 0 0 5 1]
  [0 5 1 3 3 3 5 4 2 0 4 0 4 4 5 5 5 3 4 0 2]
  [0 0 1 3 5 2 3 0 0 2 3 1 0 3 1 2 3 1 1 3 0]]

 [[0 3 2 5 1 1 0 1 4 3 2 0 5 0 4 1 3 4 2 2 4]
  [0 0 5 4 2 2 1 3 1 3 0 0 2 1 0 1 3 3 3 0 0]
  [0 1 0 5 1 3 5 5 1 5 2 4 0 0 5 1 1 0 3 2 1]
  [0 2 0 0 4 4 2 1 4 3 3 3 5 0 2 2 1 3 3 2 4]
  [0 1 0 0 0 5 3 1 3 1 3 0 1 1 1 0 1 0 1 5 2]
  [0 0 0 2 0 0 4 1 2 2 2 4 4 2 5 5 0 1 4 4 5]
  [0 0 3 2 5 5 0 3 5 0 1 2 3 0 2 2 2 5 2 0 4]
  [0 4 1 5 3 3 3 0 0 4 2 1 1 0 5 4 4 0 4 2 5]
  [0 2 3 5 0 1 4 1 0 5 0 0 1 2 3 1 3 5 4 5 4]
  [0 4 1 3 0 0 3 1 3 0 2 5 0 5 5 3 4 3 2 3 5]
  [0 4 0 0 5 0 5 4 4 5 0 4 1 5 4 2 4 0 4 3 4]
  [0 2 3 1 2 3 3 5 3 2 0 0 5 1 3 1 4 1 2 3 2]
  [0 2 0 5 3 4 5 0 4 1 2 3 0 5 2 5 0 1 5 4 2]
  [0 3 1 4 1 0 3 4 5 1 4 3 3 0 0 1 1 3 3 4 0]
  [0 0 4 5 2 2 1 4 2 1 0 0 3 0 0 2 4 1 1 1 4]
  [0 0 2 4 5 3 5 2 2 4 0 1 1 4 5 0 3 3 1 2 0]
  [0 1 2 4 5 2 1 2 2 2 4 2 1 2 4 2 0 2 2 1 5]
  [0 1 1 5 4 3 1 0 0 1 3 3 1 2 2 3 2 0 5 4 5]
  [0 3 2 5 4 0 3 2 2 1 4 4 4 5 0 1 1 5 0 5 3]
  [0 4 5 2 4 1 3 3 3 4 3 0 3 4 2 1 3 5 4 0 5]
  [0 2 0 4 1 3 0 5 4 1 4 3 5 0 2 1 1 2 3 5 0]]]
release_time
[  0   3  10   2   2  29  26  17  45   6  26  12  12  26  24  11  15   0
 275   4 146]
due_date
[  0   8  22   2  52  31  54  28  48   6  31  28  47  39  48  47  53   2
 314  26 182]
unit_emission
[12 20 20 19]
emission_limit
24195.0
setup_severity
0.02
due_tight
0.9
due_range
1.0
release_tight
1
degree_constr
0.2
