param: 
proc_time: (1, 100)
setup_rate: 2.0
setup_time: (60, 120)
delivery_time: (170, 200)

mach
5
job_rate
5
fam
8
setup_rate
2.0
proc_time
[[  0  81  51  17  87  63  12   5  68  97  56  36   5  31  26  28  78  40
   66  80  51  98  83  21  30   6]
 [  0  60  50 100  72   6   2  14  36  54  91  81  69  61  20  59  29  95
   65  17  88  62  57  67 100  86]
 [  0  92  31  80  57  72   3  45  44  55  30  35  89  42   3  59  78  16
   72  75  72  63  44  53  97  59]
 [  0  73  78  94  19  25  12  50  88  86  32  82  93  26  81   4  25  93
   56  31  74  94  23  62  53  77]
 [  0  60  86  24   5  78  84  48  91  92  76  56  22   7  32  59  86   7
   69  50  84   3   8  30   8  79]]
setup_time
[[[  0 118 118  72  94 109 101  90  89]
  [  0   0  89 117  98  60  85  73  97]
  [  0  61   0  71  93  71 119  87  84]
  [  0  60  88   0 113 104 117  90  73]
  [  0 108 106 111   0 104  74  63  97]
  [  0 116  77  84 102   0  62  77  63]
  [  0  69  79  79  99  61   0  79 103]
  [  0  68 111 102 106  90  86   0  65]
  [  0 101 110  89  83  75  67  80   0]]

 [[  0 102  65 104  87  94  82 120  76]
  [  0   0 105  90 114  72  96 107  81]
  [  0  64   0 102  65  86 109  63  99]
  [  0 104 100   0 107  63 119  78  99]
  [  0 120 110  65   0 100 113  70 118]
  [  0  66  84 101 116   0 119  90 118]
  [  0  91 109  86  96  82   0 117  95]
  [  0  93  75  91 100  93  70   0  67]
  [  0  78 110  64 113  67 106  73   0]]

 [[  0 114  82 115 106 115  90  83 105]
  [  0   0 117  73 118 120  82  71  97]
  [  0  76   0  80 117  99  74  88 103]
  [  0 103  81   0 100 112  89  65 106]
  [  0  79  91  74   0  85 106  89 110]
  [  0  62  73 109  84   0 102  93  94]
  [  0  75  89 110 106 105   0  94  83]
  [  0 106  84 107 108 100 106   0 114]
  [  0 120  84  70  76 104  71 113   0]]

 [[  0  86  85  95  94  76  62 104  80]
  [  0   0  83 105  64  75  98  84  84]
  [  0 105   0  72  96  76  89 107  81]
  [  0  76 114   0  72 120  96  66  93]
  [  0  69  70 101   0  64 116  87  81]
  [  0  90  91  87 111   0 116  63  96]
  [  0 107  64  86 115  71   0  66  84]
  [  0 108 105 110  82  83 107   0  98]
  [  0  74  67 107  85  75  68  89   0]]

 [[  0  81  72  89  80  62  77 119  88]
  [  0   0 110  97  94 101 101 109 113]
  [  0 114   0 117  98 115  76 111  95]
  [  0  84  98   0 120 100  87 113  75]
  [  0  92 114 110   0  87  81 101  92]
  [  0 113  94 114  75   0  66 112 115]
  [  0  68 118  72 105 118   0 116  99]
  [  0  74  65  67  77  70  78   0  69]
  [  0 107  70  95 120 109  89  84   0]]]
delivery_time
[[  0 197 192 197 176 186 176 177 193 185 189 179 181 198 200 191 181 199
  182 189 171 178 172 184 175 177]
 [  0 184 188 177 192 195 181 184 183 190 176 186 196 187 196 178 187 184
  187 185 195 195 189 195 188 176]
 [  0 193 198 179 194 179 170 171 173 176 200 184 191 177 197 178 186 198
  185 198 187 191 189 180 194 185]
 [  0 193 183 183 174 192 200 175 179 178 185 171 179 185 181 172 176 193
  177 187 180 192 194 179 182 172]
 [  0 183 194 190 172 192 199 193 178 190 181 193 183 186 185 191 200 200
  185 182 174 190 198 190 188 173]]
job2fam
[[1 0 0 0 0 0 0 0 0 0 0 0 0 0 0 0 0 0 0 0 0 0 0 0 0 0]
 [0 0 0 0 0 0 1 0 0 0 0 0 0 0 0 0 0 0 0 0 0 0 0 0 1 0]
 [0 1 0 0 0 0 0 0 0 0 0 0 0 0 0 0 0 0 0 0 0 0 0 0 0 0]
 [0 0 0 0 0 0 0 0 0 0 1 1 0 0 0 0 0 1 0 0 0 0 0 1 0 0]
 [0 0 1 1 0 1 0 1 0 1 0 0 0 0 0 0 1 0 0 0 0 0 0 0 0 0]
 [0 0 0 0 0 0 0 0 1 0 0 0 1 0 0 1 0 0 0 0 0 0 0 0 0 1]
 [0 0 0 0 0 0 0 0 0 0 0 0 0 0 0 0 0 0 0 0 0 1 0 0 0 0]
 [0 0 0 0 1 0 0 0 0 0 0 0 0 0 1 0 0 0 0 1 1 0 1 0 0 0]
 [0 0 0 0 0 0 0 0 0 0 0 0 0 1 0 0 0 0 1 0 0 0 0 0 0 0]]
unit_cost
[16 11 12 14 12]
pre_factor
1.0
