param: 
proc_time: (1, 100)
setup_rate: 1.0
setup_time: (30, 60)
delivery_time: (170, 200)

mach
5
job_rate
8
fam
5
setup_rate
1.0
proc_time
[[ 0 29 96 16 92 18 17 12 87 77 65 70 46 90 32 53 56 69 50 50 92 52 84 42
  58 11 90 80 55 66  2 35 27  4 13 85 68  1 21 62  1]
 [ 0 16 32 19 80 37 81  6 97 44 95 55 88 35 16 75 35 57 81 89  9 41 68 53
  58 80 86 84 43 65 69 23 32 13 36 52  5 11 74 57 15]
 [ 0 66 10 83 98 58 32 95 13 66 39 33 23 18 86 90 85  5 96  2 40 17 19  7
  39 32 70 90 39  2 69 57 20 47 81 20 52 81 17 91 72]
 [ 0 20 98 96 37 13  9 80 60 58 46 62 79 36 48 34  6 44 30 56 94 34 79 76
  89 60  3 18  8 45 95 68  5  9 82  8 34 20 27 34 34]
 [ 0 15 58 59 80 76 10 65 36 39 20 10 39 70 21 21 80 89 99 42 40 67 73 18
  16 74 33 92 22 28 13 19 81 38 52 70 41 39 13 87 53]]
setup_time
[[[ 0 39 45 40 56 60]
  [ 0  0 48 36 46 60]
  [ 0 41  0 35 33 58]
  [ 0 52 46  0 33 55]
  [ 0 50 52 38  0 41]
  [ 0 32 53 56 54  0]]

 [[ 0 55 53 43 33 53]
  [ 0  0 41 44 48 57]
  [ 0 30  0 57 34 43]
  [ 0 53 49  0 54 36]
  [ 0 40 51 55  0 50]
  [ 0 53 60 46 34  0]]

 [[ 0 35 41 38 45 38]
  [ 0  0 49 41 49 31]
  [ 0 45  0 44 32 60]
  [ 0 34 58  0 40 47]
  [ 0 37 50 39  0 57]
  [ 0 46 44 38 31  0]]

 [[ 0 30 40 54 45 60]
  [ 0  0 41 40 56 52]
  [ 0 30  0 51 35 31]
  [ 0 60 43  0 37 39]
  [ 0 56 51 32  0 59]
  [ 0 54 52 50 37  0]]

 [[ 0 36 37 37 56 50]
  [ 0  0 48 33 48 36]
  [ 0 45  0 34 33 42]
  [ 0 41 32  0 46 48]
  [ 0 60 58 37  0 46]
  [ 0 51 40 34 40  0]]]
delivery_time
[[  0 170 194 197 199 189 188 172 199 185 200 178 177 185 190 193 170 171
  198 176 186 187 187 200 177 188 200 184 194 194 172 170 188 187 178 181
  199 172 178 173 189]
 [  0 193 178 191 178 186 185 180 178 185 200 172 193 174 179 200 186 191
  170 179 190 174 194 185 172 176 189 171 188 188 192 179 182 188 183 184
  200 193 199 192 185]
 [  0 187 175 200 176 186 199 176 179 185 176 174 184 182 182 194 187 193
  185 192 173 182 170 181 182 200 193 181 196 171 199 199 191 184 194 171
  193 173 185 191 192]
 [  0 176 178 182 185 192 171 198 181 182 176 171 191 183 198 195 184 194
  171 178 176 192 197 196 180 184 180 186 172 194 200 179 182 181 196 192
  172 183 199 178 189]
 [  0 170 188 171 195 199 175 182 182 190 171 173 186 177 200 170 170 176
  175 196 171 190 172 174 184 187 185 192 199 193 193 180 184 195 183 189
  198 193 181 193 171]]
job2fam
[[1 0 0 0 0 0 0 0 0 0 0 0 0 0 0 0 0 0 0 0 0 0 0 0 0 0 0 0 0 0 0 0 0 0 0 0
  0 0 0 0 0]
 [0 0 1 0 1 0 1 1 1 0 0 0 0 0 0 1 0 0 0 0 0 1 0 0 1 0 0 0 0 0 0 0 1 0 0 0
  1 0 0 0 0]
 [0 0 0 0 0 1 0 0 0 0 0 1 0 0 0 0 1 0 1 0 0 0 0 0 0 0 0 0 0 1 0 0 0 0 0 1
  0 0 0 0 0]
 [0 0 0 1 0 0 0 0 0 0 1 0 1 0 1 0 0 0 0 0 1 0 0 0 0 0 0 1 0 0 0 1 0 0 0 0
  0 0 1 1 1]
 [0 0 0 0 0 0 0 0 0 1 0 0 0 0 0 0 0 1 0 0 0 0 1 1 0 0 1 0 0 0 1 0 0 1 1 0
  0 0 0 0 0]
 [0 1 0 0 0 0 0 0 0 0 0 0 0 1 0 0 0 0 0 1 0 0 0 0 0 1 0 0 1 0 0 0 0 0 0 0
  0 1 0 0 0]]
unit_cost
[26 18 25 19 22]
pre_factor
1.0
