mach
4
job_rate
5
weight
[ 0 10  5  6  1  4  8  8  4 10  9  2  7  8  6  5  3  9  2  5 10]
proc_time
[[  0 133 136 132  75  84  62  71  68 136  89  68 132 109  52 123  78 121
  108 143  65]
 [  0 100 132 122 104 123  73  78  74 143  58 115  52  61  67  89  87  76
  137 130 116]
 [  0 140 147 114  78 102 139 138 139  83  57  67  63  98 125 108  58  58
  129  63 139]
 [  0 123 144  94 121 105 116 104  79 122  87  56 107  67 144 132  59 149
  147  62 127]]
setup_time
[[[0 1 3 4 1 4 3 2 0 4 4 2 4 5 0 4 0 5 0 3 3]
  [0 0 0 2 2 1 0 1 3 3 3 1 3 2 4 1 3 5 0 5 2]
  [0 2 0 4 1 1 5 1 1 5 0 5 1 0 4 3 0 0 2 0 5]
  [0 0 3 0 2 3 0 4 5 0 2 0 5 2 1 2 1 0 2 5 1]
  [0 0 3 3 0 4 0 0 0 0 4 4 3 2 4 3 3 3 5 2 3]
  [0 5 2 2 0 0 1 0 5 5 5 5 1 0 0 5 0 3 3 3 2]
  [0 5 1 0 5 3 0 5 2 3 5 5 3 5 4 3 2 4 4 1 5]
  [0 2 3 1 0 4 3 0 4 1 5 3 0 2 2 0 5 2 0 1 5]
  [0 1 1 0 0 2 3 2 0 3 3 1 1 5 0 5 0 3 2 1 1]
  [0 3 1 4 5 2 0 3 2 0 4 0 0 1 0 2 0 1 2 3 3]
  [0 3 4 0 3 0 5 1 1 2 0 4 5 3 3 1 1 2 4 3 2]
  [0 5 4 2 3 4 5 2 0 1 4 0 1 5 2 5 1 0 2 3 0]
  [0 4 4 5 0 1 2 5 0 2 5 5 0 5 0 4 5 2 0 0 3]
  [0 4 0 4 0 4 0 4 3 1 4 2 2 0 4 0 5 0 5 5 0]
  [0 3 2 3 3 1 5 0 5 5 4 1 4 4 0 0 1 5 3 2 4]
  [0 4 0 2 5 2 1 4 0 4 5 1 2 2 3 0 4 4 3 4 1]
  [0 5 5 1 0 3 0 2 5 0 4 3 0 3 0 2 0 5 4 4 0]
  [0 3 0 5 3 1 1 4 1 0 0 5 4 5 2 3 4 0 3 1 1]
  [0 2 2 2 5 3 1 5 3 2 5 5 4 2 0 1 2 1 0 0 5]
  [0 3 5 4 0 3 0 4 2 0 1 2 1 1 4 3 2 5 4 0 1]
  [0 5 5 3 0 0 5 2 0 2 5 2 3 2 4 2 2 2 2 5 0]]

 [[0 1 3 2 4 0 0 2 5 3 1 1 1 4 3 4 3 0 4 0 4]
  [0 0 4 3 4 4 2 2 1 1 4 3 2 5 2 0 0 2 2 4 3]
  [0 3 0 1 1 1 4 3 0 4 3 2 4 5 1 3 3 0 5 1 3]
  [0 5 3 0 0 0 5 5 4 0 3 3 5 3 0 1 2 0 4 4 3]
  [0 0 1 1 0 3 4 2 0 0 3 5 3 4 1 4 5 2 2 5 2]
  [0 5 1 3 2 0 5 3 3 5 2 2 3 3 4 1 5 1 4 5 3]
  [0 4 5 5 0 3 0 2 0 4 0 2 1 2 5 0 0 4 3 5 5]
  [0 5 0 0 2 5 1 0 5 0 3 0 4 3 3 1 0 2 3 0 1]
  [0 2 1 2 2 5 3 5 0 5 5 3 1 2 5 5 4 1 0 1 4]
  [0 0 2 2 2 3 4 2 0 0 3 3 3 4 2 0 3 1 4 4 2]
  [0 0 4 3 0 5 4 3 3 2 0 1 1 2 0 1 4 1 5 2 5]
  [0 1 2 4 2 0 3 4 2 2 1 0 4 3 0 2 4 3 2 1 3]
  [0 3 1 2 0 5 0 3 1 3 5 0 0 2 5 4 1 5 0 3 4]
  [0 4 2 5 2 0 0 1 1 2 3 1 0 0 4 2 3 2 1 5 3]
  [0 2 5 4 2 2 2 2 5 5 4 1 1 3 0 3 0 4 2 1 1]
  [0 5 2 5 2 4 1 2 4 0 2 4 2 0 5 0 1 1 5 5 1]
  [0 1 0 1 2 0 1 1 1 4 3 2 3 4 1 1 0 3 3 4 1]
  [0 5 4 5 1 1 4 0 4 1 3 3 2 1 2 3 3 0 1 5 0]
  [0 3 2 5 3 3 3 2 5 4 1 3 3 1 0 2 3 1 0 1 2]
  [0 3 4 5 1 3 4 4 3 3 3 1 0 3 5 0 1 2 3 0 2]
  [0 3 0 3 5 2 4 2 4 3 1 0 4 0 4 0 2 2 0 5 0]]

 [[0 5 4 2 3 4 2 0 0 0 0 5 2 0 2 3 3 1 1 0 3]
  [0 0 4 3 0 5 2 5 2 0 5 3 2 0 0 3 5 0 3 0 1]
  [0 0 0 0 5 2 2 0 2 2 2 0 5 3 3 0 3 3 4 1 2]
  [0 5 4 0 4 4 0 1 3 0 2 5 1 1 0 1 2 2 5 5 1]
  [0 4 4 2 0 0 5 0 1 0 3 0 1 3 2 1 4 2 2 2 2]
  [0 0 2 4 3 0 3 5 0 5 2 5 0 1 2 2 2 1 1 2 3]
  [0 5 5 4 0 3 0 3 2 3 2 2 5 2 0 5 2 0 2 0 4]
  [0 0 5 4 4 3 5 0 0 5 5 5 5 1 3 3 1 0 5 3 4]
  [0 3 3 2 2 3 4 0 0 1 1 0 0 2 0 0 5 3 5 0 0]
  [0 1 0 2 4 5 5 5 4 0 2 2 3 0 2 4 1 1 1 2 0]
  [0 2 5 2 2 3 4 4 5 5 0 4 2 2 1 0 0 4 2 2 4]
  [0 1 5 4 5 1 4 0 0 1 1 0 1 3 2 1 0 0 0 5 2]
  [0 0 2 1 3 1 4 4 1 3 2 1 0 2 3 5 5 1 0 2 5]
  [0 3 2 1 2 2 2 4 5 1 1 3 1 0 4 2 1 3 4 5 4]
  [0 5 3 3 0 0 1 1 5 0 1 0 4 0 0 4 4 2 2 2 1]
  [0 3 2 4 5 4 4 2 0 2 4 3 5 2 5 0 2 3 2 2 3]
  [0 3 0 0 3 2 4 4 0 5 5 3 5 0 3 4 0 3 1 2 2]
  [0 1 2 0 1 0 1 1 4 4 4 4 5 0 1 5 1 0 0 5 4]
  [0 0 3 2 3 5 4 4 0 2 2 1 4 1 2 4 2 3 0 5 2]
  [0 2 2 5 0 2 4 2 4 1 4 0 4 3 4 4 1 4 3 0 4]
  [0 3 4 4 3 2 1 2 1 0 1 3 1 4 3 2 5 4 0 4 0]]

 [[0 0 2 1 3 3 5 5 4 3 0 1 2 2 0 2 0 3 1 3 4]
  [0 0 0 2 0 3 4 3 4 3 3 4 5 4 2 2 1 2 1 2 4]
  [0 3 0 5 4 4 2 1 3 3 0 5 1 3 2 1 1 5 3 3 4]
  [0 3 3 0 1 2 0 3 1 4 1 4 3 3 0 4 5 0 5 0 5]
  [0 1 1 0 0 3 3 2 4 1 0 3 5 3 5 0 1 1 2 1 2]
  [0 2 1 4 3 0 0 3 4 4 2 2 3 2 4 3 1 4 1 1 2]
  [0 4 2 2 2 2 0 4 5 2 0 4 1 1 0 3 1 4 1 3 4]
  [0 0 1 3 1 2 0 0 4 0 1 1 2 4 3 1 5 1 2 3 2]
  [0 0 1 2 1 4 3 2 0 3 1 5 2 0 4 1 4 2 0 5 4]
  [0 4 4 1 5 2 1 0 4 0 0 1 4 4 0 2 1 4 3 3 2]
  [0 0 2 5 1 1 1 3 2 5 0 3 2 0 0 0 4 2 2 2 0]
  [0 0 1 3 1 5 3 3 1 5 5 0 1 0 1 0 0 3 5 2 1]
  [0 0 2 5 0 0 0 5 0 3 2 2 0 4 1 0 4 3 0 2 1]
  [0 2 4 0 1 2 5 5 2 0 2 2 5 0 2 3 4 1 2 4 4]
  [0 4 5 1 4 5 0 1 4 2 4 2 5 2 0 0 1 5 4 0 0]
  [0 4 5 2 0 4 4 1 2 2 4 2 0 2 4 0 2 0 1 0 4]
  [0 4 4 0 1 0 1 3 1 3 4 0 5 5 0 3 0 2 0 2 5]
  [0 0 3 3 1 3 2 0 4 1 5 0 3 2 5 3 3 0 0 4 1]
  [0 5 1 3 3 5 5 0 4 4 4 3 1 1 2 3 4 0 0 5 1]
  [0 3 2 2 3 2 2 3 3 4 2 0 5 2 2 1 1 2 2 0 5]
  [0 0 0 5 1 4 3 2 0 2 4 0 4 3 1 0 2 0 5 5 0]]]
release_time
[  0  11   0  15   7   7  12  15   0  16 224   2   0   0   1   0  33   3
   1   4  25]
due_date
[  0  32   7  29  32   7  42  32  27  38 407  38   3   0  28  12  36  26
  41   6  47]
unit_emission
[ 3 20  8 18]
emission_limit
14230.2
setup_severity
0.02
due_tight
0.9
due_range
1.0
release_tight
10
degree_constr
0.8
