param: 
proc_time: (1, 100)
setup_rate: 1.0
setup_time: (30, 60)
delivery_time: (100, 200)

mach
5
job_rate
8
fam
8
setup_rate
1.0
proc_time
[[  0  89  30  58  79  86  99  65  39  59  99  47  70  95  18  64  60  20
   55  56  42  80  54  50  13  86  32   8  86  23  42  84  87  17  18  18
   43  43  29  80  17]
 [  0  77  86  51  29 100  20  13  88  13  66  33   6  31  68  62  77  24
   22  31  29  49  32  24  66  96  66  27  22  20  87  57 100  50   8  40
   39  49  53  49  50]
 [  0  70  18  14  35  12  57   3   6  63  30  44   2  42  86  89  77  83
   96  55  26  35  55  39   3  39  37  99  50  52  60  53  60  77  27   5
   22  47  74  68  54]
 [  0  69  30   5  32  67   5  97  58  58  47  53  88  42  49  34  32  79
   71  85   6  65   4  50  22  98  92  25  92  45  25  74  98  22   2  22
   96   3  78  33  92]
 [  0  23  80   4  42   7  29  40  68  26  85  97  29  93  36  64  95  85
    6  36  86  21  32  24   2  43  10  96  94  91  42  88  17  49  79  34
   93  48  64  91  53]]
setup_time
[[[ 0 59 55 36 37 30 53 36 54]
  [ 0  0 53 50 45 55 31 58 58]
  [ 0 31  0 35 38 60 55 53 39]
  [ 0 41 52  0 54 33 41 55 35]
  [ 0 34 60 55  0 35 51 47 60]
  [ 0 52 44 38 40  0 43 31 59]
  [ 0 30 48 35 55 50  0 53 58]
  [ 0 58 45 59 38 30 39  0 46]
  [ 0 39 42 47 30 44 42 56  0]]

 [[ 0 56 43 46 46 40 38 38 36]
  [ 0  0 52 59 51 38 52 53 52]
  [ 0 48  0 47 58 34 36 37 57]
  [ 0 48 57  0 46 55 52 49 31]
  [ 0 57 44 47  0 54 47 39 35]
  [ 0 30 35 36 43  0 52 59 58]
  [ 0 60 36 46 53 56  0 54 38]
  [ 0 57 54 45 31 59 33  0 50]
  [ 0 58 58 53 38 31 36 31  0]]

 [[ 0 43 51 52 35 37 48 46 30]
  [ 0  0 55 30 47 58 38 32 46]
  [ 0 60  0 34 35 49 34 54 53]
  [ 0 44 49  0 31 41 49 52 39]
  [ 0 47 53 53  0 57 40 48 41]
  [ 0 58 30 42 45  0 36 36 34]
  [ 0 32 53 45 53 50  0 55 53]
  [ 0 46 39 55 39 35 53  0 42]
  [ 0 49 43 57 37 55 44 52  0]]

 [[ 0 48 43 51 54 60 42 45 58]
  [ 0  0 49 35 44 59 44 53 55]
  [ 0 58  0 35 39 43 46 46 45]
  [ 0 44 48  0 47 44 40 42 51]
  [ 0 46 49 52  0 56 48 36 31]
  [ 0 49 47 45 50  0 50 35 45]
  [ 0 38 36 43 36 32  0 43 43]
  [ 0 50 32 59 55 44 35  0 39]
  [ 0 42 43 58 60 47 32 55  0]]

 [[ 0 40 55 57 52 40 35 45 59]
  [ 0  0 33 33 51 52 41 54 43]
  [ 0 42  0 44 56 51 35 33 60]
  [ 0 33 60  0 47 32 58 35 49]
  [ 0 57 31 36  0 57 49 52 44]
  [ 0 51 60 36 49  0 40 50 49]
  [ 0 42 56 34 43 38  0 46 58]
  [ 0 38 43 57 30 42 38  0 44]
  [ 0 41 51 36 46 39 49 50  0]]]
delivery_time
[[  0 147 120 185 198 120 111 133 194 118 126 146 129 134 147 142 141 186
  138 107 146 129 102 158 140 176 134 169 140 146 186 128 156 157 157 181
  187 110 101 132 159]
 [  0 111 141 128 144 159 141 133 177 199 182 113 155 141 124 158 182 118
  130 103 145 130 135 109 138 151 135 131 141 146 173 189 166 146 161 127
  152 167 102 154 170]
 [  0 123 174 162 114 134 176 182 168 103 171 156 156 168 140 182 129 113
  176 159 169 108 112 198 166 127 126 103 172 124 200 117 125 114 111 124
  126 151 151 198 186]
 [  0 142 187 196 189 108 139 169 106 103 171 135 133 119 177 184 143 110
  145 134 184 170 190 191 101 104 109 154 107 101 135 128 164 103 127 142
  158 115 102 152 111]
 [  0 104 170 184 110 177 136 153 186 155 112 159 106 112 104 100 195 164
  196 156 195 193 100 170 125 125 191 157 113 197 110 111 107 111 133 124
  180 138 161 133 196]]
job2fam
[[1 0 0 0 0 0 0 0 0 0 0 0 0 0 0 0 0 0 0 0 0 0 0 0 0 0 0 0 0 0 0 0 0 0 0 0
  0 0 0 0 0]
 [0 0 0 0 0 0 0 0 0 0 0 1 0 0 0 0 0 0 0 0 0 1 1 0 0 0 1 1 1 1 0 0 1 1 0 0
  0 0 0 0 0]
 [0 0 0 0 0 0 1 0 1 0 0 0 0 0 0 0 0 0 0 0 0 0 0 0 0 0 0 0 0 0 0 0 0 0 0 1
  1 0 0 0 1]
 [0 0 1 0 0 0 0 0 0 1 0 0 1 0 0 0 0 0 0 0 1 0 0 0 0 1 0 0 0 0 0 0 0 0 0 0
  0 0 0 0 0]
 [0 0 0 0 0 1 0 0 0 0 1 0 0 0 0 0 0 0 0 1 0 0 0 1 0 0 0 0 0 0 0 0 0 0 0 0
  0 0 0 0 0]
 [0 0 0 0 0 0 0 0 0 0 0 0 0 1 0 0 0 0 0 0 0 0 0 0 0 0 0 0 0 0 0 1 0 0 0 0
  0 0 0 0 0]
 [0 1 0 0 1 0 0 1 0 0 0 0 0 0 0 1 0 0 0 0 0 0 0 0 1 0 0 0 0 0 1 0 0 0 0 0
  0 1 0 0 0]
 [0 0 0 0 0 0 0 0 0 0 0 0 0 0 1 0 1 0 0 0 0 0 0 0 0 0 0 0 0 0 0 0 0 0 0 0
  0 0 1 1 0]
 [0 0 0 1 0 0 0 0 0 0 0 0 0 0 0 0 0 1 1 0 0 0 0 0 0 0 0 0 0 0 0 0 0 0 1 0
  0 0 0 0 0]]
unit_cost
[20 22 15 22 24]
pre_factor
1.0
