param: 
proc_time: (1, 100)
setup_rate: 1.0
setup_time: (30, 60)
delivery_time: (1, 100)

mach
5
job_rate
8
fam
8
setup_rate
1.0
proc_time
[[  0  49  89  98   8  35  85  98  44  58  93  30  75  78  91  83  61  76
   93  99  42  28  92  60   2  16  88  35  24  35  17  39 100  89  35  87
    3  12  85  80  58]
 [  0  37  88  17  93  11  42  18  56  71  29  56  78   1  27  77  78   5
   89  33  22  69  18  88  34   2  42  33  23  24  58   8  93  74  96  18
   11  61  64  75  19]
 [  0  17  50  32  99  60  71  85  78  78  33  88   1  37  39  68  58   2
   49  59  18  68  80  10  73  41   5  68  20  90  14  52  28   4   4  39
   75  39  76  94  79]
 [  0  69   4  45  35  48  76  48  11  23  92   5  88  44  38   1   5  89
    7  77  80  70   4  40  44  94   4  44  33  24  45 100  71  26  51   5
   83  17  97  32  46]
 [  0  80  89  81  18   1  50  19  42  97  65  68  82 100  42  24  76  13
    1  88  23  21  57  89  11  44  28  47  43   2  63  92   1  83  82  44
   47  74  84  82  71]]
setup_time
[[[ 0 36 55 50 46 30 32 43 49]
  [ 0  0 60 43 58 34 60 30 31]
  [ 0 42  0 34 36 42 56 58 44]
  [ 0 35 45  0 32 30 30 33 48]
  [ 0 57 59 56  0 38 46 56 36]
  [ 0 59 43 33 52  0 31 47 55]
  [ 0 40 54 56 52 57  0 49 50]
  [ 0 58 42 52 43 54 59  0 58]
  [ 0 43 31 57 39 60 59 34  0]]

 [[ 0 51 53 37 31 34 49 49 36]
  [ 0  0 54 37 47 39 56 44 31]
  [ 0 53  0 36 42 53 47 44 36]
  [ 0 34 50  0 40 36 45 56 56]
  [ 0 42 44 59  0 31 50 55 31]
  [ 0 36 58 36 49  0 54 57 55]
  [ 0 50 59 50 55 46  0 30 32]
  [ 0 50 47 46 40 44 52  0 56]
  [ 0 47 39 52 39 54 57 52  0]]

 [[ 0 60 51 44 56 30 31 46 52]
  [ 0  0 53 56 58 30 32 33 37]
  [ 0 59  0 30 46 55 37 53 43]
  [ 0 44 34  0 31 36 30 37 51]
  [ 0 41 37 42  0 39 57 52 30]
  [ 0 49 55 39 45  0 49 44 45]
  [ 0 45 34 55 53 44  0 43 33]
  [ 0 44 44 41 54 55 50  0 32]
  [ 0 58 51 51 50 44 56 57  0]]

 [[ 0 38 45 45 37 38 32 31 41]
  [ 0  0 46 37 50 32 56 36 56]
  [ 0 38  0 48 44 57 44 55 41]
  [ 0 42 41  0 30 38 52 51 51]
  [ 0 37 42 41  0 58 32 42 38]
  [ 0 34 38 50 35  0 59 33 58]
  [ 0 52 38 52 43 59  0 52 37]
  [ 0 31 46 48 58 30 39  0 35]
  [ 0 52 37 40 36 46 36 30  0]]

 [[ 0 32 55 60 37 30 47 40 50]
  [ 0  0 31 39 40 52 33 38 39]
  [ 0 38  0 42 53 37 59 39 59]
  [ 0 36 37  0 52 48 48 52 46]
  [ 0 46 38 53  0 49 57 58 41]
  [ 0 51 35 49 42  0 31 45 58]
  [ 0 60 36 53 44 47  0 60 47]
  [ 0 38 34 40 38 44 53  0 43]
  [ 0 41 56 58 39 59 43 59  0]]]
delivery_time
[[  0  34  42  53   1  80  99  15  55  16  47  82  79 100   8  87  43  23
   34  82  84   5  51  57  67  22  33  13  43  75  53  47  57  89  95  13
   59  24  77  84  81]
 [  0   8  16  20   8  90   3  11  95  67  23  48   5   6   1  45  97  93
   89  99  88  21  81  17  21  46  26  21  12  61   7  16  39  18  80  29
   36  25  26  62  76]
 [  0   7  36  83  60  28  34  59   9  54  20   9  58  49  62  19  80  21
   27  31  58  40  48   1  56  59  21  61  72  91  42  10  21  94  94  61
   19  93  71  14  39]
 [  0  72  65  58  76  81  23   9  65   9  32  40  64  81  11  66  26  99
   58  87  27  82  35  32  11  49  92  87  42   9  31  91  11  85  10  31
   26   8  10  24  72]
 [  0  38  92  65  96  15  38   9  58  15  32  18  20  11  88  85  28  57
   97  39  90  31  68  80  70  94 100  60  43  56   6  85  70  29  10   3
   34   8  35  22  18]]
job2fam
[[1 0 0 0 0 0 0 0 0 0 0 0 0 0 0 0 0 0 0 0 0 0 0 0 0 0 0 0 0 0 0 0 0 0 0 0
  0 0 0 0 0]
 [0 0 0 0 0 1 0 0 0 0 0 0 1 1 0 0 0 0 0 0 0 0 0 0 0 0 0 0 0 0 0 0 0 0 1 0
  0 0 0 0 0]
 [0 0 1 0 0 0 0 0 0 0 0 0 0 0 0 0 0 0 0 0 0 0 0 0 0 0 0 0 0 0 0 1 0 0 0 0
  0 0 0 0 0]
 [0 0 0 1 0 0 0 0 0 1 0 0 0 0 0 1 0 0 0 0 1 0 0 0 0 0 0 0 0 0 0 0 0 0 0 0
  0 0 1 0 0]
 [0 0 0 0 0 0 0 0 1 0 0 0 0 0 0 0 0 1 0 0 0 0 1 1 1 0 0 0 0 0 1 0 0 0 0 0
  0 0 0 0 0]
 [0 0 0 0 1 0 1 0 0 0 0 0 0 0 0 0 0 0 0 0 0 0 0 0 0 0 0 0 1 0 0 0 1 0 0 0
  1 1 0 0 0]
 [0 1 0 0 0 0 0 0 0 0 0 1 0 0 0 0 0 0 1 1 0 0 0 0 0 0 0 1 0 0 0 0 0 0 0 0
  0 0 0 0 1]
 [0 0 0 0 0 0 0 1 0 0 1 0 0 0 1 0 1 0 0 0 0 1 0 0 0 1 1 0 0 1 0 0 0 0 0 0
  0 0 0 0 0]
 [0 0 0 0 0 0 0 0 0 0 0 0 0 0 0 0 0 0 0 0 0 0 0 0 0 0 0 0 0 0 0 0 0 1 0 1
  0 0 0 1 0]]
unit_cost
[14  9 13 12 10]
pre_factor
1.0
