mach
4
job_rate
5
weight
[ 0 10 10  4  8  3  1  1  7  7  2  4  1 10  4  1  5 10  9  5  3]
proc_time
[[  0 131  69  59  98 130  72 108  76  97  56  95 100 105 114 115  68  84
  102 110  95]
 [  0 136  68 112 115  74 106  59  53  57  91 142  76 105  91  99 110 127
   70 137 141]
 [  0 106 114 118  86  64  60 103  53 135  95  64 103 123 130 109  78  56
  130  54  65]
 [  0 144 106  65  64  91 101  59 119 115  62 129 134  55 118 107 101  72
   82  56 141]]
setup_time
[[[  0  94 229  65 246 265 169  71 145  24 229  91 288 105 349 210 149
    70 300  42 201]
  [  0   0  25 309 209 361 204  31 305 165 153 335 102 106 284  42   2
   158 138 378 172]
  [  0  29   0  51 170 289 300 367 351  95 127 163 316 195 287 171  41
   232 280 148 252]
  [  0 216 119   0 374 140  61 164 266 165  45 341  31 189 241 186 134
   244 191 273 284]
  [  0 343 214 110   0 152 230 252  51 296   1 234 326  73  36 327 139
   246  29 218 283]
  [  0 258  75 161  25   0 344   1 171 134 222 277 204  44 241 154 217
   159 334 240 188]
  [  0 268 173  86  62 196   0  65 328 192  43   9 172  32  37 125 310
   323 127  22  23]
  [  0 228 119 251 109 339 259   0 280  80  19 263 101  81 370  32  57
   221 277  78 251]
  [  0 182 181 234 195 292 272  94   0  63   5  54 164 341 288 177  71
   202 353 125 244]
  [  0 109 279 337 108 120 322   8 150   0 157 249  82 270 303 101  48
   140 327 156  48]
  [  0 341 259 334  72 172 135  30 135 311   0 350  33 317 257  88 188
   241  97  64 359]
  [  0  87 340  13  14 234 316 317  63 154  46   0 292  63 111 371 275
   193  37 227  75]
  [  0  16 333 288 254  46 162  10 229 341  93 173   0 336 193  38 216
   265 255 148 134]
  [  0 326 317 198 219 323 299 222 176  63 122 146 254   0 114 306  57
     0 236   3  19]
  [  0 172 193 124 134 328 205 209 131 263 140 357 330 310   0 365  56
   312 232 310 151]
  [  0 130 277 140 153 191 205  13 367 264 277 121 271  17  65   0  66
   352  80 195 159]
  [  0 159 166 320 239 327 131 347 327 196  83  29 324 156 290  79   0
     9 255 309 201]
  [  0  96 106   8  82 345 252 139 316  20 222 317 292 147 265 196 278
     0 115 126 320]
  [  0 119 219 171 217 176 100 167 133 219  26  79 214 127 245 296 221
   273   0  96 339]
  [  0   3 258 355 306  87 172  12  95 113  12  31 361 214  97  14 235
   147  69   0 326]
  [  0 229 287 135 322 126 128 195 157 166 209  72   2 365 174 220 246
   116 316 359   0]]

 [[  0  11  32 377  69  15 101 340 221 361 314 229 267 350 240   8 362
    91   4 129 177]
  [  0   0 103  56  15 240 131 283 169 353  21 119 267 215 246  21 100
   217 198 277  70]
  [  0 358   0  94 279  23 332 142  38 120 228 338 152   8 379 321 272
   182  33   6 227]
  [  0  94  60   0 197 204  78 168  27  12 319 357 265 231  83 145  58
   276 152 224 361]
  [  0 184   4 304   0 322 241  70 316 241 153 171 255 340  40 165 218
   352 330  84  74]
  [  0 335 291  22 129   0 133 336   1 193 125  14  49  61  14 344 265
   150 259 340 321]
  [  0 176  73 336 167  81   0 298  78 110 381 330 362 294 275 145 361
     8 321 320 175]
  [  0 277  18 225 376 315 261   0 156  67 164 149 318  56 124 299 217
   234 246 245 242]
  [  0  15 345 363 199 200 348 295   0  68 333 123 338 270 259 213  75
   164 321 292  87]
  [  0 354 154 232  61 124 323 129 271   0 106  96 362 298 195   7  32
   235  50  83 284]
  [  0 244  85 342 226 147 238 209 146 221   0 306  45 106 302 339   3
    57  64  56 275]
  [  0 353 281 241 134  85 223 333 193  74 246   0 287 189 154 104 120
   111 366 303  23]
  [  0 172 273 362  75 360 376 248 130  61  58 164   0 117  58 284  83
   306 204 369 336]
  [  0 191 127 336 164 372  93 152 266 250 373 309 342   0 321 171 325
   217  35  90 131]
  [  0  73 247 162 246 259 290 188 230 316 315 193 356 188   0 283 264
   312 236  29 313]
  [  0 262 365 213 184 253 100 235 226  81  16 271 129  62  56   0 227
   249 297  53  91]
  [  0 112 247 208  22  87 193  22 109 337 153 325  44 255 267 330   0
   109 333 358 224]
  [  0 219 181  85 333  30  26  41  78 106  94 123 175 182 207 208 178
     0 351 130  58]
  [  0 274  67  32 137 115 157 177 119 180 298 246  44 380 269   7 257
    33   0  74 112]
  [  0  51 328  93 327 353 327 300 309  98  65 180 190 354 159 269  48
     3 236   0 293]
  [  0 102  63 337 285  65  26  78 185 173  11 224 127 284 234  87  57
   202 163 301   0]]

 [[  0 264  70 255 248 103 178 245 153 298 249  27 249 186  60  11 119
   349 207 365 155]
  [  0   0  25 179  26 153 248  79 119 222 234 123 303 275  79 135   6
   331   7 154 195]
  [  0  31   0 319 343  85  32 345   3 164 361 298 306 152  54 141 150
   371 214  15 362]
  [  0 273 314   0 354 360 305  42  48 309   7 136 141 330 209  41 133
   245 146 274 302]
  [  0 380  58 258   0 182 381 291 237  59 373 214 368 149 349  31 361
   299 330 332 240]
  [  0 363   3  48 167   0  42 377 228 296 193 227 181 274  56  54  94
   146 307 261 347]
  [  0 227 280 102 354  93   0 274 348 312  17 270 336 277  56 308  40
   297 104 263 215]
  [  0 198  50  76  56 162 195   0 199 106 255  70 161 142 118 262 378
   154  57 358 142]
  [  0 100 342 334 300 310 375 167   0 361 187 306  73 108  26 331 124
    50 171  93 307]
  [  0 118 212 246 137 291  64 207 219   0  62  76  66  35 245  71 319
    66 241 354 307]
  [  0 262  22 171 272 179 271 275  41 205   0 307 318 312 110 368 346
    31  99  56 165]
  [  0  44 116 265 377 173 230  37 348 273 270   0 286 277  93 226 121
   216 164 362 152]
  [  0  42  76  31 244  53 205 230 230  57 289 204   0 287  46  57 199
    84 202 213 365]
  [  0 228 131 353 106 320  73 108 149 114 259 296 228   0 282 280 125
   211 140 278  64]
  [  0 250 162 218 213 263 161  96  86 219  65 355 316 279   0 319 171
    33 197  45 131]
  [  0 270 355  23 179 161  77 157 132 374  75   3  38 253 148   0 299
    62   3 326 305]
  [  0 297 356 297  93 150 132 158 247  10 310 301 103   9 329 296   0
   330 203  27 272]
  [  0 142 194 358 255 107  10  85   1 128 116   0 250 341 110 350 142
     0 175 132  27]
  [  0 233 209 179 369 314 347 150 222 116 274 200 227 336 327 370  20
   186   0 266 227]
  [  0 302 183 124  76 134 182 225 106 209  13  25 170 257 139 230 361
   137 229   0 162]
  [  0 269 142 190 233 326 113  61  66 261 234 180 219 182  84 319 352
   135 287  60   0]]

 [[  0 323 285 329 320 203 189 255 248 199  74  47  56 265 349 223 305
   252 263 138 335]
  [  0   0 350 169 247 229 147 179  16 296 248 353 246 194 253 110 241
   104 189  54  79]
  [  0 380   0 270 338 129 299 309 366 345 105 167 105 184 321 255 129
   165  48 103 328]
  [  0 150 154   0  11 101 333   5 113 147 332 312 227  98 313 264 126
    89 325 362 297]
  [  0  45   4  56   0 185 110 269  23 174 208   3 323 350 254 195 378
   205 110 325 363]
  [  0 255 227 188 313   0 230 151  11 141  56  94 169 353 252 144 154
    99 241 237 205]
  [  0  42 332 234  89 380   0 105 276 167 171  96 125 313 334 379 244
   281 364 181 195]
  [  0 133 192 147  20 170  66   0  73 294 179 266 228 142 282 271   2
   283  69 251 108]
  [  0 216 280 165 208 210 166 185   0 117  24 189  91 291 139 184 279
   173 367 260 331]
  [  0  38  54 275 352  53 204 274  30   0  50 130 269 275 360  24   1
   155 114 301  65]
  [  0 107 297 289 214  10 227 191 230 373   0 313 332 179 209  72 175
   204 173 251 252]
  [  0 342 179 357 363 156  22 193 325 252 124   0 261 321 150 365 255
    79  17 105 180]
  [  0 193 268  80 206 338  59 240 189  80 240 343   0 150 225 102 147
   332 212 300 261]
  [  0  80 335  52  74 267 158  74  76 358 198   6 235   0 298 359  76
    69  49 222 194]
  [  0 274  84 369 103  37  89 192  63  44 147 155 273 283   0  15  63
    31 328  56 376]
  [  0 197  19 362 169 141 214  62  87  87 270 255 298  24 277   0 139
    87 187 264  26]
  [  0 333 190 148 199 108 189  72 319 115 339 332 363 319 199 147   0
   316 129  28  54]
  [  0 199   0 309 126  67 187 342  18 344 231 374 366 176 272  17 302
     0 265 301 129]
  [  0 328 131  13 266  35  44 255 347 256 313 127  24 353 207  17 242
   276   0  23 197]
  [  0 174 263  34 303 265 137 180 221 302  67 142 371  69 325 244 360
   203 347   0 102]
  [  0   3 228  10  41 206 144  12 166 219 303  77 192 258 257 315 213
    42  91 109   0]]]
release_time
[  0 646 635 716 597 657 714 517 653 575 510 628 490 609 636 627 704 690
 564 690 683]
due_date
[  0 686 703 747 685 664 720 559 713 654 555 728 577 696 735 680 723 738
 652 748 715]
unit_emission
[ 5  4 19 11]
emission_limit
12182.6
setup_severity
2.0
due_tight
0.3
due_range
0.25
release_tight
1
degree_constr
0.8
