param: 
proc_time: (1, 100)
setup_rate: 1.0
setup_time: (30, 60)
delivery_time: (100, 200)

mach
5
job_rate
10
fam
3
setup_rate
1.0
proc_time
[[  0  24   1  81  30  34  83  45  69  25  64  16  98  87  41  68   1  17
   10  81   9  87  16  48   1  26   8  59  97   5  70  41  34  95  34  92
   34  76  27 100  83  84  90  83  39  81  58  55  22  85  45]
 [  0  27   6  71  61  97  72  78  81  93   9  21  60  96  37   2  25  36
   41  31  74   4   1  70  34  45   6  19  23   5 100  72  48   3  66  90
   37  17  39  34  86  86  49  64  89  98  23  48  76  47  34]
 [  0  77  11  67  20 100   6   4  27  99  14  45  92  84  63  36  50 100
   24  98  16  81  89  94  33  13   4  51  11  25  40  65  38   4  73  67
   76  81  43  87  55 100  28  26  49  51  97  41  10  68  99]
 [  0  59  15   1  35   8  40  58  29  36  63  51  54  41  83  92   8  26
   35  58  32  90  53  11  57  43  67   9  95  98  74  29  24   8  40  83
   34  46  96  63  39  20  39  69  98  23  30  29  13  24  95]
 [  0  27  18  31  78  68  15  75  63  63  95  80  19  52  10  53  88  55
   94  73  85  47  85   6  80  99  67  79   6  51   9  27  54   1  69  13
   39  14  64   7  85  72  90  66  87  55  55  88  18  52  43]]
setup_time
[[[ 0 46 60 35]
  [ 0  0 60 36]
  [ 0 58  0 46]
  [ 0 50 40  0]]

 [[ 0 36 31 50]
  [ 0  0 33 41]
  [ 0 39  0 56]
  [ 0 41 44  0]]

 [[ 0 56 48 45]
  [ 0  0 56 31]
  [ 0 41  0 30]
  [ 0 42 52  0]]

 [[ 0 53 44 44]
  [ 0  0 49 42]
  [ 0 60  0 45]
  [ 0 46 41  0]]

 [[ 0 47 57 41]
  [ 0  0 34 60]
  [ 0 41  0 56]
  [ 0 44 34  0]]]
delivery_time
[[  0 100 189 115 137 168 185 142 148 163 105 166 177 125 154 113 156 181
  183 139 194 125 168 180 136 136 182 130 148 123 124 154 194 159 115 199
  130 150 167 153 120 166 187 171 166 187 159 142 151 143 143]
 [  0 188 116 171 105 152 111 195 145 188 162 183 132 116 160 123 152 106
  150 131 197 173 185 137 130 171 194 196 180 184 144 193 186 178 170 167
  111 121 157 121 184 113 106 136 187 135 191 146 133 104 171]
 [  0 153 164 145 199 111 165 124 145 107 157 147 196 182 166 198 127 140
  179 127 193 181 175 115 158 177 164 110 127 106 194 128 157 167 113 137
  146 111 168 165 117 152 113 129 169 130 143 109 100 178 175]
 [  0 178 164 153 124 195 150 179 152 165 109 141 145 156 140 138 150 112
  103 127 143 153 144 130 111 110 153 104 157 135 126 183 117 177 160 148
  130 130 187 109 112 118 142 127 108 133 150 116 182 114 148]
 [  0 170 182 163 117 173 147 118 151 199 198 149 197 148 107 172 142 184
  151 118 199 176 182 180 142 172 162 179 144 142 179 162 105 151 146 119
  115 116 158 157 155 113 138 100 165 114 175 121 122 152 196]]
job2fam
[[1 0 0 0 0 0 0 0 0 0 0 0 0 0 0 0 0 0 0 0 0 0 0 0 0 0 0 0 0 0 0 0 0 0 0 0
  0 0 0 0 0 0 0 0 0 0 0 0 0 0 0]
 [0 0 0 0 0 0 0 0 0 0 1 0 0 0 0 1 0 0 0 0 1 0 0 0 1 1 0 1 0 1 0 1 1 0 0 0
  0 0 1 1 0 0 0 0 0 1 0 0 1 1 0]
 [0 1 1 1 1 1 1 1 1 1 0 0 1 1 0 0 1 1 0 0 0 1 0 0 0 0 0 0 1 0 0 0 0 0 1 1
  0 0 0 0 1 0 0 0 0 0 1 0 0 0 0]
 [0 0 0 0 0 0 0 0 0 0 0 1 0 0 1 0 0 0 1 1 0 0 1 1 0 0 1 0 0 0 1 0 0 1 0 0
  1 1 0 0 0 1 1 1 1 0 0 1 0 0 1]]
unit_cost
[19 26 20 25 27]
pre_factor
1.0
