mach
2
job_rate
5
weight
[0 8 8 8 8 7 2 7 3 7 4]
proc_time
[[  0  57  97 147 118 113 130 103  91 130  86]
 [  0 133  96  56 111  96  68  79 147 103 104]]
setup_time
[[[0 1 5 5 4 5 4 3 1 2 2]
  [0 0 0 4 0 2 1 1 3 3 2]
  [0 1 0 4 4 5 1 4 0 4 3]
  [0 1 2 0 1 1 2 3 1 3 5]
  [0 2 3 4 0 3 0 0 2 2 2]
  [0 3 1 5 2 0 0 1 0 5 4]
  [0 0 3 5 5 0 0 0 4 5 3]
  [0 1 1 5 0 0 2 0 5 5 1]
  [0 1 1 2 3 3 4 4 0 5 3]
  [0 2 3 5 5 2 1 4 4 0 3]
  [0 5 1 1 0 1 5 5 0 4 0]]

 [[0 0 2 4 1 3 3 0 3 2 3]
  [0 0 0 1 4 5 3 5 1 4 2]
  [0 1 0 3 3 1 2 3 1 2 0]
  [0 0 0 0 5 0 1 2 4 5 0]
  [0 2 2 0 0 0 3 1 5 5 3]
  [0 4 0 2 4 0 4 0 5 0 3]
  [0 5 5 5 1 1 0 5 5 2 2]
  [0 5 0 0 5 1 5 0 4 4 5]
  [0 5 4 5 5 2 5 3 0 3 2]
  [0 3 1 4 5 4 4 3 3 0 0]
  [0 0 4 4 2 0 0 2 3 4 0]]]
release_time
[ 0 29 23 10  9 41 15 17 16 16 18]
due_date
[ 0 40 45 46 42 50 45 43 51 49 41]
unit_emission
[ 5 10]
emission_limit
5600.0
setup_severity
0.02
due_tight
0.9
due_range
0.25
release_tight
1
degree_constr
0.2
