param: 
proc_time: (1, 100)
setup_rate: 0.5
setup_time: (15, 30)
delivery_time: (1, 100)

mach
5
job_rate
10
fam
3
setup_rate
0.5
proc_time
[[  0  18  58  76  69  51  56  46  26   1  78  78  24  16  77 100  86  41
   65  91  31  81  38  23  12  58  97  56  11  70  27  11  56  73  70  94
   90  91  36  51  66  71  65   8  69  45  43  98   3   6  35]
 [  0  50 100   7   6  14  97 100  82  45  87  97  58  66  54  60  86  90
   12  11  65  23  25  94  22  67  46  45  78  39  77  10  50   1  75  41
   27  58  65  54  21  25  83  74  11  78  58   1  48  50  94]
 [  0  15  65  26  39  75  13  50  36  23  25  68  10  67  31  31  73  71
   57  17  22  93  55  75  25  20  27  79  21  57  15   5 100  67  67  68
   73  79  66  91   8   7  25  41  74  32  91   6  84  36  85]
 [  0  48 100  42  64  93  63   3   3  89  33  19  49  59  50  41  71  81
   76  60  90  63  60  38  16  55  15  91  11  86  81  22  99  11  82  63
   13  73  48  51   3  40  49  75  26  15  87   1  17   3  42]
 [  0  24  39  25  28  25  95  74   9  93  61  11  53  53  61   3  37  67
    8  25  67  97   8  28   9  42  83  16  89  99  49  32  96  15  71  91
   98   1  34  50  96  68  35  88  14  18  19   3  28  15  92]]
setup_time
[[[ 0 25 27 29]
  [ 0  0 28 15]
  [ 0 28  0 18]
  [ 0 23 18  0]]

 [[ 0 26 27 30]
  [ 0  0 27 27]
  [ 0 30  0 25]
  [ 0 17 21  0]]

 [[ 0 27 17 30]
  [ 0  0 23 25]
  [ 0 17  0 24]
  [ 0 18 26  0]]

 [[ 0 20 22 24]
  [ 0  0 24 16]
  [ 0 26  0 21]
  [ 0 22 25  0]]

 [[ 0 17 21 19]
  [ 0  0 16 28]
  [ 0 29  0 26]
  [ 0 29 17  0]]]
delivery_time
[[  0  82  31  42  46  79  64  18   7  24  67   2  79  56  54  76  63  62
   62  98  98  75  66  40  69  95  47  63  67  71  48  31  48  12  55  53
   99   8  39  56  38  90  42   5  12  73  64  41  32  59  69]
 [  0  74  89 100  80  67  81  74  43  95  74   4  21  61  51  53  96  99
    6  21  68  20  85  36  86   9  24  27   4  75  22  98  28  21  79  75
   16  92  72   1  80  78  90  19  71  67  97  50  65  83   8]
 [  0  24  72  19  24  57  55  40  53  87  32  86  55  63  49  63  21   3
   88  24  34   8  83  58  49  23  12  92   6  11  47  74   2  36  26  25
   87  92  14  70  24  51  76   8  84  86  47  25  35  33  17]
 [  0  73  80  69  54  51  43  92  58  97   5  64  48  19  95  92   8  17
   82  23  20  33  97  39  96  69  21  31   7  83  30   3   8  38  33  24
   85  10  85  47   9  13 100  38  42   8  16  63  96   6  41]
 [  0  47  98  35  27  22  53  49  91   5  84  51  20  35  19  87  53  95
   44  37  88  73  87   8   5   6  73  22  81  58  32  85  57  27   3  60
    5  19  16  40  74  97  17  81  47 100  66  48  73  16  51]]
job2fam
[[1 0 0 0 0 0 0 0 0 0 0 0 0 0 0 0 0 0 0 0 0 0 0 0 0 0 0 0 0 0 0 0 0 0 0 0
  0 0 0 0 0 0 0 0 0 0 0 0 0 0 0]
 [0 1 0 0 0 0 0 0 1 1 0 1 0 0 0 1 0 1 1 0 0 0 1 0 0 1 0 1 0 0 0 0 0 0 1 1
  0 1 0 0 0 0 1 1 0 0 0 1 0 0 0]
 [0 0 0 0 1 0 0 1 0 0 1 0 0 1 1 0 1 0 0 1 0 0 0 1 0 0 1 0 0 0 1 1 1 0 0 0
  0 0 1 0 0 1 0 0 0 0 1 0 1 1 1]
 [0 0 1 1 0 1 1 0 0 0 0 0 1 0 0 0 0 0 0 0 1 1 0 0 1 0 0 0 1 1 0 0 0 1 0 0
  1 0 0 1 1 0 0 0 1 1 0 0 0 0 0]]
unit_cost
[18 18 16 13 16]
pre_factor
1.0
