param: 
proc_time: (1, 100)
setup_rate: 2.0
setup_time: (60, 120)
delivery_time: (1, 30)

mach
5
job_rate
10
fam
3
setup_rate
2.0
proc_time
[[  0   4  68  71  98   4   2 100  96  21  48  68  21  32  82  61  63  74
   27  29  15  14  38  35  87   2  62  41  71  71  83  67  39  88  38  84
   65  84  84  19  11  19  75  36  98  81  19  67   3  75  41]
 [  0  29  39  86  48  58  48  48  26  84  42  94  22  89  29  59  71  53
   21  30   2  17  68  42  66  97  95  64  89  52   1  62  65  64   7  14
   73  61  98   8  26  55  98  72  19  22  47  61  90  86  99]
 [  0  91  18  12  45  88  77  40  53  22  19  71  37  53  90  29  28  20
   14   8  98  52  59  97  22  90  83  99  94  60  75  16  83  43  53  49
   88  83  71  91  80  33  91  19  23  42  21  77  80  64  67]
 [  0  12  38  87   5   1  98  52  12  73  14  48  85  68  32  34  50  56
   19  81  20  17  23  32  83  56  96  87  94  88  91  21  27  10  53  57
    3  80  90  72  13  25 100  83  78  50  75  10  50  44  86]
 [  0  27  82  63  17  99  37  99  51  27   6  20  25  15  83  53  95  14
   27  36 100  37  59   5   5  54  95  23  26  55  77  58  63  23  88  20
   83  89  11  39  80  40  75  48  26  70  93   6   6  64  69]]
setup_time
[[[  0  78  70  82]
  [  0   0  78  82]
  [  0 115   0  69]
  [  0  97  93   0]]

 [[  0 103  90 111]
  [  0   0  86  85]
  [  0  78   0  97]
  [  0 107  71   0]]

 [[  0  68  74 114]
  [  0   0  89 104]
  [  0 111   0  90]
  [  0  76 101   0]]

 [[  0  81 114 108]
  [  0   0  75  77]
  [  0  69   0  71]
  [  0 106 103   0]]

 [[  0  88 104  88]
  [  0   0  82  75]
  [  0 119   0  60]
  [  0 102 111   0]]]
delivery_time
[[ 0 16 29 22 19  1 30 10 18 19 25 30 14 15 23  7 21 17 13 17  2  1 22 10
   7 19 28 13  7 25  8 27 12 21 28  5 24  8  2  1 19 28 11  2  4 19 28 18
   6  1 26]
 [ 0 24  8 28 27  9 21 23 15  7 15 19 21  8  6 21 29 15 23 29 19 13 10  8
  29 22  6  2  8 19 19 13  4 11  8 23 16 16 22 15 30  7 29 19 18 20  5 28
   7 27 29]
 [ 0 23 15 27  5 29  4 19 12 15  1 17  6 11  5 11  2  4 14 19 28 27 25 29
   9  4  9 28 13 22 28  5 26  1 12 23  7 25  4 25 21 28 28 21 28 20  1  5
  22 21 15]
 [ 0  4 12 29 11 22  4 22 25 16 20 20 18 14 23 22 22  9 19  6 20 24 24 16
  23 17 13 14  1 25 17 15 28 24 18  6 18 28 14 26 14 30 29 24 25 16  4 10
   3 23 18]
 [ 0  8 30 25 16 10 18 30 10 24  2 20 28 18 17  5  8 10  8 22  5 18 10  4
  27 21 30  6  4 14 17 28 23 10 23  9 19  1 19 20 29 30 18 27  6  3 22  7
  24  5  9]]
job2fam
[[1 0 0 0 0 0 0 0 0 0 0 0 0 0 0 0 0 0 0 0 0 0 0 0 0 0 0 0 0 0 0 0 0 0 0 0
  0 0 0 0 0 0 0 0 0 0 0 0 0 0 0]
 [0 0 0 1 0 0 0 1 0 1 0 0 1 0 1 0 1 1 0 1 0 0 0 1 0 1 0 1 0 0 0 0 1 1 0 0
  0 0 1 0 1 0 1 0 0 1 0 1 0 0 0]
 [0 0 0 0 1 1 1 0 1 0 0 0 0 1 0 1 0 0 1 0 1 1 0 0 1 0 0 0 1 0 1 1 0 0 1 1
  1 1 0 0 0 0 0 0 0 0 1 0 1 1 1]
 [0 1 1 0 0 0 0 0 0 0 1 1 0 0 0 0 0 0 0 0 0 0 1 0 0 0 1 0 0 1 0 0 0 0 0 0
  0 0 0 1 0 1 0 1 1 0 0 0 0 0 0]]
unit_cost
[14  8  8 14 11]
pre_factor
1.0
