mach
4
job_rate
5
weight
[ 0 10  3  8  1  1  7  7  8  8 10  7  4  1  8  8  6  2  9  5  3]
proc_time
[[  0  68 127 122  77 144  89  61 124 115 146 120  70 144  57 127  50 136
   62  64 115]
 [  0  89  95  93 120 150 126  78  71 111 118  90 121  68  95 138 110  71
   63  86  99]
 [  0 121  85  63  85 130  58  87  85 148 107  69 124 124  64  59 146  73
   53 149  81]
 [  0  90 123 109  61  88 127 150  63  96  67  99  74 137 122  97  67 113
   88 137 109]]
setup_time
[[[  0 175 106 161 305 161  28 158 250 216 334  91 361  46  12 171  42
   147  52 279  80]
  [  0   0 157 251 238 230  58 226 132 164 185 311   2  21 233 216 386
   209 214 137 312]
  [  0 333   0  27 138  11 151 388 397 212  48 202 375 145 338 229 256
   212 334 212 137]
  [  0 164 136   0 390 163 156 324   3 265 148 195 336 110 223  13  19
   117 105 380  91]
  [  0 374  71   8   0 157 287   3 391 126 310  48 133 165 132  17 370
   160 375 375  61]
  [  0 389  47  87 350   0 164 169 333 106  30  86 115 156 366 214 367
    65  69  65  77]
  [  0 170  95 160 169 335   0  61 319 146 126 208 272 220 235 359 320
   206 319  23 371]
  [  0  34  30 356 357 186 114   0  68 353 368  61   5 264 339 153 344
   229 231 365  14]
  [  0 168 336  29 200 372 181 136   0 367 192  20 273  22 227 245  74
    64 231 349 226]
  [  0  39 335   7  88 248 122  60 125   0  55  75 215 313 309 192  31
   316 123  95 397]
  [  0 183 267 135 139 275 387 279 260  78   0 156 204  22 129  50 196
   116 111 271 112]
  [  0  39  63  18 100  52  22 183 119 143 263   0  58 227 383  62 318
   174 164 136 149]
  [  0 231 300 182 370 311  27  99 381 225 207 110   0 123 315 127 151
   125 188 159 385]
  [  0  56 115 187   9  48 291 376  65 311 154 156 243   0 190 138 186
   250 298  58 370]
  [  0 240 226 332 135  21 213  62 270  34 256 384 276 315   0 202 348
   175 185 335 326]
  [  0 324 367 237 377 142 320 176 115  23 320 122  76 340 303   0 156
   382 300 143 186]
  [  0 172 227  47 252 387 319  61 349  41 226 194  27 244 148 225   0
   376 316 226 212]
  [  0 396  76  38  53 240 304 298 231 127 368 173 173 186 365 367 196
     0 194 354 153]
  [  0  57  71 144 252  41 327 166 263 224  58 350  97 310 112 319 128
   256   0  11 199]
  [  0  25  65 165 112 356 186 332  24 279 343  83  45 251 322 117 357
    20  76   0 150]
  [  0   5 169 235 343  25 341 157 240 370 256 298 144 380  65   3 346
   128 347 245   0]]

 [[  0 229  91  30  70 266 112  13  32   9 323  77 172   1 247 133 284
   306 178 386  26]
  [  0   0 297 122 111  64  96 289 285 139 178 299  87 138  29 297 300
    34 184 370 147]
  [  0 202   0  22  68 201 274 342 335  29 367 390 392 216 349 331 166
   128 341   8 186]
  [  0 173 121   0  82  51  41  93 239  20  43 369 301 281 109 318  19
   391 134 207 164]
  [  0 111  30 195   0 298  82 384 169 390  24 283 254 245  44  18 183
    48 204 242 193]
  [  0  31   1 312 102   0 102 139 318 389  54 351 296 246  94 299  27
    60 104 364 204]
  [  0 374 234 352  64   8   0 167 151 190 322  64 120 263  50 234  50
   370 263 345  31]
  [  0 326 141 218 201  70  22   0 203  44 293  44 389 283 221 326  67
   341 139 176  44]
  [  0  41 249 168 209 328 271  88   0 204 144  47 136 165 321 226 341
    18 117  88 330]
  [  0  46 226 132 217 355 346 379 277   0 117  37  70  83  27 305 193
   271 221 215  56]
  [  0 340  45 279 282 324 191 207 169 145   0  33 385 354 341  11 201
   395 328  30 357]
  [  0 260 384  15 271 259 320 235 155 127   2   0 306  77  87 168 307
   257 147 137 349]
  [  0 277 248 284 296  48 334  32 151  63 153 305   0  96 196 333  38
    40  93 118 377]
  [  0 362  64 386 159 167   5   7 362 262 280 351 321   0  56  77 291
    59 110  52 371]
  [  0 199  18 196  63  63  44  37 346 336 178  50 373  85   0 347 206
   266 367 303 212]
  [  0 291  19 350 270 379 334 106  75 163 193 167 253 192 142   0 381
   302  19 134 294]
  [  0  42 129 152 186 392  14 355 295 268 189 239 103 134  95 235   0
   229 131  74 353]
  [  0 312 347 343 130  41 188 189  52  89  78 129 300 239  97  37 186
     0 363 163 293]
  [  0 272 197  41 265 129 267  68 363 131  95 365 274 157 161 320 297
    56   0  35 142]
  [  0 228 150  31 252  45 197 254 204 209  69 392  46 171  59 154  61
    51 137   0  37]
  [  0 371  31 287 248 235 236 189  12 178 142 243 296 141 210 120 209
   115 284   6   0]]

 [[  0 137 310   9 394 390 180 304 112 303 263 179 190   3  47 339 380
   289 106 297 348]
  [  0   0 137 250 260 219  87 377  10 184 343 106 223 147  28 268  78
   347   0  47 303]
  [  0 166   0 117  70 392 386 302 176  37 327  23  80 241 168 102 355
   128 334 347 297]
  [  0 279  17   0 165  58 356 224  16 282 268 225  99 136 362 370 240
   295 259 176 331]
  [  0  39  24  28   0 219 184 353 338 283 279 320 123 152  70 235  55
    22 289 350 283]
  [  0 212 345 393 386   0  57  89 319 358 242 303 307 117 247 199 388
   136  72 357 144]
  [  0 367  52 336  61   9   0  87 362 259 253 248 131 386 199   9  44
   115 280 284 291]
  [  0 289 344 270 161 158 166   0 307  38 289 379 120 266 152 160 338
   281 239 310 157]
  [  0 244 166  66 258 221  27 175   0 201  33 248 286  33  60  56 118
    57  50  80 271]
  [  0 304 363 234 251 253  90 385 221   0 288 307 387  67 338 294 358
   257  43 149 325]
  [  0  50   7 113  56 282 210  41  28 293   0 247  17 209 129 239  92
    28  16  68 125]
  [  0 229  43 329   1  11 226 123 210 374 226   0 105 366 360 170  88
   113 266 235 332]
  [  0 342  37 249 252 155 391 305 305 308 341 252   0 266 241  17  63
   177 395 107  40]
  [  0  82  81 102 277 323 288 148 304 207 320  60 345   0 126 200  44
    95 115 203 357]
  [  0 109 103  34 126 184 177 125 102 173 169 235  92 229   0  88 156
   152  70  44 152]
  [  0 219  95 242 350 246  44   2 165 220  91  87 260 294 184   0 387
   255 140 253  51]
  [  0 205 333 209 192 235  64 165 180 363 368  74 339 150 108 164   0
   353 394 336 260]
  [  0 377 318 324  89 153  38  67 302   0 121 292  17 375   4 264   4
     0 108 115 117]
  [  0 159 204  53 230 169  37 356 291 169 135  57  59   2 295 354 232
   184   0  81 277]
  [  0 152 123 309 244 276 102  87  91 261 218 110 238  76 167 172 251
   227 213   0 236]
  [  0 282 328 209  11 185 230 239 363 373 204  17 292  43 349 394 190
   216 388 355   0]]

 [[  0 291  74 274 187 271 340 164 339 325  51 143 304 242  34 184 222
    66 367 210 351]
  [  0   0 243  90  77 208 133 294 184 253 101 246  50 277 158  70 178
   175 377 200 311]
  [  0 349   0 183  75 339 135 152 394  41 161  60  84 206 242 174 134
   134 375 208  28]
  [  0 209 236   0  77 105 211 280 146  97  50 379 209  60 125 237 152
   373 386 132 363]
  [  0  99 227 353   0 174  86  31  77  57 258 239 365  14 363 300 268
   262   0  20 332]
  [  0 339 338 359 255   0 233  95  88 283 263 117  58  53 133  70 349
   134 350 128 164]
  [  0 334 100 148 247 201   0   1 164 261 193  19 393 120 131 166  79
   239 114 231  10]
  [  0  17  88  79  70 145 261   0 269 131   9 235 264 383  78 153 177
   253 241  66 107]
  [  0 316 300 315 294  48 375 116   0 212 191  19  64 205  22 303 161
   155 131 173 175]
  [  0 221 397 159 237  82 143 235 366   0 169 376 342 369 267 171 232
   122 168 339 275]
  [  0 265 108  67   2 107  25 359  73 205   0 353  95 348 370 282 379
   264 239 250  57]
  [  0 320 127 246  73  26 252 394 267 114 263   0 226  69  81 299 232
   162 204 309  58]
  [  0 135 172 119  65  59  48 233 262   8 164  61   0 191 291  81   9
   324 302 194 331]
  [  0 233  41  40 315 339  86 374 343 222 361 395 393   0 132  71  95
   383 116 232 264]
  [  0  97  11 115 148  13 356 250 116 248 103 147 234 364   0 118 391
   122 183 235 366]
  [  0 154 334 135 314  58 186  23 346 128 164 120 363 311 237   0 254
    70  31 234 131]
  [  0 220 223 397 245  46 100 201 241 355  72 244 346 128 125  61   0
   299 325 270   9]
  [  0 377 332 305  85  57  48  62  60 374 368 373 103   4 306 163 108
     0 342 122 148]
  [  0 191 340 210  30 124  44 321 328 279  59  77  78 198 128 344 395
   233   0 227 357]
  [  0 301 341  16  42  95 284 346  65 205  18 337 351 182 106 392 338
   156 295   0 308]
  [  0  21 265 190 325  13 366 122 147 308 139 286  45 364  55 395 305
    26  79 206   0]]]
release_time
[  0  49 271 327 176 527 659 191 549 326 718 491 286 545 583 525  71 677
 269 525 453]
due_date
[  0 714 751 746 637 725 719 732 750 731 721 564 730 775 760 753 747 711
 747 721 552]
unit_emission
[19  2 11  4]
emission_limit
5978.4
setup_severity
2.0
due_tight
0.3
due_range
0.25
release_tight
10
degree_constr
0.2
