param: 
proc_time: (1, 100)
setup_rate: 1.0
setup_time: (30, 60)
delivery_time: (170, 200)

mach
5
job_rate
10
fam
5
setup_rate
1.0
proc_time
[[  0  49  90  70  12  50  54  22  90  87  98  29  74   3   4  80  92  29
    2  49  90  40   2  97  96  38  74  77  35   7  64  41  56  18  32  84
   84  11  47  65   8  60  76  32  70  19  95  26  93  99  56]
 [  0  99  17  76  67  68  88  25  40  40  40  52  66  13  26  79  55  18
   99  38  93  19  49  21  74  16  76  82  52  86  17  42   9   6  63   1
   40  75  59  41  81  56  41  94   8  81  89  17  44  26  45]
 [  0  32  42  47  73  82  57  55  76  87  33  82  91  61  92  67  83 100
    5  20  65  89  96  63  55   9  16  51  75  17  86  43  35  20  36  26
   66  84  37  10   5  10  10  29  31  80  78  18  80  49  31]
 [  0  96  60  31  24  70  35  94  25  96  94  81  31   5  43  18  23  94
   25  46  98  91  18  55  80   2 100  93  64  45  94  41  52  84   7   7
   69  99  52  23   4  90  69  21  55 100  89  93  83  46  51]
 [  0  39  69  52  31  23  89  82  89  60  34  92  15  83  27  56  44  54
   72  57  60  94  89  17  61  76  71  71  62  57  56  94  59  41  78   6
   36  19  52  66  59  32  12  16  11  29  39   8  11   4  98]]
setup_time
[[[ 0 49 38 30 37 45]
  [ 0  0 39 54 30 41]
  [ 0 44  0 46 47 43]
  [ 0 45 46  0 42 36]
  [ 0 41 49 37  0 57]
  [ 0 35 46 32 60  0]]

 [[ 0 46 57 40 60 44]
  [ 0  0 42 30 30 39]
  [ 0 49  0 52 56 33]
  [ 0 43 41  0 49 48]
  [ 0 41 59 55  0 53]
  [ 0 47 35 40 55  0]]

 [[ 0 52 60 50 47 58]
  [ 0  0 49 49 44 31]
  [ 0 57  0 57 32 59]
  [ 0 36 40  0 60 34]
  [ 0 33 45 46  0 44]
  [ 0 50 53 31 55  0]]

 [[ 0 36 37 49 42 34]
  [ 0  0 47 37 32 60]
  [ 0 30  0 35 55 50]
  [ 0 32 30  0 49 44]
  [ 0 54 44 39  0 42]
  [ 0 40 40 43 35  0]]

 [[ 0 42 34 43 32 52]
  [ 0  0 36 40 47 50]
  [ 0 37  0 49 46 33]
  [ 0 40 56  0 54 56]
  [ 0 52 38 34  0 41]
  [ 0 33 50 37 48  0]]]
delivery_time
[[  0 173 174 183 195 198 170 184 177 183 193 180 183 188 178 188 190 192
  177 196 180 195 191 186 188 176 195 195 175 180 177 178 184 171 186 175
  170 190 178 171 185 180 179 197 190 194 191 200 173 174 182]
 [  0 171 177 196 175 172 195 176 180 189 183 200 195 189 175 170 171 181
  180 196 180 198 171 176 181 179 183 194 193 192 199 185 182 191 173 197
  182 191 197 196 190 180 172 184 188 195 171 191 195 197 187]
 [  0 199 176 193 170 185 174 199 174 185 174 180 170 200 198 186 200 177
  179 192 185 192 199 176 181 187 170 188 196 186 172 181 198 200 196 184
  175 184 176 200 191 198 171 200 174 194 180 188 185 180 175]
 [  0 171 179 173 185 196 198 179 199 183 177 172 194 176 197 170 170 176
  192 181 170 190 174 178 180 179 174 189 173 196 184 174 182 187 182 184
  186 192 170 183 194 171 187 184 198 190 174 179 190 194 170]
 [  0 178 191 196 177 182 176 178 191 184 174 190 183 199 199 187 189 197
  173 174 194 200 178 177 184 186 189 177 189 180 186 196 184 193 195 176
  175 179 182 190 187 196 193 194 185 178 181 184 198 200 198]]
job2fam
[[1 0 0 0 0 0 0 0 0 0 0 0 0 0 0 0 0 0 0 0 0 0 0 0 0 0 0 0 0 0 0 0 0 0 0 0
  0 0 0 0 0 0 0 0 0 0 0 0 0 0 0]
 [0 0 1 0 1 1 0 1 0 0 0 1 0 1 0 1 0 0 1 0 0 0 0 0 1 1 0 0 0 0 0 1 0 1 0 0
  1 0 0 0 1 0 0 0 0 1 0 0 0 1 0]
 [0 1 0 0 0 0 0 0 0 0 0 0 0 0 0 0 0 1 0 0 0 0 0 0 0 0 1 0 0 0 0 0 1 0 0 1
  0 0 1 1 0 0 0 0 0 0 1 0 1 0 0]
 [0 0 0 0 0 0 1 0 1 1 0 0 1 0 0 0 1 0 0 1 0 0 0 0 0 0 0 0 0 1 0 0 0 0 0 0
  0 0 0 0 0 0 0 1 0 0 0 0 0 0 0]
 [0 0 0 1 0 0 0 0 0 0 0 0 0 0 1 0 0 0 0 0 0 0 1 1 0 0 0 0 1 0 1 0 0 0 0 0
  0 0 0 0 0 1 1 0 0 0 0 1 0 0 0]
 [0 0 0 0 0 0 0 0 0 0 1 0 0 0 0 0 0 0 0 0 1 1 0 0 0 0 0 1 0 0 0 0 0 0 1 0
  0 1 0 0 0 0 0 0 1 0 0 0 0 0 1]]
unit_cost
[34 27 25 31 29]
pre_factor
1.0
