mach
4
job_rate
5
weight
[ 0  7  1  5  5  2  1  8  2  8 10  8  8  9  7  3  9  7  5  5  5]
proc_time
[[  0 127 123 130  61  95  55 110  97  87 100  73  85 106 135 113  56  60
   81  98  68]
 [  0  95  56 117 103  86  68  78  62  97 117 137  59 136  87  75 123 110
  107 105 121]
 [  0  55  79  74  98 145  73 122 110 112  82 117 128 138  64 150 148  83
  129 146  57]
 [  0 120 131  52 145  84  68  53 138  57  65  96 126 126  69 101  97  52
  139 146 101]]
setup_time
[[[  0 385 289 321  16  78 177 111 349 249  22  24  54 130 371 111 270
   231 107  62 284]
  [  0   0  29  48  92 242 182  20 210 365 137 123 214 394 307 164 220
   191 196 202 168]
  [  0 172   0  51  75 105  38 318 118  62 264 105 329 333 290  82 355
   129 222 237  67]
  [  0  83 140   0  74 109 361 291 217   1 152 301 149 337 277 326  57
   145 344 331  96]
  [  0 190 333  25   0  94 241 189  18  20 223 248 277 157  14 342  69
   388 226  63 308]
  [  0 282 130  76  91   0 101 225 387 227 324 196 215 325 330  46 231
    44  64 222  16]
  [  0  91 329  64 363 245   0 358 182 158 293 187 315 304 330 167 250
   179 203 110 151]
  [  0 305 209  55 310 231  41   0 223  95 151 201 376 206 389 289 112
   204  12  38  96]
  [  0 184 355 182  17 369 222 325   0 198 117 353 363 153  86 161 114
   249  28 158  16]
  [  0 371  71  76 112 291  73 374 218   0  43  19  50 139 294 264 102
   238 104 268  39]
  [  0 288 132  44 321  15 271 299  75  34   0 218  45 234 359  41 282
    19 112 266   6]
  [  0 370 308 150 273 310 167 110 183 159  69   0 271 389 386 310  11
    56 294 268  41]
  [  0 200  62 125 353  50  74  49 261 368 356 212   0 328 173 177 116
   243 367  77 235]
  [  0 278 105 364 354 271 368 338 363 235 250 166 109   0 170 393  65
   209  49   7 304]
  [  0 333 314 116 357 322 169 340 394  33 292 273 369  19   0 106 325
   157  89 101 206]
  [  0  13 180 265 223 103 267 246 261 173 178 107 361 187 313   0 192
   146 305  63 144]
  [  0 376 180  16 344 162 310 218 173  72  53 360 256 356 299  83   0
    66  96 300 308]
  [  0 228 171 137 217 213 146  14 343 110 252 157 307 108  10   7 180
     0 363 147 119]
  [  0 190 181 326 197 346 292 142  51 376 267 378 106 331 391 185 100
   151   0 140 212]
  [  0 186 300  46 314  30 105 174 284 362 326 178 362 123 382 165 340
   243 280   0 116]
  [  0 197 276 309 364 134  84 174 177 387 124 183 143 378 297 342 207
    71 202 109   0]]

 [[  0 150 156 220 382 267 309  28 273  73 116  68 154  85  77 163   5
   114 137 358 298]
  [  0   0 367 243 160 259 298 346 332  47  62 175 353 345 236 230  44
    28 337 280 282]
  [  0  42   0 269 342 209 152 303 106 106  92 292 218 209 220  29 381
   343  45 249 324]
  [  0 359 250   0 100  88 275  44 121  62 351 373  14 203 341 355 354
   168 387 283  86]
  [  0 135 160  81   0 237   2  67  31 339 374  10 387 384 213 389 177
   178 181  87 210]
  [  0 311  44 247 226   0  67 324 260 218 195  50 218 198 214 305  37
   247 276  32 164]
  [  0 199  71 155  87 346   0  62  11 322 225 206  89 101 343 369 183
    93  16   7  57]
  [  0 202 292 298 213 376 303   0 248 293 135 163 272 343  41  20  35
    38 236 166  92]
  [  0  78 353   6 331 100 266  52   0 263   2  98 314  16  36 181 358
    87 337  96  19]
  [  0 258 202 357 211 206  33 205 302   0  19 162 343 176 112 231 206
   258 356 268 201]
  [  0  24 140 122 308 363 307 276 283 212   0 156 373 394 158 304 370
    77 326 279 149]
  [  0 364 354 148 214 216 328 280 151   7 255   0 257 386 122 324 299
   393 284  47  85]
  [  0 304  32  16 128 147 336 366 346  83 248 133   0 262 316  29 233
    39 388 250   0]
  [  0 128 162  71 116 277 367 389 112  62 376  12 182   0 187 306 385
   136 210 158 214]
  [  0 254 126 125 106 247 244 223 368 187 382 185 315 221   0 363 337
   103  72  76  94]
  [  0 291  12 318  40 219  94 216 307 346 334  25 267  88 111   0  55
   263 255 365 360]
  [  0  97 231 252 237 274 390 288 197   9 304  46 380  48 376 327   0
   142 186 350 217]
  [  0 203   4 318  90  93  33 177 133 256 232  61 155 377 242 199 360
     0 216  26 124]
  [  0  12  33 140 168 237   5 142 150 205 140 232 155 207 180  14 378
   343   0 313 203]
  [  0  39  49 145 295 120 120 139 185 112 297 228  70 282 267 197 311
    80  11   0   6]
  [  0 145 338 100 166 139  49 334  67 312  84  17 237 303 324  86  47
   308 181 361   0]]

 [[  0  81 240 301 155 318 156 347 135 168  72  39 230  46   1  70 329
   380 191 294 389]
  [  0   0 153  28 140 136 342 268 227  71 364 101 101 195 161 394 166
    89 214 350 226]
  [  0 135   0  74 180 244 394 308 185 270 322  47 334   9  97 225 109
   203 177 240 210]
  [  0   9 310   0  15 268  76 380 189  15  33 159 241  70 124  20  41
   101 379 133  52]
  [  0 294 175 165   0 134  39 194 371 171 267 134 184 261 346 284 298
    50 342 166 217]
  [  0 296 194 245 111   0 345  30 252 340 370 380 263 287 127 359 134
    22 205 132 380]
  [  0 225 358 345  37 228   0 207 289 253 289 339  75  43  73 359  20
   274 126 295  52]
  [  0 308  92 171  88  97  16   0 249  11 354 322  80 171 383 249  52
    23  18 339 196]
  [  0 315 379 277 165 342  97 323   0 256 195 165 245  59 189 256  49
    53 258 150 165]
  [  0 278 223 345  69  28  89 315 371   0 351  62 208 170 195 260 335
   117  90 293  54]
  [  0 226 274 387 279  77 109 124  70   4   0 319 375 383 117 110 287
   237  53  78 133]
  [  0  90 366 130 187   8 107 123 203 214 276   0 191 149 287 211 159
   261  43 181 275]
  [  0 115 360 331 235 297 177  44 227 392 368 328   0 127 240 334 239
   101 347 180 381]
  [  0   5 308 176 113 366 244 104 299 292  48 181  30   0 133  97  82
    13  88 194 152]
  [  0 307  76  39 132 172 357 140 305 209 126  53 130  36   0 288 285
   199 230  42 298]
  [  0  92  51 190 275 109 360 347 186  87 174 106  93  51 166   0 368
   195 341  60 234]
  [  0 321 287 352  38 151 104 270 225 323 116 224 124 365 222 371   0
   299 349 262 159]
  [  0 228  10  20  22 322 333  60  13  80 321  44 329 217  86 214 185
     0 141  28 182]
  [  0 256 191 235 159 153 314  21 365 158 290 108 253 153  92 121  65
   214   0 164 132]
  [  0 385 140 248  75 253 319  43 175 307 150 218 381 118  77 312 333
    33  57   0  86]
  [  0 272 309 244  13  65  90  65 269  25 295 210 357 242  70 394 242
    85 297 231   0]]

 [[  0 239  98  31 115 310 216 266 286  25  50 332  70 238 237 112  99
    35 367 145 190]
  [  0   0  98  99 336  19  62 142 384 200 117 150  94 201 390 291 369
    89 154  53 122]
  [  0 103   0 229 376 306 325 139  16 210  91 389 379 110 177  24 394
   136  97 167 381]
  [  0  81 337   0 194  42 176 220   6  85 278 231  38 387 381 254 149
   107   0 340 394]
  [  0 101 337 178   0 236 296 141 356  80 200 108 341  82  41 352 243
     9  47 204  97]
  [  0  80 171 259 149   0 337  90 189 224 335 106 219 378 224 147  43
   299 390 133 363]
  [  0 217  88 121 205 295   0  42 142 158 274 212 103 225 348  97  16
   237 306  16 160]
  [  0 144 159  26  58  18 168   0 256 371 356 230 246 367  59 151 219
   203  24  95 317]
  [  0  31 297 191 338 258 142 279   0 100 354 392  30  29  55 288 335
   120 165  98  50]
  [  0 140 320  49  33 348 282 231  15   0 212 106 132 184 268 272 269
   202 270 184  59]
  [  0 144 344 346 275  87   0 322 246 193   0 211  25 227 213  83  24
   110 116 244 204]
  [  0 381 309 212 121   8 121 235   6  69 157   0  65  63 145 229 171
   317  88 225 277]
  [  0 236 241 118 112 136 163 341 294 182 357 294   0 168  43 238 386
   332   6  78 243]
  [  0 166 238 116 363  56  92 321  92  97 174 298 217   0 228 343 223
   249  51 378 376]
  [  0 353  90 257 100 265 364 250 136 112  41 227  93 394   0 220 242
    93 255 126 111]
  [  0  50 168  70   8  54 119 212 238 281  51  10 330 228  47   0  75
   388  65 142 321]
  [  0   1   7  44  34 151 326 332 151 234 191 370 236 115 350  73   0
    49 251 342 201]
  [  0 371 268  84 172 162 253 271 323 263 383  28 123 105 293 270 293
     0  77 292  56]
  [  0 176 286  76  19  53  43 345 267 285 163 129 318 379 231 269 311
   367   0  85 120]
  [  0 183  78 174 172 124  40 387 164 324 360  71 328 191   6  23 304
    40 103   0 373]
  [  0 383 144 269 247  94  92 284 120  73 319 212 300  85 391 240 335
   259 300 366   0]]]
release_time
[  0 665 616 905 833 858  71 875 232 687 741 244 778 330 773 623 822 771
 785 200 671]
due_date
[  0 758 709 934 931 890 109 951 255 747 815 333 857 381 788 730 854 780
 805 252 716]
unit_emission
[ 6  6 14  9]
emission_limit
9366.2
setup_severity
2.0
due_tight
0.3
due_range
1.0
release_tight
1
degree_constr
0.2
