param: 
proc_time: (1, 100)
setup_rate: 2.0
setup_time: (60, 120)
delivery_time: (100, 200)

mach
5
job_rate
10
fam
8
setup_rate
2.0
proc_time
[[  0  98  51  39  12  19  74  74  98  23  80   5  95  45  39  75  31  88
   78   3  53  19  52  51  77  84  84  91  67  76  25  94  24  33  28  48
   18  92  97  94  19  67  15  57  36  14  84  20  86  34  30]
 [  0  83  19  58  45  89  70  74  54  99   8  77   6  60  22  53  32  41
   77  37  80  57  98  96  66  11  33  80   2  63  29  50  99  26   1  73
   44  24  48  51  45  37  14  51  23  28   3  11  88  26  41]
 [  0  42  36  62  28  51  63  54  72  42  33  23  23  76  81 100  86  76
    7  22  66  15  48  14  21  94  74   4  98  11  82   3  23  45  35  30
   66  92  75  54  91  35  22  79  52  18  72  96  37  14  59]
 [  0  48  73  16   8  79  50  48  50  94  51  78   7  63  51  90  62  84
   70  82  33  68  39  56  92  95  47  49  91  38  50  19  29  77  72  15
   89  81  26  13  28  61  63  84  10  49  63  85  93  50  62]
 [  0  82  96  11  27  26  42  35  99  99  82  25  76   4  75  25  59  12
   65  70  48  13  54  29 100  47  40  49  18   4  24  85  10  56  23  31
   83  72  87  26  21  38  40  35   4  74  67  61   5  90  21]]
setup_time
[[[  0  72  80  92 105 100 110 118 101]
  [  0   0  94  87  66  66 107  91  97]
  [  0 102   0  96  75  69 108  87 100]
  [  0  77  71   0  92  95  79 115 102]
  [  0  68  75  75   0  72  62  94  96]
  [  0 101 108  65  77   0  89 113  91]
  [  0  74  82  68  87  76   0  99 102]
  [  0 100  93  85 107 116  75   0  86]
  [  0  99  93  71  67  78 116  70   0]]

 [[  0  99  83  86 106  86  77  87 106]
  [  0   0 109  88  71  83  64 118  92]
  [  0  87   0  65  63  63  73  84  61]
  [  0  83 116   0  99 117 110 118 113]
  [  0  92  63 118   0 111  71  66  69]
  [  0  70  61 116  60   0 100  75  77]
  [  0 115  63  77  81  64   0 120 117]
  [  0 103 111  92  80  66  96   0  88]
  [  0  67  85 111  70 101 107  97   0]]

 [[  0 115 117  83 101  96 115  72  91]
  [  0   0  61 113  84 119  64 120  69]
  [  0  90   0  93 117  65  79  82  67]
  [  0  78  61   0  62  71 112 108 102]
  [  0  77 101  86   0  60 104 116  89]
  [  0 110  99 120  67   0 106 103 118]
  [  0  98  73  92  81  85   0  76  60]
  [  0 116 120  96 117 103  79   0 117]
  [  0 102 120 114  76 103 103 102   0]]

 [[  0 118 110  84  92  62  92  97 108]
  [  0   0 115  64  93  85  60  75  98]
  [  0  84   0 109  84  64 113 109  67]
  [  0  75  88   0 102 115 102 115  74]
  [  0  71  97 102   0  78  93  74  96]
  [  0  77 108  92  81   0  90  75 104]
  [  0  69  78  80  74  79   0 118  85]
  [  0  95 103  71  61  67  92   0  74]
  [  0  87  96  65  79  84 102 119   0]]

 [[  0 100  76  74 119  91  96 112  64]
  [  0   0 113 116  97  73 115 104  91]
  [  0  60   0 106 104 105 110 103  78]
  [  0  64 109   0  65 120  88 110  73]
  [  0 115  69  85   0 108 116 100  73]
  [  0  99 116  86  74   0  61 118 115]
  [  0  97 112  67  79  77   0  99 111]
  [  0  65  84 115  83 110 108   0  96]
  [  0  75  90 109 117  83 100  84   0]]]
delivery_time
[[  0 156 144 162 173 157 137 125 183 148 141 108 186 101 191 199 112 106
  196 169 119 142 115 112 119 127 173 111 101 117 128 110 113 168 104 168
  151 115 167 162 128 129 149 172 145 139 108 118 134 139 186]
 [  0 152 197 137 132 190 151 179 126 106 138 155 142 108 126 163 187 102
  134 120 185 105 184 123 122 186 149 200 116 177 190 190 165 147 131 155
  134 184 161 105 127 172 135 100 186 109 199 158 114 180 108]
 [  0 102 167 200 137 176 173 195 164 105 120 109 194 137 161 113 108 135
  124 192 105 117 122 177 115 145 156 137 191 163 195 121 164 151 195 164
  145 145 155 130 186 131 162 108 137 177 108 121 131 182 151]
 [  0 125 102 195 185 177 164 185 131 193 172 102 168 162 100 139 113 146
  177 165 159 147 104 190 108 106 182 143 142 195 103 187 191 105 106 179
  178 111 184 101 177 147 175 199 136 193 145 157 134 171 104]
 [  0 126 124 142 135 113 189 126 138 173 107 174 170 146 132 142 117 123
  180 160 101 140 101 163 181 120 164 158 188 123 107 168 122 169 119 142
  106 150 182 103 191 106 190 181 149 119 133 170 107 142 183]]
job2fam
[[1 0 0 0 0 0 0 0 0 0 0 0 0 0 0 0 0 0 0 0 0 0 0 0 0 0 0 0 0 0 0 0 0 0 0 0
  0 0 0 0 0 0 0 0 0 0 0 0 0 0 0]
 [0 1 0 0 0 0 0 1 0 0 0 0 0 0 0 0 0 0 0 0 0 0 1 0 0 0 0 0 0 0 0 0 0 0 0 0
  0 0 1 0 0 0 1 1 0 0 0 0 0 0 0]
 [0 0 0 0 0 0 0 0 1 0 0 0 0 0 0 0 0 0 0 0 0 0 0 0 0 0 0 0 0 0 0 0 0 0 0 0
  0 1 0 0 0 0 0 0 0 0 0 0 0 0 1]
 [0 0 0 1 0 0 0 0 0 0 0 1 0 0 1 0 0 0 0 0 0 0 0 0 0 0 0 0 0 1 0 0 1 0 0 0
  0 0 0 0 0 0 0 0 0 0 0 1 0 0 0]
 [0 0 0 0 0 0 1 0 0 0 0 0 1 1 0 0 0 1 0 0 0 0 0 0 0 0 1 1 0 0 0 1 0 0 0 0
  1 0 0 0 1 0 0 0 0 0 0 0 0 0 0]
 [0 0 0 0 0 0 0 0 0 1 0 0 0 0 0 0 0 0 0 0 0 0 0 0 1 1 0 0 1 0 0 0 0 0 0 1
  0 0 0 0 0 0 0 0 1 0 0 0 0 1 0]
 [0 0 1 0 0 0 0 0 0 0 1 0 0 0 0 0 0 0 0 0 0 0 0 0 0 0 0 0 0 0 1 0 0 0 1 0
  0 0 0 0 0 0 0 0 0 1 1 0 1 0 0]
 [0 0 0 0 0 0 0 0 0 0 0 0 0 0 0 0 0 0 1 1 1 1 0 0 0 0 0 0 0 0 0 0 0 1 0 0
  0 0 0 0 0 0 0 0 0 0 0 0 0 0 0]
 [0 0 0 0 1 1 0 0 0 0 0 0 0 0 0 1 1 0 0 0 0 0 0 1 0 0 0 0 0 0 0 0 0 0 0 0
  0 0 0 1 0 1 0 0 0 0 0 0 0 0 0]]
unit_cost
[21 28 25 27 25]
pre_factor
1.0
