mach
2
job_rate
5
weight
[ 0  2  5  1  7  9  6  2  2 10  6]
proc_time
[[  0  68  57  83 103  59  67 125 140 116 120]
 [  0 110  57 109  89 142  84  80 130 100  64]]
setup_time
[[[0 1 3 1 4 0 3 1 1 2 0]
  [0 0 4 4 0 2 0 4 4 0 3]
  [0 3 0 0 0 0 2 4 0 3 4]
  [0 2 4 0 1 3 4 1 4 0 4]
  [0 3 2 2 0 2 3 3 1 0 4]
  [0 3 4 4 2 0 2 4 1 0 4]
  [0 1 3 2 3 3 0 4 3 2 0]
  [0 1 2 3 2 4 4 0 1 3 4]
  [0 4 0 0 4 0 3 2 0 1 4]
  [0 3 4 4 1 0 1 0 3 0 0]
  [0 2 3 1 4 4 0 4 4 1 0]]

 [[0 3 0 0 3 1 2 3 1 1 0]
  [0 0 0 4 2 1 2 2 2 3 4]
  [0 0 0 2 4 0 4 3 0 3 4]
  [0 1 4 0 3 1 2 4 1 1 0]
  [0 0 2 2 0 0 1 0 2 4 0]
  [0 3 2 1 4 0 4 4 1 4 0]
  [0 1 0 1 3 2 0 0 2 0 1]
  [0 0 0 4 2 4 4 0 1 1 2]
  [0 0 2 0 1 4 0 4 0 3 4]
  [0 0 3 3 1 4 1 4 3 0 0]
  [0 1 3 4 0 1 0 1 3 0 0]]]
release_time
[ 0 22 32 25  4 13  6 44 24 32 23]
due_date
[  0  45  42  44  37  45  41 127  45  37  42]
unit_emission
[10 16]
emission_limit
9512.8
setup_severity
0.02
due_tight
0.9
due_range
0.25
release_tight
1
degree_constr
0.2
