param: 
proc_time: (1, 100)
setup_rate: 1.0
setup_time: (30, 60)
delivery_time: (170, 200)

mach
5
job_rate
10
fam
8
setup_rate
1.0
proc_time
[[  0  80  90  70  16  93  80  98  26  66  54  69  58  18  43   5  88  72
   26  54  79  84  36  73  17  88  99  57  19  39  59  79  64   9  80  66
   19  20  10  95  13  16  66  86  15  11  54  91  36  60  99]
 [  0  16  65  74  23  67  51  66  31  46   1  11  60  78  27   2  59   3
   35  76  40  46   4  81  51  90  57  57  77  26  75  89  79   9 100  88
   59  12   3  16  96  72  70  26  48  72  92  63  38  90   5]
 [  0  80  16  13  85   4  50   1  46  71  38  73  59  37  36  36  20  44
   19  30   1  40  86  81  34  90  24  94  55  55  96  16  47  82  72  86
   76  83   8  26  54  93  29   9  25  38  14  11  74  30  92]
 [  0  89  94  60   9  41  87  10  12  65  27  60  45  84  32   4  24  58
    8  34  89  54  75  73  32  50  33  19  29  31   4  40  80  18  66  91
   69  57   1  99  22  77  78  23  33  27  93  39  97  29  55]
 [  0  58  29  41  94  58  97  16  39  78  20   9  99  92  46  38  59  89
   18  59  78  20  55  33  55  50  96  15  45   3  31  11  19  16   1  30
   52  56  46  97  11  40  81  29  56  11  87  59  39  22  66]]
setup_time
[[[ 0 30 44 44 48 37 30 57 37]
  [ 0  0 32 38 51 52 48 33 50]
  [ 0 48  0 42 39 32 55 41 51]
  [ 0 58 46  0 60 40 34 52 40]
  [ 0 35 39 36  0 59 38 48 41]
  [ 0 46 39 35 56  0 45 45 47]
  [ 0 52 49 31 53 55  0 32 39]
  [ 0 35 56 37 60 47 51  0 48]
  [ 0 49 41 57 37 36 54 44  0]]

 [[ 0 41 57 54 58 57 44 55 45]
  [ 0  0 35 41 30 44 57 30 47]
  [ 0 43  0 37 36 39 59 35 43]
  [ 0 39 40  0 47 59 35 39 56]
  [ 0 36 55 43  0 49 46 47 44]
  [ 0 49 43 45 53  0 55 35 40]
  [ 0 44 60 39 40 55  0 56 51]
  [ 0 40 34 35 49 36 35  0 58]
  [ 0 50 57 59 39 45 45 56  0]]

 [[ 0 47 57 56 51 39 60 43 45]
  [ 0  0 57 51 54 50 57 57 32]
  [ 0 52  0 39 60 54 34 46 57]
  [ 0 60 48  0 48 48 43 39 53]
  [ 0 54 51 60  0 41 57 56 55]
  [ 0 38 36 51 42  0 52 35 51]
  [ 0 31 52 60 40 42  0 31 46]
  [ 0 37 40 30 59 56 48  0 37]
  [ 0 34 33 34 32 33 32 33  0]]

 [[ 0 40 57 58 49 41 44 47 52]
  [ 0  0 37 42 36 59 33 50 39]
  [ 0 34  0 38 42 52 60 38 51]
  [ 0 58 33  0 50 60 31 39 48]
  [ 0 59 56 52  0 48 39 39 32]
  [ 0 51 58 47 40  0 56 44 46]
  [ 0 43 38 49 38 44  0 48 56]
  [ 0 32 31 33 47 57 49  0 41]
  [ 0 44 46 43 51 57 36 47  0]]

 [[ 0 38 48 46 43 35 31 53 35]
  [ 0  0 37 54 48 43 33 57 34]
  [ 0 32  0 33 56 58 33 59 59]
  [ 0 42 51  0 31 40 56 43 33]
  [ 0 47 49 59  0 42 45 36 60]
  [ 0 33 52 49 55  0 45 59 32]
  [ 0 48 45 40 60 57  0 38 38]
  [ 0 46 54 41 56 42 30  0 39]
  [ 0 44 42 38 54 44 56 42  0]]]
delivery_time
[[  0 198 179 177 171 196 183 179 191 197 184 190 187 178 200 184 178 172
  198 197 195 177 189 176 186 182 199 189 175 197 200 174 183 197 197 193
  193 198 182 198 199 190 193 192 198 186 194 200 181 174 200]
 [  0 199 172 187 180 174 174 173 192 200 189 183 194 175 188 188 200 193
  170 182 195 191 171 181 184 195 195 195 192 179 188 171 183 187 195 171
  192 174 191 183 175 184 183 175 189 171 177 189 183 183 178]
 [  0 172 174 178 188 173 179 194 174 192 179 177 183 192 182 176 175 175
  189 181 181 184 181 188 183 188 190 174 184 191 172 197 171 175 184 181
  175 172 187 184 197 171 172 185 188 180 195 187 193 175 180]
 [  0 170 183 195 172 192 186 189 185 196 191 181 196 173 199 187 186 195
  195 185 174 172 170 198 170 192 196 193 194 170 170 182 179 189 197 196
  189 181 183 182 199 186 185 193 199 174 181 195 179 188 181]
 [  0 180 180 182 188 187 186 177 174 194 171 178 180 193 184 197 180 184
  174 194 180 173 181 198 170 194 182 177 184 182 173 199 193 171 177 174
  184 181 192 199 188 195 182 179 200 173 179 182 200 175 185]]
job2fam
[[1 0 0 0 0 0 0 0 0 0 0 0 0 0 0 0 0 0 0 0 0 0 0 0 0 0 0 0 0 0 0 0 0 0 0 0
  0 0 0 0 0 0 0 0 0 0 0 0 0 0 0]
 [0 0 0 0 0 0 0 0 0 0 0 0 0 0 0 0 0 1 0 0 0 0 0 0 0 0 1 0 0 1 0 0 0 0 0 0
  0 0 0 0 0 1 0 1 0 0 0 0 0 0 0]
 [0 0 0 0 0 0 0 0 0 0 0 1 0 0 0 0 0 0 0 0 1 0 0 0 0 0 0 1 0 0 0 0 0 0 0 0
  0 0 0 0 1 0 0 0 0 0 0 0 0 0 1]
 [0 0 0 0 0 0 1 0 0 0 0 0 0 0 0 0 0 0 0 0 0 0 1 1 0 0 0 0 1 0 0 0 0 0 0 0
  0 0 0 0 0 0 0 0 0 0 0 0 0 1 0]
 [0 1 0 0 0 0 0 0 0 0 1 0 0 0 0 0 0 0 1 0 0 0 0 0 0 0 0 0 0 0 0 0 0 0 0 0
  0 1 0 0 0 0 0 0 1 0 0 0 0 0 0]
 [0 0 0 0 1 0 0 0 0 0 0 0 0 0 0 1 0 0 0 0 0 0 0 0 0 0 0 0 0 0 0 0 0 0 0 0
  0 0 1 1 0 0 0 0 0 0 0 1 0 0 0]
 [0 0 0 0 0 1 0 0 0 1 0 0 0 1 1 0 0 0 0 1 0 0 0 0 1 0 0 0 0 0 0 1 1 0 0 0
  0 0 0 0 0 0 0 0 0 0 0 0 0 0 0]
 [0 0 0 0 0 0 0 1 1 0 0 0 1 0 0 0 1 0 0 0 0 0 0 0 0 0 0 0 0 0 0 0 0 0 0 0
  0 0 0 0 0 0 1 0 0 0 0 0 0 0 0]
 [0 0 1 1 0 0 0 0 0 0 0 0 0 0 0 0 0 0 0 0 0 1 0 0 0 1 0 0 0 0 1 0 0 1 1 1
  1 0 0 0 0 0 0 0 0 1 1 0 1 0 0]]
unit_cost
[32 31 25 25 29]
pre_factor
1.0
