mach
4
job_rate
5
weight
[ 0  9  1  8  5  6  8 10 10  8  9  2  8  4  7  7 10  8 10  7  6]
proc_time
[[  0  90 112 149 143  97 114  77  65 108 147 103  61  68 132 141  74 106
  135 100  93]
 [  0  79  83 100  51 106 136 128 130  56  65 101 108  61 119  75  50 128
  135 118  71]
 [  0  71  52 103 122  77  71 123 112 150  90  65  60 111  93 111  61 118
   83 132 146]
 [  0 128 100 126 103  76  89 118  54 109 148 128 113  87 143 126 119  62
  126 110 101]]
setup_time
[[[  0   9 283  19 276 404 143 250   7 311 109 373 188 140 272 323 248
   109 333 321  40]
  [  0   0 363 212 341 262 330 268 243 376  69 305 291 106  52 170  39
   272  31 193 388]
  [  0 137   0 207 121 159 183  42 305  80 260  63 121 260 273 380  49
   195   2 218  16]
  [  0 227 281   0 300 286 287 371 135 201 183 385 230 174 133 146 191
    63  63  99 320]
  [  0 297 380 404   0 364 139 219  64 258 356 190 374 354 405  40  73
   317 201   8 170]
  [  0  74 219  78  14   0 295 311 274 254 389 273 216  89 336 321 319
   202 237 250 139]
  [  0 105 338  83 131  33   0  50 335 165 116 166 301  83 386 123 145
   269  50 115 173]
  [  0 117 253 253 143   7 141   0 222  88  61 283  11 123 288  47 346
   310 236 129 127]
  [  0 179  71 141 168  84 348  15   0 318 290 252 262 102 362 178 203
   292  71 251 271]
  [  0 310 109  56  66 388  38  49 354   0 380 324 244 308 220 172 272
   305 241 272  13]
  [  0 178 274 271 185 138  41  64 202 196   0 281 138 139 210 137  97
   205 221 302 169]
  [  0 372  30 280 161  72 198 304 277 167 285   0  38  69 256  77 171
   260 364 274 169]
  [  0  43 125  28 106 142  65 122 349 271 350 271   0  84 141 250 288
   243  67   2  20]
  [  0 124 222  39 185  98  16 289 321 286 320 376 388   0 172 398 113
   394 390 397 106]
  [  0   7 319  41 263 307 309 300 148 110 203 279 174  90   0  14 188
   368  11 401 296]
  [  0 157  69  75 392 317 288 383 364  69 297 257 398 319 256   0 163
   104  64 150 379]
  [  0  12 135 375  87 265 275 161 219 228 281 370  92 296 209 108   0
    67 286 159 396]
  [  0  26  72  13 375 218 181 276  35 190 154   5 350 128 198 308 275
     0 230  83   4]
  [  0 250 360 285 258  29 354 282 217 243 164 307  14 218   3 109 327
   258   0  53 165]
  [  0  43 251 349 346 398  77 281   4 390 122 204 167 117 169 300 392
   249  13   0 295]
  [  0   9 237 144 121  36 125  68 117  15 228 138 155 302  73  51 185
   259 401 362   0]]

 [[  0  88 146   3 307 167 335 347 377 170 131  16  75 278 304 218 226
   151 204 298  88]
  [  0   0   0 357 365  84 225  20 226 328  35 250 104 279 297  71  33
   172 340 101 180]
  [  0 233   0 166 290 397 190  53  50  54 398 152 267 306 376 130 301
    29 378 330 364]
  [  0  74   2   0 323  93 353 192 259 301 125 153 401 213 398 225  91
   135 153 370  18]
  [  0  82 335 240   0 353 282 383 214 325  80 318 268 318 262  41 254
    58 233 283  39]
  [  0 148 341 141 270   0 151 315 235 261   8 332 147 319 292 292 347
    64 264   4  46]
  [  0 215 280 126 185 325   0 341 252  82 352 180 348 121 198 346 140
   257 209  58 256]
  [  0  13  54 206 146 374 291   0  39 146 119  31  23 212 198  72 351
   316 250 299 162]
  [  0 228 209 231 208 150 379  92   0 352 271  71 199  26 337 169 330
    61 388  57 228]
  [  0  76 191 250 323   9 330 326 176   0 346 196 283 119 379 373 104
    40 101  93 306]
  [  0 358 297 103 156  58 353 203 173  64   0  53 378 330 387 402  73
    45 301 107 179]
  [  0 273 342  82 338 100 245 275  91 278  14   0 201 350 112 212 310
   197 108 196  46]
  [  0 217  27 202 264 336 280   8  25 278  99 121   0 305  42 126  27
   187  18 283 335]
  [  0 140 332  66   2 135 271 207 365 195 374 385 151   0 337  35 171
   317 371 160  41]
  [  0 329 231 336 365 358 336  72  85 334  12 248 369 330   0 396 242
   359  81 256 314]
  [  0 370   6 176 354 385 158 285 351  68  39 339 334 189 338   0 308
   263 293 242  26]
  [  0 321 120 392 345 122 301  24 291 398  43 236 321 353 212 398   0
   202  18 191 132]
  [  0 270 309 229 140  83 117 316 178 235  90 274 102 143 311 236  46
     0  77  18 131]
  [  0 356 365 156 221 155 265 337 354 109 134 334 139  73  10  52  90
   259   0  54 229]
  [  0 400 189 368 233 375 392 261 285 129 153 368  79 151  44 329  46
   198 217   0 155]
  [  0 182   8  19 221 146 228  73 272 350  40 253  25  99 160 168 397
    44   1  56   0]]

 [[  0 122 343  12 339 346 179 381 209  44  16 311 172 322  98  97 256
   167 200 186 228]
  [  0   0 175 407 323 328 243 184 212  68  61  61 165 273 251 250   1
     6 160 151  94]
  [  0 118   0  30 161 305 222  47  84 394 403 404 149 204 140 314 214
   360 327 329 405]
  [  0  46 292   0 155 194 103 243 178 190 232 262 218 343 114   2 144
   332 316 242   9]
  [  0 238 183 258   0 294 117 308 235 348  35 299 157 227 100  76 395
   163 248 121  10]
  [  0 241 143   9 118   0  38 128 356  31  10 396   5 176  52  46 246
   142 130 234 178]
  [  0 158 216 256 373 324   0 379 194 219 271 313 387 214 169  44 212
   385 217 296 369]
  [  0 310 239  73 245 165 147   0  49 135  85 376 330 318 390  11 274
   173 137 314 149]
  [  0 228  62 195 386 379  55 222   0 361 216 271 294 402 280  72 218
   225 159 327 279]
  [  0 128 341 133  50 206 227 135 141   0 347 156 126 218 142 180 156
   393 256 109 222]
  [  0 124 219 178 121 119 225 263 300 407   0 193  40 294  50  70  91
   394 114 313 352]
  [  0 180 179 179 275 145 162 145 106 253 249   0 256 384 373 144 274
   368 341 139 166]
  [  0 301  33 277  82 327  81 135 109  67 220  64   0 327  95  64 290
   330   2 337  54]
  [  0 373 163 263 258 381 132 366 211 327 351 242 319   0 304 274  48
    42 388 204 371]
  [  0 113 363 135  14  55 307  74 104  36  88 286 307 247   0 125  79
   403 240 142  48]
  [  0  48 324 106 224 197 350 320 188 204 127 314 105 175 200   0 353
    38 253 194 192]
  [  0 397  39 345  59 147  69  32  46 198 314 289 211 391 293 196   0
   317 100 158   0]
  [  0 113  69 302 174  48  76 308 143 162  49 330 350 265  37  16 329
     0 378 210 122]
  [  0 103 249 312 230  68 325 289  15 302 138  42 311 373 160 333  32
   112   0 335 395]
  [  0 235 164 239 131  51 208  16  27 194 118  67   4 393  95 120  27
   229 268   0 347]
  [  0 252 301 234 334 223  98 388 314 403  31  43 303 297 368 401 236
    48 311 116   0]]

 [[  0 210 167 247 150 228 327   5  94 164 305 354 337 236  13 198 131
   150   4  46 318]
  [  0   0 378 110 112 220 357 330 257  24 350 296 280  83 307   0 251
   365 156 243 338]
  [  0 143   0  58 152 229 183 294 370   7  12  35   3 403 131 162 149
   107  64  40  22]
  [  0 284 329   0 174  26  66 183 236 184 172 297 380  10 180  97 290
   140 237  64 406]
  [  0 189 348 239   0  47 381 273   1 398   3  66 397  61 129 240 318
   170 171 194 406]
  [  0 378 292 139 262   0 216 268 245  70 403 237 154  55  90 193 279
    51 286 379 124]
  [  0 193 341 272  76 166   0 345 268 250 377 142 333 209 366  82  27
   352  84  11  76]
  [  0 265 325 120 292 309 141   0  75 198 338 355  39 358  83 386 104
   233 232 382  93]
  [  0 243 325 400 240 215 175 312   0 128 407 231 211 173 330 402 195
   139 158 208 279]
  [  0  23 362 354  53 182 123 177   9   0 211 166 308   4 125 134 343
    65 378  79  14]
  [  0 260 350 169 214 399 292  34 155 122   0  63 251 338 236 212 262
   145 129  89 212]
  [  0 356 331 350 402 127 247 325 293 385  34   0 175 282 247 257 303
    85 352 249 336]
  [  0 354  42 354  11  64 310 340 271 370 168 380   0 161 153 111  36
   395 357 105  23]
  [  0 338  17 259 300  71 276 336 361 138  22 198 234   0 318 167 230
    75 383 170   3]
  [  0 371 300 133 345  86 260 159 135  28 133 138   1 308   0 277 111
    70 144 400 387]
  [  0 313 165  66  13 223 206 314  49  24 295  58 272 276 154   0 199
   210 352 359  98]
  [  0 277 222  86 404 295 320 262 244 287 135 346 145   5 163 226   0
   163  76 341 215]
  [  0  62 144 209 184 346 389 274 242  45 126 338 290 147 169 286 358
     0  79 261  22]
  [  0 207  76 388 208 126 371 312 228 250 123  69  49 341 214 374  14
   223   0   5  82]
  [  0 111 194 334 274 154  33 325 201 264  71 109 286  46 337 363 324
    43 178   0 392]
  [  0 363 136 179 278 287  41 267 222 171 187 140 223  51 151 321 384
   276 301 118   0]]]
release_time
[  0 701 197 778 640  53 496 947 756 909 283 932 723 332 657 635 841 827
 882 826 659]
due_date
[   0  759  247  789  738   72  553 1001  788  958  394 1006  743  409
  737  745  848  831  976  827  663]
unit_emission
[ 2 11 11 19]
emission_limit
13058.800000000001
setup_severity
2.0
due_tight
0.3
due_range
1.0
release_tight
1
degree_constr
0.8
