mach
4
job_rate
5
weight
[ 0  7 10  8  1  8  6  2  1  6  6  1  5  4  3 10  1  7  9 10  1]
proc_time
[[  0  83  86 136  87  78 139  57  76 126  90 113  55  73 108  84  66 111
  150  56 128]
 [  0  61 134  76 125 120 134 140  78  59 149 105 125 109 138 129 106 115
   67 144  74]
 [  0 108  77 147  64 150 118 101  71 101  97 106 127 143  79  98  77  70
   68  77  84]
 [  0 133  84 132 103  98 143 127  88 134 114  97 136  88 132  62 103  96
  105 120 121]]
setup_time
[[[  0 249 388 147 220 272  54 285 316 107 222 163 337 133 382 281  85
   246 340 122  12]
  [  0   0 263 176 225 334  11  54 299 236   0 125 393 414 123  67 257
    94 208  66  20]
  [  0  20   0  72  91  60 279 325  43 292 268 382 289 368  28 390  54
   234 114 129 230]
  [  0 275 216   0 237 146 402   2 388 386 192 257 226  98  22  15 380
   200 142  29 218]
  [  0  68  99 333   0 251 413 316  97 321 191 119  68 122 378 306 302
   366  62 297 302]
  [  0 272 355  96  60   0  73 394 367 408   5 219 226 186 294  93 172
   148 267 284 392]
  [  0  26 264  65 289 314   0 411 272  76 227 227 169 145 223 306 317
   330 313 367 216]
  [  0 232 284  72 268 291 231   0 174  67 207 128  54 105 305  35 412
   344  30 115  36]
  [  0  55 164  65 236 277 211 388   0 135 192 106   6 338 288 241 143
   319 351 409 223]
  [  0 268 219 158 306  21  94 320 190   0  58 406 345 363  88 225 208
    73 404 188 247]
  [  0 277  37  72  58 239 262 347 370 339   0 277   1 381 117 306 326
   260 226 267 224]
  [  0 359 132 115 172 251 171 412 323 333 236   0   9 171 208  86 274
    40 311 285 357]
  [  0 192 214 103 370   7 180 329   2 121 256 402   0  81  17 231  75
    32 322 309 247]
  [  0 241 384  75 372 327 368 327   9 112 291 413 197   0   5 113 125
     8 256 114 293]
  [  0  91 394 227 205 102 316  78 311  62  99  56  14 197   0 161 233
   259  91 339  81]
  [  0 125 215 186  43 176 324   2 211 372 384  13  82 183 273   0 135
   109  33 286  11]
  [  0 310 247 287  39  24 111  81  21 253 235 197 182 375 108 113   0
   336 241 366 384]
  [  0 297 131 197 196 273   0 162  62 194 332 365 164 288 390  35 224
     0 257 346  92]
  [  0 338 165 402 120 204 259  48  80 123 132 215 336 308  89 250 118
   385   0 167 401]
  [  0 191  50 132  51 189  25  21  76  24  70 261  11 244  20  80  45
   247  62   0 211]
  [  0  81 125 361  63 283 132 189 326  78 384 180 322 243  40 263 307
   246 378 298   0]]

 [[  0 111 382 304  53 203 383 346 232 255 159 214 347 240  96 369 238
   296 399 222 160]
  [  0   0 115 220  43  29  28 389 399  26 364 213  28 122  26 206 214
   321 374 241 126]
  [  0 280   0 175 248 350 408 336 207 209  67  26 128 308 138  45 286
    58 274 408 397]
  [  0 404 123   0  98 207 133 368 179  75 263 360  87 314 412 152 310
   345 331 331  30]
  [  0 275 147 267   0 116 191  85 219 196 377 250 311 204  61 319  97
   233 392 313   8]
  [  0 224 129 106 131   0 275 258  29  53  68 134 159  54  42 382  86
   319 172 231 383]
  [  0  88   9  52 340  21   0 248 122 258 412  47 375 340 132 236 352
   206 224 410  73]
  [  0 342 103 222 378  35 142   0  54 183  36 251 188  85 141 218  66
   119 373 133 361]
  [  0 246  30 344  83  49  93  62   0 209 231  29 166 195 322 296 222
   174  54  16 129]
  [  0 360 284  88 320 106 273 213 134   0  21 370 367 396 233 130 335
    26 363  19 141]
  [  0 231 131 339 358 129 162  73 363  13   0 405  82   1 142 344 257
   323 132 117 363]
  [  0 158 257 319 265 102 163 163 119 223 346   0 344  82 250  92 203
    37 251 376 199]
  [  0 373 380 338 239 230 195 125 369 153 228 239   0 239  39 290  59
   200 118 240 307]
  [  0 228  49 351 158 341  91 115 372  28  11  30 294   0  96 315  71
   279 161 312 286]
  [  0 311 113 231 122 382  43 139 395 225 102 359 129 371   0 103 412
   275  42 358 402]
  [  0 130 339 382  89 307 154 316 192 366 303 204 391  30 263   0 187
   131 374  34 276]
  [  0 352  43  41 149 333 282 205 336 349  22  28 250  85  68 124   0
    35 355 255 400]
  [  0 101  29 254  18 185 140 162 201 293 323 339  65 358 290 198 186
     0  70 295 331]
  [  0 367  15 120 248  26 375 348   1   4 260 300 132 310 199 126  19
   339   0 296 181]
  [  0 231 214 150 172 356  59 220 394 212  85 371  42  83  12 132  53
   321 281   0 371]
  [  0 344 343  18 316  62 237 128 262 161 269 322 139 186 172 273 163
   316 245 301   0]]

 [[  0  82 162  19 351 149  61 318 367 411   4 166 284 186 293  21 352
   359 287 238  84]
  [  0   0 210 116  20 146 316 325 209 223 309 291 209 359 162 159 402
   229 214  83  90]
  [  0 292   0  28  70  55 305 371 244 162 110 291 155 178 287 268  45
     5 119 414  10]
  [  0 132 385   0  85 127 292 262 248 108  38 326  87 354 204 148  97
   396 319 316 155]
  [  0 145 290  52   0 124 110 192 301  35 219  39  75 302 393 397  54
    16 284  82  44]
  [  0  24  68  40  88   0 345 376 276 411 409 285  22 181 361 311   3
   185 359 212 233]
  [  0  28 283 157 371 132   0 304 244 240 263 159 403 362 231 353 171
    58  50  15 135]
  [  0 182 371 182 234 325 357   0 152 238 319 379 164 370 223 185 174
    54 115 204 292]
  [  0 384  19 308 317 116 215 143   0  88  51 230 310 217 232 301 196
   403 413 358  77]
  [  0 239  99 347 235  48 197 309 184   0 292 158  37 160  60 125 159
    80 158 282  15]
  [  0 313 106  21 118 364 131 323   2 275   0 166 225 314 300 242 247
   124 307  39 286]
  [  0 152  39 243 229 229 189  37 401 224 144   0 166  15  10 223 198
   251 287 380  32]
  [  0  60 108 244 285 159 361 244 187 124 181 361   0 245  80  31 237
   165 201  13 377]
  [  0 261 149 106 200 354 266 137 315 150 368  10   8   0 295 398  55
   287 353 406 329]
  [  0 386 213 254 348 325 355 358 344 305 155   0 128 129   0 334 367
   347 291 323 105]
  [  0 275 267  55 373 299 143 285  53 293 210 246 350 353 239   0 193
   229  35  73 328]
  [  0 186 230 408  30 404  63 264  44  55 189 166  49  66 159 323   0
   116  53   4 120]
  [  0 401 279 273  98 399 300 267 364 313 371  43  27 162 344   4 323
     0 166 225   3]
  [  0 156 118 355 179 138 123  37 273  85 413 219 136  13 122 112  76
   262   0 199  27]
  [  0  19 100 232 395 244 108 284 308  41 141 306  70  72 353 198 305
   390 202   0 304]
  [  0 337 323 293  23 347 318 156 156 395 259 101 258 267 234 329 403
   164 226 413   0]]

 [[  0  34 172 388 258 345  28  70 148 162 325 214 161 234  45 264 233
    55 251 358 248]
  [  0   0  85 386 152 239 126 251 152 368 341  61 141  52 330 366 393
   141 319 320 130]
  [  0  87   0 373 229  18  41  59  35 335 156 351  59  30 345 338 341
   170 367  57 146]
  [  0  29 331   0 234 172 395  47  66 410 234 293  39 376  88 199  90
   192 105 187 289]
  [  0 325 238 382   0 142 247 121 115 323 320  50 330 225  87 399 209
   111  42 278 132]
  [  0 304  81 350 178   0 305 393  60 204 203 164 359 112  79  23 257
   241  25 373 403]
  [  0 267  16 289 340 147   0 393  76  83 228  35  96 165 301 180 330
   322 383 353 289]
  [  0 326 349 245  33 361  15   0 269 154 373   3 324 301 203 372 106
   193 262  37 257]
  [  0 386  50   8 173 194 283 382   0 183 140 410  92 145 400  43  70
   406 184 325 269]
  [  0 273 192 143 327 219  38  96 248   0 119 351 126 250 383 296 143
   344 351 144 380]
  [  0 217  58  57 130 170  56 367 317 131   0 198 189 209 266 250 230
   184 366 142 293]
  [  0  54 396 123 346 224 115  18 209 100 107   0  45 253 185 182  49
    40 158  89 142]
  [  0 190 410 380 100 387 172 353  70 101  17 114   0  97 264  50  62
    30 402 246 315]
  [  0 279 321 255  42  88 396 134 118 291 203 411  73   0 383  65 100
   227  73 358 129]
  [  0 151 205 176 135 317 351 244 170 213  30 413 414 190   0 314  91
   212  81 307 374]
  [  0 193 131 247 193 151 209 246 322  87 169  69 187  54 276   0 120
   357  96 411 409]
  [  0 210 217 184 212   0 209  28 322  80 348 366 194 141  85   8   0
   321 239 156 370]
  [  0 404  89 314 215  78 392  97 311 310  68 274 173 182 302 336 182
     0 345 308 384]
  [  0 141 278  46 263  31 320 191 214 225 232 334  47 155  83 366  24
   197   0 214 274]
  [  0 287 173 130 187 338  88 134 204 300 372 200 400 152 387   6 412
     3 319   0 166]
  [  0 309 103 386 381 253 140 111  61 331 237 196 364 398 156 167 158
    65 367 127   0]]]
release_time
[   0  952  738  964  751  875  719  855  735  676  778  431  837  873
  863 1021  309  706  329  666   15]
due_date
[   0 1045  798 1030  831  940  744  928  811  758  812  493  916  964
  972 1042  328  763  379  741   27]
unit_emission
[20 13  5 14]
emission_limit
16764.6
setup_severity
2.0
due_tight
0.3
due_range
1.0
release_tight
1
degree_constr
0.8
