mach
4
job_rate
5
weight
[ 0  4 10  7  5  3 10  1  8  1  5  6  3  4  2  6  2  7  4  3 10]
proc_time
[[  0  53 142  82  58  92  80  59 112  80 104 117  86 137  77 137 110 105
  128  62  86]
 [  0  60 133 123 127 105 105  82 115 132 120 121 132  60  51  66  91 129
  102  65 103]
 [  0 117 110 134 118 108 111  95 150  53 123 148  75 126 129  67  60  98
   85 119  66]
 [  0 102 109 107 102 108 143 117  98  91  50 126 140  87  93 138  72 113
   71 134 113]]
setup_time
[[[  0 306 165 317 387 353 129  11 365  43 154 222 363 107  71 194 148
   293  86 221 130]
  [  0   0  92  93 273 305 332 296  61 325  17  46 355  12 110  87 271
   378  10 309  48]
  [  0 259   0 276 254 174 350 129 246 398 287 139 148 325 249 132 245
   345  58 227 300]
  [  0 343 111   0 289 281 352 256 403 127 111 406  74 123 290 123  91
   312 199 161 176]
  [  0 171  23 320   0 202 207 210 133 273 105 185 358 134 343  95  27
   354 236 247 297]
  [  0 359 219 361 303   0  58 161  69 250 231 260  20 287 293  30  32
   371  91 256 240]
  [  0   8 163 342 382 193   0 361 320 248   8  65  85 381 207 108 105
    78 316 191 192]
  [  0  72 367  61 299 375  46   0 235  49  99 384 356 251  10  86 328
   153  16  17 293]
  [  0 325 401 279 221  96  51  61   0 312  58 313  87 169 218 407 363
    36 184 392 233]
  [  0  32  92 211 353 269 332 274 138   0 338 306  30 374 196 235  38
    62 268 273  60]
  [  0 277 170  94 382  22 227 296  50  30   0  34 177  22  44  50 384
   125  85 348 243]
  [  0  49 382 200 253 153 302 111 299 238 126   0 165  78 346  43 111
   272  13 405 241]
  [  0 201 266 380 362 354 124 122 233 286 218 112   0   7 382 282 264
   318 120  79 188]
  [  0 307 170 251 347 280 159 321 270 151 180  89 305   0 215 190 362
   399 265  40 286]
  [  0 122 288  32  56  74 374 167 273 142  30 206 154 110   0 295 295
    15  29   3 127]
  [  0 375 122   3 159 399 255 407  27 313  86 197 264 208 373   0 383
    23 270 333 382]
  [  0 124 331 224 311  96 351 364 149 267   0 356 361 248  96  50   0
   395 115 319  75]
  [  0 296 161 234 259  73 260 119 169 379 371 128 243 353 246 327 286
     0 115 211 185]
  [  0 260 181 176 217 183 232 224 378 206 239 198 384 145 207  89 109
    89   0 219 196]
  [  0 154 388 339  12 304 204 263 245 340  56  12 250 216 407 390 353
   299 185   0 103]
  [  0 121 299 361  37 185 158 149  92  17 309 160  93 352 398   4 360
    50 186 291   0]]

 [[  0 242 285 238 252  40 364 323 202 211  43 120 407 183 373 325 267
   330 280 213 331]
  [  0   0 344  93 349 282 383 335 234 241   1 389 304 288 404 184 335
   110 103 165  60]
  [  0 392   0  27 249 350  63 292 189 330  38 243 329 200  69 377 197
    79 315  26 185]
  [  0 301 169   0  97 326 352 246 302 248 401 156 222 400 386 312 301
   104 403  66  85]
  [  0 145 267 121   0  32  87 176 273 105 321 402  43 171 164 389 194
    55 402 134 237]
  [  0 292  72 289 126   0 183  50 237 118 206 189 351 199 351   1 313
   170  27  72 233]
  [  0 113 293  76 298 253   0 314 381  45 191  42 371 270 256 202 136
   394 222 248 276]
  [  0 142  48 157 287 293 320   0 393  36 244  91 388 256  28 209 290
   107 171 367  84]
  [  0  25   3  24 391 261 298 401   0 356 361 173 152  34 213 238 360
   394   4 111 380]
  [  0 345 110 261  85 381  21  68 193   0 174 325 317 115 258 222  78
   237 246   2 248]
  [  0 387 263 114 195 343   8  66 112 110   0 400  40 128 401 200 117
    32 383  66  89]
  [  0 257 294 278  18  56 202 158  99 366 332   0  75 222 368 155 274
    64 279 324 307]
  [  0 113 311 398 173  33 134 242 394 376 300 394   0 360  60  40 158
   282 196 262 407]
  [  0  79 301  71 397 283 221  58 230 359  29 261 229   0 325 281 295
   103  96 148  15]
  [  0 389 205 133  30 133 267  89 289 307 228 281 130 121   0 159 313
   259  62 187 349]
  [  0 165  73 245 293 358 247 304  54 315 200 209 342 174 209   0 322
   135 266 285  45]
  [  0 141 228 161 114 390  68 305 127  58 229 262 201 312  93 202   0
   334 190 131 156]
  [  0  97 143 285 226 329  67 348 272  84 158 379  95 168 299 247 296
     0 249 294 317]
  [  0  50 212 205 330  95 163 207  93 182 388 373  44 287 335 308 155
   265   0  19 205]
  [  0  16 226   1 405 244 344  92 261 247 344 114 318 249 221  70 242
   269 258   0  39]
  [  0 388  82  56 186 136 136 321  24 115 224 369 172 152 284 170 388
   190 365 145   0]]

 [[  0  27  10 358  86 121 321 367  60 286  44 391 336 388 218 251 107
   205 297   1 179]
  [  0   0 359 269 125  90 124 165  41  26 186 120 141 129 312 277 324
   334 359 244 238]
  [  0  60   0 370 219 129 215 268 296  60 166 150 151 402   2 251 240
   117 395 281 227]
  [  0  68 337   0 395 316  13 240 324 162 270   6  17 219  89 337  51
   399 189 357 245]
  [  0 315 377 250   0 141  14 191 373 127 213 229 215 127 125 284 331
   199 254  11 334]
  [  0 391 197 357   6   0  97 164  64 271 302 170 160  13 201 269 370
    71 116  27  36]
  [  0 280 373  39 316 241   0 278 292  60 259 388 170 184 267   3 369
    82  99 235  24]
  [  0  22 215  81 263 332 155   0  23 406 335  58 139  85 395 213 165
   133 402 214 353]
  [  0   3 190 252 348 155 393  56   0   3 108 323 162 170 106 130 250
   407  34 259  63]
  [  0 156 234 162 385 393  12  80 298   0 344 395 101  23 279 147  89
    82 180 230 339]
  [  0 116 342 140  47 230 172 170 356  71   0 111 306 349   3  19  71
   359 276 103 160]
  [  0  48  64 152 334 220  68 135 360 324   0   0  83 205 366 170 182
   269 157 284 407]
  [  0 133 392 312 355 113  15 399 232 112 168  17   0 100 261 407 398
    49 211 393 265]
  [  0 313  20 208 400   6 148 212 138  77 224  74 325   0 228 116 300
    85 216 335  26]
  [  0 390  70 149 124  56 160 133  28 191 114 275 355 318   0 255 347
   335 357 139  12]
  [  0 220 313 288 267 376  29  19 149 114  79 196 398 256 365   0 362
   105 216 162 407]
  [  0 355 245 111 336 332 251 387 316  77 116  14 245 300 388  66   0
   135  31 179 184]
  [  0 346  91 212 214  24 151 350 336 148 149  86   7 216  52 271 322
     0 228  11  10]
  [  0 192 291  52 302 229  57  74  49 193 268  91 366 136  45  29 373
    87   0  35 228]
  [  0 220 368 342   8  88 389  34 300 355 341 179 319 341 151 318 390
   149 270   0 222]
  [  0  97 262 214 323 345  49 299 223  65  36  83 370 243 274  46 313
   215 286 211   0]]

 [[  0 129 306 292 292  14  60  70 300 388 109  72 360 254 362 300 316
   336  79  27  60]
  [  0   0 243 234 300 324 305 316 338 296 151  43 268 252   4 256 304
   404  79   2   9]
  [  0  40   0 288 360 253 153 266  13   1 155 115  21 135  25 317 176
   219 216  28   0]
  [  0 144 113   0  72  72 237 242  58 326 116 227 147 121 188 282 380
   217 397 306 344]
  [  0  54 156  86   0 250  71 362  51 331  91  72  90 395 218 135  96
   353  78 187 339]
  [  0  68 229 121 405   0 197  30 315 393 397 105  38  93 254   0 281
   370 278 355  67]
  [  0 260  57 195 398  51   0 390  53   6 116 382  22  27 260 115 195
   269  54 374  48]
  [  0 273 316 253 285  66 172   0 261  81  83  31  54 323 261 183 405
   284 196 101 257]
  [  0 126 359 148 239  30   5 348   0 282  56 150 136 342 237 371 101
   346 360  79 393]
  [  0 197 358 208 121 245 228 182  87   0 179  93 176 113 185 146 345
   252  92  21 144]
  [  0 103 382 388 338 305 160  67 214  85   0 145 145 198 347 265  22
    20  12 354 213]
  [  0 358 284 214 127  98 314 188 253  62 165   0 214 278  74  66 261
   131 363 267 332]
  [  0 405  18 399 158  70  97 189 305 100 226 237   0 391 268 159 156
   366 247 186 103]
  [  0  58  95 158  46 126 184 257  83 300 197 345 123   0  52 366 289
   333 314  76 365]
  [  0 402 327 376 220 172  56 394 228 231 178 398 215 204   0  56 338
   237  84 364 100]
  [  0 137  40 208 156 329  77 236 258 279 190 165 246 300 281   0 343
   239 263 349 356]
  [  0  44 306  21 385 134 214 347 373 402 160 229 270 313 129 260   0
    99 406  91 259]
  [  0 368  36 119 180  29 327  78 118 260 387 323  83 302  17 368 355
     0 389 269 359]
  [  0  53 234 278 305 194 331 295 306  24   9 163 119 106  54 199 177
    70   0  51 291]
  [  0  50 256 290 137 264  89  14 288  82  14 326 136 390 172 343  31
   300 164   0  99]
  [  0 289  44 210  84 221 109 111 114 219 302 215 324 296  49 358 396
   400 257 272   0]]]
release_time
[  0 215 208 341 227 229 222 507 219 837 237 473 612  67 852 445  68 117
 719 386 900]
due_date
[   0  987  442  668  981  748  760  969  862  910  744  959  993  266
  921  848  130  850  887  872 1023]
unit_emission
[20  5  6  2]
emission_limit
13416.0
setup_severity
2.0
due_tight
0.3
due_range
1.0
release_tight
10
degree_constr
0.8
