param: 
proc_time: (1, 100)
setup_rate: 2.0
setup_time: (60, 120)
delivery_time: (170, 200)

mach
8
job_rate
5
fam
3
setup_rate
2.0
proc_time
[[  0  95  54   5  81  72  46  85   7   1  80  27   2  51  17  63  38  18
   14  86  24  15  53  55  54  59  43  41  76  20   6  37  87  36  45  14
   15  75  83  44  59]
 [  0  68  74  12  14   5   8  99   1  56  19  43  45  65  11  41  84  10
   59  34  65  50 100  34  50  90  93  21  96  41  19   4  47  65  86  86
   55  74  82   7  42]
 [  0  27  40  10  80  54  61  89   1  86  21  84  30  33  37  73  71  24
   54  63  44  31  40   8  63  46  96  17  83  56  40  37   3  36   9  64
   70  42   4  90  23]
 [  0  25  88  51  85  15  73  27  32  30  98  16  29  67  94  16  28   4
   68  50  81  30  38  34  44  21  26   8  61  18  65   2  50  58  89  42
    4  33  56  80  94]
 [  0  38   7  50   2   4  36  26  72  77  28  72  56  35   8  56   5  71
   70  94  13  30  19  38  16  52   4  55  16  22  20  76  29  45  92   7
   90  27 100  51  38]
 [  0  84  32  52  54  32  54  77  87  68  54  11  72  44  33  98  42  25
   66  41  93  63  39  28   9  93  30  32  46  68  78  95  90  88  31  80
    8 100  61  10  15]
 [  0  40  27  41  40  38  54  41  51  17  57  88  27  47  67  95  15  29
   64  54  88  31  67  55  83  54  74  88  70  54  19  55  88  18   7  89
   24   6  72  32  29]
 [  0  94  38 100  24  67  48  79  52  58  96  32  17  48  11  10  45  94
   38  52  37  91   4  89  32  68   3  28  68  22   7   4  91  68  48  12
   75  72  36  67  86]]
setup_time
[[[  0  70  60  97]
  [  0   0  61  62]
  [  0  71   0  91]
  [  0 118  94   0]]

 [[  0  93 119 120]
  [  0   0 107  80]
  [  0  68   0  86]
  [  0  84  62   0]]

 [[  0  77 120  94]
  [  0   0  90  61]
  [  0  75   0 104]
  [  0  83  77   0]]

 [[  0  92 114  93]
  [  0   0 118 101]
  [  0 112   0 102]
  [  0 111  86   0]]

 [[  0  64  79 102]
  [  0   0 104  86]
  [  0  74   0  99]
  [  0 100  75   0]]

 [[  0 106  67 110]
  [  0   0 105 111]
  [  0  89   0 107]
  [  0 108  68   0]]

 [[  0  98  82  75]
  [  0   0  82  99]
  [  0  73   0  90]
  [  0  83  75   0]]

 [[  0  99 120  95]
  [  0   0  82 113]
  [  0  80   0  62]
  [  0 104 105   0]]]
delivery_time
[[  0 199 194 174 192 193 200 192 182 182 174 189 179 177 170 194 170 188
  177 176 176 172 186 191 177 175 171 172 193 173 171 171 188 175 183 189
  183 177 197 175 197]
 [  0 188 198 189 198 190 182 198 196 187 189 175 181 198 171 172 179 186
  181 174 195 172 191 180 192 177 176 187 189 198 192 183 183 190 178 189
  181 178 173 196 175]
 [  0 176 178 176 182 175 184 188 194 185 200 180 178 180 198 184 172 184
  199 197 198 179 171 198 196 185 173 179 175 185 199 188 197 198 186 179
  194 197 192 171 170]
 [  0 199 194 182 171 179 173 177 187 198 187 199 194 176 189 181 194 188
  175 193 197 189 195 185 194 176 171 175 178 187 175 191 178 177 176 178
  178 186 185 199 198]
 [  0 184 183 188 196 170 178 193 193 186 178 194 195 176 175 175 194 191
  191 183 185 177 180 196 183 197 189 178 170 187 172 194 177 173 195 191
  186 199 190 176 194]
 [  0 195 184 170 183 184 171 187 196 196 187 190 174 192 190 184 182 198
  189 173 193 173 187 199 192 196 200 196 181 186 193 189 193 175 189 191
  170 183 181 196 184]
 [  0 174 189 178 171 178 193 187 170 170 174 196 194 172 174 184 174 176
  170 175 195 171 185 178 188 173 174 175 199 171 180 176 182 172 196 186
  195 190 175 180 197]
 [  0 175 171 197 200 189 180 178 189 172 171 198 170 199 173 188 199 191
  177 195 184 177 181 194 196 197 182 185 191 186 175 192 193 194 196 181
  176 177 177 172 196]]
job2fam
[[1 0 0 0 0 0 0 0 0 0 0 0 0 0 0 0 0 0 0 0 0 0 0 0 0 0 0 0 0 0 0 0 0 0 0 0
  0 0 0 0 0]
 [0 0 0 0 1 0 0 0 1 0 1 0 1 0 0 0 0 0 0 1 1 1 1 0 1 0 0 0 1 1 0 1 0 0 1 1
  0 1 0 0 0]
 [0 1 0 1 0 0 1 0 0 0 0 1 0 0 1 1 1 1 0 0 0 0 0 0 0 0 0 0 0 0 0 0 1 1 0 0
  0 0 1 0 0]
 [0 0 1 0 0 1 0 1 0 1 0 0 0 1 0 0 0 0 1 0 0 0 0 1 0 1 1 1 0 0 1 0 0 0 0 0
  1 0 0 1 1]]
unit_cost
[12 11 16 14 15 14 11 14]
pre_factor
1.0
