param: 
proc_time: (1, 100)
setup_rate: 1.0
setup_time: (30, 60)
delivery_time: (1, 100)

mach
2
job_rate
8
fam
8
setup_rate
1.0
proc_time
[[ 0 58 14 93 20 30 19 53 56 77 82 23 62 33 18 73 33]
 [ 0 61 54 17 19 91 70 99 34 84 25 68 74 74 88 85 11]]
setup_time
[[[ 0 45 55 58 58 59 60 46 45]
  [ 0  0 32 55 45 37 59 41 32]
  [ 0 50  0 40 33 45 46 38 35]
  [ 0 56 49  0 31 38 57 50 58]
  [ 0 32 49 35  0 30 52 30 34]
  [ 0 42 31 44 44  0 55 54 43]
  [ 0 51 36 43 60 55  0 53 56]
  [ 0 58 39 46 43 37 33  0 45]
  [ 0 42 60 51 56 54 56 49  0]]

 [[ 0 47 34 55 38 57 32 37 49]
  [ 0  0 51 48 59 50 57 32 40]
  [ 0 40  0 46 45 36 33 59 52]
  [ 0 41 44  0 40 34 34 44 58]
  [ 0 40 55 41  0 49 44 49 33]
  [ 0 47 35 52 56  0 48 40 57]
  [ 0 31 56 37 58 40  0 47 52]
  [ 0 47 43 51 39 32 38  0 40]
  [ 0 41 41 32 50 36 43 53  0]]]
delivery_time
[[  0  43  95  98   6  86  78  67  12 100  12  66   2  15  23  29  81]
 [  0   7  94  28  14  44  30  81  32  70  88   6  27  82  88  24  34]]
job2fam
[[1 0 0 0 0 0 0 0 0 0 0 0 0 0 0 0 0]
 [0 0 0 0 0 0 0 0 0 1 0 0 1 0 0 0 0]
 [0 1 0 0 0 0 0 0 0 0 0 0 0 0 0 0 1]
 [0 0 1 1 0 0 0 0 0 0 0 0 0 0 0 0 0]
 [0 0 0 0 0 0 0 0 1 0 1 0 0 0 0 0 0]
 [0 0 0 0 0 1 0 1 0 0 0 0 0 0 1 0 0]
 [0 0 0 0 0 0 1 0 0 0 0 0 0 0 0 1 0]
 [0 0 0 0 1 0 0 0 0 0 0 0 0 0 0 0 0]
 [0 0 0 0 0 0 0 0 0 0 0 1 0 1 0 0 0]]
unit_cost
[11 14]
pre_factor
0.5
