mach
4
job_rate
5
weight
[ 0  5  2  1  4 10  3  4  6  3  9  5  2  6  5  7  2  6  1  2  5]
proc_time
[[  0  74 139 141 120  59 118 117 145 100 100 134 117 142  61 141  74 145
  136 112 103]
 [  0  72 123  59 134  54 125  63  87 140 103 126 150 130 134  71 133  87
  104 111 117]
 [  0 142 101 120  98  54 110 139 144 131 112  60  74  79 121  89  55  76
   71  66 118]
 [  0 113  50  60 102 135 110 115  68 125  58 107 117 127 116  54 112 125
  117 123  76]]
setup_time
[[[  0  68 319 342 415 379 334 181 213 256 211 246 213  92 196 120 157
   139 253  39 378]
  [  0   0 286  31  92 123 314 137 124 416 233 350 275   0 331 319 365
   418 196 357 206]
  [  0 400   0 310 160   2 180 377   5 316 233 130   1 361 122  79 404
   291 172 166 276]
  [  0 347 203   0 119 115  99 319 200 325 220  73  97 232  66 188 250
   199  96 124 311]
  [  0 238  96 252   0 152 104 348  64 117 343 310  28 260 295 315 388
   346 402 404 254]
  [  0  12 299 168 269   0 407 192 412  11 268 122 310 317  98  33 326
   228 176 316  79]
  [  0 182 127 415 210 125   0  43 272 250 414   2 381 203 387 408 197
   119 163 251 259]
  [  0 171 111 215  99 121  78   0  45 398 207 371 194 153  81 313 271
   134 367 165  48]
  [  0  37 161 403 356 239 301 417   0 132 279 157 106  15  62 295 270
   395 172 321  82]
  [  0 120 261 142 260 252  83  42  91   0  84 403 229 326 171 236 386
   261 100 374  62]
  [  0   6 120 238 214 319 242 271 248 112   0 288  18 205 268 104  28
   186 187 412 173]
  [  0 396 300 135  96 373  92 330  78  86 265   0 341 325 209 161  46
    67  73 405 310]
  [  0 215 143  32 100 394 281   7 212 204  66 170   0 369 360 135 226
   162 385 229 303]
  [  0  65 233 165 119 306 185 191 178 173 160 212  29   0 302 125 120
    88 263 309 376]
  [  0 206 162   9 382 321 232 419 384 233 287 357 381  50   0 369 409
    76 118 197  23]
  [  0 326 261  17   6 375 119 402 224 335 290 232 388 347   4   0 333
   309  84 245  50]
  [  0 248 351 351  20  10 159  85  28 249 327  69  16 263 303 284   0
   163 167 249  88]
  [  0 117  81 394 391 353 112 268 201  32 214  70  38  29 398 138 282
     0 191 110 160]
  [  0  69 317 346 318 396 364 174  28 260 377  16  76 262 299 220 174
   325   0 178 273]
  [  0 314 345  56 418 322 338  62 194 344 326 104 320   2 199 228 166
   378 209   0 301]
  [  0 297 223 158 266  49  21 339 343 328 364 370 207 334 337 314  40
   193 145 266   0]]

 [[  0 406  46 107 116 347 290  23 116 306  63 260 413 295 113 186  36
   326 323 411 363]
  [  0   0 117 285 173  57  21 249  86 149  59 119 280 199 130   0 270
   243 112 209 359]
  [  0 182   0 298 130 268  52 371 339 109 167 140 361  44 174 356 235
   130 178 301  54]
  [  0 279  98   0 245  25 353 304  43 249 212 314 406 185 125  31 114
   216 124 385 406]
  [  0 348 269 239   0 236 135 269 294 315 358  85 169 171 102 163 267
   178 144 175   9]
  [  0 294 189 306 417   0  81 387  58 196 334 393 226 271 237 381 113
   180 230  83 151]
  [  0 289 152 193 131  22   0 240 317 139 299 314 275 141 240 396 208
   296 305 179 379]
  [  0 218 357 158  58 237 415   0 310 215 361 286 388 299  47 345  17
   308 343  89  18]
  [  0 123 290 375 385 194  56 169   0 124 340  44  20 408  20 230 264
    58  16 120   2]
  [  0 230 370 298 327  83 108 234 172   0 253 231 399 184  18 114 137
   369 337 112  36]
  [  0  22 418  78 214 273  26 177 294 409   0  41  32   6   4 233 134
   262  80   4 323]
  [  0 309  91  82 226 267 269 405  68 384  82   0  34 244 155 276 340
   147   7 130 179]
  [  0 368 223 348 226  82 287 184  12 348 258 382   0 158 394 355 412
    86  61 258 151]
  [  0  11 135 403   6  54 215  54 196 404 256 134 167   0 225  96 361
   258  30 311 115]
  [  0 260 163 364 168 259  20 169 301 210 314 394 151 205   0 108 368
   140 311  97 234]
  [  0  10  24 220  78 348  71 339 208 113 109 143 343 401 190   0 129
   173 223 417 393]
  [  0  83 240 134  54 273 186 195 295 307 378  32 249 111 120   5   0
   246 247  36  31]
  [  0 181 314  36 287 338 109 228 362 120 244 229 133 352  14 116 260
     0 345  37 341]
  [  0 134 233 307 195  52 369 167 385 371 217 352 101 419 248  77  63
    57   0 243  22]
  [  0 416 339 139 220 367 221 219 266 208  40 345 134 378 228 136 395
   365 395   0 263]
  [  0 223  39 168 227 180 337 386 181  60 167 406 405 202 341 299 232
   148  76 241   0]]

 [[  0 262 202 292 145 231 224 246 188 175  82 218  47 343 413 158 417
    49  97 197 134]
  [  0   0 349 119 322 172 200 186 298 300 281 275 385  96 397 190  46
    89 271 150 356]
  [  0 290   0 113   9  68 349 298 303 404  61 320  19 418 359  49 184
   123 147 174 136]
  [  0  31 129   0 359 416  40 351 336 293 145 281 377 360 107  94 367
   252 340 100   4]
  [  0  90 318   5   0 395 280 245 286 285  53 260  34 302  82 179 243
    27  20 105 248]
  [  0 299  67 412 169   0  74  81 378  19 199  57 194 152 348 242 279
   163 146  20  15]
  [  0 271   5 266 109  78   0 140 237 403  55 100 239 308 109 171  53
   353 270 180  85]
  [  0 166 362 341 296 205 373   0 407 362 110  27 178 214  13  61 133
   400 121 224  14]
  [  0 334 185  97 198 372 154 409   0 209 275  94 365 120 216 197 398
    72 322 138  32]
  [  0 143  36 256  53  89 258  18 408   0 391 367  40 399 101 140  53
    64 412 162 401]
  [  0  46 383 130  45  21 277 245 205 192   0 190 234 117 297 264 380
    52 251  86 365]
  [  0 311  66 258  25 235 245 317 340 225 186   0 302  81 145 349 386
   408 226  26 393]
  [  0 235 341 151   8 142 146 267 252  58 399 405   0 111 381 151 415
    39 166 192  31]
  [  0 171  16  19 217  66 185 249 123  15  38 382 282   0 167 131 136
   377 349 211 323]
  [  0  73 330 181 205 291 186 214  66 275 302  23  98  29   0 275 292
   281 298 239 144]
  [  0 182 406 116  23 191 268  86 144 269 227 148  63 112 377   0 203
   297 298 240 304]
  [  0 355 365 379 133 234 348 322 267 322 297 105 185 372 159 408   0
    60 345 162 184]
  [  0 393 118 385 365 172 202 293 143 370 239 358 296 223 381 346 105
     0 335  71 202]
  [  0 173 324 188 352 242 117   8 390 393 419 365 361 212 384 257 209
   121   0 303 182]
  [  0 137 395 119 172 172 309 383 359 236 363 122 289 304   7 272 174
   161  59   0 122]
  [  0 308 216  66 132 134 302   5 167 294 170 190 366 202  32 399 378
   250  97  80   0]]

 [[  0  98 414 292 192 133 273 144 215 286 330 268  77 247 307 283 117
   283 413 311 196]
  [  0   0 315 226 194 112 401  44  19 404 119 147 266 198 347  52 221
   328 290 147 126]
  [  0  93   0  86 122  70 183 118 390 341 384 279   3  45 243 273 362
   296  20 313  82]
  [  0 313 300   0 143 303 374  16 193 371 239 228  76 136 234 110  43
   161 412 222 232]
  [  0 360  59 153   0 130 228 140  33  84 205 402 377 187 145  79 354
   240 386  69 276]
  [  0 382 296   8 222   0 178 298 356  65 114 355 203 202 274 248  79
   235 398 230 397]
  [  0 268  76  59 402 175   0 415  80 112  61 345 239 154 284 117  47
   131 247 369 291]
  [  0  13 356 162 220  64 108   0  72 405  17 389  63 168 158 270 362
   183 327 316 139]
  [  0 100 180 162 232 303  77 300   0 247  81 142 159   2  82 100 209
   403 253 137 255]
  [  0 390 263 333 116 412 232 270  92   0 328  71 393  43 340 195 240
    76 414 126  78]
  [  0  43 100 141  12  84  57 115 350  49   0 206 368  48  61  74  93
   198 193 176 379]
  [  0  83 174  82 220 162 245  18 190  62 194   0 161 201 135 198 242
   164  83 370 101]
  [  0   2  24  58 269  77 106  71 331 281 385 133   0  26  34 367 284
   416 135 200 391]
  [  0   3 244 215  63 234 180 121  26 417 151   3 319   0 210 398 357
    30 108 138 259]
  [  0 190 405 352 303 304  18  74  63  80 379   0 293 309   0 369 260
   142 373 256 131]
  [  0  28 325 102 189 242 162 325 249 156 144  74 110 344 172   0 336
   292 407 270  65]
  [  0 306  53 241  65  34 107  15 176 365  15  35 137 163 245 170   0
   309 331 153 417]
  [  0 363 393 221  52 341 151  57 115 258  64 240 416 195 293 399 418
     0 198 327 106]
  [  0 147 195 386  68 375  34 117 283  97 232 240 124 402  61 295 227
   384   0  71 198]
  [  0  71 368  46 241 127   2 144 264  80 275 415 405 231 170 370 109
   150 236   0  12]
  [  0 371 173 246  92 268 286  32 245 105 391 221 116 338 202  19 261
   129 163  23   0]]]
release_time
[ 0 10 94 21 70 37 57 30 28 33 50 20 64 60 22 79 86 60 68 12 58]
due_date
[  0  92  98  87  94  89 103  98  91  96  92  86  88  98  98  94 103  94
  84  97 104]
unit_emission
[20  9  8  9]
emission_limit
13466.4
setup_severity
2.0
due_tight
0.9
due_range
0.25
release_tight
1
degree_constr
0.8
