mach
4
job_rate
5
weight
[ 0  3  6  4  2  9  4  6  6  3  8  9  1  7  9  9  8  5 10 10  3]
proc_time
[[  0 129  68  52  77  66 131 138 106 140 128  94  76 120 140 127 113 139
   58 116  64]
 [  0  74  74  85  99 101  69 125  52 108  75 100  90 126  98  73 103 113
  149  66 108]
 [  0  75  92  85 100  63  90 148 131  64  92 140  58  68  76  72  54  81
  118 148  66]
 [  0  58  77  84  64 149 149 125 122  58  73 145 135 148 127 112  71 122
   66  68 142]]
setup_time
[[[  0 229 280 253 195 394 355 196 111 257  66 306 369 226 172  98 244
    33 134  26 293]
  [  0   0   5  10 144  54 142 134 394  45 324 208  64 296 240 351  14
   160 356 143 364]
  [  0  49   0   9   9 205 305 155 190  63 211  66 248 216 294 138 296
    96 163  61 142]
  [  0 171 231   0 282 141 280 281 387 191 233 159  23 319 350 335 321
    63 268 295  44]
  [  0 259 101 345   0 371 107  89  19 369 218  40 162 368  44 141   7
   293 174 358 132]
  [  0 224 141 117 203   0 316  84  25 229  30 378 255 269 138   1 275
   185 111 230  71]
  [  0 263  27 266 165 142   0 133  87  81 138 304 308 109 307 221 127
   187 374 169  14]
  [  0 158 342  32  55 214 283   0 151 171 297 176  16 171 112 289 207
     2 268 375 282]
  [  0  67  98  73 375 114 362 354   0 119 138 320 334 273  27 254 100
   114 286 211 179]
  [  0 248   9 218 241 352 288  77  99   0 279  54 289 361 383  24 352
   183 103 364 147]
  [  0  86 125 166  46 184 221 271 220   1   0 233 310 151 241 210 197
   245  88  83 155]
  [  0 155 221 196 108 379 366 331 175 235  80   0 193 356 269 290 289
   106  42 182  38]
  [  0  87  26 213  77 269 353 290 302 244 199 289   0 297 320 283  85
   138  82 144 148]
  [  0 138  68  11 307 318 292 233 278 104 356  55 278   0   6  41 190
   217 329 177 181]
  [  0 369 187 365 278 374 261 246   6  38 139 293 335 311   0 302 184
   382 361 183  58]
  [  0 289 383 147 142  13 318  29 181 177 249  24 111 178 386   0 122
   163 391 213 213]
  [  0 339  61 380  17  80 386 260  90 365 253 335 121 320 272 383   0
   102 300 274 375]
  [  0   0 279  68 277 149 144  72 129 354   4 303 347 389 343 342 162
     0   0 100 182]
  [  0 297  14 343 244 253 242 314   1 287 154  36  89  86 243 344 214
    77   0 215 132]
  [  0 345 145  84 145 334  83  31 384 253 296  70  91  32 129 190  38
   158 164   0 350]
  [  0 211  18 138 306 341 349 292 271  95 118 369 288 201 349 234 386
   126  19 171   0]]

 [[  0  59 298 383  99 103 380 376 122 178 343 114 208  79 240 256 171
   233 287  51 239]
  [  0   0 223  65  35  77 100  52 384 362  97  61 157  66 144 110 253
   181  55  89 194]
  [  0 372   0 372 179 255  96  77 282 161 200 103 390 250 331 242 345
   147 330 280 186]
  [  0 268  81   0 271 154 111  21 186   1  94 151  23  28 259 325 265
   220 116 121 186]
  [  0 318 382 100   0 182  25 343 378 210 142 193 166 166 204 288 228
   111 247 204 126]
  [  0 386 120 281 135   0  63 377 129 154 122  55 191 358 330 227 350
   200 381 370 220]
  [  0 100 122 177 306   4   0  16 340 382  85 184 320  43 261 330 169
   227 290  92  74]
  [  0 109  26 103 249 197 278   0 299 127 194 371 113  58 165 304 346
   168 323 375 165]
  [  0 258  32   2 117 385  21 358   0 266 286 158 137 212   3 376 249
    45  54 352  86]
  [  0 116  46 107 369 282  76  63   7   0 386 308  63 313 103 162 152
   316 263 148 174]
  [  0 235 142 241 269 298 112 309 141 251   0   9  71   4 165  81  28
    38 340 270 350]
  [  0  65 334 278 200 268 209 312 248  19 317   0 133 136 348 199  59
   212 179 153  85]
  [  0 166 170 111   6  73 342  50 139 359 233 159   0 291 109  39 110
   364 324  59 215]
  [  0 302 282  78 343  27 270 113 161 182 189 343  97   0  26 198 198
    49 135   6 290]
  [  0  53 250  54 210 212 293  61 115  39 308 249 232 159   0 217 171
    57 279   8   8]
  [  0 190  15 137 190 374 171 204 203 239 226  10 333 125 112   0 260
   364 390 151 157]
  [  0  90 168 116 282  75 274 230 184 375 277 112 193 320 309 343   0
   157  87 185 310]
  [  0 308 363  42 331 339 207  38 361 117 291 390 165 142 380 301  46
     0 276 213 355]
  [  0 292  65  21 161 330 374 325 192 173 368 363 345 252 242 245  32
    72   0 113  94]
  [  0 335 217  84 120 395 347 110  27 271 147 293 137  58 218  52 193
   161 124   0 201]
  [  0  37 253 250 113 121 277 208 281 170 146 241 150 365 125 225 301
   296 390  55   0]]

 [[  0 357 134 395  36  76 310   9 276 195  47 161 144 219 300 230 207
   351 149 353 250]
  [  0   0  67 136 296 370 300   8 106 125 111 230  96 343 315   3  84
   380 380  34  50]
  [  0  63   0 280 291 253 341 365  89 253 304  37 162 368  43 188 301
   295 152 174 369]
  [  0  63 156   0 371 153 154 252  21 292 266 314 353 104 281  41 184
   110  32 338 364]
  [  0 176 129  13   0  10 210 146 230  28 144  40 293 146 222 392 374
   230 213  79  99]
  [  0 330 227 349 230   0 178  28 133 166 188 239 250 327 230 241  36
   275 252 334 298]
  [  0 375 348 159  96 119   0 278 331 216 373 124 131   0   6 195  23
   343  82 177  97]
  [  0   7 266   0 313   3 186   0 279  35 285  60 150 317  38 286 240
    56 317  57  16]
  [  0 107 351  40 262 256 294  24   0 112 219 356 353 231 330 319  43
   329 209 374 180]
  [  0 257 333   1   1 133 351 389 310   0 270 308 292  21 126  81 247
    51  65 391  99]
  [  0 193 131 240 277 266 249 228 257  51   0 171 281  60 358 223  64
   188 161 245 382]
  [  0  27 208 147  96  60 242 148 293 235 111   0 147 239 342  27 295
   151  24 369 177]
  [  0 127 133 322 119 272 358 344 129 105 161 136   0 219  57  62 389
   187 347 271 195]
  [  0 189 125 165 227 198 334  23  91 190 395 373 386   0 235  96 157
   157 254 198 284]
  [  0 155 158 152   8  52 133  90   7 291  10 108 307 298   0 253   1
   262 266 282 302]
  [  0 289 373 301  17 387 165 270 368 265 226  81 289 155   2   0  55
     3 374 309  58]
  [  0 155 147  41 123 367 236 224 104 285 383 142 234 189 302 198   0
   108 287 123 169]
  [  0  35 119 331 306 227 128 354  88  73 233  71 264 341 229 141  28
     0 262 287 161]
  [  0  87  84 254 158  36 194 329 214 102 139 175  80 375 191  56 129
   247   0 356 285]
  [  0 161  54 370 226 155 345 106 204 115 120 343 256 160 347 199  14
   152 209   0  26]
  [  0  28  92 190 367 335 266 149  45 368 335  61 338 267 148 330 183
   140 104 129   0]]

 [[  0 175 240  94 112  31 135 202 370  13   3  45 346 189  75 185 103
   283 244 280 352]
  [  0   0 163 256  95  44 284 380  52 320  34 345 195 372 233 316 122
   133 138  40  10]
  [  0 324   0 346 146 289 129  19 252  68 385 228 256 301 253 180 391
    82 394 299 114]
  [  0 209 129   0 359 156 267 108 305 216 131  70 205  64 222  65 390
   346  72 262 315]
  [  0 249 338 352   0 174 297 304  56 172 286 199 240 395 107 371  44
    74 241 108 287]
  [  0 223 344  93 373   0 125  62 246 224 309 135 298  60  98 228 247
   238 258  79 128]
  [  0 174 344 201 292 223   0 213 242 345 160 146 310 211  59 197 270
   275 185 246 343]
  [  0 307   3 104 295  60 308   0  49 316 299  10 275 133  54  27 155
   170  16 388 250]
  [  0 132 246 384  85  43  31  69   0  45  91 113 230 184 163  56 198
   200  21 355  88]
  [  0  93 393 144   1  90  64 288  81   0  91  60  63  92 242 331 326
   317 118  84  18]
  [  0 144 142  40 265   9 322 395 368 370   0 253 280 340 107 353 169
     3 351  80 118]
  [  0  59 196 340 297 226 323 141 382  27 157   0 108 185 110 280 143
   335  29  73 339]
  [  0 244 379 165 192  94  59 371  19 238 117 153   0 300 301 249 142
   289 134 138 391]
  [  0 286  64 181 294  33 286 111 384 359 122  47 199   0  38 331 350
   346  45 324  71]
  [  0 140 286 215 292  46  64 259 104 372 286 395 356 326   0 380 158
   326 384 322 287]
  [  0 196 130 363  20 165 126  95 122 142   1 172 330 244 111   0  43
   356  86  95 323]
  [  0 366   9  15  15 279 301 104 258 383  12 370 137 369 280 121   0
   123  49 130 334]
  [  0 168 322 274 220 144 191  79 132 237   4 211 301 256 271 292 337
     0 359 370 312]
  [  0 255 151 258 255 103  14 236 134  72 314 226  35 155 208 114 292
   186   0 246 299]
  [  0 142 123 124  68 293 342  76 355 150 365 264 333 290 143  51 245
   331 270   0 345]
  [  0 151  64 214   4  89 156 111  98  85  78 286 261 340 173 245  78
   294 372 185   0]]]
release_time
[  0  55  65  62  58  70  20  96  21 197 207  63  15  79  48  92   1  69
  16 158  58]
due_date
[  0  80  80  80  86  89  92  99  89 223 221  94  80  88  86  94  86  91
  86 236  98]
unit_emission
[19 10  7  2]
emission_limit
11489.2
setup_severity
2.0
due_tight
0.9
due_range
0.25
release_tight
1
degree_constr
0.8
