mach
4
job_rate
5
weight
[ 0  5  8 10  9  1  1  7  2  6  5  6  7  9  1  8  2 10  4  9  6]
proc_time
[[  0 134  66 117 145 121  92  67  95  81  85 131  53  91 149  76  87  66
   70 110 105]
 [  0 122  91  55 110 131  92 107  72 127 139 103 113 125  97  93 101  51
  129  99 108]
 [  0  98  75 109 141  54 131  93  67 131 137 138 124  76  74 132 109 116
   73 149  63]
 [  0 113  73  79 113  85 149 136 100 104 103 124 115 106 146 116  62  84
  114  67  69]]
setup_time
[[[  0 258   9 187 200 406   3 242  81 195 337 135 217 109 254 291 284
    10 128 181  26]
  [  0   0 362  20 338 367 124  89 203 245 368  78 334 171  69 329  56
   115 179 390 245]
  [  0 280   0  28 175  81 192 397 358 168 347 233 154 119 373  63  77
   286 393  35 231]
  [  0 214 170   0  54 181 266 259 292 301 112 347 243 137 285 341 318
   184  68 259 226]
  [  0  11 117 143   0  27  15 290 380  45  70 162 189 248  60 254  65
    39 390 211 155]
  [  0 339  71 292 329   0  84  31 116 210 321 192 270 361 344 364   1
   408 344 271  43]
  [  0 276 284 241 143 383   0 323 222  80  37  31 238 167  99   0 180
   275 348 396  31]
  [  0 115 248  64 392 284 160   0 245   7  73 179 294 271 127  92  36
   367 159  23 176]
  [  0  42 167  70  78 291  53 168   0 387 282 373  29 199 401 117  28
   304 164  46  50]
  [  0 207 291 140 109  53 267  83 198   0 292 141 231 276  44 125 280
    77 355  39 252]
  [  0 229 325 123 112 106 378 109 100 331   0  34 271 406 390 334 386
   325 201 214 375]
  [  0  84 118 187 188  68 195 344 259 279 323   0  77 293 302 136  92
   169 139  99  97]
  [  0 209 295 252 261 195 253 216 379 358 279 142   0 398 125  76 219
    58 332 372 197]
  [  0 328 118 386 365 236 121 377 145 225 211  95 324   0  73 374  35
   212   4   6 304]
  [  0 174 251 206 103  13 181 152  53 195 140 326  37  13   0 243 288
   229 269 212 121]
  [  0 235 258  15  94  51  29 155 192  98 186   2 230 397 384   0 189
    45 281  24 173]
  [  0 355  80  86 346 180  65  30 142 312 129  55 274  69  22 233   0
     6 119 305 157]
  [  0  88 390 238 201 293 183 267 373  94 365 306 175 203 210  71 286
     0 177 145 225]
  [  0 380   8 273  85  60 351  30 391 135   8 352  77  61   3  35  35
   397   0 299 294]
  [  0 104  49 240 270 108  62 352 397 291  44 145 134 393  75 200 127
   342 396   0  82]
  [  0 265   5 174 344   0  42 268  19 113  48 404  98 222 120  49 158
   143 192 194   0]]

 [[  0 395 120 354 160  50 173 297   6 333  87 116  13  45  84 126 266
   344 224  51  11]
  [  0   0  93  40 358 206 296 284 388 359 389 194  16  17 239 154 175
   324 127  26 277]
  [  0 286   0 366 142  47 351 374 156  58 153 304 300 161 289 201 180
    91 347 238 126]
  [  0 351 313   0 180 221 387 141 323 204 221 173   8 322   4 285 328
   309  76  80 333]
  [  0  67 323  58   0 372 166 296 257 325  91  43 394 193 341 388  60
   404 290 169 330]
  [  0  38 334 225 388   0 205  23  88 396 325 168   2  81 342  22 284
   321  38 306  51]
  [  0 321 365 191 340 260   0  16  24  73 311 171 251  41 205 364 173
    69 177 280  28]
  [  0 213  16 136 349 160 120   0  18 395 159 262 150  27 111 312 306
   164 154  52  92]
  [  0 149  26 180 240 190  87 308   0 158  31 179 147 220 328 264 408
    42 129  15 331]
  [  0 302 285 353 137 158  99 365 343   0 292 151 280  49 207 145 161
   212  46  90 356]
  [  0  44 118 248 265 372 387 224 123 383   0 250 201 395 285 237 155
    91 369 231 402]
  [  0 343 330 242 328 378 194 300 322 141 400   0 268 194 343 400 253
   109 342 325 237]
  [  0  21 357  80 329 365 319 185 310 209  12   3   0 119 170 298 180
   291 228   5  60]
  [  0 382  65 252 212 361 342 368 172 308 303 127 365   0 119 259 345
   260  95 323 168]
  [  0 325 266 295   2 350 390 317  92 277   7 365 262 401   0 407  78
     6 169 400 162]
  [  0 247  44 377 379  74 188   2 347 313  53 375 173 142 127   0 401
   161  88 301  49]
  [  0 373 335  60 283 276  45 192 138 315  15 378 160 301 398 388   0
   266 272  99  29]
  [  0  82 245 326 290   9 339  78 144 118 338  42 381 386  60 144 327
     0  67 360   6]
  [  0 305 405  51 374 112 406 164 205 392 395 243 295 114 285 183 222
   361   0 288 377]
  [  0 179 244 322 380  55 408  23 376  84 265 350 382  24 122 114   9
   150 133   0 113]
  [  0 400   1  68 296 342  42 253 158  12 327 284 149  17 131 380 267
   272 290 331   0]]

 [[  0 193  17 263  17 279 387 408  74 228 231   5 310 245 267 241 128
   200  34  84 194]
  [  0   0 400 184  85  80 321 135 320 365 390 239 273   0 285 352  84
   358 225 111 260]
  [  0 170   0  62 348 214 345  20 282 263 113 317 386 100  20 198 308
   227  43 127 357]
  [  0  45 287   0 322  76  54 174 400 360 113  20 263  95 194 283 355
   269 172 351 108]
  [  0 365  80 372   0 280  46 143 202 106 352  38  94 363  75  44 353
   197 281 329 315]
  [  0 206 176 202 394   0  28 121 203 179  45  28 132 129 257 334 185
   355 144  25 364]
  [  0  11  68  70 105 310   0  61 349 207 355 279 311 281 174 383  17
   248  51  33 294]
  [  0 138 248 171 256  25  79   0 349  76 347 172 378 190 230 114 201
   346 225 144 361]
  [  0  78 125  69 249  94 302  95   0  99 308  49 248 149 145 290 120
   347 327  25 307]
  [  0 347 271 237 214  20 274 283 230   0 314  27 240  57  73 184 245
   390   0 284  30]
  [  0 119  55 236 124  49 282 395 381  20   0  54 115 312  89  86 285
   242 326 205 399]
  [  0   4 112 104 323  95 188 138  71 133 255   0  76  45  43 153 280
   332  28 262 114]
  [  0 178 310  86   0  17 389 326 118 286 307 300   0 133 130 254 118
   116  31 386 249]
  [  0 106 229 216  51 219  34 397 286 119 190 364 294   0 372 314  21
   310  75  87 145]
  [  0 373 206  98 199  81 316 278 398 115  35  96  86  29   0 290 346
   124  14  31 285]
  [  0 230 289 211 215 334 246 367 232 227 152 372 315 208 198   0 227
     9 233 294  78]
  [  0 325 333 209 306 295  60 395 131 274 393   0 259 306 242 143   0
   292 132 323 408]
  [  0 200  78  59  46 344 150 141 190 150  84  50  71 383 216 260 398
     0  24 281 182]
  [  0 380 335 263 276  23  89 380  21 321 195 402 385 283 169 120 202
    16   0  36  84]
  [  0 124 323  66  84 150  52 181  40 272 244 340  79 385 175 335  23
   283 395   0 102]
  [  0 203 174 254 386 272  11 143 117 226 287   7 399 324 358 278 296
   282 210 203   0]]

 [[  0 393 366 270 174 294  74 166 272 322 158 406 100 287  57 366 179
   307  22 151 131]
  [  0   0  36 280  71  65 159 154 280  75  27  77 137  40 326 219 346
   271 139 295 210]
  [  0  39   0 100 253  20 130 168 308 369 379 173  81 150   6  32 144
   378 207 252 303]
  [  0 183  20   0  34  94 221  80 299 329 144 135 260 181  73 239 293
   140 315 377 235]
  [  0 145 199 186   0 323 398 338 186 172 347 123 219 195 270 201  69
   168  21 269 119]
  [  0 137  20 293 151   0 392 285 346  62 306 220 317 153 318 249 311
   129 382 141 260]
  [  0 178 238 329 211 164   0 309 286  30  38 248 232 286 164 265 321
   151 375 269 377]
  [  0   1 214 379 102 379 170   0 387 325 146 241 301 188 259  28 252
   171  11 234 286]
  [  0 299 302 287 245 394 327 149   0 253  31 341 130 236 344  39 185
   227  86 210  67]
  [  0 240  43 212 144 208 194  68 162   0 208  90 260 318 299 397 149
   157  99  32 178]
  [  0  76  68 200 289 349  82  26   7 153   0 116 297 336 253   6 397
   171 325 157  35]
  [  0 365 103 245 281  56 199 387 347 104  41   0 131 398 107 187 292
    33  59 193  54]
  [  0 119 148  65  48 234 394  19 108 303 142  36   0 305 310 348 299
    78  55 380 270]
  [  0 159 171 270 275 217 401 375 158 243 200 299  47   0 294  69  96
   341 364 391 218]
  [  0  67 137  92  11 309 233 306  50 363 236 323  14 188   0 274 287
   198  26 281 376]
  [  0  68 281 260 182  13 405  11 145  28   5 364 115  14 277   0 178
    23 285  38 303]
  [  0  41 366 273 322 168 112 328 251 372 335 218 261 296 154 127   0
    35 142 341 118]
  [  0 400 289 222 158 139 152 376  34 322   2 352 121 401 374 266  63
     0 165 106 284]
  [  0 147 390 387 184 387 343  89 236 407 334 345 201  13 292 126 202
   242   0 356 400]
  [  0 263 378  41 222 297 344 283   2 171 173 141 372 184 280 193  96
   123 341   0 208]
  [  0   4 344 144  66 201 302 142 186 151  84  74 325 171 179 374   5
   329 375 339   0]]]
release_time
[  0  22   7 191  10   2  87  80  68  80   7  77  86  42  61  92  27  27
  62   0  13]
due_date
[  0  82  83 294  79  89  88  93 130  80 230  84  89  92  92 102 101  93
  86  84  98]
unit_emission
[10  8  4 15]
emission_limit
9066.2
setup_severity
2.0
due_tight
0.9
due_range
0.25
release_tight
10
degree_constr
0.2
