param: 
proc_time: (1, 100)
setup_rate: 0.5
setup_time: (15, 30)
delivery_time: (1, 30)

mach
8
job_rate
8
fam
3
setup_rate
0.5
proc_time
[[  0   9  33  85  47  49  56  22  49  68  99 100  26  46  27  30  91  80
   21  59  80  99  56  51  57  63  83  37  79  51  76  43  87  15  94  82
   79  79   2  30  82  43  66  97  38  41  11  89  73  30  65  72  27  81
   64  10  65  38  72  98  54  61   5  80  98]
 [  0  22  33  94   3  74  57  41  91  60  10  32   1   1  43  54  73  51
   92  84 100  58  76  83  43  39  87   4  98  88  14  80  55   5  17  46
   45  86  44  55  80  37  54  51  83  71  30  22  17  22  28  96  62  41
   85  78  22  30  94 100   5  25  98  25  41]
 [  0  98  17  61  35  78  46  79   7  74   5  26 100  79   2  52  83  30
   63  87  97   6  37  49  32  54  58  51   5  21  10  31  40   8  43  58
   17  14  25  16   9  84  74  61  66  97  85  32  98   6   4  21  82   6
   51  54  33  16  81  85  74  17  90  25  41]
 [  0  65  32  90  96  90  57  66  65   9  31  56  78  97  81  28  57  31
    1  36  14   5  64  31  87  91  18   6 100  38  13  51  97  40  79  80
   50  85  21  92  60   1  36  68  41  32  18  61  42  20  42  92  91  36
   52  28  53  43  61  47  64  40  17  16  23]
 [  0  22   5  48  41  79  47   8 100  59  48  32  10  10  49  29  65  52
    6  49  87   9  81  21  79  37  17  15  99  88  10  35  91  76  43  64
   99  59  91  76  63  19  46  33  73  61  48  93  58  73  57  26  58  22
   46  84  14  21 100  26  85  73  47  10  54]
 [  0  11  70  42  95  44  91  46  83   8  75  42  77   4  59  85   3   5
   98  25  12  40  16  47  33  83  20  33  33  52  94  68  19  82  28  23
   66  63  83  64  97  78   5  99  98  85  53  51  61   9  95  53  43  70
   37  98  33  34  69  44  93  38  54  42  44]
 [  0  86  77  24  37  18   2  95   3   4  40  87  90  82   4  21  26  77
   32  82  29  31  63  14  14  16  93  27  82  28  94  13  77  70  49  38
   97  70  28  78  23  20   7  21  74   5  56  12  35  97  33  57  56  90
   30  80  25  78   1  22  43  74  19  11  60]
 [  0  28  91  39  97  99   4  32  63  23  44  57  59  69  88  61  66  61
   65  33  79  58  71   2  80  41  83  12  20   9   7  40  36  97  10  98
   66  78  71  37  53  47  36  92  78  44  98   7  67  74  40  28  36  44
   28  70  59  65  38  40  99  19  11  74  90]]
setup_time
[[[ 0 16 27 16]
  [ 0  0 26 28]
  [ 0 28  0 26]
  [ 0 20 18  0]]

 [[ 0 17 23 17]
  [ 0  0 19 30]
  [ 0 26  0 30]
  [ 0 25 21  0]]

 [[ 0 26 22 22]
  [ 0  0 27 17]
  [ 0 24  0 17]
  [ 0 15 28  0]]

 [[ 0 16 16 22]
  [ 0  0 27 29]
  [ 0 18  0 16]
  [ 0 21 29  0]]

 [[ 0 19 15 17]
  [ 0  0 26 25]
  [ 0 19  0 26]
  [ 0 17 21  0]]

 [[ 0 20 27 15]
  [ 0  0 19 23]
  [ 0 16  0 19]
  [ 0 30 17  0]]

 [[ 0 29 15 25]
  [ 0  0 21 17]
  [ 0 24  0 28]
  [ 0 30 22  0]]

 [[ 0 17 26 15]
  [ 0  0 25 19]
  [ 0 26  0 28]
  [ 0 27 26  0]]]
delivery_time
[[ 0 11 25 12  2 20  6 17 10 16 26 19  1  5  3  9 14 26 14 28  7 28  2 17
   9 26 14 30 13 30 30 11  3 26 10 27 24 12 20 11  7  6 18 29  5 18  6 30
  15 16  6 22  2  6 12  9 10 24  1 23  5  8  9 23 22]
 [ 0 27 28 27 16 11 14 22 19 11 21  7  5  7 19 25 19 29 29 21 18 15  2 19
   5 15 11  1 23 22 30 19 25 28  3 18 19  9 26 23  2 16  6 23 27 30  1 11
  10 30 28 28 29 29  9  1  4 11 20 23 18  6  7 29 29]
 [ 0  6 10 15  6 22 26 26  3  5  6  2 28 12 17  2 29 28 14 22 15  6  3 25
  23 17 13  6 22  6 26 22 13 22 14 14  1  8 28  8 13 16 15 29 17 23 20 17
  18 22 21 20  5 13  4 23  9 10  8  5 16 18 24 16 16]
 [ 0  5 19 25 26 26 11 22  8 23 17 17  3 28  3 25 10  8 12  8 12 14 29 16
   9  2 20 13 20  2 22  7 17 10 17  9 22 28 29 21  1 27 19 16 21 11 14 12
   5 16  8  1 10 26 23 10  8 23  1 25  8 20 26  9 10]
 [ 0 12 14 11 13 29 18 13  8 29  2  1 30 19 21 22 11 27  9 26 11 23  6 15
  27  5 20 12 10 10  4 28 23 18  8 13 23 20  4  3 28 28 27 25  4 16 19 14
  19  1  5 18  9 11 28 13 25  7  4 27  1 12 25  1  3]
 [ 0  9 22 22 18 21 27 22 19 16 18 10  1  6 27  7  5 14  6 22 20 17 10  8
   1 20 16  1 24 29 20 26  7  3  4 29  9  5 29 27 10 16 29 14  2 15 10  9
  21  3  9 24 23 25 22  1 16  4 11 17 30  4 21 29 24]
 [ 0  9 15 20 14  5  9 23 26 13  5 28 18 18 10 20 19  5 14 13 23  6 21 13
   7 26  3  2 21  4 29  5 27 15  3 14 11 22  6 27  2 27 14  4  6 20 18  7
  15 17 15 26 26 26 21 16 23 19 20 29 18 22  7 28  5]
 [ 0  6 13 14  7 26  1  1  9 13 24  2  4 13 12 17 27 29 12  1 13 21 12 18
  22 15 28 23  2 11  8  3 21  3  6  7 23  4  7 20  3 23 29  9 14 26 25  1
  28 16 29 21 10 13 13 22 13 17 28  5 10 24 16  3  1]]
job2fam
[[1 0 0 0 0 0 0 0 0 0 0 0 0 0 0 0 0 0 0 0 0 0 0 0 0 0 0 0 0 0 0 0 0 0 0 0
  0 0 0 0 0 0 0 0 0 0 0 0 0 0 0 0 0 0 0 0 0 0 0 0 0 0 0 0 0]
 [0 1 1 1 1 0 0 0 0 1 1 0 1 0 0 0 0 1 1 1 1 0 1 1 0 0 0 0 0 1 1 1 0 0 0 0
  0 0 1 0 0 0 0 0 0 0 0 0 1 0 0 1 1 0 0 0 1 0 1 0 0 0 0 1 0]
 [0 0 0 0 0 0 0 0 0 0 0 1 0 1 0 1 1 0 0 0 0 1 0 0 1 1 1 1 0 0 0 0 0 1 1 1
  1 1 0 1 1 1 1 0 0 1 1 1 0 1 1 0 0 0 1 1 0 1 0 0 0 1 1 0 1]
 [0 0 0 0 0 1 1 1 1 0 0 0 0 0 1 0 0 0 0 0 0 0 0 0 0 0 0 0 1 0 0 0 1 0 0 0
  0 0 0 0 0 0 0 1 1 0 0 0 0 0 0 0 0 1 0 0 0 0 0 1 1 0 0 0 0]]
unit_cost
[10  7  8 11 11  7  7  8]
pre_factor
1.0
