param: 
proc_time: (1, 100)
setup_rate: 0.5
setup_time: (15, 30)
delivery_time: (100, 200)

mach
8
job_rate
8
fam
3
setup_rate
0.5
proc_time
[[  0  17  97  17  73  88  21  14  25  98  12  22  41  57  12  81  96  74
   76  52  29  20  58  33  34  33  27  11  39  91  64  69  86  60  90  97
   84  37  98   3  85  18  90  52  16  88   1  47  70  50  85  15  27  37
   22  60  85  60  60  78  34  89  21  96  18]
 [  0  15  12  25  88  54  12  38  51   9  88 100  77  85  56  90   4   2
   76  31  72  32   6  38  98  65  57  97  22  86  26   1  13  71  54  25
   68  30  79  26  85  30  57  31  89   6  43  67  60  86  58  97  10  38
   26  31   8  13  80  64  79   4  94  25  24]
 [  0 100  87  81  83  88  59  60  85  14  57  36  89  98  36  86   9  45
   50   7  84  42  30  94  44  40  15  35  30  10  11  52  52  69  40  44
   58  32   2  39  49  14  78  94  93  29  31  86  18  68  50  16  33  36
   48  87  38  85  23  43  78  34  94  84  28]
 [  0  90  23  35  21  48  73  46  44  32  24   8  81  22  37   8  47  66
    4  15  36  13  32   8  13  17  40  43  88  49  74  77  30  48  85  78
   84  27  20  92  50  61  49   2  99  11  17  40  58  65  72  75 100  37
   17  44  17  99  18  21  93  31  55 100  51]
 [  0  90  99  75  43  15  55  45  49  71  57  13  52  86  64  12  10  94
   20  25  38   7  25  35  89   4  16  60   6  21  71  27  59  17  58  46
    1  21  42  44  13  43  43  34  78  41  79  95  29  67   6  74  69  87
   86  43  38  27  55  16  69  22   6  11  42]
 [  0  46  14  28  80  39  23  52  23   7  22  26   2  41  49   5  97  71
   48  61  89  98  26   8  56  86  60  96  15  22  61  18  73  74   5  30
    4   9  49  19  99  17  69  91  18  29  43  84  89  91  78  75   1  50
   79  16  42  54  70  25  22  58  36  68  66]
 [  0  10  57   2  44  89  79  62  86  85  53  83  90  20  63  10  62  13
   85  22  92   8   3  76  87  74  98  33  27  35  50  92  69  32  32  88
   91   8   7  13  39  37  58  50  57  19   4   2  53   9  47  41  30  87
   94  85  64  45  40  70  41  21  76  79  10]
 [  0  20  64  73  78  30  79  18  52   1  48  52  16  61  25  47  86   7
   44  68  30  12  64  46   1  77  82  74  96  98  17   2  67  46  32  73
   42  98  76  14  86  93  65  41  30   1  63  52  60  16  48  94  99  40
   60  62  32  27  13  90  46  92  21  31  13]]
setup_time
[[[ 0 30 29 17]
  [ 0  0 28 15]
  [ 0 18  0 28]
  [ 0 30 20  0]]

 [[ 0 20 23 20]
  [ 0  0 25 23]
  [ 0 20  0 23]
  [ 0 19 16  0]]

 [[ 0 30 19 27]
  [ 0  0 18 29]
  [ 0 15  0 27]
  [ 0 26 23  0]]

 [[ 0 22 20 22]
  [ 0  0 29 15]
  [ 0 19  0 27]
  [ 0 20 29  0]]

 [[ 0 18 25 29]
  [ 0  0 22 26]
  [ 0 17  0 25]
  [ 0 22 23  0]]

 [[ 0 24 16 30]
  [ 0  0 20 19]
  [ 0 24  0 16]
  [ 0 16 16  0]]

 [[ 0 15 25 29]
  [ 0  0 16 23]
  [ 0 16  0 22]
  [ 0 15 19  0]]

 [[ 0 18 24 29]
  [ 0  0 19 29]
  [ 0 19  0 19]
  [ 0 26 23  0]]]
delivery_time
[[  0 184 132 154 175 174 166 114 144 180 200 163 199 173 118 111 186 178
  187 131 155 184 193 161 151 195 101 200 197 185 132 142 174 128 151 145
  139 194 106 118 163 148 143 188 130 174 179 116 153 105 120 159 144 173
  171 164 158 167 187 133 122 189 128 131 189]
 [  0 113 184 119 158 132 118 101 184 101 140 113 106 107 145 110 198 191
  182 132 114 120 190 103 172 168 121 106 124 155 197 189 102 191 196 132
  152 136 185 116 119 191 146 191 122 192 148 168 137 153 111 126 159 145
  124 117 114 186 167 100 187 170 100 182 107]
 [  0 117 182 114 164 194 170 185 194 194 137 102 125 130 133 179 183 145
  186 134 198 159 128 106 117 170 122 146 162 178 117 177 176 133 114 130
  148 170 137 102 160 195 132 122 121 109 108 123 147 195 177 196 166 142
  199 120 159 196 157 114 134 101 190 121 106]
 [  0 159 194 187 144 195 157 106 169 134 178 108 154 185 105 111 144 174
  171 182 134 120 100 102 166 169 185 196 150 153 173 185 100 138 182 116
  166 116 147 165 133 105 196 130 182 151 140 125 168 113 117 155 189 155
  150 143 109 119 193 122 118 130 175 186 175]
 [  0 119 112 102 126 165 105 176 171 108 149 151 100 175 155 135 121 134
  123 134 149 149 174 120 191 124 162 185 147 170 162 124 175 179 181 181
  129 175 194 170 188 119 118 167 187 180 108 174 103 179 153 117 179 178
  137 146 161 175 175 124 158 116 139 177 101]
 [  0 160 177 174 154 200 147 144 191 101 134 139 121 140 176 155 198 174
  171 105 129 172 100 185 147 200 183 184 161 116 127 159 130 169 111 169
  141 158 174 118 158 196 176 122 131 195 115 154 176 109 197 128 142 161
  132 128 152 144 181 179 160 200 144 117 117]
 [  0 135 156 139 188 123 157 107 157 124 165 132 195 125 137 105 146 181
  160 139 170 188 131 119 120 124 178 183 175 186 137 199 130 141 177 111
  141 169 120 196 191 188 139 187 130 194 185 176 182 149 196 160 139 140
  125 177 154 200 155 170 106 185 135 138 163]
 [  0 112 112 191 141 170 156 194 165 113 184 122 149 129 183 147 145 156
  168 163 178 165 181 142 179 174 159 144 193 108 170 134 177 147 118 177
  168 125 104 120 178 165 170 163 105 146 141 161 170 139 154 136 107 139
  101 145 104 125 107 171 181 144 118 106 155]]
job2fam
[[1 0 0 0 0 0 0 0 0 0 0 0 0 0 0 0 0 0 0 0 0 0 0 0 0 0 0 0 0 0 0 0 0 0 0 0
  0 0 0 0 0 0 0 0 0 0 0 0 0 0 0 0 0 0 0 0 0 0 0 0 0 0 0 0 0]
 [0 1 1 1 1 1 1 1 0 0 0 0 0 1 0 1 0 0 0 1 0 0 0 0 0 1 0 0 0 1 1 0 1 0 0 0
  0 0 0 1 0 1 0 0 0 0 0 0 1 1 1 0 1 1 1 0 0 0 0 0 1 1 0 1 0]
 [0 0 0 0 0 0 0 0 1 0 0 0 0 0 0 0 1 0 0 0 0 0 0 1 0 0 1 1 0 0 0 1 0 0 0 0
  0 1 1 0 0 0 1 1 1 1 1 0 0 0 0 1 0 0 0 1 0 1 1 0 0 0 1 0 0]
 [0 0 0 0 0 0 0 0 0 1 1 1 1 0 1 0 0 1 1 0 1 1 1 0 1 0 0 0 1 0 0 0 0 1 1 1
  1 0 0 0 1 0 0 0 0 0 0 1 0 0 0 0 0 0 0 0 1 0 0 1 0 0 0 0 1]]
unit_cost
[20 17 18 16 20 16 21 19]
pre_factor
1.0
