mach
4
job_rate
5
weight
[ 0  3  4  9  2  5  7  1  9  2  7  4  9  8  8  7 10  8  5 10  1]
proc_time
[[  0 112 100  85  65  83  94  66  66  83 139 116 105 137  95 100  53 104
   89 117  73]
 [  0 147  56  89  55 105 144  79  64  71  71  55 120 117 122  66  52  68
   99 123  88]
 [  0 113 112 103 147  56  94 103  53 110  58 106  73  50 114 126  60 143
   66  96  50]
 [  0 135 119 120 131 114 101  62  54 137 108 149 108 119  83 149  92  56
  135  74 143]]
setup_time
[[[  0 253 365 352 108 294 312   7 269 246 181 237  22 190 206 370 187
   113 340 257  91]
  [  0   0 240 180  44 222 143 225 122  98 223 153 103  90  62 189 215
    80 132 337 195]
  [  0 120   0 326 106  93 103 194  90 299 254 140  68   2  46 199 108
   143  80 271 193]
  [  0 216 190   0 155 278 160 123 129 340 173 271 148 189 356 323  33
   287 336 339 355]
  [  0 230 198  23   0 256 184 298 237  13 292  95 359 319 202 214  19
    34  77 261 152]
  [  0 283  24 262  22   0 177 280 149 283 301 284 115 200 158 133  33
    46 330 354 246]
  [  0 122 273 243  57 185   0  46  84 246 211  93 247 118 377 206 343
   229 319 327  52]
  [  0 224 258 347  19 164  60   0 109 102 246  26 223 232 280 122 149
     6  65  80 184]
  [  0 249 183 176 206 174 217 282   0  91  23 380 369  50 132 145  34
   354 139  74 252]
  [  0 336 198 280 317 233 171 299 159   0  90 163 170 339 254 334 108
    25 330 150 265]
  [  0 134 163  58 204  73 373 328  99 329   0 140 305 175 204 352  38
    23 144 100 334]
  [  0  24 326 121  94  85 121  79 174 261 143   0 119 207  37  90 345
   335 313 148 283]
  [  0 383 338 166  66 167 335 158 362 243 178 251   0 280 224  85 295
    29  39  35  73]
  [  0 340  38 247  41 230  69 177 333 358 220 300  23   0 341 298 141
    74   8 357 263]
  [  0 361 251 230 275  70  67 353 206 161 301 117 205  40   0 187  99
    91 366  90  28]
  [  0 274 192 384   8 306  74  26 319 289 110 293 150  25 102   0 139
   344  13 335  35]
  [  0   0  37 380 133 351  91 173  13 371 180  20 233  79 169  26   0
   281 251 222 108]
  [  0 233 244 175 208  23 210 107 160 127 127 340 340 362  65 154 132
     0 187 257 205]
  [  0 204 336   6 172 309 284 317 176 329 244 117  79 318  48   2 214
   147   0  90 237]
  [  0 273 285 202  54 123 362 308  56 280 278  89 177 339 113 348  53
    93  79   0   0]
  [  0 191 370 303 109 256  85 370  88  58  72 158  66 127  51 136 237
    15 305 146   0]]

 [[  0 297  91 108 285 381 310 150 317 123  55 244 362  34 362  18 229
    57 248 115 107]
  [  0   0 254 135 148 256 191  62 383 226 342 288 173  96 170 170 276
     5  68  35  46]
  [  0 298   0   6  52 311 132  96 247 109 289  85 363 200 186   3  74
   318 252 198 152]
  [  0 194 266   0  21 209 250 204  23 106 198  81 245   2 171 276  30
   278 320  64  51]
  [  0 121 200 258   0 181 376 323 187 221 170 383 308 132 183 284 222
    38  35 137 188]
  [  0  27 209 146  65   0 380  88 257 193  15 264 384 197 232 136 169
   108 253 141 349]
  [  0 357 251 178 377 313   0  33  93 198 164 359 256 278 259 275 345
   242 244 239 218]
  [  0 191 365  93 313 332 349   0  58 378 286 252  26 285   2 291  53
   204 129 120 383]
  [  0 284 219 360  73 158 211 278   0 208 287 100 225 170 217 165 245
   379  73  22 290]
  [  0 150 219 381 344 336 112 181 162   0 288  21 194 273 241 335   1
   194 309 372 100]
  [  0  66 167 266 263  83  35 119 104 329   0 325 187 329 338  56 303
    74 346   9  25]
  [  0 361  92 125 230 384  23  66 155  73 286   0 259 155 148 262 297
   222 366 155 284]
  [  0  66 340  14 167  62 302 160  93 242 304   6   0 291 147  81 163
   183 175 378 279]
  [  0 276 130 332 252 371 360 227 245 375 241 110  18   0 140  11 112
   302 378 236 215]
  [  0  78  79  33 243   6 338 169 267  26 217  21 349 328   0 236 139
    76 205  69  36]
  [  0  44 191 317 183 381 363  33 327 351 325  85 232 229 195   0  91
   267 344 385 164]
  [  0 111   4 296 144 159 232 267 126 317 322  80 363 319  84  78   0
   193 146   2 299]
  [  0 364  95 225 142 320 227 260  43  46 140  74 355 124 138 113 119
     0 206 365 100]
  [  0 385  63 108 381  53 280 131 181 249 256  95 229  94 120 315  62
    77   0 194 144]
  [  0 292 179 188 343 358 315 287 299  52  36 142 272 302 252 157  92
   222 171   0 318]
  [  0 366  77 380 230 140 303  85 127 334 229 285 350  76 349 340 201
   251 377 236   0]]

 [[  0 211  80 114  15 204 166 339 226 276 138 112 239 217 249 173 186
   377  54  85 344]
  [  0   0 312 277 379 115 287   4 237 128 142 168 186 339 179  95 375
   102 139 134 208]
  [  0  73   0 277 264 165  27   3 126 326 277 202 253 222  36  46  60
   205  41 284 334]
  [  0  45 212   0 157 284 300  80 352  67  13  66 303 188 340 156  72
   175  18 145 235]
  [  0   5 325 137   0 187 385 213 278  49 317 147 150 302 156 130 145
    80 255 306 373]
  [  0 323  86 138 298   0  26  79 194 306  43   6 262 190 107 114 293
    49 186 199 333]
  [  0 211  77 334 154  68   0 262 200 242 215 304 257 298  47 177 181
   216 113 150 322]
  [  0 368  30 372 314 323 213   0 296  47 269 309 232 278 235 119 298
   274 181 265  35]
  [  0  94  30 127 266   4 284 348   0 240 214 196 341 311 337  29 112
   339 238  81 305]
  [  0  62 113 286 380 368 314 233 262   0 122 229 355 147 366 188 218
   272 287 284 124]
  [  0 324  93 206 355  61  29 166  31 120   0   5 370 108  82  27 199
    16 298 289  20]
  [  0 310  27 110  23 299 115 271 292 169 364   0  26  55  42 243 179
   363 300 135 262]
  [  0  30  50 232 202 350 320  35 376 100 310 319   0 168  46  96 136
   322 165 378 133]
  [  0 230 302  46 366 233  16 364 235  55 318  45 197   0 279 174 122
   254  30 313  42]
  [  0  23 349 325 183 286 182 381 258  56 146 353  39 368   0 331 165
   248 249 154 212]
  [  0 351  67 102  61  43 310  19  65  87 331 368  54 132 371   0 311
   150 303  13 303]
  [  0  57  52 256   9 120 350 139 282 130 163  69 361 365  83  19   0
   100 119 135 319]
  [  0 304  42  55 127   8 385 146 385 251  20 350 279 119  73 144 351
     0  25 228 368]
  [  0 210 104  53 303 242 271 137 114  25 245 307 155 168 247  54 340
   296   0 191 172]
  [  0 176 235 370 120 236  45 274   3 130 363  96 112 342 361 201  98
    56 229   0   9]
  [  0 333 345 268  34  26 300  11 137  39 156 217 131 252  15  17 132
   315  56 355   0]]

 [[  0 134  46 297 264 137 332 246 384 367 119 202 173 273  46 286 271
    88 317 330  59]
  [  0   0  90 333 305 203  80 209 197  69 123  87  50 225 216  37 205
    18 354 296 124]
  [  0 278   0 160 151  91 321 209 376 119 114 187 165   4  30 146  12
   235 190 260 134]
  [  0 322  91   0 274 261 229 156 193 201 111 258 242 236 192 304 261
   235 350  25 258]
  [  0 149  60  82   0  61  68 359 213 275 323 259 147  16  32  17 134
   191 328 145  66]
  [  0   4 379  61 234   0  63 101 151 180  33 279 272 122  63  56 159
    27 301 297 173]
  [  0  54  94 370 249 352   0 246  32 336 375  25  58   7 264 362  40
   209  10 336 142]
  [  0 207 367 158  15 160  92   0 237 352 187 268 335  56 309  12  77
   177 332 320  84]
  [  0 281  58  12 263  89 148  65   0 144 206 141 146 382 106 192 141
   361 161 251  83]
  [  0 263   4 117 309 151 271 203 271   0 213  12  79 158 383   7 254
   170 124 357 344]
  [  0 276 216 362 189 327 150 209 341 288   0 334 216 384  91 380 325
     0  63 136 297]
  [  0  20  81 333 207  55 160 173  62 235 376   0 256 248  69 191 230
   276 358  17 161]
  [  0 153 266  37 254  49 172 269 240  50 339 371   0  20 239 203  51
   333   2 231 188]
  [  0  52  20 165   4 203  51 146   6  21 146 335 175   0 359  68 112
   188 120 142 242]
  [  0 181 266 239  56 227 207 128 210  94 379 256 175 157   0 361 318
   114 250 322 169]
  [  0 111  56 377 306 197 216  58 320  98 125 143 111 272  19   0 270
   118 140 116 189]
  [  0 287 110 135 211 191  27  67 272  88  98 129 141 254 143  32   0
    28 348  37 172]
  [  0 243 343 139 336 151 107 326 357  36  69  10  66 188 201 134 223
     0 176 261 164]
  [  0 138  59  22 345 344 202  66 256  93  92 111 385  13 275 108 200
   279   0 103 262]
  [  0 371  13 161  21  29  64  45 206 182 193 331 355 362  31  46   6
   252 175   0  95]
  [  0  82 313 218  32 379 364  76  34 146 157  73  90 277 199  21  51
    44  38 252   0]]]
release_time
[  0  29  67  53  38  31  35  26  78   9  41  64  37   3  99  60  45  54
  63 143  62]
due_date
[  0  89  83 105  90  90  83  86  93  85  74  83  92  86 222  83  84  82
  79 227  81]
unit_emission
[ 7 14 10 16]
emission_limit
13855.0
setup_severity
2.0
due_tight
0.9
due_range
0.25
release_tight
10
degree_constr
0.5
