mach
4
job_rate
5
weight
[0 9 5 6 5 1 5 8 4 4 8 8 8 4 2 4 8 1 3 2 2]
proc_time
[[  0 136 126 148  86  55 137  71 135 120  66  85  80  70 126 123 120  72
  141 149  74]
 [  0 139  83 140  55 137 126 115  50  53  77  90  80 144  86  88  94 105
   90  63  94]
 [  0 131 112 120  64  60 107 148 127 118  72 107  51 133 115 136 105  90
   54 134  83]
 [  0  94  76 136  74 136 141 125  96 128 114 125 102 149  79 139 111 121
   78  60  62]]
setup_time
[[[  0 118 357 260  12 250 335 335  57 277 279 230  53  61 176 104 321
   199 385 285 312]
  [  0   0 178 384 400 307 394 239 298 279 287 117  63 336 221 213  58
    95  49   4 175]
  [  0 129   0 407 100 115  38 167 324 155 132  57 338  87  92 371 186
   229 245  97 203]
  [  0 394 337   0  79  30 315  53 197  57 362 257 201 261 337 345 363
   332 325 359  77]
  [  0 301 266 112   0 238 132 148 315 237 105 307  91  80 295 137 215
   327 223 301 321]
  [  0  62 352 261 122   0 321 336 383  91 238 364 178 295 275  35  98
    36 116 336  32]
  [  0 150 298  93 184  79   0 229  79 152 358 203  35 209 267  45  66
   355  87 282 357]
  [  0 285 198 376 215  18 111   0 182 315 338  28 164 123  99 222  96
    28 250 113 276]
  [  0  60  14  71 305 143 146 134   0 105 117 218 233 266 198 409 222
    30 212  27 240]
  [  0 173 213   8  37  88 411 154 139   0 271 381  20 360  51  88 308
   227 171  77 345]
  [  0 124 310 213 275 394 203 271   6 175   0 252 302  53 235 187 307
   403  12 174 263]
  [  0 409 218 222 237   5   7  51  70 235 353   0  53   8  36 285 267
    48  57 220 295]
  [  0 360 126 345 100  41 348  64 357 331 150 122   0  37 269 292 198
     9 373 138 268]
  [  0 159 378  10 321   7  17 163  74 209 123  96 259   0 401 276   3
   231 113 127 408]
  [  0 333 309 206 119 175 104 236  74 121 394 183   2  74   0 411  79
    26 267 323  12]
  [  0 405 370 408 273  35 259 186 231 374 306   6 196  65  12   0  97
   239 221 247 267]
  [  0 194 249  13   6  82 277 219 300  77 315 274 264  51 374 336   0
   289 260 377  86]
  [  0 110 289 263 354  49 413 159 372 402 143 394 362  64 374 341 360
     0 253 400 221]
  [  0 363 357 319 321 335 246 181 256 299 258  35 329 381 114 283 206
   224   0 404 267]
  [  0 126 381  11 307 102 225 352 395 254 269 272 332 354  11 108 318
   247 194   0 119]
  [  0  99   1  24 317 386 321  89 353 279  91  72 240 319 132  46  59
    52  16 303   0]]

 [[  0 385 190   3   8 327 283 393 394 383 259 176  63 113  85 125 359
   181 186  45 104]
  [  0   0 254 230 329  35 380 268 246 208 380 226 231 273 352 356 224
   341 398  79 323]
  [  0 301   0  42 411 359   5 249  59 293 203 171 109 401 178 288 409
   389 289 274 346]
  [  0 174 120   0  76 213  62   6 171 236 119 141 126 295 409 341 262
   340  87 103   8]
  [  0 207 332 157   0 256 321 236 319  31 204   4 340 153  29 152  79
   205 323 149 409]
  [  0 135 411 407  54   0 141 383 138  93 215  49 175  78  36 318 102
   197 286 121 384]
  [  0 230  90 304   1  11   0 328 109 147 408  52 117 376 306 296 204
    21 103 192 273]
  [  0 163 184  39 413 167  18   0 375  55 259 125  37 307 159 193 314
   253  52 196 138]
  [  0 272 382 313 389 278 353 350   0  52 162  81 391 184 200  85 279
   205 367 144 257]
  [  0 270 172 152 272 115 246 154 127   0 218 186  12 317 363 177  13
   336 183  85 212]
  [  0 329 213 249 251 152 151 269   6 184   0  54  24   3  56 404 217
   190 388 287 153]
  [  0 210 206 103  76 162 240 121 327 228 347   0 316 268 169 312 193
   278 155 184  25]
  [  0 185 315 388 254 324 167 311 321 384 185  73   0 275 404 118 262
   207  65 264 369]
  [  0 396 361 266  31 115  89 404 146 296  35 211 148   0  66 413 286
    73 312 253 284]
  [  0 182 395 247  62 161 341 204 183 326 276 183 173 279   0 300 376
    78  62 373 190]
  [  0 321  24  39 171 158 181 342 322  13 168  21 410  69 399   0 399
    53 353  67 364]
  [  0 112 117  52 299 192 154 233 367 336 115 374 309 335 297 134   0
   171 208 377  34]
  [  0  14 324  62 192 225 238  89 351 248 226  48 108 287 286 290 313
     0 239 123 302]
  [  0 302  26 203  38  56 194 370  27 327  60 294  75 241 205 335 115
   340   0  49 101]
  [  0 362 268  83 346 287 311 214 223 322 163   1 313 334 153 308  63
   381   3   0 171]
  [  0  58  97 271 252 123 409  24 141 351 355 262 355   2 131 364 371
   176 181 383   0]]

 [[  0 249 270 233 388 209 183 111 165 314  36  24 118   3  79 386 315
   226  18  65 335]
  [  0   0 169  62  27 127  90 118 316 155 198 187 303 222  81  59 298
   385 366 326   5]
  [  0 375   0 130  55  68 396 147 104 186 175 137  23 210  27 223 110
    22 382 257 391]
  [  0 112 149   0 273 267 201 208 365  22  59 171 250 185 143  79 268
    73 343 325 185]
  [  0  49 148  68   0 307 302 389 347 153 113 295 374  61 119  19  38
   211 315 157 323]
  [  0 163 151  30 251   0 164 351 302 239 308  29 208 242 254 232  54
    39 271  92 196]
  [  0 130 345  28 281 236   0  75 346 282 281 286 104 400   9 198 377
   321 252 116 411]
  [  0 178  94 354 227 263 143   0 251 100 165  81  29  18 103 242 387
   250 200 171 238]
  [  0 215  68  97 294 111 103 248   0  18 283 244 141 100   0  24 239
   298  87 175 408]
  [  0  86 114 246 357  99  67 345   7   0 326 318 276   6 209 139 298
    91 334 204 269]
  [  0 215 134 182 393 302 220 364   2 269   0 109 217 257 335 395 285
   385 242  30 191]
  [  0 127 310 136 171   1 174 242 190 183  42   0 329 157 376 210 282
     5 208 119 129]
  [  0 293 251 290 313 237 308  71 213 309 130 183   0 324 241 131   3
   178 123 147 184]
  [  0 126 343 114 168 143 366 187 365 181 238 372 247   0 369 316 351
   322 311 254  66]
  [  0 359 382  41 321 339 104 291 248 282  11 123 101  55   0 151 220
    36 307 342 301]
  [  0 141 251 109 117 224 104 128 304 313  20  64 288 119 112   0 329
   307 125  51 181]
  [  0 225  17 197 283 341 402 119 346 233 353  41  48 112 383 164   0
    45 385 277 246]
  [  0 395  13 204 150  89 372 286 189 293 223 345  53 110 348 200 241
     0  47 376 393]
  [  0 391 306  34 223  85 341 194 131  53  38 168 272 111 407 137 108
    31   0 213 120]
  [  0  30 351 333 127 160 307  51 122 182 223 190 269  74  55 311 390
   246 191   0  45]
  [  0 261 156 245  81 177 202 378 244 225 265 340 178 117  67  78  47
   382 215 345   0]]

 [[  0 208  31 331 233 350 401 121 398 158  13 266 244 347 159 275  59
   374 286 265  68]
  [  0   0 269 406 334 315 390 305  84   8 383 356 311 261 272 128 230
   396 276 184 222]
  [  0  75   0 237 140  53 170 205  27  47 213 282 340  72 409  65 176
   186 108 244  90]
  [  0  60 209   0 230 254 128 111 223  66 276 136 327   8  11  20  22
   333 238 226 405]
  [  0 284 316 311   0 218 335 184  37 235 135 264 209 309  59 113 128
   183   9 151 238]
  [  0 137  39 138  46   0 355 274 370 403 376 109 105 368 152  29 405
   144 146  88 374]
  [  0  45  67 127 293 257   0 348 191 207   5 270 400 247  18 211  55
   185 401  72 144]
  [  0 315 172 322 199 280   7   0 403 223 196 239 109 343  73  16 366
    87  49 373 225]
  [  0 368  57  73 221 381 161 209   0 286   4 353 337 246 194  78   6
   118  67 237 199]
  [  0  95 127 275  67 207 132 104  72   0 297 103 262 138  48 175 293
    83 400 311 195]
  [  0 156 214 367  11 310  26 336 311 395   0  65 114 323 358  35 286
   373  92 189  50]
  [  0 218  48 190 301 218 331 119 317  76  11   0 134 383  86 304 112
   105 296 218 412]
  [  0 242 177  83 263  63 166 391 277 236 330  58   0 168  27  18 159
   346 316 200  13]
  [  0 163 207 203 142 266 209 188 389 390 392 214 342   0 211 389 281
   142 122 259 119]
  [  0 376 402 110 298 235  11 136  18 149   2 353 290  14   0  34 322
   222 193  71 151]
  [  0 383 304 399  19  22 400 149 222 260 302 403  33 308 350   0  41
   305 299 291  38]
  [  0 169 304  61  97 359 325 274 129 145 225  31 211 343 231  63   0
    18 134 292  17]
  [  0 381 233  30  93   3  91 373 370 346 241 266  86  42 212 157 133
     0 173  14 201]
  [  0 276 255 169 385 246 344 226  54 370  74 325 119   4 384 130  11
   224   0 179 190]
  [  0 102 300 122  66 279  29 221 177 148 116 145 144 131 240 387  81
    15  65   0  55]
  [  0 306 323 283  81  47 290 401 238 316 310 393 318 328 377 129  34
    93 313 127   0]]]
release_time
[  0  68  70  49  14  55  87  81  97  54  50   8   3  72 235  65  26  35
  83  60  14]
due_date
[  0  89 104  95  81  87 309  83 205  82  92  89  80  91 309  98  85 241
 100 220  91]
unit_emission
[18 19 14 17]
emission_limit
24784.4
setup_severity
2.0
due_tight
0.9
due_range
0.25
release_tight
10
degree_constr
0.8
