mach
4
job_rate
5
weight
[ 0  8  4  5 10  6  5  2  1  9  3  8  1  5  3  4  7  1  9  8  8]
proc_time
[[  0 121  87 123 146 110 146 150  65  92 110 145 107 146  70  63  62 129
  107  95  55]
 [  0 121  84 118 104  55 101  72  77 109  50  50 101 125  84 125 114 146
   84  90 146]
 [  0 123 107  91 131 125 119 110  56  60 102 135  60 111  52  55 137  92
  138  61 129]
 [  0 122  87 149  92 120  99 149  54  92 111 149  88 140  89  50 146 129
  108  94  76]]
setup_time
[[[  0  62 154 361 289 100 279 243 147 394 190 311 404 137 378   0 386
    40 165 185 397]
  [  0   0  11 144  14  99 180 257 133 394  99 383 317  25 204 227 115
   217 273 138  70]
  [  0 135   0 376 202 257 223  76 383 283 222 128 124 113 193 197 120
   363 146 200 162]
  [  0 362 217   0  36 137 268  20 254 256 106 383  85 177  82 167  56
   318 369 333 321]
  [  0 257 291  57   0 243 379 205 110 190  73  14 332 390 137 357 344
   386   3 101 180]
  [  0  64 170 346 410   0 287 286 275 316  50 199 285 316 137 101 359
   280 157 120 349]
  [  0  11 245 169 171 216   0 170 191 241 117 238 375 267 161 210 140
   355 186 267 388]
  [  0 261  76  73 174  30 263   0 184  82  75 227  17 202   9  20 221
   302 216 361 188]
  [  0  69 411  79 230 375 374 350   0 207 273 317 404 343 286 211  11
    65 146 107 374]
  [  0 312 251 187 194  40 195 110 152   0 111 384 248  66  10  77 392
    31 168  74 264]
  [  0   3 401 139 375 310 304  53 336 393   0 322 405 375 221 354 328
   301 219  68 174]
  [  0 192  11  54 109  92  49 319 185 411 164   0 238 373 272 237 235
   124 340 380 364]
  [  0   8 228 325  27 140 321 335 274  40 167 166   0 351 351  93 188
   154  64 285 277]
  [  0  36 393 127 175 163  87 147 259  50  86  69 204   0 384 155 158
   309 398 342 399]
  [  0 149  29 126  30 227 375 393 185  69  46  74 211  74   0  52  18
    70 211 403 309]
  [  0 243 382  26 159  35 113  24 162  90  30 287 270 122  48   0 213
   319 403  22 364]
  [  0  22 269   1 283 318  24 410 161  13  14 143 369 263  93  53   0
    94  30 244  65]
  [  0 106 380 317 247 279 207 268 282 162 133 293 329 298  45 238  90
     0  95  75 202]
  [  0 288 139 409 377 376 279  33 367  63 205 201 351 326 301 264 374
   103   0 346 119]
  [  0 334  12 134 334 340  90 233  65 275 126 209 346  34 334  73 161
   290 327   0 279]
  [  0 178 285 361 377 156 370 110 327  14   1 119 171 351 141 106 149
   296   7 119   0]]

 [[  0 297 100 370 115 289 259 240 104 121 256 101 380 368 397 340  77
   240 202 259  92]
  [  0   0 329 305 307 288  65 154  23  78 143  39 182  75 180  30  49
    13 145 108 351]
  [  0 199   0 115 103 228 373 183  42  68 360 210  96 283 271 148 118
   149 205 302  32]
  [  0 245 167   0 158 379 344 266 219 362 290  38 274 275  92 144 405
   205 102 269 390]
  [  0 133 342 163   0 273  98 287  66 284 189 189 158 306 281 208 365
   297 372 405 118]
  [  0 191  55 277  42   0 257 133 215   9  64  43   2 168 258 377 150
   141 356   3 140]
  [  0  39 360  58 203 199   0  56 306 174 127 134 147 394  42 337 147
   261  52 107 302]
  [  0 189  44 238 215  99 290   0 107 379 307 344 165 233  58 382 207
   369 346 181 206]
  [  0 136  49 195 397 286 274  28   0 303 128 403 393 114 358 196 222
    47 359 394 246]
  [  0 257  73 242  26 347 380 273 161   0  20 299  18 397   3  50  22
   292  29 362 395]
  [  0 266 318  28 290  76   2 310 400  85   0   4 207 303  28  97  22
   225 374  53 302]
  [  0 238 402 102 126  98 246 401 231 404 328   0  85   1  56  55  87
   253 379 126  86]
  [  0 334 177 204 351 246  29 385  44 277 362 378   0 353 304  25 102
   279 241 347 400]
  [  0 137 176  32 384  59 194 310 207  49 345 208  35   0 215 209 358
   297  19 292 158]
  [  0 305 259  17  23 318 298 242  29 181  99  34 345 328   0 404  35
   159  92 161 247]
  [  0 156 103 357 205  85 200 198 231  61 240 153  18 294  91   0 251
   398 387 329  57]
  [  0 136 122  46  60 389 186  34 247 221 256 363 243  99 398 260   0
   267 118 270 203]
  [  0  51   6 245 264 392 196  70   4 395 162  47 283 263   5  85 257
     0  60 201 294]
  [  0 304 301 159 308  98 200 388 400 266  97 381 337 345 318  45 294
    98   0 366 149]
  [  0 122  99 408 101 260  22 336 161 167 353 154 166  40 105 128 280
   304  13   0 272]
  [  0 153 386 119 274 259 305 312 251 396 252 134 333 117 385 361 333
    29 229 209   0]]

 [[  0 406 325  53 399 229 322 244 398   2 320 298 177 360 286 321 268
   395  25 151 351]
  [  0   0 235  63 154 247 227 182 110   7 399 373  85 149 405 382 298
   336 364 159 140]
  [  0  70   0 322 363 191  60 173 338  66  56 277 144 364  40 399  34
   135 360 292 238]
  [  0 289  24   0  54  86 226 356 242  73  52 171 181 162 406 315 399
   226   9 258 187]
  [  0   3 220 368   0 316 213 285 191  83 139  57  39 152 146 330  42
     7 186 363 371]
  [  0 187  94  89 307   0 223 133 157 207  25 389  19  61 231 302 178
   108 260 286 132]
  [  0 257 224 409 303 331   0  21 130 405   0  87 195 335 265 231 113
   217 248 358 185]
  [  0  88 292 278 379 267 220   0 332 407 111 211 387 327 142 224 162
    40 129 258 343]
  [  0  44 271 137 146 120  43 313   0  99 265 410 404 348 317 104  84
   342 366 172 260]
  [  0  70 258 172 302 218 242  84  52   0  85  43 128  77 236 226 187
   390   1 329 392]
  [  0 315 367 235 172 199 273 393 212 204   0  92 274 282 275 273 203
   219 352 339 406]
  [  0 258  80 376 274  76 124 404 408   5 268   0 375 123 155  87  29
   405 147  92 148]
  [  0 400 122 388 245 255 216 207 174 157 349 321   0   3 304 221 132
   379 155  81 408]
  [  0 270 281 358  59 287   3 189 228 144 341  45 206   0 132 216 364
   396 147 131 309]
  [  0 106 100 163  87  67 228 146 238 192 282 163 178  18   0 125  17
    85 392 134  15]
  [  0 357 227 278 277 281 243 166  27 389 337  36 129 232 248   0 361
   391 303 334 220]
  [  0 147 318 181 354  57 302 405 396 212   3 343 119 327  60 246   0
   393 307 300 378]
  [  0  21  95  43  16  78 338 276 252 103 236 253 139 286  61 230 395
     0 117 253 103]
  [  0 290 334 101 336  47 326  90 212 388  88  89   1 280  66 206 118
   165   0 108  28]
  [  0 171  64 138 371  30  40 310 387 232 169 199  59 383 151 137 107
    62 158   0 135]
  [  0 160  50 388 206 312 297 200 261 318 243 156 374 166  62  90 253
   386  58  43   0]]

 [[  0  66 245 332 168  38 103 129 384 376  23 215 262 268 328 286 261
     4 243 367 275]
  [  0   0 181 122 242 173 305 412 241 171 369   8  86 234  32 112 247
    71 195 234 121]
  [  0 371   0 154 378  63 254 320 216 321  47  57  16 250 363 410   4
   311 370 306 294]
  [  0 276 226   0  74  67 316 198 308 396 171 209 233  92  88 320 104
   224 390 223  26]
  [  0 297 154 176   0 157 177 234 171 178 152 303 129 349 132 412  74
   352 265 299 261]
  [  0  52  99 319 248   0 315 307 233 368 355   9 399 407  61 357 393
   402 258 111 311]
  [  0 245 274 181 356 194   0 294 224  55 288 198  84 241 191 345  54
   143 209 279 398]
  [  0 167 302   1 169 374 143   0 278 246  64 297  73 194  42 409 188
   238 101 344 355]
  [  0 282 364 339 128  72   0 163   0  44 128 265 271 396 234  20  55
   182 264 353 139]
  [  0 115 297 138 200 331 225 185 319   0 204 148  52 236 330 363 193
   201 222 128 183]
  [  0   9 207 109 325 404 267 167 363 239   0 392 250 281  66  51 168
   377 129 115 403]
  [  0 380 295 118  59 255  64 361 256 399 168   0 190 111  15 131 214
   155 209 146 187]
  [  0  47 280  58 103 103 178 146 378 209  56 234   0 274 208 339 270
    91 366 143 137]
  [  0   6 177 186  57 410  89  74 113 365 372 246 185   0 234 285 235
   398 177 250 201]
  [  0 122  78  26 315  43  63 376  48 239 315 322 152  69   0 309 386
   200 188  16 402]
  [  0 377 186   3 213 298 242 346 166 212  14  93  12 256  34   0 211
   304 143 405 162]
  [  0  41  63 127 242 304 163  22 333  83  80 139 383 221 193 343   0
   388  98 231 284]
  [  0 404 143 352 101 237   4 193 187 200 300 410 278   7 109 148 126
     0 405 136   5]
  [  0  26 407 307 162 359 112 257 239 319  89 303 365 149 330  35 100
   283   0 245 157]
  [  0  32  12  15 385 154 165 265 208 270   3 293  87 349 156  72  85
   391 105   0  31]
  [  0 117  35 290  82 343 234 235 264  81 284  52 120 199 233 408   2
   354 220 160   0]]]
release_time
[ 0 70 54 50 28 10  4 18  1 39  0  6 76 10  0 37 30 19 53 80 10]
due_date
[  0  87  56  90  97  38  32  43  14  84  77  11 102  38  41  57  84  72
  81  90  24]
unit_emission
[13 14  6  4]
emission_limit
9364.4
setup_severity
2.0
due_tight
0.9
due_range
1.0
release_tight
1
degree_constr
0.2
