param: 
proc_time: (1, 100)
setup_rate: 1.0
setup_time: (30, 60)
delivery_time: (100, 200)

mach
8
job_rate
8
fam
3
setup_rate
1.0
proc_time
[[  0  55  84  13  81  40  87  82  50  30  90  80  81  70  14  54  72  93
   78  27  61  69  68  21  50  95  60  80  40  67  10  45  66   2  27  27
   45  35  37  83  83  18  11  30  78  58  19  42  83  83  18  68  69  67
   25  66  42  75 100  56  63  42  41  45  38]
 [  0  62   8  97  51  35  93  79  22   2  80  31  88  97  87   1   8  31
   73  52   8   5  36  25  73  58  64  43   9  18  71  82  49  30  98  80
   51   7  66  69  17  97  57  80  83  68  30   7  90  47  23  14  60  95
   50  91  37  80  29  26  15   1  54  54  42]
 [  0  53 100 100  52 100  24  55  98  37  51  80   2  91  42  85  97  92
   24  39  63  89  31  59  51  89  72  62  26  92  75   4   6  13  20  95
   22  30  52  60  37  27  49  15  67  26  18  97  90   8  16   8  15  43
   23   3  13  21  68  82   4  64   1  16  44]
 [  0  61  31   4  11  20  89   7  90  30  25  63  93  94  95  89  82  79
   39  74  98  70  23  28  25  67  28  84  11  80  56  13  18  75   2  98
   95  53  74   2  18  37  11  78  25  39  92  44  78  16  19  62  13  31
   13  31  23   6  28  85  52  73  64  45  71]
 [  0  86  41  70   5  79  33  53  37  11  55  46  65  15   3  26  48  39
   30  32  26  48  93  25  81  14  28  19  61  35  14  53  38  11  86  28
   78  69  32  50  14  45  44  15  18  38 100  89  10  38  25  37 100  19
   63  44  61   5  92  55  59  81  63  16  96]
 [  0  24  88   8  82  75  68  38   1  71  86  11   1  38  93  51  80  35
   57  29  85  53  16  26  21 100  22  93  37  49  59  25  90 100  54  32
   97  30  56  36  21   4  74  69  65  55  87  85   6  31   8   6  63  84
   11  65  23  55  70  21  54  26  85  92  16]
 [  0   8  34 100  53  13  57  82  90   9  61  71  15   2  39  24  28  28
   47  85  92  84  27  54  77  26  49  47  51  70  11  41   2  11  76  36
   42   5  76  43  71  43   4  81  46   5  92  76  58  73  78   1  76  59
    1  21  57  47  76  14  89  69  31  26  95]
 [  0  85  96  69  52  91 100  51  10 100  73  99  84  98  77  88  95  78
   66 100  88  98  25  48  54  64  69  34  96  88  30  41  68  63  18   3
    4  98  92   2  72  71  18  80  97  45  59  47  31   7  81  73  96  73
   19   7  16  33   7  68  73   5  51  92  79]]
setup_time
[[[ 0 56 36 55]
  [ 0  0 60 43]
  [ 0 36  0 47]
  [ 0 56 35  0]]

 [[ 0 52 55 33]
  [ 0  0 36 42]
  [ 0 53  0 38]
  [ 0 52 50  0]]

 [[ 0 36 55 53]
  [ 0  0 37 44]
  [ 0 42  0 50]
  [ 0 57 44  0]]

 [[ 0 52 42 30]
  [ 0  0 30 31]
  [ 0 49  0 43]
  [ 0 39 46  0]]

 [[ 0 40 60 36]
  [ 0  0 44 41]
  [ 0 37  0 49]
  [ 0 47 54  0]]

 [[ 0 33 54 30]
  [ 0  0 51 41]
  [ 0 37  0 34]
  [ 0 46 47  0]]

 [[ 0 35 52 50]
  [ 0  0 50 46]
  [ 0 51  0 37]
  [ 0 39 56  0]]

 [[ 0 41 51 54]
  [ 0  0 50 45]
  [ 0 59  0 58]
  [ 0 32 38  0]]]
delivery_time
[[  0 182 174 160 107 113 123 137 133 178 163 191 111 196 149 134 146 117
  124 138 114 200 172 143 118 144 197 108 112 179 150 153 185 147 150 154
  141 109 196 167 140 151 174 186 160 140 125 171 148 150 125 184 169 124
  108 174 121 153 134 187 158 143 132 167 158]
 [  0 190 170 182 132 111 197 145 191 128 179 104 138 168 135 118 132 146
  172 181 157 166 167 157 192 151 193 166 192 200 169 176 183 110 136 114
  163 141 100 123 163 192 115 181 184 198 117 138 131 199 151 132 151 187
  171 188 117 168 167 109 163 116 115 187 115]
 [  0 136 128 148 194 156 116 193 175 146 122 161 119 182 194 178 164 179
  156 111 107 155 138 162 153 162 187 135 180 197 197 144 102 115 119 129
  121 153 148 182 119 124 177 183 182 119 176 139 186 120 160 193 148 111
  177 167 130 174 176 154 153 114 102 154 147]
 [  0 189 153 161 185 193 141 109 157 138 122 177 163 157 126 100 196 161
  161 191 116 130 111 169 119 172 112 111 103 200 140 123 128 143 181 101
  118 164 180 151 166 125 162 109 114 162 123 157 152 135 116 136 140 180
  134 126 128 173 200 147 120 102 148 189 116]
 [  0 110 168 142 129 149 166 132 120 133 112 102 145 119 191 166 196 119
  150 123 121 138 134 128 170 151 117 123 151 101 132 107 121 113 123 131
  125 192 149 175 145 150 150 152 170 139 147 118 164 155 164 160 152 128
  189 118 166 165 113 146 141 170 190 110 139]
 [  0 171 137 124 124 102 185 104 168 191 106 137 118 192 196 152 194 155
  131 149 171 151 110 106 143 140 162 165 194 187 155 106 162 163 108 108
  132 115 111 115 197 184 185 104 102 124 120 191 183 187 175 158 164 101
  116 160 145 181 106 108 165 108 133 189 167]
 [  0 169 154 166 108 177 156 130 124 198 199 161 200 192 141 186 162 175
  100 145 197 156 169 189 132 140 186 157 187 182 109 176 156 109 164 163
  115 104 196 172 127 199 124 186 115 144 130 171 178 186 112 183 100 105
  123 106 151 128 160 189 153 105 112 126 110]
 [  0 135 165 132 164 186 198 172 170 125 130 186 162 112 167 162 138 168
  166 113 134 157 149 119 166 154 141 110 185 193 106 156 161 186 151 115
  181 132 158 173 175 109 129 172 150 168 187 142 146 153 142 150 131 127
  124 147 147 138 196 102 118 151 107 108 193]]
job2fam
[[1 0 0 0 0 0 0 0 0 0 0 0 0 0 0 0 0 0 0 0 0 0 0 0 0 0 0 0 0 0 0 0 0 0 0 0
  0 0 0 0 0 0 0 0 0 0 0 0 0 0 0 0 0 0 0 0 0 0 0 0 0 0 0 0 0]
 [0 1 0 1 0 0 0 1 0 0 0 0 1 0 0 1 0 1 0 1 0 0 1 0 1 1 0 1 0 1 1 1 0 0 0 1
  0 0 0 0 1 0 1 0 0 1 1 0 1 0 1 0 1 1 0 1 0 1 0 0 1 0 0 1 0]
 [0 0 0 0 1 1 1 0 0 1 1 0 0 1 1 0 0 0 0 0 1 0 0 0 0 0 0 0 1 0 0 0 1 1 0 0
  1 0 0 1 0 1 0 1 1 0 0 1 0 0 0 0 0 0 1 0 1 0 0 1 0 0 0 0 0]
 [0 0 1 0 0 0 0 0 1 0 0 1 0 0 0 0 1 0 1 0 0 1 0 1 0 0 1 0 0 0 0 0 0 0 1 0
  0 1 1 0 0 0 0 0 0 0 0 0 0 1 0 1 0 0 0 0 0 0 1 0 0 1 1 0 1]]
unit_cost
[20 22 22 18 23 23 18 16]
pre_factor
1.0
