param: 
proc_time: (1, 100)
setup_rate: 1.0
setup_time: (30, 60)
delivery_time: (170, 200)

mach
8
job_rate
8
fam
5
setup_rate
1.0
proc_time
[[  0  57  70  62  69  27  54   8  23  46   4  66  64   1   3  96  51  35
    2  87  25  11  77  22  54  70  86  13 100  90  17  93  90  42  16  23
   98  93  22  55  83  72  22  27  38  13  10  48  20  14  46  64  49  17
   29  84  52  93  37  65  52  45  75  33  40]
 [  0  20  97   3  12   5  39  62  27  53  15  33   8  53  10  51   7  89
   44   5  37  63  54  82  30   3  69  44  54  72  20  90  35  64  35  94
   43  89  22   2  40  14  35  68  31  70  76  65  43  73   4  37  44  47
   44  14   6  73  37  43  62  59  22  49  16]
 [  0  38  23   8  13  85  63  23   8  86  68   5  50  52  84  70  22   1
   77  26  94  15  98  98  27  12  11   4  44  41  12  20  91  51  21  49
   98  54  18  96  98  79  41  71  60  31  12  52   2  38  53  31  35  79
   52  25  11  19  71  95  41  70  27  50  29]
 [  0  85  79  71  27  57  81   1  56  20  76  60  77  85  96   1  91  82
   42  13  98  11  57  70  70  49  90  43  21   3  93  39  52  61  12  27
   76  37   3  92  53   3  98  58  86  13  84  76   6  19  56  57   4  29
   88  32  79  85  83  84  61  69   5   3   9]
 [  0  50  91  67  36  20  99  88  12  32  37  89  87  99   2   8  83   6
   25   8  35  86  87  46  46  32   5  71  17  24  85  18   8  75  54   5
    7  80  47  72  21   8  47  90  95  33  26  57  92  31  68  23  99  56
   72  13  13  74  46  96  41  20  12  30  58]
 [  0  85  64  76   3  36  75  35  32  46  15  40  83  66  70  76  86  76
   91  57   7  23  86  56  66  18  20  13  65  89  31  59  69  35  84  21
   37  38  27  24  72  51  94  27  78  77  96  11  64  59  90  65  48   3
   16   6  14  54  62  55  37  63  74  60  84]
 [  0  52  73  16   3  29  24  92  62  33  58  87  95  45  51  73  76  53
    8  22  23  79  87  78  23  44  87  17  92  17  79  28  92  81  11  13
   73  65  36  61  84  69  68  53  24  55  34  13  52  99  85  80  26  64
   21  89  17  60  63  74  82  93  74  23  29]
 [  0  88  50  38  97  29  93  79  32  26  51  69  96  54  68  93  25  30
   41  90  62  44  16  11  92  78  66  57  61  96  60 100  76  76  80  75
   80  16  56   8  55   1  78  51  93  46  68  93  19  36  75  27  46  86
   65  85  21  50  25  90  63  79  53  93  91]]
setup_time
[[[ 0 54 35 47 54 35]
  [ 0  0 48 30 35 39]
  [ 0 58  0 53 30 44]
  [ 0 43 48  0 58 34]
  [ 0 48 53 50  0 42]
  [ 0 44 44 60 38  0]]

 [[ 0 34 30 32 47 57]
  [ 0  0 54 33 34 30]
  [ 0 52  0 58 59 36]
  [ 0 35 48  0 49 41]
  [ 0 49 50 56  0 50]
  [ 0 36 57 40 52  0]]

 [[ 0 40 34 59 54 31]
  [ 0  0 57 40 37 31]
  [ 0 47  0 48 58 51]
  [ 0 57 33  0 37 45]
  [ 0 57 46 46  0 57]
  [ 0 55 56 31 58  0]]

 [[ 0 60 49 37 59 40]
  [ 0  0 49 55 45 60]
  [ 0 34  0 55 45 37]
  [ 0 54 36  0 45 38]
  [ 0 38 54 36  0 53]
  [ 0 33 45 60 55  0]]

 [[ 0 47 45 45 56 46]
  [ 0  0 41 59 48 32]
  [ 0 55  0 55 50 51]
  [ 0 31 52  0 45 31]
  [ 0 36 31 36  0 55]
  [ 0 48 60 32 41  0]]

 [[ 0 52 58 39 52 41]
  [ 0  0 45 52 49 55]
  [ 0 45  0 49 40 58]
  [ 0 37 30  0 40 39]
  [ 0 43 41 40  0 52]
  [ 0 53 36 38 33  0]]

 [[ 0 48 41 33 58 36]
  [ 0  0 41 55 43 45]
  [ 0 47  0 56 42 47]
  [ 0 34 55  0 30 33]
  [ 0 47 38 53  0 36]
  [ 0 38 58 30 44  0]]

 [[ 0 55 51 44 49 60]
  [ 0  0 52 37 55 37]
  [ 0 52  0 45 55 53]
  [ 0 45 51  0 39 35]
  [ 0 38 55 58  0 44]
  [ 0 45 33 44 59  0]]]
delivery_time
[[  0 174 194 171 199 197 190 172 191 177 172 185 197 193 193 170 175 185
  199 196 172 182 188 177 183 182 179 199 178 179 175 200 174 188 193 172
  197 193 190 180 196 187 190 172 190 171 198 180 171 177 197 176 172 171
  194 170 188 187 198 180 173 177 172 186 198]
 [  0 192 179 183 199 199 183 179 193 177 179 199 179 194 186 192 184 183
  177 175 193 192 197 186 179 181 185 185 181 188 188 195 193 200 198 189
  185 184 176 179 189 185 199 192 178 192 184 175 178 196 175 179 182 197
  176 173 199 191 192 180 173 185 178 185 174]
 [  0 191 191 197 180 184 194 184 185 200 183 173 186 174 171 172 186 198
  172 178 192 173 194 173 171 193 198 200 200 175 188 186 170 197 178 188
  188 173 182 192 178 190 185 191 187 183 170 198 194 175 198 179 177 199
  192 178 185 181 179 173 200 186 200 186 193]
 [  0 198 183 173 175 187 196 177 197 183 191 178 181 195 176 177 200 181
  181 179 196 196 193 173 174 200 195 200 188 192 184 199 197 172 185 194
  188 181 183 200 188 173 173 190 189 196 196 196 181 197 179 199 171 182
  170 175 171 177 182 197 193 173 196 171 188]
 [  0 196 193 174 175 182 182 196 193 185 188 180 193 177 172 181 186 199
  191 198 186 172 186 171 186 192 187 184 179 199 178 186 177 181 184 188
  184 175 187 178 197 172 191 187 196 190 191 176 178 198 174 184 200 183
  170 188 185 191 197 190 196 199 186 195 193]
 [  0 190 176 171 174 196 173 184 175 185 187 176 174 174 184 176 193 173
  187 192 187 196 177 198 187 178 173 190 185 172 188 192 180 182 178 199
  198 176 171 187 191 184 184 188 196 197 185 197 170 188 170 172 179 173
  170 185 193 172 195 182 183 193 184 200 178]
 [  0 185 178 172 191 172 189 197 173 198 197 200 194 175 193 184 182 200
  196 198 199 182 196 191 184 198 174 172 187 172 186 195 195 189 191 199
  176 184 183 176 193 188 186 184 200 188 170 196 189 195 186 183 200 170
  193 195 177 191 187 195 173 170 188 194 179]
 [  0 198 193 179 189 180 187 177 173 182 198 183 175 194 183 195 180 192
  200 179 185 175 184 171 196 172 188 178 180 178 183 197 183 171 173 195
  175 196 171 174 182 187 189 195 187 176 200 180 199 193 185 198 199 171
  200 171 185 175 197 185 179 185 192 189 184]]
job2fam
[[1 0 0 0 0 0 0 0 0 0 0 0 0 0 0 0 0 0 0 0 0 0 0 0 0 0 0 0 0 0 0 0 0 0 0 0
  0 0 0 0 0 0 0 0 0 0 0 0 0 0 0 0 0 0 0 0 0 0 0 0 0 0 0 0 0]
 [0 0 0 0 1 0 0 0 0 0 0 1 0 1 1 0 0 1 0 0 0 0 0 0 0 0 0 0 0 0 0 0 1 0 0 1
  1 0 0 0 0 0 1 0 0 0 0 0 0 0 0 0 0 0 0 0 0 1 0 0 0 0 0 1 0]
 [0 0 1 0 0 0 0 1 0 0 0 0 0 0 0 1 1 0 0 1 0 0 0 0 1 0 0 1 0 1 0 1 0 0 0 0
  0 0 0 1 1 0 0 1 0 1 0 0 0 0 0 0 0 0 0 0 1 0 0 0 0 0 0 0 0]
 [0 1 0 0 0 0 0 0 1 0 1 0 0 0 0 0 0 0 0 0 0 1 0 1 0 0 0 0 0 0 0 0 0 0 0 0
  0 0 1 0 0 1 0 0 1 0 0 0 0 0 0 0 0 1 1 1 0 0 1 0 1 1 1 0 0]
 [0 0 0 0 0 1 0 0 0 0 0 0 0 0 0 0 0 0 1 0 1 0 1 0 0 1 0 0 0 0 0 0 0 0 1 0
  0 0 0 0 0 0 0 0 0 0 1 0 1 1 0 0 1 0 0 0 0 0 0 0 0 0 0 0 0]
 [0 0 0 1 0 0 1 0 0 1 0 0 1 0 0 0 0 0 0 0 0 0 0 0 0 0 1 0 1 0 1 0 0 1 0 0
  0 1 0 0 0 0 0 0 0 0 0 1 0 0 1 1 0 0 0 0 0 0 0 1 0 0 0 0 1]]
unit_cost
[26 20 26 27 20 24 18 24]
pre_factor
1.0
