mach
4
job_rate
5
weight
[ 0  4  2  9  6 10  1  2  5  1  6  5  5  3  3  8  1  2  7  6  8]
proc_time
[[  0  84  61 147 132 140 108  57 134  66  76  79  84 150 148 116 148 141
  121  92 114]
 [  0 108  93 139  56 118  90 115  80 137  97 134 124 139  59 131 141  98
   72  94 136]
 [  0 136  70 123 136  95 136  61 115 130  99 120  67  68 122  68  94 107
   61  92  79]
 [  0  85  70 139  63 119  52  51  67  61 126 129 102  79 121 134 104  52
  132 124  62]]
setup_time
[[[  0 356 283 364 131 162   7 336 163 317 110   0 115 368 204 180 410
    96  92 242 340]
  [  0   0 252 300 212 243 328 306 177  47 252 381 212 274  90 169 211
    67 304 274 254]
  [  0  19   0 381 111 179 304 244  10 134 410 160 295 131 385 376 256
   256 105 165 247]
  [  0 149 253   0 352   6 105 215 373 335 358 153 280  34 258 104  39
   287 257  72 219]
  [  0 384 214 365   0 176  53  53 211 213  74 111 302 254 245 215 373
   386  43 165  34]
  [  0 135 214 110 177   0 205  42 334 111 159 102 369 247 158 116 229
    37 271 394 315]
  [  0 271 116 281 394 272   0  34 375 366 181 401 391 130 164  94  49
   295  30  37 188]
  [  0 114  94 218 210 178 239   0 102 310 184  41 335 304 386 246 135
   116 104 264 287]
  [  0  89  96 161  81 234 390 313   0 268 162  94  28 396 106 339  30
   200 205 147 332]
  [  0  98 346 113 248 203  92 171 247   0 304  31 243   1 154 105 319
   133 387 328  31]
  [  0 408 161 257 124 169  34 393 378  49   0 222 381 220 257  81 271
   133   4 243  32]
  [  0 190 175 304 276 196 362 262 353 407 390   0 222  51 217 219 249
    23 319 127  18]
  [  0  73 217 117 137 127 376 383 247  74 316 306   0 162 392 306 151
   404 302 207 272]
  [  0 180 295 378 194 333 217 317 211  30 348 368 184   0 400  59 373
   236 290 102  77]
  [  0 353 373 141 297  73 303 164 337  30 372  39 291 398   0 316 135
    10 130 324  14]
  [  0 167 319 147 183 158 266 410 111 300 257 107 276 355  13   0 349
    99 198 306 103]
  [  0 278  28 285  10 200 335 201 149  19 247 104 409 293 363 293   0
    16 215  47 116]
  [  0 387 336 391 291 366 390 313 366 315 319 182 364 330  19 331 247
     0 130 165 403]
  [  0 153 365 238 105 251  89   6 184 294 110  16 299  94  28  36 213
    84   0 291 262]
  [  0 248 408 244  42 121 279 248 229 397 326  83 284 195 167  68 379
   366 102   0 206]
  [  0 230 206 375  31 206  96  83 258 227  53 228 161 298 371  17 197
   397 201 282   0]]

 [[  0  99  76 220 172  89 382  56 347 338  50 116 235 174 377 191 186
   291 391 346 176]
  [  0   0 103  72 216 193 121  89  41 184 312 369 168 143  98  36 275
   233 260 182 106]
  [  0 334   0 359   1 301 212 193 349  96 194  92 382  47 368 141 123
   236  36 244 137]
  [  0  38  53   0  79   5 107 386 184 119 261 188  28  11 322 310 378
    29 275 239 178]
  [  0 402 264 123   0 400  76 378  57 305 285  82 121 352  28 310  34
   221   4  99  96]
  [  0 332  74 179  40   0 262  56 286  36 193 165 383 185 198  73 236
   391 372 361  52]
  [  0 281 385 289 147 369   0 245 352 407 296 124 195 213   6   7 100
   224 328  69 249]
  [  0 228 159 154 393  26 266   0 394 236 295 235  38 305 176 409 122
   280 128 287 190]
  [  0 392 244  30  45 324 336 330   0 135   8 319 112 207  80 283 400
   201 324 307 310]
  [  0 389  11 393 201   0 106 172  40   0  99  55  61 178  17 146 361
   150 359 168 264]
  [  0 334 235  50  97 121 267 406 169 269   0 216  77 307 221 403 267
    12 318 303 384]
  [  0 145 259 322 101 349 315  71 131  99 238   0 260 232 154 200 126
    21 380 334 389]
  [  0 296  25   5 324 218 167 281  23 143 157 144   0 279 219 230  68
   176 210 398 251]
  [  0 342 256 290 133  61 358 244  51 127 378 229 358   0 122  23  98
    89 359 319 395]
  [  0 360 390 406  43 149 409 170 266 301  38 194  55 215   0 177 218
   242  80 155  70]
  [  0 392 139 311  45 194 282  11 288 370 202 403 103  76  30   0 282
   135 225  40 326]
  [  0 280 276  57 172 251 267  37 116 127 210 395 293  56 382 284   0
   118 339 147 329]
  [  0 181  36 102 123  97 350 408  78  23 229 151  12 135 246 312 363
     0 398 177 139]
  [  0 277 371 213  56  48 325 173 238 354 223  26  67 152 171 272  30
   227   0   9 374]
  [  0 323 174 126 244 178  38 259  12   4 115  16   2 226  58 205 347
   276 377   0  55]
  [  0  38 208 107 283 356  28   0 258 282 267 237   7 320 231 388 409
   350 159 155   0]]

 [[  0 231 374 270 161 230 237 393 151 184   1 354 115 359 168 184 207
    12 260 223 108]
  [  0   0  48   6 390 285 214  10 344  16 392 378 196 345  65 333 122
    93 242 152  18]
  [  0 130   0 316 179 117 338 181 289 321 245   2 313 233 356   9 222
   276 299 386 121]
  [  0 153 200   0   6 162 329  70 139  20 377 103  57 302 226  37 362
    97 114 302  48]
  [  0  43 382 237   0 372 161  13 156 184  73  35 361  42  80 396  79
   246 292 327  36]
  [  0  58 180 162  39   0  14 229 206 380  79 208 206 151  79 326 291
   239  23  20 311]
  [  0 377  95 217 333 245   0 333 370 287 181  68  50 322 390  25 340
   221 222 198  63]
  [  0  82  77  72 128 257 128   0 411  57  70 171 166 157 127 169 351
   295 332  88 235]
  [  0  14  91 337 218 254 114 372   0 331 246 183 129 279 351 145 368
   198 285 250 114]
  [  0  28 384 396 391  94 366  73 156   0  41 264 302 250 398 377 264
   201  51 169 248]
  [  0 370 295 381 248 187  71 144 166 274   0 264 392 282 156 103 291
    27  32 367 137]
  [  0 301  24 229 109 360 277 200  20 184 211   0 226 334 334 227 109
   327 262 162 233]
  [  0 288 329 209 376 161 131 183  35  57 180 304   0 390  99 129 106
   246 240  56   6]
  [  0 304 181   3 261 290 133  81 249 364  99  88 280   0 410 335 101
    66 258 215 409]
  [  0 327  31 170 211 341 217 117 383   4 346   7 351 302   0 157 108
   287 281 267 154]
  [  0 350  88 374 367 162 221 205 217 228 387  12 398  94 229   0 316
   107 245  90 130]
  [  0  54  23 171 406 189  34 215 393 176  50 411 139 264 265 317   0
     9 387 162  20]
  [  0 187 409 309  15   2 401 139 285  43 153 355  79 405 201 373 332
     0 294 359 383]
  [  0  23  11 195 257 375  48 103 247 280  74 102 320 385 159  74 365
   298   0  57  16]
  [  0  35 211 181 198 155 188  25 385  86  28  14 138 226 347 108 183
   123 141   0 207]
  [  0 207 373 303  28 188 382 240 390  82 121 116 109 106 349 383 152
   262 368 159   0]]

 [[  0  69 115 108  50 152 307 181 309 250 239 229  38 204 294  43 236
    65  26 145 300]
  [  0   0 139 221 179 271  84  45 355  48 192 282 323 203  86 317 320
    84 371  66 321]
  [  0 191   0 180  80  31 276 299 394 115 149 411 201  10 165 136 164
    89 112  15 347]
  [  0 138 262   0 168 120 313  25  95 244  67 404 302  63 107 211  67
   103  85 320 375]
  [  0 390 397 306   0  66 299 283 161 319 285 134 126  97 150  13 245
   255 193 232 322]
  [  0 322 309 266  88   0 319  18 215 311 348 120 369 132 243 257 140
    76 167 375 314]
  [  0  51 407 220 195 377   0  58   6 391 340 159 348  82 126  76 358
   325  54 140 375]
  [  0 238 327 192   9 400 386   0 204 235 279 339  15   1 118  72  48
   275 207  57 163]
  [  0 301 181  56 381  62 283 162   0 326  39  84  29  55 310 360 397
   171  16 332 286]
  [  0 378 201 278 141 352 175  83 128   0 155 166 238 132 213 337 213
   284  57 256 321]
  [  0 336 209 219 139 236 270 314 213 386   0  12 407 307 289  31 408
   363 184 176 337]
  [  0 121  42 359 223 313 306 175 159 286   7   0  11 191 255 358 132
    61 140  63 230]
  [  0 383 169  99 140 309 374 243 382 148 360 308   0 249 385 119  53
   366 122 126 247]
  [  0 222  21 143 107 126 116  32 389 405  59 219  18   0 241 160 160
   178 310  67  31]
  [  0 177 223 407 391  43   4 117  62  77 405 395 384   8   0 101 139
    70 409   8  74]
  [  0 222 166 406 165  30  84  75 329 225  34 200  24 379 272   0 328
   200 211 209 218]
  [  0 337 213 131 217 199 223  76 192 388 107 279 179  44  73 108   0
   209  38  32 370]
  [  0 146  24 150 329 304 311 170  19 377 118 159 378 336 226 183 402
     0 360 370 258]
  [  0 297 115 204 336 142 193  13 148 191 231 189  34 284 118 337 308
   116   0 301 222]
  [  0 274  47  25  57 274 171 350 133 281 257 361  81  88  61  44  73
   182  74   0  79]
  [  0   3 212 388 211 204 295 133 354 151  76 252 265 276 384 218 291
    13 138 211   0]]]
release_time
[  0  68   5  51  18  36  23 269   7  13  50   4   1   4  49   7  35  61
  28   1   1]
due_date
[  0 104   6  79  93  48  29 489  53  20  89  21  19  43  63  13  83 104
  65  22  17]
unit_emission
[20  4 12 15]
emission_limit
18038.4
setup_severity
2.0
due_tight
0.9
due_range
1.0
release_tight
10
degree_constr
0.8
