mach
4
job_rate
5
weight
[ 0 10  4  8  6  7  4  5 10  5  8  7  1  1  9  5  3  5  6  8  3]
proc_time
[[  0 138  66  85 120  70  64  77 112  83 105  99  64 110  82  97  52 139
  128  90  59]
 [  0 118  71 109 133 115  77 112  97 128  77  99 107  55  98 103  76 143
  129  59  85]
 [  0 113  91  61  74  79  52  55  86  57  90 116 115  57 108  92  54 111
   68 142  69]
 [  0  62  51 114 110  52 125  86 131  88 137  89 137  52 124 149  93 147
   84 118  84]]
setup_time
[[[  0 140 180  38 230 339 105 274  78  71 211 267 204  35  49 204 347
   240 112 255   0]
  [  0   0  64 229 201 104 337 345 133   1 236 283  84  48  10 370 367
   179 175 305 298]
  [  0  49   0 172 226 141 115  56 224 267 184  23 322 169 338 295   1
    78 116 170 172]
  [  0  60 300   0 123 332 265 184 351 315 115 257 365 316  68 335 339
   227 108 217 359]
  [  0  23 233 204   0  69  45 239  10 318 133  33 354 369 137 288 286
   228 353 355  42]
  [  0 279 314 241 369   0  18 229 208  81 212 177  16 204   2  34   1
   225  38 284 302]
  [  0  88 365 276 296 298   0 301 209  47 129 275 185 232 100 361 154
   314  46 259   5]
  [  0 110 261 218 277 363 316   0 294 269 267 284 111 328 183 369 324
   298 292 332 205]
  [  0  59 235 121 114 107 217 255   0 323  70  32 116 374  72 259 289
   341  48  10 368]
  [  0 196 305 121 335   0 235 332 129   0 105 354 107 279 335 199 283
   143  12 243 310]
  [  0 376 216  65  85  78 255 214 110 325   0 353 252 287  26 134 110
   323  65 352 126]
  [  0  40 149 370 159  40 218 225  52 231 349   0  31 173  11  41 160
   375 262 324  90]
  [  0 170 136 378 252  66 117  61 243  65 168 172   0 214 275 241  82
    60  87  39 308]
  [  0  19 269 268 205 248 148 358 152 152 359 228 311   0 270 284 270
   213 377 342  63]
  [  0 308 285 316 218 302 251  45  41 139 360 373  75 108   0 319  85
   193 323  95 308]
  [  0 245  12 214 351 176 260 306 156 270 258 112  79 281 288   0 302
   236 358 300  11]
  [  0  36  27 331 168 184 316  21 209 162   0 219 201  27 147 171   0
   273  88 127 362]
  [  0 289 168 261  16 299 190  62  68 213 270 244 308  77 271 337 149
     0 334 144  30]
  [  0  41 306  22  84 130 354 214 175 332 336 149 157 244 197  57  79
   105   0 366  29]
  [  0  83 141  59  28 342 368 183 223 331 335 196  56 259 254 196  14
   323 127   0 324]
  [  0 148 129 195 342 209  42 254 164 325 136 154 305 289 175  28 283
   220 109 342   0]]

 [[  0 346 264 250  66 165  19 263 333  58 373 243 374 263 293 352 328
    55  87 157 374]
  [  0   0 248 284 264  90  66 126 268 376 364  49 121  37 244 364  85
   137 216 151 207]
  [  0 254   0 110 342 203 238 104 128 247 355  44 228 133 277 196 236
   201 243 228 336]
  [  0 351  48   0 299  34   1 238 136 167 171 135 156 245 337 143 222
    69 173  89  72]
  [  0  23  31  63   0  64 249   3 147 211 191 100 366 162 199 283 303
     8  43 324 309]
  [  0 254  54  66  65   0 146  86 362 305 319 264 172 318 131 146 290
   131 330  42 282]
  [  0   5 219 323   0 203   0 204 315 116 257 106 355 125  72 140 332
   204 183  94 203]
  [  0 198 204  29 361  19  44   0 322 343 372 286 181 144 377 158  19
   330 346  45 326]
  [  0  27  98  29  61 196 154   0   0 235 214 111  30 182  57 290 165
   113  99 343 263]
  [  0 115 280 312 310 325 289 210 358   0 241 288 225  51 117  88  62
    99 232 176 310]
  [  0 347  25 352 311 322 222  27 376 297   0 314 284 279 191 107 367
   376  98 166 136]
  [  0 125 221  53  86 292 265 322  23  61 368   0 235  53 354  51  76
    63 203  32  96]
  [  0 197 264 125 281 201 212  72  54 183 249 210   0  64 262  18 184
   316 127 204 117]
  [  0   9 216 241 214 292  41 168  38  79  57 268 266   0 319 331  14
   310  20 111 273]
  [  0 172  89 165 353 150 243  27 113 336 209  68  21  54   0 104 253
   342   3 365 299]
  [  0 254 200 130 319 331  56 185  23 349 255  28 277  29 326   0 320
   239 252  82 155]
  [  0  11 375  48 239 274  38 279 213 323 246 285 234 183  40 224   0
   216 134 261  81]
  [  0  11 367 221 373 297 222  82  81 167 236 201 195 276  22 336 168
     0  65 359 285]
  [  0 251 121 188 347 113   4 342 377 129  84 114  87  46  56   8 104
   265   0 106 212]
  [  0  58  43   2 326 342 257 375 246 241  44 200 202 328 323   8 253
   245 152   0 265]
  [  0 366  70 242 234 168 274  49 336 374  26  61 133 306 165  62  81
   150  59  31   0]]

 [[  0 233 295 306 260 262 251 366  78 154 367 254  55 111 239 212 160
   187 257 234 200]
  [  0   0  17 370  40 141 301  82   0 333 337 208 243 297 270 140 167
   351 107 348 258]
  [  0 360   0 345 170 350 263 363 121 260  26  52 298  97   4  91 226
    31 124 225  96]
  [  0 366 343   0 187 275 288 243 240  10 175 153  18 161  38   6 296
    58 117  49  10]
  [  0 125 244 130   0  61 198  35 340 325 305 214 368 152 323  28 332
   211 190 254 250]
  [  0   2 284 338 337   0 329  84  93 311 176  98 197 368 292 310 371
    73 259 227  82]
  [  0 280 260  18 137 239   0 349 115 255 275 161 315 152  20 152 302
    69 169 290 138]
  [  0 288 329  71  28  75 200   0 289 296  40 225 115 303  85 338 166
   372 211 378  74]
  [  0  77 336 349 147 151 151 178   0  64 201 147 156 270 171 129  66
   345 345  26  27]
  [  0 343 277 318 325  82  62 269 354   0 168 375 353 225  49   4 370
   298  80 356 282]
  [  0 368  14 232 359  43 142 342  14 179   0 347 308 324 367 114 235
    97 376 209 120]
  [  0 228 134 167 240  19  80 357 184 111 374   0 167 339  36 162 373
   124 308 366 120]
  [  0 302 128 215 140 161  53 139  39 296  44 365   0 365 212 102 230
    47 253 249 177]
  [  0 101  48 370 348 227 174  13 185 119  63 220 206   0 288  26 266
   269 300 108 307]
  [  0 131  43 199  12 156 310 332 101 137 119 218 229 224   0 186 314
   227 270  33 174]
  [  0 234 189  20 121  99  17 203 150  92 153  58  51 149 134   0 189
   216 293 204 211]
  [  0  49 355 347 287  47 277 201 366 283 185 188  59  52 170 205   0
   206 147 226 348]
  [  0 220  99 211 166  63 117  16 306 136 322 288  80 269 180 159 140
     0 162  88 318]
  [  0 104 244 324   4 185 208 178 237 272 207 186 318 155 232 222 147
    25   0 256 233]
  [  0   7 139  83   7  50 125 343 151 280  91 201 267  87  95 240 337
   178  54   0 115]
  [  0  10 248  53  53 168  30 323 366 203 135 244 318 245 129  61 361
   343 242  26   0]]

 [[  0 115  79  92 110  64 293  41 119 164 151  74 285  62  88 306 347
   175 326 356 191]
  [  0   0  94 282 269 367 302 174  75 122 323  55  74 257 309 109 236
   113 109 344 204]
  [  0 265   0  78 319   4 342 124 262 146  74 182 279 376  31 145 180
   275 184 219 315]
  [  0   0  40   0 365  78 178 158 155 164 168 269  40 237  37 195 111
    46  59 250 330]
  [  0 195  96  63   0 168 138 138 133  12 217 248 279 132  23 210 347
   223 138 270 169]
  [  0 371 174  98  19   0  67  48 371  35 364 189 340 311 303  98 289
   231 351 292 239]
  [  0 178 138 177 233  78   0 332 116 361  37 170 238  66 260  60 365
    10 176 176 208]
  [  0 224 203 295 274 286  87   0 209 159 208 104 268 197 275  88  34
     8 251  68  20]
  [  0 222  56 322 258  91 304 210   0 308 139  70 257  14 368 255 119
   121  88  72 169]
  [  0 274 255 347 287  57 196 368 366   0 168 158  20  83 176 177  82
   132  91  30 220]
  [  0 232 141 225 199  78 323 204 279 306   0 153 295 253 112 213 322
    63  42 301   7]
  [  0  56 205  71  38 154  22  45 209 295 170   0 340 323 369 104 312
   200  37 194  50]
  [  0  83  37  30 256  16 337 168 378  87 297 249   0 343  73 165  58
     7 358 292  59]
  [  0  23 179  10 152 276 184  50  18 141 279   8 286   0 139 303  27
   155 263 103 144]
  [  0 358 160 321 207  31 326 111  28   6 356  77 291 376   0  43 231
   270 247  59  61]
  [  0 300 299  23 221 184 256 156  14 158 139 156   6  54 266   0 107
   312 352 216 108]
  [  0  90 244 341 305  87 115  86 203 104  20 260  41  69 251 101   0
   230 167 101 308]
  [  0 216  91 232  13 117 282 195 158  22  54  61  58 157  15  63  67
     0 109 240  57]
  [  0 242 182 359 129 166 316 305 340 180 323 353 311 290   9 111   3
    81   0 113 229]
  [  0 193 285 122  24 248 361  76 115 295 101  87  44 169 337 234 191
     3 354   0 324]
  [  0 146 262 302 347 216  35 246  90 204 217  25 276  44  15  10 256
   157 186 291   0]]]
release_time
[  0   6 163   4  19  53  58  53   5   1  48  28  18   8   5  30  76  66
   0  28 487]
due_date
[  0  48 781   5  37  74  67  55  89   2  65  41  68  47  16  32  85  72
 234  42 750]
unit_emission
[19  7  8 15]
emission_limit
13650.5
setup_severity
2.0
due_tight
0.9
due_range
1.0
release_tight
10
degree_constr
0.5
