param: 
proc_time: (1, 100)
setup_rate: 0.5
setup_time: (15, 30)
delivery_time: (1, 100)

mach
8
job_rate
10
fam
3
setup_rate
0.5
proc_time
[[  0  15  31  46  94  23  30  85  79  43   7  23  76  52  69  70  61  18
   55  57  11   4  36  32  22  44  37  97  72   7  20  86  85  93  95  57
   23  51  51   3  49  75  29  92  82  56  94   7  88  39  44  99  90  17
   36  22  48  67  13  90  82  45  50  18  47   5  32  14  60  81  96  25
   19  18  62  93  53  53  98  79  96]
 [  0   7   2  17  43  23  76  12  82  57   7  84  75   2  23  76  56  87
   81  59  98  10  13  46   8  39  82  94   3  35  25  12  87   5  82  72
    3  14 100  16  66  25  86   9  10  34  92  30  49  14  77  17  30  47
   30  97   7  48  90  79  39  39  56  33  42  96  59  58  35  53  79  90
   75  15  50  83  76  40  90  51   3]
 [  0  93  82  23  33  98  37  38  50  14  64  68  21  34  17   1  26   8
   67  90  90  24  87  87  30  50  98  17  77  67  87  70  94  18  25  26
   34  86  80  75   9  28   1  16  67   8  85  10   5  74  43  99  33  12
   54  74  59  25  36  41  31  85  39  53   6  10  85  30  87  44  63  32
    6   7  47  47  26  11  95  75  31]
 [  0   8  85  70  42   4   7  56  81  63  84  93  16  82  98  74  33   1
   69  63   6  33  43  73  14  61  75  43  34  28  19  52  43  34   1  58
   28  49  92  61  52  80  79  78  79  11  63  99  32  80  87  41  55  66
   69  71  56  33  55   1  53  68  89  66  45  82  69  68  23   5  18  18
   66   4  41  19  79  10   5  50  22]
 [  0  90  52  62  47  63  97  77  64  98  45  39  34  57  95  44  34  62
   89  50  22  81  27   5  66  79  73  49  14  77  82  53  49  22   2  25
   42  79   8  68  69  27  75  73  97  93  84  45  33  20 100  19  43   7
   78  26  68  48  63  76  90  66  75  97  22  22  97  98  59  85  86  79
   36  56  72  47  61  20  78  63   8]
 [  0   6  58   4  46  53  81  47   7  81  49  85  60  73  75  62  31  31
   63  63  52  61  84  47  16  68  40  23  93   1  29  23  49  93   3  24
   37  69  40 100  13  11  40  56  16  92   6  33  91  13  18  36   8  96
   31  66  56  59  45  71  38  56   1  87  61  36  42  57  87  63  23  97
   37  40  25  38  95  50  79  32  71]
 [  0  80  58  29   2  71  79  11  99  56  85  97  28  71  96  96 100  93
   99   1  28  66  93  55  62  90  31  36  52  63  56  41  93  58  43  25
   68  83  64   6  18  98  90   4  60  34  19  24  34  82  90  70  84  40
   31  79  86  70  93  34  12  25  46  95   9  63  12  90  51  77  69   4
   22  38  77  74   1  29   3  54  50]
 [  0  65  40  26  78  49  23  50   9  62  17  14  51  51  76  13  57   1
   29  83  96  31  68  32  51  35  97  61  16  50  86  32  94  46  42  96
   76  55   2  53   5  31  14  44  91  72  70 100  28   4  16  72  19  13
   31  80  69  98  87 100  21  14  14  68   3  36  39  24  71  87  90  81
   99  23  62  84  58  82  32  77  13]]
setup_time
[[[ 0 15 19 26]
  [ 0  0 19 29]
  [ 0 23  0 26]
  [ 0 20 25  0]]

 [[ 0 21 26 16]
  [ 0  0 22 24]
  [ 0 29  0 24]
  [ 0 23 30  0]]

 [[ 0 23 20 24]
  [ 0  0 30 18]
  [ 0 30  0 22]
  [ 0 28 27  0]]

 [[ 0 17 21 25]
  [ 0  0 17 25]
  [ 0 26  0 18]
  [ 0 26 17  0]]

 [[ 0 29 27 23]
  [ 0  0 23 17]
  [ 0 23  0 20]
  [ 0 16 18  0]]

 [[ 0 21 25 16]
  [ 0  0 15 24]
  [ 0 21  0 30]
  [ 0 22 25  0]]

 [[ 0 15 17 30]
  [ 0  0 18 27]
  [ 0 28  0 24]
  [ 0 15 30  0]]

 [[ 0 17 20 28]
  [ 0  0 27 19]
  [ 0 21  0 26]
  [ 0 17 17  0]]]
delivery_time
[[  0  51  15  56  15  95  44  23  64   5  16   3  32  79  97  14  68  68
   78  66  65  63  92  30  53  66  35  30  74  81  97  65  87  89  37  37
   14   2  40  48  78  15  73  87  31  67  97  37  81  19  30  28  38  84
   51  58  27  81  64  91  95 100  82  51  72  78  19  68  90  59  35   7
   59  63  31  96  76  21   4  76  27]
 [  0  45  15  21  39  15  54  81  91   2  64  55  69  97  43  62  27  38
   29  34  17  74  63  32 100  21  47  28  71  75  90  81  35  62  75  17
   24  33  22  49  84  89  76  14  40  11  25  77  49  97  31  35   7  27
    2  59  88  45  26  13  83  60  34  77  39  85  85  40   3  99  72  38
    1  38  36  95  16  78  12  52  58]
 [  0  44  75  21  65  66  86  65  13  52  30  16   1  87  39  35  23  41
   64  15  60  85  19  28  47  53  24  81  82  35  48  60  66  69   4  25
   24  75  23  70  47   5  16  93  48  15  28  87  14  62  51  22  47  79
   48  36  64  29  52  32  76  17  59  70  96  93  86  84  65  86  69  31
   18  43  11  99  16  38  98  34  76]
 [  0  90  82  29  25  43  25  45  18  20  50   4  90  80  37  71 100   9
   88   7  49 100  48  16  83  60  37  77   2  71  96  32  41  20  41  61
   27  34  35  56 100  78  96  13  65  23  67  15  74  29  77  13  74  97
   82  35  92  31  28  64  74  29  86  95  94   4  13  43  70   5  91  76
   15  67  31  67  91  73  99  88  49]
 [  0  88  30  26  26  18  44  20   9  46  92  87  34  45  98  40  21   8
   68  55  32  71  83  76  71  34  58  97  30  99  42  70  89  43   6  60
   40  32  66  99  16  42  34  39  13  22  58  68  28  73  11  35  79  68
   15  16  51  58  78  81  94 100  55  49  39  90   5  35  42  21   7  41
   79  67  86  64  79  19  26  16  75]
 [  0 100  23  88  73  49  63  54  27  91  57  12   2   6  26  38   8  73
   74  36  19  15  48  19  77  10  54  29  35  56  86  16  89  20   2  47
   28  37  95  10  92  65  15  34   8  34  27  79  40  86  80  98  98  42
   88  95   6  94  70  89  46  55  69   8  71  35  66  76  38  69  64  64
   47  44  37  17  17  88  22  48  96]
 [  0  37   3   8   4  84  85  86  41  25  27  48  87  45  43  72  39  60
   64  86  89  72  75  10  19 100  14  19   7  58  16  13  77  12  53   2
   95  97  49  77  96   6  37  84  16  92  18  47  17  31  21  21  76  90
   12  90  74   7  25  52  41  33  98  51  66  89  49  45  40  71  25  34
   31   6  62  82  98  27  93  95  95]
 [  0  47  62  58   9  81   3  64  12  64  56  88  76  53  40  54  12  37
   34  44  50  25  65  16  99  79  22  82  54  73  14  91  48  99  44   5
   17  70  43  72  69   4  87  25   7  77  48  38  10  94  72  26  75  98
   72   3   2  78  54   7  81  18  66  65  33  69  22  36  37  53  63  10
   48  34   4  33  39  30  78  25  43]]
job2fam
[[1 0 0 0 0 0 0 0 0 0 0 0 0 0 0 0 0 0 0 0 0 0 0 0 0 0 0 0 0 0 0 0 0 0 0 0
  0 0 0 0 0 0 0 0 0 0 0 0 0 0 0 0 0 0 0 0 0 0 0 0 0 0 0 0 0 0 0 0 0 0 0 0
  0 0 0 0 0 0 0 0 0]
 [0 0 0 0 1 1 0 0 1 0 0 1 0 0 0 0 0 0 1 0 0 0 0 1 0 0 0 1 0 0 0 0 1 0 0 0
  1 0 0 0 1 0 0 1 0 1 0 0 0 0 0 0 0 0 0 0 0 0 0 0 1 0 0 1 0 0 0 1 0 1 0 0
  0 1 0 0 1 0 0 1 0]
 [0 1 1 0 0 0 0 0 0 1 0 0 1 0 1 0 0 0 0 0 0 1 1 0 0 0 0 0 1 1 0 0 0 0 1 1
  0 0 1 1 0 1 0 0 1 0 0 1 0 0 0 1 1 0 0 1 1 0 0 0 0 0 0 0 1 1 0 0 0 0 1 1
  0 0 1 1 0 1 0 0 1]
 [0 0 0 1 0 0 1 1 0 0 1 0 0 1 0 1 1 1 0 1 1 0 0 0 1 1 1 0 0 0 1 1 0 1 0 0
  0 1 0 0 0 0 1 0 0 0 1 0 1 1 1 0 0 1 1 0 0 1 1 1 0 1 1 0 0 0 1 0 1 0 0 0
  1 0 0 0 0 0 1 0 0]]
unit_cost
[12 13 12 18 14 14 15 11]
pre_factor
1.0
