param: 
proc_time: (1, 100)
setup_rate: 2.0
setup_time: (60, 120)
delivery_time: (170, 200)

mach
8
job_rate
10
fam
3
setup_rate
2.0
proc_time
[[  0  98  77  31  90  80  70  47  28   9  49  86  17  83  39  99  97  28
    7  63  79  13  34  22  76  39  48  95  55  92  29  24  42  79   2  98
   71  81  45  74   7  48  77   4   5  93  63  40  39  61   9  28  31   4
   19  56  82  29  65  32  72  30  46  36  88  30  42  98  60  62  30  36
   86  49   2  78  92  35  66  43   9]
 [  0   9  59  57  18  56  48  89  27  42  93  10  19  86  36 100  44  17
   62   7  47  99  41  24  11  81  69  29  26  65  95  12  97   9  65  54
    5  78  46  57  58  99  42  94  69  56  45  31  29  96  64  16  57  28
   70  29  67  42  15   4  22  10  41  41  49  75  52  58  91  73  39  71
   85  85  88  93  44  53  86   4  29]
 [  0  40   8  15  91  75  76  30  71  82  53  84  11  81   9  85  31  81
   33  87  34  21 100  33  23  74   7  41  57  94  96  22  46  13  54  54
   66  88  88  97  61  20  29  19  43  59  39  56  60  59  81  66  89  95
   10  33  61  44  10   3  56  90  92  22  38  37  25  82  97  21   7  28
   71   5  39  48  72  95  10  26   5]
 [  0  42  78  64  63  95  93  56  83  86  77  41  64 100  39  96  54  54
   57   4  82  43  44  56   1  44  58  40  87  22  82   8  81  88  42  15
   14  81  64  20  24  42  37  46   6  47  12  93   8   5  11  74  99  77
   89  75  94  93  38  35  87  75  68   6  30   7  92  86  10  64  54  55
   15  73  44  43  30  69  28  44  26]
 [  0  93  99  91  18  87  26  78  38 100  63  60  35  33  17  11  69  94
   24  63  82  73  90  41  55  75  34  45  24  24  30  28  95  79   3   8
   40  54  97   3  32  46  32  90  22  50  95  39  78  59  74  85   6   7
   47  14   5   4  52  61  57  25  58  22  17  81  34  91  54  56  38  96
    1   3  78  13  17  63   1  55  13]
 [  0  51  80   6   8  67  91  64   7   5   4  76  86  95  96  40   7  87
    2  27  64  75  40  63  66  27  69  68  50   2  80  15  32  44  75  82
   15  61  39  66  80   3  99  21   7  42  70  16  51  25  53  32  36  16
   72   1  31  27  84  52  80  32  64  31  52  75   8  44  36  60  19   8
   57  55  64  45  97  49  76  83  69]
 [  0  74   6  36  96  26  93  52  42  63  63   9  72  85  86  47   1  90
   78  69  71  40  82  68  90  56  52  25  77  61  99  35  24  52  83  94
   76  10  32  89  65  99  48  55  74  25  86  39  75  37  66  93  56  65
   38  69  33  65   3  51  60   2   3  63  46  35  44  46   3   8  39   4
   51  89  51  20  64  32  92  15  99]
 [  0  30  70  45  75  77  70  57  58  74  13  76  81  63  98  59  19  83
   37  87  65  15  79  53  32   7  42  95  69  31  17  24  85  34  78  64
   22  94  52  71  44  48  46  88  59  95   4  55  21  83  56  19  85   6
   87  13  58  45  14  13  73  82  34  78  83  84  39  34  65  84  84  61
   26  67  48  51  41  46  89  10  46]]
setup_time
[[[  0  61  85  90]
  [  0   0  69  98]
  [  0 100   0  63]
  [  0 111  79   0]]

 [[  0  83 106  69]
  [  0   0  94  83]
  [  0  61   0  61]
  [  0  96  87   0]]

 [[  0  92  85  60]
  [  0   0 102  93]
  [  0  92   0  62]
  [  0 111  82   0]]

 [[  0  91  67  61]
  [  0   0 102  80]
  [  0  81   0 111]
  [  0  62 109   0]]

 [[  0  82  84  74]
  [  0   0 109  65]
  [  0 110   0  63]
  [  0 117  80   0]]

 [[  0 110  69  91]
  [  0   0  84 120]
  [  0  99   0  73]
  [  0  74 102   0]]

 [[  0  91 106  99]
  [  0   0 120 106]
  [  0  69   0 107]
  [  0  78 108   0]]

 [[  0  81 119  70]
  [  0   0  86  80]
  [  0  78   0  78]
  [  0  95 109   0]]]
delivery_time
[[  0 188 181 173 198 189 180 175 189 197 174 174 193 198 183 178 181 176
  187 172 199 189 200 180 194 177 184 174 197 186 195 193 170 193 199 188
  199 200 180 200 181 197 199 193 180 191 188 187 198 171 189 191 189 187
  180 199 191 200 195 180 184 193 196 182 185 180 199 197 190 199 191 197
  191 197 190 186 183 187 198 185 199]
 [  0 181 193 170 196 190 181 184 186 186 193 188 173 182 197 180 197 198
  172 183 186 185 197 175 189 199 190 185 189 196 187 172 174 189 176 171
  194 197 171 187 177 200 174 197 190 185 173 181 179 187 191 183 184 172
  170 187 178 195 200 174 200 188 195 194 183 184 194 191 174 191 173 178
  200 181 197 194 177 195 194 196 185]
 [  0 181 187 188 195 196 178 182 176 180 173 174 183 179 184 179 173 171
  172 188 187 188 183 187 193 195 184 176 182 196 188 171 188 173 193 188
  186 198 184 191 188 170 199 174 191 178 178 190 174 170 191 183 181 184
  195 185 174 193 183 193 170 171 177 175 199 195 194 196 174 191 184 195
  187 198 174 194 175 178 171 188 187]
 [  0 197 200 194 173 190 192 171 176 174 197 185 199 187 197 192 172 183
  191 198 191 175 185 191 193 179 195 172 180 185 194 185 193 176 174 195
  179 193 189 171 180 192 194 174 176 190 197 195 191 184 187 180 173 173
  184 174 197 181 170 178 187 175 194 180 180 185 186 195 181 173 174 185
  184 185 187 193 174 187 193 188 197]
 [  0 173 193 188 197 176 182 185 191 175 172 175 186 175 189 194 184 199
  187 185 190 187 191 195 175 173 192 175 173 174 180 173 193 192 176 181
  191 171 194 174 177 179 179 196 182 173 196 184 193 197 183 187 197 186
  199 170 185 200 181 170 187 178 195 171 200 183 192 185 183 175 195 190
  187 176 185 176 173 200 198 171 180]
 [  0 182 172 193 198 195 183 175 192 193 178 171 177 189 175 186 171 196
  182 172 192 190 200 172 170 174 188 180 183 196 175 181 183 198 182 193
  180 176 199 183 199 189 175 181 184 193 188 173 186 176 180 190 188 177
  181 195 182 182 184 190 180 172 199 170 176 178 181 188 177 198 189 196
  183 177 175 187 183 175 195 188 190]
 [  0 195 179 192 173 183 180 190 182 170 172 197 181 193 189 182 189 182
  195 172 185 181 179 198 182 172 174 174 180 198 189 184 187 182 171 174
  174 179 194 191 179 183 171 193 176 172 171 189 193 172 174 191 200 171
  181 179 189 179 185 184 195 179 193 176 199 200 181 177 175 186 190 179
  184 198 173 177 200 176 182 175 182]
 [  0 185 199 191 179 198 191 188 199 181 175 186 188 177 176 187 188 178
  179 183 172 194 181 188 199 193 194 198 181 198 184 192 187 192 180 188
  189 179 194 180 175 178 191 190 175 177 197 190 194 190 193 193 174 189
  190 172 184 191 184 171 196 194 187 180 191 192 189 170 191 186 190 174
  178 195 191 195 179 178 190 177 197]]
job2fam
[[1 0 0 0 0 0 0 0 0 0 0 0 0 0 0 0 0 0 0 0 0 0 0 0 0 0 0 0 0 0 0 0 0 0 0 0
  0 0 0 0 0 0 0 0 0 0 0 0 0 0 0 0 0 0 0 0 0 0 0 0 0 0 0 0 0 0 0 0 0 0 0 0
  0 0 0 0 0 0 0 0 0]
 [0 1 1 0 0 1 1 0 0 1 1 0 0 0 0 0 0 1 0 1 0 0 1 1 1 0 1 0 1 0 0 0 1 0 0 0
  1 1 1 0 0 1 0 1 0 0 0 1 0 1 0 1 1 1 0 0 0 0 0 0 1 1 0 1 0 0 0 0 0 0 1 1
  0 0 0 0 1 1 0 0 0]
 [0 0 0 0 0 0 0 0 1 0 0 1 1 0 1 0 0 0 1 0 1 0 0 0 0 1 0 1 0 1 0 1 0 1 1 0
  0 0 0 1 0 0 0 0 1 1 1 0 0 0 0 0 0 0 1 0 1 1 0 0 0 0 1 0 0 1 0 1 0 1 0 0
  0 1 1 0 0 0 0 0 0]
 [0 0 0 1 1 0 0 1 0 0 0 0 0 1 0 1 1 0 0 0 0 1 0 0 0 0 0 0 0 0 1 0 0 0 0 1
  0 0 0 0 1 0 1 0 0 0 0 0 1 0 1 0 0 0 0 1 0 0 1 1 0 0 0 0 1 0 1 0 1 0 0 0
  1 0 0 1 0 0 1 1 1]]
unit_cost
[25 34 28 24 33 29 25 30]
pre_factor
1.0
