param: 
proc_time: (1, 100)
setup_rate: 1.0
setup_time: (30, 60)
delivery_time: (100, 200)

mach
8
job_rate
10
fam
5
setup_rate
1.0
proc_time
[[  0  67  67  47  49  92  85  92  66  83  64  99   7  98  68  51  13   8
   98  50  96  67 100  93  69  48 100  10  26  82  62  40  51  37   9  62
   74  15  72  75  78  14  79   7  81  71  58  40  69  72  89  28  87  73
   77  64  80  58  69  99  87  63  26  25  43  34  97  34  29   3  44  16
   29  88  37  65  10   5  17  30  64]
 [  0  60  72  45  87   1  90  44  14   8  27  63  19  19  80  53   3   5
   96  33  19  83  63  91  83  72   4  21  62  84  15  47  66  55  82  44
   28  36  91  97  50  64  48  97  95  66  97  81  61  14  10  39  65  64
   28  44  19  42   5   1   1  89   7  61  80  80  30  75  50  57  62  84
    8   3  11  94  86  72  87  12  67]
 [  0  12  43  22  59  52  14  71  60  84  45  78  18  62  35  78  79  59
   67  80  26  45  16  93  37  69  99  42  56  90  81  10   9  34  74  52
   40  87  98  65  66  39  53  33  51  41  85  22  81  49  13  73  41   7
   24  50  33  71  23  87  96  59  95  46  65  16  91   2  13  67  13  41
   84  74  32  57  52  90  97  34  35]
 [  0   5  73  38  97  23  50   4  73  70  31   9  16  57  43  21  69  21
   58  20  63  10  33  88  43  22   1  49  56  11  16  72  53  25  85   5
   47  89  15  97   8  87  32  16  25  21  76  38  45  96  80  83  56  35
   60  47  61  62  87  63  43  94  14  84  24  92  99  98  80  84  79  96
   67  95  67  89  46  53  47  66  58]
 [  0  26  51   1  45  81  41  40  55  35  49  74   8  71   3  66  91  64
   90  10  20  96  86  42  28  53  70  82  83  57  25  78  16  39  94  62
    8  91  52  18  35  44  82  48  93   5   5  50  49  34  23  40   1  94
   84  44  37   5   6  98  81  81  55  47  95  65   1  14  91  12  10   3
   36  53  96  10  34  48  85  43   6]
 [  0  96  12  90  87  18  38  73  32  56   5  54  80  53   1  25  25  14
   94  95   7  20   6  33  76  53  32  52  63  66  31  48  47  57  18  73
   64  47  11  72  58  33  20  76  10  38  83  68  65   5  25  75  32  39
   50  45  28  67  95  78  66  19  86  91  89  37   6  13  34   3  99  14
    5   7  55  44  82  19  20  21  84]
 [  0  58  81  51  31  31  94  27   9  64  10  42  29   9  99  26  10  23
   67   9  56  18  29  55  91  16  68  24  25  91  75  97  19  46  37  50
   91  57  43  87  98  66  50  33  92  65  10  57  31  98  91  12   4  24
   53  63  39  63  15  86  85  32  29  22  22  20  86  14  28  33   2  36
   80  84  48  18  13  97  42  25  51]
 [  0  47  74  83  61  75  86  96  56  73  37  18   7  44  31  96  87  70
   66  78  61  99   4   9  11  98   2  76  22  13  44  80  52  32  46  61
   91  99  65  78  94  10  16  31  83  18  76  43  25  96  17  73  98  93
   55  60  85   7   3  15  51  19  61  55  23  40  45  46  65  47  85  38
   35  91 100  78  27  91  15  37  56]]
setup_time
[[[ 0 56 33 51 39 51]
  [ 0  0 44 59 48 46]
  [ 0 33  0 39 49 53]
  [ 0 48 41  0 37 53]
  [ 0 44 37 58  0 58]
  [ 0 56 36 33 46  0]]

 [[ 0 58 49 42 40 39]
  [ 0  0 52 38 56 49]
  [ 0 32  0 37 34 41]
  [ 0 33 53  0 33 34]
  [ 0 32 32 60  0 49]
  [ 0 55 53 47 45  0]]

 [[ 0 34 51 47 49 59]
  [ 0  0 51 44 35 49]
  [ 0 42  0 48 48 60]
  [ 0 53 37  0 36 34]
  [ 0 43 38 48  0 55]
  [ 0 35 60 60 49  0]]

 [[ 0 31 32 33 33 39]
  [ 0  0 36 37 40 41]
  [ 0 43  0 32 31 44]
  [ 0 53 50  0 50 54]
  [ 0 60 54 48  0 31]
  [ 0 42 58 42 45  0]]

 [[ 0 37 35 35 53 37]
  [ 0  0 60 43 45 46]
  [ 0 52  0 46 43 43]
  [ 0 44 48  0 43 47]
  [ 0 41 41 43  0 57]
  [ 0 44 49 41 54  0]]

 [[ 0 50 38 35 49 34]
  [ 0  0 36 36 42 50]
  [ 0 54  0 42 48 48]
  [ 0 49 45  0 30 57]
  [ 0 42 52 51  0 40]
  [ 0 58 30 33 31  0]]

 [[ 0 54 57 46 36 30]
  [ 0  0 46 35 44 53]
  [ 0 55  0 56 58 60]
  [ 0 56 50  0 30 54]
  [ 0 54 54 40  0 37]
  [ 0 57 33 55 56  0]]

 [[ 0 46 48 53 55 57]
  [ 0  0 40 41 33 30]
  [ 0 30  0 56 39 52]
  [ 0 57 60  0 32 46]
  [ 0 56 32 41  0 41]
  [ 0 53 52 60 30  0]]]
delivery_time
[[  0 198 199 153 124 171 158 141 180 142 134 194 173 115 105 169 101 134
  193 123 141 137 197 181 161 198 125 150 158 112 134 200 113 171 169 162
  160 100 180 199 195 185 181 169 153 131 117 146 111 199 178 173 190 197
  170 148 180 124 114 175 187 136 172 109 170 129 122 132 150 164 142 118
  200 193 128 127 105 193 114 128 197]
 [  0 182 142 170 197 185 174 186 158 181 178 125 123 185 104 176 181 104
  139 144 128 138 145 199 175 118 169 194 139 134 114 175 160 143 153 169
  195 162 104 146 189 106 196 182 194 106 124 121 102 114 166 121 175 104
  155 196 106 178 108 108 167 163 115 137 176 179 111 194 134 164 199 105
  124 106 168 149 111 183 141 174 173]
 [  0 162 109 170 114 121 105 139 194 159 179 104 189 130 148 131 147 197
  132 155 142 176 168 158 173 110 183 191 173 107 132 130 160 166 147 182
  165 153 108 152 152 103 158 182 123 169 165 139 120 146 192 156 179 110
  112 145 101 198 188 183 177 194 166 181 175 100 126 166 156 169 158 115
  199 193 136 126 100 146 145 190 106]
 [  0 189 104 180 183 100 113 190 151 166 121 194 178 180 179 145 136 173
  162 118 154 170 168 108 176 104 155 160 127 134 141 191 179 144 163 139
  198 144 166 118 110 149 126 188 198 190 126 159 176 140 145 139 111 139
  122 158 147 197 145 182 140 143 188 174 164 137 176 161 171 194 189 176
  143 179 186 114 104 185 112 166 114]
 [  0 197 106 196 108 126 163 148 103 163 149 164 136 163 114 101 185 135
  151 157 186 198 170 190 103 162 159 162 199 164 120 192 187 103 200 107
  134 191 195 129 156 100 130 101 114 148 175 100 197 199 133 128 197 134
  197 118 176 103 182 168 175 171 106 164 128 164 144 188 173 175 170 190
  111 175 198 165 144 125 110 133 178]
 [  0 136 163 197 152 190 137 192 179 184 146 171 183 153 130 141 148 109
  130 182 163 112 132 171 185 143 122 141 131 164 186 102 148 127 158 188
  170 124 132 181 110 141 105 130 136 123 105 150 188 200 131 175 142 200
  118 140 142 129 107 129 180 156 103 143 135 108 137 137 174 192 173 171
  178 151 178 103 132 157 126 140 125]
 [  0 109 198 157 187 146 162 179 106 179 136 139 169 166 177 181 174 151
  122 108 144 138 174 136 149 183 101 111 120 154 197 165 172 188 125 168
  150 125 144 116 130 176 137 148 183 151 197 116 143 108 182 154 171 135
  166 199 132 161 155 120 104 151 162 117 137 185 140 139 136 149 105 119
  198 158 133 129 146 112 131 120 133]
 [  0 102 122 142 186 193 186 145 159 164 180 152 152 119 134 149 191 100
  139 192 191 171 151 123 193 199 200 155 187 162 108 192 200 185 134 138
  154 130 133 158 188 101 134 153 184 125 120 197 115 157 138 174 199 100
  152 120 189 196 149 171 157 166 140 142 110 109 128 184 159 117 140 167
  114 182 144 130 199 180 183 104 177]]
job2fam
[[1 0 0 0 0 0 0 0 0 0 0 0 0 0 0 0 0 0 0 0 0 0 0 0 0 0 0 0 0 0 0 0 0 0 0 0
  0 0 0 0 0 0 0 0 0 0 0 0 0 0 0 0 0 0 0 0 0 0 0 0 0 0 0 0 0 0 0 0 0 0 0 0
  0 0 0 0 0 0 0 0 0]
 [0 0 0 1 0 0 0 0 0 0 0 0 0 0 0 0 0 0 0 0 1 0 1 0 0 1 1 0 0 0 0 1 0 0 0 1
  0 0 0 1 0 0 0 0 0 0 1 0 0 0 1 0 0 0 0 0 0 1 0 0 0 0 1 0 0 0 0 0 0 0 0 0
  0 0 0 0 0 0 0 1 1]
 [0 0 0 0 0 1 0 1 0 0 0 0 0 0 0 0 0 1 0 0 0 1 0 0 1 0 0 0 0 0 0 0 0 0 0 0
  0 0 0 0 0 0 0 0 0 1 0 0 0 1 0 0 0 0 0 1 0 0 1 0 0 0 0 1 0 0 0 0 0 0 0 0
  0 1 1 0 0 0 0 0 0]
 [0 0 0 0 0 0 0 0 0 0 0 1 0 0 1 1 0 0 1 0 0 0 0 0 0 0 0 0 1 1 0 0 0 0 1 0
  0 0 0 0 1 0 1 0 1 0 0 0 0 0 0 0 1 0 1 0 1 0 0 0 0 1 0 0 0 0 0 1 0 0 0 1
  0 0 0 1 0 0 0 0 0]
 [0 1 1 0 0 0 1 0 1 0 1 0 0 0 0 0 0 0 0 1 0 0 0 1 0 0 0 0 0 0 0 0 0 0 0 0
  0 0 1 0 0 1 0 1 0 0 0 0 1 0 0 0 0 0 0 0 0 0 0 0 1 0 0 0 0 0 1 0 1 0 1 0
  1 0 0 0 1 1 0 0 0]
 [0 0 0 0 1 0 0 0 0 1 0 0 1 1 0 0 1 0 0 0 0 0 0 0 0 0 0 1 0 0 1 0 1 1 0 0
  1 1 0 0 0 0 0 0 0 0 0 1 0 0 0 1 0 1 0 0 0 0 0 1 0 0 0 0 1 1 0 0 0 1 0 0
  0 0 0 0 0 0 1 0 0]]
unit_cost
[20 27 26 22 24 21 29 23]
pre_factor
1.0
