mach
2
job_rate
5
weight
[0 8 3 8 5 8 8 6 6 2 4]
proc_time
[[  0  61  92  50 108 148 142  51 100 145  87]
 [  0  93  89  96  56 139 109  59  58  78  93]]
setup_time
[[[0 3 2 4 1 1 4 2 3 3 4]
  [0 0 4 1 3 2 2 3 1 2 1]
  [0 3 0 0 1 3 1 1 0 2 0]
  [0 3 2 0 2 0 0 2 1 3 4]
  [0 0 1 3 0 4 0 2 0 4 2]
  [0 4 1 3 2 0 0 0 0 2 2]
  [0 0 4 2 0 4 0 1 3 3 3]
  [0 2 1 1 2 3 1 0 0 2 4]
  [0 1 2 2 4 0 0 0 0 0 4]
  [0 1 0 4 4 0 0 0 0 0 0]
  [0 4 2 2 2 0 4 1 0 1 0]]

 [[0 1 1 3 2 4 2 3 0 4 3]
  [0 0 1 4 4 3 4 0 2 3 1]
  [0 1 0 3 4 4 1 3 0 3 1]
  [0 4 0 0 3 2 0 0 0 3 0]
  [0 1 0 2 0 3 1 2 2 2 1]
  [0 1 2 0 1 0 2 3 4 2 2]
  [0 2 0 0 1 0 0 4 0 0 3]
  [0 1 2 2 4 1 2 0 2 2 0]
  [0 3 0 3 4 4 3 4 0 4 0]
  [0 3 1 1 1 2 2 1 4 0 1]
  [0 2 2 3 2 3 1 0 1 3 0]]]
release_time
[ 0  9 14 42 17 31 32 11 25 30  1]
due_date
[ 0 52 41 46 38 38 63 39 36 37 39]
unit_emission
[13  8]
emission_limit
7343.6
setup_severity
0.02
due_tight
0.9
due_range
0.25
release_tight
1
degree_constr
0.8
