param: 
proc_time: (1, 100)
setup_rate: 2.0
setup_time: (60, 120)
delivery_time: (170, 200)

mach
8
job_rate
10
fam
5
setup_rate
2.0
proc_time
[[  0  45  28  90  32  47  30  18  24   6  14  36  12  17  51  68  84  82
   79  31  28  62  34  48  25  13   8  75  35  26  51  17  99  11  12  35
   64  45  80  43  50  47  94  76  60  41  56  68  35  87  48  52  50  53
   18  79  65  53  32   7  71  57  37  19   4  24  50  28  36  73  80  29
   89  37   2  62  11  10  21  77  17]
 [  0  24  72  18  57  24  49  85   3  94  48  97  47  43  10  78   4  33
  100  36  72   7  79  83  51  87  41  68  26  21   4  23  86  92  76  40
   92   5  16  34  57  60  71  88  25  40  29  95  40  56  79  18  61  12
   67   5  33  37   1  28  80  83  77  19  91  83  37  40  90  71  91  86
   55  63 100  39  86  10   3  88  31]
 [  0  18  48  45  55  58  73  94   6  47  39  12  13  59  66  54 100  38
   75  46  32  82  72  14  70  82  17  63  63  28  36  87  22  96  41  65
   59  20  92   9  73  96  82  66  41   6  85  24  18  45  71  64  62  72
   61  28  26  69  37  62   1  91  70  59  43  72  23  11  15 100  44  18
   24  14  81  46  76  69  52  99  52]
 [  0  26  30   4  44   7  12  27  14  47  42  18  68  33  57  46  81  58
   64  86  57  38  21  11   5  81   3  51  93  15  83  90  34  24  27  68
   74  37  74  13  76   8  22  46   2  77  80  98  27  51  90  32  15  73
   87  71   6  93  18  32  70  91  82  69  70  21  96  28  90  21  90   7
   85  86   7  39  33  14  48  56  98]
 [  0  50  16  36   1  42  61  34  25  49  59   9  49  79  86  46  34  35
   27  71  68   3  40  93  13  43  55  19  10  15  57  47  88  34  78   6
   41  32  72  18  59  87  20  32  16  83  16   7  85  77   8  15  55  36
   31  95  81  42  23  92  74  37   6  74  66  92  49  45  95  51  28  52
   81  99   9  27  78  15  57  39  16]
 [  0  38 100  54   2  41  91  15  10  34  85  81  68  19  83  23  87  15
   33  44  81  35  91  32  36  16  98  46  80  42  17  27  92  11  66  89
  100  86  76  48  49  85  46  31   4  47  41  66  65   5  20  63  36  54
   68   8  76  54   8  21  16  85  44  76  44  65  65  54  36  78   4  90
   47  32  30  34   2  73  59  18  38]
 [  0  23  55  56  29  42  45  84   6  69  71  50  55   7  83  38  55  57
    7  38  84  52  50  78  56  64  60  93  57  10  96  73  20  51  48  43
   27  95   7  81  31  50  80  25  54  71  66  31  45  99  52  59  80  43
   54  80   3  76  93  69  56  54  21  45  14  67  95  10  63  23  54  28
   29  90   9  51  60  12  44  10  25]
 [  0  10  78   3   9  56  30  46  18  56  86  35   3   6  84  33  75  82
   86  88   6  24  39  84  85  10   9   6  81   4  14  16  54  74  61  96
   45  12  74  50  35  87  96  90  95  53  13  17  55  47  62  49  83  54
   78  71  13  68  20  80  64  89  49 100   2  64   4  50  93  56  10  20
    3   3  77  97  42  44  45  91  26]]
setup_time
[[[  0 107  61  75  60  89]
  [  0   0 104 117 114  80]
  [  0  82   0 115  79  99]
  [  0 115 120   0  94  67]
  [  0 106  61  81   0  77]
  [  0  99  84  64  70   0]]

 [[  0  68 115 102  80  97]
  [  0   0 101 104 109  89]
  [  0 111   0  83  95  68]
  [  0  82  90   0 104  91]
  [  0  64  85 116   0  83]
  [  0  75  60 116  99   0]]

 [[  0  63  80 101  73  67]
  [  0   0  68 110 100  68]
  [  0 119   0  69  95  88]
  [  0 112  60   0  65 101]
  [  0  94  62  67   0 114]
  [  0  95  66  79 116   0]]

 [[  0  95 105  74  66  77]
  [  0   0  73 110  74  85]
  [  0  68   0  83 107 116]
  [  0  97 103   0  86  92]
  [  0  82 112  85   0 116]
  [  0  86  83  89  99   0]]

 [[  0  96 105 105  98  79]
  [  0   0  96  68 112  62]
  [  0 120   0  79  86 110]
  [  0  94 114   0 102  78]
  [  0  73  90  94   0  83]
  [  0  90  71  67 111   0]]

 [[  0  64 103  89  76 119]
  [  0   0  70  90 104 105]
  [  0  72   0 113 110 114]
  [  0  70  61   0 104 105]
  [  0  78 104 100   0  68]
  [  0  64  70 110  93   0]]

 [[  0  88  86  98  73 115]
  [  0   0 114  75  77  77]
  [  0  89   0  65  98  92]
  [  0 108 107   0  85 117]
  [  0 113  78  91   0  91]
  [  0  89  66 101  74   0]]

 [[  0  95  79 106  67  79]
  [  0   0  71  96 110  71]
  [  0 106   0 106  95  91]
  [  0  85  98   0  61  93]
  [  0 117  67  65   0 107]
  [  0  93  64  89  82   0]]]
delivery_time
[[  0 176 180 180 174 193 199 174 176 181 188 193 191 195 198 178 171 179
  193 189 189 194 199 178 195 195 200 185 196 183 178 171 195 172 171 196
  180 177 174 175 181 171 187 187 190 173 180 171 179 198 192 193 183 197
  176 193 198 176 188 180 196 172 179 193 190 171 190 189 190 199 176 178
  195 178 187 173 174 198 187 200 183]
 [  0 196 173 177 187 171 178 195 177 182 172 196 179 194 200 170 193 200
  198 181 200 194 175 180 195 174 172 182 192 174 194 179 174 195 177 191
  196 177 191 180 173 183 170 174 175 190 195 199 174 171 183 174 177 175
  192 183 193 200 175 190 186 178 176 190 184 178 196 170 171 177 181 187
  193 187 178 193 198 194 180 183 189]
 [  0 185 192 176 170 197 190 196 181 180 182 179 181 178 172 199 193 191
  194 171 181 195 184 189 175 200 175 174 194 175 194 196 191 191 191 183
  186 175 176 172 173 183 199 190 189 185 174 177 178 190 174 183 196 177
  177 182 197 197 198 195 170 183 174 182 172 196 187 195 199 192 177 188
  178 200 189 175 181 186 185 176 172]
 [  0 170 190 185 178 190 182 192 199 195 176 189 176 184 173 173 176 195
  189 185 191 197 182 183 178 197 182 178 195 186 182 185 182 200 196 176
  187 175 183 170 191 186 196 191 193 187 189 193 193 190 172 179 183 188
  186 199 198 179 177 179 186 186 186 196 200 189 198 177 172 171 171 170
  181 183 185 182 170 199 174 188 182]
 [  0 189 199 193 189 173 174 193 180 184 171 176 185 187 175 173 176 181
  188 197 195 180 178 198 189 183 180 190 197 187 196 185 193 192 183 170
  185 198 183 199 179 175 171 185 183 175 188 177 177 189 199 193 179 198
  197 195 192 176 195 189 170 191 195 170 200 186 182 185 170 194 170 191
  199 183 176 179 172 198 184 188 186]
 [  0 197 186 182 176 199 200 194 191 170 171 200 173 197 185 189 171 178
  191 184 192 181 175 184 199 188 173 179 189 197 181 190 198 188 171 190
  178 172 177 173 195 194 184 197 194 171 190 198 183 181 185 197 191 178
  176 191 172 199 195 191 194 173 193 175 172 181 170 183 170 182 191 189
  171 195 174 171 188 173 183 181 186]
 [  0 183 170 177 177 184 200 196 177 187 189 181 200 196 178 172 187 190
  171 174 192 200 195 174 175 186 177 178 173 180 190 191 189 185 174 173
  193 182 196 173 199 180 172 183 176 180 198 183 173 177 200 200 196 189
  178 184 181 184 180 196 184 190 178 188 183 175 187 193 173 185 190 181
  191 186 171 180 194 187 195 197 186]
 [  0 191 199 172 180 194 175 185 170 180 192 175 186 193 196 191 198 190
  185 170 193 195 189 177 177 200 176 183 196 183 194 180 177 196 175 189
  199 171 183 176 185 190 172 174 192 192 197 178 185 197 178 175 184 175
  173 180 193 184 171 185 172 190 191 177 196 196 170 175 196 189 174 200
  185 200 191 197 180 171 179 176 197]]
job2fam
[[1 0 0 0 0 0 0 0 0 0 0 0 0 0 0 0 0 0 0 0 0 0 0 0 0 0 0 0 0 0 0 0 0 0 0 0
  0 0 0 0 0 0 0 0 0 0 0 0 0 0 0 0 0 0 0 0 0 0 0 0 0 0 0 0 0 0 0 0 0 0 0 0
  0 0 0 0 0 0 0 0 0]
 [0 0 0 1 1 1 0 0 1 0 0 0 0 0 1 1 0 0 0 0 0 1 0 0 0 0 0 0 0 0 0 0 1 0 1 0
  0 0 1 0 0 1 0 1 0 0 0 0 1 0 0 1 1 0 0 0 0 0 0 1 1 1 0 0 0 0 0 0 1 0 0 0
  0 0 0 0 0 1 0 1 0]
 [0 0 1 0 0 0 0 0 0 1 0 0 1 0 0 0 1 0 1 0 1 0 0 0 0 0 0 0 0 1 0 1 0 0 0 0
  0 0 0 1 1 0 0 0 0 1 0 0 0 0 0 0 0 0 0 0 0 0 0 0 0 0 0 1 0 1 1 0 0 0 0 0
  1 0 1 1 0 0 0 0 0]
 [0 0 0 0 0 0 0 0 0 0 0 0 0 0 0 0 0 0 0 1 0 0 0 1 1 0 1 0 0 0 1 0 0 0 0 1
  0 0 0 0 0 0 0 0 0 0 1 1 0 0 0 0 0 0 0 0 0 1 0 0 0 0 1 0 0 0 0 0 0 0 1 1
  0 1 0 0 1 0 0 0 0]
 [0 0 0 0 0 0 0 1 0 0 0 1 0 1 0 0 0 0 0 0 0 0 0 0 0 0 0 0 1 0 0 0 0 1 0 0
  1 0 0 0 0 0 1 0 0 0 0 0 0 0 1 0 0 1 1 0 1 0 0 0 0 0 0 0 0 0 0 1 0 1 0 0
  0 0 0 0 0 0 0 0 1]
 [0 1 0 0 0 0 1 0 0 0 1 0 0 0 0 0 0 1 0 0 0 0 1 0 0 1 0 1 0 0 0 0 0 0 0 0
  0 1 0 0 0 0 0 0 1 0 0 0 0 1 0 0 0 0 0 1 0 0 1 0 0 0 0 0 1 0 0 0 0 0 0 0
  0 0 0 0 0 0 1 0 0]]
unit_cost
[22 25 28 28 26 27 27 24]
pre_factor
1.0
