mach
4
job_rate
6
weight
[ 0 10  9  4  4  1  6  9  4  8  4  6  5  2  9 10  8 10  4  1  7 10  4  6
  3]
proc_time
[[  0  71  67 105  81 134 149 126 109  72 125 128  65  59 143  79  74 118
   65  89  92 145  80  73 136]
 [  0  71 133  67 136 109  96  80 134 119  73  54  96 149  86 135 131  63
   60  62  70  79 101  77 124]
 [  0 125 137  52 144 111  51 129  87  83  84 132  51 124  68 115  51  60
  133  74 149  65 105 131 114]
 [  0  82 110  56 106 101  62  66 101 113 105  91  81 122  94  52  68  99
   93  84 112 117  86  80  66]]
setup_time
[[[0 3 3 1 1 2 1 0 0 3 3 4 1 3 2 2 2 0 4 4 2 0 0 1 2]
  [0 0 2 1 2 4 0 1 3 3 2 4 4 0 0 2 4 1 2 1 1 1 1 2 0]
  [0 1 0 4 0 1 1 0 1 4 3 2 3 2 2 3 3 0 1 3 4 4 4 3 4]
  [0 0 0 0 1 0 0 2 1 3 4 3 2 4 1 1 4 2 3 0 3 0 2 1 0]
  [0 2 1 4 0 0 0 4 3 2 0 1 4 3 4 4 4 0 2 2 0 3 0 3 3]
  [0 1 1 4 2 0 4 1 2 3 3 4 0 2 2 2 3 2 2 3 3 2 3 2 0]
  [0 0 2 2 3 4 0 0 2 0 0 4 4 1 2 1 1 3 4 4 0 4 4 3 3]
  [0 4 0 0 3 4 2 0 1 3 4 2 4 3 4 2 1 2 2 0 2 4 0 1 1]
  [0 4 2 1 3 4 2 1 0 0 2 3 3 0 3 1 0 0 3 0 2 1 2 3 4]
  [0 3 0 4 3 4 0 2 2 0 0 1 4 4 4 4 3 3 3 0 1 4 4 4 1]
  [0 4 1 0 4 4 1 2 4 4 0 1 1 2 2 2 0 2 1 3 2 3 4 1 0]
  [0 1 3 3 4 4 4 3 2 2 4 0 4 2 0 3 0 0 2 4 1 1 2 0 0]
  [0 0 3 4 1 1 3 3 1 2 0 0 0 1 2 3 2 3 3 4 2 2 2 1 0]
  [0 3 4 3 4 3 3 1 0 3 4 0 4 0 0 1 2 4 4 4 1 2 3 3 3]
  [0 4 2 3 3 3 4 4 1 1 0 4 0 4 0 2 1 1 2 3 0 3 0 3 4]
  [0 2 3 3 3 0 3 4 1 1 0 3 0 2 1 0 1 1 0 1 1 2 4 4 0]
  [0 3 0 0 2 4 3 4 0 0 3 4 2 2 3 1 0 4 0 3 4 2 3 4 2]
  [0 0 1 2 4 2 1 4 4 4 1 2 2 3 2 4 2 0 0 0 0 4 3 1 1]
  [0 3 4 4 2 1 1 3 0 2 2 1 0 2 0 1 0 0 0 2 2 3 0 0 0]
  [0 4 1 0 1 0 4 0 3 2 0 1 2 4 2 1 0 2 2 0 1 2 1 3 4]
  [0 0 1 4 1 0 2 0 0 2 2 2 2 3 0 0 3 3 3 4 0 1 0 1 0]
  [0 1 3 1 4 1 2 3 4 2 2 3 1 1 4 1 1 2 0 0 0 0 2 0 2]
  [0 3 3 3 0 3 2 2 3 0 3 2 4 4 0 0 4 4 4 1 0 3 0 2 0]
  [0 3 4 3 4 1 4 2 3 3 3 2 0 4 0 2 4 2 2 3 4 2 0 0 4]
  [0 0 1 2 4 1 1 2 2 0 2 4 1 1 2 0 2 0 4 1 0 0 3 3 0]]

 [[0 3 1 0 4 2 4 3 0 2 2 2 0 1 4 2 0 0 3 3 2 2 3 3 0]
  [0 0 2 3 0 3 2 1 2 2 4 0 3 3 3 1 3 3 2 4 0 1 3 1 1]
  [0 4 0 3 3 0 2 4 1 0 4 2 0 1 1 3 2 3 3 4 3 1 0 4 3]
  [0 4 3 0 0 4 1 4 4 2 3 4 1 3 2 1 0 3 4 1 3 3 1 2 3]
  [0 1 0 0 0 4 3 1 1 0 3 1 2 1 1 2 3 0 0 4 0 4 0 2 0]
  [0 0 0 0 3 0 2 1 4 4 2 4 1 1 3 4 1 3 4 3 0 1 4 1 3]
  [0 3 1 4 1 2 0 3 3 1 0 0 4 2 4 3 0 2 4 3 1 2 3 0 1]
  [0 2 0 4 3 3 3 0 4 3 1 4 4 0 2 3 1 2 0 2 2 0 4 0 1]
  [0 2 0 1 3 1 2 4 0 4 1 2 4 1 1 3 2 3 1 0 0 0 2 2 1]
  [0 2 0 0 4 3 0 2 3 0 2 3 2 2 1 3 1 0 0 1 1 4 4 2 1]
  [0 2 3 3 3 2 0 0 3 3 0 3 0 4 2 0 3 4 2 0 1 0 3 4 4]
  [0 0 1 0 3 4 0 4 0 2 2 0 1 4 4 2 0 0 1 2 0 1 4 4 1]
  [0 3 1 1 1 4 2 4 3 2 1 1 0 0 0 4 2 1 0 1 4 1 1 0 2]
  [0 1 0 3 4 3 3 4 3 3 3 2 3 0 2 4 2 1 4 4 3 3 0 2 0]
  [0 4 2 4 4 0 2 1 0 0 2 0 4 0 0 3 4 4 4 0 1 1 0 3 4]
  [0 0 1 4 4 3 0 3 3 0 2 1 0 0 4 0 0 4 1 0 2 2 1 4 4]
  [0 1 2 3 0 3 2 4 4 4 3 4 2 2 1 2 0 1 0 3 3 3 4 0 2]
  [0 3 0 3 3 2 2 0 2 0 2 3 1 1 0 1 2 0 1 3 2 4 3 1 1]
  [0 2 3 0 1 1 2 0 0 0 2 2 1 0 4 1 0 1 0 0 0 1 0 2 0]
  [0 1 1 0 3 3 2 2 0 4 2 0 0 0 3 1 1 3 4 0 0 1 4 0 2]
  [0 1 2 0 1 0 1 2 2 1 1 0 3 2 2 4 4 3 4 2 0 1 1 0 3]
  [0 4 2 1 0 0 2 3 4 2 1 4 2 2 0 2 1 0 1 4 3 0 0 1 4]
  [0 4 4 0 3 4 4 3 0 0 3 0 4 3 1 1 3 1 2 0 0 3 0 0 0]
  [0 2 3 1 2 3 0 0 1 2 4 0 0 3 0 3 4 3 4 1 0 3 3 0 3]
  [0 3 0 0 0 2 4 3 4 4 0 1 3 0 0 0 3 4 2 1 1 1 2 0 0]]

 [[0 2 3 4 2 3 2 2 3 3 4 1 2 3 0 0 0 1 2 0 2 3 1 4 2]
  [0 0 1 0 1 4 4 1 0 3 3 0 2 2 3 0 2 4 4 2 1 1 4 2 1]
  [0 1 0 4 0 2 1 1 4 3 4 4 4 0 2 0 4 2 0 0 2 1 1 3 2]
  [0 4 2 0 2 2 2 0 3 3 0 3 2 2 2 0 4 4 1 1 1 1 2 0 0]
  [0 0 4 0 0 0 1 2 2 4 0 2 4 3 4 2 4 3 1 4 2 2 0 1 0]
  [0 1 0 0 1 0 2 2 4 0 1 3 3 0 2 1 4 0 3 0 3 0 2 2 3]
  [0 3 4 2 1 4 0 3 0 4 1 2 3 1 2 1 1 1 2 3 3 2 4 2 0]
  [0 1 2 1 4 1 4 0 2 4 2 0 4 1 1 4 1 3 0 0 3 0 4 4 1]
  [0 1 2 3 3 3 3 1 0 3 4 0 1 0 2 1 4 2 2 2 4 1 0 3 3]
  [0 2 1 4 1 2 4 3 4 0 2 3 2 2 1 3 3 3 0 1 2 0 2 2 1]
  [0 0 3 1 0 2 4 0 0 2 0 4 0 2 2 0 3 3 4 3 0 1 1 4 3]
  [0 4 1 3 0 0 3 2 3 0 1 0 1 3 4 2 0 1 0 4 0 0 4 4 4]
  [0 0 1 0 0 3 0 1 1 4 1 4 0 4 4 3 4 2 4 4 0 0 0 0 0]
  [0 3 0 0 1 2 1 2 3 2 0 4 3 0 0 4 2 2 1 3 3 4 1 0 3]
  [0 3 0 2 1 0 2 2 1 4 0 0 0 2 0 1 4 0 1 1 2 3 3 2 4]
  [0 1 4 1 3 3 2 3 4 4 0 3 3 3 0 0 0 4 3 1 0 4 2 3 4]
  [0 0 2 2 0 0 2 4 3 4 4 2 4 0 1 2 0 1 2 4 2 1 3 3 2]
  [0 1 2 1 4 3 1 1 4 0 0 3 1 4 4 1 4 0 1 4 3 1 3 1 2]
  [0 2 3 0 4 2 1 2 1 3 3 2 1 0 4 3 3 4 0 2 1 2 3 0 3]
  [0 2 0 3 3 0 0 4 0 1 0 1 0 0 0 0 3 4 1 0 2 4 0 0 3]
  [0 2 2 0 0 3 0 4 1 4 3 3 2 3 2 0 2 0 1 3 0 0 1 3 4]
  [0 0 0 4 4 0 0 4 0 3 1 4 1 0 2 1 0 1 0 4 4 0 0 4 0]
  [0 3 3 3 4 0 1 1 4 3 1 1 0 2 3 2 1 3 4 4 2 2 0 4 0]
  [0 3 3 1 4 3 0 4 2 1 2 1 2 0 0 4 3 2 0 4 3 2 3 0 3]
  [0 4 3 0 1 2 3 3 4 4 3 3 1 4 0 0 0 2 3 0 2 3 2 3 0]]

 [[0 3 4 0 0 4 2 1 3 2 4 0 4 4 0 3 4 3 3 3 1 0 0 0 2]
  [0 0 2 1 0 2 1 0 3 2 2 2 2 0 0 1 0 2 1 1 4 1 0 1 3]
  [0 4 0 0 1 4 1 4 1 3 4 0 4 3 3 2 2 2 0 1 1 1 3 1 2]
  [0 1 3 0 2 2 2 1 4 3 0 4 1 4 3 1 4 1 1 2 4 3 1 4 4]
  [0 3 2 1 0 4 4 0 2 0 2 4 1 3 2 1 1 2 1 1 0 4 4 3 4]
  [0 0 3 3 3 0 1 0 4 4 4 0 2 4 2 4 0 0 0 4 1 0 1 0 1]
  [0 3 0 3 3 0 0 2 0 3 0 0 2 1 2 2 2 1 4 4 0 1 0 0 2]
  [0 3 3 3 3 4 2 0 0 2 0 1 2 4 4 3 4 4 1 0 0 3 3 4 3]
  [0 0 4 1 2 2 2 2 0 1 4 3 0 0 3 3 1 0 4 2 4 4 2 4 2]
  [0 1 1 1 1 0 2 0 1 0 3 2 3 0 4 1 3 0 3 4 2 3 1 2 4]
  [0 1 3 0 2 2 4 3 2 2 0 0 4 3 2 2 1 0 4 3 3 4 2 3 2]
  [0 3 4 3 0 4 0 1 1 2 4 0 1 0 3 0 1 2 2 3 0 2 2 2 0]
  [0 3 3 1 3 1 3 1 3 0 1 3 0 4 1 3 3 2 3 2 4 1 1 2 0]
  [0 2 3 0 3 1 3 0 2 2 3 1 1 0 0 1 2 1 0 1 1 4 1 2 1]
  [0 2 0 2 1 2 4 4 4 0 4 2 2 4 0 1 1 1 0 0 0 2 1 4 1]
  [0 1 3 1 1 3 2 4 2 3 1 0 0 2 1 0 1 3 1 2 2 0 1 2 1]
  [0 3 4 4 0 4 1 1 4 3 3 0 3 4 2 0 0 2 0 1 1 4 4 2 2]
  [0 2 4 3 1 3 2 4 2 2 2 2 4 3 3 0 4 0 1 4 0 4 1 0 0]
  [0 0 2 0 0 4 0 2 1 1 4 0 4 3 0 1 4 1 0 1 2 0 4 4 0]
  [0 3 3 0 1 4 4 3 2 4 3 2 4 3 4 3 0 0 1 0 2 4 1 4 0]
  [0 4 3 1 4 3 0 4 0 0 3 3 0 0 0 0 4 2 0 1 0 2 1 4 1]
  [0 0 2 0 2 3 4 0 1 1 4 0 3 2 1 2 1 4 1 0 0 0 4 1 4]
  [0 3 4 1 3 2 2 0 3 2 2 1 2 0 0 0 3 2 0 1 1 1 0 2 2]
  [0 2 4 1 1 3 2 1 0 1 2 2 4 2 3 4 1 2 4 2 2 2 2 0 2]
  [0 2 4 1 4 4 3 2 0 3 0 1 0 2 0 3 1 2 1 4 3 0 3 1 0]]]
release_time
[  0 496 496 520 402 545 209 343 454 163 110 406 473   1 394 399 550 532
 553 559 324  35 553 288 377]
due_date
[  0 504 529 544 509 566 265 372 454 242 166 478 484  38 412 484 572 564
 573 567 414  52 580 340 417]
unit_emission
[12 20  9 15]
emission_limit
20527.6
setup_severity
0.02
due_tight
0.3
due_range
1.0
release_tight
1
degree_constr
0.8
