param: 
proc_time: (1, 100)
setup_rate: 0.5
setup_time: (15, 30)
delivery_time: (1, 30)

mach
10
job_rate
5
fam
5
setup_rate
0.5
proc_time
[[  0  96  42  22  86  93  94  32  20  16   4  54  82  38  64  77  11  27
   78  13  80  46  88  13  71  83  47  15  86  83  63  70  99  79  90  36
   18   6  86  80  28  92  35  85  69  93  64   6  14  21  98]
 [  0  43  77  90  95  66  19   2   2  64  29  68  71  92  69  85  62  51
   42  59  20  82  76  28  34  65  66  47  97  88  12  62  31  43  69  93
   31   7  63  19  34  92  83  89  32  13  63  69  79  97  22]
 [  0  71  95   8  39  39  46  14  45   7  86  60   1  28   9  64  60  12
   42  71  50   6  87  78  53  16  35  64  94  79  11  73  51  29  83  66
   76  44  25  78  74  69  16  73  85  22   1  75  90  24  59]
 [  0  12  23  70  93  58  64  25  20  45  11  38  44   4  29  83  28  75
   58  89  40  38  29  45  21  87  97  42  95  20  48  38  15  67  23  81
   50  53  64  67  30  13  52  56  87  10  80  38  31  19  69]
 [  0  18  80   3  34 100  80  82  28  80  12  19   9  28 100  39  55   7
   71  36   3  76  46  44   6  46  85  24  98  27  78  64  53   5  26  44
   52  13   7  19  70  91  91  84  16  11  92   3  57  26  48]
 [  0  52  46  41  61  36  87  26  26  77  39  34  25  88  55  94  54  73
    5  72  45  10  56  28  99  32  14  89  79  64  48  38  72  61  10  34
   86  44  26  21  16   6  46  46  35  59   6  93  56  90  73]
 [  0  53  70  31  23  61  56   2   8  18  92  78  10  29  39  63 100  36
   73  84  33  12  36  81  54  68  37  81  42  33  18  71  94  91  19  85
    5  87  96  66  17  95   5  32  17  93  48  46  24  13 100]
 [  0  67  64  28  37  32  31  14  69  91  40   5  33  10  14  82  34  26
    6  57   2  47  94  56  46  46  14  51  40  61  45  58  68  57  96  22
   84  58  74  97  53  61  51  71  23  90  33  79  63  75  94]
 [  0  66  23  29  95  96  56  91  55  41  11  98  54  60  26   9  49  83
   67  56  48  95  89   1  76  79  59  39  79  33  36  50  55  54  56  98
   28  47  83  92  18  74  30  81  12  79  24  18  55  95  61]
 [  0  75  31  29   6  69  11  16  93  54  66  67  78  98  27  55  47  71
   97  19  36  91  34  60  91  29  78  28   6  21  30  93   2  40  70  75
   81  10  90  29  39  30  10  74  82  58  39   1   1  84  26]]
setup_time
[[[ 0 28 27 16 16 20]
  [ 0  0 30 15 30 23]
  [ 0 26  0 24 20 18]
  [ 0 20 30  0 18 16]
  [ 0 22 28 27  0 15]
  [ 0 20 24 22 23  0]]

 [[ 0 27 15 29 19 29]
  [ 0  0 30 24 17 26]
  [ 0 23  0 28 28 23]
  [ 0 30 20  0 30 25]
  [ 0 21 27 28  0 30]
  [ 0 15 26 24 15  0]]

 [[ 0 17 29 30 29 21]
  [ 0  0 17 28 15 15]
  [ 0 27  0 16 19 26]
  [ 0 18 27  0 19 29]
  [ 0 24 18 16  0 15]
  [ 0 21 21 21 16  0]]

 [[ 0 18 30 20 15 24]
  [ 0  0 15 16 20 23]
  [ 0 20  0 29 25 26]
  [ 0 21 26  0 24 23]
  [ 0 26 20 23  0 20]
  [ 0 20 18 28 24  0]]

 [[ 0 15 25 15 20 24]
  [ 0  0 20 18 21 28]
  [ 0 22  0 22 22 15]
  [ 0 22 30  0 15 29]
  [ 0 17 22 25  0 19]
  [ 0 24 24 19 22  0]]

 [[ 0 28 28 20 19 20]
  [ 0  0 16 15 23 25]
  [ 0 27  0 28 29 27]
  [ 0 26 23  0 20 22]
  [ 0 22 24 29  0 19]
  [ 0 20 17 22 20  0]]

 [[ 0 15 22 23 26 22]
  [ 0  0 30 16 25 15]
  [ 0 21  0 26 22 18]
  [ 0 22 24  0 17 28]
  [ 0 21 22 15  0 24]
  [ 0 19 21 28 20  0]]

 [[ 0 26 23 25 22 27]
  [ 0  0 26 26 26 22]
  [ 0 21  0 21 16 15]
  [ 0 28 19  0 24 15]
  [ 0 26 21 23  0 21]
  [ 0 30 29 29 21  0]]

 [[ 0 27 17 17 20 20]
  [ 0  0 19 24 24 18]
  [ 0 22  0 17 30 24]
  [ 0 16 30  0 27 30]
  [ 0 27 16 27  0 17]
  [ 0 26 16 21 23  0]]

 [[ 0 26 24 15 30 17]
  [ 0  0 20 21 15 15]
  [ 0 28  0 22 21 27]
  [ 0 24 20  0 26 17]
  [ 0 16 29 16  0 24]
  [ 0 26 28 17 25  0]]]
delivery_time
[[ 0 17  3  7 10  8 23  9  8  7 24 13 22  8 16 28  3 12  1  9 18  7 13 20
  12 21 19  1  5 12 28  5  1 13 25  6 10 10 10  3 11  3 23  2 24 26 27 28
  22 29 30]
 [ 0 12  5  7 21  3  2 28 30  4 20 20  5 29 19 29 28 23 24 21  3 13  7 24
  15 26 16  4 28  8 22  7 11  8 17  2 11  4 28  8 13 10 25  9 11 17 30  4
   5  3 10]
 [ 0  5 26 11 13 17  3 19  9  8  2 21 20  6  8 18 25  1 19 22 28 24  5 14
   2  6  3 15  1 30  3 21 17  1 24 15  5  6  5  9 20 28  9  8  5 20 19 27
   5 22 17]
 [ 0  9  3 19 14 24 27 20 26 13 29 30 27 13 28  9 22 16  5 23  1  1 19 28
   1 20  4  8 14  2 13 10 19 22  6 19  4 13 16 23  4 22  4 29 30 13 27  9
   2  9  2]
 [ 0  7  1 10 10  3 15 24 10 22 25  5  8 12 25  7 15  9 26  1 15 29 25 26
   7 15  5 28 21 16 25 16 22  9  3 18 16 15 27 12 20 11 18  6 29  9 17 24
  15 13 19]
 [ 0 19 19  6 21 11 12 10  1 13 10 17 25  2 23  3 10 14 15 20 15 13 22 15
  23  2 19 29 20  6 25 13 22  2 22  9 30  8 17 26  4 28 22 10 18 19 15  4
  27 30  2]
 [ 0 11  1 11 11  1 21 10 19  6  3 16 18 15 18  3 22  9  6 29 23 15  1 20
  28 12 11 28  5 21  1  9 10 24 30 21 20 19  9 19 19 23 11  1  7 30 27 22
  10 20 17]
 [ 0 19 20 11  8 22 23 21 14 26 20 13 20 10  2 15  2 30 10 10  2 28 14 16
   3 22 27  8  8  7 11 28  5 21 27 19  5 10  9 25 15 17 27 26 23 19  8  4
  25 24 20]
 [ 0 21 17 30 26  8 20  3  2  4 20 23  6 19  9 14  3  6 28 25  2 20 11 30
   5 30 13 10 21  5 15  8 12  3 17  3 15 22 28 21  8  9 14 29 16 20 30  3
   5  7 12]
 [ 0 11  4 24  8 23 23  3 12 17 11 16 21 16 25 20 20 27 10 15 28 18 14 28
  20 30 18 28 26  8 27 19  4  2  8 24  1  3 18 22  7  6 28 27 27  1 10 29
  28 21 13]]
job2fam
[[1 0 0 0 0 0 0 0 0 0 0 0 0 0 0 0 0 0 0 0 0 0 0 0 0 0 0 0 0 0 0 0 0 0 0 0
  0 0 0 0 0 0 0 0 0 0 0 0 0 0 0]
 [0 1 0 1 0 1 0 0 0 0 0 0 0 0 0 0 0 0 1 1 0 1 0 0 0 1 0 0 0 0 1 0 0 0 0 0
  0 1 0 0 0 0 0 0 1 0 0 0 0 1 1]
 [0 0 0 0 0 0 1 1 1 0 0 1 0 0 1 0 0 1 0 0 1 0 0 1 0 0 0 0 0 0 0 0 0 0 0 0
  1 0 1 0 1 1 0 0 0 0 0 1 0 0 0]
 [0 0 0 0 0 0 0 0 0 0 0 0 0 0 0 0 0 0 0 0 0 0 0 0 0 0 0 1 1 0 0 1 0 0 0 1
  0 0 0 1 0 0 1 0 0 1 0 0 1 0 0]
 [0 0 0 0 1 0 0 0 0 0 0 0 0 1 0 0 1 0 0 0 0 0 0 0 1 0 1 0 0 1 0 0 0 1 1 0
  0 0 0 0 0 0 0 0 0 0 1 0 0 0 0]
 [0 0 1 0 0 0 0 0 0 1 1 0 1 0 0 1 0 0 0 0 0 0 1 0 0 0 0 0 0 0 0 0 1 0 0 0
  0 0 0 0 0 0 0 1 0 0 0 0 0 0 0]]
unit_cost
[4 5 6 7 7 4 6 5 5 4]
pre_factor
1.0
