param: 
proc_time: (1, 100)
setup_rate: 2.0
setup_time: (60, 120)
delivery_time: (1, 100)

mach
10
job_rate
5
fam
5
setup_rate
2.0
proc_time
[[  0  76  85  45  22  36  75  12  95  57  93  48   6   2  10  93  39  49
   57  45  73  36  20  45  94  28  37  60   6  10  27  70  21  79  26  20
   75  43  54  22  11  57   3  53  57  92  73  51  52  49  73]
 [  0  51  66  32  46  77  88  21   4  49  70  18   5  72   2  85  47  37
   36  13  77   9  54  35  30  35  24  91  13  18  94  14  54  82  10  25
   53  49  33  13  45  40  71  99   2 100   9  93  39  23  92]
 [  0  98  88  59  56  87  86  25  90  92  61  66  30  79  27  90  98  52
   37  87  45  71  87  28  55  45  48  51  93   9  50  20  38   2   5  59
   47  72  61  42  61   5  91   4  99  62   8   6   9  89 100]
 [  0  75   2  84   3  36  42  72  79  36  78  74  99  14  67  23  99  86
   85  38  86  69  28  25  33  63  30  57  61  52  74  73  98  95  32  60
    4  36  77  52   9  34  12  36  27  81  36  62  49   1  63]
 [  0  46  70  73  97  51  32  20  99  98  97  81   6  69  90  98  65  11
   68  37  48  55  61  64  50  71  94  85  13  92  63  11  64  43  84  63
   22  32  95  94  59  74  75  92  53 100   2  30  48  64  14]
 [  0  59  64  14  60  69  67  98  72  51  56  73  79  22   2  54   8  84
   35  14  61  84  30  48  75  39  65  68  30  90  59  49  29  57  40  67
   73  74  71  18  61  68  30  10  99  11  94  59  93  30  83]
 [  0  56  38  77  39  98  55  52  71  55  34   2  34  12  82   4  22  56
   83  25  82  78  64  89  62  46  95  70  41  29  80  77  16   7  90  21
   63  85  49  49 100  30  79  46  77  92  23  34  55  40  80]
 [  0  48  58  62 100  31  21  48  98   4  12  83  90  78   4  60  13  92
   72  27  85  71  43  90   7  96   3  74  82  21  22  97  27  49  45  66
   92  76  84  70  82  52  54  68  25  77   6  77  29   8  38]
 [  0  27  51   2  26  62  98  48  39  10  26   5  18  55  55  50  31  30
   37  56  78  19  28  65  64  88  43  88  24  40  65  19  34  60  64  45
   64 100  40  66  12  67  50  21  87  72  96  76  72   5  51]
 [  0  33  32  51  41  82  27  82  17  52  52  94  52  82  70  43  77  21
   90  69  51  50  75  59  16  21  86  27  46  28  74  84   5  39   1  17
   65  73  33  54  28  46  93  79  85   8  74  98  12  63  12]]
setup_time
[[[  0  67  70  99 106  95]
  [  0   0  68 115 120  85]
  [  0  84   0 120  74 100]
  [  0  85  71   0 108 120]
  [  0  77 103  99   0  87]
  [  0 106  60 118 118   0]]

 [[  0 119  95  73  99 119]
  [  0   0  72  61 119 113]
  [  0  75   0  62 103 100]
  [  0  94 103   0  93  64]
  [  0 114 117  97   0  91]
  [  0  94 112  94 107   0]]

 [[  0  67  68  90  88  62]
  [  0   0  63  76  62  91]
  [  0  86   0  77  62  66]
  [  0  85 108   0  74 105]
  [  0 111  91 119   0  72]
  [  0  67  66  89  95   0]]

 [[  0  97  94 111  74  63]
  [  0   0  83  68 110 110]
  [  0  74   0  77  84  95]
  [  0  74  62   0  79  89]
  [  0 117  65 113   0  79]
  [  0  76  75  65  64   0]]

 [[  0 101  75  61 113 114]
  [  0   0  99 116  73  91]
  [  0 100   0  66 113  78]
  [  0 103 107   0 118  93]
  [  0  86  60  97   0  78]
  [  0  86  61  73  70   0]]

 [[  0  75  98  62  93 105]
  [  0   0  78  76  77 113]
  [  0  93   0  96 101  76]
  [  0  77  61   0 103  67]
  [  0 105  60  66   0 107]
  [  0  87  64 112  92   0]]

 [[  0 106  97 100 117  73]
  [  0   0  93 111  81  83]
  [  0 109   0  79 114 118]
  [  0  97  89   0 119  71]
  [  0 102 104 109   0 110]
  [  0 106  71 115 105   0]]

 [[  0  65  77  99  63  75]
  [  0   0  91 119  64 104]
  [  0  92   0 103  76 102]
  [  0 115  76   0  80 100]
  [  0  72  71  82   0 120]
  [  0  84  73  71  83   0]]

 [[  0  87 100  97  67 117]
  [  0   0  75 103  85  64]
  [  0 116   0  70 118 120]
  [  0  87 108   0 117 112]
  [  0  69  73  94   0  90]
  [  0 117 111  83  89   0]]

 [[  0  86  77  92  79  64]
  [  0   0 102  91 113  64]
  [  0  89   0 106  85  64]
  [  0 111  61   0  96  76]
  [  0 107  87 114   0 106]
  [  0 113  87  63  75   0]]]
delivery_time
[[  0  12 100  87  23  57   2  89  53  36  97   9  24  70  35  74  47  30
  100  77  99  77  67  85  10  92   7   6  82  58  15  85  13  20  65  30
    1  41  94  44  93  50  94  73   7  37  10  76  63   7  74]
 [  0  46   5  49   2  32  29  89  26  69  90   7  64  90  19  24   2  79
   47  19  77  21  33  87  20  21  39  71  33  37  78  88  91  51  59  86
   15  37  58   2  53  47  47  41  56  39  85  94  19  13  12]
 [  0  37 100  45  48  72  13  10  29  54  37  29  55  73  70  93  31  89
    6  74  73  86  14  38   9  94  16   4  79  48  56  29  56   8   5  56
   92  29  36  55  46  69  36  10  73  21  49  95  86  90   3]
 [  0  82  34   7  48  34  59  61  21  31  71  25  67  64  27  84   9  74
   39  50  83  43  10  31  92  15  78  28  81  38  80  40  32  70  98   6
   11  67  24  99   9  54   2  37  50  16  66  85  26  12  91]
 [  0  79  63  39   2  75  25  87  51  30  60  49  41  43  27  13   2  24
   18  35  58  75  43  88  45  76  84  46  77  22  43  81  97  76  51  68
   73  16  13  88  86  42  26  51  65  88  75  16  70  89  59]
 [  0  61  69  53  84  43  74  90  16  25  89  33  94  77  47   8  62  92
   86  41  42  39  15   2  32  62  71  94  50  18  89  22  32  86  47  64
   44  63  63  10  17  72  37  59  71  83  44  60  28  34  66]
 [  0  12  39  44  12  99  78  49  93  69   6  93   4  68  15   3  26   2
   89  73  59  79  95  15  83   5  83  60  13  52  65   7  62  82  80  62
   57  52  77  77  92  34  48  89  36  50  49  40  80  22  44]
 [  0  68  31  69   9  48  25  32  23   6  52  49  75  48   4  33  32  23
   53  26  15  48  25  54   2  46  48  32  21  65  27  74  24  87  96  68
   70  75  34  12  97  43  64  97  32  14  81  27  88  81  49]
 [  0  48   8   4 100 100  33  27  13  55  77  78  58  46  63  52   7  82
   91   3  70  98  14  69  16  31  82  59  40  29  11  87  46  77   2  49
   96  89  39  79  35  81  51  36  94   3  69 100  25  45  86]
 [  0  52  81  19   4  45  23  70  41  31  12  14  95  77   8  26  73  26
   99  90  14  77  77  54  34  12  97  16  45  36  76  88  21   2  40  47
   19  96  75  89  45  12  81  22  79  88  81  57   3   4  13]]
job2fam
[[1 0 0 0 0 0 0 0 0 0 0 0 0 0 0 0 0 0 0 0 0 0 0 0 0 0 0 0 0 0 0 0 0 0 0 0
  0 0 0 0 0 0 0 0 0 0 0 0 0 0 0]
 [0 0 0 0 0 0 0 0 0 0 1 0 1 0 0 0 0 0 1 0 0 0 0 1 1 1 0 0 0 0 0 0 1 0 0 0
  0 0 1 1 0 0 0 0 0 0 0 0 1 0 1]
 [0 0 0 1 0 1 0 0 0 0 0 0 0 0 0 0 0 0 0 0 0 1 0 0 0 0 0 0 0 0 1 0 0 1 0 0
  0 1 0 0 0 0 0 0 0 0 1 0 0 1 0]
 [0 0 1 0 0 0 0 0 0 0 0 0 0 0 0 0 1 1 0 0 1 0 1 0 0 0 0 0 0 1 0 1 0 0 1 0
  1 0 0 0 0 1 0 1 0 0 0 0 0 0 0]
 [0 0 0 0 0 0 0 0 0 0 0 1 0 1 0 0 0 0 0 0 0 0 0 0 0 0 0 1 0 0 0 0 0 0 0 1
  0 0 0 0 1 0 1 0 1 1 0 1 0 0 0]
 [0 1 0 0 1 0 1 1 1 1 0 0 0 0 1 1 0 0 0 1 0 0 0 0 0 0 1 0 1 0 0 0 0 0 0 0
  0 0 0 0 0 0 0 0 0 0 0 0 0 0 0]]
unit_cost
[9 7 5 9 7 8 8 8 5 6]
pre_factor
1.0
