param: 
proc_time: (1, 100)
setup_rate: 0.5
setup_time: (15, 30)
delivery_time: (100, 200)

mach
10
job_rate
5
fam
5
setup_rate
0.5
proc_time
[[  0  16  19  63  59  68  88  69   4  29  17  42  69  55  40   8  58  67
    9  83  67  44  83  17  25  80  10  57  78  63  31  44  45  75   9  45
   27  33  69  72  75  70  77  53  67   1  59  92  44  63  97]
 [  0  50  85  56  69  90  69  81  45  58  96   1  56  29   7  70  95   4
   69  87  47  79  77  45  17  34   8  15   1  15  88  91   3  71  31  43
   27  49  40  52  54  96  65  55  25  35  23  13  90  32  27]
 [  0  24  85  32  43  40  92  86  12  33  69  58  39  27   6  42  94  93
   20  79  18  61  10   4  11  87  79  68   4   1  21  81  12  95  14  76
   99   8  28  23  17  34  40  27  26  94  86  75  82  51  32]
 [  0  52   6  10  75  30   3  20  46  87  52  77  28   1   1  46  82  89
   19  71  71  18  88  76  64  77   2  41  20  95  89  76  35  52  46  60
   21  69  16  94  16  74   4  40  82  93  63   1  73  42  79]
 [  0   9  41  23   9  32  41  19   4  84   4  83  93  54  39  59  84  67
   98  83  58  18   7  73  70  47  37  75  95  56  44  11   1  38  40  79
   25  91  49  24  59  61   9  47  83  23  35  50  17  51  91]
 [  0  21  86  26   3  18  11  57   3  78   1  99  25  90  39  20  96  66
   75  31  24  60  91  62   3  49  67  57  46  46  99  96  51  15  18  86
   64  14  66  16  76  69  63  69   3  26   4  22   8  92   5]
 [  0   3  10  97  78  53  22  53  30  59  61  56  10  48  10   2  33  85
   14  87  93  41  61  17  83  49  30  93  60  53  18  35  99  62  56  15
   63  24  83  11  79  62  89  46  56  26  64  25  19  35   5]
 [  0  59  77  91  89  26  23  19  99  73  34  24   9  70  64  46  53  94
   23 100  73  53  93 100   9  27  44  85  59  83  73  57  98  61   1  33
   77  14  99  75  10  60  95  37  10  31  43  82  29  82  98]
 [  0  55  80  15  94  11   6  18  18  57  38   2  46  68  96  20  61  75
   98  72   8  86  43   7  94   8  64  34  80   3   3  18  73  93  87   6
   79  54  16  73  51  74  44   2  59  22  63  96  40  74  39]
 [  0   6  46  32  65  96  71  57  62  51  45  11  58  64  61  44  22  90
   85  68  97  43   6  37  67  62  24  57  27  18  56  47  88  74 100  87
   20  74  97  51  54  94  63  67  16  44  43  72  99  80  72]]
setup_time
[[[ 0 15 22 25 22 17]
  [ 0  0 20 27 30 30]
  [ 0 30  0 18 26 29]
  [ 0 17 18  0 26 16]
  [ 0 30 19 20  0 29]
  [ 0 15 30 17 29  0]]

 [[ 0 17 21 16 16 30]
  [ 0  0 28 25 21 28]
  [ 0 27  0 21 20 19]
  [ 0 28 21  0 26 16]
  [ 0 26 21 19  0 22]
  [ 0 30 25 17 26  0]]

 [[ 0 26 30 26 22 17]
  [ 0  0 28 24 28 23]
  [ 0 26  0 23 26 20]
  [ 0 19 16  0 30 19]
  [ 0 24 23 27  0 21]
  [ 0 22 15 16 23  0]]

 [[ 0 19 20 20 21 30]
  [ 0  0 19 30 20 23]
  [ 0 29  0 17 15 20]
  [ 0 16 18  0 24 15]
  [ 0 23 27 22  0 23]
  [ 0 21 22 21 27  0]]

 [[ 0 23 29 28 21 16]
  [ 0  0 28 16 15 21]
  [ 0 16  0 30 15 22]
  [ 0 27 24  0 26 24]
  [ 0 23 24 26  0 20]
  [ 0 27 25 21 24  0]]

 [[ 0 23 19 16 21 24]
  [ 0  0 26 17 25 16]
  [ 0 24  0 23 19 16]
  [ 0 30 21  0 15 30]
  [ 0 24 26 28  0 25]
  [ 0 24 21 27 30  0]]

 [[ 0 23 29 23 26 16]
  [ 0  0 29 19 22 19]
  [ 0 30  0 17 19 25]
  [ 0 15 28  0 22 27]
  [ 0 27 15 25  0 30]
  [ 0 30 23 28 19  0]]

 [[ 0 15 24 24 23 20]
  [ 0  0 30 26 16 17]
  [ 0 18  0 15 22 30]
  [ 0 25 27  0 19 30]
  [ 0 24 26 21  0 17]
  [ 0 17 15 17 18  0]]

 [[ 0 24 17 19 16 15]
  [ 0  0 26 27 27 19]
  [ 0 23  0 22 28 19]
  [ 0 16 17  0 21 16]
  [ 0 28 20 15  0 26]
  [ 0 23 28 28 24  0]]

 [[ 0 19 15 25 18 28]
  [ 0  0 27 27 25 16]
  [ 0 20  0 29 24 21]
  [ 0 23 21  0 29 24]
  [ 0 17 16 22  0 17]
  [ 0 25 19 17 22  0]]]
delivery_time
[[  0 122 132 198 189 142 131 152 183 103 130 183 121 177 199 141 182 154
  156 136 149 162 140 180 166 180 113 165 135 106 140 143 166 130 128 185
  130 110 112 117 109 123 158 133 198 120 198 200 172 173 165]
 [  0 138 118 180 131 200 104 112 117 152 183 140 131 100 118 183 126 160
  134 168 177 154 181 187 200 199 175 102 163 199 103 188 109 197 146 107
  156 138 143 192 119 200 116 103 200 193 186 191 158 101 134]
 [  0 139 199 168 101 172 189 123 117 119 200 132 174 129 162 188 123 181
  121 145 188 172 108 144 111 135 104 102 121 168 104 146 148 191 123 177
  114 155 119 171 154 127 156 174 189 181 131 186 144 151 134]
 [  0 163 130 172 169 189 137 105 117 130 130 134 143 135 115 103 119 115
  141 189 140 146 162 127 135 191 152 132 134 162 157 149 111 196 199 129
  124 132 147 195 185 131 192 155 119 114 159 153 177 170 151]
 [  0 182 150 199 106 145 113 143 141 194 110 188 127 154 169 200 161 149
  112 135 194 166 168 102 197 130 110 120 184 178 172 115 128 110 143 115
  142 168 194 147 160 108 175 105 138 159 165 120 176 196 141]
 [  0 131 179 149 188 156 198 192 181 182 104 142 133 150 165 183 103 116
  172 107 159 115 117 155 130 192 186 161 184 172 169 141 133 190 151 145
  127 169 132 180 150 102 148 108 158 146 167 125 173 147 179]
 [  0 176 179 121 161 110 123 160 163 120 137 151 165 149 168 167 172 147
  131 160 135 150 150 122 148 179 143 108 171 164 116 124 114 104 161 130
  189 111 130 184 169 100 159 162 138 136 165 102 157 161 112]
 [  0 124 122 152 113 169 107 198 121 135 171 112 189 150 135 140 185 166
  134 166 147 187 138 194 160 195 133 180 200 197 156 167 100 159 177 116
  194 176 167 181 187 185 175 101 137 141 120 161 119 175 143]
 [  0 140 159 191 142 126 110 188 198 156 178 187 194 178 190 170 129 124
  107 173 116 185 136 122 158 116 173 107 112 147 112 105 147 124 148 150
  171 161 191 171 102 170 158 172 139 169 147 152 163 181 107]
 [  0 195 104 121 143 189 162 103 119 199 109 191 146 104 174 106 153 129
  196 175 118 143 189 175 133 126 165 111 129 154 105 133 155 184 180 124
  100 123 168 148 136 174 156 106 200 105 148 185 135 149 159]]
job2fam
[[1 0 0 0 0 0 0 0 0 0 0 0 0 0 0 0 0 0 0 0 0 0 0 0 0 0 0 0 0 0 0 0 0 0 0 0
  0 0 0 0 0 0 0 0 0 0 0 0 0 0 0]
 [0 1 0 0 0 0 0 0 0 0 0 1 1 0 0 1 0 1 0 0 0 0 1 0 0 0 0 0 0 1 0 0 0 0 0 1
  0 0 0 0 0 1 0 0 0 0 0 0 0 0 0]
 [0 0 1 0 1 0 0 1 0 0 0 0 0 0 1 0 0 0 1 0 0 0 0 0 0 0 0 1 0 0 0 0 0 1 0 0
  1 0 0 0 0 0 1 0 1 1 0 0 0 0 0]
 [0 0 0 0 0 1 1 0 0 0 0 0 0 0 0 0 0 0 0 0 1 1 0 0 0 0 0 0 0 0 0 0 1 0 1 0
  0 1 0 0 0 0 0 0 0 0 0 1 0 1 0]
 [0 0 0 0 0 0 0 0 1 1 0 0 0 1 0 0 0 0 0 0 0 0 0 0 0 1 1 0 1 0 0 1 0 0 0 0
  0 0 1 0 0 0 0 1 0 0 1 0 1 0 1]
 [0 0 0 1 0 0 0 0 0 0 1 0 0 0 0 0 1 0 0 1 0 0 0 1 1 0 0 0 0 0 1 0 0 0 0 0
  0 0 0 1 1 0 0 0 0 0 0 0 0 0 0]]
unit_cost
[13 10  9  9 12 11 12 11 12 15]
pre_factor
1.0
