mach
4
job_rate
6
weight
[ 0 10  1  3  5  8  5  8 10  8  9  7  6  7  9  4 10  1  2  4  3  4  6  5
 10]
proc_time
[[  0 136 128  63  97  72 119  76  62  86 111 145  81  96 105 138 133  52
   83 111  90  99  99 120 104]
 [  0 141  97 147  52 124 148 120 120  73  90  73  62 120 135 116  60 148
  150 106  99 123  95  81 129]
 [  0 137  67 105  82 106  64 107  56 115 116  71 133  93 132 130 121 107
  101 134  99  81 112  78  84]
 [  0 124  84  84  66  77  77  55 133 135  54 139  84  53  68  76  87  62
   70  86  87  54  55 148  66]]
setup_time
[[[0 3 0 4 4 1 3 1 2 1 0 2 2 2 1 2 4 3 3 4 2 2 1 4 3]
  [0 0 1 0 3 3 3 4 0 3 1 4 4 1 3 0 2 1 3 4 3 4 2 2 0]
  [0 0 0 4 4 4 4 1 2 2 1 2 4 1 3 1 1 3 4 2 1 0 3 2 1]
  [0 1 2 0 3 0 4 3 1 1 2 4 1 3 0 2 0 4 1 4 2 0 3 3 1]
  [0 0 4 3 0 2 1 4 4 1 2 0 3 0 0 3 2 4 2 2 4 1 2 0 3]
  [0 3 1 3 3 0 4 3 2 3 4 2 2 3 3 0 2 4 1 2 1 1 4 3 0]
  [0 4 2 1 3 1 0 1 0 3 3 4 0 1 0 0 4 2 2 4 3 0 2 3 2]
  [0 1 1 1 3 2 4 0 3 4 2 4 2 0 3 3 3 3 4 0 4 0 2 4 2]
  [0 0 1 0 2 3 1 1 0 0 1 4 4 0 3 3 2 3 3 4 3 4 3 1 0]
  [0 1 3 1 4 2 1 3 4 0 3 2 2 1 3 3 1 0 2 0 2 4 2 4 0]
  [0 2 1 0 1 4 4 0 1 3 0 2 0 0 0 1 0 1 4 3 3 2 1 0 3]
  [0 3 3 4 4 3 2 2 0 2 3 0 1 2 0 4 2 1 4 3 3 3 2 2 3]
  [0 4 0 1 0 0 1 1 2 4 4 2 0 4 2 0 2 4 3 3 4 2 4 2 2]
  [0 2 2 3 3 1 0 3 0 2 1 0 3 0 0 3 2 0 0 3 3 1 3 0 3]
  [0 1 0 3 4 1 2 0 3 1 2 1 1 3 0 2 2 1 1 4 1 1 2 1 1]
  [0 2 3 2 3 1 0 4 2 0 3 3 0 3 0 0 0 2 1 1 2 3 1 0 1]
  [0 2 1 4 0 0 2 1 2 0 3 4 3 4 2 4 0 3 3 0 0 2 0 0 2]
  [0 0 0 2 4 4 4 2 0 3 1 4 3 3 1 4 1 0 1 1 1 0 4 1 2]
  [0 4 2 3 2 1 1 4 2 4 3 2 3 4 1 1 4 4 0 3 1 1 0 4 2]
  [0 4 3 0 3 1 3 1 2 1 0 2 1 3 1 2 2 1 2 0 3 1 0 3 3]
  [0 2 3 0 1 4 2 1 3 0 4 2 4 4 2 0 0 4 0 3 0 3 2 1 1]
  [0 1 4 4 1 0 1 2 2 2 0 2 0 2 3 2 2 0 2 0 4 0 3 2 2]
  [0 1 4 2 0 4 3 1 2 0 2 2 2 3 0 3 2 1 1 4 2 4 0 0 3]
  [0 3 4 0 3 3 4 3 2 3 3 2 3 1 2 1 1 4 3 0 1 4 0 0 4]
  [0 2 2 4 4 3 4 1 3 1 1 3 2 3 0 3 0 0 3 0 1 1 2 0 0]]

 [[0 4 3 0 3 2 1 3 2 1 4 3 1 3 2 1 2 1 0 4 1 0 3 3 4]
  [0 0 3 3 0 3 3 1 3 0 4 1 3 2 3 4 0 3 1 3 0 2 1 4 2]
  [0 4 0 0 2 3 1 3 3 0 3 4 2 0 0 4 1 4 4 4 2 2 2 2 2]
  [0 4 0 0 2 3 0 3 2 1 0 3 1 0 3 4 2 0 3 0 0 3 1 1 2]
  [0 3 4 4 0 4 3 3 0 3 4 2 4 1 0 0 1 1 2 3 0 0 1 2 0]
  [0 0 4 4 1 0 4 3 0 4 0 4 0 2 0 4 2 1 0 4 2 3 3 3 0]
  [0 1 4 1 2 3 0 0 2 1 0 0 4 3 3 1 4 2 3 4 3 4 0 2 1]
  [0 3 2 1 2 0 3 0 0 3 3 0 0 4 4 3 0 2 0 3 0 2 2 2 2]
  [0 2 4 3 3 2 1 2 0 0 3 3 2 2 1 3 0 4 2 0 2 0 1 0 1]
  [0 1 0 1 2 0 4 2 2 0 1 1 4 3 2 4 4 2 2 2 0 3 4 1 3]
  [0 1 0 1 0 3 4 0 2 1 0 0 1 1 3 0 2 2 1 3 4 4 4 3 4]
  [0 3 0 1 2 1 4 4 2 1 1 0 1 1 0 2 3 0 1 4 3 0 2 0 0]
  [0 0 3 3 1 1 2 4 4 1 1 0 0 4 2 2 0 1 2 3 2 4 1 0 4]
  [0 3 2 3 1 2 0 2 0 3 2 3 0 0 0 3 2 1 2 0 4 3 3 0 3]
  [0 4 4 4 0 2 0 1 4 2 3 3 3 4 0 0 3 0 3 3 1 1 0 1 2]
  [0 2 2 3 3 0 4 0 1 4 1 1 1 0 2 0 4 2 0 0 0 0 1 2 4]
  [0 1 4 0 3 3 2 2 2 3 0 3 1 4 1 0 0 0 0 4 4 0 4 1 3]
  [0 3 1 3 3 2 3 1 0 0 3 2 3 1 0 2 4 0 3 3 1 1 2 1 2]
  [0 0 1 0 0 3 2 2 2 2 4 1 1 0 2 0 4 0 0 0 2 0 0 4 1]
  [0 4 0 2 2 2 0 2 2 2 4 3 3 0 1 3 0 1 1 0 4 1 1 3 3]
  [0 1 2 1 4 4 1 1 4 2 0 1 3 1 1 1 0 3 1 4 0 3 4 3 4]
  [0 0 3 0 2 3 1 3 0 3 4 0 0 4 2 2 4 2 3 1 2 0 3 2 2]
  [0 2 4 3 3 1 3 3 0 1 3 4 2 2 0 0 3 4 0 2 2 4 0 3 3]
  [0 3 0 1 4 2 0 4 2 3 0 0 4 3 1 1 1 3 4 1 1 1 1 0 2]
  [0 1 3 1 3 3 3 1 2 4 1 4 2 4 1 0 2 0 1 3 3 2 4 1 0]]

 [[0 2 0 0 4 2 3 4 2 2 3 0 0 4 4 0 1 0 1 1 0 2 0 3 3]
  [0 0 1 3 1 2 4 1 1 3 2 0 1 4 1 0 1 4 2 3 0 4 1 4 4]
  [0 4 0 0 1 1 4 2 0 4 3 0 1 2 1 0 4 3 3 1 3 3 4 0 3]
  [0 3 4 0 3 3 1 3 2 3 1 3 2 3 3 2 2 2 2 4 1 3 1 2 4]
  [0 1 1 3 0 2 3 3 3 4 4 1 3 4 1 1 0 3 3 3 2 2 3 0 3]
  [0 3 2 2 1 0 4 1 3 1 0 0 3 0 0 3 0 3 1 4 3 1 4 0 4]
  [0 2 4 3 2 4 0 3 2 3 4 3 2 0 0 3 4 2 1 3 0 3 4 2 0]
  [0 3 4 1 4 1 0 0 2 4 1 4 2 0 3 2 4 3 3 3 3 3 1 2 0]
  [0 1 2 4 4 2 1 4 0 0 1 2 3 4 1 3 0 2 3 0 0 1 0 4 2]
  [0 0 1 1 3 1 0 0 4 0 2 2 3 3 3 1 3 2 2 0 1 0 4 0 4]
  [0 3 3 3 2 3 4 0 1 4 0 4 4 4 0 4 0 0 2 0 0 1 2 3 1]
  [0 1 4 3 2 3 3 2 1 0 1 0 0 4 1 1 1 1 0 2 1 3 0 0 3]
  [0 4 1 0 2 2 4 0 1 3 3 2 0 2 2 4 3 2 4 0 1 4 3 4 1]
  [0 1 1 2 0 4 3 4 4 0 1 2 3 0 1 1 3 4 4 4 3 1 4 4 4]
  [0 0 0 0 1 4 3 3 0 4 4 2 2 4 0 3 3 3 1 3 2 3 2 4 0]
  [0 4 4 3 3 3 3 3 2 3 2 1 3 2 3 0 0 0 1 4 3 2 1 0 0]
  [0 2 2 1 2 3 3 1 3 0 0 2 4 3 0 3 0 0 1 0 0 1 2 2 4]
  [0 0 0 4 4 2 1 2 0 4 4 4 1 1 0 4 1 0 4 0 3 1 1 3 4]
  [0 2 2 4 4 2 2 1 2 3 1 3 3 0 4 2 0 2 0 0 1 2 1 4 1]
  [0 1 2 4 1 3 0 2 0 4 4 2 1 2 4 4 3 4 2 0 2 2 1 3 1]
  [0 0 3 1 4 1 2 4 2 1 4 1 4 0 1 0 0 2 0 2 0 0 1 1 0]
  [0 3 4 2 0 3 1 4 1 2 4 0 4 0 4 1 4 3 0 2 1 0 4 1 1]
  [0 0 2 1 1 0 4 0 0 3 2 0 1 2 4 3 3 4 1 1 1 1 0 2 1]
  [0 3 4 0 3 1 0 0 0 0 2 2 4 1 3 1 1 3 2 3 1 2 0 0 2]
  [0 3 4 1 1 0 0 3 2 1 1 0 0 1 1 3 2 2 2 3 2 4 3 2 0]]

 [[0 2 2 0 3 1 4 2 4 2 4 2 3 0 2 3 1 2 3 2 1 2 1 2 1]
  [0 0 4 2 1 3 4 2 3 2 0 1 2 3 0 4 2 1 3 1 1 4 1 1 0]
  [0 0 0 4 3 2 2 1 4 4 1 0 3 4 1 3 4 3 1 1 4 2 1 3 3]
  [0 3 4 0 2 2 0 2 0 0 3 4 0 4 3 4 2 4 0 1 2 1 0 1 3]
  [0 2 2 4 0 1 0 3 4 2 2 1 3 3 2 0 1 2 0 3 2 1 0 0 1]
  [0 2 1 4 4 0 3 3 0 1 3 1 4 3 1 0 1 3 4 1 4 2 4 0 2]
  [0 3 4 2 3 3 0 3 3 3 4 4 0 2 2 0 1 3 2 3 2 0 4 3 3]
  [0 4 4 0 0 0 3 0 0 0 1 1 0 3 0 3 3 3 4 0 1 0 4 1 1]
  [0 4 4 1 3 4 4 2 0 4 2 1 4 4 1 0 1 2 4 0 1 2 2 0 0]
  [0 0 0 4 0 3 4 4 4 0 0 0 4 0 1 1 4 2 2 1 4 0 4 2 1]
  [0 3 3 0 4 2 4 2 4 0 0 2 1 3 2 1 1 3 2 3 0 3 2 0 1]
  [0 2 2 1 4 4 4 2 4 2 3 0 3 4 4 0 2 3 0 3 2 0 4 2 4]
  [0 1 4 0 1 1 2 3 1 1 4 0 0 0 4 1 0 3 0 2 2 0 1 1 4]
  [0 3 0 1 1 0 4 2 0 1 3 0 1 0 2 3 0 0 3 1 0 3 0 0 2]
  [0 2 3 3 4 4 1 1 2 2 3 2 0 1 0 2 3 1 1 3 3 4 1 0 0]
  [0 3 0 4 3 1 0 1 0 1 4 2 1 3 4 0 0 2 1 4 4 1 0 1 2]
  [0 0 1 1 1 0 3 0 1 4 0 4 0 2 3 3 0 3 3 0 2 3 3 1 1]
  [0 0 0 2 2 3 1 2 2 4 2 1 2 2 0 1 4 0 4 1 2 0 4 2 1]
  [0 3 0 1 0 1 1 4 4 1 0 4 4 0 1 4 1 1 0 1 0 0 2 2 4]
  [0 0 0 1 3 3 3 1 4 1 2 1 4 2 3 4 3 0 0 0 1 2 0 0 3]
  [0 4 4 2 2 4 3 1 4 2 0 1 4 3 0 3 0 4 1 0 0 4 0 1 3]
  [0 3 3 2 1 3 3 2 1 1 2 1 2 4 0 3 0 3 0 1 3 0 0 4 0]
  [0 0 4 4 4 4 4 2 2 4 3 3 1 0 3 0 4 3 4 0 2 0 0 2 1]
  [0 0 1 3 1 4 2 2 2 2 1 0 1 1 3 0 2 2 0 2 2 1 1 0 1]
  [0 4 4 1 1 4 0 1 2 3 2 2 1 4 1 3 3 3 3 1 1 1 2 0 0]]]
release_time
[  0 133   1 205 343  90 216  35 314 400 110 294  80  60 141 100  37 192
 262  75  28 209 210 119 187]
due_date
[  0 548 595 510 375 442 470  93 593 564 154 438 321 469 570 587 190 544
 502 144  28 505 214 422 227]
unit_emission
[ 8 16 15  9]
emission_limit
16920.0
setup_severity
0.02
due_tight
0.3
due_range
1.0
release_tight
10
degree_constr
0.5
