param: 
proc_time: (1, 100)
setup_rate: 1.0
setup_time: (30, 60)
delivery_time: (100, 200)

mach
10
job_rate
5
fam
5
setup_rate
1.0
proc_time
[[  0  83  87  58  56  70  98   7  67   9  43   4  34  73  83   5  80  76
   97  33  79  42  88  18  56  20  85   8  92  46  54  58   4  86  67  20
   98   8  60  90  72  11  67  44  65  11  74  21  30  39  94]
 [  0  66  97 100  78  61  85   6  28  23  49  28  26  88  22  42  31  18
   45  29  73  22  74  27  70  49  34  19  42  14  95  71  53  17  25  99
   39  35  39  17  10  59  18  36  27  97  80  18  51  63   3]
 [  0 100  78  78  94  75  11  44  84  77  11  71  35  62  26  92  56   6
   50  77   4  48  71  20  14  34  91  13  21  43  79   8 100  89   6  19
   38  52  89  79  85  50  86  86   8  23  40  55  93  11  35]
 [  0  37  96  91  35  66  37  57  83  99  96  15  18  93  38  99  85   4
   76  29  52  26  37  81  41 100  16  99  57  60  26  66  98  61  39  85
   54  73  51  95  28  88  85  77  67  85  89  17  30  43  62]
 [  0  73  13  51  86  40  21  11  58  39  95  40  34  19  16  51  13  60
   99   4  26  27  57  72  58  70  15  41  84  84  68  39  98  85  46   4
   23  19  47  64  52  11  52  53  18  19  13  49  47  56  39]
 [  0   5   4  92  37  12  14  75  32  65  89  41   3  35  61  64  55  66
   67   7  50  48  70  50  90  75 100  83  26  30   3  82  79  43  50  34
   21  39   3  16  32   3  26  70  89  13  36  59  41  38   5]
 [  0  68   2  66  52  29 100  53  31  99  41  85  67  24  38   5  26  63
   90  91  34  98  14  33  29  39  77  58  50   6  34  12   1  33  20  32
   76  27   8  95  78  72  25 100  56  12  45  89  55  61  23]
 [  0  73  16  99  31   2  68  64  92  14  43  57  74  20   5  49  70  76
   10  87  58  76  15   4  48  77  81  35  57  70  64  82  36  81  36  89
   15  29  10  63  77  83  40  56  26  61  64  70  35  47   2]
 [  0   6  70  62  88  64  64  63  41  13  50  37   8  80  31 100  96  41
   64  20  41  73  44  85  74  69   4   2  68  30   6  22  56   9  17  62
   86  57  62  56  71  48  35  28  54   3  84  28  19  38  31]
 [  0  27  60  35  19  47  34  51   3  95  33  29  84  46  74  87  86  55
    2  26  49  22  80  79  80  74  93  78  13  24  43  30  65  90  44  69
   48  12  68  34  37  97  35  78  10  94   8  35  70  66  12]]
setup_time
[[[ 0 54 47 35 60 45]
  [ 0  0 30 57 60 40]
  [ 0 31  0 47 48 30]
  [ 0 58 49  0 54 39]
  [ 0 60 49 34  0 58]
  [ 0 39 41 52 57  0]]

 [[ 0 50 45 60 30 42]
  [ 0  0 50 58 30 33]
  [ 0 48  0 52 40 38]
  [ 0 59 44  0 41 46]
  [ 0 32 33 36  0 47]
  [ 0 55 47 51 51  0]]

 [[ 0 60 45 43 48 52]
  [ 0  0 48 39 36 43]
  [ 0 48  0 47 51 39]
  [ 0 30 56  0 30 56]
  [ 0 58 60 50  0 33]
  [ 0 49 38 51 49  0]]

 [[ 0 34 45 41 50 33]
  [ 0  0 46 31 39 60]
  [ 0 57  0 43 56 51]
  [ 0 35 60  0 41 38]
  [ 0 49 59 45  0 58]
  [ 0 32 44 36 53  0]]

 [[ 0 33 33 52 39 37]
  [ 0  0 56 59 36 35]
  [ 0 55  0 42 33 49]
  [ 0 57 54  0 33 31]
  [ 0 40 57 38  0 48]
  [ 0 37 47 46 38  0]]

 [[ 0 43 39 35 58 49]
  [ 0  0 40 45 40 44]
  [ 0 37  0 42 32 49]
  [ 0 36 41  0 32 31]
  [ 0 59 47 58  0 48]
  [ 0 60 37 46 53  0]]

 [[ 0 39 58 45 60 59]
  [ 0  0 34 31 34 46]
  [ 0 32  0 48 60 53]
  [ 0 55 35  0 59 38]
  [ 0 51 55 38  0 36]
  [ 0 32 50 49 52  0]]

 [[ 0 53 57 43 47 38]
  [ 0  0 33 53 53 49]
  [ 0 33  0 36 54 60]
  [ 0 40 43  0 42 53]
  [ 0 53 58 31  0 53]
  [ 0 56 40 33 43  0]]

 [[ 0 50 30 59 56 35]
  [ 0  0 39 59 32 45]
  [ 0 38  0 49 52 39]
  [ 0 33 50  0 59 49]
  [ 0 40 36 56  0 35]
  [ 0 50 59 47 34  0]]

 [[ 0 33 38 41 48 41]
  [ 0  0 55 42 43 52]
  [ 0 42  0 39 32 43]
  [ 0 50 33  0 57 53]
  [ 0 59 51 47  0 51]
  [ 0 43 38 43 51  0]]]
delivery_time
[[  0 135 189 184 141 168 128 179 152 114 184 180 103 122 192 198 195 180
  177 185 196 120 105 108 164 123 188 180 127 123 142 169 114 132 138 107
  186 119 133 188 136 183 135 147 113 155 170 174 173 183 169]
 [  0 161 195 146 111 131 139 111 165 138 150 189 160 134 132 163 135 126
  107 139 193 104 124 152 170 127 102 184 102 176 135 108 121 145 191 141
  118 196 185 194 190 138 142 164 167 110 124 136 103 170 106]
 [  0 165 135 100 127 120 159 197 190 151 113 184 145 116 169 172 147 113
  155 159 157 134 138 105 168 169 123 112 197 118 117 176 159 151 125 117
  121 170 179 132 147 144 141 150 169 182 197 147 196 129 188]
 [  0 162 195 120 178 173 117 101 114 170 151 175 155 183 166 134 197 189
  180 163 172 134 156 181 149 180 161 183 118 130 195 152 200 116 146 167
  116 159 152 139 125 155 164 133 173 152 195 137 151 174 193]
 [  0 157 109 141 167 163 141 172 104 154 165 195 113 183 151 184 196 178
  200 160 143 149 180 132 172 185 159 186 198 127 126 114 121 170 121 127
  153 175 131 115 170 167 184 196 185 152 143 156 151 182 192]
 [  0 167 103 119 160 127 125 150 196 126 168 165 141 148 177 195 111 133
  180 193 118 176 133 200 146 171 169 119 177 177 159 163 153 192 114 148
  123 134 188 159 165 196 190 168 113 152 176 116 107 153 102]
 [  0 158 165 102 118 166 124 102 198 182 195 179 177 104 102 102 190 163
  102 136 126 127 165 110 136 168 118 111 192 109 124 113 172 197 115 185
  145 178 180 163 171 149 113 151 181 171 177 181 119 112 105]
 [  0 130 143 181 157 134 144 168 177 150 185 200 102 111 176 158 110 119
  133 129 111 115 132 146 197 135 180 199 154 118 103 121 176 200 117 182
  138 167 127 170 113 120 172 188 117 188 139 112 106 173 106]
 [  0 100 199 126 120 147 188 192 155 111 140 150 116 104 188 145 171 155
  190 115 175 113 150 199 105 154 134 107 157 104 112 125 147 133 136 167
  143 161 115 150 121 117 160 198 113 193 183 137 126 193 161]
 [  0 165 196 194 176 186 141 102 197 103 131 161 162 161 176 108 153 171
  112 148 110 185 112 102 153 110 143 111 139 186 152 191 195 154 102 113
  142 157 135 101 187 195 100 168 134 156 147 134 178 163 127]]
job2fam
[[1 0 0 0 0 0 0 0 0 0 0 0 0 0 0 0 0 0 0 0 0 0 0 0 0 0 0 0 0 0 0 0 0 0 0 0
  0 0 0 0 0 0 0 0 0 0 0 0 0 0 0]
 [0 0 0 0 0 0 1 0 0 0 0 0 0 0 0 0 1 0 0 0 0 1 0 0 0 0 1 0 0 0 0 0 1 1 1 0
  0 0 0 0 0 0 0 0 1 0 0 0 0 0 0]
 [0 0 0 0 0 0 0 0 1 1 0 1 0 1 1 0 0 0 0 0 0 0 1 0 0 0 0 0 0 0 0 0 0 0 0 0
  1 0 0 1 1 0 1 0 0 1 0 1 0 0 0]
 [0 0 1 1 1 0 0 1 0 0 0 0 1 0 0 1 0 0 1 0 0 0 0 1 1 1 0 0 0 0 0 0 0 0 0 0
  0 1 1 0 0 1 0 0 0 0 0 0 0 0 0]
 [0 0 0 0 0 1 0 0 0 0 0 0 0 0 0 0 0 0 0 0 1 0 0 0 0 0 0 0 0 1 1 1 0 0 0 1
  0 0 0 0 0 0 0 1 0 0 1 0 1 1 0]
 [0 1 0 0 0 0 0 0 0 0 1 0 0 0 0 0 0 1 0 1 0 0 0 0 0 0 0 1 1 0 0 0 0 0 0 0
  0 0 0 0 0 0 0 0 0 0 0 0 0 0 1]]
unit_cost
[13 10 10  9 13 15 14 15 12 15]
pre_factor
1.0
