param: 
proc_time: (1, 100)
setup_rate: 0.5
setup_time: (15, 30)
delivery_time: (1, 100)

mach
10
job_rate
5
fam
8
setup_rate
0.5
proc_time
[[  0  51  45  80  52  44  55  78  22  23  88  79  33  85  31  15  68  92
   89 100  32  56  27  70  82  58  63  83  89  95  78   9  27  34  24  42
   66   6   1  71  55  23  75  26  19  58  25   1  91  18  64]
 [  0  58  85  94   6  95  18  52  91  33  38  43  89  71  67  33  68  75
   47  27  65   8  94  95  42  94  14  62  62  72  64   6  59  67  96   8
   97  44  65   9  21  34  56  84  79  75  10   3  32  34  99]
 [  0  45  67  14  26  60  19  61  25  95  75   5  51  67  63  26  47  70
   11  21   9  18  31  76  66  81  73  63  55  16  72  15  28  25  25  35
   79   4  73  23  87   2   1  92  94  18  70  87  27  34  84]
 [  0  83  61  47  89  86  63  45  56  75   7  38  56  61  59  75  11  97
    7  22  43  81  15  93  16  46  30   6  81  99  56  20  59  27  71  11
   87  52  81  79  58  92  70  29  13  75  17  97  96  51  19]
 [  0  58  23  68   2  45  28  40  20   5  79  97  53  76  53  11  70  27
   40  82  88  32  19  75  48  52  87 100  44  30  98  98  25  26   6  70
   77   3  58  94  74  32 100  37   1  21  84  87   8  17  15]
 [  0  50  10  26  34  11  15  42  32   4   6  25  52  44  14  57   3  44
    7  89  35   3  70  66  58  22   5  17  33  11  49  60  30  27  47  21
   25  45  74  28  53  85   7  61  71  12  96  82  51   4  41]
 [  0  61  32  22  28  92  63  60  31  96  32  88  63  69  24  63  87  19
   12  53  15  31  59  34  24  35   2  96  62  34  89  44  18  40  13  63
   71  15  28  31  84   8  17  24  42  66  95  30  33   5  24]
 [  0  24  87  53  62  69  10   6  43  29  38  23  27  11  97   9  77  43
   64  69  34   7  54  88  87  32  60   4   3  38  82  44  91  62  43  27
   45  50  78   6  97   4  76  42  50  45  13  73  53  36  21]
 [  0   6  57  44  11   1   4  85  24  62  63  78  71  13  58  67  65  67
   77  12  21  30   3   3  11  56  23  62   9   3  19 100  15  80  94  47
   52  90  59 100  87  68  35  14  36  34  42  46  69  89  26]
 [  0  18  93  20  28  92   1  70  57  65  72  95  35  29  62  36  62  70
    2  99  95  16  23  24  81  67 100   1  84  22   3  11  44  64  19   6
   50  38  92   9   2  18  96   7  99  83   3  88  23  77   6]]
setup_time
[[[ 0 26 26 21 15 19 21 30 26]
  [ 0  0 27 25 26 29 15 24 25]
  [ 0 29  0 27 19 24 23 26 17]
  [ 0 16 16  0 27 29 15 30 19]
  [ 0 19 25 28  0 30 18 29 23]
  [ 0 22 26 25 17  0 19 23 29]
  [ 0 30 28 26 20 26  0 22 22]
  [ 0 23 18 28 28 20 30  0 19]
  [ 0 25 16 17 17 28 25 29  0]]

 [[ 0 17 18 26 19 23 23 17 15]
  [ 0  0 18 16 15 21 29 16 21]
  [ 0 22  0 27 20 19 25 24 30]
  [ 0 17 18  0 30 17 22 20 18]
  [ 0 29 20 27  0 24 26 30 28]
  [ 0 15 16 15 24  0 30 23 26]
  [ 0 27 17 16 24 24  0 16 19]
  [ 0 23 17 23 26 25 25  0 18]
  [ 0 26 30 21 23 16 26 21  0]]

 [[ 0 27 21 21 23 25 21 23 19]
  [ 0  0 30 23 30 30 17 19 30]
  [ 0 28  0 23 16 18 17 16 26]
  [ 0 30 15  0 19 29 17 22 15]
  [ 0 20 25 21  0 16 24 15 22]
  [ 0 23 17 21 19  0 22 27 16]
  [ 0 29 29 15 19 26  0 27 16]
  [ 0 29 27 17 29 24 29  0 30]
  [ 0 28 19 17 24 19 24 25  0]]

 [[ 0 21 22 20 26 29 20 27 20]
  [ 0  0 25 17 15 24 26 22 29]
  [ 0 25  0 26 18 27 23 24 30]
  [ 0 25 16  0 19 25 29 19 24]
  [ 0 27 19 15  0 28 15 27 21]
  [ 0 28 23 21 19  0 17 29 17]
  [ 0 21 29 23 23 28  0 16 29]
  [ 0 28 22 24 20 25 26  0 23]
  [ 0 17 19 21 17 22 20 21  0]]

 [[ 0 19 21 26 20 21 27 21 22]
  [ 0  0 23 28 24 20 20 20 22]
  [ 0 15  0 20 22 15 17 15 18]
  [ 0 16 28  0 26 26 22 19 18]
  [ 0 28 18 28  0 26 17 16 23]
  [ 0 20 23 19 23  0 15 28 25]
  [ 0 15 21 28 24 24  0 19 15]
  [ 0 22 27 29 29 19 24  0 22]
  [ 0 20 30 22 23 24 26 21  0]]

 [[ 0 20 18 21 23 15 27 21 29]
  [ 0  0 29 19 21 30 25 15 22]
  [ 0 19  0 24 23 26 25 24 26]
  [ 0 30 18  0 17 23 20 27 18]
  [ 0 25 24 30  0 27 23 21 23]
  [ 0 26 15 30 24  0 19 21 23]
  [ 0 16 30 15 16 15  0 30 16]
  [ 0 22 27 19 19 19 18  0 16]
  [ 0 15 21 22 18 28 18 20  0]]

 [[ 0 23 27 20 30 21 26 19 24]
  [ 0  0 30 24 16 20 16 20 30]
  [ 0 21  0 22 17 27 21 15 30]
  [ 0 21 23  0 16 22 24 20 19]
  [ 0 30 25 28  0 26 17 24 28]
  [ 0 28 24 19 29  0 16 17 30]
  [ 0 19 19 21 19 15  0 25 25]
  [ 0 16 29 27 27 25 26  0 29]
  [ 0 23 17 26 22 23 21 27  0]]

 [[ 0 24 19 23 30 30 28 30 22]
  [ 0  0 24 23 27 28 20 24 30]
  [ 0 19  0 30 20 27 21 16 17]
  [ 0 29 15  0 21 21 24 22 30]
  [ 0 20 24 15  0 22 19 21 21]
  [ 0 24 18 18 19  0 15 22 29]
  [ 0 18 18 27 17 24  0 19 15]
  [ 0 27 21 21 17 28 17  0 24]
  [ 0 28 24 28 21 16 26 26  0]]

 [[ 0 23 15 22 17 27 17 30 18]
  [ 0  0 20 29 27 17 16 21 16]
  [ 0 16  0 27 30 28 24 15 15]
  [ 0 27 24  0 30 20 15 27 20]
  [ 0 19 15 24  0 25 24 26 28]
  [ 0 15 15 24 18  0 18 17 27]
  [ 0 25 22 15 28 18  0 22 29]
  [ 0 30 30 24 25 22 19  0 22]
  [ 0 27 29 20 28 22 18 21  0]]

 [[ 0 26 24 27 18 28 15 29 28]
  [ 0  0 18 19 16 26 28 28 28]
  [ 0 22  0 19 21 22 22 21 22]
  [ 0 20 25  0 23 24 22 20 20]
  [ 0 22 29 19  0 15 17 29 30]
  [ 0 30 30 25 15  0 24 28 15]
  [ 0 27 21 29 27 19  0 27 21]
  [ 0 24 21 23 29 15 24  0 18]
  [ 0 16 30 21 24 25 23 28  0]]]
delivery_time
[[  0  26  19  69  37  49  31  93  65  48   7  56  28  69  23  80  74   5
    3  21  29 100  50  24  87  98  67  59  26  41  14  88  12  12  46   9
   37  73  59  11  21  16  50  48  10  70  83   9  51  11  81]
 [  0  26  37  46  11  66  75  94  13   9  46  65   4  41  91  96  70  79
   52   1  61   1  96  24  59  89  57  80  44   7  66  87  87  98  79  64
   29  64  41  21   9  21  61  53  51  47  48   1  90  94  14]
 [  0  90  40  92  80   8  60  78  92   1  96  32  38  54  23  54  48  99
   60  94  95  13  84  15  53  58  22  15  85   8  74  93  76  44  51  43
   93  20  51  52  35  17  13  96  82  23  51  44  18  45  79]
 [  0  48  16  31  62  99  46  66  53  89 100  87   2  87  20  30  54  37
    6  25  15  30  17  80  27  13  12  67  67  48  59  22  14  66   1  75
   58  78   8  96  96  96  12  95  72  81  42  13  44   9  19]
 [  0  78  94  70  81  81  49  23  86  36  44  29  96  41  82  37  15  66
   39  40  51  53  52  89  18   6  23  68  57  15  32  49  41  26  79   5
    1  96  32  99  87  33  92  94  31   5  96  87  59   2  57]
 [  0  71  88  24   2  46  88  80  94  73  40  11  39  77  41  96 100  29
   17   5  14  26  61  14  29  27  97  91  11  57  93  55  18  11  83  89
   32  75  40 100  30  44  55  27  78  41  52  12  18  87  61]
 [  0  52  49  64  54  20  92  84  23  22  50  16   8  47  96  10  38  93
   47  28  91  87  95  27  70  81  75  29  69  89  97  73  43  26  83  85
   76  55   6  77  45  99  67  58  49  19  22  30  93  67  74]
 [  0  33  95  54  48   2   7  13  52  42  51  58  77  39  67   2  60  87
   29  13  64  10  85  97  21  69  30  10  71  72  71  78  30   9  72  10
    7  87  30  46  56  74  73  60  86  72  45   7  30  76  35]
 [  0  72   4   7  55  56   7  52  48  27  11  76  66  48  33  25  24  51
   47  80  24  26  47  20  29  93  12  43  18  19  60  69  86  58  99  73
   36  12  79  60  85  17  69  88  31  47  55  11  60  28  76]
 [  0  26   9  89  74  13  70  69  72  28  24  77  30   5  43   4  70  37
   84  82  51  35  33  47   6  84  97   7  13  21  39  86  98  75  34  18
   87  22  96  97  56  45  57  94  75  37  35  91  37  49   4]]
job2fam
[[1 0 0 0 0 0 0 0 0 0 0 0 0 0 0 0 0 0 0 0 0 0 0 0 0 0 0 0 0 0 0 0 0 0 0 0
  0 0 0 0 0 0 0 0 0 0 0 0 0 0 0]
 [0 0 0 0 0 0 0 0 0 0 0 0 0 0 0 0 0 0 0 0 0 0 0 0 0 0 1 0 0 0 0 1 0 0 0 0
  0 0 0 0 0 0 0 0 0 0 0 0 0 0 0]
 [0 0 0 0 0 0 1 0 0 0 0 0 0 0 0 0 0 0 0 0 0 0 0 0 0 0 0 1 0 0 0 0 0 0 0 0
  1 0 0 0 1 0 0 0 0 0 1 0 0 0 1]
 [0 1 0 0 0 0 0 0 0 0 0 0 0 0 1 0 0 0 0 0 0 0 0 0 0 0 0 0 0 0 0 0 1 0 0 1
  0 0 0 0 0 0 0 0 0 0 0 1 0 1 0]
 [0 0 0 0 0 0 0 0 0 0 1 0 0 0 0 0 0 0 0 0 1 0 0 0 0 1 0 0 0 1 0 0 0 1 0 0
  0 1 0 0 0 0 0 0 0 1 0 0 0 0 0]
 [0 0 0 0 1 0 0 0 0 0 0 1 0 1 0 0 1 1 0 1 0 0 0 0 0 0 0 0 0 0 0 0 0 0 0 0
  0 0 0 0 0 1 1 1 1 0 0 0 0 0 0]
 [0 0 1 0 0 0 0 0 0 0 0 0 1 0 0 1 0 0 0 0 0 0 0 1 1 0 0 0 0 0 0 0 0 0 1 0
  0 0 0 0 0 0 0 0 0 0 0 0 0 0 0]
 [0 0 0 0 0 0 0 0 0 1 0 0 0 0 0 0 0 0 1 0 0 1 1 0 0 0 0 0 0 0 1 0 0 0 0 0
  0 0 0 0 0 0 0 0 0 0 0 0 1 0 0]
 [0 0 0 1 0 1 0 1 1 0 0 0 0 0 0 0 0 0 0 0 0 0 0 0 0 0 0 0 1 0 0 0 0 0 0 0
  0 0 1 1 0 0 0 0 0 0 0 0 0 0 0]]
unit_cost
[5 8 9 8 9 7 9 7 6 9]
pre_factor
1.0
