param: 
proc_time: (1, 100)
setup_rate: 2.0
setup_time: (60, 120)
delivery_time: (1, 30)

mach
10
job_rate
5
fam
8
setup_rate
2.0
proc_time
[[  0  23  13  33  84  26  59   1  61  58  36  22  53  13  66  22  29   1
   80  95  45  79  72  98  63  30  63  76  54  80  25  46  73  37   3  69
  100  25  46  19  58  16  93   1  63  83  34  15  52  42  79]
 [  0  94  77  98  50  74  62  36   4  80  37  97  94  94  39  64  95   4
   61  91  30  40   6   9  91  13  69  81  15  14  49   4  28  75  33  96
    8  62  23  21  12  86  45  52  91  44  95  24  98  13  26]
 [  0  85  55  46   6   7  86  47  66  49  95  86  21  29  12   6  10  20
   31  68  21  99  28  13  43  75  53  26  56  59  25  42  36  70  65  76
   68  20  48 100  61  34   7  92   3  36  66  62  76  74  94]
 [  0  40  73  32  78  72  49  46  29  92  20  35  32  25  96  47  53  77
   26   2   2  15  96  78  42  67  75  83  92  43  94   5   1  12  20  36
   98  65  74  16  91  66  22  99  72  81  79  40  41  21  39]
 [  0  80  68  39   4  56  60  27  49  95  81  77  72  62  47  88  14  21
   90  96  47  51  96  51  93  16  65  52  47  53  73  38  40  40  52  41
   42  71  22  31  78  28  84  98  20  18  72  73  48  86  78]
 [  0  74  17   1  18  34  15  14  61  95  48  34  20  13  73  22  86  30
   87  83  22   8  35  69  50   2  54  48  68  88  32  33  12  96   5  59
   65  95  57  53  26   5  95  71  76  30  61  81   5   3  65]
 [  0  80  80  69   5  78  71   3  41  48  15  96  58  78  94   9  96  69
   37  88  63  25  46  86   7  30  92  70  54  51  17  80  57  24  44  15
   88  40  84  88  19  76   6  56  47   7  38  45  47  46  63]
 [  0  57  28  97  61  29  17  96  62  30  53  42  87  16  31  92  46  75
   22  92  93  39  63  59   4  75  90  36  45   5  99  20  23  78  61  78
    9  98  26  58  58  95  10  34   7  16  72   2  87  17  61]
 [  0  59  44  91  15  54  31  95  34   7  28  32  59  92  18  14  43   5
   38  52   9  20  61  88  88  35  49  86  94  51  82  13  61  18  98  49
   26  33  67  67  48  15  91  20  30  90  68  98  72  56  69]
 [  0  84  53  32  29  49  61  19  53  29   4  21  75  51  52   8  10  21
   32  38  74  95  94  45  95  72  96  50  57   8  54  76  66  20  55  48
    7  58   5   5  85  64  59  60  44  51  17  16  30  34  58]]
setup_time
[[[  0 116  82  81  88  61 115  85 107]
  [  0   0  70  72  79  96  61  92  81]
  [  0  68   0  62 106 113  88  63  78]
  [  0  83  93   0  83  64  91  66  95]
  [  0  63 112  60   0 113 117 106  85]
  [  0 100 101  96  79   0 117  84 104]
  [  0  96  74  92  86 113   0  77 107]
  [  0 117  75  83  86  74 118   0 102]
  [  0 111  96  90  61 110  83 119   0]]

 [[  0  84 113 105 108 107  63 107  67]
  [  0   0  89 108  84 101  67  84  99]
  [  0 101   0 107 102  90  85  76 101]
  [  0  91 120   0  77  83 104 113 116]
  [  0 118  67  91   0  96 111 101 114]
  [  0  91  87 120 113   0 117 107  80]
  [  0 114 114  73  74 113   0  88  89]
  [  0  92  76  78 112 120  78   0 100]
  [  0  92 104 111  82  85  67  92   0]]

 [[  0 120  86  69  96  99  66 116 100]
  [  0   0 109 102  81 107 100  91  61]
  [  0 113   0  76 108  75  66 115  89]
  [  0  95  95   0  69 119  98  78 105]
  [  0  63 108  61   0  97 115 115  62]
  [  0  83 106  75 107   0  72  91  90]
  [  0 118  67 104 114 119   0  66  86]
  [  0  92  88  70 109 110 105   0  81]
  [  0  72  91  98  93  74  95 110   0]]

 [[  0 116  64  82  94  66  82 104  71]
  [  0   0  60 107  78  86  86 107 118]
  [  0 120   0  76  99  82  61 106 112]
  [  0  95 103   0  63  89  98 103 112]
  [  0  97 120  66   0  75  74  88  99]
  [  0  92  71 102 108   0  62  85 114]
  [  0  76  61 104  75 112   0 116  84]
  [  0  75 110 104  81 119  95   0 105]
  [  0  82 116  76  84  73 118  78   0]]

 [[  0  93  65  81  64 114 116 101  67]
  [  0   0 115  66 106 109  70  77  98]
  [  0  90   0  67 113 115  80 103  75]
  [  0  67  89   0  67 120 101 102  77]
  [  0  99  96  96   0  86 101  98  79]
  [  0  99  68 119  77   0 111  99 118]
  [  0  79  94  78  70 113   0  71  69]
  [  0  98  61  88 113 105  77   0 101]
  [  0 117 106  82 116 108  72  60   0]]

 [[  0  62  94 117  91 111 120  64  82]
  [  0   0  71 119 120 114  92  99  93]
  [  0  88   0  83  66  60  74  94  97]
  [  0  61  97   0  64 118 101 102  63]
  [  0  64 101  66   0  61 108  80  85]
  [  0  72  92  70  69   0  69 108 105]
  [  0 116  62  65  93  97   0  97 107]
  [  0  69  66 110 103  91  91   0  63]
  [  0 110 109 117 107 118  84  74   0]]

 [[  0  66  78  62  87  65  70  71 104]
  [  0   0  77  97  88 118 109  95  61]
  [  0  99   0  89  94 108  83 118  66]
  [  0  97 105   0 110 104  61  95  71]
  [  0  99 113  70   0  70 115  88  65]
  [  0 112  98  73  97   0  99 108  66]
  [  0  96  63 110  88  88   0  91 114]
  [  0  84  98 112  97  63  92   0  69]
  [  0  76  99  65  82 120 112 110   0]]

 [[  0  83  88  62  62  89  66  92  83]
  [  0   0  87  64 116  83  93  93  91]
  [  0  95   0 105  84  75  98 108  86]
  [  0  60  68   0  78  86 119  86  64]
  [  0  94 117 108   0 118 104  91  90]
  [  0  77  63  61  81   0 109  79  86]
  [  0  70 107  95  87  74   0  73  64]
  [  0 119 117 108  72 109  68   0  92]
  [  0 112  63  60  91 109  74  75   0]]

 [[  0  87 111  71  77  67  74  75 113]
  [  0   0 100 107  92  75  93 102  74]
  [  0  76   0 119  67 103  86  83  94]
  [  0 106  97   0  86  99  70  67  96]
  [  0  71 100  91   0 112 120 119  68]
  [  0 117  91  76  62   0  79 116  71]
  [  0  90  61 110  67 101   0  67  95]
  [  0 101 113  75  84 105  83   0  70]
  [  0  64 109 105  95 118  74 100   0]]

 [[  0  77 113  88  67  92  99 119  76]
  [  0   0  98  86  92  92  99 105  70]
  [  0 101   0  87 118 112 107 103  77]
  [  0  68  62   0  81  60 106 103  80]
  [  0  84 116  88   0  63 117 116 107]
  [  0 114 110  82 120   0  68  99  69]
  [  0  77  78 104  89 116   0 106 110]
  [  0  80  86  92 119  97  62   0 115]
  [  0  71  87  64  64 120 107 102   0]]]
delivery_time
[[ 0 29 13 26  2 29  8 19 26 11 28  7 19 23 15 20 18 13 13 11 21 15 23 26
   9  9  4  1 10 27 30 28 23 20  5 23  2  5 14  3 14 27 24  1 22 30 10 19
  22  5 20]
 [ 0 12  3  7 11  4 26 30  9 14  6 11 14 26 19 20 12 19  3  9 24  2 19 25
  13 13 18 19 30  7 20 19 14  3  8  1 24 19 30 15 26  1 11 10  5 26  2 29
  20  5 28]
 [ 0 21 27 27  5 24  8 12  8 17 15 27 10  7 11 29 27 23 10 30  1 19 11 10
  20 28 19  4 22 30  5 15  2 24 19 14  1  7 29  3 23 12 27 27 24  4  2  3
  27 28  1]
 [ 0  7 19 20  9 14 15 25  6 15  4 19  5  9 19 23 19 30 22  8 24 26 17  3
   7  8 12 27 10 14 17  8 11 30 28 30 21 30 10  5 14 22 15 20 18  9 17  2
  24 29  8]
 [ 0 30 28 20  1  5 30  5 18 23  9 23 22  4 25 20 14  7  6  4 25  9 10 18
   4 27  2 13 10 27 15  6  6 23 23 14 21 15 21 18 11  5 23 16  6  7 18 14
  29 10 18]
 [ 0 13 29 13  5 12 24  3  2 21 25  2  1 30  2 14 22 30 28 21  6 29 24 11
  17 19  6 28 23  1  4 14  5 26  8 11 19  8 26  6 12 17 13 20 20 21  2 16
  14 24  6]
 [ 0 24 25 29 24  7 25 12  1 24 26  9 13  5  4 16  1 30 12 16 12 27  1 12
  25  7 24 16  7 11 29 12 23 15 22  7 25 21 22 30 21  1 22 17 11 23 12 28
  11  2 29]
 [ 0 23 30 28 15 30 14  3 18  4 12 22 12  7 20 12 18  4 15 22 11 20 21 25
  13 24  4 12 21 16 20  8  4  1  5 26 16 19 24 21  4 25  2 26 10 25  5  9
  14 22 23]
 [ 0 17 28 19 25 21 27 30 25 11 23 29 17 16 29  6  8  7 28 30  6 24 27 16
   2 24  7  5  4  9 16 28 17 19 10 20 30  1  2 19 18 26 19 11 15  4 18 30
  11  9 16]
 [ 0  8 20 20 10  5 24  6  2  4 15 16 21 11 12 14 26  9 16  3 20 20 26 13
  17 19  6  4 17 21 12  3 30 23 24 21 19 24 22  2 18 14 30 13  2 27 11  6
   1 11 25]]
job2fam
[[1 0 0 0 0 0 0 0 0 0 0 0 0 0 0 0 0 0 0 0 0 0 0 0 0 0 0 0 0 0 0 0 0 0 0 0
  0 0 0 0 0 0 0 0 0 0 0 0 0 0 0]
 [0 0 0 0 0 0 0 0 0 0 0 0 0 0 1 1 0 0 0 1 1 1 0 0 0 1 0 0 1 0 0 0 0 0 1 0
  0 0 0 0 0 0 0 0 0 0 0 0 0 0 0]
 [0 0 1 0 1 0 1 0 0 0 0 0 0 0 0 0 0 0 1 0 0 0 0 0 0 0 0 0 0 0 0 0 0 0 0 0
  0 0 0 0 0 0 0 0 0 0 0 1 0 0 1]
 [0 0 0 0 0 1 0 0 0 1 0 1 0 0 0 0 0 0 0 0 0 0 0 0 0 0 0 0 0 0 0 0 0 0 0 0
  0 1 0 0 0 0 0 0 0 0 0 0 0 1 0]
 [0 0 0 1 0 0 0 0 0 0 0 0 0 0 0 0 0 0 0 0 0 0 0 0 0 0 0 1 0 0 0 0 0 0 0 1
  0 0 0 0 1 0 0 1 0 0 0 0 0 0 0]
 [0 0 0 0 0 0 0 1 0 0 0 0 1 0 0 0 1 0 0 0 0 0 0 0 0 0 0 0 0 0 0 0 0 0 0 0
  1 0 0 0 0 0 1 0 1 0 0 0 1 0 0]
 [0 0 0 0 0 0 0 0 0 0 1 0 0 1 0 0 0 0 0 0 0 0 0 1 0 0 0 0 0 1 1 0 1 0 0 0
  0 0 0 0 0 0 0 0 0 1 1 0 0 0 0]
 [0 0 0 0 0 0 0 0 0 0 0 0 0 0 0 0 0 1 0 0 0 0 0 0 0 0 0 0 0 0 0 1 0 0 0 0
  0 0 1 1 0 1 0 0 0 0 0 0 0 0 0]
 [0 1 0 0 0 0 0 0 1 0 0 0 0 0 0 0 0 0 0 0 0 0 1 0 1 0 1 0 0 0 0 0 0 1 0 0
  0 0 0 0 0 0 0 0 0 0 0 0 0 0 0]]
unit_cost
[7 5 5 5 4 5 5 4 4 5]
pre_factor
1.0
