mach
4
job_rate
6
weight
[ 0  5  9  7  1  9  6  5  4 10  2 10  9  6  2  9  2  9  6  9  5  3  3  9
 10]
proc_time
[[  0 108  90  89 120  55 115  66  65 105 124  93  74  60 147  82  63  80
  129  91  80  67 114 115  62]
 [  0 100  75 137 128  50  76 113  86 108 107 125  52  69  52 117  78  81
  136  98 149 130 101  87 129]
 [  0  78  95  51 137 113  81 145 110 105 128  99 115  84 116  90 149  69
  103  71  64 137 149 119  87]
 [  0  93  98 150 110 111 107 136  92  59 111  82  86 115  62 117  62  72
  148  70 140 100  59  72  78]]
setup_time
[[[0 2 0 1 3 1 1 4 4 0 1 2 0 4 3 4 4 3 2 2 0 4 2 4 0]
  [0 0 4 0 4 3 2 0 2 4 2 3 4 4 2 2 2 1 4 0 1 2 3 2 3]
  [0 3 0 2 2 0 4 0 1 2 3 3 0 0 4 0 1 4 4 4 1 2 1 1 1]
  [0 2 3 0 0 2 3 0 4 1 2 3 1 3 2 3 3 1 0 4 3 2 1 0 2]
  [0 1 1 3 0 4 1 3 3 0 0 2 1 3 4 2 3 1 4 1 2 0 2 1 3]
  [0 3 3 1 1 0 0 3 2 3 2 3 1 2 3 1 3 1 1 0 3 0 2 4 1]
  [0 3 4 0 1 2 0 4 1 0 1 0 3 3 1 4 0 1 2 3 0 2 4 0 0]
  [0 1 2 2 4 1 1 0 0 4 3 0 4 2 1 1 2 4 3 1 1 2 3 3 4]
  [0 4 2 4 1 0 0 0 0 3 1 3 1 1 3 0 4 2 3 2 4 1 0 2 4]
  [0 0 1 0 1 0 1 1 4 0 2 2 0 3 2 1 3 0 0 3 2 0 1 3 3]
  [0 4 4 1 4 4 1 4 3 1 0 2 3 4 2 4 1 2 3 0 4 0 4 2 1]
  [0 1 0 4 2 2 0 0 0 1 2 0 4 3 2 1 3 0 0 2 0 1 0 3 2]
  [0 4 0 3 4 0 4 4 3 0 0 2 0 0 1 1 2 3 0 4 4 2 3 4 2]
  [0 3 4 0 4 3 2 0 0 3 0 1 0 0 1 1 0 1 4 2 0 2 3 3 1]
  [0 1 1 3 0 3 3 0 1 0 2 2 3 4 0 3 3 4 1 3 3 4 3 4 1]
  [0 1 1 3 4 4 4 3 0 2 3 4 2 1 3 0 0 3 4 0 0 4 1 2 3]
  [0 0 0 1 4 0 2 1 2 2 2 4 2 3 3 2 0 1 1 2 1 0 2 1 4]
  [0 1 1 0 4 0 2 0 4 3 4 1 1 2 4 3 0 0 4 0 1 0 1 3 4]
  [0 3 4 2 1 3 2 2 1 3 1 2 1 2 3 4 0 4 0 3 4 3 2 4 0]
  [0 4 1 0 0 2 0 2 2 2 4 2 1 3 3 1 1 2 2 0 1 1 1 3 2]
  [0 2 4 2 3 1 4 1 3 1 3 3 4 1 4 4 3 0 0 1 0 3 1 3 4]
  [0 1 3 2 3 3 3 2 2 4 0 0 4 3 1 2 4 1 1 2 2 0 2 3 2]
  [0 4 3 1 2 3 2 2 3 4 3 1 4 3 1 4 4 2 4 0 3 3 0 0 2]
  [0 2 3 1 0 2 2 2 4 0 4 0 3 1 3 4 1 2 2 4 4 0 1 0 0]
  [0 1 0 2 3 4 3 4 1 2 2 0 1 3 2 0 2 1 0 1 3 4 1 4 0]]

 [[0 4 4 3 1 0 3 1 2 2 0 0 4 4 2 0 4 4 4 0 2 3 1 1 1]
  [0 0 4 2 3 4 0 0 1 4 1 3 0 1 4 1 3 2 1 4 0 2 3 3 1]
  [0 1 0 3 4 2 0 0 1 1 2 4 3 2 1 2 1 1 0 0 0 4 4 2 1]
  [0 0 0 0 3 4 3 2 1 1 1 3 1 0 3 1 0 3 3 2 0 3 4 2 2]
  [0 3 0 1 0 1 3 4 4 2 1 0 0 4 0 3 0 2 1 2 4 4 3 2 4]
  [0 1 1 0 4 0 0 2 1 1 1 1 1 3 2 1 4 2 1 0 2 4 4 0 0]
  [0 1 1 2 3 4 0 2 1 2 3 0 1 3 2 3 2 3 4 0 0 2 0 4 1]
  [0 3 3 2 3 4 1 0 1 0 3 3 1 3 1 0 1 4 2 4 4 1 3 4 2]
  [0 1 1 4 3 0 3 2 0 1 4 0 3 0 1 3 0 1 3 2 2 1 0 1 2]
  [0 0 3 4 2 3 0 2 1 0 4 2 1 3 2 1 1 2 4 2 4 2 2 4 4]
  [0 3 1 2 0 4 1 0 4 3 0 1 3 3 3 2 2 2 4 4 0 4 2 1 1]
  [0 1 1 1 3 3 1 0 2 0 2 0 2 0 0 2 1 0 3 1 4 2 0 4 1]
  [0 4 2 3 1 0 2 3 0 4 3 0 0 3 0 4 4 1 2 2 4 0 2 4 3]
  [0 4 1 1 0 0 1 4 1 2 2 1 1 0 0 2 2 1 1 3 4 3 1 1 1]
  [0 3 0 0 1 4 3 3 3 3 4 1 1 4 0 4 0 4 4 1 1 4 1 0 4]
  [0 0 3 0 3 1 1 2 2 4 4 2 2 3 1 0 3 0 1 2 3 4 4 2 2]
  [0 4 2 0 0 3 0 2 4 1 4 2 0 0 3 1 0 0 3 1 0 2 3 2 2]
  [0 4 0 2 3 3 4 1 0 1 2 3 1 2 2 1 0 0 1 1 2 3 0 2 2]
  [0 1 4 0 0 0 3 4 4 3 4 4 2 0 4 1 0 0 0 4 1 4 4 0 4]
  [0 2 3 3 4 0 1 3 1 1 3 3 4 2 0 2 2 0 3 0 0 4 1 3 4]
  [0 0 1 4 3 1 3 1 0 3 1 2 1 4 2 2 3 0 3 1 0 2 4 2 0]
  [0 1 4 3 1 4 2 4 4 3 0 1 4 4 1 0 0 2 3 3 1 0 4 3 1]
  [0 3 4 4 4 4 2 4 0 2 2 0 1 2 3 4 2 0 0 2 3 2 0 3 0]
  [0 0 4 0 3 0 4 1 1 4 2 3 2 0 3 2 1 0 1 0 1 4 3 0 0]
  [0 1 3 2 3 0 2 3 3 3 1 2 0 2 3 4 0 1 4 3 2 4 1 4 0]]

 [[0 4 4 4 1 3 1 2 2 4 1 2 1 4 0 2 3 2 3 2 2 2 4 1 2]
  [0 0 4 2 2 0 0 0 4 0 3 4 3 4 4 3 1 4 0 2 1 2 4 2 3]
  [0 1 0 1 1 1 0 2 3 0 1 4 1 2 0 3 0 1 0 3 3 0 2 2 3]
  [0 4 0 0 0 3 4 0 2 2 0 0 2 4 3 1 0 3 2 2 1 4 2 1 3]
  [0 1 0 2 0 2 4 1 0 4 3 0 2 1 3 0 0 2 4 0 3 2 0 2 1]
  [0 0 0 1 4 0 3 3 4 2 0 3 4 3 0 2 1 3 1 1 4 1 3 1 0]
  [0 0 2 1 2 3 0 2 2 3 3 0 3 3 1 4 1 0 2 4 2 1 4 1 4]
  [0 2 0 2 1 1 3 0 1 0 4 3 3 4 1 1 1 3 4 0 0 1 2 2 4]
  [0 1 0 1 1 3 4 1 0 3 3 4 0 4 4 0 0 3 2 0 1 4 1 0 4]
  [0 3 3 3 3 4 3 1 2 0 3 4 0 4 2 4 0 2 3 3 1 4 4 3 2]
  [0 0 4 4 3 2 3 4 0 4 0 2 2 1 3 0 2 0 1 1 0 1 0 2 4]
  [0 0 1 2 1 2 0 3 4 4 2 0 4 4 2 1 2 3 1 1 2 3 0 4 0]
  [0 2 2 1 4 0 1 4 3 1 0 0 0 0 3 2 2 1 3 3 2 1 3 0 4]
  [0 2 4 2 1 1 4 3 2 3 4 3 1 0 1 3 4 1 1 1 1 0 3 4 0]
  [0 0 2 1 3 1 2 4 3 3 3 0 2 4 0 0 3 4 4 4 4 2 0 4 2]
  [0 1 4 1 4 1 0 1 3 3 0 4 1 1 0 0 1 4 0 0 1 3 4 3 2]
  [0 2 4 4 3 2 4 4 3 0 1 2 0 1 4 4 0 0 2 1 2 0 2 1 1]
  [0 2 0 4 1 4 3 4 2 3 1 4 1 4 4 3 0 0 3 4 2 0 2 3 4]
  [0 2 0 0 1 3 2 4 4 3 3 2 3 3 4 3 3 2 0 0 0 0 3 2 4]
  [0 3 4 1 2 3 3 3 0 2 1 2 0 1 0 4 0 3 4 0 0 2 1 3 4]
  [0 4 4 0 0 1 0 3 1 2 0 1 3 1 1 4 4 1 2 3 0 4 0 1 2]
  [0 0 2 2 1 0 2 4 1 1 2 4 3 3 2 4 3 2 1 0 0 0 2 3 3]
  [0 2 3 3 1 0 0 0 2 3 4 4 3 4 4 4 1 3 1 2 4 2 0 1 3]
  [0 4 2 2 3 3 3 0 3 1 4 3 2 2 1 3 4 3 3 0 0 4 3 0 0]
  [0 2 3 3 4 4 3 3 4 4 1 2 0 0 0 4 3 1 4 0 2 2 3 2 0]]

 [[0 1 1 2 1 2 3 3 1 2 3 0 3 0 1 2 2 2 1 0 2 4 1 1 3]
  [0 0 3 4 2 2 4 3 3 4 1 1 3 0 0 0 1 3 0 1 1 4 0 0 2]
  [0 2 0 4 1 1 0 1 3 0 3 4 4 2 1 4 0 1 3 4 3 4 4 0 0]
  [0 4 3 0 1 3 3 0 4 1 3 3 3 3 2 1 2 1 1 0 2 2 3 4 2]
  [0 0 4 0 0 0 2 3 2 4 0 2 4 3 1 3 0 1 3 2 2 1 1 4 2]
  [0 0 4 0 2 0 2 0 4 0 0 3 4 2 0 1 1 1 4 4 1 4 4 2 1]
  [0 3 3 1 0 1 0 2 3 0 3 0 2 0 3 3 2 1 2 0 4 0 2 3 2]
  [0 1 1 1 3 2 3 0 1 2 3 0 0 4 2 1 1 3 3 0 3 1 4 4 1]
  [0 2 2 4 2 4 4 1 0 4 4 3 0 1 2 3 2 0 0 0 1 3 2 1 4]
  [0 4 0 2 4 4 0 4 1 0 2 3 2 3 4 2 3 1 1 1 2 0 3 3 1]
  [0 1 3 1 2 1 0 0 0 4 0 4 0 1 2 1 2 3 2 3 4 3 1 4 4]
  [0 2 0 2 1 4 3 3 0 0 3 0 1 4 1 3 4 4 4 1 3 3 2 2 0]
  [0 1 2 3 2 4 2 1 3 1 1 0 0 1 2 2 2 2 0 1 2 1 3 4 4]
  [0 1 2 0 2 0 2 4 2 0 1 1 1 0 4 3 2 4 4 2 4 2 0 1 2]
  [0 3 0 3 1 3 3 3 0 0 1 2 4 0 0 0 1 1 2 0 3 4 1 0 2]
  [0 2 1 4 4 3 0 4 0 4 3 2 0 0 1 0 1 3 1 2 3 0 1 3 3]
  [0 0 1 2 0 3 1 4 0 4 2 4 4 1 2 4 0 2 2 0 3 3 0 0 4]
  [0 4 1 1 4 1 3 1 3 0 3 4 0 3 4 2 4 0 3 4 4 1 2 3 4]
  [0 0 1 2 0 0 3 3 1 0 1 1 2 2 3 1 3 3 0 4 0 0 2 2 1]
  [0 4 2 4 1 0 2 3 4 1 3 1 4 3 3 1 1 1 4 0 0 0 0 0 4]
  [0 2 1 4 3 2 3 4 3 1 4 0 3 2 0 1 4 4 2 2 0 0 4 4 4]
  [0 0 2 3 1 2 1 1 0 1 0 0 3 4 3 2 0 2 2 1 1 0 1 4 0]
  [0 3 3 0 4 2 1 1 2 4 2 0 2 2 3 2 1 4 4 2 0 3 0 1 3]
  [0 0 2 0 4 0 1 1 0 1 2 4 0 3 2 2 0 3 1 1 4 3 2 0 2]
  [0 1 3 4 4 1 3 3 2 3 4 0 0 2 1 4 0 1 0 0 1 2 1 3 0]]]
release_time
[  0  20 344  17   1  45  40 562   6  21   2   2  36  23  15  13  13   5
 462  56   9  48 369  24  17]
due_date
[  0  39 379  38  23  53  47 563  36  42  13  11  45  54  39  32  33  10
 477  58  44  48 471  38  23]
unit_emission
[20 20 14 18]
emission_limit
29243.6
setup_severity
0.02
due_tight
0.9
due_range
1.0
release_tight
1
degree_constr
0.2
