mach
4
job_rate
6
weight
[ 0  2  4  3  7  9  6  9  2 10 10  9  9  6  6  2  3  1  6  8  4  3  6  5
  7]
proc_time
[[  0  57  70  83 139 137  55 116  52 121  65  50 127  74 128  80 148 130
   66 134 134  50  77  90  85]
 [  0  60  69  59  56 126 116  97  79 147  62 135  88 147 108  97  94 130
  121  73  89  63 125  87  90]
 [  0 110 104  77  90  86  77  57  91 135 141  87  64  59  59  67  81 101
   77 136  80 136  66 119  85]
 [  0 102  84 133 101  52 145 132 110 150 148  61  50 148 114 149  63 136
  110 107 137  90  86  54  59]]
setup_time
[[[0 1 3 0 4 4 0 2 3 2 3 4 3 1 4 3 0 0 3 0 0 4 3 2 4]
  [0 0 0 4 2 1 2 2 4 0 0 0 4 3 2 4 3 0 0 3 3 2 2 3 2]
  [0 3 0 0 0 4 2 0 3 4 3 0 4 2 1 1 1 4 3 2 2 2 2 2 1]
  [0 2 1 0 4 0 1 3 4 2 0 4 0 4 2 1 3 1 3 3 2 3 0 4 1]
  [0 2 1 4 0 2 1 0 2 4 0 2 0 0 0 0 1 3 1 0 1 1 2 4 0]
  [0 0 4 3 4 0 3 3 0 1 3 2 1 0 3 0 1 4 3 2 0 4 0 1 2]
  [0 3 3 2 2 0 0 0 4 2 1 3 3 1 2 2 4 1 1 0 1 3 1 4 3]
  [0 1 0 1 3 4 1 0 4 4 1 2 3 4 0 1 4 0 1 1 1 1 1 0 1]
  [0 3 1 1 4 4 3 1 0 0 0 2 1 0 4 3 1 0 1 2 4 1 3 4 1]
  [0 2 2 2 3 0 4 3 0 0 0 4 4 2 3 0 2 0 1 1 3 4 3 2 4]
  [0 1 1 3 3 3 4 4 2 4 0 3 4 3 3 1 2 4 1 3 1 3 0 2 4]
  [0 1 0 0 0 4 2 4 1 1 0 0 1 0 1 0 4 3 1 4 4 0 3 4 3]
  [0 1 3 3 4 3 0 4 4 0 1 3 0 3 0 3 0 4 3 2 1 2 0 2 3]
  [0 3 0 2 0 1 0 2 0 1 1 2 4 0 4 2 2 4 3 3 4 1 3 2 2]
  [0 0 2 2 3 3 1 3 2 2 4 1 2 2 0 3 2 4 2 3 2 3 4 1 3]
  [0 0 2 1 0 1 1 1 1 1 4 2 0 3 3 0 2 3 4 4 2 1 4 1 0]
  [0 1 4 0 1 4 1 0 3 0 3 0 2 4 3 3 0 4 1 1 4 3 3 2 3]
  [0 0 2 0 0 2 1 4 1 1 2 3 3 4 3 2 1 0 1 1 3 2 4 0 3]
  [0 3 1 0 0 4 2 3 4 0 0 4 3 2 0 1 0 1 0 0 1 0 2 3 2]
  [0 3 3 0 0 0 2 3 3 1 2 4 4 3 0 2 4 2 3 0 2 2 3 0 0]
  [0 3 2 2 1 2 2 2 0 3 2 0 0 2 2 0 3 4 4 0 0 2 3 3 1]
  [0 3 4 4 4 0 2 4 1 1 3 3 1 4 2 4 3 1 3 4 2 0 2 3 2]
  [0 4 4 4 0 2 3 0 4 4 0 0 0 2 4 1 3 2 2 4 1 1 0 0 1]
  [0 4 3 3 0 0 4 0 0 1 4 4 0 3 3 4 2 3 3 3 2 0 0 0 4]
  [0 1 4 3 4 4 0 0 1 3 0 0 0 2 2 1 4 3 0 0 3 0 1 3 0]]

 [[0 1 2 0 2 1 3 2 2 4 4 3 1 2 3 1 0 4 0 0 0 1 0 4 2]
  [0 0 1 1 4 2 1 3 3 4 4 3 4 4 1 4 0 2 3 0 0 0 2 1 0]
  [0 2 0 1 0 0 1 2 3 1 0 0 0 2 1 0 4 1 1 2 1 3 3 0 3]
  [0 3 1 0 2 2 0 2 3 4 3 0 1 0 3 2 0 0 0 4 3 2 4 4 1]
  [0 2 0 4 0 3 3 3 3 0 2 4 2 2 3 0 0 0 2 4 1 0 0 1 3]
  [0 4 3 0 3 0 4 0 4 0 2 1 3 4 3 3 1 4 4 1 2 4 4 3 2]
  [0 2 4 0 1 3 0 2 0 0 1 2 2 4 1 0 3 0 0 3 2 0 2 1 3]
  [0 2 1 1 3 2 1 0 2 1 3 4 1 2 3 3 3 1 4 4 0 3 0 0 4]
  [0 4 4 1 4 1 1 0 0 3 3 3 4 4 4 4 1 4 3 0 1 1 4 3 0]
  [0 2 4 2 3 2 2 3 0 0 2 2 0 1 2 1 4 0 2 4 1 1 3 4 2]
  [0 0 2 3 4 3 2 2 2 1 0 3 1 2 2 2 3 1 1 4 0 3 2 2 3]
  [0 4 3 1 2 1 3 0 4 0 1 0 4 4 0 2 3 1 1 1 3 3 1 1 2]
  [0 0 0 0 4 2 1 3 3 0 4 4 0 2 0 4 2 3 0 2 4 2 3 2 3]
  [0 1 1 3 1 1 2 2 4 0 0 4 4 0 1 3 1 4 3 0 3 3 1 2 3]
  [0 2 4 4 4 0 4 0 3 4 4 1 0 4 0 3 3 1 2 1 2 2 0 3 4]
  [0 0 2 4 0 3 0 4 1 0 4 2 0 3 2 0 2 1 4 3 0 3 3 0 1]
  [0 0 2 4 1 1 2 1 4 4 4 3 4 4 0 1 0 3 2 4 0 1 3 4 0]
  [0 0 1 2 0 4 4 2 4 2 3 2 0 0 3 1 4 0 0 0 3 4 1 2 3]
  [0 0 4 0 2 3 3 1 4 1 2 3 1 3 4 3 2 2 0 2 1 2 1 1 0]
  [0 1 1 1 4 3 1 4 0 2 2 3 4 1 2 4 2 3 2 0 4 4 4 0 0]
  [0 2 3 4 3 0 1 3 3 0 0 3 2 0 4 3 1 3 3 4 0 2 1 0 2]
  [0 4 4 2 3 0 4 0 2 0 1 2 0 0 1 2 4 3 0 0 1 0 4 3 3]
  [0 0 0 4 2 2 4 3 1 1 4 3 1 2 3 3 3 2 0 1 4 4 0 3 3]
  [0 3 3 0 4 4 2 1 1 2 4 2 4 4 0 3 2 4 4 1 0 0 3 0 2]
  [0 4 3 2 2 2 1 1 1 2 2 4 1 4 3 4 0 3 4 2 0 0 3 3 0]]

 [[0 4 0 1 1 4 3 1 0 1 0 4 0 0 0 0 2 2 4 0 0 2 4 1 1]
  [0 0 4 3 0 3 2 0 0 4 4 3 4 4 4 4 2 2 4 2 0 4 2 4 0]
  [0 3 0 1 1 3 3 4 0 2 4 4 1 3 0 3 0 0 1 3 1 0 2 0 3]
  [0 0 0 0 0 0 1 3 3 0 4 4 1 4 3 0 2 0 3 2 4 4 0 4 1]
  [0 4 1 1 0 0 3 4 3 2 1 1 4 1 4 1 1 3 0 3 3 2 1 0 2]
  [0 1 4 0 1 0 2 3 2 2 3 2 3 0 0 0 4 1 0 2 2 2 0 4 2]
  [0 3 2 1 0 3 0 4 2 2 0 1 0 2 2 3 1 4 4 4 0 2 3 4 4]
  [0 0 4 1 1 0 1 0 0 4 1 3 0 1 2 0 4 4 1 2 4 4 1 3 1]
  [0 0 3 2 0 4 3 0 0 4 3 3 4 4 2 2 1 4 0 3 0 3 2 3 1]
  [0 1 3 2 2 4 1 3 2 0 3 4 0 1 1 3 4 0 4 3 1 2 3 1 0]
  [0 1 1 2 3 1 1 3 1 3 0 2 0 0 1 3 2 1 0 3 0 3 4 4 4]
  [0 0 0 1 2 3 4 2 1 1 1 0 2 2 4 0 0 3 4 2 1 1 0 0 1]
  [0 0 4 2 2 3 0 0 4 0 2 3 0 1 1 4 3 2 1 1 3 2 1 2 3]
  [0 3 0 0 3 1 1 4 3 3 1 2 0 0 4 0 0 2 1 1 3 1 1 2 3]
  [0 4 1 1 3 2 4 2 2 0 0 3 0 1 0 4 3 1 0 1 0 3 1 2 4]
  [0 3 1 1 1 0 3 0 4 2 1 1 4 4 4 0 0 0 4 3 2 3 0 1 2]
  [0 2 1 4 1 1 0 2 2 3 3 0 0 3 4 3 0 2 4 2 1 0 0 4 0]
  [0 3 3 2 2 0 2 2 3 2 1 4 2 1 0 4 3 0 0 0 3 2 2 3 0]
  [0 2 1 2 1 0 2 4 1 2 2 0 3 1 0 2 1 3 0 2 0 4 3 0 0]
  [0 3 0 1 1 0 0 3 0 0 1 0 2 3 4 1 0 3 0 0 1 4 2 0 2]
  [0 1 4 2 3 4 3 1 4 3 0 4 0 0 4 0 4 2 2 1 0 1 1 1 4]
  [0 4 4 3 0 0 3 4 1 4 0 1 1 1 2 4 4 0 3 4 3 0 3 0 3]
  [0 0 0 4 4 4 4 1 0 0 2 0 4 0 0 4 3 3 0 4 4 1 0 2 2]
  [0 3 4 2 2 2 0 3 2 4 3 4 1 3 3 1 4 2 2 4 2 3 4 0 0]
  [0 1 3 1 2 0 2 2 1 1 1 4 2 3 0 1 4 2 3 1 0 1 3 4 0]]

 [[0 4 0 3 0 2 1 1 3 0 1 3 1 2 4 4 1 0 0 4 0 1 4 0 3]
  [0 0 3 0 3 4 3 4 2 2 4 3 1 2 4 0 2 0 4 0 3 0 4 0 0]
  [0 3 0 2 3 0 4 4 2 1 0 1 4 0 2 4 3 1 1 2 1 2 3 4 0]
  [0 0 1 0 3 3 2 0 0 1 2 3 0 4 3 0 4 3 4 4 2 2 4 4 0]
  [0 1 1 3 0 0 2 3 2 2 3 2 3 0 3 3 0 1 0 1 4 0 0 0 2]
  [0 0 2 2 4 0 2 0 3 3 0 2 2 4 3 3 0 2 0 4 4 4 0 0 2]
  [0 0 2 1 4 4 0 3 4 0 1 1 4 2 4 4 3 2 1 1 2 0 1 0 4]
  [0 3 2 3 3 4 0 0 2 4 2 1 2 4 3 0 1 2 2 0 2 0 2 1 2]
  [0 1 4 3 4 2 1 2 0 4 2 0 4 1 2 3 1 4 0 4 1 2 1 4 3]
  [0 1 3 0 1 2 3 2 1 0 3 3 2 0 0 4 4 0 2 1 3 2 2 2 3]
  [0 2 0 2 3 4 3 0 1 2 0 2 1 4 3 4 3 3 1 4 0 4 4 2 2]
  [0 1 3 1 4 1 1 3 3 4 2 0 0 3 3 1 2 0 1 4 2 2 1 4 2]
  [0 2 4 0 0 1 4 1 3 4 0 3 0 4 3 3 3 3 4 3 4 1 3 3 2]
  [0 1 2 2 4 0 1 3 4 0 0 2 0 0 1 2 0 4 1 4 3 2 0 2 0]
  [0 2 4 2 4 3 1 3 4 3 2 4 1 2 0 2 3 4 0 1 4 2 4 1 1]
  [0 2 0 0 3 3 0 3 1 1 0 0 3 1 1 0 4 2 1 2 3 2 2 3 3]
  [0 2 1 3 0 1 0 3 4 1 3 1 4 2 2 0 0 2 2 4 3 4 0 1 3]
  [0 0 3 2 3 2 4 0 0 2 2 3 2 2 0 4 3 0 1 1 0 2 3 3 2]
  [0 3 2 3 4 4 1 3 4 4 1 2 4 0 0 1 3 3 0 0 0 2 4 4 4]
  [0 1 0 1 4 2 1 1 3 2 1 4 0 1 4 4 0 0 2 0 1 1 0 4 0]
  [0 2 3 0 2 4 4 2 2 1 3 3 2 4 2 0 2 0 1 3 0 2 3 0 1]
  [0 4 3 0 0 4 0 1 3 0 3 2 3 2 4 1 4 3 2 1 1 0 1 4 1]
  [0 3 3 4 4 0 0 4 0 0 0 4 0 0 0 3 3 4 2 1 1 4 0 0 3]
  [0 4 3 4 4 2 2 1 0 4 4 0 4 2 4 1 4 4 4 0 2 2 0 0 2]
  [0 1 0 0 3 1 3 2 2 4 2 2 1 4 1 2 1 2 3 0 3 3 2 3 0]]]
release_time
[  0  22  34  10  18   0  36  16   1 305  23  50  22   3   0 470 495   6
   7  29   6   0   4   4  17]
due_date
[  0  24  35  11  28   1  51  17  13 374  47  52  49   6   6 562 511  23
  11  55  12  22   4   4  31]
unit_emission
[15 14 10  8]
emission_limit
16955.4
setup_severity
0.02
due_tight
0.9
due_range
1.0
release_tight
1
degree_constr
0.2
