mach
4
job_rate
6
weight
[ 0  1  2  3  7 10 10  5  5  4  2  3  5 10  4  9  6  4 10  9  2  9  7  1
  7]
proc_time
[[  0 115  91 124  71  61  68  54  95  64  77 131 141 126  93  50 134 148
  105 118  54 141 133  97 137]
 [  0 148  85  74 109 111 134 129 137  50  85  80  88 134 139 123  63 145
   54  78 149 115 103 104 115]
 [  0  96  96 147  52  90 135  66 148  86 126 102  85 144 123  62  60 146
   89  70 143  56 130 150 112]
 [  0 114  84 146 136 133  57 117 137  52  85  91 101  86  96  56  69 125
   97 138 100  97 130 100  73]]
setup_time
[[[0 4 4 4 0 1 0 3 2 2 4 0 1 0 4 1 5 5 3 4 3 5 1 1 5]
  [0 0 0 5 0 3 4 5 4 3 3 4 5 1 2 1 3 4 3 2 5 1 4 5 1]
  [0 1 0 3 3 5 1 4 4 3 5 0 2 3 4 3 1 0 4 3 4 0 2 2 5]
  [0 3 5 0 1 4 1 1 4 4 2 2 4 2 5 4 3 4 5 5 5 3 3 1 2]
  [0 2 0 2 0 5 4 3 0 3 2 2 4 0 2 2 3 1 0 1 3 2 0 0 4]
  [0 2 3 4 2 0 2 0 3 2 1 3 3 4 1 2 5 1 2 5 2 2 4 2 0]
  [0 2 2 0 1 5 0 5 4 2 5 2 1 3 4 0 3 3 4 3 3 4 2 2 3]
  [0 1 5 4 5 1 1 0 3 0 2 1 3 0 4 5 4 2 5 0 0 3 2 2 2]
  [0 5 4 5 1 1 0 0 0 1 4 4 3 5 0 1 3 2 0 0 1 3 5 1 1]
  [0 2 1 5 3 4 4 0 5 0 0 3 3 2 4 4 5 1 0 2 5 3 4 3 3]
  [0 0 0 1 4 0 1 3 0 2 0 1 4 3 4 5 1 1 4 5 1 2 0 2 3]
  [0 3 5 0 4 5 1 3 5 1 4 0 3 1 4 2 4 4 1 5 3 5 4 0 5]
  [0 0 5 1 5 4 5 0 4 4 1 5 0 5 3 4 4 3 2 0 0 1 2 1 4]
  [0 5 2 5 1 0 0 0 2 1 0 4 3 0 0 5 0 5 2 3 4 2 3 5 3]
  [0 1 5 5 0 4 4 3 3 3 3 1 1 5 0 0 1 5 4 0 1 4 2 4 5]
  [0 1 1 5 4 1 0 1 5 0 0 1 5 3 0 0 5 4 3 1 4 0 3 4 5]
  [0 1 4 5 3 1 5 3 4 4 4 0 1 3 1 1 0 4 3 3 4 1 0 2 3]
  [0 3 4 3 1 3 1 2 4 1 2 2 4 0 1 3 1 0 1 0 1 4 4 0 4]
  [0 3 0 5 3 4 1 2 3 5 0 2 2 3 0 4 5 1 0 2 0 0 3 1 3]
  [0 2 2 0 4 0 2 3 3 4 2 4 4 1 0 0 5 1 2 0 1 2 5 4 5]
  [0 1 5 2 4 4 2 2 2 5 0 5 3 1 0 4 5 3 5 5 0 4 0 1 4]
  [0 1 2 2 4 3 4 3 1 2 5 5 2 2 5 4 0 0 2 1 5 0 2 2 4]
  [0 2 5 5 4 5 3 4 3 1 2 3 1 5 0 4 4 1 0 3 4 5 0 0 0]
  [0 1 3 2 1 4 0 2 4 0 5 1 5 2 5 4 3 2 1 5 4 3 1 0 1]
  [0 3 0 3 0 5 5 3 1 5 0 0 2 2 0 0 4 1 1 0 1 0 1 1 0]]

 [[0 3 4 0 1 3 4 5 0 0 4 2 5 5 4 3 0 2 5 0 4 1 2 4 4]
  [0 0 2 4 2 5 2 5 1 2 4 4 4 2 2 4 5 3 2 4 0 4 4 0 4]
  [0 1 0 3 3 4 2 5 5 0 2 4 4 0 4 0 5 5 4 2 0 5 2 5 4]
  [0 5 2 0 4 5 1 5 2 4 2 4 5 1 2 3 4 0 5 1 0 4 1 0 5]
  [0 5 1 5 0 0 0 3 1 3 3 3 1 2 2 3 4 4 4 3 4 2 0 1 5]
  [0 1 0 0 3 0 4 3 1 5 3 4 5 3 2 4 3 5 1 0 4 2 5 4 1]
  [0 3 2 5 3 1 0 5 4 3 3 1 0 5 4 2 5 4 3 0 5 1 2 3 4]
  [0 1 5 1 2 2 0 0 4 3 0 3 4 1 4 1 0 1 3 2 0 3 1 3 0]
  [0 0 4 3 4 4 2 0 0 1 2 2 5 5 5 5 0 4 2 1 4 2 3 3 3]
  [0 5 2 4 4 3 2 3 2 0 2 0 5 0 4 2 3 0 2 5 0 5 2 3 2]
  [0 0 0 1 3 0 1 0 3 2 0 1 1 5 4 3 2 4 4 4 1 2 4 5 3]
  [0 2 2 5 4 3 3 4 2 0 1 0 4 1 3 5 0 2 1 3 5 0 5 1 0]
  [0 0 4 5 1 2 1 4 0 5 0 5 0 0 0 0 1 2 2 0 5 2 1 3 1]
  [0 5 4 2 2 5 5 5 0 4 0 3 3 0 2 1 2 3 1 2 1 4 5 3 1]
  [0 2 2 3 2 5 4 1 0 2 4 5 2 1 0 2 4 4 4 3 5 4 5 3 5]
  [0 2 2 2 3 0 2 4 0 5 0 4 2 3 5 0 4 1 5 5 5 1 3 2 2]
  [0 3 5 0 2 1 4 2 2 2 5 2 2 3 0 0 0 2 0 4 4 1 0 2 2]
  [0 3 4 2 2 5 1 3 5 0 0 5 4 4 2 4 0 0 3 4 0 2 3 3 3]
  [0 1 1 2 1 4 4 4 2 3 1 1 2 5 3 5 2 3 0 0 2 5 0 4 5]
  [0 4 2 1 5 4 3 1 4 3 5 5 4 3 4 3 4 4 5 0 2 1 1 5 3]
  [0 0 5 5 4 1 5 1 3 2 3 3 4 0 3 2 2 5 5 1 0 3 2 2 0]
  [0 4 2 0 4 4 2 3 2 3 3 1 5 4 5 3 4 5 3 4 0 0 4 5 1]
  [0 3 1 1 1 2 1 3 3 3 5 5 0 5 1 2 3 3 5 4 2 5 0 2 3]
  [0 0 2 0 4 4 1 1 4 2 0 2 2 1 0 5 5 4 2 5 3 2 0 0 1]
  [0 5 5 5 3 5 0 0 5 2 1 0 5 3 4 4 0 4 5 4 3 4 0 1 0]]

 [[0 2 0 1 2 2 0 4 3 3 1 1 2 5 0 4 3 1 3 5 3 0 3 3 3]
  [0 0 2 1 1 3 4 5 2 2 1 5 5 0 4 5 3 4 4 0 0 0 5 3 2]
  [0 0 0 0 2 0 2 4 1 5 1 5 4 4 4 1 5 4 0 0 4 4 5 0 4]
  [0 3 0 0 2 5 0 2 4 2 2 2 2 3 1 5 0 0 4 5 1 5 0 0 5]
  [0 4 3 3 0 3 2 1 2 4 0 2 1 2 2 5 5 5 3 4 1 0 1 0 4]
  [0 3 3 2 0 0 4 5 4 1 5 3 3 3 5 0 0 3 4 4 4 3 4 5 2]
  [0 0 3 1 5 5 0 3 3 0 5 0 1 2 1 0 3 2 2 0 1 0 2 0 2]
  [0 2 2 4 4 0 5 0 0 0 1 0 1 5 5 5 2 3 1 4 0 0 5 3 0]
  [0 3 5 3 0 1 1 1 0 5 5 1 3 4 5 4 2 5 1 3 0 2 0 1 4]
  [0 2 2 1 0 4 3 0 0 0 4 4 2 1 1 0 5 2 1 3 2 0 0 5 5]
  [0 2 0 5 3 2 1 1 4 0 0 0 0 0 2 3 4 1 4 5 4 1 0 0 1]
  [0 4 2 0 5 3 0 2 1 2 5 0 0 4 3 4 2 0 3 2 4 0 1 3 5]
  [0 5 2 4 3 5 2 5 5 3 1 1 0 4 4 0 4 0 3 5 3 1 1 4 1]
  [0 2 4 5 3 1 0 3 1 4 3 1 4 0 3 4 1 2 4 5 4 4 5 2 1]
  [0 3 4 3 0 1 1 3 1 4 5 2 4 5 0 0 0 5 0 2 3 2 4 4 5]
  [0 5 0 3 1 3 1 0 0 2 5 2 1 5 0 0 1 2 2 5 5 1 4 4 3]
  [0 4 2 4 0 3 1 1 5 2 1 1 0 0 0 1 0 3 2 2 3 0 2 2 1]
  [0 5 3 4 3 0 3 0 2 1 5 3 4 5 1 2 0 0 3 3 3 2 1 2 3]
  [0 5 0 1 1 3 2 5 4 3 1 0 3 5 3 4 1 3 0 5 4 1 2 3 0]
  [0 5 2 4 2 5 5 2 1 1 0 3 3 1 0 3 1 2 1 0 4 4 5 1 3]
  [0 2 5 1 3 2 4 2 5 1 2 4 1 2 2 1 1 5 2 3 0 1 4 4 5]
  [0 4 1 3 5 3 1 4 5 2 4 2 1 5 3 1 0 2 2 3 0 0 3 4 4]
  [0 1 5 0 5 5 0 4 5 4 0 5 5 5 4 3 0 3 0 5 3 3 0 2 1]
  [0 5 4 2 1 1 3 1 1 0 0 2 1 4 1 2 5 4 4 2 5 2 5 0 0]
  [0 0 3 5 5 4 1 2 1 1 5 2 0 5 3 4 0 2 2 4 3 0 3 3 0]]

 [[0 2 1 3 2 1 4 1 4 1 5 0 2 5 1 5 3 1 2 1 1 3 4 0 0]
  [0 0 3 5 0 1 2 0 4 1 4 5 5 2 1 3 0 0 3 2 2 3 0 5 2]
  [0 0 0 3 3 5 5 3 4 1 3 4 0 4 2 4 3 2 4 1 4 4 5 5 0]
  [0 1 0 0 2 3 3 0 0 2 5 4 2 1 0 5 1 5 1 0 4 2 5 0 1]
  [0 2 5 5 0 4 1 4 0 3 2 1 4 2 0 1 5 5 5 5 1 5 0 5 1]
  [0 2 1 3 4 0 3 4 4 4 4 1 3 4 1 3 0 1 3 2 3 4 3 0 1]
  [0 4 4 3 2 5 0 0 0 3 3 5 2 5 3 3 1 0 3 2 1 0 4 0 5]
  [0 2 3 5 3 3 0 0 0 0 5 3 0 1 5 1 3 0 0 1 2 1 4 3 2]
  [0 1 5 0 0 3 4 4 0 5 4 3 1 1 5 2 5 3 0 3 1 4 3 0 4]
  [0 3 1 4 2 4 2 0 4 0 3 2 2 2 5 4 2 5 3 3 4 3 5 2 2]
  [0 4 5 2 3 4 5 0 5 4 0 4 3 2 5 0 4 5 3 4 2 4 3 4 4]
  [0 5 5 1 5 5 0 2 5 3 2 0 4 1 4 5 3 1 1 3 4 5 1 0 3]
  [0 3 1 2 5 4 5 5 5 3 1 2 0 4 2 4 0 5 5 0 3 0 2 0 0]
  [0 4 2 3 0 4 4 3 2 5 1 4 4 0 5 0 3 4 1 5 5 2 4 0 4]
  [0 0 3 5 1 3 5 0 3 4 3 0 2 4 0 0 1 3 0 0 2 3 3 3 1]
  [0 3 2 2 1 5 4 3 4 5 4 3 2 0 2 0 2 2 3 0 0 2 3 2 3]
  [0 4 2 2 4 5 3 0 3 5 5 5 3 0 2 1 0 0 3 1 4 4 4 3 0]
  [0 4 4 2 3 1 0 4 3 4 2 5 3 5 4 4 4 0 1 0 0 1 4 5 2]
  [0 4 0 3 4 5 3 5 0 4 3 5 1 5 3 4 3 3 0 3 3 1 0 4 1]
  [0 4 1 4 4 3 3 4 3 4 4 5 4 5 0 1 2 0 1 0 3 1 1 3 3]
  [0 2 2 1 0 5 5 4 3 4 3 4 4 5 4 4 1 0 2 1 0 0 3 2 3]
  [0 1 5 5 5 5 0 4 0 4 2 3 4 0 2 4 4 0 1 0 5 0 4 0 2]
  [0 0 3 3 4 4 5 5 4 0 2 4 1 4 2 4 4 3 0 3 2 1 0 2 4]
  [0 5 3 3 4 0 0 5 0 1 0 2 5 0 2 4 4 2 0 5 0 4 0 0 5]
  [0 2 5 0 2 0 3 3 2 3 2 1 2 5 1 2 0 4 5 2 0 4 4 5 0]]]
release_time
[  0   2 569  33  14   5   1   6   0   4  14  21   4  20  43   1  20   5
   5  30   6 161  12   6   0]
due_date
[  0  40 589  42  31  17   8  11  51  51  15  37  11  53  46   9  38  26
  41  37  45 179  62  41   8]
unit_emission
[ 4 13  5  5]
emission_limit
9909.0
setup_severity
0.02
due_tight
0.9
due_range
1.0
release_tight
1
degree_constr
0.5
