mach
4
job_rate
6
weight
[0 5 1 2 7 5 7 3 4 7 7 3 5 9 2 6 4 9 5 6 9 3 1 1 4]
proc_time
[[  0 124  76  52  77 148 124 142  51  52  81 122  51  84  72 115  66  88
  149 147  54  63  91  76  74]
 [  0  76  54  84  74  86  74 109 119 108  90 123  78  53 132  88 139 110
  130 126 127  74 109  52 106]
 [  0 143  70  90  59  77  92 141  66 103 138  59  82  96 136 144  50  75
   56 100 120  76  90  72  93]
 [  0  77 114 111  70 111  98  50 119  98  66 139  73 145  65  52 117  52
   62  67  58 143  80  91 140]]
setup_time
[[[0 4 4 2 3 1 1 3 0 1 2 1 0 2 0 2 4 3 4 0 3 3 2 3 2]
  [0 0 2 2 2 2 3 0 1 2 0 4 0 3 4 0 2 1 3 0 0 1 4 0 0]
  [0 0 0 3 2 4 3 1 3 0 3 1 1 1 3 4 3 4 0 3 2 2 4 0 4]
  [0 0 4 0 2 1 2 1 3 2 4 0 0 1 0 2 1 2 4 3 1 4 0 0 4]
  [0 4 4 1 0 3 2 3 4 4 3 2 4 4 3 3 0 2 4 2 0 2 1 0 1]
  [0 2 4 4 1 0 4 1 0 3 3 2 1 1 0 3 2 1 3 2 0 3 1 4 2]
  [0 3 1 3 1 4 0 0 2 4 3 1 0 3 3 4 0 0 3 2 1 3 3 4 0]
  [0 2 2 3 1 3 1 0 0 1 4 1 2 0 0 0 3 1 3 0 2 0 3 1 3]
  [0 4 0 4 3 3 3 2 0 1 2 0 0 3 4 1 2 2 1 1 2 2 4 2 3]
  [0 0 3 2 3 1 2 2 3 0 0 2 1 3 4 2 4 2 1 4 0 2 4 1 4]
  [0 2 0 4 4 0 2 4 1 3 0 1 3 2 3 2 4 0 1 0 0 3 2 0 1]
  [0 4 1 4 3 0 3 2 1 3 3 0 2 2 3 0 2 4 4 1 1 1 2 3 0]
  [0 3 4 0 3 1 3 2 1 3 2 4 0 4 2 1 1 3 1 4 0 0 4 3 4]
  [0 2 0 3 1 3 0 4 1 0 4 2 4 0 1 4 1 2 1 4 2 3 1 4 2]
  [0 2 1 4 4 4 1 1 0 3 3 2 4 1 0 4 0 1 0 4 2 0 2 4 4]
  [0 2 3 1 1 0 4 0 0 4 0 4 0 1 3 0 1 4 4 1 0 0 4 2 3]
  [0 2 4 2 3 2 2 4 4 2 4 2 0 2 0 2 0 3 4 0 1 0 3 2 1]
  [0 1 4 4 4 4 4 2 3 4 4 3 0 3 4 2 1 0 1 1 2 3 4 0 0]
  [0 4 4 2 2 3 1 3 2 2 3 1 2 3 1 2 4 0 0 3 0 3 2 4 2]
  [0 4 2 0 3 4 4 3 2 0 0 4 3 1 4 2 0 1 3 0 1 0 2 0 4]
  [0 0 1 2 3 3 1 3 4 2 1 2 0 1 1 2 4 2 2 0 0 2 4 1 3]
  [0 3 2 1 0 4 3 1 4 2 2 3 3 0 4 3 0 0 1 1 1 0 0 1 4]
  [0 1 2 4 3 3 3 3 2 1 3 4 4 2 1 1 2 4 1 4 0 3 0 2 4]
  [0 2 2 4 2 2 0 4 3 1 2 0 1 1 1 1 2 0 0 4 3 0 4 0 1]
  [0 0 4 1 3 3 2 1 3 2 3 2 3 2 0 4 4 3 0 3 1 2 1 0 0]]

 [[0 0 2 1 3 1 1 1 0 4 2 1 1 1 1 2 1 3 1 0 4 4 0 2 3]
  [0 0 2 4 4 3 1 2 4 0 4 2 3 4 0 4 3 4 1 1 4 2 2 1 3]
  [0 1 0 3 1 4 4 1 2 0 0 0 1 1 0 3 4 3 0 3 0 0 1 3 1]
  [0 4 1 0 3 0 0 1 1 4 0 2 2 0 2 4 0 2 2 0 0 0 0 0 1]
  [0 4 1 2 0 0 4 4 2 1 0 2 0 0 4 3 4 1 1 2 1 4 0 3 4]
  [0 3 1 0 2 0 4 2 2 1 1 3 4 4 4 1 2 4 1 2 3 2 2 3 1]
  [0 3 2 3 2 4 0 2 0 1 2 2 3 4 3 3 0 4 2 2 4 4 0 4 0]
  [0 1 2 3 1 3 1 0 4 2 1 2 2 1 3 1 4 1 4 3 4 4 4 1 2]
  [0 4 2 3 0 4 3 4 0 4 1 4 1 3 4 4 0 4 3 1 2 0 0 4 0]
  [0 0 3 0 1 4 0 3 3 0 3 1 0 2 1 1 0 1 2 0 3 3 1 2 0]
  [0 1 2 2 4 2 3 2 2 0 0 2 0 4 2 1 1 0 2 2 1 1 0 3 2]
  [0 2 3 0 4 0 0 3 0 1 1 0 0 1 4 0 4 0 4 4 0 3 3 4 3]
  [0 1 0 4 0 1 4 4 1 0 2 2 0 4 0 0 0 0 1 4 2 1 1 4 2]
  [0 3 2 4 1 2 0 3 4 3 3 1 3 0 1 1 3 4 2 2 1 4 1 2 3]
  [0 1 2 0 1 3 1 4 0 1 0 1 0 0 0 0 4 4 2 2 2 0 3 4 2]
  [0 4 1 4 4 0 4 1 1 2 3 1 4 0 1 0 4 0 3 2 0 0 2 2 4]
  [0 1 4 3 1 0 4 1 4 1 0 0 4 1 1 3 0 3 1 2 1 4 3 2 2]
  [0 2 1 1 2 2 2 3 0 4 0 1 1 2 3 1 3 0 0 3 3 3 4 0 2]
  [0 4 2 0 0 1 3 0 3 3 2 2 1 0 2 3 1 1 0 3 0 0 2 0 4]
  [0 2 3 0 3 1 4 3 0 1 4 3 2 1 3 1 1 1 2 0 0 4 0 4 2]
  [0 1 1 2 1 0 4 2 0 2 1 0 3 1 0 1 1 4 1 1 0 2 1 0 3]
  [0 4 4 4 0 4 2 0 3 2 0 2 3 0 0 3 0 0 1 4 2 0 2 3 3]
  [0 4 2 3 1 2 3 1 1 1 2 2 1 1 2 1 1 2 2 1 0 1 0 1 1]
  [0 4 1 2 1 4 2 1 3 4 3 2 2 3 0 1 4 2 0 0 4 0 3 0 1]
  [0 2 0 3 2 4 2 3 3 1 0 2 0 2 4 0 1 2 1 2 1 3 4 4 0]]

 [[0 4 0 3 4 0 1 3 3 4 0 1 3 4 2 2 2 1 1 4 4 3 4 2 2]
  [0 0 0 0 3 1 0 2 4 1 2 1 0 2 2 2 2 1 3 1 3 4 0 4 2]
  [0 0 0 1 2 2 4 0 3 2 4 3 2 1 1 1 1 3 1 2 3 3 2 1 0]
  [0 3 1 0 4 2 4 3 4 4 0 1 1 2 4 4 3 4 4 4 4 0 2 4 0]
  [0 1 4 4 0 4 3 2 0 0 2 1 0 0 2 1 2 2 0 1 4 3 4 2 4]
  [0 3 1 0 0 0 3 1 1 0 4 3 3 4 2 2 2 1 1 3 3 2 0 0 4]
  [0 2 1 2 3 4 0 2 4 3 4 4 0 3 2 0 1 2 2 4 2 2 0 1 4]
  [0 2 0 3 1 2 0 0 3 1 4 2 1 1 3 0 3 2 2 3 3 3 2 0 0]
  [0 4 0 1 1 2 0 1 0 3 0 0 0 2 3 1 0 0 2 1 2 1 4 3 0]
  [0 1 3 1 4 4 1 2 3 0 0 2 4 3 0 0 3 3 0 0 1 3 1 2 3]
  [0 4 0 3 0 4 1 4 1 2 0 1 0 0 4 3 3 2 0 2 4 3 3 4 0]
  [0 4 3 2 3 2 4 0 0 2 1 0 2 0 2 1 2 4 0 0 1 3 1 4 2]
  [0 4 1 1 1 3 1 4 4 2 0 1 0 3 4 3 3 1 4 0 3 4 0 3 1]
  [0 1 4 2 4 0 4 4 2 0 3 2 3 0 1 2 0 0 3 3 2 0 1 3 2]
  [0 4 1 4 0 2 4 1 4 2 3 0 0 2 0 0 0 1 2 0 2 3 2 3 0]
  [0 3 3 2 3 2 2 1 3 1 1 3 4 0 4 0 1 3 1 1 1 2 0 4 4]
  [0 4 2 2 4 2 0 1 4 1 3 0 4 2 1 1 0 4 2 4 0 0 3 1 0]
  [0 3 1 4 4 3 3 3 1 3 0 0 4 0 0 0 2 0 4 1 2 1 1 1 0]
  [0 2 4 2 3 0 0 4 3 3 3 4 1 4 1 4 3 0 0 2 3 1 4 1 2]
  [0 1 4 0 0 0 0 4 2 1 2 1 0 3 1 1 1 3 2 0 4 1 3 2 4]
  [0 1 4 4 4 0 1 4 4 1 3 4 2 1 4 2 4 0 1 0 0 1 0 0 2]
  [0 4 0 2 3 3 1 3 2 0 3 0 0 1 0 2 4 1 2 1 3 0 4 3 1]
  [0 2 3 3 3 3 3 1 1 2 4 4 4 1 1 4 0 3 3 3 2 4 0 1 0]
  [0 3 2 1 2 1 3 0 1 4 2 4 4 2 1 4 0 4 0 1 2 4 2 0 1]
  [0 0 4 0 3 4 0 0 2 1 0 2 3 2 1 4 0 0 0 4 4 3 4 4 0]]

 [[0 4 3 2 4 3 4 3 4 2 2 1 1 0 3 3 3 2 2 2 4 0 4 3 1]
  [0 0 2 3 0 0 1 3 2 2 2 4 3 4 1 2 3 0 1 3 4 4 2 0 3]
  [0 0 0 0 3 3 0 4 1 3 1 0 4 2 1 3 2 3 2 2 0 0 4 0 3]
  [0 1 2 0 3 0 1 1 1 4 2 4 4 1 1 0 0 3 4 1 3 0 2 1 4]
  [0 1 1 4 0 4 3 2 4 2 1 3 1 3 3 1 2 0 4 0 1 3 0 0 3]
  [0 1 1 1 2 0 4 2 1 4 2 0 3 2 0 0 4 4 4 3 4 1 3 1 2]
  [0 3 3 3 4 0 0 3 4 3 3 1 3 1 3 1 3 2 3 0 1 1 3 1 2]
  [0 1 2 4 0 2 2 0 2 1 1 4 2 2 1 3 1 0 2 3 4 0 1 3 2]
  [0 3 3 1 0 3 4 2 0 1 2 1 3 3 0 3 1 3 0 4 3 1 3 2 2]
  [0 1 4 2 0 4 2 4 0 0 2 1 0 1 4 3 0 0 1 3 0 3 3 1 3]
  [0 4 3 2 0 2 2 1 0 0 0 3 0 0 2 4 2 1 2 2 2 1 3 4 1]
  [0 3 2 0 1 0 1 2 2 4 1 0 2 4 4 1 2 4 2 4 0 4 0 3 3]
  [0 3 4 2 3 4 3 1 2 2 2 1 0 0 1 3 0 0 1 3 0 1 4 0 1]
  [0 2 1 0 2 3 2 2 3 2 3 2 3 0 0 4 2 3 1 2 4 4 1 4 3]
  [0 2 0 2 0 2 3 2 1 3 2 3 4 2 0 1 2 2 0 0 1 0 4 2 3]
  [0 0 0 0 3 2 1 4 2 0 4 1 4 1 2 0 3 2 1 4 0 1 1 1 3]
  [0 3 3 3 1 1 1 1 1 4 1 2 3 0 1 0 0 1 0 0 2 0 4 2 3]
  [0 4 4 1 3 4 4 1 4 0 0 4 3 1 0 1 1 0 2 3 3 4 1 0 2]
  [0 2 0 3 1 1 2 4 2 2 0 0 4 2 3 0 1 1 0 0 2 2 0 4 2]
  [0 1 2 3 2 4 0 4 0 2 2 2 4 0 2 4 1 2 3 0 3 1 1 0 0]
  [0 4 0 1 4 2 3 4 4 4 2 4 4 0 4 3 4 3 0 2 0 1 0 3 4]
  [0 1 2 2 4 1 1 1 2 4 3 2 4 2 0 3 3 0 3 4 3 0 0 2 3]
  [0 3 1 3 3 1 2 1 1 4 3 1 4 0 4 4 2 1 2 4 4 0 0 4 4]
  [0 4 2 4 1 2 4 2 2 3 2 0 1 3 1 4 4 1 1 4 3 0 2 0 3]
  [0 3 3 1 4 1 2 1 2 4 4 0 0 1 0 0 0 3 2 4 0 0 0 4 0]]]
release_time
[  0   1 346   1   4  27   3   4  46   3   2   8   7   9  13   2  19  19
  45  19  41  50   4  38  33]
due_date
[  0   1 398   5  10  40  29   4  56   5  54  16  21  51  13  32  56  48
  55  28  48  67  45  39  53]
unit_emission
[13 16  7 18]
emission_limit
19038.0
setup_severity
0.02
due_tight
0.9
due_range
1.0
release_tight
1
degree_constr
0.8
