mach
4
job_rate
6
weight
[ 0  5  9  3  4  3  8  7  4  9  6  7  7  8  8  9  7  6  1  6  9  3 10 10
  1]
proc_time
[[  0 150  68 108 138  59 113  92 119 124  51 150  73 136  54  95 118  81
  141 115  71  52 146 144  76]
 [  0  58 135 142  63  86 121  70  69 133  64 107 133  85 101 142  65 113
  139  77  73  76  58  86 100]
 [  0 108 109 140 114 139 134  60 109 116 144  69 124  94 122  98 141  96
  132  78 119 138  54  64 115]
 [  0  98  51 135 107  63 144  98 124 133 113 141  98 144  75 101  72 108
   73  61  99  55  87  90 108]]
setup_time
[[[0 2 2 0 0 3 1 1 4 2 3 4 4 5 2 1 3 5 0 2 4 4 5 3 2]
  [0 0 1 2 2 5 5 5 2 1 1 1 0 2 2 0 5 0 5 5 5 0 1 1 5]
  [0 2 0 5 5 4 1 5 1 3 5 2 0 2 5 0 2 2 3 2 0 1 0 3 4]
  [0 1 0 0 3 4 3 1 5 3 4 4 2 1 3 5 0 0 1 0 0 0 3 0 0]
  [0 2 2 3 0 4 1 4 0 3 0 1 2 1 2 0 2 4 1 5 4 0 2 0 0]
  [0 0 2 3 3 0 4 3 3 0 4 4 0 4 3 5 3 5 2 5 5 4 5 5 1]
  [0 4 4 5 0 0 0 5 1 5 1 3 4 3 2 1 3 1 4 0 5 5 0 3 1]
  [0 2 5 3 3 5 0 0 0 0 0 2 2 1 4 5 2 0 4 4 3 1 3 4 3]
  [0 2 5 3 0 0 3 4 0 4 1 3 2 2 3 4 4 2 4 5 3 1 0 3 1]
  [0 4 5 1 0 3 1 5 2 0 5 2 3 0 1 2 2 2 2 0 4 2 5 5 3]
  [0 5 2 1 0 4 5 3 1 0 0 0 1 3 0 3 1 2 0 1 2 4 2 4 3]
  [0 2 1 5 2 0 2 2 3 0 3 0 4 2 1 1 4 3 3 0 0 5 3 0 3]
  [0 4 5 1 1 3 5 4 5 4 5 2 0 2 5 4 4 0 1 3 4 2 4 0 3]
  [0 0 2 3 2 4 1 0 4 3 3 1 2 0 0 0 2 3 5 4 3 3 5 3 1]
  [0 1 4 5 1 5 1 3 5 0 5 2 5 2 0 5 4 5 1 5 2 3 3 0 2]
  [0 1 4 3 0 5 4 5 2 2 2 2 2 5 0 0 0 4 3 1 3 0 5 5 1]
  [0 2 5 1 1 2 4 1 1 0 0 5 2 3 4 3 0 3 3 0 0 2 4 5 4]
  [0 4 3 2 1 5 3 2 0 1 1 3 4 0 5 0 1 0 2 4 2 0 4 3 3]
  [0 5 4 4 0 4 0 3 3 5 3 1 1 3 4 0 2 4 0 1 3 4 1 0 0]
  [0 3 3 2 0 4 4 1 4 4 4 5 4 3 0 0 1 0 1 0 3 4 1 3 1]
  [0 4 5 3 3 4 2 5 3 5 2 4 4 4 2 3 1 2 5 5 0 2 5 2 2]
  [0 0 4 3 1 2 3 4 0 2 2 4 0 0 5 0 2 3 5 4 2 0 1 1 5]
  [0 4 0 4 5 4 1 5 4 3 3 3 3 1 5 2 0 0 4 0 4 1 0 3 0]
  [0 0 5 4 4 4 4 3 3 4 0 1 0 0 1 5 4 3 5 5 5 2 3 0 2]
  [0 1 0 0 1 5 1 0 0 5 2 2 4 3 2 3 3 5 3 0 0 1 3 3 0]]

 [[0 3 2 5 0 2 3 2 2 2 1 1 5 1 3 2 4 5 5 3 1 1 2 4 3]
  [0 0 5 0 0 4 0 5 3 3 5 4 5 1 0 2 1 2 0 0 1 4 5 4 3]
  [0 0 0 4 5 1 5 0 4 5 4 3 4 2 0 2 0 2 1 3 0 1 2 0 5]
  [0 5 2 0 5 1 3 3 0 4 4 2 4 4 3 5 0 0 1 3 0 5 1 2 3]
  [0 3 1 5 0 4 0 0 4 0 0 1 3 1 0 1 1 3 0 1 5 1 1 5 1]
  [0 5 2 0 4 0 1 4 2 2 3 5 5 4 5 3 1 0 1 1 1 3 3 4 4]
  [0 0 2 3 5 4 0 5 5 0 1 1 5 1 1 2 5 4 3 2 3 3 2 4 2]
  [0 1 0 4 0 2 0 0 4 1 5 0 2 1 3 2 3 4 2 3 3 2 0 5 1]
  [0 4 5 3 1 5 2 0 0 4 5 3 5 1 4 1 5 0 1 4 3 0 3 3 3]
  [0 4 5 0 2 4 1 4 5 0 1 4 5 0 4 4 0 0 0 5 1 1 1 2 4]
  [0 2 2 2 5 1 1 3 0 0 0 0 0 5 2 0 1 2 4 3 4 1 4 1 2]
  [0 5 5 0 5 1 2 0 4 2 0 0 5 2 5 1 1 2 3 2 1 3 4 3 3]
  [0 2 2 2 5 4 5 0 2 1 4 1 0 0 1 4 4 4 2 1 1 1 5 2 1]
  [0 1 0 0 1 2 0 4 0 4 5 5 2 0 3 1 5 4 3 1 1 5 0 2 5]
  [0 4 0 5 4 4 1 0 4 1 0 3 3 5 0 5 2 0 4 4 1 5 5 0 3]
  [0 0 1 4 5 1 5 3 5 1 2 0 2 3 4 0 3 5 4 2 4 3 2 2 5]
  [0 5 2 0 0 2 4 4 1 1 4 3 2 3 3 3 0 1 2 1 2 1 4 1 4]
  [0 0 5 1 4 5 5 5 0 0 0 0 1 0 3 5 1 0 3 3 3 3 0 1 0]
  [0 5 4 1 2 1 4 4 2 5 2 2 4 5 0 2 5 5 0 2 1 0 5 1 2]
  [0 3 2 0 2 4 3 3 0 4 0 0 0 2 2 5 4 5 0 0 0 2 5 3 2]
  [0 0 2 3 5 0 2 3 0 1 1 3 4 3 4 1 3 5 2 2 0 1 2 1 3]
  [0 0 1 4 0 1 5 3 1 5 2 1 4 1 1 2 2 5 1 2 1 0 5 1 0]
  [0 2 4 2 5 3 5 0 4 5 1 5 2 0 1 3 0 0 0 1 1 2 0 3 0]
  [0 3 3 0 4 3 1 2 3 0 5 1 4 1 5 1 4 3 3 5 2 5 0 0 5]
  [0 1 0 5 5 1 1 0 5 3 0 3 4 5 0 4 3 3 5 2 2 0 2 5 0]]

 [[0 3 0 4 1 3 2 4 0 1 1 3 0 4 3 3 2 3 2 0 2 0 1 0 3]
  [0 0 5 0 5 2 2 1 0 2 3 0 2 5 5 1 1 1 0 3 3 3 4 3 4]
  [0 0 0 3 2 2 2 0 0 1 1 0 4 3 4 4 0 2 2 5 3 4 4 2 0]
  [0 0 0 0 0 3 2 5 5 0 2 0 4 3 4 2 3 2 4 4 3 2 5 5 2]
  [0 3 4 5 0 1 0 4 2 0 0 5 1 2 0 2 3 3 2 2 3 5 1 5 3]
  [0 2 5 0 4 0 1 4 3 4 1 1 2 1 2 1 4 1 5 2 1 0 2 4 4]
  [0 2 3 2 0 2 0 0 0 5 5 0 5 4 5 1 5 3 5 0 2 5 2 0 2]
  [0 3 0 2 0 3 2 0 4 0 4 3 2 2 2 1 4 1 3 4 3 3 1 1 0]
  [0 1 3 0 1 0 1 3 0 4 5 3 2 0 1 5 0 5 1 2 4 5 4 1 0]
  [0 4 0 0 2 2 5 1 4 0 3 1 0 1 1 3 0 2 5 0 2 3 3 1 2]
  [0 1 2 1 0 4 1 5 5 0 0 1 3 0 3 5 1 0 0 2 4 3 4 0 0]
  [0 2 3 3 0 5 2 5 2 4 5 0 1 1 0 0 5 2 4 2 0 1 5 3 4]
  [0 1 2 3 5 5 1 2 1 2 2 2 0 4 5 1 5 4 0 0 0 1 0 0 4]
  [0 2 1 2 3 1 1 2 1 0 2 5 3 0 5 1 4 4 5 0 4 2 4 1 5]
  [0 3 0 2 3 4 0 5 2 0 1 3 5 2 0 1 4 1 5 1 0 4 0 1 2]
  [0 0 0 2 0 1 2 2 3 2 1 2 5 0 5 0 4 1 4 0 2 4 1 2 4]
  [0 5 4 3 0 1 0 0 0 2 0 1 0 1 2 5 0 3 4 5 4 2 1 1 3]
  [0 3 1 1 0 2 3 4 5 2 5 0 4 3 3 0 1 0 1 4 4 5 3 1 4]
  [0 4 2 2 0 1 5 1 3 0 4 4 2 5 0 2 5 5 0 3 3 4 5 5 5]
  [0 3 3 0 0 3 1 1 3 1 0 0 3 4 4 4 2 3 3 0 0 1 5 4 0]
  [0 3 3 1 4 1 0 3 5 4 1 5 2 2 2 2 1 1 1 2 0 5 2 3 1]
  [0 5 2 5 1 2 0 4 2 1 0 2 4 3 0 0 3 2 5 3 5 0 0 1 4]
  [0 0 1 2 5 0 0 0 2 3 2 5 4 4 2 2 1 3 2 0 4 0 0 3 1]
  [0 2 5 2 1 2 1 2 1 5 5 3 0 1 5 2 2 0 3 0 5 0 2 0 0]
  [0 1 1 0 3 4 5 2 4 2 0 1 4 2 3 4 3 3 3 0 2 0 4 4 0]]

 [[0 5 3 2 5 3 0 1 1 1 5 2 2 3 3 1 4 1 4 0 5 3 5 4 1]
  [0 0 2 3 3 3 4 0 3 4 0 2 3 3 3 1 1 1 0 5 5 0 5 0 1]
  [0 3 0 5 1 3 5 2 2 5 5 3 5 0 4 4 1 2 3 1 0 0 3 0 4]
  [0 1 3 0 4 2 3 5 5 1 0 3 2 3 4 5 3 1 2 5 2 3 4 2 1]
  [0 2 2 5 0 2 1 3 5 4 1 2 1 5 5 4 0 5 3 2 0 1 2 0 2]
  [0 0 2 3 2 0 4 4 2 3 5 4 5 5 0 2 5 0 0 1 2 0 5 1 2]
  [0 3 1 1 2 5 0 3 1 2 0 4 1 2 4 3 3 4 3 0 4 5 4 0 2]
  [0 3 5 2 5 1 0 0 3 4 3 5 1 0 0 2 1 4 2 4 5 3 3 3 5]
  [0 1 2 5 0 0 2 4 0 2 5 5 0 2 3 5 0 0 0 0 3 4 1 3 5]
  [0 4 4 3 3 3 0 1 1 0 3 5 1 4 0 4 2 2 0 3 5 2 3 5 5]
  [0 0 3 3 0 5 1 0 5 4 0 4 2 5 5 0 3 3 5 1 4 3 4 4 2]
  [0 5 0 5 0 1 4 1 3 2 3 0 5 4 0 1 5 5 4 0 5 1 4 5 5]
  [0 2 5 3 0 4 1 0 3 4 4 1 0 1 0 1 4 2 0 1 2 4 0 4 3]
  [0 2 0 3 2 2 1 4 5 1 5 5 4 0 3 4 5 0 2 3 3 4 4 4 5]
  [0 3 2 3 1 4 0 0 3 1 1 2 1 1 0 3 5 2 1 5 3 4 4 2 5]
  [0 0 1 1 3 3 3 0 3 5 1 5 1 3 5 0 3 2 2 5 0 4 3 3 2]
  [0 3 4 0 5 5 0 1 1 0 4 3 4 5 4 5 0 4 1 3 1 4 4 1 5]
  [0 1 1 4 0 3 3 3 3 1 2 3 3 4 4 1 2 0 3 0 5 4 4 0 0]
  [0 5 3 0 5 4 3 0 5 1 2 4 5 2 4 0 1 0 0 2 2 5 2 0 2]
  [0 2 1 5 3 4 4 4 1 2 0 5 5 4 1 5 2 2 1 0 0 1 4 4 1]
  [0 5 1 5 4 3 3 5 2 4 3 5 0 4 5 5 4 1 0 0 0 3 3 5 1]
  [0 3 4 0 1 5 2 2 2 1 0 0 1 1 2 3 4 4 2 2 0 0 3 1 4]
  [0 2 1 5 1 5 0 0 2 0 4 5 1 1 2 1 5 4 2 1 1 5 0 0 3]
  [0 5 2 0 1 4 4 1 3 3 1 1 4 1 5 3 3 0 4 3 3 5 2 0 3]
  [0 4 2 1 2 1 4 3 5 1 1 3 4 4 5 0 5 0 5 0 2 2 1 0 0]]]
release_time
[ 0  4  8  7 41 16 10 20 33 27 53 21 20 28 24  5  6  0 18  0  3  1 25 25
  8]
due_date
[ 0 20 40 31 49 38 49 60 59 40 55 36 22 29 29 21 10  0 22  4  4 24 39 38
 50]
unit_emission
[18  3 13  8]
emission_limit
9953.0
setup_severity
0.02
due_tight
0.9
due_range
1.0
release_tight
10
degree_constr
0.2
