mach
4
job_rate
6
weight
[ 0  6  1  7  2  9  4  9  4  6 10  1  4  8  3  5  7  8  7  3  1  7  7  3
  2]
proc_time
[[  0  96  99  59 130 109  61  68  74  70 126  52 111 144  84  68  79  80
   54 116 146 103  92  59  74]
 [  0  92  85 104  81 101  72  55 117 118 136 142 121 127 123  99 131 146
   54  98 124  79  67 103 107]
 [  0  70 148  79  75 128  95  61  62  99  64  98  68  62 107 148 114 144
   77 145 116 136 103 115  71]
 [  0  52 135  50 127  90  59  71  79 149  50  91 136  59  82  78 143 135
  116 150 122 133  81 112  55]]
setup_time
[[[0 3 2 3 3 3 4 4 3 1 1 4 4 3 0 3 1 4 4 2 2 2 1 3 1]
  [0 0 1 4 1 2 4 2 2 3 3 0 3 0 2 0 2 4 3 1 4 2 4 0 2]
  [0 2 0 4 1 3 3 2 2 2 3 2 3 2 1 2 0 3 4 0 1 4 4 1 3]
  [0 2 3 0 3 3 3 4 3 1 1 3 2 1 2 3 0 4 2 3 2 0 4 3 1]
  [0 1 0 2 0 0 0 4 3 2 3 4 1 0 4 1 1 1 3 1 0 2 3 1 3]
  [0 3 2 2 0 0 0 1 2 4 2 3 4 3 3 1 4 2 4 0 1 1 4 2 3]
  [0 2 0 3 3 3 0 2 1 1 4 3 2 2 3 3 3 0 1 1 0 3 1 1 3]
  [0 3 4 2 1 2 2 0 3 2 3 3 4 3 0 0 1 2 4 4 0 0 4 0 0]
  [0 3 1 3 2 2 4 3 0 1 1 1 1 4 3 2 3 4 3 3 2 4 4 3 2]
  [0 4 0 3 4 1 2 1 3 0 3 0 0 1 4 3 3 3 3 0 4 2 4 3 0]
  [0 2 0 0 2 3 2 0 2 1 0 1 2 4 1 0 1 0 3 1 3 3 1 0 1]
  [0 3 1 3 4 3 0 0 4 0 1 0 2 0 4 1 1 2 3 1 4 4 0 1 4]
  [0 3 3 3 0 4 1 0 3 4 2 3 0 2 2 1 0 3 0 1 4 3 3 4 0]
  [0 1 0 2 3 4 1 2 2 0 4 1 0 0 4 4 3 2 4 4 1 0 1 0 0]
  [0 3 4 3 0 4 3 3 2 2 0 2 2 3 0 3 0 3 2 0 1 1 2 1 2]
  [0 3 0 0 4 4 2 4 1 1 3 3 1 4 3 0 1 4 2 2 0 2 4 3 4]
  [0 1 4 4 3 1 4 1 3 3 0 0 0 3 3 4 0 2 0 3 0 1 3 2 3]
  [0 0 1 4 2 3 1 2 4 0 1 1 1 3 2 3 4 0 1 0 1 3 3 2 0]
  [0 0 3 2 0 2 2 1 0 0 3 2 4 3 2 4 3 0 0 1 2 4 4 2 1]
  [0 3 3 3 4 4 2 2 0 4 4 0 3 4 3 3 4 0 1 0 2 4 1 4 0]
  [0 3 1 3 0 1 4 3 4 0 3 2 3 0 4 0 3 3 2 3 0 0 3 3 2]
  [0 3 1 3 3 0 0 0 4 0 1 1 3 1 3 1 1 3 0 0 4 0 4 2 2]
  [0 2 4 3 0 3 0 0 0 4 4 3 3 4 2 1 4 0 2 3 0 2 0 2 2]
  [0 1 4 2 2 2 3 0 4 3 1 3 2 1 0 4 4 3 4 3 3 2 4 0 0]
  [0 3 0 0 0 4 1 0 1 2 3 0 0 2 4 4 1 0 3 1 1 2 2 4 0]]

 [[0 0 0 1 4 4 3 2 0 2 1 2 0 4 2 2 3 3 3 1 2 1 3 1 0]
  [0 0 0 3 0 4 3 0 2 2 0 2 4 0 4 3 3 2 2 1 0 0 0 0 0]
  [0 3 0 2 0 1 0 0 4 0 3 1 4 4 2 2 3 4 3 4 2 1 1 3 1]
  [0 4 2 0 1 3 0 3 2 3 1 3 2 3 2 0 1 1 3 0 2 0 2 0 3]
  [0 4 0 3 0 3 0 0 4 0 3 0 2 1 2 3 1 1 2 0 2 4 0 1 2]
  [0 4 4 4 3 0 1 1 1 1 1 0 4 3 0 4 1 4 2 3 2 3 2 4 1]
  [0 2 3 1 4 3 0 2 1 3 2 1 3 2 3 0 4 2 4 4 3 1 0 2 3]
  [0 2 0 1 1 4 4 0 2 1 4 1 4 0 1 3 3 4 2 4 4 2 3 4 4]
  [0 4 1 1 2 0 4 3 0 3 3 2 2 4 1 3 4 4 1 4 3 3 2 3 2]
  [0 1 1 1 3 1 2 3 3 0 4 0 0 0 0 3 1 4 4 1 1 1 0 0 0]
  [0 4 3 3 0 3 1 0 2 0 0 2 4 3 1 2 0 1 1 3 4 3 2 1 0]
  [0 1 2 4 3 3 0 4 3 1 0 0 0 4 0 2 1 1 3 2 3 4 3 2 0]
  [0 2 4 1 2 0 3 0 2 1 1 3 0 0 1 1 1 3 4 1 3 1 0 2 4]
  [0 0 1 3 2 0 1 3 4 4 4 2 2 0 1 3 3 2 3 0 2 4 1 3 0]
  [0 4 1 2 3 4 3 4 0 1 3 4 1 4 0 0 4 2 0 2 1 1 0 0 4]
  [0 1 0 2 2 3 3 0 1 1 1 1 4 0 3 0 3 4 1 1 0 0 4 2 0]
  [0 0 2 4 0 2 4 3 3 1 2 4 2 1 2 0 0 4 1 4 1 4 4 1 0]
  [0 3 4 0 0 4 3 2 2 1 2 1 2 4 1 3 4 0 1 2 3 3 4 2 2]
  [0 4 3 1 4 2 0 0 2 4 0 0 4 4 4 1 2 2 0 0 1 2 2 4 0]
  [0 4 3 0 4 2 3 1 3 4 3 2 3 4 3 3 4 3 0 0 3 0 3 0 1]
  [0 4 4 3 1 2 4 4 4 2 4 2 1 1 0 4 4 0 2 4 0 1 2 3 3]
  [0 2 4 4 1 4 1 3 1 2 4 1 1 1 2 0 2 4 3 3 3 0 1 0 0]
  [0 1 3 4 2 1 1 3 2 4 2 1 1 3 0 4 2 3 3 1 0 0 0 0 2]
  [0 4 1 0 1 3 4 3 0 2 3 0 4 0 2 2 2 2 4 0 2 4 1 0 2]
  [0 1 4 3 2 2 4 0 2 0 0 1 0 1 4 0 4 3 3 4 0 2 4 3 0]]

 [[0 4 4 1 1 4 2 1 2 2 4 2 0 0 1 0 2 2 2 3 1 4 3 2 3]
  [0 0 1 1 4 2 2 2 1 4 0 0 0 0 4 4 0 4 3 1 0 0 4 0 1]
  [0 0 0 0 2 1 3 4 0 3 2 3 3 0 3 0 1 4 0 1 0 3 3 4 3]
  [0 4 1 0 3 4 1 0 0 0 1 3 3 0 2 0 2 1 1 4 2 2 0 1 0]
  [0 3 0 4 0 3 0 2 0 1 4 4 0 4 1 2 4 2 0 4 3 0 2 0 4]
  [0 0 3 1 3 0 3 3 1 1 3 2 3 4 4 3 4 4 2 0 4 2 2 4 0]
  [0 0 0 0 4 2 0 2 1 3 0 4 3 3 2 4 3 4 1 4 2 0 1 0 3]
  [0 4 3 3 1 1 3 0 1 1 1 4 1 2 4 1 1 4 3 0 1 3 3 0 0]
  [0 4 2 4 2 1 3 4 0 0 3 3 4 4 3 4 0 0 0 3 2 0 3 4 0]
  [0 0 1 0 4 3 3 2 4 0 1 0 0 3 1 1 2 0 2 1 1 2 4 0 1]
  [0 4 3 4 1 3 4 2 3 1 0 3 3 3 4 1 4 3 3 4 1 3 4 4 2]
  [0 0 1 0 0 1 2 4 3 4 1 0 3 3 1 2 2 4 1 3 0 4 3 2 4]
  [0 2 3 3 0 4 1 4 1 3 2 0 0 1 1 4 1 3 2 2 0 4 3 1 1]
  [0 4 3 2 0 4 3 1 3 4 2 1 4 0 3 1 1 4 3 2 4 3 1 2 4]
  [0 4 1 2 3 3 0 4 3 0 2 0 0 1 0 0 0 4 2 4 4 4 1 0 1]
  [0 0 1 2 4 2 4 1 2 0 2 0 2 4 4 0 1 0 2 3 0 2 3 2 0]
  [0 1 1 2 1 4 0 4 4 1 0 0 2 3 0 3 0 4 3 1 2 0 4 0 2]
  [0 4 0 2 1 4 2 4 4 0 4 0 0 0 2 2 4 0 4 1 4 2 0 1 3]
  [0 2 0 0 2 4 4 1 1 1 3 2 4 0 3 3 3 3 0 1 0 1 2 1 1]
  [0 0 0 0 1 2 2 4 2 3 2 3 4 1 0 4 3 4 4 0 4 1 3 2 4]
  [0 2 4 4 4 3 4 0 0 0 0 1 3 1 0 0 3 2 1 0 0 4 1 3 0]
  [0 1 2 2 3 3 0 0 3 2 4 3 2 1 0 4 3 2 0 2 4 0 1 1 1]
  [0 0 2 0 3 4 4 2 4 2 3 1 4 1 2 2 1 2 4 1 2 2 0 3 3]
  [0 2 3 0 2 4 3 3 2 4 2 2 3 1 1 1 2 3 1 3 3 2 3 0 3]
  [0 4 4 3 2 1 4 3 0 1 2 0 4 4 2 4 2 1 0 3 2 3 4 0 0]]

 [[0 4 2 1 2 1 4 2 1 2 3 3 0 4 0 0 1 2 2 1 4 1 3 4 4]
  [0 0 4 3 2 4 3 2 2 0 0 0 0 4 4 2 1 0 2 0 2 1 0 0 2]
  [0 4 0 3 0 4 1 2 2 3 1 3 4 1 3 4 0 2 0 4 1 3 3 0 0]
  [0 1 3 0 2 1 1 0 2 0 2 0 2 0 2 1 3 4 1 2 3 4 3 2 0]
  [0 0 2 2 0 1 3 0 3 4 2 3 0 1 3 2 1 4 0 0 0 0 0 1 1]
  [0 2 2 3 4 0 3 2 4 3 4 2 2 2 3 4 3 4 1 1 2 1 2 0 4]
  [0 4 2 2 4 1 0 4 0 2 4 2 2 0 2 0 3 0 1 0 4 2 2 3 2]
  [0 2 1 4 3 3 4 0 4 2 0 0 1 2 2 4 1 0 3 4 1 4 4 0 3]
  [0 2 0 4 3 4 2 1 0 2 0 1 4 2 3 0 1 3 0 1 1 3 2 2 3]
  [0 1 4 2 4 0 0 0 0 0 0 1 0 3 3 4 3 3 4 1 4 4 2 1 4]
  [0 2 0 0 4 4 2 2 1 2 0 3 4 4 2 1 0 4 1 0 1 2 1 2 1]
  [0 3 4 0 4 2 3 3 4 0 4 0 3 3 3 0 2 0 4 4 3 0 3 4 0]
  [0 2 1 2 1 4 1 3 2 3 4 3 0 4 2 3 3 0 3 4 1 1 1 4 4]
  [0 4 3 3 4 3 0 0 2 2 1 3 2 0 2 2 3 1 4 4 4 1 3 0 3]
  [0 0 0 3 2 4 3 1 1 0 0 2 2 1 0 2 2 4 3 0 1 0 3 1 1]
  [0 0 0 1 4 2 0 2 4 4 0 0 3 4 4 0 4 2 4 2 4 4 3 2 2]
  [0 4 1 2 1 4 1 0 4 0 1 4 4 2 0 3 0 3 3 3 2 3 2 2 2]
  [0 0 1 4 2 1 1 1 4 4 2 4 4 1 0 1 1 0 2 4 1 3 3 1 3]
  [0 3 3 4 2 0 4 1 4 4 3 2 1 2 2 4 4 3 0 2 3 2 2 4 0]
  [0 2 3 1 2 4 3 4 2 4 1 2 0 3 4 3 0 4 0 0 4 0 4 2 4]
  [0 1 3 3 0 4 4 3 4 2 2 0 0 0 3 2 1 3 1 3 0 2 1 3 3]
  [0 0 4 4 1 0 0 4 0 1 0 0 1 0 0 1 1 2 3 0 3 0 4 4 2]
  [0 0 0 0 2 1 2 2 2 2 0 1 0 4 4 3 3 0 0 0 2 0 0 1 4]
  [0 4 4 4 2 4 1 2 1 4 1 3 3 3 4 1 0 4 2 4 1 1 0 0 1]
  [0 4 3 4 4 0 3 3 3 0 0 3 0 3 4 2 4 2 4 1 0 3 1 1 0]]]
release_time
[ 0 56  7 10  4 11 22  9  5  7 46  1 23 28 20  4  4  4 35 23 11  1  4  3
 20]
due_date
[  0 141  24  15   7  33  51  50   7  16 376   3 370  32  54   8   7  24
  43  51  19   1  46  34  22]
unit_emission
[11 17  3  6]
emission_limit
13875.0
setup_severity
0.02
due_tight
0.9
due_range
1.0
release_tight
10
degree_constr
0.8
