param: 
proc_time: (1, 100)
setup_rate: 1.0
setup_time: (30, 60)
delivery_time: (1, 30)

mach
10
job_rate
10
fam
5
setup_rate
1.0
proc_time
[[  0  52  43   4  93  10  23  68  94  38  55  68  76   1  86  77   1   3
   16  62  59  90  76 100  45  90  53  52  88  46  25  34  68  35  15  65
   36  71  65  10  73  12  63  52  36  90  28  25  61  97  35   9  51  10
   94   6   2  60   9  97  76  16  36   6   3  92  64  83  45  35  50  10
   84   4  61  76  54  91  57  54  58  83  98  68  18  48  82  83  83  74
   17   9  91  88  30   7  48  49  98  67  39]
 [  0  98  29  60  97  71 100  34  42  59  77  99  69  77  18  16  64  68
   92  25   4  46  98  12  42  33  63  56  51  58  54  18  67  53  89  88
   31  55  88  10  50  26  60  10  15 100  46  77  13  90  56  11  89  42
    2  90  26   9   4  94  64  50  39  66  68  20  75  17  74  38  94  27
   38  14  40  88  63  23  47  89  73  33  77  52  70  50  35  85  51  37
   61  24  90  81  67  54   1  63  54  55  97]
 [  0  17  85   5  21  26  67  96  68  27  96  85  28  30  82  39  73  12
   73   4  69  67  81  56  89  30  26  57   4  79   4  45  78  54  90  38
   72   9  90  75  91  59  27  16  30  42   9  21  85  47  28   7  68  59
    8  67  82  68  98  37  67  40  49  90  21 100  29  70  98  90  34  36
   58  71  17   8  82  72  12  34  12  29  81  50  80  75   9   4  60  10
   78  74  16  18  73  36  45  20  36  11  89]
 [  0  51  75  28  76  92  80  61  56  52  41  90  68  47  48  97  99  56
   46   6   7  24  15  95  22  10  81  20  93  17  52  84   6  15  24  66
   37  42   1  23  88  16  32  74  42  42  35  10  90  45  42  37   7  57
   10   4  17  74  25  65  19  27  60   9   9 100  57  31  66  20  31  39
   61  51  14  18  11  23  59  76  62  74  52  42  44  11   1  33  71  41
   51  94  96   3  67  39  52  98  32  73  37]
 [  0  68  45  87  48  99  68  60  66  70  80   7  17  56   8  85  26  86
   34  17  81  18  92  92  78  11   3  90  30  88  15  41  94  67  92  17
   86  79  77 100  57  52  69  35  55  39  19   8   4  84  87  31  67  75
   15  77  71   6  86  45  98   7  94  62  53  64  74  64   9  40  60  98
   79  52  90  36  17  69  75  64   2  68  60  33   6  91  42  73  36  63
   37   9  53  85  36  17  85  58  54  14  90]
 [  0  36  93  12  87  89  55  12  73   9  77  81  30  16  17  72  33  78
   52  25   9  28  14  84  40   3  18  78  56  81  86  44  73   8  43  65
   82   7  95  67  33  54  84  29  30  68  86  34  42  18   6  93  39  66
   70  19  16  64   4  69  24  99  51  31  97   2  65  91  64  15  55  12
   15  37  15  51  76  36  37  86  53   5  19  56  10  53  16  71  41  24
   53  42  10  44  72  66  46   9   4  83  57]
 [  0  93  45  50  47  88  77  93  35  58  78  82  83  26  82 100  20   3
    1  91  14  20  42  65  11  18  77  49  62  90  95  92  73  77  28  44
   47  44  42  88  95  93  33  54   7  86  34  52  94  99  81  47  16  56
    1  76  33  16  64   1  39  20  29  68  30  64  38  12  41  91  74  74
   40  70  53  53  79  86  74  17  88  41  99  37  95  85 100  16  67  32
    5  79  57  74  79  31  37  39  88  55  35]
 [  0  40  80  23  15  20  76  73  55  16  81  26  57  40  14  26  23  88
   56  36   8  12  93   8  51  12  65  65  95  47   2  18   5  18  83  51
   65  40  62   5  57  42  22  10  63  66  71  92  13  79  58   8  40  81
   87  96  35  38  67  59   8   4  23  20  87  36  23   2   1  68  60  50
    6  54  31  47  73  86  41  46  41  14  29  32  64  79  42  30  13  67
   49  58  26  73  53  91  91  68  99  71  55]
 [  0  22  20  43  69  99  39  84  89  91  42  22  44  70  54  96  86  34
   76  13  81  28  82  97  37  70   8  40  35  60  39  75  11  31  53  58
   25  34  71  19  39  38   5  20  78  80   2  64  51  71  24  23  66  60
   96  16  38  97  99  46  72  49  21  18  22  11  17  73  75  13  60  33
   87  68  81  60  44  73 100  20  15  85  47  91  89  86  78  82  28  22
   28   2  28  72  98  51  13  92  30  51   5]
 [  0  79  42   6  74  78  53  27  20  47  16  31   6  20   5  11  53  92
   74  28  41  29  37  90  77  28  44  61  10  79  69  87  53  93  59  78
   36  59  96  50  13  10   5  12  84  87   6   5  71  10  86   6  75  89
    7   2  13   4  12  20  76  39   3  43  89  64  18  15  82   5  61   9
   47  46   9  72  27  47  92  92  48   6  44  92  15  55  58  64  39   9
   31  93  91  65  28   5  42  79  23  88  10]]
setup_time
[[[ 0 45 32 54 51 47]
  [ 0  0 48 60 43 49]
  [ 0 34  0 41 55 44]
  [ 0 45 51  0 44 31]
  [ 0 31 46 39  0 42]
  [ 0 49 59 39 46  0]]

 [[ 0 33 52 46 47 36]
  [ 0  0 44 39 30 60]
  [ 0 40  0 35 48 32]
  [ 0 46 35  0 42 56]
  [ 0 43 31 51  0 52]
  [ 0 60 39 47 54  0]]

 [[ 0 55 43 40 33 52]
  [ 0  0 31 50 57 59]
  [ 0 30  0 38 54 47]
  [ 0 41 31  0 41 49]
  [ 0 55 49 48  0 42]
  [ 0 38 58 40 50  0]]

 [[ 0 44 60 58 40 43]
  [ 0  0 35 39 43 40]
  [ 0 53  0 48 38 37]
  [ 0 57 37  0 45 34]
  [ 0 34 43 33  0 39]
  [ 0 36 48 33 32  0]]

 [[ 0 48 43 50 45 54]
  [ 0  0 47 31 50 38]
  [ 0 60  0 35 56 44]
  [ 0 44 42  0 30 41]
  [ 0 44 32 33  0 46]
  [ 0 49 49 36 35  0]]

 [[ 0 46 33 41 58 39]
  [ 0  0 47 46 51 48]
  [ 0 39  0 31 43 43]
  [ 0 33 52  0 36 50]
  [ 0 54 50 35  0 46]
  [ 0 51 30 44 55  0]]

 [[ 0 39 38 40 39 37]
  [ 0  0 41 48 46 55]
  [ 0 53  0 46 45 40]
  [ 0 34 40  0 50 52]
  [ 0 58 51 55  0 45]
  [ 0 32 31 57 52  0]]

 [[ 0 50 52 57 38 54]
  [ 0  0 60 41 30 45]
  [ 0 50  0 44 48 42]
  [ 0 33 34  0 56 50]
  [ 0 41 53 33  0 35]
  [ 0 34 59 32 57  0]]

 [[ 0 38 60 53 54 48]
  [ 0  0 52 34 52 46]
  [ 0 46  0 32 32 46]
  [ 0 54 47  0 54 57]
  [ 0 55 60 37  0 56]
  [ 0 38 44 41 55  0]]

 [[ 0 52 53 47 41 50]
  [ 0  0 38 59 55 30]
  [ 0 60  0 33 46 53]
  [ 0 41 53  0 40 58]
  [ 0 32 59 49  0 55]
  [ 0 44 32 45 48  0]]]
delivery_time
[[ 0 19  5 27 23 14 30  4  6 25 16 23 11 17 29 26  4 25 22 29 11 12 15 29
   3  2 19  9 13 14 13  6 23 29 28  4 20 25 23 23 25  7 14 14 26 30 20 18
  19 11 19 21 27  9 29 25 30  3 29  2  8 25 21  3 19  7  4 24  5 20 17  5
  28 18 29 15 11  8 29 19 10 16 20  5 24  6 30  8 10 10  1 23 20  8 29 20
  22  9 21 27 28]
 [ 0 11 13 25 12 15 18 15 29 14  3  9 23  6 11 23  9 30 24  1  8 24  7 13
  21 25 17  9 16 13 27 29  5 10  7 17 10 29  7 23 22  1  1 10 26 11  9 12
   7  7  3 17 14 17 27 21 14 13 18 21 17  1 15  9 25  7  3 27  4 11  9 14
  28 30 14  3  5 22 18  4 30 22 12  2 15 15 26 30  1 27  1  2  2 11 18 25
  28 18 28 21 28]
 [ 0 20 12  7 13 14 26  7 29 15 30 18 22 24 28  5 10 13 17  8  2 27  9 25
   4  9 29 28 14 18 15 23 18 24 25 11 29  9 14 11 13 18  2 30 16 25 14 16
  21  4 21  9  7 19 17 15 11 11 27 24  6 20 30 24 23 13 27  8 14  1  1  1
   6 13  8  7  2 12 30 18 30  5 20 15 20 30  6 23 22  7 16  2 26 25  5 17
  16 26 28 10 14]
 [ 0 23  2 28 25  3 28  8 25  9  1  9 13 17 27 24  5 30 12 15 16  7 14  5
  15  8 27 16 10  6 26 12 16 13  6  3 25 11 26 16 24 28  1 22 16  6 23  5
   1 21 22 13  3 14 26 22 16 26  8 27  2 13 21 11 20 30 23  7 14 11 24 11
  20  1 14 30 15 28 21  9 11 17 13 23  6 25  9 28 22  2 27 27 20  9 18  6
  28 14  3 27 14]
 [ 0 21  6 17  7 22 23  3 17  3  7  3 18  4 28  7 28  6  9 10 18 21 29  9
  26  3  1  3 24 22 20 24 15 20 29  1 18 20  9  1 15 24 20 22 16 29 20  8
  15 21 28  9  3 13  2 21 30 13 15 15 18 10 15 19 28 20 26  7 20  6  6  4
   7 18 10 23  3  7  2 25 18 29  9 12  8 26 30  6 21  2  9 11  2  1  9 30
  22 22 28 17  4]
 [ 0 20  5  1 10 10  7 19 25 14 19 25 24 22  5  6 29 11 24  8  9 20 14 17
  28  2  1  5 29 21 11 16 24 11 25  9 19  2 21 30 22 21  2 16  8 14 27 18
   2 16 29 14  7  9 10 18 19  3  6 22 26  6 13 30  9 18 29 26 11 13 25 28
   3 24  8  6 25 25 19 26 28  4 15  2 28 18 22  8 15 30  2 11 11  3  1 28
  21 29  6  8  1]
 [ 0 14 11 16 14 19 28 19  7 25  1 20  7 17 23 13  7 29 27 28  8 24 28 25
   2 24 19 23 11 24  6 17  9 12 30 15  4 27  2 28 18 11 28  1 13  8  1 13
  21 15 20  2 10  8  3 27  8 26 27 21 11  3 17 11 13 15 22 19 10  1 12 21
  28 27  2 15 16 17 24 19 17 23 23 12 18 29 22 27  8 24 20  3 28 18 24  8
  10 11 15 17 18]
 [ 0  6  7 22  6 26 24  4  7 12 12 14 15 27 19 27 13  6  3 15 30 24 25  5
  15  4 10  7 19 17 25 27  8 18 17  9 12  4 14 22 29 12 15 11 23 23 25 14
  24 24 23  3 18 10  4 10 19 20 12  6 30 11 24  4 29  1 23 22 21  3 30  8
  25 30 16 13  2  8  6 26  5  9 29 29 24 16 25 20 10  8 17 25  3 18 13  1
  29 12 30  4  6]
 [ 0 22 26 20 14 30 18 15 19  1 20  1 27 12  1 25 18 17 20 21 29 14 17  9
   6  2 15 11 15 21 15  6 16 10  1  1  8 25  8 27 29 23  4 26  2 15  8 15
   5  4 15  6 12 29 13  2 29  7 15 18  9 16  8 29 23 29 29  5  7 10  6 17
   7 30 26  9 15 12 13  6 14 23  9  6 12 13 19  5 20  4  6 28 12 21 19 22
  15 16 12 24 20]
 [ 0 26 15 22  5 16 23  5 15 10  9 26 28  1  4 20  6 29 20 26  6 13 30 11
  12 24 24 22 18 11 19  3 18 18 26  5 17  8  8 23 19 16 17  3 26  4 29  2
  19 19  1 21  2  9 24 21  2 21 22  7  3  9 17 21 12 12 26 15 22 30 15  1
   2  5  9 15 29 26  6 21 19  1 10  8 22 27  1 29 24  3 15 20 27 15 30 22
  12 25 27  6 14]]
job2fam
[[1 0 0 0 0 0 0 0 0 0 0 0 0 0 0 0 0 0 0 0 0 0 0 0 0 0 0 0 0 0 0 0 0 0 0 0
  0 0 0 0 0 0 0 0 0 0 0 0 0 0 0 0 0 0 0 0 0 0 0 0 0 0 0 0 0 0 0 0 0 0 0 0
  0 0 0 0 0 0 0 0 0 0 0 0 0 0 0 0 0 0 0 0 0 0 0 0 0 0 0 0 0]
 [0 0 0 0 0 0 0 1 0 0 0 1 0 0 0 1 0 1 1 0 0 0 0 1 0 0 0 0 0 0 0 0 0 0 0 0
  1 0 0 0 0 0 1 1 1 0 0 0 0 1 1 0 0 0 0 0 1 1 0 0 0 1 0 0 0 0 0 0 0 0 1 0
  0 0 1 0 1 0 0 0 1 1 0 0 0 0 1 0 0 0 0 0 0 0 0 0 0 0 0 0 0]
 [0 0 0 0 0 1 0 0 0 0 0 0 0 1 1 0 0 0 0 0 0 0 0 0 0 1 1 0 0 1 1 0 0 1 1 0
  0 1 0 1 1 0 0 0 0 0 0 0 0 0 0 0 1 0 0 1 0 0 0 0 0 0 0 0 0 1 0 1 0 0 0 1
  1 0 0 0 0 0 0 0 0 0 0 0 1 0 0 1 1 0 0 0 0 0 1 0 0 0 0 0 1]
 [0 0 0 0 1 0 0 0 0 0 0 0 1 0 0 0 1 0 0 0 0 0 0 0 0 0 0 0 0 0 0 0 0 0 0 0
  0 0 0 0 0 0 0 0 0 0 0 0 0 0 0 0 0 1 0 0 0 0 0 0 1 0 0 1 1 0 0 0 0 0 0 0
  0 0 0 0 0 0 0 0 0 0 1 1 0 0 0 0 0 0 0 1 1 1 0 0 0 1 0 0 0]
 [0 1 0 1 0 0 1 0 0 1 0 0 0 0 0 0 0 0 0 1 1 1 1 0 1 0 0 0 0 0 0 1 0 0 0 1
  0 0 1 0 0 0 0 0 0 1 0 0 0 0 0 1 0 0 1 0 0 0 1 1 0 0 1 0 0 0 0 0 0 0 0 0
  0 0 0 0 0 0 1 1 0 0 0 0 0 0 0 0 0 0 0 0 0 0 0 0 0 0 0 0 0]
 [0 0 1 0 0 0 0 0 1 0 1 0 0 0 0 0 0 0 0 0 0 0 0 0 0 0 0 1 1 0 0 0 1 0 0 0
  0 0 0 0 0 1 0 0 0 0 1 1 1 0 0 0 0 0 0 0 0 0 0 0 0 0 0 0 0 0 1 0 1 1 0 0
  0 1 0 1 0 1 0 0 0 0 0 0 0 1 0 0 0 1 1 0 0 0 0 1 1 0 1 1 0]]
unit_cost
[13 10 14  9 10 14  9 11  8 10]
pre_factor
1.0
