param: 
proc_time: (1, 100)
setup_rate: 1.0
setup_time: (30, 60)
delivery_time: (1, 100)

mach
10
job_rate
10
fam
5
setup_rate
1.0
proc_time
[[  0   5  48  50  19  19  71  76  75  52  46  63  40  71  36  46  27  61
   57   6  83   4  35  51  94  40  16  32  21  28   8  92  11  56  19  55
   69  35  64  67  28   4  94  66  63  72   9   4  29  97  59  27  16  18
   66  93  74  71  29  42  46  94   2 100  15  57  28  37  33  89  81  21
   22   6  80  36  88  88  15  32  70  18  31  60  73  67  73  29  18  69
   37  64  83   3   8  69  75  86  41  92   4]
 [  0  74  91  31   3  65   1  17  52  18  96  27  44  40  57  75  73  50
   12  12   6  86  91  13  47  86  87  80  69  66  54  54  41  34  85  90
   24  83  68  18  35  39  72  17  31  19  73   7   7  51  45  96  25  87
   99  16  90  58  14  43  27  34  29  91  45  86  48  81  43   9  70  75
   61  27  30  95  17  92  51  98  70   2 100  52  64  19  30  31  81  46
   18  29  92  83  80  24  99  48  87  78  16]
 [  0  24  67  57  59  87  99  82  70   1  80  46  45  18  47  84  70  47
   78  23  79  46 100  61  76  61  35  78  98  91  59  87  35  38  73  24
   82  90  75  78  92  49  24  46  38  26  93  63  15  28  37  77  78  12
   42  35  41  83   7  14  21  25  32  15  28  72  30  44  52  87  69  19
    2  37  35  61  38  17  15  45  13  23  33  96  21  94  93  90   9  93
   95  69  14  95   4  94  18   9  78  13  55]
 [  0  78  59  60  43  82   4  61  89  22  24   4  45  22  56  77  36  23
   36  58  76  40  82  29  68  82  92  46   8  70  96  62  74  48  78  11
   90  67  47 100  12  73  45  15  83  43  55  60  67  96  20  47  16   4
   28  29  88   1  14  40  69  59  58  27  41   8  65 100  67  75   2  84
   95  13  16  83   2   4  99  45  74   8  16  97   8  85  58  59  21   2
   76  55   6  69   7  58  54  13  82  82  40]
 [  0  76  65  29  54  68  40  35  65  59  57  39  55  66  11  62  89  41
    5 100 100  69  45  61  10  94  50  77  47  45  52  48  74  58  46  31
   65  36  50  52  84  90   1  90  73  75  71  10  59  46  91   4  35  20
   30  37  29   5  95  84  56  96 100  77  31  73  85  16  72   4  61   9
   36  24  89  44  12  85  63  65  86  44  15  36  32  61  77  41  46  23
   75   4  87   7  26  15  62  59  42  49  44]
 [  0  89   9  30  75  84  54  80   4  60  74  83  32  91   7  75  19  38
   66  26  94   8  72  18  28  87  67  10 100  15   2  82   2  16  61  56
   22  74  35  28  73  14  61 100  16  73   2  68   3  82  50  89  44  97
   95   1  74  63   7  63  40  76  25  43  74  83  21  95  17  65  21  50
   93  34  99   3   4 100  38  37  25  43  39  38  76  54  14  47   3  72
   54  76  45  68  42  35  37  29  45  77   6]
 [  0  15  32  67  54  29  82  17  58  96  82  48  51   1  29  23  71  54
   68  78  23  11  19  85  22   5   7   8   1  15  55   3  68  97  41  59
   54  95  74  68  40  89  69  21  35  16  94  30  93  83  95  13  72  54
   82  13  99  72  99  36  73  77  22  38  50  71  82  98  82 100  94  60
   88  87  45  13  89  69  28  19   9   9  20  49  33  42  87  63  43  70
   21   7  44   8  45  10  96  96  49  96  68]
 [  0  38  10  94  14  67  97  46  52  81  68  12  21  64  75  62  24  57
   25  44  47  41  25   2  72  91  53   5  26  53  11  37  35   3  85  71
    1  88  56  23  60  35  36  40   9  99  75  34  98 100  33  21  38  28
   78  73  62  46   1  79  79  73  48  87  92  93  16  80   3  90  97  35
   90  55  63  31  22 100  10  99  61  70  31  77   2  68  96  27  42   8
   22   2  75  36  83   7  83  67  48  15  17]
 [  0  29  56  11  74  66  74  42  36  82  99  99  89  94  38   3  14  67
    9  67  78  61 100  17  10  74  16  96  51  67  17  66  61  90  66   6
   48  70   2  52  86   2   4  28  94  38  62  96  98  79  27  37  49 100
    8  88  67  64  55  63  80  25   4  31  40  68  99  33  36   9  20  71
   77  26  15  85  26  77   7  27  29  99   5  27  45  77  18  20  12  34
    8  37  64  71  19  29  91  21  63  73   3]
 [  0  34  21  90  94  18  13  66  26  91  51  97  92  53   4  74  74  78
   55  17  95  18  42  28  95  45  42  37  86  81   2  28  94  89  93  25
   93   9  78  80  32  17  78  16  37  24  47  89  78  68  84  94  80  46
   12  15  23  17  41  44  38  70  80  53  86  80  74  88   2  47  23  86
   21  48  72  54  29  29  87  78  99  39  11  34  69  68   6  33  24  38
   81  90  20  46  32  99  58  18   4  89  88]]
setup_time
[[[ 0 41 36 45 56 51]
  [ 0  0 60 55 52 43]
  [ 0 39  0 34 41 38]
  [ 0 34 48  0 35 39]
  [ 0 55 42 56  0 52]
  [ 0 57 42 56 52  0]]

 [[ 0 43 45 42 33 51]
  [ 0  0 52 41 56 44]
  [ 0 36  0 46 55 45]
  [ 0 32 48  0 41 49]
  [ 0 41 46 35  0 39]
  [ 0 37 46 34 58  0]]

 [[ 0 51 58 36 35 36]
  [ 0  0 57 47 59 41]
  [ 0 55  0 52 30 52]
  [ 0 34 37  0 49 47]
  [ 0 51 47 41  0 31]
  [ 0 56 43 40 35  0]]

 [[ 0 45 39 51 60 48]
  [ 0  0 41 41 49 57]
  [ 0 35  0 42 37 48]
  [ 0 58 41  0 47 51]
  [ 0 55 50 30  0 54]
  [ 0 37 54 35 44  0]]

 [[ 0 45 51 53 53 32]
  [ 0  0 47 38 42 47]
  [ 0 30  0 38 53 47]
  [ 0 48 51  0 48 46]
  [ 0 57 50 36  0 48]
  [ 0 33 54 58 48  0]]

 [[ 0 59 59 52 34 43]
  [ 0  0 51 55 30 60]
  [ 0 33  0 37 54 47]
  [ 0 60 49  0 51 45]
  [ 0 39 37 55  0 48]
  [ 0 55 45 42 37  0]]

 [[ 0 31 37 52 44 52]
  [ 0  0 43 45 57 42]
  [ 0 36  0 52 45 46]
  [ 0 30 53  0 50 51]
  [ 0 33 37 56  0 39]
  [ 0 58 54 38 33  0]]

 [[ 0 34 53 34 32 39]
  [ 0  0 47 38 39 50]
  [ 0 45  0 43 38 44]
  [ 0 32 53  0 60 56]
  [ 0 41 53 35  0 39]
  [ 0 55 36 38 32  0]]

 [[ 0 42 40 57 32 51]
  [ 0  0 55 40 35 42]
  [ 0 48  0 31 41 38]
  [ 0 57 39  0 35 59]
  [ 0 35 30 49  0 30]
  [ 0 46 33 37 45  0]]

 [[ 0 56 30 59 43 35]
  [ 0  0 54 56 60 53]
  [ 0 39  0 43 50 38]
  [ 0 40 35  0 32 39]
  [ 0 49 50 48  0 52]
  [ 0 34 45 47 38  0]]]
delivery_time
[[  0  24   6  98  33  35  57  86  42  13  91  89  40  34  54   1  34  14
   99  93  31  33  31  81  23  59  96  93  50  23  76   8  17  98  67  38
   23  90  57  99  74  34  15  75  98  21  41  97  99  44   3  23  81  52
   73  73  85  92  26  81  94  57  56  15  31  55  56  16  64  98  84  28
   42  25  17  35  38  79  59  13  36  84  63  37  87   5  62  62  62   3
   49  25  21  72  71  77  80  98   8  37  55]
 [  0  51  89  43  45  32  36  46  43  21 100  77  58  21  59  40   1  67
   79  28   7  43  23  48  74  97  71  51   9  73  53  50  11  15  60  17
   54  66  11  68  39  14  14  98  41  80  68  38  27  12   2   1  51  72
   85  87  39  49  88  63  73  31   2  32  30   3  57  29   9  38  33  27
   54   8  59  19  75   2  45  11  88  78  73  70  34   7  22  56   5   9
   56  15  27   8  16  25  67  23  32  99  11]
 [  0   8  20  46  32  32  72  69   3  91  68  61  99  33  97   5  71  25
   61  67  16  99  74   9  25  19  56  48  77  54  71  37  71  35 100  35
   23  46  65  43  66  84  63   1  92  44  60  58  72  68  50  46  39  37
   85  61  23  73  39  83  84  52  49  13  92  47  53  26  51  11  82  14
   88  98  77  21  46  70  72  49   2  50  78  40  21  44  31  78  87  75
   39   6  76  23  41  90 100  14  14  69  26]
 [  0  76  35  72   4  71  85  65  40  22  69  41  36  14  32  20  35  67
   37  13  64  66   4  96  94  20  75   9  57  19  55  58  65  39  94  89
   10  78  56   3  71  29  44  11  29  80  74  41  99   1  64  23  60  60
   84  59  30  22  85  25  49  39  81  45  29  83  72  45  80  46  38  68
   72  46  52   4  35  87  77  13  93 100   9  37  75  60  57  93  78  66
   44   5 100  95  16   8  94  25  86  37  39]
 [  0  73  72  43  38  50  56  69  68  17  19  26  13  41  59  81  17  26
   74  59  11  59  53 100  31  94  45  45  10   7  64  97  60   4  59  42
   28  96  73  16  82  84  69   5  69  53  81  70  16  18  25  11  36  25
   83  57  57  37   2  54  84  71   9  84  27  64  75  86  30  58  39  66
  100   9  85  38  55  29  19  14  68  68  76  60  10  16  11  97  85  56
   27  38  59  50  30  25  93  98  89  15  91]
 [  0  36  72  83   2  56  25  54  14  18  78   3  35  65  90  68  27  56
   73  51  83  12  34  42  13 100  56  56 100  92  59  32  50  77  92  54
   64  58  59  80  80  23  25  10  82  67  48  64  71  79  62  58  60  12
   22  23   4  18 100  24  77  39   8  55  22  30  26  36  16  77  28  52
   81  31  86  16  87  15   6   4  22  58   8  14  99  83  55  52  42  56
   26  14  68  87  40  24  29  21  31  61  73]
 [  0  29  82  35  82  30  76   3  99  93  65  56  97  35  53  20  86   8
   74  29  47   3  26  84  33  84   3  90  71   7   1  11  29  63  30  90
   63  23  82  21  28  93  96  10  60  58  85  23  81   7  93  54  94  51
   94  30  72  87  22   7  19  76   9  40  52  75  85  96  60  40  60   5
   22  86  94  92  88  51  35  92  78  16   6  88  41  86  50  50  26  33
    6  26  66  47   4  38  26  52  52 100  86]
 [  0  14   6  91  30  11  12  23  15  17  24  96  68   6  59  63  98  65
   87  73  94  80  32  85  60  52  81  53  53  74  76  92  90  96   4  60
   43  34 100  66  56  28  21  87  21  88  42   1  10  63  38   9  46  39
   10   4  80  65   7  61  13  66  29  88  86  50  84   9  14  70  93  24
   96  36  43  48  90  97  36  82  84  93  23  81  31  63  41  91  24  80
   71  66  70  16  64   5  76  56  61  36  38]
 [  0  27  74  40  10  75   9  54  40  96   3  61  26  42   5  82  24  92
   44  49  53  13  74  20  15  33  95   1  20  22  24   5  12  66  71  36
   16  48  23  18  23  26  28  45  62  18 100  53  47   1  45  52  94  40
   19  28  67  13   6  38  12  30  38  25  70  32 100   7  81  93  23  97
   65  37  37  56  10  57  46  32  66  32  43  32  34  48  11  56  16  23
   11  71  37  13  59  37  56  16   1  55  90]
 [  0  55  44  46  89  97  45  59  13  17  34  32   9  12  44  47  27  49
   97  77  35  52  61  18  52  16  74  69  45  76  19  21  65  31  58  57
   34  49  49  95  26  31  64  50  69  57  75  12  31  88  19  90  65  69
   40  58  68  50  67  64  85  16  20  12  82  28  58  91  87  83  16  80
    6  84  66  24  14  16  60  15  73  14  18  59  43  74  32  63  86  80
   41  73   3  83  75  91   1  38  23  33   2]]
job2fam
[[1 0 0 0 0 0 0 0 0 0 0 0 0 0 0 0 0 0 0 0 0 0 0 0 0 0 0 0 0 0 0 0 0 0 0 0
  0 0 0 0 0 0 0 0 0 0 0 0 0 0 0 0 0 0 0 0 0 0 0 0 0 0 0 0 0 0 0 0 0 0 0 0
  0 0 0 0 0 0 0 0 0 0 0 0 0 0 0 0 0 0 0 0 0 0 0 0 0 0 0 0 0]
 [0 0 0 0 1 0 0 0 0 0 0 0 0 1 0 1 0 0 0 0 0 0 0 1 0 1 0 0 0 0 0 0 0 1 0 0
  0 1 0 0 0 0 0 0 0 0 0 0 0 0 1 0 0 0 0 0 0 0 0 0 0 0 0 0 0 0 0 0 1 0 0 0
  1 0 0 0 0 1 0 0 0 0 0 0 0 1 0 0 0 1 1 0 1 0 0 0 0 0 0 0 0]
 [0 0 0 0 0 0 0 0 0 0 1 0 0 0 1 0 0 0 1 0 1 0 0 0 0 0 0 1 0 1 0 1 1 0 0 1
  0 0 1 1 0 0 0 0 0 0 0 1 0 1 0 0 0 0 0 0 1 0 1 0 0 1 1 0 0 0 0 0 0 0 0 0
  0 1 0 1 1 0 0 1 1 0 0 1 0 0 0 0 0 0 0 0 0 0 1 0 0 0 0 1 0]
 [0 0 0 0 0 0 0 1 1 1 0 0 1 0 0 0 1 1 0 1 0 0 0 0 1 0 0 0 1 0 0 0 0 0 0 0
  0 0 0 0 0 0 0 0 1 0 0 0 0 0 0 0 0 0 0 0 0 1 0 0 0 0 0 0 1 0 0 1 0 0 0 0
  0 0 1 0 0 0 0 0 0 1 1 0 1 0 0 0 0 0 0 1 0 1 0 1 0 0 0 0 1]
 [0 1 1 1 0 1 1 0 0 0 0 0 0 0 0 0 0 0 0 0 0 1 1 0 0 0 0 0 0 0 0 0 0 0 1 0
  1 0 0 0 0 1 0 0 0 0 0 0 1 0 0 1 0 0 1 0 0 0 0 0 1 0 0 1 0 1 0 0 0 1 1 0
  0 0 0 0 0 0 1 0 0 0 0 0 0 0 0 1 0 0 0 0 0 0 0 0 1 1 0 0 0]
 [0 0 0 0 0 0 0 0 0 0 0 1 0 0 0 0 0 0 0 0 0 0 0 0 0 0 1 0 0 0 1 0 0 0 0 0
  0 0 0 0 1 0 1 1 0 1 1 0 0 0 0 0 1 1 0 1 0 0 0 1 0 0 0 0 0 0 1 0 0 0 0 1
  0 0 0 0 0 0 0 0 0 0 0 0 0 0 1 0 1 0 0 0 0 0 0 0 0 0 1 0 0]]
unit_cost
[13 12 18 18 11 12 12 13 17 16]
pre_factor
1.0
