param: 
proc_time: (1, 100)
setup_rate: 1.0
setup_time: (30, 60)
delivery_time: (100, 200)

mach
10
job_rate
10
fam
5
setup_rate
1.0
proc_time
[[  0  72  10  87  70  99  61  76  26  54  27  60  99  61  49   5  53  46
   85   1  96  32  26  99   2  20  22  32  14  88  55  57  30  68  55  64
   21  12  48  97   2  37  17  71  37  16  77  72  32  61  61  41  79   9
    7  58  14  40  64   7  61  93  15  99  83  38  99  59   4  75  61  38
   58  89  31  21  89  88   4  18  35  83  59  66  10  29  60  34  77  58
   90  42  94  23  50  49  78  50  18  23  91]
 [  0  12  28  79  94  12  34   2  42  11  56  87  61  14  20  48  95  30
   95  65  39  14  31  98  35  64  23  41  27  41  78  93  51  65  14  99
   28  44  44  94  22  77  17  25  32  50 100  33  83  12 100  81  45  29
   84  17  19  68  63  78  43  71  85  93  18  38  78   1   7  50  46  73
   96  36  41  21  70  54  40  13  10  92  17  74  15  23  69  11  73  51
   23  67  44  58  22  57  10  66  50  88  44]
 [  0  79  97  99  94  65  69  35  96  52   3  62  44   5  21  36  29  42
    5  20  27  94  84  95  66  29  92  53  10   3  87  76  83  40  85  70
   77  67  93  42  11  94  75  97  26  59   4  30  38  87  71   8  27  39
   40  60  17   7  73  93  34  50  65  86  83  73  15  99  10  67  12   3
   19  78  81   5  40  56  29  88  44  42  83  56  42  39  95  52   9  85
   39  87  62  16   7  87  38  83  89  18  51]
 [  0  69  17  29  39  28  50  12  69  95  96  55  86  68   6  51  93  40
   76  73  34  10   5  51  69  11  31  59  34  71  43   2  28  20  49  95
   88  34  51  48  93  29  30  54  29  28   9  52  20  71  71  34  11  91
   22  32   8  10  18  17  41  78  72  26  26  69  97  20  84  98  19  50
   89  17  56  19  76  43  61  75  68  91  72  60  75  20  43  36   8  53
   15  99  66  64  96  23  67  45  23  98  21]
 [  0   3  25  84   2  27  21  69  63  80  84  19  38  92  64  43  13  63
   30  36  99  39  18  88  43  84  87  58   3  28  53  39  85  36  37  88
   60  77  56  66   8  90  43  98  82  10  56  92  54  36  24  99  22  44
   90  67  43  96  26  41  85  98  55  10   8  56  80  33   2  10  55  29
   25  58  83  85  88  80  32  62   9  50  50  66  73  51  88  67  80  83
   10  55  18  84   4  50  95  60  10  55  44]
 [  0  17  19  19  97  75   9  57  91  34  33  35  75  24  73  94  13  85
   33  77  11  74  53  58  33  39  97  81  76  94  91  53  61  60  72  61
   43  34  63  97  45  53  61  62  50   1   8  35  51  99   2  97  34  14
   74  65  69  14  64  17  35  30  94  22  23   6  32  91  62  29  50   4
   19   7  22  56  53  66  35  43  11  55  48  71   2  82  45  22  55  65
   40   4  74   9  13  18  55  38  49 100  97]
 [  0  11  55   2  26  90  46  80  33  34   1   2  73  46  54  13  77  68
   58  39  56   7  83  91  30  60  57  18  28  63  92  14  62  28  66  86
  100  69  49  53  62  91   2  72  74  22  89  63  23  28  30  51  55  18
   70  62  28  67  88  20  49   3  74  27  34  93  25  59  34  88  45  99
   13  29  83   6 100  46   5  15  66  53   1  38  78   9   7  11  59  79
   38  71  60  79  55  38  60  42  32  10  96]
 [  0  62  92  94  87  71  28  65  37  21  28  22  99  19  75  37   5  39
   51   6  35  53  72  45  73  70  87  15  89  16  67  97  91  34  79  16
   11  34  11  63  35  50  48  81  70  81  59  44  15  94  69  13  67  69
    7  30  43  92  81  66  45  93  91  75  18  50  94  66  71   5  14  44
   53  76  62  86  92  61  87  95  89  79  56  85  41 100  92  25  47  21
   47   1  47  54   1  62  46  35  52  38  23]
 [  0  29  13  23  51  19  17  99  84  44  91  79  66  27  80  46  50  83
   47  82   4   8  73  58  60  41  46  46  68  57  73  40   1  28  36  90
   50  55  10  61  63  17  84  51  24  24  85  93  64   5  72   7  95   3
   92  46  10  91  76  14  40  80   7  33  61   3  99  19   4  18  96  13
   26  41  41  89  61  23  31  49   1  87   2  97  38  64  61  57  54  82
   86  97  33  51  15  83  90  38   8  16  27]
 [  0  14  28  84  56  62  53  45  75  17  62  19  37   9  95  70  63  62
   97  26   8  12  94  17  35  15  82 100  41  19  17   9  78   9  15  44
   44  84  53  71  28  76  76  99  76  78  72  31   7  30  34  65  31  64
   85  30  25  96  50  47  81  10  36  18  43  78  30  45  23  62  14  66
    8  40  94  95  64  71  33   5  99  58  61   3  81   6  58  48  83  10
   22   8  97  24  11  26  37  14  67  27  55]]
setup_time
[[[ 0 41 55 60 55 34]
  [ 0  0 43 43 60 42]
  [ 0 34  0 40 49 43]
  [ 0 55 56  0 52 59]
  [ 0 46 31 56  0 39]
  [ 0 35 41 44 30  0]]

 [[ 0 51 32 41 35 57]
  [ 0  0 42 49 45 39]
  [ 0 35  0 53 44 50]
  [ 0 55 58  0 33 49]
  [ 0 36 32 60  0 37]
  [ 0 38 52 44 32  0]]

 [[ 0 54 44 58 49 30]
  [ 0  0 50 55 55 31]
  [ 0 56  0 33 56 47]
  [ 0 47 39  0 31 53]
  [ 0 32 50 37  0 50]
  [ 0 51 52 34 56  0]]

 [[ 0 44 48 55 49 55]
  [ 0  0 33 44 47 40]
  [ 0 55  0 48 51 48]
  [ 0 37 32  0 56 50]
  [ 0 38 39 56  0 51]
  [ 0 48 59 50 48  0]]

 [[ 0 42 54 58 48 32]
  [ 0  0 35 43 43 38]
  [ 0 48  0 44 54 46]
  [ 0 35 42  0 49 30]
  [ 0 55 40 38  0 55]
  [ 0 53 39 50 55  0]]

 [[ 0 32 44 48 60 57]
  [ 0  0 37 52 51 51]
  [ 0 56  0 38 40 60]
  [ 0 43 46  0 60 60]
  [ 0 32 39 55  0 37]
  [ 0 37 53 52 56  0]]

 [[ 0 58 42 45 33 35]
  [ 0  0 55 48 51 55]
  [ 0 38  0 45 40 58]
  [ 0 46 56  0 39 41]
  [ 0 33 37 56  0 59]
  [ 0 50 34 34 53  0]]

 [[ 0 51 47 39 33 50]
  [ 0  0 33 35 31 52]
  [ 0 51  0 44 60 39]
  [ 0 58 36  0 55 33]
  [ 0 36 45 57  0 58]
  [ 0 51 39 47 52  0]]

 [[ 0 48 40 49 39 56]
  [ 0  0 55 45 47 57]
  [ 0 42  0 50 39 36]
  [ 0 50 59  0 53 43]
  [ 0 50 33 54  0 56]
  [ 0 38 53 44 31  0]]

 [[ 0 49 48 42 40 31]
  [ 0  0 49 35 60 58]
  [ 0 50  0 31 47 60]
  [ 0 33 53  0 43 51]
  [ 0 45 32 52  0 43]
  [ 0 30 31 55 36  0]]]
delivery_time
[[  0 172 120 198 188 171 148 101 166 137 152 103 156 154 117 176 200 176
  116 132 192 116 134 137 172 126 121 186 102 177 144 144 123 127 145 100
  159 175 172 114 110 108 138 160 144 125 140 145 123 192 190 137 144 117
  158 198 156 110 125 157 172 168 102 120 142 146 100 180 157 154 124 165
  146 143 123 102 147 108 193 127 185 188 127 130 174 158 157 124 185 136
  189 175 127 122 182 126 173 189 153 157 120]
 [  0 184 111 155 127 162 193 108 169 106 149 146 166 171 199 158 116 133
  127 149 139 123 166 173 111 176 189 164 113 184 158 194 131 197 163 111
  157 192 165 189 173 180 134 126 113 137 166 135 108 118 198 199 143 138
  119 188 124 123 164 129 177 172 142 198 124 137 176 177 155 178 148 172
  186 165 178 199 117 144 174 193 157 141 173 115 128 168 192 112 149 157
  110 137 146 138 186 187 125 161 115 157 106]
 [  0 158 122 187 181 165 128 157 176 103 140 174 145 164 172 126 185 185
  109 117 168 177 144 164 121 194 188 151 187 187 128 138 129 104 192 122
  120 115 167 189 162 146 198 169 160 151 187 101 121 156 113 138 166 163
  133 120 169 104 138 179 141 144 135 181 156 113 123 117 189 159 158 184
  114 126 126 151 151 135 135 195 186 191 121 142 115 120 183 173 187 152
  155 174 147 146 102 147 105 135 150 155 197]
 [  0 158 102 190 100 113 103 177 121 200 150 149 133 126 178 143 185 146
  145 193 119 127 127 198 150 147 147 100 148 136 147 161 177 143 138 169
  100 168 193 117 102 133 176 153 132 132 173 138 112 109 187 192 128 177
  145 187 172 128 113 191 112 184 110 144 103 174 194 150 161 175 179 108
  182 130 119 108 155 135 173 185 137 196 151 194 137 194 164 146 158 144
  119 121 102 162 128 113 120 138 101 108 141]
 [  0 143 188 128 162 142 158 175 124 103 177 179 137 159 194 156 168 188
  103 109 123 147 151 197 123 192 185 178 105 125 144 101 111 124 173 114
  176 132 171 124 187 199 129 153 114 174 172 170 116 106 111 121 189 200
  175 173 144 184 113 167 147 197 148 191 177 114 134 179 138 129 196 170
  132 138 157 124 168 123 155 133 184 143 137 159 173 197 161 137 151 114
  101 177 195 194 144 116 196 180 117 161 127]
 [  0 155 146 178 189 130 131 103 148 150 170 178 133 148 117 129 128 185
  183 137 119 144 116 200 105 105 119 106 196 120 197 194 156 134 163 100
  137 191 135 108 119 196 118 128 145 159 136 151 173 123 153 100 151 142
  165 140 190 119 110 157 183 149 165 124 134 165 162 128 142 170 177 112
  200 178 102 154 192 175 192 181 101 141 106 103 132 152 163 139 167 137
  106 158 197 114 165 176 124 147 172 117 121]
 [  0 182 193 197 173 145 121 186 130 189 114 104 124 112 134 105 163 124
  150 122 198 178 164 158 102 173 137 137 160 124 138 110 191 176 125 194
  175 150 197 176 193 115 159 172 177 154 105 121 155 154 176 172 198 133
  180 171 121 200 183 197 140 193 155 164 150 105 194 135 190 163 110 140
  163 122 146 105 107 184 107 155 184 200 102 185 175 121 151 109 103 123
  117 101 169 148 177 150 151 117 147 153 198]
 [  0 183 152 188 114 187 169 192 173 184 117 166 185 166 160 119 163 177
  200 132 159 126 170 122 198 151 136 116 132 147 120 135 143 143 152 164
  128 169 175 191 110 103 150 104 154 144 128 198 133 114 132 197 130 192
  152 194 133 107 158 129 159 120 101 102 195 133 149 114 188 193 194 175
  161 190 199 141 126 158 119 124 142 146 132 146 124 181 174 152 129 187
  141 179 140 184 166 153 122 134 152 127 112]
 [  0 192 123 104 146 112 180 194 179 135 135 197 126 192 105 139 118 172
  164 135 139 161 102 135 200 104 106 181 104 145 190 152 168 181 178 188
  139 147 149 106 117 178 132 140 191 137 103 195 198 163 122 180 183 170
  131 199 150 199 194 111 178 171 125 106 164 191 149 120 196 132 193 117
  194 104 168 182 108 185 130 171 130 109 143 150 196 184 107 160 102 191
  199 146 190 160 134 200 187 153 113 188 177]
 [  0 130 101 127 163 105 110 116 166 183 166 153 131 185 146 179 170 190
  172 117 190 112 108 147 174 102 125 124 133 102 188 112 116 162 107 146
  164 117 169 186 193 186 183 124 195 200 123 124 175 146 137 166 142 143
  112 140 146 184 195 152 149 174 111 126 155 196 113 198 140 101 182 104
  127 157 149 143 166 123 155 128 110 174 147 196 198 117 136 181 135 191
  184 125 148 136 130 167 105 200 195 127 142]]
job2fam
[[1 0 0 0 0 0 0 0 0 0 0 0 0 0 0 0 0 0 0 0 0 0 0 0 0 0 0 0 0 0 0 0 0 0 0 0
  0 0 0 0 0 0 0 0 0 0 0 0 0 0 0 0 0 0 0 0 0 0 0 0 0 0 0 0 0 0 0 0 0 0 0 0
  0 0 0 0 0 0 0 0 0 0 0 0 0 0 0 0 0 0 0 0 0 0 0 0 0 0 0 0 0]
 [0 0 0 0 0 1 1 0 0 0 0 0 0 0 0 0 1 1 0 0 0 0 0 0 0 0 0 0 0 0 1 0 0 1 0 0
  0 0 1 0 0 0 0 0 0 0 0 0 0 0 0 0 1 1 0 1 1 0 0 0 0 0 1 1 1 0 0 1 0 0 1 0
  0 0 0 0 1 0 0 0 1 0 0 0 0 0 0 1 0 0 0 0 0 0 0 0 1 0 0 0 0]
 [0 1 0 0 1 0 0 0 1 0 0 0 0 0 0 1 0 0 0 0 0 1 0 0 0 0 0 0 0 0 0 0 0 0 0 1
  1 0 0 0 1 1 1 0 0 0 1 0 0 0 0 0 0 0 0 0 0 0 0 0 1 0 0 0 0 1 0 0 0 0 0 0
  1 1 0 0 0 0 0 1 0 0 0 0 0 0 0 0 1 0 0 0 0 0 0 0 0 0 0 0 0]
 [0 0 0 0 0 0 0 1 0 1 1 0 0 0 0 0 0 0 0 0 1 0 0 0 0 1 1 0 0 0 0 0 0 0 0 0
  0 0 0 0 0 0 0 1 0 0 0 0 0 1 0 0 0 0 0 0 0 0 0 0 0 0 0 0 0 0 1 0 0 0 0 0
  0 0 1 0 0 0 1 0 0 0 0 0 0 0 1 0 0 0 0 0 0 0 1 1 0 1 1 1 0]
 [0 0 0 1 0 0 0 0 0 0 0 0 0 0 1 0 0 0 1 0 0 0 0 0 0 0 0 1 0 0 0 0 0 0 1 0
  0 0 0 1 0 0 0 0 0 0 0 1 1 0 1 0 0 0 0 0 0 0 0 1 0 0 0 0 0 0 0 0 0 1 0 1
  0 0 0 1 0 1 0 0 0 0 1 1 1 1 0 0 0 1 1 0 0 0 0 0 0 0 0 0 0]
 [0 0 1 0 0 0 0 0 0 0 0 1 1 1 0 0 0 0 0 1 0 0 1 1 1 0 0 0 1 1 0 1 1 0 0 0
  0 1 0 0 0 0 0 0 1 1 0 0 0 0 0 1 0 0 1 0 0 1 1 0 0 1 0 0 0 0 0 0 1 0 0 0
  0 0 0 0 0 0 0 0 0 1 0 0 0 0 0 0 0 0 0 1 1 1 0 0 0 0 0 0 1]]
unit_cost
[25 19 22 23 21 26 27 22 22 19]
pre_factor
1.0
