param: 
proc_time: (1, 100)
setup_rate: 2.0
setup_time: (60, 120)
delivery_time: (170, 200)

mach
10
job_rate
10
fam
5
setup_rate
2.0
proc_time
[[  0  15  16  62  52  13  78  65  63  30  80  98  25  32   8  28  46  74
   37  81  64  21  96   3  38  50  34  22  68  93  61  44  77  34  82  16
   82  47  49  78  81  13  11  46  18  50  88  17  37  28   3  34   7  60
   37  14  87  49  36  43   8  62  62  75   6  31  77  47  49  27  93  64
   25  26   6  76  78   4  77  89  86  52  94  27  32  35  37  75   4  93
    8  55  40  84  16  84  84  28  60  52  76]
 [  0  78  38  10  20  24  92  24   5  17  16  91  10  32  48  59  62   9
   88  33  97  71  61   9  45  72  14  71  12   6  88  92  33  21  49   2
   11  86  95  55  85  76  90  22  84  23  55  47  72  69  23  41  86  91
   88  78  76  75  56  18  63  51  94   9  33  17  44  11  59  94  48  94
   72  95  17  74  48  66  49  97  43   9   7  82  74  31   1  79  84  20
   12  37  60  29  29  13  32  74   2  78  98]
 [  0  44 100  82  77  10  30  64  21  73  64  30   4  99  45  27  41  40
    6  89  35  60  18  34  29  94  25   5  58  20  98  51  30  13  96  77
   54  24  46  41  89  45  60   7   9  51  49  83  35 100  21  65  15  19
   20  26  77  28  71  87  91  56  44  11   1  89  63  57  43  92  21  92
   49  83  37  72  24  36  62  54  21  17  41   7  41  71  22   7  36  78
   69  62  23  66  66   9  78  75  42  25  81]
 [  0  48  68  94  57  78  23  77  93  18  37  70   8  84   6  17  23  41
   10  10  95  76  57  33  25  64   8  31  55  54  25  44  82  34  12  38
   34  85  23  79  17  69  72  70  90  31  37  62  44  84  28  12  89  75
   33  16  63  62  88  73  21  40  31  16   8  68  59  85  38  79  33  12
   44  61  61  15  34  67   3  13  50  82  66  45  34  45  67  51  76  36
   91  29  16  51  60  81  80  22   6  86  42]
 [  0  83   3  51  70  87  19  54  19  46  58  72  44  66  52  32  98  20
    5  82  48  60  94  32  79  93  39  39  57  29  15  60  11  61  34  12
   38  56  73  77  74  42  42  87  56  98  80  30   4  51  68  79  79  55
    1  21   6  48   9  25  98  15  61  84  94  84  19  95  32  93   8   4
    2  32  17  74  77  91  23  62  16  37  96  44  65   4  18  15  57  79
   30  68  19  93  47   8  25  44  73  57  89]
 [  0  42  10  31  82  38  23  98  93  91  65  13  24   5  28 100   7  88
   30  89   7  21  66  65  87  82  95  24  21  61  21  45   4  92  69  33
   33  50   6  21  90  44  55  51  38  35  79  72  74  81  89  17  69  31
   41  37  74  27  60  46  76  87  50  42  59  22  28  63  39  83  46  86
   78  21 100  65   1  78   8  57  36  88  31  39  21  77  84  27  81  69
   90  30  47  54  81  24  40  36  71  55  17]
 [  0  64  25  97  60  95  13  35  42  39  81  89  57  76  70  66   9  92
   37  89  61  44   1  91  19  31  58  41  70  44  44  41  15   3  92  22
   65  55  24  58  68   9  47  34  29  52   4  92   5  18  58  37  41  67
   60  38  42  24  98  90  93  95  64  74  81   1  36  64  32  51  36  95
   46  63  28  59  98  24  39  84  29   1  43  57  89   4  95  97  30  33
   15  11  30  10  40  89  77  93  75  81  21]
 [  0  10   5  70  32  13  94  49  41  85  69  37  62  77   5  91  26  75
   26  44  14  20  72  17  42  70  78  54  81  29  81  54  40   6  16  55
   15  56  89  93  79  80   2  67  14  95   9  19  11  12  40  90  71  92
   87  25  26  39  25  49  97  36  94  75  61  90  76  57   5  69  58  26
   72  74  46  55  52  85  21  56  18  71  50  93  76  25  61   7   1  28
   39  52  13  23  97  83  29  64   4  36  59]
 [  0  45  81  51  75  21  72  72  48  38  63  89  31  10  32  53  93  78
   96  39   6  60  74  53  73  22  48   1  73  78   2  92  96  79  99  85
   95  93  90  68  80 100  86   1  25   1  47   4  41  77  93  80   4  22
   13  80  98  59  30   2   1  99  72  86  56  56   8  55  22  15  40  66
    9  65  30  20  89  90  34  38  49  93  22  41  22  95  72  52  31  97
    6  71  17  44  58  18  19  90   9  40  49]
 [  0  47  38  64  79  73  52  45  56  88  38  89  20  19  85  68  29  58
   72  80  80  19  34  25  73  41  59  70  14  16  66  28  91  36  37  17
   27   3  86  86   7   5  38  25  60  19   3  84  72  65  94  37  92  93
   15  34  96   8  91  93  69  26   2  37  22  63  10  26  58  83  75  36
   15  30  10  49  60  78   2  52  50  50  53  64   5   6  73  15  18  64
   52  53  55  35   9  40  96   9   1   2  58]]
setup_time
[[[  0  75  71 100  68 105]
  [  0   0 107  71  86  80]
  [  0 108   0  67 112 113]
  [  0  85  90   0 116  74]
  [  0  71  80  91   0 101]
  [  0 102  81  96 105   0]]

 [[  0  73  92  66  67  91]
  [  0   0  80 104  64  65]
  [  0 107   0 113 110  63]
  [  0  94  96   0 111 105]
  [  0 112 104  97   0 109]
  [  0  70 106  94  90   0]]

 [[  0  84 117  69 120  81]
  [  0   0  76  98  98  75]
  [  0  82   0  91 118  62]
  [  0  99  64   0  85 104]
  [  0  67  82 101   0  97]
  [  0  90  72  83 103   0]]

 [[  0  77 120 104 115  61]
  [  0   0  61  66  61  63]
  [  0  79   0  83  99 115]
  [  0  82 112   0  91  63]
  [  0  87 106 112   0  80]
  [  0 120  79 106  77   0]]

 [[  0  83  64 120  95  90]
  [  0   0 106  65  92  64]
  [  0  96   0  80  70  63]
  [  0 114 109   0 103  79]
  [  0 112  83 101   0  96]
  [  0  81 119 106 100   0]]

 [[  0  60  85  81  73 120]
  [  0   0  81 120  91 113]
  [  0 110   0  89  99  67]
  [  0 120  81   0  96  68]
  [  0  86 117 109   0  78]
  [  0 109 119 102  86   0]]

 [[  0  79  72  88  81  67]
  [  0   0 108 103  61  99]
  [  0 114   0 102  97  71]
  [  0  68  66   0  70  96]
  [  0  60  95 104   0  67]
  [  0 118 106 118  73   0]]

 [[  0 103  83  68 114  83]
  [  0   0 117  72 115  88]
  [  0 116   0  72  93 105]
  [  0 106  70   0  81  86]
  [  0  99 101 105   0  72]
  [  0 107 111  68  99   0]]

 [[  0 112  73  98  80 111]
  [  0   0 118  75  92  78]
  [  0  88   0  94  74 115]
  [  0  84  64   0 101  69]
  [  0  81  72  91   0  74]
  [  0 116  70  93 110   0]]

 [[  0  75  85  83  61  75]
  [  0   0  97  71 105  89]
  [  0 117   0  91  82 113]
  [  0  83 102   0  86 116]
  [  0  66 119 120   0  62]
  [  0  92  62 115  93   0]]]
delivery_time
[[  0 186 193 185 193 175 181 191 171 187 185 194 184 173 177 196 184 177
  188 200 184 189 190 178 190 197 170 188 195 184 175 172 171 180 192 184
  177 182 185 182 185 189 176 191 194 183 177 176 186 198 173 185 191 176
  185 198 195 195 172 192 181 192 181 176 194 173 174 179 172 194 171 199
  171 199 170 187 185 190 198 172 172 174 174 194 181 179 174 180 185 182
  199 187 184 198 182 191 187 175 170 189 177]
 [  0 179 196 184 170 196 186 179 196 172 184 175 198 191 200 178 197 185
  196 191 177 175 196 171 195 172 182 179 181 190 189 178 172 197 187 178
  174 192 178 195 180 188 175 176 173 190 193 195 178 174 189 196 193 180
  190 196 190 184 188 178 190 199 181 174 178 170 195 195 180 189 179 192
  188 190 200 170 195 185 171 174 190 184 190 193 182 177 190 177 197 198
  178 170 188 188 181 170 179 196 198 183 194]
 [  0 194 182 174 174 173 174 171 181 182 181 175 198 197 195 172 178 181
  171 186 200 176 198 177 174 184 173 200 186 185 188 194 170 195 181 172
  178 174 175 186 185 176 175 174 190 186 183 198 198 177 186 192 184 178
  190 181 194 198 179 172 187 178 171 197 177 178 186 177 183 191 184 199
  197 182 193 193 183 174 194 184 182 185 172 187 197 179 181 171 171 193
  186 183 178 173 176 182 192 198 185 195 171]
 [  0 171 199 173 181 181 181 176 171 194 177 197 179 175 183 174 197 199
  189 199 194 187 200 172 188 187 176 200 171 189 196 192 172 196 197 188
  174 198 190 171 198 180 195 179 183 179 200 193 183 200 173 194 177 193
  199 190 189 180 198 177 187 192 188 178 191 181 176 186 195 176 170 191
  177 188 178 185 170 197 187 178 178 177 198 190 170 180 188 198 186 190
  170 197 196 182 187 194 187 194 192 173 188]
 [  0 182 192 183 175 173 186 176 173 185 181 177 189 189 196 186 180 197
  187 179 190 195 177 199 184 178 184 178 171 195 176 182 170 174 175 176
  187 179 191 195 180 176 170 196 191 194 200 185 191 171 172 170 200 196
  200 190 197 179 182 179 179 184 178 188 178 193 196 176 198 197 171 178
  196 170 185 171 181 173 178 171 198 200 191 172 185 195 179 195 170 194
  189 193 188 190 192 174 186 189 190 181 173]
 [  0 190 176 190 197 188 200 172 194 173 186 189 171 182 194 180 188 170
  179 200 185 191 170 177 187 175 186 192 199 182 191 191 178 181 183 196
  177 189 172 178 198 198 180 176 177 197 196 189 185 171 200 179 194 193
  181 183 185 189 177 189 182 190 191 184 200 174 182 178 174 174 173 190
  179 184 171 189 194 180 170 196 196 182 180 171 188 181 172 171 188 198
  177 172 188 200 179 183 175 187 189 178 187]
 [  0 172 188 200 186 191 172 181 181 195 185 176 194 200 178 193 171 196
  181 186 191 181 195 182 177 190 195 199 196 194 172 175 186 195 174 192
  175 199 181 191 192 171 173 189 172 186 176 199 176 185 200 171 199 178
  196 185 200 182 194 188 197 187 191 171 182 185 194 188 190 170 185 172
  193 179 182 172 199 181 186 199 192 178 170 193 173 176 185 185 191 191
  183 177 191 187 191 182 177 175 189 189 174]
 [  0 189 193 194 199 183 184 187 199 172 188 181 188 190 174 190 175 184
  177 173 200 174 177 198 174 184 171 191 171 179 191 196 182 179 193 171
  200 192 180 197 199 193 197 198 170 187 198 188 194 189 171 191 185 183
  176 178 184 179 196 192 191 178 171 190 175 172 190 193 186 197 184 174
  197 177 177 199 195 196 182 178 197 173 187 196 194 198 194 176 170 189
  184 179 195 199 189 174 187 185 177 189 187]
 [  0 189 171 183 173 171 175 194 189 195 174 197 197 193 182 186 171 174
  179 183 179 184 188 196 199 194 196 178 176 172 188 176 190 200 189 192
  179 195 189 172 172 182 194 182 193 194 173 175 191 172 185 187 191 192
  195 172 177 178 199 183 199 200 182 175 170 175 194 192 185 196 175 193
  199 193 194 188 194 188 193 178 195 200 178 183 186 189 186 198 193 174
  181 178 195 185 199 192 194 199 177 194 177]
 [  0 195 171 181 188 180 175 194 198 184 179 178 195 174 198 182 195 189
  171 199 172 177 177 195 198 196 172 187 171 181 173 183 190 185 187 178
  197 177 194 180 178 186 199 173 178 177 183 192 170 181 200 172 188 193
  194 192 192 199 189 173 183 174 184 174 188 178 174 192 181 190 191 183
  178 171 198 193 188 178 175 196 185 192 198 182 179 179 198 200 183 192
  180 196 192 196 189 185 192 173 177 190 181]]
job2fam
[[1 0 0 0 0 0 0 0 0 0 0 0 0 0 0 0 0 0 0 0 0 0 0 0 0 0 0 0 0 0 0 0 0 0 0 0
  0 0 0 0 0 0 0 0 0 0 0 0 0 0 0 0 0 0 0 0 0 0 0 0 0 0 0 0 0 0 0 0 0 0 0 0
  0 0 0 0 0 0 0 0 0 0 0 0 0 0 0 0 0 0 0 0 0 0 0 0 0 0 0 0 0]
 [0 0 1 0 0 0 0 0 1 0 1 0 0 0 1 1 0 0 0 0 0 0 1 1 0 0 0 0 0 0 0 0 0 0 1 0
  0 1 0 0 0 0 1 1 0 0 0 0 0 1 0 0 0 0 0 0 0 0 1 0 0 0 0 0 1 0 0 0 0 0 1 0
  0 0 0 0 0 0 0 0 1 0 0 0 0 0 0 0 1 1 0 1 0 0 0 0 0 0 0 0 0]
 [0 0 0 0 0 0 0 0 0 0 0 0 0 0 0 0 1 1 0 1 0 0 0 0 0 1 0 0 0 1 0 1 1 0 0 1
  0 0 1 0 1 1 0 0 0 0 0 0 0 0 0 0 0 0 0 0 0 1 0 0 0 0 0 0 0 0 1 0 1 0 0 0
  0 0 0 0 1 0 0 0 0 1 1 1 0 0 0 0 0 0 0 0 0 1 0 0 0 0 1 0 0]
 [0 1 0 0 1 0 0 0 0 0 0 0 1 1 0 0 0 0 0 0 0 0 0 0 0 0 0 0 1 0 0 0 0 0 0 0
  1 0 0 0 0 0 0 0 1 0 0 0 0 0 1 1 0 0 0 0 1 0 0 0 1 1 1 0 0 1 0 1 0 0 0 0
  0 0 0 0 0 1 0 0 0 0 0 0 0 0 0 0 0 0 0 0 0 0 1 0 0 0 0 0 0]
 [0 0 0 1 0 1 1 0 0 0 0 0 0 0 0 0 0 0 0 0 0 0 0 0 0 0 0 1 0 0 0 0 0 0 0 0
  0 0 0 0 0 0 0 0 0 0 1 1 1 0 0 0 0 1 1 0 0 0 0 0 0 0 0 0 0 0 0 0 0 0 0 0
  0 1 0 1 0 0 1 0 0 0 0 0 1 0 1 0 0 0 0 0 1 0 0 0 1 0 0 0 1]
 [0 0 0 0 0 0 0 1 0 1 0 1 0 0 0 0 0 0 1 0 1 1 0 0 1 0 1 0 0 0 1 0 0 1 0 0
  0 0 0 1 0 0 0 0 0 1 0 0 0 0 0 0 1 0 0 1 0 0 0 1 0 0 0 1 0 0 0 0 0 1 0 1
  1 0 1 0 0 0 0 1 0 0 0 0 0 1 0 1 0 0 1 0 0 0 0 1 0 1 0 1 0]]
unit_cost
[25 34 29 26 23 32 27 30 30 29]
pre_factor
1.0
