param: 
proc_time: (1, 100)
setup_rate: 2.0
setup_time: (60, 120)
delivery_time: (1, 30)

mach
10
job_rate
10
fam
8
setup_rate
2.0
proc_time
[[  0  32  74  46  53  27  19  33  43  22  44  41   2  90  15  64  76  17
   87   5  75  50 100  46  63  19  48  45  24  73  67  55  79   6  86  51
   61  99   6  40  39  77   3  59  86  87  86  21  52  88  53  24  42  60
   51  77  84  37  34  33  80  22  42  20  39  11  61  26  99  91  86  49
   45  31  39  86  16   9  59  77  28  37  89  95  84  47  58  77  42 100
   16  99  68   1  74  38  10  43  68  68  98]
 [  0  68  71  98  61  77  68  42  83  75  43  99  80   2  89  12  34  16
   31  80  79  94  38  84  80  53  61  37  73  57  89  61  74   4  70  88
   28  91  41  28  57  44  73  51  67  48  23  48  86  29  69  83  33  36
   21  57  37  40  85   8  84  76  54  96  64  20  93  13  38  82  83  42
   22   8   8  63  96   3  29  90   3  54  68  17   2  31  25  12  53  94
   83  31  24  77  73  55  62  19  37   7  51]
 [  0  47  67  67  42  92  11  63  53 100  56  19  96  35  71  69  18  70
    7  54  51  77   4   8  36  57   3  19  14  71  67  41  61  52  39  13
   21  66  13  30  64  55   3  39  21  88  16  38  26  16   4  18  16  13
   57  34  51  50  24  15  61  41  36  94  82  29  22  59  28  73  69  25
   83  16  71  77  15  71  51  22  19  66  38  39  62  99   4  59  35   4
   14  17   1  74  34  90  21  48  15   6   7]
 [  0  59  13  90  22  83  77  86  18   7  62  47  94  73  66  77  39  45
   23  55  25  89   4  73  21  21   1   9   9  88   3  27  13  65  21  61
   41  94  85  26  66  56  45  19  17  32  84  49   8   3  29   7  51  99
   82  52  67  82  42  71  76  74  44  60  27  35  31  83  92  95  15   5
   59  32  67  87  64  18  52  27  87  97   1  16  47  95  72  12  34  88
   77  50  35  66  13  21  90  15  18  27  18]
 [  0  16  72  90  63  65  87  93  17   1  40  76  18   9  54  23  98  71
   60  78  37 100   2  64  38   1  68  60  18  16  30  86  80  69  92  62
   95  48  69  70  44  85  64  11  81  89   6  87  60  40  77  76  41  72
   89  57  77  70  83  76   2  96  36  15  45  87  93  62  80  88  13   5
   14  89  11  51  97  11  53  24  45  59  60  74  41  14  12   1  41 100
   86  61  28  83  28  72  43  74   9  11  56]
 [  0  49  70  81  71  16   4  44  12  32  84  93   1  61  12  73   2   3
   48  89  77  65  60   9  61  31  75   4  72  42  36  73  97  10  19  34
   50  22  81  29  55  49  85  87  73  96   3  24  96  44  26  68  51  94
   41  57  73  20  38  26  95  86  69  66  59  59  45  47  33  99 100  58
   12  97  83  39  15  25  42  98   5  35  97  94  15  91  77  85  30  58
   60  40  16  66  69  58  85  13 100  55  44]
 [  0  31  15  21  50   7  55  25  59  61  86  67  34  65  15  51  62 100
   66  16  17  24  81  18  34  59  42  89  48  62  38   5  21  88  84  82
   58  82  86  51  63   9  91  48   8  29  51  98  12  14  76  96  88   7
   62  17  77  61  85  92  14  83  32   7  54  12  43  88  43  87  77   5
   58  20  68  78  38   3  49  48  16  83  32  75  34   9  63   1  44  50
   44  68   5  70  10  71  84  71   9  80  12]
 [  0  81  81  19  75  54  15   7  92  86  16  98  67  93  40  76  38  11
    6  82  34  80 100  49  19   1  17  29  82  98  41  74  26   8  83  15
   78  62  97   3  45  91  78  72  24  67  13  70   9  33  92  87 100  17
   27  96  45  41  14  41  65  41  74  50  11   8  30  67  25  24   8  60
   11  23  57  15  28  40  19  39   8  20  77  67  16  24  17  81  54  67
   41  29  87  66   7  43  97  46  80  97  79]
 [  0  75  42  28  62  33  95  33  86  88   8  98  79  13  15  62  13  24
   65  97  30  85  51   7  58  79  53  68  32  26  22  94  46  59  50  43
    8   2  85  98  89   1  42  64  79  87  90  42  25  12  41  59  44   8
   40  65  46  55  57  57  76  28  93  14  24  26  87  54  87  33  64  99
   65  41  78  62  60  69  87  75  25   5  19  10  34 100  16   5  51  15
   78  74   1  69 100  70  38  44  27   4  88]
 [  0  80  45  95  69  19  94  69  19  44  13  17   7  29  71  77  39  18
   24  23  97  31  96  88 100  91   5   7   1  56  25  44  88  67  43   8
   28  19   9  54  13  19  78  39  54  32   6  45  32  57  52  57  55  99
   48  44   5   8  48  28  46  92  59  16  72  26  65  49  76  68  85  81
    7  41  51  45  54  86  36  14  69  12  19  89  96  57  55  44  86  70
   60  66  37   5  55  92  47  28  23  79  66]]
setup_time
[[[  0 114  99  78  81  75 117  97  96]
  [  0   0  66  84  63  98  85  79 119]
  [  0  85   0  68  66  70 106  85 107]
  [  0  87 107   0  93  90  73 108  94]
  [  0  71 105  90   0  70  82 108  95]
  [  0  76  67 101  97   0 104  97 107]
  [  0  65  86 107 116  91   0  87  75]
  [  0  87  71  72 111  90 114   0  65]
  [  0  94 119 104  80  85  84  94   0]]

 [[  0  63  94  87 102  60  62  67  80]
  [  0   0  64  79  74  62  98  74 101]
  [  0  67   0  80  81  72 105 116  72]
  [  0 106 103   0  69 115  61  79  97]
  [  0 112  80  87   0  91  60  95  97]
  [  0  89  90 103  83   0  71  60  62]
  [  0  63  79  60  64 107   0 107  92]
  [  0  88  69  63  85  62 115   0  78]
  [  0 115 111  83 111  81  60 102   0]]

 [[  0 120  97  99  95  97 114  81  66]
  [  0   0  60  81  74 120  77  99 102]
  [  0  97   0 105  61  68  96 117  78]
  [  0  76  94   0  85 105 117  95  73]
  [  0  73 108 106   0  84  97 117 101]
  [  0  74  79 102 116   0  63  76  97]
  [  0  91  73 110  61 102   0 118  90]
  [  0  63  79  73 106  99  79   0  97]
  [  0  90 118 101  66 104  79  69   0]]

 [[  0  96  95  99  81 110 108 120 103]
  [  0   0  65 104  80 106 100  75  82]
  [  0  93   0 114  60  78  84  61 117]
  [  0 115 116   0 113  66  85 110  79]
  [  0  89 102  74   0  69  99  60  94]
  [  0  96  75  92  68   0 116 104  95]
  [  0  94  75 108  93  79   0  99 105]
  [  0  76  64  69  72  66 112   0  94]
  [  0 118 111  60  70 119  71  63   0]]

 [[  0  75  87 112  90  75 117  85 103]
  [  0   0  94  71  92  95  60 102 112]
  [  0  68   0  97  61  99  88  73 100]
  [  0 117 100   0  79  61  75  89 120]
  [  0 101  84 104   0 112  68  84  70]
  [  0 102  68  70  86   0 120  82  76]
  [  0  64 101 107  88  94   0  71  80]
  [  0  93 101  90  62 106 114   0 113]
  [  0 117 117  87  66  89  73  75   0]]

 [[  0  61 108  78  64 101  62 115  90]
  [  0   0  74  78 101  93 113 115  68]
  [  0  77   0  73  74 109 100 113  74]
  [  0 113 104   0  61  89  95  85  64]
  [  0  61 114  92   0 110  77 113 103]
  [  0  62 104  83  73   0  68  67  60]
  [  0  93  94  73 107  62   0  82  66]
  [  0  86  90  85  67  82  91   0  74]
  [  0 117  82  70  77 105 118  82   0]]

 [[  0  71  93  76 117 104 113  62 117]
  [  0   0  63  63  88  98 112  69  87]
  [  0 101   0  94 106  81 108  63 114]
  [  0  73  68   0  88  87  75  81  70]
  [  0  64 109  99   0  74  95  97  95]
  [  0  62  83  70 105   0 101  90  73]
  [  0 108  86  73 112  64   0  74 108]
  [  0 108  74  83  90 120  76   0  76]
  [  0  84  91 119 102  98  61  78   0]]

 [[  0  69  87 111  89  71 115 102 106]
  [  0   0  79  80  68 115 100 113  77]
  [  0  99   0  64  88  83 117  96  82]
  [  0  88  60   0  60  70  66  61  60]
  [  0  95  80 111   0  91  97 113  98]
  [  0  82  61 100 100   0  86 100 115]
  [  0  93  72  96  61  66   0  83  89]
  [  0 114  73  69  94  68 105   0  87]
  [  0  77  87  89  77  78  87  64   0]]

 [[  0  72 102 118  84 114  63 118  93]
  [  0   0 103  67 103  76  94  89 102]
  [  0  89   0  94 112  75  62 108 100]
  [  0 101  96   0  84  73 106  99 111]
  [  0 102 102 105   0 100  69  79 109]
  [  0  79 105 107  82   0  89 100 119]
  [  0  89 113  73  69  88   0 104  94]
  [  0 106  87 112  96  76  91   0  78]
  [  0  61 102  69  63  72 115  77   0]]

 [[  0 111  73  89  70 119  62 114 110]
  [  0   0  67  78  68 117  74  86 106]
  [  0  84   0  72  89 116  99  92 113]
  [  0 112  94   0 101 109  86  70 112]
  [  0  66  89  92   0  76  82  96 103]
  [  0 113  80  71 118   0  88  90  89]
  [  0  68  62  90 104 119   0  71  89]
  [  0  90 116  93  87 100 116   0  78]
  [  0 105  94 110 118  77  75  96   0]]]
delivery_time
[[ 0 20 19 26 22  6  3 28  9 14  9 17 21 26 11  3 14  9  1  2 20 30  9 30
   3  9 26 12  2 12 14 15  8  7 25  4 26 11 26 22  1  9  6 24 20 24  4 24
  21 24 20 26 18 17 13  4  1 28  9 17  2 14 22 17 30  5 12 30  5 23  9 30
  25 30  1  8 26 29  5 26 24  5 23 14  5 24  8 20  4 25 25 10 22 26  5 13
   4 22  6 11 13]
 [ 0 12 15 27 27  9 24 27  9 29 23 17  5  6 20 26 29 13  1 18 12  4 29 25
  17  9 14 13 24 23 13  8  6 14 24  2  7  5 15 15 22 14 11 25 23 30  7  6
   5 27 22 12 29 16 12  9 19 17  9 20 29  3 23 23 13 30 19 11 17 13 25 10
  11  5  7 18 29 26 24 30 18 12  8 26 22 29 26 29 30 28 26 13 12  6 19  5
   3  1 22 10  2]
 [ 0 23 20  3  7 18 21 16  1  9  5 30 30 16  8 23 13 18 14  3 11 12 15 24
  27 19  4 12 23 15 27  4  4 20 29 28  9 11 20 19 20  6 19 29 13 30 20  7
   5 21 13 10 25 23 26 21 14 20 18 21 30  4  7  9 19  2 18 18 14  6  4  8
   7 18 11  1 11 10 14 29  1 16 18 25  2 12 16 10  7 30 25  3 28 19 29 16
  14 17 12 23 20]
 [ 0 29 16 28 25  9 27 15 27 28 30 13 13  7 17 18 16 23 11 16 16  9 24 26
  26 30 16  9 25  2 27 18  9  6 12 18 22 23 15 19  6 27 19 29 14 24 23 24
  18  4 11 19  9  6 22 13 18 20  9 18 29 25 24 10 16 29 23 12 21 16 22 19
   3 18 27  3 22 29  6 20 28 18  2 19 27 25 19 25 26  2 13 11 16 23 11  4
  26 26 20  4 27]
 [ 0  4 20  7 10 12  7 10 26 28 30 20 28 16 11 22 28 22 13 13 17 13 15  6
   1 18 24 10  7 18  1 12 10 13 21 14  4 10  3 22  7 10 13 14 13  3 14  2
  14 11  5  2 10 28 22 26  7  6 26 23 10 15 20  2 10 20 15 21 22 28  8  3
  20 12 15 29 25 10 18  3 26 26 26 18 26  9 12  8  4 27 17 16  6 19 28  4
  28 28 29 27 24]
 [ 0  5 18 23  9 13  9 15  9 13  9 11 14 22  1 25 10 13 28 22 25 16 28 29
   1  4  4 20  8 21 26 30 11 28 23 11 14 25  8 12 28  6  9 27  7 30 20 27
  18  8 21 27 21 24  3 23 16  7 27 16  9 16 24  3 22  3 23 28 28 14 20 21
  30 16 13 27 25 26 21  9 27  8  4 21 19 14 22 27 25  5  5 18 20 22 11  7
  21 23 10 23 28]
 [ 0  1 17 10  4  6 21 28 12 26 27 22  7 10 25 29 30 22 16 13 29 22  3  5
  23  7 14  3  1 26  8 12 18 30 11  4 30  1 23 30 30 23 22  9  7 15  1 14
  27  4 29 21 24  1 16  4 20 11 23  1  1 12 15 28 21 20  5  6 22 19 30 22
  16 19 10 13  9  8 17  4 17  7 12 25  9 15  4 26 16  1 11  5 15  8  1 14
  17 28  1 20 15]
 [ 0 10 16 20  3 14 24 18  7 11 28 28 13  7 13 28  2 10 23 28  3 22  1 23
  26 14 25 14 21 12 14  9  7  9 17 19  9 29 21  6  9 27 22 14  4 16 20 20
  14 29 29 18 16 17 17 16  7 19 22  6 28  3 27 15 28 21  2 27 27 21  3 21
  20 18 16 30  3 29 27  2  4  5 19 18 20 14  3  5  1 20 25  9 30  2 23 15
  23 12  7  1 27]
 [ 0  5 20 11 25  5  4 14 19 15  6 11 20 27  3 29 27 14 27 20 17 19 14 10
  13 25 28  5  7 28 23  7  5  4 18 11 28  7 30 17 16 28 21  6 20 30  8 23
  28 26 20 24 22  9 26 18  8 28  3 26 10 28 26 21 11 23 28 13  6 20 21 22
  23 22 14  3 27  9 26 24 27  1  4  6 23 21 28 22 11  1 28 26 10 16 22 28
   4 19 11  1 17]
 [ 0  9 22  9  4 12 10 21 20 17 24 13 17 21  9 19 27  3  9 30 26  4  2 23
  20  5 13  3  7 30  7 23 11 30  6 18  5  5 12 11 13 15 21 19 22 10  1 15
   9  8 18 16 13 14  9 15  8  9  5 16 14 17  3  3 22 26 23 18 13 30 19  8
  29  9 18  9 21  4 10 16 23 26 24  4 15 12 30  8 10 23 30 23 28  8  9  5
  21 20  6 25  3]]
job2fam
[[1 0 0 0 0 0 0 0 0 0 0 0 0 0 0 0 0 0 0 0 0 0 0 0 0 0 0 0 0 0 0 0 0 0 0 0
  0 0 0 0 0 0 0 0 0 0 0 0 0 0 0 0 0 0 0 0 0 0 0 0 0 0 0 0 0 0 0 0 0 0 0 0
  0 0 0 0 0 0 0 0 0 0 0 0 0 0 0 0 0 0 0 0 0 0 0 0 0 0 0 0 0]
 [0 0 0 0 0 0 0 1 0 0 0 0 0 0 0 0 0 0 0 0 0 0 0 0 0 0 0 0 0 0 0 0 0 0 0 0
  0 0 0 0 0 0 0 0 0 0 0 0 0 1 0 0 0 0 0 0 0 0 0 0 0 0 0 0 0 0 0 0 0 1 0 0
  0 0 0 1 0 1 0 0 0 0 0 0 0 0 0 0 0 0 0 0 0 0 0 1 0 0 0 0 0]
 [0 0 0 0 0 0 0 0 0 1 0 0 0 0 0 0 0 0 0 0 0 0 0 0 1 0 0 1 0 1 0 1 0 0 0 0
  0 0 0 0 1 0 0 0 0 0 0 0 0 0 1 1 0 0 1 1 0 1 0 0 0 0 0 0 0 0 0 1 0 0 0 0
  0 0 0 0 0 0 0 0 0 0 1 0 0 0 0 0 0 1 0 0 0 0 0 0 0 0 0 0 0]
 [0 0 0 0 1 1 0 0 0 0 0 0 0 0 0 0 0 0 0 0 1 0 0 0 0 0 0 0 1 0 0 0 0 1 0 0
  1 0 0 0 0 0 0 0 0 0 1 0 1 0 0 0 0 1 0 0 0 0 0 0 0 1 0 1 0 1 0 0 0 0 0 0
  0 1 0 0 0 0 0 0 0 0 0 0 1 0 1 0 0 0 1 0 0 0 0 0 0 0 1 0 0]
 [0 0 0 0 0 0 0 0 0 0 1 1 1 0 0 0 0 1 1 1 0 1 0 1 0 0 0 0 0 0 1 0 0 0 0 0
  0 0 0 1 0 0 0 0 0 1 0 0 0 0 0 0 1 0 0 0 0 0 0 1 0 0 1 0 0 0 0 0 0 0 0 0
  0 0 0 0 0 0 0 0 1 1 0 1 0 0 0 0 0 0 0 0 0 0 0 0 0 1 0 0 0]
 [0 0 0 1 0 0 0 0 0 0 0 0 0 1 1 0 1 0 0 0 0 0 1 0 0 0 0 0 0 0 0 0 1 0 0 0
  0 0 0 0 0 0 0 0 1 0 0 0 0 0 0 0 0 0 0 0 1 0 1 0 0 0 0 0 0 0 0 0 1 0 1 0
  1 0 0 0 0 0 0 1 0 0 0 0 0 0 0 1 1 0 0 1 0 1 0 0 0 0 0 0 1]
 [0 0 0 0 0 0 0 0 1 0 0 0 0 0 0 0 0 0 0 0 0 0 0 0 0 0 0 0 0 0 0 0 0 0 0 0
  0 0 0 0 0 0 0 0 0 0 0 1 0 0 0 0 0 0 0 0 0 0 0 0 1 0 0 0 0 0 1 0 0 0 0 0
  0 0 0 0 0 0 1 0 0 0 0 0 0 0 0 0 0 0 0 0 1 0 1 0 1 0 0 1 0]
 [0 0 1 0 0 0 0 0 0 0 0 0 0 0 0 0 0 0 0 0 0 0 0 0 0 0 0 0 0 0 0 0 0 0 0 0
  0 1 0 0 0 0 0 1 0 0 0 0 0 0 0 0 0 0 0 0 0 0 0 0 0 0 0 0 1 0 0 0 0 0 0 1
  0 0 0 0 1 0 0 0 0 0 0 0 0 1 0 0 0 0 0 0 0 0 0 0 0 0 0 0 0]
 [0 1 0 0 0 0 1 0 0 0 0 0 0 0 0 1 0 0 0 0 0 0 0 0 0 1 1 0 0 0 0 0 0 0 1 1
  0 0 1 0 0 1 1 0 0 0 0 0 0 0 0 0 0 0 0 0 0 0 0 0 0 0 0 0 0 0 0 0 0 0 0 0
  0 0 1 0 0 0 0 0 0 0 0 0 0 0 0 0 0 0 0 0 0 0 0 0 0 0 0 0 0]]
unit_cost
[ 9 13 13 13  8 14  8  9  9  9]
pre_factor
1.0
