mach
4
job_rate
6
weight
[ 0  7  1  1  5  2 10  7  8  9  4  7  5 10  5  1 10  8  2  2  1  6  3  4
  7]
proc_time
[[  0  90 142 112  52  73  94 143  77  79  53 106 113  61 128 111  80  57
  105  79  72  66 126 115 112]
 [  0 123 149  89  93  60  68 134 107 140 149  96 110 115  60  66  75 113
   74 137  66  63  76 137 145]
 [  0  72  82 121 106  97 147 149 146 149 110  77 103  79 117  93  76  99
   69  53 130 109 140  65  73]
 [  0 150 111  90 127  81  79  75 121  80 138 112  81 129  84 103 124 124
  135  87 139 140  99 101 129]]
setup_time
[[[  0 187 235 317 161 179 139 288  65  81 107  15  37 128 165  58 318
   322 252 335 320 223 175 205  88]
  [  0   0 356 108 225  57  16 291 156 275 236  61  25 259 273 245 248
   406 311  93   5  89 157 397 337]
  [  0 397   0 221 229  94 349 387 191 344 290 204 136  72 148 323  12
   243 309 369  37 353 400 271  53]
  [  0 156 198   0 395  53 361  74  74 361  10  12 224 375  56  89   4
   259 142 166  75 397 379 215 312]
  [  0   3 212 170   0  82  79 173 224 347 326 113 324 308  62  50  49
   149 116  62 112 196 353 320 211]
  [  0  50 238 319  44   0 253   2   9 306  22 161 135 334 319  46 308
   167 143 235 122  49  59 254 114]
  [  0  49 258 114 286 238   0 135  29  34 216 403  64  87 279 187 295
   375 342 105 180 236 325 140 381]
  [  0 320 228 144 395 249  18   0 244 260   8 295  48 267 305 180  88
   324 375  71 164 210 102 158  21]
  [  0 285 170   9 184  72  98 201   0 182 387 364  37 278 222 138 253
    69 358 407 150 147  33 153  70]
  [  0 184 389 389  82 341 157 282 401   0 389  30  53 385 318 222 349
   300 407 150 110  29  12  43 266]
  [  0  70 253  46  69  90 384 359 227 380   0  13  79 360  24  16  23
   368 321 408 287   6 172  57 182]
  [  0  47 131 372 366  13 170 167 290 119  34   0 272 317  15 119 250
   193  13 239 397  88  46 216  53]
  [  0 395 118 206 222 289 130  97   4 246 324 330   0 361 312 180 158
   197 382  48  17 122 306  97 253]
  [  0  33 399 293 215 332 325 227 147  67 407 348  37   0 285 253  64
    50  25 179 185   1 297 241  87]
  [  0  82  16  83 313 296 122 259 394  30  55 247 260   3   0 327 289
   211 379 121 207 109  64 402  11]
  [  0  92 193 140 156  44 103  45 225  61 311  47  96 297 101   0 370
   194  44  37 278 134 295  18 128]
  [  0 301  33 137 291  14 395 186 368 327 322 222 328 260 347 400   0
    96 385 161 330  21 345 311 311]
  [  0  36 140 358 236 256 183 185 372   3   5 281  75 181 395  12 273
     0 315 103 339 142  37 185 383]
  [  0 145  95 106  43 185  75 205 269  57  66 358 168 133 165 304  56
    73   0 184 268   4 154 228 270]
  [  0 138 136 326 339  74 286 252 309 341 328  16  96  41  12 198 104
   368  35   0 335 136 234  42  42]
  [  0 156 403 307  54 208  18 288 256  34 194 225 279  24 385  39 341
   229 216 329   0 144 234 302  67]
  [  0  58 391 256 236 199  70 219 197 249 272 365 211 355 145 380 224
    43 110 181  43   0  55  51  55]
  [  0  13 284 358 269 307 364 375 130 187  33 237 163  49  74 147 233
   398  56 273 144 346   0 146 279]
  [  0 131 189 205 316 125  78 103 388 144 263 139 300 327   4 340 113
    11  68  43 115 233 176   0 104]
  [  0   2  96 101 332 244 377 244 343 319 402 154 310 206 253 241 273
   251 115 312 383 342 325 127   0]]

 [[  0 264 302 396 160 159 249 339 172 256 232  37  62 266 115  92 364
   133   4 308 381 345 224 103 156]
  [  0   0 278 151 220  80 358  62  76 252 206 239 142  99  32 309 179
   141 302  95 316  36 131 352  63]
  [  0  47   0 363 247 113  57 110  47 164 268 294 304   8  62  24   2
   384 204 322 298 305 200 237 318]
  [  0 261  20   0 232 174 163 220 110 252 194   3  89 190 120  83 310
    46 229  26 289 329  88 408 335]
  [  0 297 309 379   0 120  84 205 155 388  77   2  24 334 185 268 160
   363 232 186  36 399 293   8  55]
  [  0 291 338 177 291   0 271 143 163 359 294 263 156 408 360 377 236
   371 333 300 363 270 314 364  47]
  [  0 197 290 291 329 128   0  89 128 281 112 339  12 186 341  66  69
   276 292 268 279 246 252  22 370]
  [  0 304 166 370  12 247 242   0  53 243 210 150 370 243 149 189 286
   269 185 136 216 213  25 361  33]
  [  0 193  84  76  62 293 166  11   0 173  63   6 250 272 266 241 398
   333  52 102 190 214 138 267 208]
  [  0  22 225 150 199 387  12  91 132   0 148 169  94   4 243 320  13
    77 290  33 100 312 338 307 376]
  [  0 379 101  64 367  20 346 383 258 390   0 396 319 273  55 107 308
    33 393 335 149 125 217 100 397]
  [  0 142 110  36 113 162  68 178  89  76 275   0 209  81 199  22 235
   172 388 113 304 378 366 192 226]
  [  0  10 260 181  29 142 206 128 174  79 217 346   0 397 307  83  69
   390 104 167 307 356  13 236 125]
  [  0 316  12 225 181 103 137 268 124 158 184 332 114   0 313 304 279
   387 249 264  93 268 360  17 195]
  [  0  87 337 214  71  18  18  68 189  81 191 202 220 309   0 195 135
    54  94 217 297 207 400 143 199]
  [  0 185  96  62  59 223  40 167 266 198 403 273 156 266 312   0 324
   317 342 173 366  59  44 169 284]
  [  0  63  86 336 183 126 342 172 375 165 222 114 136  94   2 144   0
   314 271  76 395 222 333 197 162]
  [  0  30 111 333 159 177 197 248 290  94 256 246 332 393  68  39 362
     0  57 332 300 339 153 135  22]
  [  0 139  56 232 307 158 235 166 349 154 374 206   0   3 246  76 188
   352   0 279 251  16 146 292 107]
  [  0 181   7 205 280  67 364 134 408  47  68   7 373 264  49 217 240
    53 325   0 338  62 288 263 209]
  [  0 346 394  74 240 378 405 204 319 361 311 249 240 320 164 185 301
   103 389  49   0  11  30  41  20]
  [  0  45 160 273  85 315  27 332 123   8 210 176 102 307 396  63 264
   233 231 112  64   0 102 119 116]
  [  0 207  83  88 283 407  94 298  97 158 211 330 358 120 213 207 361
    66 220 263 249 378   0 233  67]
  [  0 118 272  69 129 109  57 158 136  31 105  26 172 121 265 181 338
   203 354 291  52 392 313   0 125]
  [  0 248  44  84  18  39 320 104  39 121  67 301 360  73 217 231 263
   139 101 255 407 138 308 370   0]]

 [[  0 374 162  73 221 385 322 297 403 406 404  78 379  71 325 183 355
   205 340 363 354 407 190 176 293]
  [  0   0 133 200  31 173 340 176 284 394 117 281 358 213 123 192 368
   263 292 194  53 103 104 388 107]
  [  0 317   0  43 393 116 105 153 307 246  43  26  57 400  99 281 165
   289  59  89 261  37 288 263 289]
  [  0 267  84   0 152 306   2  13  79 282 305 325 222 373 389 172 115
    38 207 290 273 214 184 110 158]
  [  0 178 391 117   0  12 369 294 295 130 195 314  32   5  82  89 266
    22 286 230 267 136 367  69 339]
  [  0  13  86 237 357   0 206 232 161 191  60 292 115 325 306 406 303
   252 191 289 170 237   3 280 404]
  [  0  18 312 133 396 398   0  98 182 107 279  19 111 196 371  50 190
    45 399 181 366 340  46 382  29]
  [  0 122 360 145 282 214 154   0 283 167 269 257 166 110 268 362 198
   343 340 399 224 368 375  46 341]
  [  0 253 116  67 203  55  26  71   0 110  76 281  97 323 191 273 388
   385  75 151 357 193   5 390 144]
  [  0 160 163  65  96  91 257 288 303   0 281  82 347 391 267  21 365
    36 134 144 176 258  23 166 111]
  [  0  58  33 153 130 309 316  71  29 220   0  31 240 400 167 230 256
    79 188 236  98 403 162 284 401]
  [  0 183 225  23 110 269 192 334 262 364 102   0 216  96 156 362 303
   388 294 213  68 309 312 331 237]
  [  0 251 110 221 377 231 332  66 224 230 317 341   0 362 304 307 397
    89 225 309 231 338 157 316 300]
  [  0  33 173  35 200 124   6   5 321 365 206 210 203   0 165  21 258
     8  13 263 404 171 195 365 142]
  [  0  73 215 258  65 122  81 158 315  87 362 393 257 144   0 163 226
   124 199 225 267  82 311   0 364]
  [  0  12 339 299 224   6 275 214  14 359 303 185 400 299  47   0 320
    23 344 183 161 244  47 185 138]
  [  0  16  48 106  84  73  15 141 406 161 224  84  94 134  22 356   0
   352 119  87  74 331 373 245  91]
  [  0 200 210 403 132 226 179 138  45 374 100 280 319 296 274 227  33
     0 152 203 227  70 399   2 347]
  [  0 284  48 101 371  65  31 271 382 401  77 349 241 136 143  95 392
   257   0  36 381  69 142 173 385]
  [  0 265 349 100 399 295 144  80 116  98 258 249 128 178 380 138 149
   160 119   0 333 376  72 334 296]
  [  0 310 111  30 332 257 322 304 199 323 135 185 266 404 249 351 313
   238  27 265   0  82 352 143 189]
  [  0 315  88 367 135 215 264  49 258 311 260  60  36 249 280 332 335
    39 261 112 366   0 233 273 351]
  [  0 272  35 215   0 367 260 124 240  85   3 139 383 367 296  41 385
   121 212  40  15 247   0 337 263]
  [  0 132 156 144 143 400 151 109 403  13 276 160 230  76  52  77 384
    78 148 378 405 113 385   0  22]
  [  0 345   4 214 230 196 402 288 177 360 302 219 132 135   1  36 318
   379  97 296  56  98  23 388   0]]

 [[  0  16 325 208  48 159 216 258 221 151 255  56 254 353 108 345 364
   193 236 385 372  92  21 386 244]
  [  0   0 175 169  16 212  88 343  58  70 378 198 371 331 401 168 113
   408 130 279 405 164  15 200 297]
  [  0 375   0  98   6 200 367 283 381 381   7 160 142 162 288 389 282
    87 232 100 246 169  71 319  33]
  [  0 354  85   0  90 159 127  81 232  60 164 405 201  52 237 121 297
    62 173 374 139  92 101 207 116]
  [  0 276 110 263   0 406  89 256   5 390 208 281 395  72 349 178 227
   179  23 405 231 277 374 334 327]
  [  0 386  55 348 338   0 233 203  72 169  58 323 310 331 216 198 393
   324 204 360 147 270  16 245 215]
  [  0 397 261 326 196 392   0 270 127 373 321 137 195 121   1 157 180
   178 214 116 155 292 103 282  61]
  [  0 261  38 278  39 131 253   0 399 334 217  83 325 301 282 147 267
   208 340 113 145 385 163  79  76]
  [  0 284 116 205 323 380 272 260   0 337 235 126  21 100 196 369 337
   245 366 127 355 202  61  90 104]
  [  0 249 340 100   8 111 262 390 196   0 286  78 322  34  62  88 389
   288 147 130 177 406 355  72 377]
  [  0 284 390 188 135  84 396 140 333 329   0 242 321 169  13  23 190
   299 383 367  60 206 168 401  95]
  [  0 130 388 293 207 376 387  71 183 184 226   0 368 229 390 101 294
    21  54 285 125 280 149 126 165]
  [  0 278 305 372 234 382 156  78 219 166  50 378   0 159 126 313 217
    82 184 346 261  69 322 356 107]
  [  0 311 302  86  16 123 270 387 365 101 355 313 324   0 126  19 202
   376 153 302 324 241  87  51 212]
  [  0 154 134  40 196 395 295 326 176 175 261 272 336  14   0  70 166
    76  93 200  96 245 145  72  71]
  [  0 383 174 292 133 324  59 332 308  25  28 140 274 321 305   0 361
   351 122 348   2 374 254 358  85]
  [  0 132 168 183 405 396 240  92 151 311 271 189 207  23 286 201   0
   113 243  27 328  75 117 100 407]
  [  0  57 298  45 248 394 161 179 250  36  18 387  21  56  77  53 345
     0 138 392  88  58  68 354 272]
  [  0  44   5 283 359 358 124 262 285 332 205 192 290  22 215 404 203
     1   0 328  52  80   7  48 123]
  [  0 232 283  19  40  26  51  37   5  66 220 225 232 341 239  65 247
   285  16   0 120 260 314 347   7]
  [  0 181  51  55 329   1  36 275  15 283 253 226 190 117  90 289  23
     4 233 366   0 172 104 381  81]
  [  0 314 385 339 223 132  24 135 115 304 156 248 344 378 242 317 393
   378 110 323 156   0  51 319 357]
  [  0 331  40 402 187 120 212 338 216  42  39 368 287 339 388  66 406
    34 368 269 107 308   0  99  48]
  [  0 367 183 265 101 117  98  90 209 376 307  53 396 334 134  25 210
   408 168  87   0  31 200   0  11]
  [  0 230  11  34 102 245 382 171  26 120  28 105 188 138 216 300 378
   280 321 175 250  76 218 385   0]]]
release_time
[  0 267 629 707 230 333  37 402 173 375 403 458 225  55 279 179 808 677
 199 399 420 116 428 656   8]
due_date
[  0 774 836 735 794 608 788 843 777 746 787 824 593 783 772 830 834 776
 784 830 837 824 807 771 666]
unit_emission
[19  8  5 17]
emission_limit
14523.0
setup_severity
2.0
due_tight
0.3
due_range
0.25
release_tight
10
degree_constr
0.5
