param: 
proc_time: (1, 100)
setup_rate: 0.5
setup_time: (15, 30)
delivery_time: (170, 200)

mach
2
job_rate
5
fam
3
setup_rate
0.5
proc_time
[[ 0 36 76 18 84 91 42 60 24 14 10]
 [ 0 50  7 56 31  8 53 21 41 47 90]]
setup_time
[[[ 0 19 26 27]
  [ 0  0 21 23]
  [ 0 28  0 26]
  [ 0 15 27  0]]

 [[ 0 21 29 28]
  [ 0  0 15 19]
  [ 0 24  0 15]
  [ 0 29 27  0]]]
delivery_time
[[  0 195 182 183 175 180 198 192 182 185 193]
 [  0 185 185 196 187 181 198 184 187 177 190]]
job2fam
[[1 0 0 0 0 0 0 0 0 0 0]
 [0 0 0 0 1 0 1 1 0 1 0]
 [0 0 0 1 0 0 0 0 1 0 1]
 [0 1 1 0 0 1 0 0 0 0 0]]
unit_cost
[15 11]
pre_factor
2.0
