param: 
proc_time: (1, 100)
setup_rate: 0.5
setup_time: (15, 30)
delivery_time: (1, 100)

mach
2
job_rate
10
fam
5
setup_rate
0.5
proc_time
[[  0 100  91  84  79  62  27  45  92  25  61  44  97  46  14   8  48  14
   65  80  82]
 [  0  79  88  49  55  13  73  56  56  15  57  58  35  88  97  16   8  93
   87  45  95]]
setup_time
[[[ 0 15 20 21 28 25]
  [ 0  0 19 21 29 25]
  [ 0 30  0 20 21 15]
  [ 0 16 30  0 18 27]
  [ 0 22 25 27  0 24]
  [ 0 15 24 19 21  0]]

 [[ 0 20 27 27 26 23]
  [ 0  0 18 27 25 26]
  [ 0 21  0 19 23 28]
  [ 0 26 18  0 27 22]
  [ 0 22 19 27  0 25]
  [ 0 18 16 18 22  0]]]
delivery_time
[[ 0 41 37 57 42 47 92 61 14 68 53 84 34 76 97 24 20 69 30 88  7]
 [ 0 38 80 52 15 46 23 12 93 44 15 93 49 21 15 14 42 80 15 63 68]]
job2fam
[[1 0 0 0 0 0 0 0 0 0 0 0 0 0 0 0 0 0 0 0 0]
 [0 1 1 0 0 0 1 0 0 0 0 0 0 0 0 0 0 0 0 0 0]
 [0 0 0 1 0 1 0 0 0 0 1 0 0 0 1 0 0 0 0 0 0]
 [0 0 0 0 0 0 0 0 0 0 0 1 0 0 0 0 0 0 0 1 0]
 [0 0 0 0 0 0 0 0 0 1 0 0 0 0 0 1 0 1 0 0 0]
 [0 0 0 0 1 0 0 1 1 0 0 0 1 1 0 0 1 0 1 0 1]]
unit_cost
[13 17]
pre_factor
0.5
