mach
4
job_rate
6
weight
[ 0  8  1  4  1  6 10  4  3  6  7  6  4  1  7  6  8  9  3  8  1  1  3  4
  8]
proc_time
[[  0 100 137 120 131 136  86 101  76 110  92 112 129 107  87 149  62  95
  102 118  75 109 145 137  54]
 [  0 125  51  93  92 131 121  87 111  59 129  90  90  73 111  80 122 138
  102 133 110 137  89  74 142]
 [  0  74 118  67 105  68  87 113  62 116  66  89 149 118 136 129 116  68
   68 110  80 139  77 108  89]
 [  0 100  99 102  53 112  92  64 131  98  73  62 117 146 137 133 111  67
   51 138  65  72 144 134 116]]
setup_time
[[[  0 141  95 395 163 271  99  85 400 232 390 235 370 262  12  92  65
    46 189 381  60  21 335  16 240]
  [  0   0  66 178 286  73 351  29 386  45 113 164 365 376 207  65  40
    26 251 222 155 394 213  74 181]
  [  0 240   0 335 267 216   4 291  89 182 140 401 322  79  30 331  54
   315 148 245  24 309 369  67 343]
  [  0 274 151   0 244 154 340  13 267 376  18 107 240  80 232 386 323
   245 348  87 221  97 187 124 308]
  [  0 274 262 377   0 181 252   0  79  98 175 287 309 285 322  14 289
   309 399 229 241  46  14 366 187]
  [  0  19  29 279 112   0   5 107 249 201  47 322 251 155 149 223 234
   222 155 381 400  92  88  51  73]
  [  0 294 371  40 210 380   0 354 126 281   0 235 352 122   3 382 409
   327 390 160  86 339  11   1 124]
  [  0   6  73 380  44 390 250   0 384 377 139 184 130 208 334 323 203
   297 132 226 220 342 204 338  14]
  [  0  25  20 384 355 104 137  14   0 316 101 123 125 360 288  88 251
    66 266 153  93  49 190 378 366]
  [  0 110  42 409 380 346 127 190 220   0 278  88 157 236 326  21  72
   206 133 123 187 368 141 128 189]
  [  0 244 184 299  75 307  39 172 233 161   0  51  86 312 289 174 245
   244 346   4 273 400 122 360 163]
  [  0 309 217 396 190 282 194 183 154 122 269   0 122 376 120 240  95
   222 378 106 366   0  60  65 214]
  [  0 390 154 281 405 243 211 165 109 235 112 341   0 217 362 347 250
   211 361  82 220 160 232 150 311]
  [  0 407 324  99 150 113 122 120 250 354  36 124  67   0 364 148 296
    45 283 390  23  79 227 346 113]
  [  0 123 262 345  36 112 200 106 353 135 103 399 397 151   0 165  10
    36 283 126  94 319 271 203 104]
  [  0 100 188 258 321  12  84 389  66 267  38 274 393 379  17   0   8
   206 171   4 136 224  84  44 164]
  [  0 250 305 250 116 294 251  51 367 349 395  89 127 347 386 187   0
   128  80 404 224  90 343 359  11]
  [  0 175 138 232 173  15 185  82  63 114 403 344 384 196 182 112 209
     0 279 242 182 244 266 139 382]
  [  0  57 280 147  81 276 270 362 117 177  79 152 108 110 322 322 255
   357   0 355 129 150 235 314 406]
  [  0 327 131 238 283 252 269 297 291 173  55 163  76 137 162 143 294
    18 208   0 387 315 123 317  15]
  [  0 182  92 353 103 404 368 187 208 371 318   1 175 265 315 279 327
   263 139  46   0 137 385  84  80]
  [  0 344 371 204  82  72  86 254 116 135  46 297 239 324  52  66 156
   328 355 217 313   0 160 227 154]
  [  0  25  73 277  46 373 396  20 147 401  74 280  14 200  39 355  46
   342 230 365  25 193   0 302 228]
  [  0 153 155 264  66 384 169  22 208 409 160 399 408 329 174 409 135
   160 244 136  27 304 290   0 139]
  [  0 302  78 299 132 164 370  66 375  38 396 370 209 340 187   3 161
   237 269 212 261 392 405   0   0]]

 [[  0 269 238 162  33 213  89 402 152 127 322 332 168 242 359  30 359
    79 339  93 154 189  69 108  47]
  [  0   0 223 154 186 331 328 174  15 290  87 308 234  37 205  66  75
   154 361 396 220 325 142 205 296]
  [  0 199   0 352 107 270 228 168 111 283 116 146 283 371 183 240 120
    97 280 320 356 264 249  55 129]
  [  0 160 124   0  68 311 219 320 390 333 277 247  21 198 127 287  59
    49 306  97 253  32 177  25 343]
  [  0 275 409 153   0 150  36 177 338  29 155 402 115  85  55 133  30
   108 263 145 407  91  88 199  86]
  [  0 139 394  52 306   0 189 205  95 113 204  80 317 103 115  52 268
    55 393   7 369 349 124 191 166]
  [  0 310 183 278 402 230   0 222 338 248  61 230 408  53  62  93   6
     4  12 368  80  82 240 326 250]
  [  0 399 208 362 319 119 297   0 405 209  62 356 396  85  84 320 302
   312 375 375 205 128 125 292 335]
  [  0 180 255 374 379  81 105 168   0  17 124 136  45 159 212  51 267
   158 396 258 381 154 125 300  94]
  [  0 189  55  87 337 407 157 258  25   0  38 359 406 289 165 251 292
    47  59 281 150 197 167  45 346]
  [  0 227 394  76 365  88  73 136 381  27   0 273 120 104 336 114 295
   301 347 309 138 238  27 131 274]
  [  0 165 141 394 127 160  57 145  56 276 318   0 261 276 295 279  13
   102  44 148 239 364   1 101 237]
  [  0 253 232 400 137  72 135 381   0  93 348 336   0  26 309 347 196
    58  17 360  26 388 184 155 171]
  [  0 285  98 279 335 210 354 100 165 306 201 258  30   0 157 354 350
   213 369 188  75 178  12 163 238]
  [  0  65 171  83 190 214 289 188  42 123 223  63 390 393   0  33  78
   393 340 155 334 244  56 100  41]
  [  0  10 209 153 184 345 410  14 161  74 226 247 214 199  12   0 127
   268  65 264 328 246 302  53  82]
  [  0 386 304 292 282 243 113  85 245 315 160 106 100   7 375 137   0
   223 352 362 352 310 320 300 100]
  [  0 123 379  65 216 106 250 130 157 302 378 164 334  23 242  45 324
     0   6 161 196 194 265 295 106]
  [  0 182  22 224  50 325  41  58 313 344 158 123  99 350  34 156 202
    56   0 280 173  53 347  54 240]
  [  0 161 329 309 317 177 168  90 392  66 249 314   2 320 281 393  69
   115 110   0 410  84  91  20 217]
  [  0 398 214 207 353 162 156 226 166 151 373 325  15 270 343 286  56
   145 279 363   0 167  28 246 399]
  [  0 115 103 215 292 368 345  36 186 218 267 365   5  61   4 231 317
   188 406 272  58   0 322   2 109]
  [  0 247 383 208 248 136  70 185 291 364  41 154 256 229 402 146 399
   298 368  69  47 188   0  10 158]
  [  0  74  41 185 148  98 255 100 326 392 100  28 350 201 195 236 239
    38 127  21  60 329 251   0 218]
  [  0 184  82 132 238  51 396 234 405 359 353 286  21 349 347 154 271
    99 369  91 116 350 291 164   0]]

 [[  0 172  68 187 277 124 136 403 116 136 231  62 312 214 388  62  24
   124 135  87 142 365  23   6  84]
  [  0   0  45 204  16  77 381  59 167 234 182 108  79 128 216 403 245
   262 103 178 406 381 260  75 155]
  [  0 172   0 184 174 207 192 306 234 154  40 278 115 328 186 374  15
   192 136 324  44  28  56  60 153]
  [  0 182  96   0 350  29  88 191 177  48 356 305  68  99 121 148 348
   266 375  60 311 253  51   1 203]
  [  0 265 349 312   0 257 352 110 142 386 131 123  91 378  74  43 264
    79 348 317 145  75 333 321 241]
  [  0 149 365 273 144   0  79 211 331 261 344 169 139 277 262 297  64
   127 118  33 114  36 309  18   1]
  [  0 169  16 388 122 377   0 276 367 293 379 192 399 273 362 140 208
    62 107 382 231 355 132 278 193]
  [  0 220  41 208 154 398 298   0  71 109  30 194 129  18 375 248 116
    41  40 354 270 190  57 313   5]
  [  0   0 137  61 138  73 206 401   0 397  11 111 233  23  59  22 165
   152 141  75 124 243 283 347 299]
  [  0 176 391 343 353  25  96 211 316   0 243 383 196 381 285 188 348
   228 181 401  90   4 189 306  34]
  [  0 250 100 100 147 326 242 295  36  81   0 136 258 249 211 297 219
   259 312 332 121 260 255 132  25]
  [  0  73 152 365 303 388   5 233 172 282 171   0 301 202  72 288 365
   131  24 167 405  84 199   5  85]
  [  0  25 225 204 251 343  21 194  77 288  92 258   0 363 122 296 307
   281  43  47 402 370 365 161 329]
  [  0  98 265 175 324  32 396 215  24 163  17 120 282   0  76  82 393
   299 146 190 197  54 166 116  34]
  [  0 242 203 120 114 348 180 344  25 132 122 122 227  60   0 259  34
    72 279 333 282  28  13 199 196]
  [  0  91 169 104 207 302  94 151 355 409 405  15 168 135 221   0  29
     0  17 147 307 158 180  69  22]
  [  0 167 271  34 208 348 398  42 362  64 113 156 189 400 239 309   0
   232 187 244 277  63 256 290 186]
  [  0 179 258 120 385 266 109 113  55 131 305 185 390 214 229 261 326
     0  85 155  92 366 401 184  73]
  [  0  93 188 332 329 383 369 128 143 175 391 375 326 163 135 301 343
   306   0 405 101 265 395 316  82]
  [  0 396 264  26 160 304 268 182 326  14  99 202  71  83 407 324 293
   226 117   0 206   0 243 206 282]
  [  0 322 337 249  31  91 315 147 257 224 213 152  62 117 326  94 402
   331 107 288   0  27 292 130 284]
  [  0 259 249 219 284 377 261 392 407 258 119 343 301 111  20 163 390
   381 290  15 295   0 180  73 333]
  [  0 288 106 309 156 345  43 371 209 319 295 154 390 374  34 237  59
   296 289 341  96  99   0 346 272]
  [  0 313  71 356 120 360  78  82  40 102 198 279 311 149   8 292 121
   138 396 399  97  36 271   0  74]
  [  0 410 115 289 234 388 168 358 178 347 295 251 197  65 273  68  92
   316 375 214 252 398 175 163   0]]

 [[  0 130 256 196 375 317 135 235  32 168 319  71 134 177 115 223 289
   133 235  71 368  52 272 181 335]
  [  0   0 265 313 222 137 240 342 404 349 215 313  60 188 272 348 259
   260 109 173 107 210 115 316 155]
  [  0  31   0 287 197  84 258 167 364 321   2 150  15 309 194 280   2
    96 117 366 318  93 364 409  67]
  [  0 307  83   0 208  35 191 127  49 150 126 351 136 358 194 198 283
   322  43 373 296  25 156 109 373]
  [  0 395 256 117   0 156 160 131 252 243 314  92 101 114 367 240 318
     3  51 239 293  50 287 287 261]
  [  0 106 265  58 230   0 381  70 267 332 401 147   9  97 103  47 389
    67 120 137 274 212 301 280 178]
  [  0 205  26 281 334 360   0 315 218 389 188  92 354 270  14 243 296
   226  78 104 205 314 367 330 119]
  [  0 312 226  49 135 298 389   0 305 286 354 228  45 388 278 189  86
    46   6 347 322 241 408  46 128]
  [  0 295 273 173 235 191  26 309   0 400 193 218 131 272 128 341 131
   154 229 386 240 114 282 236 274]
  [  0 324 166 106  66 252 235 315 277   0 171 302 239 186  52  28 235
    41 391 220 384 238  61  40 268]
  [  0 256 161 368 236 239 381 146 332 229   0 138 182 212 293  23 388
   295 388 330  62 126  43 205  92]
  [  0 243 172 234 298 125 273 147 378 140 219   0 120  51 232 251 233
   214 299  33 211 358 294 176 346]
  [  0 291 368 100  61 236 112 231 259 410  79  86   0 325 287  46 185
   325 367 166 215 200 388 210 372]
  [  0 134 247 168 295  68 394 399 327 330 119 202  99   0 131 246 202
   219 369 343  92 268 260 405 203]
  [  0 265 102 216 147 358 377 300  87  11  59  14 399 272   0 142 349
   243 124 106 222 344  90  50 305]
  [  0 112 351 177 372 187 209  82  95 324 376 133  93 121  46   0  27
   208 365 272 372 115 148  38 148]
  [  0 174 331 120 227 290 212 168 400 147 300 349 352  48 198 315   0
   393   0 104 380 232  77  50 130]
  [  0 110 289  86 304 191 278  12 362 274 373 166  77 117 174  13  90
     0 295  86  27   3 405 358  23]
  [  0 159 340 408 113 148 233 134 126  19 396 333 249  22 319 385 212
    60   0 210 273 324 299  20  34]
  [  0 139 311 270 360  95 310 212  63 113 409 127 377 116  87 308 159
   112  87   0  41 224 130 186  49]
  [  0  50  20 291  77 114  77  15 162 161 293 229 234  43 392 140  91
   107 149 180   0 352 141 305 282]
  [  0 274 179 141 306  28 403 387 346 233 157 381 323 330 164 184 122
   357 240 295 195   0 302 157  17]
  [  0 289  56 284  63 145 195 163 200  11 238  19 106 219 159 139 240
   347 267 218  39 203   0  21 151]
  [  0 241 358 344 161 339 100 157 336 366  51  61  95 374 312 126 255
   159 119 287 373 107 254   0 338]
  [  0 282 272  20 410 221 245 369  66  33 141 169 153 343 212 249  23
   262  45 134  70 282 114   5   0]]]
release_time
[  0 469 255 621 270 539 547 312 492 194   7 456 659 617 727 269 209 632
  51 384 649 360 260 516 525]
due_date
[  0 769 763 681 771 746 826 820 837 805 824 772 697 730 820 849 655 815
 729 825 849 642 850 849 609]
unit_emission
[ 2  4  5 18]
emission_limit
11188.400000000001
setup_severity
2.0
due_tight
0.3
due_range
0.25
release_tight
10
degree_constr
0.8
