mach
4
job_rate
6
weight
[ 0  5  2  7  9  1 10  3  5 10  4  9  8  2  6  1  5  8  5  4  3  1  8  7
  6]
proc_time
[[  0 103 140  89  94 118  67  87  87  56  58 113 125  69 102  50 117  73
  113 127 138 130  81 100 107]
 [  0 142 123  50  96  62 130 101 142 124 102 123 147  70  91 142 121  58
  101  98 121  81  77 104  57]
 [  0  61  57  89  86 116 125 112  66  61 104 110 106 148  94  60 113  55
   91 140  73  71 119 137 134]
 [  0  63 120  83  63  59 125  84  76 140 145  50  86  81 131  62 134 139
  118  82  98 149  87  69 100]]
setup_time
[[[  0 309 296 171 345 300 218 290 357  60 249 344  60 178  30 196  68
   182 123  16 307 324 131 301 192]
  [  0   0  24 191  69 308 131 121 340 393 277 318 260 221 229 281   2
   373 282 259 225  20 319 155  96]
  [  0  56   0 194  19 237 284 361  38 264   3 276 235 101 313 333 214
   373 229 247 191 155  81  19 184]
  [  0 130  76   0 373  37 185 178 288 252 105 203 136  38 128 192 199
   146 180  56 197 365 165 104 283]
  [  0  41 103 199   0 265 121  11 188  46 153 219  26 270 213 324 302
   196 152  66 165 232 239 278   0]
  [  0  55 278 392 142   0 392  77 356 257  67 370  41 311 239 331 330
   347 324  32 189 292 279 366 224]
  [  0 138 140 136 144 227   0 281 107 233  84 120 272 199 206 172 174
   346 103 147 248 226 252 309 290]
  [  0   4 164  57 126 187 209   0 153 286  63 300 266 154 189 230 123
    60 375 332 164 370 226 299 121]
  [  0 209  57 395 329 227 157 138   0 143 186 169  16 120   9 336  19
   395  71  62 392 161 352  81 122]
  [  0  71 361 134 110 223 303 325 299   0 165 122 347  56 173  50  49
   311  61 383  19 121  73 348 241]
  [  0 264 387  15 263 243  88 147 218 179   0 332 362 243  85  29 370
    69  37 242  16 372 185 337 362]
  [  0  55  48 102 292  69 211 219 374 190  52   0  19 232 204  92 372
   225 281 260 347 127 127  34  30]
  [  0 194 301 362 109 145 111 323 195   7 266 140   0  29 216 360 319
   123 153  86  85 149  10 315  57]
  [  0   2 354 311  95 386 292 256 106 289 149 168 235   0  64 314 263
    81  77  61  53 202 390  64  24]
  [  0 355 376 345 326 171 229   4  93 115  43 164 107 323   0 327 166
   254 211 334 109 290 188 109 375]
  [  0 146 188 307 183 308 382 165 143 302 344 346 163 112 349   0 171
    84  30 114  45 270  47 308 390]
  [  0 242 200 350  21 348 324  65 220  43 130  52   1 379  45 218   0
   254  14 178 115 312 232 213 348]
  [  0 353  61  61 375 205 216 272  12 125  29 359  76  76 167  49 150
     0 239 210 303  69 235 121 269]
  [  0 365 288  51 106 206 391 344 368 183 259  15 329 386 355 372 110
   138   0  61 276  30 114 343 244]
  [  0 282 242   3  24   0 132  99 339 358  55 303  67   2 156 295 340
   364 240   0 220  55 141  46 110]
  [  0 187 108  15 106 250 187 116 360  64 214  18 343  27  71 184  76
   309  61 367   0 336  84  46  68]
  [  0  52 335 149  99 352  37 348 393 136 286 384 319  75 125 237 184
   193 394  19 320   0  20 290  12]
  [  0  91  88  15 182 333 394 331  58 247 182 115 172 252 222 360 313
   352 391 269 218 355   0 276  52]
  [  0 121 246 282 335 302 152 188 368  67 158 386 237 190  51  11 133
    66 325   5  84 183 345   0  75]
  [  0  25 185 346  97 130 109 173 160 155 347 372   2 230 383 192 115
   156 275 194 272  60 209 255   0]]

 [[  0 140 149 228 205 321 137 235 305 249 216 176  46 122  38 379 107
   339  88  57 183 163  36 332  98]
  [  0   0  11 170 361 158 221 237 266  84  36 280  86 222 359 394  95
   348 278  96 387 338 374  64 203]
  [  0 356   0  57 149  70 178 369 238 318  63 174 105 359 242 111 356
    69 173 206  18 227 348  25 136]
  [  0   1 119   0 250 105 378 273 236 228 369  54 330 236 213 214 201
   388  48 219 150 359 354 208 190]
  [  0 120 211 231   0 159 274 137 274 329 239 116 273 100 354 280 240
    27 360 286 353 228 135 321  51]
  [  0  17 327  19 290   0 118 157 383 392  53   4 178  30 334  85  51
   164 297 385 374 180 157 217  67]
  [  0 157 172 314 144 114   0  83   5 358  96 339 245 373  91  53 161
   147 201 320 389  73  38 363   8]
  [  0 186 395 341 289 365 125   0  39 196  90 311 156 316 209 324 299
   240 230 352 316 163 272  85  19]
  [  0 118 234 171  91 272 327 354   0 384  51 294 219 253  49 342  95
    53  43 177 247 340 124  11 265]
  [  0 154  40 116 121  31 110  76  43   0 287 276 141 372 150   1 300
   100 110 323 287 236 189 108  45]
  [  0  14 390 180 106 364 281  93  12 143   0 337 171 208 196 324 314
   271 158 280 158 191  59 164 306]
  [  0  87 149 109 228 223 208   2   1 191  72   0 295  73 324  71 345
   329 191 294 381 203 194 153  38]
  [  0 287  83 262  35 351  63 111 288  29 105 213   0  86  73  23 118
   222 107  70  83 109  40 102 171]
  [  0  48 330 243  46 257  81 238 381  67 326  78 160   0 139 242 342
   239 283 246 244  25  31 268 329]
  [  0 159  11 269 248   5  45 389 234 376 204  79 158 211   0 359  70
   378 269 154 165   2 152 149 177]
  [  0 279 256 329 210  24 144 256 310 277  11 128 274   9  25   0 233
   109  25  88 136 302 296 247 146]
  [  0 162 151 250 313 195 252  95 100 276 133  91 120 210 337 273   0
   247 161 318 391 159 387 348  69]
  [  0 207 232 304 171  52 247 176 139 304 345 313 161 393 380 140 106
     0 345  61  59 263   5 373  51]
  [  0 257 112  38 341 336 131 286 391 110 383 106 230 316 207 216   3
   139   0 383 232 374  83 328 262]
  [  0  65  23 325 250 364 374  97  54 180 307 122 215 155 295  47  10
    49  89   0 150 379  31 344  68]
  [  0 131 109 304 240 158   8  11  59 259 380 194  88 260 332 242 253
    45 234 129   0 254 294 383  21]
  [  0 135 148 143 373 249 388 190 383 143 184  41 302 358 292 368  18
   186 208 257 110   0  79 332 134]
  [  0  23 361 246 206 290  88 316 378  35 123  41  84  44 357 351 234
   172 316 368  83 339   0 204 147]
  [  0 311  56  90 258 393  64  93 227 280  43 275 312 313 178 265 189
   257  60 384 336 230 142   0 286]
  [  0 137 379 236 388 378 270 132  44 244 217 165 253 101  94  93 136
   191 320 196  44 315 237 226   0]]

 [[  0 268  22 235   1  63  69 211 351 267 346  41   5  77  31 320  24
   165 259 224 195  55 108  22  80]
  [  0   0 350 196 293 196  72 259  56  98 128  37 225 153 121 228  95
   341  20 215  42  75 168 300 171]
  [  0  36   0  16 393 360 282  23  18  75  69  95 274 184 236 290 300
   226 274 278 282 176 324 261 360]
  [  0 338 289   0 280  99 236 128 331 299 302 145  63 156 228 312 244
    34 221 136 276 105  16  65 123]
  [  0 194 227 276   0  57 373 230 341  76 352 143 316  93  62 347  12
   320  48 214 178 207 287 166 228]
  [  0  83 320  89 307   0 278 291 238  96 220 125 288 344  36 325 371
   277 314  51 107 199  57 207  86]
  [  0  45 235 220 325 344   0 206  66 125 256 313  84 117 354 194 275
    76 111 109 158  45 335 371 142]
  [  0 205 123 161 192  42 161   0  76 176  36 364 268 199  70 282  39
   304   7  35 213 295 125  47 242]
  [  0 219 354  26  75  58 101 195   0 221 149 256 144   4 189   4 115
   167 334 215 231  68 171   1 273]
  [  0 169 371 147 240  26 339 385 212   0  90 340   4 366 326 364   6
    78 193 252  35 156   8 114 351]
  [  0 267 197 323 141   7 346 209 152 106   0  95 336 379 132 343 270
   204 258  96 172 281 132 256 137]
  [  0 104 105  94  39 108 280 348 126  56 388   0 319 339 202 243 184
    30  10 352 116 384 228 207  76]
  [  0  32 155 349  10 208 134  77 147  56 343  73   0 341 340 321 269
   138   3  24 217 340 144 166 361]
  [  0  53 177 382  99 368 325 240 115  78 302 315 168   0  10  16 200
   304 310 112 202 194 294  84 271]
  [  0  41 300  38 290 244 130 353 171  82 394 165  15  42   0 213 249
   226 110 185 159  59  94 362  28]
  [  0 160 204 365 370  98 304 366  88 156 148 352 270  35 331   0  67
    28   4 365 276 283  63 170 200]
  [  0 151 304  87  59 132 322  46 161 287  92 230  16  31 239   7   0
    15 146 295 328 354 123 363 357]
  [  0 342 189  52 236  65 101   5 234 240 358  22  86 304  13 177 348
     0 178  93 348 284 275 281 359]
  [  0 309  45 355 361  69 353 197 144  11  12 143  98 263 390 282  83
   111   0 208 207  39 308 186  34]
  [  0 111 216 180  13 305  81  44 198 384  17 338 176  38 111 336 283
   177  90   0 324 217   1  37 332]
  [  0 130  91 368 311 139 230 159 116   8 187 145  34 255 376 315  95
   297 258  44   0  16 156 240 228]
  [  0  48  23 294 382  73  70 337  28 205 315 257 361  64 119 391 166
    45 304  84 169   0  45  23 362]
  [  0   1  26 276 191 305 289  70 288 347 203 385 245  30  57 110   1
   197 121 354 145 243   0 111 128]
  [  0 350 106  38  40  41 279 314 345 354 155 178 126 362 188  27 372
   238 343 280 253 308 143   0 241]
  [  0 393 231 144  32 376  63 207 160  83 342 107  12 187 118 233  25
    82 393 252  26 311 372  86   0]]

 [[  0 241  22 180  25 348 119  28 139 179 222  65 386 311 179 159  10
   338 134 316 236 220 185 190 211]
  [  0   0 389 256 198 319 335 167 379 351 105  19 382 145   6 117 261
   113  51 320 331 198 345 179 299]
  [  0  39   0 324 189 194 355 101 194  32 180 304 192  38 160 102 303
    30 114 153 221  55 235 281 190]
  [  0 387 163   0 144 358 318 229  83 147  60 275 197 184  30 221  47
   280 327 144 394 280  22 153 350]
  [  0 194 186 145   0 304   3 149 280 123 219  50  83 221 218  98 105
    93 127 320 170 114  68 268 295]
  [  0  98 144 228 374   0  63 230  39 246 300 330 248 367 156 378  14
   269 304 123 143 221 198 337 192]
  [  0 389 124  66 174 129   0 155 174 188 317  60 159 374 381 246 282
   343 369 300 177 350  95 274  45]
  [  0 162 332 327 201 178 134   0  31  54 254 111 317 118 128  68 195
   147 120 218 158 229 161 269 330]
  [  0   4 258 226 275 283 280 278   0 146 115 128 393  44 343 296 282
   115 338 254 295   2 358 373 382]
  [  0 341 230 374 330   3 349 299 270   0 226 279  16 176 300 211  93
   109  16  66 134 207 321 168 145]
  [  0 364 178 114 211 339 395  74 351 357   0 180   6 194 122 377 395
   352 384 387 120  10 143 341 221]
  [  0  42 288 137   4 235  44 146 130  73 383   0  41 328  81  24 262
   281 123  97 341 127 349 271 391]
  [  0 165 270 175 118  52 137 373  30 252 249 230   0 388 111 380 285
   255 192 381 253 309 139 149 387]
  [  0 133 126 147 206 240 341 348 143 221 145  93  75   0  55 304 209
   377 209 314 204 105 174 358 138]
  [  0 170 230 182  49 327  12   1  64   6 364 367  86   2   0  37 260
   176 285 368 390 111 181 347 284]
  [  0 329   7  91  55  50 153 274 190 309 198 195  59 103 162   0 320
    18 172 182 310 254 220 162 326]
  [  0 225 288 260 126 155 249 277 385  15 380 311 282 117 175 343   0
   249 219 195 227 171 344 188 329]
  [  0  40 352 374  88  20 151 272 380 241  98  28 171 333 373 182  91
     0 268 141 228 113 157 376 281]
  [  0 376 107  44 389 312  43  74  55 381 197 213 186 142  37  98 132
   276   0 183 215 173  73 187  93]
  [  0  51 299  93 221 312  36  78  48 236 205  49 293  63 337  83 298
   269 272   0 335  79  43 272 334]
  [  0  44 366 368 244 248  22 354 361 218 374 231  78 205 384  18  72
   359 297 223   0 120 308 356 277]
  [  0  25 259 351 144 165 174 330 165  90  93 108 181  31 307  51  61
   100 381 148 296   0  23  57  68]
  [  0  82 297 216 324  64 219  78  54 206 332 217  20 236 356  60  76
   303 143 169 299 236   0 364  49]
  [  0 384  55  83  22  61 201 109 306   5 322 309  39 345 202   1 260
   365  60  22 300 281 250   0 156]
  [  0 289  33 322  47  26 293 164 355  46  55 303 315 104 183 247 140
    32 356 356  20 385  25 261   0]]]
release_time
[  0 292 624 733  32 365 318 482 675 443 407 421 229 398 599 764 121 144
 566 545 229 267 138  29 483]
due_date
[  0 794 743 794 766 774 763 783 775 799 739 794 745 798 672 787 604 776
 776 779 795 772 769 596 794]
unit_emission
[16 12  3  8]
emission_limit
10394.5
setup_severity
2.0
due_tight
0.3
due_range
0.25
release_tight
10
degree_constr
0.5
