mach
2
job_rate
5
weight
[ 0  4  6 10  1  3  4  3 10  6  4]
proc_time
[[  0  54 132 148  54 144 136  96 130 124  66]
 [  0  50  88 138  79  93 137 105  51  52  67]]
setup_time
[[[0 0 3 0 3 4 1 2 0 4 0]
  [0 0 3 1 3 2 3 2 0 3 2]
  [0 1 0 2 0 0 3 2 0 4 1]
  [0 3 0 0 2 3 0 3 4 0 0]
  [0 0 3 2 0 3 0 1 0 4 1]
  [0 1 0 2 0 0 4 4 1 3 1]
  [0 4 1 4 4 2 0 3 4 2 0]
  [0 2 4 1 2 2 3 0 2 1 0]
  [0 0 1 2 1 2 3 3 0 4 2]
  [0 2 4 3 3 2 1 3 0 0 2]
  [0 0 2 1 2 1 2 2 2 0 0]]

 [[0 1 0 4 4 1 1 1 4 2 3]
  [0 0 1 1 0 3 4 0 0 0 4]
  [0 1 0 0 2 0 2 1 3 3 1]
  [0 4 2 0 3 1 0 4 3 0 4]
  [0 2 1 0 0 4 4 4 4 3 1]
  [0 1 2 1 3 0 2 3 0 3 3]
  [0 3 0 3 3 2 0 0 2 1 1]
  [0 2 4 4 3 3 0 0 0 1 0]
  [0 0 3 0 4 3 2 0 0 1 3]
  [0 4 4 4 2 4 4 3 1 0 1]
  [0 0 0 0 4 1 0 3 0 1 0]]]
release_time
[  0  37  14  48  15 102   1  42  11  14   0]
due_date
[  0  38  49  48  38 115  44  44  42  48  41]
unit_emission
[ 9 13]
emission_limit
9178.8
setup_severity
0.02
due_tight
0.9
due_range
0.25
release_tight
10
degree_constr
0.8
