mach
4
job_rate
6
weight
[ 0  4  8 10 10  2 10  4 10  8  8  5  3  7 10  3  5  9  6  4  5  7  7  9
  3]
proc_time
[[  0  82  52  82  70  51  99 147 112 137 129 105  81 109  71  69  54  63
  144 110  69  55  66  94  99]
 [  0 103  51  84  83 141 140 108  67  72  86 133 118 116  55 114  70  65
   57 101  95 110  67 115  69]
 [  0  51 105  51 113 105  87 145 134  93 124  59  68  55 103  77 104 138
  132 124  67 120 102 131 119]
 [  0  99 136  68  88  97  51 128  78 140 114 146 100 129 108 140 121  53
  144  80 102 146 135 118 135]]
setup_time
[[[  0  12 278 189  22 167 194 303  76 138  56 238 279  55   6 270 380
    99  95 122 363 135  34 379 251]
  [  0   0 215  23 277 323 162 148  74   5 292 268  22  19 148 278  47
   116 223 249 272 241  36 325 133]
  [  0 218   0 390 190  57 352  20 235 338 122  87 198 307 252   4  89
   378 289  19  58 148 261 321 197]
  [  0  87 329   0 305 322   3  99 372 101  74 389 275 274  51 293 253
    47 311  82 237 300  29 178 134]
  [  0 392  58   5   0 356 123 236 184  13 108  86 219  83 155  78  17
   285 361 176 221 137 145   7 385]
  [  0 245 334 175 140   0   7 195 128 306 205  42 133 124 323 132 221
     9  92 226 337 348 255 389  49]
  [  0 193 327  65 286 323   0 183 119 113 368   2  40 208 136 387  30
   389 204 354 137  35 240 291 165]
  [  0 371 342 274 177  28 149   0 118  94 172 356 384 319 369 162 289
   248 394 138  15  98 327  12 158]
  [  0 189  56 311 359 269 185 280   0 378 273 231 152 220  49 155 351
   275  31  70 340 369 314 314 389]
  [  0 144 368 344  26 152 156 108 343   0 218 349 260 272 103 198 179
   194 150 105 355 292 284 188 218]
  [  0  50 289  22 295  51 112  45 223  17   0 245 147 188 390  30  19
   160 161  16  74 267 216 329 302]
  [  0 229 242 211  20 330 260  29 207 386 290   0 294  39 341 115 322
    78 194  47 206 315 149 125 212]
  [  0  86 204 314 286 211 294 200 391 272 311  68   0 162 323 241 232
   346 368 324 249  50 303 260 187]
  [  0 305 233 272 359 318 117 383 363  44 196 375  10   0 350 110 191
   100 386 295 189 392  18 235 228]
  [  0 121  59 237 278 327  88 288 199 130 370  98  32   2   0 354 237
   332 109  33 270  50 262 218 101]
  [  0 133 189 113 298  75 198  47 327 329  11 333  36 305 320   0  45
   156 233 355  77 308 361 272  60]
  [  0 103 294  68  88 193 350 117   0 214   3  81  96 234 101 101   0
   291 183 308 121 328 273 229 171]
  [  0  62 143 210 338 268  11 263 339 369 295 193 209 363 233  68  10
     0 317  64   4  21  64   9 128]
  [  0 231  35 114 149  65 208 147 140  78 170 212  87 176 251 184 359
    80   0 257 137 232 260  67 222]
  [  0  99 348  55 363 245 123 393 334 236   1  69 367 352 310  90  68
   230 321   0 320 340  87  15  91]
  [  0 385  22 299 350 325 135 324 237  51 290 204 119 383  41  12 231
   172 307  57   0 210 105 101 329]
  [  0 279 339 167  63 110 147 335  53 345 367 312 289 336 349 294  39
   128 334 336  87   0 194 356 128]
  [  0   6 316 379 175 298 300 240 293 131 180 240  28  11 202 148 236
    94  72 190 230  29   0 298  64]
  [  0 251 268 178 199 152 169  98 279 145 325  15 301 353 184 362 243
   206 366 122  78 335 290   0  97]
  [  0   1 188  55  22  30 271 288 264 247  99 113 265 126 233  94   9
   285  77  96 100 315 356 301   0]]

 [[  0  49 366 352 134  58 336 125 277 143 127 237 140 160  66 302 284
   228 378 360 316 350 390  59 338]
  [  0   0  63 134 373  48 146 214 166 112  15  32  48  68 388 208  71
   200   1 297  57 304  70 136 117]
  [  0 209   0 166  32 308  30 247 343 138 119 278 118 196 144 147  21
    97 222 348 144 316 377 180  12]
  [  0 225 198   0  33 120  18 126 109  20  36 263 232  51 126  18  23
   263 284 363 355  69 340 274   8]
  [  0  75 119 349   0 136 383 348 285  54 204  39 389 268 255 198 372
   117 240 159  41  56 379 385 184]
  [  0 167  89 352  47   0 380 340 144 168 393  89  21 103 283 271 250
   178 352 139  69 237 291 271  42]
  [  0 370 386 257 188  36   0  53 136 233 368 279 120 320 355  54 387
   224 206  16 252 171 273 274 318]
  [  0 265 327  25 374 337 353   0  29 335  68 173 225 156 172 322 366
   321 374 254 137 288  72 190 307]
  [  0 310 185 223 282 318 390  70   0   5 270 179 321 161 362 329  85
   368 368 244  60 212 122  76 166]
  [  0  92 358 371 366 209 307 248 392   0  96  34  77 201 316 243  41
   120 323 349 147 202 319 350 234]
  [  0 116  37 202 330 372  88 226  59  15   0 124 263 270 302 385 157
   218 353  61  97 167 357 305 129]
  [  0 182 225 260   2 326 225 164 115 356 214   0 148 352  44 359  59
   239  60 333 383 369 341 148  85]
  [  0 335 341 287 324 188 371 290 287 128 378 194   0 221 382 126  80
   147 363 267 238  82 278  16  27]
  [  0 162 160 146 233 189 370  90 387  94 246  37 162   0 394 236 324
   207  27 214 231 179  65  24 180]
  [  0  76 200 295 190 130  16 386  71 200 267 353 160 298   0 112   2
    98  64 197 117  28 298 113 260]
  [  0 161 236 232  77  70 367 207 208 207  83 385 217  57 116   0 162
   138   7 263 145  79 258  16 278]
  [  0  96 170  37 267  35 347   6 267 192 284  61 185   1 287 334   0
   304 290 305 198 208 205 297 365]
  [  0 156 246  50 186 242  35  50  76 342 375  79 364 322  45 174  25
     0 381 250 114  14 254 163 390]
  [  0 261 118  12 234 125 173 147 213  42  40  52  78  13   9 193 222
   384   0   3  95 157 319  62 271]
  [  0 282  93 293 208 118  39 129  39 115   0  70  60 197 322 228 245
   379  51   0 147 157 350 319 337]
  [  0 198  27 370 394 159 256  56 318  17 118 222 167 126 135 379 228
   135 172 172   0 154 241  10 390]
  [  0 124 146  23 266  65 180  48  13  29 226 191  11 312 220 167 164
   282 235 305  30   0 388  67 325]
  [  0 330 193 270 336 187   9 367 238 201 332 233 356 263 204 266   9
    69 358  40 101  90   0 106 341]
  [  0 394 201  90 230  42 181 198 172 166 158 288 292 213  49  62 183
   198 329 185 371 166 259   0  66]
  [  0 231 148 348 342 364  38  96 288  53  40  41 284 269  25 356 123
   199 235 109 133 361  72 102   0]]

 [[  0  48 149 218 151 342 254 165  63  68 390 390   9  42  78  82 242
    75 256 291 263 339 310  96 213]
  [  0   0  14 317  74 166 232 239  67 299 265 361 256  12  43 299  80
   297 145 149 202 371 334 341 306]
  [  0 201   0 127 392 144 265 369  36 298 239  11 175 367 284 325 202
    87  54 248 308 231 293 351  31]
  [  0 154  88   0 319 384 274 277 335  48 135 266  80 275 148  83  46
   362   6  26 255 331 104 336 219]
  [  0 274 248   8   0 318 329 198 143 269 306 330 193 284 273 308  20
   318  81 193 357 290 322 378  82]
  [  0  33 315 140 120   0 138 213 384 174  28  76 345 301 307 336 311
   363 322 286 373 181 315 281 292]
  [  0 145  40 164  71 331   0 371 328 241 343 384 353 389 238 211 192
   235 383 124  17 121 236  10 174]
  [  0 216 361 150  82 329  20   0 379 259 378  77  18   4  68 186 249
   360 312 358 347 176  94 334 250]
  [  0 386 291 282 366 272 307 325   0   6  73 295  80 273 361 193  37
   352 345 189 130  96  57 192 343]
  [  0  84  55 225 323 282 258 341 226   0 279 325 377   1 178  63 282
   122  82 342 296  94  96  95 384]
  [  0 100 102 159 374 222 126 322  82 380   0  83 238 275  84 177 286
    75 205 314 394 374 363 218  91]
  [  0  32 272  30 167  64 359 297 368 196 336   0  17 345 268 128  50
    58 372  58 286 245  73 113 235]
  [  0 272 145  11 348 130   2 340 343  68  58  43   0 195 336  82 358
    94 276 146 220 139  62 373 124]
  [  0  29 264  83 127 288 240 251 237 328 312  61 195   0 326 341 360
    44  90 237 286 205 221 215 347]
  [  0 215   6 280 258 268 350 282 292 319 174 290 324 126   0 240  77
   387 221 379 254 278 269 358  85]
  [  0 113  61 247 251  60 183 186  75  23  24 259  28 366 175   0  38
    43 374 369  92 231  37 189  25]
  [  0 104  87  14 333   7 141 216 185 247  78 349 168 281 232 385   0
   379 306 372 327 199  51 251 105]
  [  0  28 172  57 225 104 373  32 392 107 382 134 361 168 330 148 251
     0  52 116 349 233 365 112 239]
  [  0 289 169 278 250 116 120 376 389 127 116 351 149 223 249  30 202
     5   0 263  64  71  55 231 333]
  [  0  89 146 346 111 159 130  32 207 336  34  67 291 336 313 217 359
    19 337   0 142 187 291 153 100]
  [  0 209 346 161 320 303 125 393  62 317  31  69 143 332  23  50 117
   366  48 247   0  71   6  72 267]
  [  0  22 386  76 222 358 187 103 114  66 347 394 160 302 283 280 374
   352  41 172  16   0 352 293 149]
  [  0 227 384  88  30  24 271  63 348 147 295 217  59   7   9 315 335
   362 113 263 205 333   0 384 163]
  [  0  39  73 144 342 348 282 109  59 209  70 262  23 129 324 326 176
    86 114 329 354 331 279   0 377]
  [  0 100 213 179 358 311 198 149 210 240  71 278 277 285 122 315 328
   183 180 315 230   9  49 365   0]]

 [[  0 342 317 367 133 152 225 129 379  37 269  56 232 377 313 114 308
    65 365 211 238  22  99 246 232]
  [  0   0 193 237 283 240 384   1 112 240 199 266  30 294  74  88 318
   183 193 280 190 201  15  85  68]
  [  0  52   0  21  46 143 381 231  32 331 351 380 380 320 256 290  89
   294 105 208  66 129  49 246 198]
  [  0 389 108   0  24  87 216 322 217 241 342 252 355  80 131 289 379
   314 215 254  31 295 148 238 356]
  [  0 158 107 227   0  91 369 282 105 189  52 208 172 202 319 207  54
   293  10  40 191 172 352 342 289]
  [  0 101 255  39 126   0 379 292 178  91  52  24  96 176 153 109 365
   324 349 352  16 169 321 257 374]
  [  0  86 142  98  89 159   0 378 176 369   0 229 127 254  57  42 210
   215  13 338  27  19  99 387 285]
  [  0  37 329  89  31 157 348   0 163 110  46 272 120 222 168 152 283
    95  55 214 148 127  93 241 271]
  [  0 169 132  96 299  79 235 208   0  32 338 316 311 168 277  65 394
   250 191  51 258 130 307  90 131]
  [  0 296  95 126 195 137 161   7 209   0  95 394 187 359 121 161  46
   197  90  95  88  90 345 336 345]
  [  0 377 365 141 173 234 178  76  86 111   0 336 288 207 222 160 224
    84 378 149 104 130  67  72 373]
  [  0 327 197 104 271 170 211 373 373 171  56   0 274  27   1  56 144
    58 116  94  78 195 195 163  52]
  [  0 244 135 330 176 272  66 326 274   9 171 336   0 238  42   6 169
   248 361 176 285 375  29  68 244]
  [  0 366   8 113 359 298 169 264 103  50 187  77 230   0 299   9 303
   246 163 394 375 252 332 189   9]
  [  0 201  60 147 388 315 209 379 252 146 356  98 125 376   0   2 385
   302  12 311 384 305 172 347 215]
  [  0 355  84 264  91 158 205 208 377  42 177 284 279  11 139   0 158
   293 293  76 265 115  23 319 160]
  [  0 224  34 281 243  35 271 208  67 354 169 163 350 261  93 334   0
    42 107  99  29  86 171 247 313]
  [  0 158 121 351 371 384 211 303 295 285 114   7 172 226 376 351 276
     0  19 144 177  13 301 321   6]
  [  0  47  69  66 327 196 378  34 115 298  86 284 285 333 323 268 358
    39   0 377   9 236 279 251 302]
  [  0  94 209 163 284  15 159 176  67 187 150 258 167  19 354 343 194
   202 142   0 299 283  49 364 263]
  [  0  11  77 355  75 388 304 371 243   5  64 277 135 126 326  62  76
    64 103 294   0  47 244  46 350]
  [  0 327  54 222  16  86 362 100 109 111 259 311  98  74 373   3  63
   356  45  45  11   0  96 141 175]
  [  0 306 340  50  18 307 298 378 194 103 363  94 344 170 200 337   1
   165 385 214 213  77   0 362   8]
  [  0   0 156  18 113 383 314  95 385 265  49 269 334  28  12  78 299
   224   2 358 267  45  23   0  56]
  [  0 375  58 152 232 199 195 195  95 248 375  84 387 207 296  75  66
   248 266  14 281 230 164 202   0]]]
release_time
[   0  248  695   87  789  323   75  397  696  210  809    6  725  500
   24  340  197  391   76    6 1015  190  349  520  607]
due_date
[   0  779  994  279 1000  493  596  770  902  935  839  283  736  794
  108  561  759  792  572 1035 1024  411  769  933  622]
unit_emission
[ 6 17 11 16]
emission_limit
14113.6
setup_severity
2.0
due_tight
0.3
due_range
1.0
release_tight
10
degree_constr
0.2
