param: 
proc_time: (1, 100)
setup_rate: 0.5
setup_time: (15, 30)
delivery_time: (170, 200)

mach
2
job_rate
5
fam
5
setup_rate
0.5
proc_time
[[ 0 52 46 63 73 49 82 40 45 43 66]
 [ 0 83 98 56 65 80 25 47 98 96 95]]
setup_time
[[[ 0 30 22 26 25 23]
  [ 0  0 23 28 28 16]
  [ 0 19  0 29 28 19]
  [ 0 17 27  0 19 20]
  [ 0 20 18 25  0 17]
  [ 0 15 24 20 22  0]]

 [[ 0 23 20 17 21 16]
  [ 0  0 15 23 19 28]
  [ 0 17  0 17 22 26]
  [ 0 18 25  0 25 25]
  [ 0 15 18 17  0 23]
  [ 0 30 16 25 26  0]]]
delivery_time
[[  0 186 185 172 197 170 190 196 174 170 175]
 [  0 182 176 191 192 197 199 196 198 193 182]]
job2fam
[[1 0 0 0 0 0 0 0 0 0 0]
 [0 0 0 0 0 0 0 1 0 0 0]
 [0 0 0 0 0 1 0 0 0 0 1]
 [0 0 0 0 0 0 1 0 1 0 0]
 [0 0 1 0 1 0 0 0 0 0 0]
 [0 1 0 1 0 0 0 0 0 1 0]]
unit_cost
[11 15]
pre_factor
2.0
