param: 
proc_time: (1, 100)
setup_rate: 2.0
setup_time: (60, 120)
delivery_time: (170, 200)

mach
2
job_rate
5
fam
5
setup_rate
2.0
proc_time
[[ 0 87 67 43 41 85 79 39 92 87 84]
 [ 0 50 78 59 99 31 79  3  3 81 91]]
setup_time
[[[  0 120  69  84 115  84]
  [  0   0 107  91  63  67]
  [  0 109   0  86  67  81]
  [  0  86 102   0  80  93]
  [  0  76  99  76   0  77]
  [  0 114 118  92 113   0]]

 [[  0  60 108  93 117 107]
  [  0   0  84 112  72  85]
  [  0  95   0 105  60  65]
  [  0  82 101   0  79  81]
  [  0  87  64  97   0  84]
  [  0  80  76  99  80   0]]]
delivery_time
[[  0 175 179 179 185 175 182 172 196 185 172]
 [  0 193 198 184 196 197 171 180 173 184 170]]
job2fam
[[1 0 0 0 0 0 0 0 0 0 0]
 [0 0 1 0 0 0 0 0 0 0 0]
 [0 0 0 0 0 0 0 0 0 0 1]
 [0 1 0 1 1 1 0 0 0 0 0]
 [0 0 0 0 0 0 0 0 1 0 0]
 [0 0 0 0 0 0 1 1 0 1 0]]
unit_cost
[15 11]
pre_factor
2.0
