param: 
proc_time: (1, 100)
setup_rate: 0.5
setup_time: (15, 30)
delivery_time: (100, 200)

mach
2
job_rate
5
fam
8
setup_rate
0.5
proc_time
[[ 0  6 16 47 59 78 24 75 60 50 29]
 [ 0 30 65 53 88 31 26  8  4 92 91]]
setup_time
[[[ 0 16 20 18 17 16 25 19 16]
  [ 0  0 29 19 22 17 23 24 28]
  [ 0 15  0 24 22 26 16 22 15]
  [ 0 21 21  0 20 15 18 16 18]
  [ 0 16 24 18  0 16 25 18 20]
  [ 0 20 26 24 20  0 27 29 16]
  [ 0 27 17 22 16 18  0 18 27]
  [ 0 18 30 23 19 15 20  0 20]
  [ 0 30 25 17 30 21 16 26  0]]

 [[ 0 21 22 20 22 27 17 28 16]
  [ 0  0 15 24 16 27 16 17 26]
  [ 0 28  0 17 15 29 20 29 18]
  [ 0 26 28  0 18 30 28 16 20]
  [ 0 15 22 23  0 15 21 28 16]
  [ 0 28 16 17 26  0 30 21 29]
  [ 0 25 23 16 30 29  0 17 18]
  [ 0 24 28 30 19 20 19  0 27]
  [ 0 20 28 30 18 19 25 28  0]]]
delivery_time
[[  0 120 149 127 145 192 122 126 102 183 172]
 [  0 148 110 134 160 184 143 180 169 103 191]]
job2fam
[[1 0 0 0 0 0 0 0 0 0 0]
 [0 0 0 0 1 0 0 0 0 0 0]
 [0 0 1 0 0 0 0 0 0 0 0]
 [0 0 0 0 0 0 0 0 0 1 0]
 [0 0 0 0 0 1 0 0 1 0 0]
 [0 1 0 0 0 0 0 0 0 0 0]
 [0 0 0 0 0 0 0 0 0 0 1]
 [0 0 0 1 0 0 0 1 0 0 0]
 [0 0 0 0 0 0 1 0 0 0 0]]
unit_cost
[11  9]
pre_factor
2.0
