param: 
proc_time: (1, 100)
setup_rate: 0.5
setup_time: (15, 30)
delivery_time: (100, 200)

mach
2
job_rate
8
fam
3
setup_rate
0.5
proc_time
[[ 0 53 56 19 44 98 28 96 17 50 63  7 26 61 80 92 11]
 [ 0 74 25 60 62 82 35 83 86 30 67 72  1  7  4 22 55]]
setup_time
[[[ 0 26 22 26]
  [ 0  0 29 24]
  [ 0 30  0 19]
  [ 0 20 22  0]]

 [[ 0 24 20 28]
  [ 0  0 29 25]
  [ 0 17  0 17]
  [ 0 26 29  0]]]
delivery_time
[[  0 154 183 192 102 179 199 161 129 135 195 140 122 103 186 171 118]
 [  0 143 188 187 108 122 194 180 184 194 108 131 144 113 129 179 161]]
job2fam
[[1 0 0 0 0 0 0 0 0 0 0 0 0 0 0 0 0]
 [0 0 1 1 0 0 1 0 0 0 0 1 0 0 1 0 0]
 [0 0 0 0 1 1 0 0 1 1 1 0 0 1 0 0 1]
 [0 1 0 0 0 0 0 1 0 0 0 0 1 0 0 1 0]]
unit_cost
[21 24]
pre_factor
2.0
