param: 
proc_time: (1, 100)
setup_rate: 2.0
setup_time: (60, 120)
delivery_time: (1, 30)

mach
2
job_rate
8
fam
3
setup_rate
2.0
proc_time
[[ 0 65 45 27 64 99 54 27 22 63  5 57 77 65 65  7 77]
 [ 0 69 99 64 94 20 54 42 31 18 84 82 63 83 76 84 40]]
setup_time
[[[  0  65  73  92]
  [  0   0  73  72]
  [  0  70   0  73]
  [  0 117 117   0]]

 [[  0  91 106 114]
  [  0   0  95  65]
  [  0  62   0  63]
  [  0  62  79   0]]]
delivery_time
[[ 0  9 24 21 14 27 14 18  6  1 15 11 11 25 12 12 22]
 [ 0 29 16 29 30 22 26 28 23 28 25  5  9 13  8 27 25]]
job2fam
[[1 0 0 0 0 0 0 0 0 0 0 0 0 0 0 0 0]
 [0 0 0 0 0 0 0 1 0 0 0 0 0 0 0 0 0]
 [0 1 1 1 1 0 1 0 0 1 0 0 1 0 0 1 1]
 [0 0 0 0 0 1 0 0 1 0 1 1 0 1 1 0 0]]
unit_cost
[8 9]
pre_factor
2.0
