mach
4
job_rate
6
weight
[ 0 10  4  6  9  6  6  6  2  3  1  7  1  8  7  9  8  6  2  1  8  9  5  4
  6]
proc_time
[[  0 112  98 126  88  65 116 123 113 135 107  75 133  61  53 111 105  96
  144 121 108  86  72 133 101]
 [  0  88 117 147  91  73 149 131  67 104 129 102 132  65  51  60  64 136
   91  60  96 139 146 114 148]
 [  0  82 141 140 120  81  53  94  86 109  72 103  65 145 125  98 144  56
   59  79  93  75  93  65 148]
 [  0 127 135 101  73 127 112  56  63 137 122  80  65 132  65  84  76  87
   99 132  78 111  61 129  68]]
setup_time
[[[  0 237  74  79 147  89  41 321 131 299 372 221 238 155 124 161  24
   278 116 161  57 308 249 110  72]
  [  0   0 298 388 372  35 269 172  68 131  46 304 240 143 151 186  19
    54  90 397  75  72  49 227   8]
  [  0  66   0 283 308 151 262 269 358  84  34 371  97  87  56 286  49
   244 291 154 169  21  26  34  79]
  [  0  99 148   0 352 163 322  29 313 235  36 227 270 122 107 322 290
    60 308 269 165 258 144  29 285]
  [  0  71 348  62   0  45 259 223 390 180 336 114 145  42 263 191 317
   349 327 357 260  27  76 399 374]
  [  0 370 372 296  80   0 228 184 132 225 303 120 140 174 213 198 380
    88 147 344 356  84  38  65 400]
  [  0  94 151 202 252 358   0   9 246  38 130 178 108 397 312 380 115
   217 212 341 208 358 263 390  87]
  [  0  97 220 199 370  19 322   0 353 306 241 298 371 244 119 179 182
   222  95 187 341 265 134 360 354]
  [  0 214 393  73 155 152 191 232   0 375 369 180  44 204 179 253  84
   158  88 321 393 205 330 194 314]
  [  0 260 109  65 330 185 235 369 101   0  80  10  20 112 290  77 251
   134 297 270 204  54  94 311 228]
  [  0 121 317  93 156   2 188 222 207 379   0  37 102  61 287 201 298
   174 376 171 314 322 159 398 217]
  [  0 150 312 248 144 144 359  67 208 248 402   0   7  84 158 272  25
   270 197 287 368 231 115 294 264]
  [  0 166 231 140 115 220 176 116 226 207 266  50   0 310  90 261 302
   383 330  15  87 194 210 147 188]
  [  0 324 124 138  38 319 190 250 395 178 265 110 143   0 116 388 171
     5   0 256 248 303  57 183 275]
  [  0 258  75 156 237  63  45 199 181 236 186  12 206 252   0 338 230
   172 320  24 195 121 346 289 371]
  [  0 113 271 218  37 189  45 290  39 121 347 296 204 303 144   0 252
   358 104 318 165  69  28 373 280]
  [  0 271 388   8  40 162 303 309 175 185 331 136 372  79  27 200   0
   107 266 114  84 324  69  25  25]
  [  0 308  52 108 378 321 162 365  70 132 107  10 187 328 343 330 188
     0 180 308 208 148 136 394 330]
  [  0 262 166 209 190 285 300 318 174 317 202 327 222  94 253 306 182
    93   0 165 276 390 168  26 133]
  [  0 261 188 401 177 103 400 168  43 319 280 242 122 291 263 333 132
   378 188   0 213 181 124 316 181]
  [  0 205 199 249 109  73  81 156 329  80  90 219 176 176 235 185 352
   173 131  58   0  83   4 158 170]
  [  0  20  87  81  91 307 108  54 109 366  34 203  45 202 202 205 182
   181  18  39 265   0 382  72  64]
  [  0 171 354 359 317  78 224 346 100  20 306  37  16  42  96 381  37
    78 140 186 167 227   0 373 356]
  [  0 361 243 174 295  41 302  47 397 211 290 267 352  42 252 147  68
   387 142  39 375  58 191   0 353]
  [  0 400 135 176  32 332 335  17 197  89  35  37  25 228 326   0 324
    83  94 254 218 156  64  81   0]]

 [[  0 309  42 164 252 145 193  10 243 105 117 355  56 390 342 164 236
   269  17 277  88 393  23 177  83]
  [  0   0 283  39 198 278  19 105 159 182 210 200   6  98 116 341 239
   305 141 348   6 371 190 366  25]
  [  0 110   0 234 352 271 385   2 276 262 184 396 294 213  60 274 191
   338 328 360 356 350 204 161 263]
  [  0 349 189   0 342 371  52  59 292 289  98 169 143 331  27 201  51
   138  75 148 150 324  62 373 259]
  [  0 230 153   0   0 232 274 311  75 402 109  26  55 394  15 270 113
   262 219 120 117 317 309 256 177]
  [  0 304 290 393 185   0  41 383 105 305  99 180 297 296 146 133 384
   109 291  37 392 263 177  73 259]
  [  0 271 284 262  67 131   0  59 237 139 346 189 277  60 166 324 141
    40 256 156 317 136 170 348 184]
  [  0 354 142  54 250 249 239   0  15 401 276 150 274 353  27 123  49
    63 137 361 255 253 183  11 145]
  [  0  55 258 283 301 328 202 393   0 388   6 268  37 167  20 145   0
   106 308 228  88 170  23 263 207]
  [  0 210 197 318 382 337  17   4 258   0 370 116 196 245 360 259  57
   223 206 296  64  96 325 280 391]
  [  0 113 249  32 155 266 265 284 331 119   0 173 163 331 379 157 365
   317 160 230  44 279  20 221  92]
  [  0 351 173  32 200 199  99 167 105 161  15   0 318 229  97 316 204
    80 191   7 106 107 290  47 112]
  [  0 317 239  51 112 227 314 341 381 230 251 194   0 262 333 393  75
   338 160 153  18  48 207 170 379]
  [  0 245 110  10 207 305 371 172 107  65 356 292 203   0 274 204  62
   261 162  23 340 254 271 247 277]
  [  0 386 300 298 194 296  30 229 201 113 221  46  22 356   0 369   9
   321 250 239 291 131 337 379  44]
  [  0 208 254 310 331  33 237  28 330 360 301 341 386 338 287   0 251
    91 354 143 371 149  68 249 109]
  [  0 289 130 152 140 375 142 198 110  82 222 342 382 256 133  33   0
    14   2  50  30 185 278 235 382]
  [  0  52 340 308 197  67 115 377 158 383 351 188 153 114  29  70 203
     0 235   4 179 395  83 295  64]
  [  0 254 395 293 182 370 256   4 291  93 210  75  33  21 215 347  16
   151   0 392  11 377 315  70  85]
  [  0 310 230 284 279 401 237 108  70 294  98  52  35  24 127 165 187
    58 227   0 219 210 122 198 252]
  [  0 109 166 126 116 116 274  84 122  18 165 119 366 225  97 157 234
    66 147 228   0 280 261   2 225]
  [  0   5 326 349  11   5 247 206 327  70  46 226  56 233 353 397 197
   382  18 236 224   0 246  89 339]
  [  0 349  13 370  82   0 311 195  54 141  97  17  62 159 112 391  13
     5 127 174 278  46   0  66  72]
  [  0 336   4 296 364  98 238 214   6 137  96 185 319 387 302 323 402
   384 312 362 198 318 131   0   5]
  [  0 138 344  12 299 305 104 107  81   4 253 200 388 252 100 192 315
   268  81 290 158  40 255 231   0]]

 [[  0  68 196 262   9 188 362   3 109 336 309 302 132 302 220  54 206
   204 340   7 112 322 227 354 260]
  [  0   0  20 400  79 226  63 244 249 307 101 367 243 133 387 384 212
    61  20 206 141 227 329  80 176]
  [  0  79   0 381 259  49 347 223 222 366 290 284 374 182 248 129 280
    85 319 110 152 125 383 135 191]
  [  0  67   9   0 262  81 196 348 150 287  49 336 167 114 246 356 332
    90 147 135 376 252 147 153 359]
  [  0 385 216  33   0 299 208 251 200 386 127  78 178 348 163 215 320
    83 238 181 176 160 173 341 199]
  [  0  82 268 197 231   0 220  40  12 194 314 369 174 282  17 270 338
    16 126  26  69  14 323 140 339]
  [  0  47 330 153  80  59   0  63 375 314 200 145  43  41  82  87 128
   211 344 269 207 259 227  79 264]
  [  0 366 160  47   3 241 213   0 208 283  67 145 327 228  55  43 373
   232  27  32  96 325 350 131 353]
  [  0 346 262 278 394 331 391 163   0  58   2 204 313 103  92 193  17
   355 348 144 188 337 266  66 283]
  [  0  28  67 301  92  85 200 140 177   0 138 388 312 336 176 316 131
    57 315  51  11 251 165 298 220]
  [  0 313 112 317 206  66  94  77  22 179   0 150 257 187 167 242 387
   305 361 283 357 346  88 241 169]
  [  0 222 158 229  98 307 245 173 240 229 241   0 211 191 219 142  44
   373 181 233  92  95  51 274 340]
  [  0 402  58 361 326  66 239  11 396 279  22   0   0 104 210 146 384
    70 156 180 324  99 169 155 199]
  [  0  47  32 278 264 281 200 251  61 346 338  99 127   0   0 226 188
   267 350 239 275 284 215 229  49]
  [  0 298 108 275 172  20  90 216 239 296 355 369 205 129   0 232  54
   321 373 157 148 160  92 245   0]
  [  0  55 319 213  94 131  16 136 178 220 213 172 225 337 371   0 144
   351  63  84 266 316 134 163 127]
  [  0 394 109 344 291 207 371 226 151 286 300  57 329 219 321 240   0
    63  11 184 195 241  51   3 232]
  [  0  25  59  28 278 271 381 383 290 274 145 317 124  45  18 393  53
     0 374 188 205 119  86 326  96]
  [  0 331  56   1 394 355 399  38 356 183 253 249  42 398 268  16 389
   232   0  86 157 201 352 325  49]
  [  0 230  44   4  27 399  75 387 346 164 362 228 100 119 261 130 375
   368 191   0  88  58 370 201 392]
  [  0 110  81 299 133  25  28 387 116  69 151 143 219  96  66  32  11
   334 342  17   0 120  78 311 378]
  [  0 166 399 157 366  78 222  10 110  96 326 202 391 110 398 250 296
   334  94 357 212   0  74 221  97]
  [  0  39 156  75 290 101 348 259 227  94  64 334 271  86 400  27 200
   334 148 356 332  46   0  41 352]
  [  0  59 161  52  38 394 343 239 369  98   8 347 106  16 130 131 263
   263  90  24 374   6 300   0 377]
  [  0 377 259 226  59 146 220 343 243 394 112 148  38 241 155 342 118
   167  93  89 150 376 171 397   0]]

 [[  0 178 143 400 220 129 271 305 385 321 376 109   4 241 230 340 101
    92 201 380 277  21 150  75 226]
  [  0   0 312 256 337 297  64 245 320  47  22 220 347 317 345 181  38
   108  23 137 362  71  62 355  94]
  [  0  27   0 244 163 196 259 217 130 336 154 264 344 229  36  33  84
   340 303 218  10 294 123  58 123]
  [  0 238  79   0 371 109 181 118 379 298 214 101 321 147  38  30 115
   146 332 100 172  34 270   2 232]
  [  0 258 358  69   0 396 278 328 138 146 146 293 148  53 175 144 239
   291  27 190 402 162  14 376 195]
  [  0 325 125 268 362   0 298 175  90 156  39 385 281 375 142 111  55
    49 166 295 157 319 309 369 104]
  [  0 359 335 107  42  73   0  72 334 294 310   5  66 142 119 216 147
   276 301 116 331 256  27  48 217]
  [  0  51 327 349 360 198 348   0  14  96 196  32  69  80 286 369  59
   188 203 112  82  70 245 357 200]
  [  0 165 343 327   5 296 281 242   0 364 103  14 185 148 305 107 125
   311 245 402 217  80 314   3  72]
  [  0 206 237   3 148 224 228 211  80   0  68 241 188 385  19  13 103
    25 157 338 231 280 189 307 357]
  [  0 389 205 346 328 125 231 369 104 113   0 199 368 170 338 286 318
   119 179 267 235 389  14 231 237]
  [  0 250 338  28 402 141 346   5 194 219 124   0 154 360 196 148  52
    39 111  53 222  70  45 132 114]
  [  0  25  76 290  99 313  68 271  42 192 284 386   0  21 205  90 211
   299 304 394 179  56  71 306 275]
  [  0 401  40 381 126 302 365 194  73 239 393  63 103   0  37 306 299
   395  64 342 295 169 321 313  46]
  [  0 133 384 107  67 103  36 149 349 206 284 114 222 165   0 300 358
   335 164  10  28 260  99 100 322]
  [  0  88 240 318  57 242  54 178 134  80  89 144 103 316 205   0 359
   238 398   3 296 177 357 392  45]
  [  0 320 338  83  40 133 181  64 394 284 285 124 246 302 179  78   0
   379 127 346  12   9 349 304 114]
  [  0 111 197 384  83  87 215 107  61  66 178  55 107 387 239  59  15
     0 218 109 294 180 337 231 216]
  [  0 331  74 387  82 166 252 227 155 225  85 251 366 198 215 192 182
   282   0 323 293 186 217 274 387]
  [  0 284  90 393 323 280  98 140  24 336 304 139 237  16 224 197  14
   170 292   0 143 370 329 320  86]
  [  0 133 153 162 212 279 166 227  64  46 289 218 253   7 223 146 348
   395 310 279   0 147  78 228 200]
  [  0 243 303 326  89 157 145 175 399 312 327 349 209  89 236 390  87
   123 274 220 102   0  46 276 250]
  [  0 119 138 146 100  24 241  32  80  47  74 261 362 134 252 297 164
    72 251  58 339 382   0 341 362]
  [  0 387 132  72  39 160 168 304  52  10  74  37 113 393  24 218  89
   218  47  43 316 184 136   0 253]
  [  0 355  42 301  41  82 328 368 388 326   0 336 294   9 272 249  20
    58 101 351 377 284  36 150   0]]]
release_time
[  0  69  64  23  62  39  61  36  39  63   5  37 220  44 233  13  40  27
  60 275  68  13  28  63  56]
due_date
[  0  82 100  94  94  82  83  81  82  97 107  92 259  96 300  83 106  89
  97 337  90 104  88  95  86]
unit_emission
[18 20  9  3]
emission_limit
9249.0
setup_severity
2.0
due_tight
0.9
due_range
0.25
release_tight
1
degree_constr
0.2
