param: 
proc_time: (1, 100)
setup_rate: 0.5
setup_time: (15, 30)
delivery_time: (1, 30)

mach
2
job_rate
8
fam
5
setup_rate
0.5
proc_time
[[ 0 12 74 27 81  3 50 12 43  3 10 58 82 56 90 23 65]
 [ 0 36 81 71 88  9 85 53 52 48 46  5 96  4 71 18 86]]
setup_time
[[[ 0 30 19 15 25 29]
  [ 0  0 19 20 15 30]
  [ 0 16  0 22 23 16]
  [ 0 27 26  0 24 23]
  [ 0 27 29 16  0 15]
  [ 0 28 21 30 29  0]]

 [[ 0 18 22 29 29 24]
  [ 0  0 20 18 23 19]
  [ 0 16  0 30 18 27]
  [ 0 18 28  0 24 22]
  [ 0 15 27 29  0 19]
  [ 0 21 17 18 15  0]]]
delivery_time
[[ 0 24 14 11  7 18 15  6  6 11 24  3 27  5 12 28 29]
 [ 0 12 21 20 29 13 26 13 18 23  7 14  4  3 29 25 29]]
job2fam
[[1 0 0 0 0 0 0 0 0 0 0 0 0 0 0 0 0]
 [0 0 0 0 0 0 1 0 1 0 0 0 0 1 0 0 0]
 [0 0 1 1 0 0 0 0 0 0 0 1 0 0 1 0 1]
 [0 1 0 0 0 0 0 0 0 1 0 0 1 0 0 0 0]
 [0 0 0 0 1 0 0 0 0 0 1 0 0 0 0 0 0]
 [0 0 0 0 0 1 0 1 0 0 0 0 0 0 0 1 0]]
unit_cost
[ 8 10]
pre_factor
2.0
