mach
4
job_rate
6
weight
[ 0 10  4  9  9 10  1  9  4  8  5  9  3  4  3  7 10  5  5  8  4  3  2  3
 10]
proc_time
[[  0  99  84 119  54 150 139 149  93 131 125 109  82 141  93 143  96  71
   77  75 150 119 104 123 108]
 [  0 139 117  92 119  77  87 107 135  96  92  54 150 138  82  98  75 143
  118 144  82 132 104 147 103]
 [  0  68  90 119 120 100 121  69  95  79  60  69  91  63 135  54 132 117
   80 129  86 103  88  88 104]
 [  0  57 129  68 139  54  64 150  93 129  75  84 104 107  57 117  72  95
  147 116  84 130  92 129 148]]
setup_time
[[[  0 246  17 108  20 318  43 339 244  93 372 199 210  42 219 110 401
   383 233 206 300 191 152 187 334]
  [  0   0 109  41 245 309 361 385  29 287 413 227 171 145 115 172 204
    40 135 289  72 415 353 365 188]
  [  0 225   0 351 198 305 261 173 275 307  80 105 129 157 279  88 413
   201 391 156  55 136  82 348 399]
  [  0  19  13   0 229 384  83 163  23  44 107 354 281 356 340  90 206
   288 406 277  45 253  60 244 125]
  [  0 382 288 213   0  89 142 124 153 212   9 194 206 350  42  46   2
   143   1 254 114 187 120 177 340]
  [  0   3 122 196 306   0 132  90 181  21 306  33 237  14 371 281 375
   228  43 353 341 309 293  83 108]
  [  0 127 335 112 140 185   0 140   6  34  50 179 376 390  37 400 308
   241 210  95  56 279 334  31 295]
  [  0 232 118 202 240 312 329   0 319  54 161  42 389 315 340 410 413
   171 278 293 332 381 180 244 324]
  [  0 279 183 167 310 124 173  50   0 393  56 281 348 407  15 185 299
   315 380 340 305 338 205 159 229]
  [  0 204  39 365 323 402 160 376 246   0 256 325 179 155   4 265 101
   198  79  73 130 239 382 307  65]
  [  0 357 395 332 378  70 172 366 208 380   0 370 398 333  88 229  44
    46  56 193 312 193 380 151 195]
  [  0 107 349 118  95  86 284 289   3  13 186   0 397 123  66 335 389
   185 378 302 374 387  42 288 117]
  [  0 316 359 333 358 122 337 152 394  77 399 370   0 193 272 369 412
   318 390 297 194 389 106 107 230]
  [  0 288 235 407 290  31 267 334  55  11 260   9 254   0 174 144 207
   328 371 155 111 186  62 212  83]
  [  0 365 203 405 336 333 175 279 371  96  90 247 280  66   0 349 407
   195  35 263 155  84 255 139 345]
  [  0  71  97  25  65   4 241 282 128 250 147  68 386 198  66   0 411
   274 360 178 383 129 182 244 271]
  [  0 409  64 262 305 311 339 128 239  65 385 352  43 145  49 411   0
   379 268 240 359  96 152 242 178]
  [  0 228 335 204  69 197 378 378 116 295 210 294 102 334 152 392 123
     0 282 359 171 335 405 346 335]
  [  0 220 275  69 232  78 409 122 248 155 248 283 216 279 115 386  38
   259   0  49 197 273 193 305  83]
  [  0 168 108 112 408  66   3 264 362 263 306 243 297 163 130  43 325
   353  87   0 133 415  34 375  10]
  [  0 377 124  34 359 263  24 313 122 219 304 358 172 136 376  96 210
    61 299 376   0 367 191 245 389]
  [  0 336 278   5 107 300 184 328  98 370 194 140 315 325 134 358  39
   221 192  24 201   0 243 253 388]
  [  0 172 218   6 173 225 408  49 260  83  89 306  40 366 238 117 185
   187 220  49 143 263   0 396 230]
  [  0 248 301 322 289 274 149  69 217 137 108 305  44  65 400 159 416
   414 196 182 126 166 114   0 113]
  [  0 278 139 274  20   7  87 318 122 288  25 115 332  53 168  57 142
   367 146  21 338 150 180 344   0]]

 [[  0 312  69 205 263 179 238  57 396 342  57 297 225  53 174 347 154
   102 183 188  14 103 246 378  70]
  [  0   0 392 167 255 343 148 177  57 194   1  86 259 227 371 403 130
   386 296 328 174 337  40 303 191]
  [  0 132   0 334 240 220 129 174 323  50 213  96  74  56 220 167  28
    55  45 188 164 164 293 276 334]
  [  0 201  45   0 239 144 210   7  43  60  84 159 400 265 215  64 278
    42 354 239  94  55 138 356 363]
  [  0 367 260 218   0 315 358  50 164 202  85  67 101 324  86 189 367
   385 117 368  62 248  38 365  48]
  [  0 322 180 403  83   0 414 381  27 304 336 239 274 347 332  54 396
   144 311  33 200  52 319 302 184]
  [  0 241 193 404 218 357   0   7 391 169  64 268  88 111 200 277  96
   224 391  57 129  99 297 177 208]
  [  0 106 267 325  57 403 144   0 140 341  69 229 399  14  12 168 217
   301   5 345 273  57 400 166 139]
  [  0 328  72 146 358 231 193 219   0 195 247 198 193   4  97 387 274
   197 167 387 282  36 165 222 306]
  [  0  86  22 280  34  65  65  57 394   0 273 369 145 350  54 373 350
   205 347 161 262 121 296  36 154]
  [  0  47  94 278 288 416 320 230   2  68   0 229 101 162  87 321  44
   125  38 129 329  37 335 297 294]
  [  0 154 142 415 379 103 263  13 125 127 235   0 196  71 236 189 284
   350 358 318 246 160 128 185 111]
  [  0  86 326 374 413 175 393 208 248 394 372 387   0  17 280 316 112
   101 336   6 204  14 290  16 163]
  [  0   3 160 109 270 359 148  57 200 394 165  89 168   0 104 205 309
    92 328 378  75 102  29 188 285]
  [  0 186 175  19  19 222 136 101  50 293 402 136  92  97   0 266  74
   206 305 224  46  80   9 272 262]
  [  0 348 189  53 246 357 111 110 194  70 377 143 383 407 217   0 316
   168  40 384 405  40 262 288 388]
  [  0 237  86 344 384 225 371  45 367 383 237  90 327 328 376 385   0
   206 240 288 266 350  95  35 132]
  [  0  75 341 180 290 124 380 282 299 231 375 256 311  58 365 173 113
     0  88 302 257 293 355  70 290]
  [  0 370 298 387 129  70 276  30 169  71   5 284 410 362  91 163 267
   307   0 321 323 180 167   0 272]
  [  0 132  11 110 355  56 142 235 357 163 156 337 289 149 365  39 209
   415 131   0  71 115 269 402 333]
  [  0  44  96 280  56  49 112 163 195 271  77 195 104 350 265 301 403
   116  64 356   0  19  46  87  10]
  [  0 251 396  99 266 258  60  75 411 276 116 293  31 191 265 338 121
   262 389 100 280   0 347 402 123]
  [  0 339 189 173 362 337 386 307  92 325 179  61 144  95  11 388 326
   326 189 342 237 367   0 152 245]
  [  0 255 217 201 117  11 203 137  80 338  47 312  93 361 296 302 275
   276 275 346 172 209 133   0   3]
  [  0  26 334  85 274 301 244 252 308 351 133 263 235 300 282 203 253
   398  38  51  84  34  10 157   0]]

 [[  0 383  35  24 212 104 307 140 372 371 271  68 254 346 280   4 304
   100 157 328 206 214  79 120  11]
  [  0   0  23 153 160 122 265 250 271 206 112  68  56 334  31 148 263
   378 274 397 380 190 181 104  71]
  [  0  74   0 200 153 330  25 288 169 273 337 394 394 310  23 333  97
   402  82 291 168 140 260 186 398]
  [  0 283 220   0 141 355 253 270  47 163 224  77 197 385  47 354 166
   400 352 334  52 297 253 389 360]
  [  0 270 134  35   0 207 261  83 142 413 211 190 117   1 237  88 122
   205 131 384  11  49 264 278 202]
  [  0 150  20 254  64   0  45  90 367 172   0  57 362   5  62 352 380
   245 105   6 143 141  77  82 332]
  [  0 413 319 404 236 256   0 111 357 280  27  18 194 281 228 165 134
   186 324  46  40  25 174 367 203]
  [  0 392 121 199  90 413 414   0 257 136 186  51 262 333 275 122 407
   204 101 164 181 105  70 180 238]
  [  0 252 206 280 101 193  55 112   0 400  30 133  38 329 214 246 211
   124 385  79 216 154 280  22 231]
  [  0  36 179 192 208 273 171  51 277   0 357 337  65 331 223 344 396
   301 254 123 342 315 214 292  13]
  [  0 384  90 104 374  14   0 374 372 357   0  85 397 136 367  87   8
   104 272 298 228 344  43 143 127]
  [  0 169 159  67 221 226 327 300 328 309 260   0 127 394  70 232 237
    46 205 355 341 353 257 379  73]
  [  0  17 290  42 232  59 145  77  42 296 248  35   0 344 238 298 300
   154  59 135 262 372 140 301 323]
  [  0 109  51 154  14 125  30 174 206  39 333  94 155   0 239 380 312
    88  15 351  41 416 174 187   8]
  [  0  36 267 249 382  48 382 171  29 394 345 247 211 396   0 340 372
   159 135  64 356 325 362 324 183]
  [  0 307 188  55 287  63  87  59 202 117 261 228 119  70 372   0 373
   151 124 237 225 325 126 206 243]
  [  0 151 258  10 401 206 369 143  82 380  81 221 308 394 389 180   0
   326 416 404 322 173 308 357 399]
  [  0 296   6 326 223 122 385 333 178  23 172 347 260 270 213 244 369
     0 416   3 273  57 109  39 127]
  [  0  39 235  18 178 282 104 158 159 375 273 247  97 100 288 193 415
   215   0 137  60 157 401 228  67]
  [  0 279 320 220 206 348 372 273 307 382 357 195 356 147 407 409 291
   356 126   0 147 222  53  96   2]
  [  0   5 345 410 195 255 348 386 238 335 355 262 167 316   2 403 287
   210 125  32   0 154  66 281  61]
  [  0  62 413 262 153 409 334  33 311  37 316 133 405 183 309  32 104
   199 350  16 373   0  87 300 371]
  [  0 370 179   4 377 166 383 299 234 108 135 152 158  78 132 382  19
     0 282 348  55  13   0  12  62]
  [  0  87 394 105 335  75  56  66 253 375 322  36  70 338 413  86 380
   145 153 357 350  90 107   0  69]
  [  0 287 327 391 280 185  21  42 208 176 257 335 145  80 169  39 307
   342 302 295 289 178 131 395   0]]

 [[  0 140 129  94 232 348 414 294 160 299 305 265   9 219 228 359 384
   260  63 141  27   1 165 229   6]
  [  0   0 403  33 137 364 248 281 328  20 413 392 322 366 147 333 355
   192 404 340 106 162   9 114  44]
  [  0 228   0 139 206   3 331 122 173 177  26 165 325 339 404  65 197
   229 384 241 172 139 192 194  95]
  [  0 268  55   0   6 377 263 407 219 388 190 139 177 322 329  44 157
   259 354  22  38 160  52 338 299]
  [  0 408  36 337   0  35 356  54  65 100 105 308 170 128 191 315 247
   171 410 170 295 295  23  10 145]
  [  0  57  73  42 107   0 372 166 302  40 405  53 297  86  27 331 293
   361 267 189 106 130  49 345 391]
  [  0 376 330 295  10 235   0 117 324   4 137  66 350 366 214 333 259
   171 330 200 235 339 243 239 368]
  [  0 348 357  86 128 171 376   0 279 154 110 282 340 336 115  52 147
   205 164 258 288 214 399 255 375]
  [  0 373 215 390 261 396 288 241   0 297 131 235 330 407 293  41 243
     2 211 119  65   8 346 127 296]
  [  0 238 114 186 259  33 102 172 241   0 384  97  38 146 389 262   7
   127  90 117 187  78  30 394 382]
  [  0 148 341 206 253  15 133 380 194  68   0   2  19 125  53 186 317
    32 206 319 326 165 128 339 288]
  [  0 174 296 226  40  30 260 218 133 165 187   0  76 359 247  35 203
    89  36 199  28   6 317 105 340]
  [  0 143 324 118 135 246 203 188 293 218 294 297   0 198  35 354 248
   256   6 200 145 309  71 236 165]
  [  0  77 122 122 358 163 164 344  49 105 146 269 206   0  40  39 270
   249 335 310 183 383  65 243 278]
  [  0 109 342  12 156 327 189 101  61 100 142 217 147 382   0 278 281
   145   9  83 169 157 214  76 115]
  [  0 394  77 343  44 295  28 185  63 352  28   0 149 277 163   0 400
   374 404 230 336 401 288 312 101]
  [  0 171  67  63  72  19 307   3 243  56 149 221 223 369 250  69   0
    74 236  50  28 201   5  56 263]
  [  0  91 347 147 128  93 337  28 133 213  27  37 295  64 134  54  46
     0 239 319  34 174  47 320   9]
  [  0 292 267 328 349  28 384 311 106 413  85 213 322  52 322 107 355
   128   0 333 299 116 196 371 112]
  [  0 216 316  10 290  76  22 149  91 184 248 310 229 205 198 345 256
   116 244   0 315 313 278 109 339]
  [  0 211 344 311 286 190 278 367 288 373 228 108 204 356  63 379 271
   218 258 215   0 192  50   9 331]
  [  0 280 406 209  32 267  24 400  55 163  38  16 264 193 223  86 226
   321 263 173 305   0  18 167 249]
  [  0  63  35 167  43 345  49 302 170 416 349 186 122 169 191 381 361
   347 111 196  91 179   0  14  23]
  [  0 253 130 286 193 399  43 350 321 232 222 183 194 128 189  87  95
   165 317  83 220 285 238   0 143]
  [  0 113 382 140 136  69  92 129 248 378 327   9 284  74   0 105 363
   217 171 333 334 255 237 415   0]]]
release_time
[  0 311  36  85  25   4  88  13  58 149  20  81  25  34  29  93  32  81
 175  93  50 264  81  28  23]
due_date
[  0 323  95  91 102  84  93  92  87 205  90 111 108  89 100 101  94 109
 274  95  84 295  98  88 108]
unit_emission
[12  6 12  7]
emission_limit
17029.6
setup_severity
2.0
due_tight
0.9
due_range
0.25
release_tight
1
degree_constr
0.8
