mach
4
job_rate
6
weight
[ 0  2  6  2  4 10  4  4  9  1  3  6  4  6  5  3  5  9  9  9  3  3  9  2
 10]
proc_time
[[  0 130  92 135 115  54  54  61 114 143  61 136 138 148  74  62  81  54
  137  70  79 142 107  86 138]
 [  0 124 113  81  74 102 123  99  62 147 102 126 106 133  65 116  63  61
  111  67 120  60 122  68  76]
 [  0  83 138  67  99  73  89  82  54  90 106 135 125  92 124  60 108 102
  147 120  69 122 111  66  95]
 [  0  58 119  68 117 120  87 143  93  80  60  71  65  58  71  89  82 127
   86 111 112  71  87 122  98]]
setup_time
[[[  0 271  39   8 251 155 143 186 215 236 165  43 132 101 276  39 253
   374 291  18   6 287 360 179 103]
  [  0   0 291 216 353 252  94 169 347 138 117 275  52  39 233 163  37
   108 342 195 261 288 120 190 382]
  [  0  47   0   9 184  17 373 177 373 356 307 145 386 145  97 358 156
   339 311 308 209  29 374 321 246]
  [  0  90 330   0  90 236 289 313 362 297 223 100  53 251 102 139 189
   205 282 184 113 242 146 190 132]
  [  0   3 187  82   0 175  49 320 306 302 333 169  29 373 311 147 282
    57 287 331 265 210 237 205 120]
  [  0 189 321 196 139   0  49 351  39  64  23 309  34 328 220 351  52
   234 338 240 172 203  97  55 216]
  [  0 382 272 379 214 277   0 248 355  50 188 339  31 123 123 245 198
    56 233  17 313 101 370  48 284]
  [  0 266 379 363 122 373 117   0   6  94 224  51 326  82 308 298 373
   152  58 292 133 261  11 196 256]
  [  0 146 349  47 219  32 226 198   0 192 293 259  19 267 144 306 290
    47 300 127 117 364 381  39 377]
  [  0  94   1 190 154 274 375 105 353   0 272  60 223  10 128 378 345
   302 205  26 282  29 123 231 179]
  [  0  77 130 293 202 289 149 138 160 339   0 198 348 288  70 334 159
    20 250 324 369 221 118 334  98]
  [  0 354 262  98 304 329 296 335 234 122  63   0  44  68 260 164 146
   145  34 156 195 382  91 293 108]
  [  0 328 174 163 182 295  47 248 374  24 152  17   0 118 259  37 315
   129 154 363  46 361 339 297 370]
  [  0 119  88 269 194  39 218 248  46  20 321 122 341   0  97 281 105
   244 236 112 301 216  12 275 124]
  [  0 169  63  85 245  14  87 172 146 376 357  17  92 381   0 194 311
   122 199  48 106 368 108 137  65]
  [  0  72 169  19 200 367 338 338 349 295 244 384 324 137 211   0   8
   181  76 366  42 327 161 358 207]
  [  0 112   5  57  40 348 307 317  56 150  98 333 124 310 293 350   0
   314  29 274 115 239 244 204  40]
  [  0 216 238 273 128 187 283  27 328 167 113 163 311 109 253  29 314
     0 275 207 125 156 325 139 100]
  [  0 184 100 151 154 305 201  64 365 356 245 365 230  82 188 297  82
     1   0 367 333 371   7 281 117]
  [  0 141  60  88 306  71 143 208 161 215  69 242 253  10 210  82 245
   359  12   0 103  39 123 207 140]
  [  0 123 318 328 100 298 290 220  53 144 104 275 311 291  96 157 147
   328 195  26   0 154 385   6  78]
  [  0 347 120 299  30 345 221 195 131 308 276 103  27   3  81 301 261
    77 149  36 173   0 112 316 189]
  [  0  52 112 164 239 312  26 260 244 115 115 382  40 320 167 166 304
   341 187  78 206 197   0  32 387]
  [  0 282 268 113 373 165  33  14 310  57  32 306 189 249 186 282 105
   234  99 308 354 321 343   0 250]
  [  0 149 244 310  52 164 215 313 162 301  10  76 209 329 262 288 283
     9 112  86  97 340 108 105   0]]

 [[  0 380 101 332 308 194 174 239 379  10 140 355 270 328 297 143 342
    52 260 181 262 255 296 196 356]
  [  0   0 372 196 195 283 172  55 128 123 274 159  60 244 369 174 374
   146 118 104 335 239 182 276 253]
  [  0 280   0 379 153 228 210 322 246  49 112  65 262 230  64 204 191
   136  72 147  35  91 186 276 243]
  [  0 285  11   0 207 371  47 160 165 381 372   3 138 141  12 198 100
   303  50 366 213  14 240 101 223]
  [  0 224 120 178   0 199 275  72 251 247 379  38 325 267 327  72 243
   291 238 184 234 229 241 183  59]
  [  0  85  77 310 355   0 144  72 351 137 225  90 180  16 171 222 362
   303 270 122  52 249 283  65 139]
  [  0 175  49 299  48  13   0  92 157 348 209 150  49  25  67 224  40
   193 333 196 329 384 198 334 281]
  [  0  34 231 125 330 301 222   0  12 358 265 165 252 387 273 100 306
    90 325  76  22 196 334 166  51]
  [  0 248 186 117 301  50 154 253   0 170 211  63 324  28 104  11 103
   267 297 216 170  85 245 237 180]
  [  0  43 140  98 244  85  20 387  65   0 164  81 155 101 238 366 313
    33 265 239 231  27 133 346 275]
  [  0 254  19 257 237  29  38 367 105 199   0  10 224 385  27 336  41
   200 245 336  95 248 301 260 183]
  [  0 364 382 155 378 189 357  35 100 325 257   0 209 261  13 387  27
   267 143 205  21 385  42  97 200]
  [  0 254 222  20  94  39 308 340  67  86 353 112   0 386  81 343  86
   309 115  23 327 245 361  17  37]
  [  0 142  50  64 248  81 239 134 352  41 288 353  13   0  70 105 299
   312 204  30 342 204 357 108 227]
  [  0   7 230 271  62 386 148 271 305  98 114 233  10  43   0  18 211
   120 331 342 160 244 356  19 281]
  [  0 281 202 102  49 191 359 134 195  45  26 249 172 377 248   0 116
   156 133 383  29 382  18 190 260]
  [  0 303 260 136  69 314 131 117 131  20 190 126  66 183 144 132   0
   131 332 330  81 222   4  33  13]
  [  0 362 113  41 174 354 186 129 317   7 160   2 358 170 203   2 276
     0 175 327  97  96 273  58  96]
  [  0  68 104 222 350 213  89 195 143  99 122 346 265  26  21 347 226
   215   0 258 284  78 196 242 117]
  [  0 351 298 163 208 113 121  50 115 149 180 201  60 226 172 153  78
   319 262   0 212 262 243 356 312]
  [  0 341 188 354 285 201 340 339 259 290 196 187 219 358 189 169 335
   355 135  22   0 332 134 298 269]
  [  0 173 377 192 345 316 354 345 380 366 111  85 157 186 205 197   0
   204 334 121 332   0  52 250  72]
  [  0 109 384  11 133 103  25  44 166  64 135 158 198 144 351 351 333
   329 126  39 146 243   0 297 316]
  [  0 290 195  92 152  73 355 131 334 134 164 344 356  44   7 285  22
   168 206   3 308 135 364   0 303]
  [  0 357 311 375 123 243 359 130  59 214 159 163 253 319 275  99 228
   113 296 156 277  19 191  71   0]]

 [[  0 166 354 194  23 233 379 254  95  35 325 108  13  46  84 284 200
   362 231 281 164 146 162  56 279]
  [  0   0 269 100  22 247  36  11 341 267  98 183 108 303 156 332 335
   275  28 293 227 288 221 133  82]
  [  0 297   0  56   6 115 300  86 142 273 327  35 289 150 257  64 290
   151 200 379 124 143 225 344  90]
  [  0 100 292   0 322 257 214 142  13  78 259  44 142 351 315 175 194
   350 185  62  89 159 151 338  79]
  [  0 356 323 259   0 341  50 346 259 162 105 244 320  12  67  65  26
   344 262 143 127 142 276  67 209]
  [  0 153 154  93  84   0 374  87 265 275 255 365 378 235 171 225 126
   120  12   7  20  67 166 317 107]
  [  0 315 176  53 379 210   0 145 378 150 148 218 279  32   4 181 167
   326  52 213 151 281 284 141 111]
  [  0  61 132 352  44  37 200   0 216 273 356 386 191 250   5 134 230
   363 192 216 323 147 289  69 329]
  [  0 375 138  74 213 226 174 322   0 294 116 277 159  68 251 153 218
   331 117 147 115   8 251  23  23]
  [  0 357 308  94 322 271  43 163 383   0 255 171 146 360  88   5 345
   189 372 133 352  26 337 274  91]
  [  0 373  60 148 299  69 156 207  79 347   0 383 125 110 293  29 211
   154 168 329 321  38 142 274 371]
  [  0 322 306 158 258 121 251 153  47 378 176   0 304  34 188 162  64
   202 318 276 204 316 361 224 315]
  [  0 294 259  75 103  63 265 203 213 115 320 360   0 376 268 230 205
    82 117 123 179  11 152 174 378]
  [  0 139 245 299 217 231 225 216 301 244 151 320   6   0 272  69  15
   215 168  30  41 319 234 161  29]
  [  0 385 318  68  49 298 177 271  84 334 161  60  32  24   0  73  58
   297 326 327 206 209 236 115 260]
  [  0  56 198 365 163 277 245 172  97 107 252 109 354  69 141   0 238
   291  21 304 377   1 167 354 356]
  [  0 170 217 264 319 351 232  66 320   9 319 337  67 158 121  74   0
   205 131 367 116  81 108 120  16]
  [  0  95   8  61 117 302 259   8  48 244 343 158 190 138  40 248 344
     0 374 178 117 225 358 162 198]
  [  0 320 382  39 342 187  43 203 260 266  15 304 376  31 174 141 226
   299   0 353 265  39 352 361 141]
  [  0 230 133 270 350 299  98 386  89 255  90 133 265   6 229 141  39
   305 297   0 201 387  47 299 187]
  [  0 193 313 126 368 269 125 147  74 363 279  61 184  81 206  24  72
    27 338 224   0 270  48 105 374]
  [  0 355 207 339 218  65 379  54 269  77 318 236  37 169 302 304 287
   250 377 184 154   0  21  80 147]
  [  0 376  22 235 381 195 156  22 214 174 321  78 124 321 268 371 212
    18 236 170 273 364   0 224 289]
  [  0 300 368 373  38 374 373 184 107   8 117  47 158  26 359 135 149
   370 227 209 376 255  68   0  96]
  [  0 194 121 185 329 282  68  63 384 153 345 331  66 177 146  83 145
   231 156 360 246 302 261 104   0]]

 [[  0 161 171  55 243   4 299  95 309 119 234 309  19 349  43 294  15
   345 177  70 233  38 121  35 282]
  [  0   0  89 216 274  88 327  86 250  75 127 329  90 262 187 285 217
    85  13 200   3 311  50 268  63]
  [  0  23   0 192  39 208 165 279 265  67 178 333 299 264  19 124 382
   143 295  37 236 298  45  27 125]
  [  0 128 338   0 169 207 340 362 240 214  98 242  59  14 284 313   3
   166 242 302  79 163 238 175 369]
  [  0 107 216 228   0 313 381 135 222 149 367  76 205 247 119 130 227
    48 110 160  56 168 249  52 181]
  [  0 333 196 262  10   0  65  47 180 206  68 152 161 267 154 108  32
   308 374 337 199 386 271 362 236]
  [  0 337 236 241 168 145   0 378 148 135 328 386 377 348 106 103 195
   229 195 193 145  60   0 261  31]
  [  0 345  37 227  67 352 108   0  63 130  80 370 256  44 272 363 245
   272 288 311  83 263 123  87 235]
  [  0 225 156 248  12 200 210 180   0  79 272  29 240 174  83  76 203
   227 251  99 306  91 195 379 253]
  [  0 281  84 243 124 249  13  58 328   0 203  23  48 359 148 382 186
   130   7  64 359 134 202 189 296]
  [  0 315  29 297 194 171 373 157 228 206   0 229   2 217 249 351 382
     6 260 312 289 159 299  97 160]
  [  0 112  97 118  36 241 222 330  44  12  36   0 196 115  74 349 143
   276 379 166 290 123 261 145 275]
  [  0 272  28 117 313 211 154 276 288 108 274 128   0  99 384 267 176
   367 149 276 153  74  98 291 325]
  [  0 330 152  86  19 279 272 168  27 347 245  70  27   0 158  45  39
   126 282 302  74 177 223 181 149]
  [  0  86 380 343  75 316 266  15 236 247 225 339 385 199   0 284  52
   159 146 341 142 241 202   4 377]
  [  0 317 365  74 215 308 329  83 253  38 268 332 231 373 136   0  20
    18 265   9 275 273 166  31 336]
  [  0 348 251 355 196 214 183 299 269 161 123 342 231 131 372  98   0
   345 336 322 383  43 383 307 173]
  [  0 207 342 262 170 100  33 176  65 184  26 190  54  17 161 167  66
     0 306  17  62 105  49  82 160]
  [  0 290 284 169  70 325 255  81  67 331  80 258 165 180 108 119 182
   118   0 230 306 233 182 181 241]
  [  0 165 310 233 314 242 335 340 326 154 153 317  70 240  24 177 184
   339 237   0  70 332   6 219 165]
  [  0 199 128  74 217 361 277 249 192  40 344 229 145  33 128 332 300
   299 185  71   0 379  62  46 352]
  [  0 333 220 333 368 221 229  27 380  74  23  59 317 133 245  63 380
   262 292 278 303   0 366 284 382]
  [  0 373 174 132 262 345 108 276 267 252  99  88 287 242  87 190 181
   217 153  87  45  38   0 280 233]
  [  0  17 119 384  20 338 282  72 140  39 214 309 102  64 189 315 145
    79 270 182  17 138  50   0 294]
  [  0 163 151   2 201 271 372  37 326 255 241 295  34 127 159 246  15
   224 252 294 171 207 323 105   0]]]
release_time
[  0  39   9 158  76  19 189   7  40  78  73  88  10  69  28  67  64  61
  34  45  19  74  11  71 237]
due_date
[  0  82  87 217  85  84 238  93  94  91  82  92 101  94  83  87  81  84
 101  79  99  82  95  83 295]
unit_emission
[4 8 9 7]
emission_limit
10846.4
setup_severity
2.0
due_tight
0.9
due_range
0.25
release_tight
1
degree_constr
0.8
