param: 
proc_time: (1, 100)
setup_rate: 1.0
setup_time: (30, 60)
delivery_time: (170, 200)

mach
2
job_rate
8
fam
5
setup_rate
1.0
proc_time
[[ 0 57 94  3 44 19 88  7 50 67 30 35 26 36 42 53  4]
 [ 0  4 28 64 60 58 61 93 91 69 67 22 94 58 92 41  5]]
setup_time
[[[ 0 59 52 43 57 60]
  [ 0  0 41 59 38 35]
  [ 0 45  0 50 56 53]
  [ 0 42 47  0 31 30]
  [ 0 35 35 43  0 54]
  [ 0 49 46 60 35  0]]

 [[ 0 32 39 35 51 44]
  [ 0  0 49 45 42 41]
  [ 0 44  0 52 56 41]
  [ 0 38 55  0 53 31]
  [ 0 40 48 52  0 48]
  [ 0 59 35 43 33  0]]]
delivery_time
[[  0 188 177 184 171 194 174 184 172 179 195 198 200 196 187 198 199]
 [  0 181 199 196 176 188 199 193 179 182 180 184 191 175 183 196 176]]
job2fam
[[1 0 0 0 0 0 0 0 0 0 0 0 0 0 0 0 0]
 [0 0 0 0 0 1 0 0 0 0 1 0 0 0 0 1 0]
 [0 0 1 1 0 0 0 1 1 0 0 0 0 0 1 0 0]
 [0 0 0 0 1 0 0 0 0 0 0 0 1 0 0 0 0]
 [0 1 0 0 0 0 0 0 0 1 0 1 0 1 0 0 1]
 [0 0 0 0 0 0 1 0 0 0 0 0 0 0 0 0 0]]
unit_cost
[21 27]
pre_factor
2.0
