mach
2
job_rate
5
weight
[0 5 5 5 8 6 9 2 7 2 7]
proc_time
[[  0 143  60  87  88  91  70 150  67 136  77]
 [  0  65 146 145 131 109 114  95 110  58  90]]
setup_time
[[[0 2 4 3 3 1 4 1 2 0 1]
  [0 0 5 2 5 3 1 5 5 4 1]
  [0 0 0 0 1 1 5 5 2 2 1]
  [0 5 4 0 3 4 3 2 5 5 5]
  [0 4 2 0 0 5 1 2 4 3 2]
  [0 4 1 5 2 0 3 0 4 2 1]
  [0 3 3 2 2 3 0 5 5 0 0]
  [0 0 0 3 0 2 1 0 0 2 2]
  [0 1 2 4 1 2 0 4 0 4 4]
  [0 3 5 2 1 2 0 1 2 0 3]
  [0 0 0 3 5 4 1 5 2 2 0]]

 [[0 5 0 4 5 3 2 2 0 3 3]
  [0 0 1 5 2 2 2 0 1 4 0]
  [0 3 0 0 2 2 5 3 3 0 3]
  [0 3 4 0 0 4 2 4 2 4 3]
  [0 4 1 2 0 0 5 3 4 4 0]
  [0 5 3 4 2 0 3 1 5 3 2]
  [0 2 3 3 2 2 0 0 1 5 3]
  [0 0 1 5 5 2 5 0 2 4 2]
  [0 4 0 4 2 1 0 3 0 1 5]
  [0 2 2 5 5 5 4 4 4 0 0]
  [0 4 3 5 2 0 3 3 2 0 0]]]
release_time
[ 0 12  7 38  0  1 24 36 17  7  4]
due_date
[ 0 12 36 45 10 13 39 38 21 25 16]
unit_emission
[2 3]
emission_limit
1734.0
setup_severity
0.02
due_tight
0.9
due_range
1.0
release_tight
1
degree_constr
0.2
