param: 
proc_time: (1, 100)
setup_rate: 0.5
setup_time: (15, 30)
delivery_time: (1, 30)

mach
2
job_rate
8
fam
8
setup_rate
0.5
proc_time
[[ 0 30 15  6 49 58 96 44 97 75 61 43 56 40 44 70 51]
 [ 0 46 13 10 91 38 41 89 95 88 35 77 64  1 98 17  3]]
setup_time
[[[ 0 15 28 27 19 23 28 26 25]
  [ 0  0 19 21 20 16 29 15 25]
  [ 0 24  0 18 18 26 19 21 17]
  [ 0 15 23  0 16 18 29 17 29]
  [ 0 21 18 15  0 28 21 28 18]
  [ 0 16 30 21 29  0 25 22 17]
  [ 0 26 23 23 22 15  0 26 17]
  [ 0 17 23 22 17 28 17  0 19]
  [ 0 27 26 30 18 29 25 27  0]]

 [[ 0 18 20 21 22 23 23 21 28]
  [ 0  0 27 17 28 23 23 20 27]
  [ 0 28  0 28 20 15 21 19 30]
  [ 0 23 25  0 29 24 18 29 15]
  [ 0 23 22 24  0 18 18 28 30]
  [ 0 20 17 17 19  0 17 28 19]
  [ 0 15 20 27 15 24  0 21 21]
  [ 0 22 27 27 16 26 27  0 19]
  [ 0 30 19 27 30 16 30 28  0]]]
delivery_time
[[ 0 12 16 26 28 18 30  2 19 23 20 12  1 10 27  8  5]
 [ 0  6 11 19 16  8 14  3 17 21  2 13  1 10 29  5 15]]
job2fam
[[1 0 0 0 0 0 0 0 0 0 0 0 0 0 0 0 0]
 [0 0 0 0 0 1 0 1 0 0 0 0 0 0 0 0 0]
 [0 0 0 0 0 0 0 0 0 0 0 0 0 1 0 0 0]
 [0 0 0 0 1 0 0 0 0 0 0 0 0 0 1 0 0]
 [0 0 0 0 0 0 0 0 1 1 0 0 0 0 0 0 0]
 [0 0 0 1 0 0 0 0 0 0 0 0 0 0 0 0 0]
 [0 0 1 0 0 0 0 0 0 0 1 0 0 0 0 0 0]
 [0 1 0 0 0 0 1 0 0 0 0 0 1 0 0 0 0]
 [0 0 0 0 0 0 0 0 0 0 0 1 0 0 0 1 1]]
unit_cost
[8 9]
pre_factor
2.0
