param: 
proc_time: (1, 100)
setup_rate: 1.0
setup_time: (30, 60)
delivery_time: (1, 100)

mach
2
job_rate
8
fam
8
setup_rate
1.0
proc_time
[[ 0  7 24 70 71 47 24 44 77 55 36 55 63 79 85 49 65]
 [ 0 92 90 56 92 90 92 86 56 40 97  2 67  5 82 68 13]]
setup_time
[[[ 0 60 60 57 45 33 31 38 44]
  [ 0  0 31 38 55 55 42 47 45]
  [ 0 30  0 37 42 58 35 30 58]
  [ 0 42 48  0 44 49 44 45 30]
  [ 0 42 30 40  0 49 35 39 36]
  [ 0 52 57 47 30  0 46 56 46]
  [ 0 60 35 44 36 56  0 54 43]
  [ 0 35 56 50 51 54 33  0 33]
  [ 0 45 53 44 33 43 32 39  0]]

 [[ 0 48 59 53 34 59 53 35 33]
  [ 0  0 44 36 37 46 30 46 44]
  [ 0 41  0 60 39 52 38 53 57]
  [ 0 53 55  0 45 32 54 32 39]
  [ 0 54 41 44  0 40 53 43 51]
  [ 0 47 35 39 52  0 43 39 39]
  [ 0 35 49 45 34 33  0 45 58]
  [ 0 42 57 60 47 34 49  0 30]
  [ 0 34 46 59 38 47 49 57  0]]]
delivery_time
[[ 0 47 79 43 81 80 37 58  9 25 36 46 58 59 33 76 32]
 [ 0 48 30 18 11  7 81  3 31 65 68 76 53 15 53 84 33]]
job2fam
[[1 0 0 0 0 0 0 0 0 0 0 0 0 0 0 0 0]
 [0 0 0 0 0 0 0 1 0 0 0 1 0 0 0 0 0]
 [0 0 0 0 0 0 0 0 0 0 0 0 0 0 1 0 1]
 [0 0 1 0 0 0 1 0 0 0 0 0 0 0 0 0 0]
 [0 0 0 0 0 1 0 0 0 0 0 0 0 0 0 1 0]
 [0 1 0 0 0 0 0 0 1 0 0 0 0 0 0 0 0]
 [0 0 0 0 0 0 0 0 0 0 1 0 0 0 0 0 0]
 [0 0 0 1 0 0 0 0 0 1 0 0 0 1 0 0 0]
 [0 0 0 0 1 0 0 0 0 0 0 0 1 0 0 0 0]]
unit_cost
[10  9]
pre_factor
2.0
