mach
4
job_rate
6
weight
[0 5 5 1 6 8 3 4 6 9 1 7 9 8 5 4 4 2 7 6 9 2 1 8 5]
proc_time
[[  0 117  59  83 129  81 111  52  94  81  63 138 140  68 103 106 147  74
   97  83 130  65 116  66  55]
 [  0 131  81  54  58 127  56  76 146  77 117 150  53  57 133 150  67 101
  142 142  83 129 116  92 135]
 [  0  50  67  85 113  89  99  70  77 106  99 125 141  81  53 130  60 144
   69 102 107  82 113  79 102]
 [  0 122 134  61  90  56  91  66 148 144  76 148  68 145 142 137 120  97
  102 141  50  65  76 134 138]]
setup_time
[[[  0 209 272 280 315  86 356 179 377 187 252 115 259 148 355 236 387
     1  94  79 122 234 320  85  69]
  [  0   0   6 357 223 208 307  63 395 395  45  36  94 205   3 165 319
   211  67 260  58 140 189 176 228]
  [  0 396   0  13  36 115 121   6 280 385 175 123 201 309 278  72  51
   289  59   8 357 210  73  77 152]
  [  0  95 148   0 216 314 162  84  61 296 295 116 380 129 117 182 202
   335 285 217 222 290   6 189 314]
  [  0 335 301  47   0  94  69 394 123 309 319 164  31  64 109 325 298
   363 152 343 161 147 253  38 190]
  [  0 266 136 267  86   0 167 337 196 302   1  87 374  51   6  68 176
   295 390  28 315 162 225 317 305]
  [  0  48 324 126 390   1   0 298 240 222 175 349 360 267 139 197 108
   378 311  53 120  22 247 196 353]
  [  0 390 282 371 383 108 121   0 145 164  27 373 335  31 171 167 180
   223 252 380  73 394  56  31 256]
  [  0  90 225 229 381  85 147  95   0 252 379 163 313 377 165  77 199
   111 194 274 135 218  57 144  94]
  [  0  92 101 256  65 144 173  90 211   0 326 145  70 182  54 300 168
     3 145 276 218 293 225 100 315]
  [  0 281  20 231  16 292 348 185 100  74   0 300 201 284 367 207 295
    33 191 200 153 269 386  20 340]
  [  0 106   0 345  82 173 254 260 160  52 325   0 334 171 273 146 385
   260 397 135 392 123 257 390 306]
  [  0 368 272 352  45  71 137  49 189 386 385 252   0 226 148   3 230
    38  54 316 190   7 172 312 309]
  [  0 164 255 293 396 299 397  32 363  26 276 109  75   0 113  45  73
    62 323 386 384 272 332 145  83]
  [  0 373 100 125 389  10 306  85  42 154 128  85  76 102   0 306 307
   190   5 277 169  71 183 238   8]
  [  0  32  27  99 220 339 196 215 128 260 156 230 349 366 382   0  77
   328 363 195 389 252 250 304 204]
  [  0 233  22 291 305 188 120 271 287  97 170 134 205   6 184 188   0
   297 324 142  28 290 213 279  63]
  [  0 275  51  23  64 277 333 358  57 294  40  72 367 126 216 183 160
     0  96 232 191 253 106 394 252]
  [  0 371 359 349 230  19  66 260 214  54 210   3 311  88 179 285 376
   105   0 385 322 280 136 108 372]
  [  0   5 161 288 378 190  41  59  94 110  66  44 329  47 156 197 269
    22 154   0 161 121 172 298 154]
  [  0 159 274 173 119  45 232 383   0  61  49 303 360 273  91  72  48
   246 128 342   0 181 318  23 271]
  [  0 202  39 374 192 224 346 240 259 383 131  43  52 386 344  36 314
   158   0 292   4   0  41 114  58]
  [  0 319 353 321  44 217 222 236 205 357 300  84 205 101  10 163 344
   369 218  78  48 296   0 281 382]
  [  0  25 161  57 382 225  71  21 110 224 396  40  95  98  96  82 367
    97 166 116 169 164  54   0 339]
  [  0 107 115 101 350 117 294 211  24 153 273  10 230 356 138 241 381
    39 257 272 188 293 294 236   0]]

 [[  0 369 287  19 376 309 291 336 102 227   0  95 233 351  78  49 122
   300 190 233 314 366 323 273  35]
  [  0   0  53   8 202  74  85 251 292 304 270 145 256 185  18  88 289
   328  24 292 379  78   4  39 136]
  [  0 383   0  56 107   6 381 357  97 261 296  52 217 299 201 317  86
     2 145  92 192 337  76 367 284]
  [  0  10 353   0  97 305  12 115 310 248 205  97 238 112 133 202 364
   272 296 361 189 186 164 208  52]
  [  0 382 163 354   0 149 321 353 152  87 262 271 362 377 266 278 144
   367 286 182 228 249 197  91 153]
  [  0 150 242 370  88   0 259 330 362 241 239 145 377 149  67  91 301
    68 179 148 363 365 313 301 220]
  [  0 292 214  74 245 233   0  81 169 387 117 114 185 184  25 297 208
   391 288 305 104  45 101  59 296]
  [  0 319 347 373 279 288 150   0  42 370 397 173 397 258 333  39 228
   351 212 245 177 173  37 177 317]
  [  0 155 110 140 185 203 137  69   0 109  15   9 362 337 147 253 172
   183 346 368 177 128 307  28 246]
  [  0 392 319 186 144  72 154 139 395   0 214  36   0  98 131 384  34
   133 369 332 373 381 104 204  97]
  [  0 394   4  74 239 277  37 331 128 376   0 219 391   8  56 220 215
   269 365 346  39 351   9  65 271]
  [  0 119 101 253 347 239  66   3 113 395 137   0 345 172  21 364 124
   356  97 109 314 326 393 250 168]
  [  0 397 213 316  95 254  25  92 391 135  76  36   0 336 213 311 365
   245 286 249 382  22 155 388 391]
  [  0 328  96 292   4 100  53 272  64  27 285 374 284   0 382 164 104
   196  74 384 211  21 379  22 289]
  [  0 282 260 190   2 246 153 148 303  99  79 172 304 281   0   9 109
   212  11 145 374 280   4 252 214]
  [  0 211 142  19  29  55  45 235 193  96 233 167 217 109 360   0 242
   263 347  39 183 241 268 364  59]
  [  0 309 155 209 119 115 261  65 384 144  36 182  89 276 159  27   0
   380  90  66  28  82   3 276 377]
  [  0 308 197  27 200 218 191  82 126 393 192 310   2 125 260 269  79
     0 259 231 302 174 291 182 289]
  [  0 253 161 371 307  48 162 246 309 242 392 149 232 169  38 128 148
   385   0 145 212 352 394  24 299]
  [  0  85 146 347 337 259 367 204 147 243 325 168 291 300  47 210 262
   335 381   0 176 361 189 216 324]
  [  0   9 128 341   2 308 352 391 228 284 303 271 229  57 124 132  59
   370  63 397   0  60 283 201 187]
  [  0 362 358  88 370 389 336  93 113 163  94  48 373 294 395 262 328
   218 119  88 396   0 380  62 225]
  [  0 346 397 352  41  10 214 200  30 343 388 101 107  81 119 323 228
   204 282  10 332 347   0 368 294]
  [  0 197 246 381 194 159 137  55 314 323 197 261 337  36   2 235  51
     8  61 124 125 354  68   0 396]
  [  0  62 251  76 393 237  59 203 374  46   4 315 190  48  91 158 225
   185 241 203 300   5 111  82   0]]

 [[  0 214 113 378 318 334 144 382 210 292 166  46 363  27 240 350 240
    89  86 210 303 262 256 364 109]
  [  0   0 367  59 236 217 116 195 183 142 278 283 144 182 251 270 268
   358 362 254 104 223 127 193 185]
  [  0 268   0 355 212  58 270  45 304 266 349 237  80  33 167 234 180
   237 388 293  18 277   7 188 138]
  [  0 325 223   0 309 107 355 303 277 175 141 122 220 239 261 341 200
   220  54 240 104  10  50  81 116]
  [  0   0 358  11   0 158 206 237 257 231  95 397 139 291  48 120 131
   240 222 257 162 165 147 391 176]
  [  0 152 142 116 258   0 187  32  10 323 282 153 193  50 351 138 370
   128  98  50 309  96 185 332 212]
  [  0 278  73 315  93 354   0 188 379 325 241 334 397 293 360 365 229
   118 185 316 124 353 299  73  67]
  [  0  81 200 160 301  17 192   0  38 212  64  57 127  62  67 163  72
   103 365 373   5 352 134 230 192]
  [  0 140 275   7 173 125 122 247   0 340  86 119 243  40 231 348 150
   353  19 105 392   5  55 193  14]
  [  0 357 297 236 385 213 239 364 304   0 205 303 222 235 187 303  39
   190 290 347 216 234 384  29 249]
  [  0  40 100 335 228 237 184  49 287 392   0 386  19  51 312   1 341
   276 295 137 294  56 278 157 177]
  [  0 213 161  97 249  91  20 104 215 304 357   0 376 222 258 100 250
   205 185  13 279 252 287 242 249]
  [  0 215 340 309 310  62 197 180 349  54 101 236   0  17 269  36 105
     7 239 283 128   2 297  36 389]
  [  0 341  26 394 327 244 176 368 161 190  84  58 316   0 255 287 221
    15 262 235 388 288 155 342 341]
  [  0  21 230 161 236 295 200  56 327 255 167 380 262 163   0 389 117
   318 344 266 320 105 176 320 350]
  [  0  50  33 135 304 250  14 270  58 389  10 274  43  60  20   0 170
   199 208 264 111  29 292 328 159]
  [  0  84 382 211 278 358 273   3 361 288 107 103 350 137 370  44   0
   367 242 254 279 315 140 179 159]
  [  0 300 318  24  16 266 376 357 243 270 243 270 275 275 290 208 151
     0 267  98 173 276 390 353 387]
  [  0 325 131 103 251 125 210 109 303 312 123  15 358 286 233 378 122
   131   0  42 221 270 337 158 230]
  [  0  28 294  96 225 353  12 187 207 117  31 342 242 142 263 354 306
   334 119   0  85 278 300   1 313]
  [  0 246  74  74 126 315  14 167  40  99  31 230 124 140 198 160 347
   236 296  81   0 162 359 163  18]
  [  0 245 115 256 387 372  93 113 341 120 239 145 122 285 137 258  13
    12 309 390 220   0 331 375 144]
  [  0 218  47  78 307 134 232 179 136  61  73 249 102 300 328 305 374
   298  60 364 115  48   0 176  92]
  [  0  94 300 118 165 291  47 261 321 259 205  70 308  32 156 215 268
   226 184 173 351 145  93   0 110]
  [  0 186 273 154 304 349   9 371 211 147 315 119  62 290 102 169 216
   397 288  97 249 343  22 217   0]]

 [[  0 212  66  44 226  57 136  99  61 291 207 322 303 366 165 260 203
     7  28  74 315  36 203  10 313]
  [  0   0 142  18 357 197 299 115 135 261 305  17   2 175 104 320 289
   332  64   9  31  14  24  90 225]
  [  0 207   0  43 164 365 337  46 367 189 202 290 218 118  63 265 170
   148  13  96 331  64 152 146 322]
  [  0 105 159   0  87 240 293 344  77 122  76  82 149 310  36 147 185
   203 255 150 264 171  77 234 116]
  [  0  88  14 276   0 151 350   6 241 345 280 302  69 295 231 109  80
    42 298 280 293  99 192 234 217]
  [  0  61  34  89 237   0 285 252  52 200 323   1 208 227 272  11  26
   250 382  97 371 172 390 156 171]
  [  0 234 309 166 171 317   0  12 333 366 153 249 359  75 181 345 157
   347 164  20 119 125  73 322 128]
  [  0 373  52 139 137 117  60   0 255 252 280  89 237 155 345 158 334
   199 346 387  82  93 101  79 393]
  [  0 331 349  22 339 312 148 216   0 390 346 122 377 291 309 133  40
   291 304 299   8  18 343 166  22]
  [  0 275 204 268  75 271 348 353 207   0 267 346 308 289 147 227 234
    73 304  36 107 135  25 220  11]
  [  0 211 181 279 249 373 188 240  43 179   0 348 210 229 229  81  88
   268 107 239 274 205 204  19 343]
  [  0 106 274 218 186 391 303 312  56 117 380   0 332 160 120 308 128
   122  97  96 238 297 297 254 396]
  [  0 224 357 310  47  54 346 301 263  30 380  60   0  11 360 245 257
   392 178 348 237  42  85  56 117]
  [  0  25 142 140 344 204 312 182  45  95  80 164 309   0 186 184 213
   367  66 239 280 360  87  31  18]
  [  0  57 360 321 341  57  30 285 112 181  64 130  10 118   0 251  83
   255 222 331 255 145 339 256 168]
  [  0 105 149 277 138 357 341 285  18 293  80 312  87 133 113   0 330
   119  66 244  98  18 329 117 343]
  [  0 233 312  17   3 172 191 227 310 329   0  95  20 218  17  38   0
   316 210  68 242 196 136 134 235]
  [  0 396 282 251 371 335  36 352  82 373 393 376 142  58 158 205 296
     0 120 102 155 364 395 205 316]
  [  0 365 256 183 390 189 270 104 284 344 223 334  17  25 196  62 236
   189   0 113 156 211  44 353 266]
  [  0  99 390 345 218 196 151 297 228 223 262 262 131 226  70  72 129
   227 141   0  40 266 136 236 171]
  [  0 316 227 144 251 126  13 151 393 253  81 253 144 326 366  37 157
    30 291 396   0 183  43  70 236]
  [  0 227  47 211 161 353 342 199 240 167 318  96 395 259 156 345 133
   380 234 384 363   0 326 139 295]
  [  0 204 277 151 189 286 209 341 394 233 333 267 276 143 200 155 246
   391 343  72 226 211   0   4 353]
  [  0 349  74 140 337 309  24 340  90 174 183  85 296 283  53 133  59
   183 158 118 179 209 218   0 135]
  [  0 123  66  76 358 272 157 163  33 104 128 211 188  16 200  95 308
   340 129 128 102 101 375 214   0]]]
release_time
[  0 400   5   1 831   0  22  57  31  73   2   7 294  39  32  26  25  12
  11  58  99  10   8 265  42]
due_date
[  0 494  20   2 870   0  23 102  82  73  11  66 317  98  90  43  82  66
  37  80  99  30  18 323  73]
unit_emission
[ 1 16  2  8]
emission_limit
5420.5
setup_severity
2.0
due_tight
0.9
due_range
1.0
release_tight
1
degree_constr
0.5
