mach
4
job_rate
6
weight
[ 0  4  4  1  8  5  4  6  1  5  7  1  5  5  9  8  5  8  5  9  5  6  3 10
  3]
proc_time
[[  0  61  71  52 128 101  75 144  64  75  67  96  51  74 141 131 138 147
   63 107 121 121 137  91 107]
 [  0  71 147 146 124  53 138 104  66  51  56 115 104 139 142  52  79 123
   75  96  60 132 110  75  53]
 [  0 150  71  87 136  97  79 111  98  89  96 125 142 113  75 145  55 113
   88 146  73 126 150  90  74]
 [  0 119  72  81  94 116  80 141 143 108 113  82 132 137 117 114 103  87
  126  95  81 131 149 128  68]]
setup_time
[[[  0 169 306 310 321 108 327 142 390 234 138 290 341  79 409 329 368
   145 396 400  14 142 189  16 157]
  [  0   0  33 141 118 375 243 295 129 291 395 148 129 348 337 350 265
   305 186 354 110  92 366   0 178]
  [  0 336   0  38 299 114  11 323   7 130 195 395 118 168 407 202 247
   208 342   9 408 213  58 144 312]
  [  0 225 143   0 262  87 229  44 278 176   1 383 329 289 375 236 115
   244 353  55 326  52 333 165 118]
  [  0 313 272 168   0 216 236 246  85 388 132 339 402  17 373 339  78
   318 190  77 351 409 192 336 213]
  [  0 403  23  49   6   0 103 209 292  83 227 114 319 140  59 191  62
    93 286 337 111 399 382 108 335]
  [  0  62 309 123  75 193   0   7 162 222  96 339  53 341  73 358 296
   155 404 380 165 225 227  80 126]
  [  0 299 286 300 291  88 130   0 245 152 110 102 255 298 143 157 232
   105 388  92 346 162 202 395 298]
  [  0 226 403 227 328 220 126 226   0 393  57 401 157 211 245 239 325
   283 337 215 179  53 185 253 385]
  [  0 189 341 235 250 301 404  94 136   0 295 239 149  44 242 335  65
   339 379  10  70 385  28 373 112]
  [  0 243 357 333  24 223 130 184 146 194   0 334 378  52 258 181 302
    30  39 388 130 324  70 147 123]
  [  0 142 322 113 198 286 304 317  19 212  16   0  18 297 341 248 101
   316 112 160 219 230 283   1 311]
  [  0  79 305  54 401 124 190 190  55 251 388 176   0 399 318 200  51
   142  56 267  84 261 278 289  42]
  [  0 279 290 150 303 342  57 346 339 178 302 395 334   0 383 116 194
    39 332 355 271 234 382  69  77]
  [  0 376 392 239  24 147 401 147 291  86 125 316 384  43   0 286   5
     1  62 287 379 267 155   1 266]
  [  0 374 374  54 219  40 204  89 152 199 112 166  31 123  33   0 130
   347 326 103  55  42 289 129 142]
  [  0 221 337 153 332 321 119 144 197 138  39 262 135 117 110 314   0
     5   0  46 289 161 385 201  39]
  [  0 248 365 318 338  26 140 392 189  98 398 308  28  66  31 350 191
     0 381 364 169 232 167  28 291]
  [  0 261 270 376 215  11 305 103 387 272 274  43 265 263 309 156  70
   129   0 387 308 223  49 406   8]
  [  0 226  19 216 291 326 202 369 112 391 379 383  72 222 297 319 161
   242 301   0 252 115  31  44  72]
  [  0   2 122 134 375  17 193 153  28 115 336 224 202 151 206 181 251
   346 138  88   0  75 364 123 124]
  [  0  32  55 265 141  36  72 175 380 173 319 355  74  82 321 148 178
   255 332  65  80   0 353 139  18]
  [  0   4  81 218 134 281 151 215  39 124  65 285  12 349 121 336 302
   128 388 382 174 319   0 178 306]
  [  0 329 258  27  47 100   9   0  25 146 401 295 144 148 362  93 167
   341 162  73 190 409 247   0 162]
  [  0 393 127 392 409 289 123 253 105 148 258 142 153 112 353  75 402
    27  71 259 166 337 143 393   0]]

 [[  0 239 365  49 171 170  98 404 167   0 279 335 240 190 238 271 269
   205 134 402  35  84   3 382 221]
  [  0   0  92  19 381  31 262 192 205 165 200 159  50   2 291  72 343
    11 302 279  48 372 254 276 201]
  [  0  96   0   6  25 160 327  16  60 107 144 104 407 161  61 205 195
   320  75 232  70 349 378 287 377]
  [  0  69 315   0 228  22 357  72 340 360  60  30  62 328 235  63 268
   198 242 238 114 206 329 352  44]
  [  0 362 169 327   0 245 127 369   4  92 175  18 141 270  88 324 403
   245 190  38  81 377 293   0  78]
  [  0 106 195  11   6   0 249 298  36 334 127 392 156 361 281 376 295
   299 131  36 316  38 180 284 329]
  [  0 346  47 376  17 276   0 309 113 351 396 153 380  21  46 259  58
    34 118 236 188 344 272  20 173]
  [  0 380 155 193 118 317  77   0 252  68  92 377 246  99  91 225 172
   361 337 377 346  18 317 128  58]
  [  0 216 397 165  85 376 296 388   0 140 161   3  78  63 215 242 335
    76 365 330 195 183 377 229  78]
  [  0 332 102 337 229 273  96  81  12   0 262 115 241 190 324   2  49
   230 149 148 209 313 406 141  13]
  [  0  48 253  42 352  80 191 339  70 348   0 146  45 360 167  86 374
   332 286  25 104 275 221  58  84]
  [  0  22  82 273 170 178 321  32 403 138 351   0 261  98 392 244 240
   178 163 384 335 321 215 274 198]
  [  0 271  74  45  10 221 289 277 273  21 261  18   0  82 270 102 406
    89 205  55 324  90  51  50 181]
  [  0 224 386  27 301 242 252 187 342 335 103 334 270   0 152  19 164
    24 316  53 273 395  60  12 141]
  [  0 319 249 127  63  87 202 249 170 183  40 121 352 338   0 149  79
   220 132 258 170   0 318 355 229]
  [  0 308 403 169 340  26 214 223  88 121 397 379 178 239 243   0 164
    18 294  82 405   4 316 162 309]
  [  0  15  96 387 392 380  16  24 311 398  42 123  86 158 192 204   0
   222 207 271   3 311  10  95 401]
  [  0 241 383  19 183 218 114 273 114  39 351  16 262 338 326 153 105
     0 112 403 386  98 383 165 374]
  [  0 405 172  51 241 392 361 356 243  99  15 112 176 215 166 242  86
   336   0 314 112 121 218 307 148]
  [  0 291 365 177   7 332 312 159 310 377  26 310 334  96  18  55 344
   236 190   0  92 372 164  36 391]
  [  0 203 146 177 127 249 249 146 389  75 347  51 118 317 335 405 176
   124  29   0   0 324 300 329  22]
  [  0 338 242  65 183 410 280 380  48 135 193 388 101  12 122 317 261
   336  23  37 369   0  48   1 184]
  [  0 249 250 367 234 133 383 122  50 256 137 369 146 384  53   0 251
   289 295 128  29 320   0 115 365]
  [  0 312 233 158  73 227 274 236 158 286 117  70 285 395 330  94 192
   283 395  89 178 170  74   0 247]
  [  0  75   2 185 398  75   7 250 337 181 346  95 133 260 319  85   9
   324 149 215  12 267 153 372   0]]

 [[  0  55 240 297 214 231 268  80 131  48  88 148 155  35 128 318 400
   360  92 396 390 319 109  78  44]
  [  0   0 108 144 282 104 331  77 410  25 371 218 249 252  87  11 397
   136 127  88 266 212 385 268 262]
  [  0  13   0 205 321 291  72 378 259 401 263 328 296 122 179 388 148
   265 387 215 305 235 183 318  98]
  [  0 207 347   0  75 111 256 293 215 356 186 281 360  40 408 115 274
   277  69  61  54 127 154 133 115]
  [  0  75 337  50   0 398 207  48 200 408 184 121 161 140 132  32  94
   360 153 368  28 354 202 295 389]
  [  0   7 176 315 157   0 250 297 359  45 229  81  48 356 298   9  94
    89 152 115 356 209 229 397 126]
  [  0 402 261  57 113 380   0 341 127 286 185 177 307 239  64  75  91
   102 192  13 198 106 217  42 211]
  [  0  17 179 178 213  75 237   0 379 118  55 378  90 232   2 382  32
   117  70 324  49 164 322 328 242]
  [  0 194  49 200 118 394 344 147   0 177 136 197 407 342 193 106 269
   225 262  54 248 323 363 336 292]
  [  0 234  55  40  18 274 236 268 272   0  55  38  48 247 131 320 115
    17  21 368   2 282  31 204 363]
  [  0 361 219 135 245 322 329 280 307  23   0  64 409  72 132 303  48
   345 301 237 180  41  81 142 293]
  [  0 251   9 304 211 304 346 111 348  45 367   0 323 203 132  42 126
   184  34 139  47 303 178  60 189]
  [  0 400 380 128 261 242 102 257 151 352 371 280   0 203 248 237 297
   133   0 347 379 151 313  54  67]
  [  0 304 331  21 383 176 399 231 163 110  43 243  47   0 328 352   8
   238   0 182 251 392 392 132 198]
  [  0 385 305 125 140 181  30 300 170 190 145 174  75 129   0 172  25
    23 129 360  79 197  64 333 118]
  [  0 189 308  77  74  26 247 156 211 177  64 222 363 175 174   0 268
    97 395 125 122 211 142 254 133]
  [  0 351  81  30 142 348  57  21   3 337 173 104  89 279  48  84   0
   318  55 196 191  44 354 281  22]
  [  0 103   7 230 258 262 284 239 266 290  86 324 125 121 172 272 374
     0  71 364 105 245 203  31 340]
  [  0 267 192 340 364 330 318  87 224 207 370 346 381 236  45 137 183
   114   0 208  16 345 304 352 282]
  [  0 212 377 349 406 379 391 269 302 173 294 249  47  96 288 167 203
   194 404   0 245 169  32 161 287]
  [  0 250  96 131 267 348 284 118 196  27 349 303 152 104 155 321 111
   122 300 134   0   3 352 365  29]
  [  0 150  36  33 106 229 322 398  93 399  87 209 100 310 329 378  50
   182 185 315 315   0 207 250 335]
  [  0  23 315 161  52 160 105 198 258  59 300 163 236 321   0  38 290
    81 391 234 194 298   0 278 383]
  [  0 314 321  95  43  49 318 356 331 346 393 187 382 385 291 256 228
   401 397 175 197 402 161   0 129]
  [  0 328 306 236 261 342 228 385  61 244 405 373 144  82 295 204 387
   395 399  22   8 222 322  85   0]]

 [[  0 345 335 133 201  49 383 380  49 276 353   7 153  43  13 309  86
   169 161 209 231 399 382 395 171]
  [  0   0   6 119  32 282  22 255 326 116  31 359 122 105 318 125 329
   114 315 169 345  19 331 240 186]
  [  0 136   0  77  87  18  72 392 370 361 383 247 173 300 240 192 160
   296  86  56 123 173 120 348   8]
  [  0 360 286   0 128 172 206 152 228 203 152 344 218 381 267 116 285
   189 151 353 224 326 105  42 329]
  [  0  12 318 275   0 140 216  51 231 317 295 355 125 309  38 243 259
   160  35  97 399 391 216 156   8]
  [  0 147 312 271 181   0 283 234 342 152 264 241 390  43 250 259  24
    32 197 201 233 388 173 227  55]
  [  0 377 237 116 407 286   0 310   3 154 143 202 242 406 224 287 186
   103 237 282 202 356  83 223 142]
  [  0 386 123 338 250 371 170   0 333 169  77 352  63 323   2 239  95
   115 213  34 367 227 128 296 120]
  [  0 336  19 223 398  36 319  60   0 349 260 163 147 183  22 170  96
   153  89  97 104  99  28  54 107]
  [  0  99 333 137 390  58 362  65  20   0 252 340 220 252  75 406  20
   314 256  34 312  84   5 168 398]
  [  0  26 357  39  38  33  83  54 250 152   0 367  44   7 189 311 409
   258 248 141 156 119 375 255 342]
  [  0 274 352 238  37 242 369 209 281 392 230   0 112  95 330 325 269
   100  32 239 329 387 273  57 234]
  [  0  58  52 173 259 284 188 174 110 250 265 335   0  49 391 300  22
   400  33 291 139 278  86 312 330]
  [  0 145 184 356 174  41 397 331 120 340 202 122 319   0 397 203  75
    29  98  27  64  49   0 107 237]
  [  0  72  75 294  98 272 268 281 386 368 252 315 282 353   0  96 222
   244  79 304 241 398 110 384 228]
  [  0 159 316  81  86 179 235 407  49 386 195 257 369  59 201   0 224
   232  89 123 317  44 333  13 331]
  [  0 316  67 107  58 156 228  13 320 205  42 271 398 188 244  50   0
    97 367  44  47 156 140  56 242]
  [  0 364 306 262  32 130  43 266  84 119  30 380 382 102 222  44 405
     0 260 104  75 183 172 142 187]
  [  0 270 172  20 283 169 399   5  12   5 277 396  35 122 177 347 244
   125   0 141  21 212  33 379 393]
  [  0 121 264  47 108 191 127  53 382 305 305 254  18 355 129 298 333
    57  19   0 113  48 162 107 254]
  [  0 216 176 329 319 300 168 231 285 149 332 193 379 183 247 109 172
    49 143 238   0 131 319 122  94]
  [  0 239 350 275  77 220 378 236 211 405 402 237 392 368 293  89 105
   117 149  46 235   0  40 232  38]
  [  0  69 249 147  14 331  70 363 247 267 115 130 281 109 133  24  56
   259 295 283 113  25   0 327 308]
  [  0  74 350 269 212 276 299 380 313 131 372 235 395 398  43 305 187
   342 213 353 172 210 410   0  51]
  [  0 123 302 201  21 152 243  44  64 178 261 131 163 186 148 292 285
   213  40 398 277 303 169   0   0]]]
release_time
[  0  16  74  56  84  11  38   7  47  40   0  14  64   1  46  17 105  49
   5  24  66   0  13  21  24]
due_date
[  0  28 108  56  87  47  85  28  62  59   0  17  92  16  59  18 106  51
   7  29  88   5  13  22  62]
unit_emission
[16  2  7 12]
emission_limit
7006.8
setup_severity
2.0
due_tight
0.9
due_range
1.0
release_tight
1
degree_constr
0.2
