mach
4
job_rate
6
weight
[ 0  9  2  1  5  6  6 10  7  9  1 10 10 10  3  2  1  6  8 10  8  5  9  3
  6]
proc_time
[[  0  63 122 107  59  83 103  88 132  65  67  70  70  69  54 106  64 149
   80 141  75 147 106 128 134]
 [  0  54 141 133 110  55 137  50  50  64 129 147 146 103  85 117 117 134
   72  54 129 123 117 149  79]
 [  0 136 112 146 101  94 147 147 111  78 109  57 130  56  97  62  78 123
   82  99 148 105 119  96 141]
 [  0 139  69  80 133 146  65 129  99 117 133  50 130 134 108  82 116 101
   50 100 126  88 109 146  65]]
setup_time
[[[  0  14 253  57  74 332 204 327 412 274 177 244 139 358 138  71 400
   248  50 114 198 351 399 376 264]
  [  0   0  63 164 228 215 162 383 291 195  69 379 160  77 342 396 156
   123 151 177 313 286 295 214 162]
  [  0 122   0 128 307  73 138 294 333 212 174 305  76 197 186 378  50
   367 225 402 160 214 214 176 356]
  [  0   6 194   0 148 376 330 348   5 168 335 154 151 281 285 310 212
   212 167 219 108 369 286 359 311]
  [  0 126 134  29   0  54 252 155 349 389 120 363 327 127 324 308 379
   314  52 389 124  96 174 182 274]
  [  0 215 141 190 236   0 220  67 349 391 313 334  63 353  51 171 265
    43 284 112 300 359 176  96 307]
  [  0 200 269 346  11 398   0 211 150 187 140 216 365 181 207  76 400
    46  30  95   6 296 175 174  46]
  [  0 129 127 253  95 389 377   0  69 319 242 316  98  21 294 233 223
   331 104 146  53  79  47 380 319]
  [  0 395 211 230 349 128 197 219   0 146 206 366 267 102 336  36 163
   386  76 276 116 162  73 369  82]
  [  0  74 325 329 282 165 255   6 258   0 126 291 382 121 246  30 200
    98 303 139 182  46 171  63 376]
  [  0  33 247  46 263 344 290 182 380 208   0 254 116 327 319 121 395
   299 228 378 333 167 120   0 220]
  [  0  65 247 178 271 321  59 325  90 395  46   0  33  38 281  32  27
   345  97 117 117 404 296 374  60]
  [  0 189 281 132  75 338 324 133 356 250 334 262   0 199  57  90 321
    85 148 312  33 148  85 188 363]
  [  0 386 377  76 336 364 195 207 369 151 107  87 155   0 226 148 287
   162 251 406 217 203  67   5  33]
  [  0 300 161 236 148 203  74 313 397 112 234 130 113 406   0 384 162
    20  65 245 159  93 170 330  86]
  [  0 226 214 176  72  62 191 400 169 174 281  88 138  13 112   0 178
   359 325 346 296 136  64   1 120]
  [  0 132  28 194 389 134 165 121  51  38 398 183 194 284 105 118   0
   214 362 166 124 173 409 394 211]
  [  0 137 275  40 395   4 194  43 403 144 312 401 217 150 215 392 386
     0 328  30 375 382 129 382  84]
  [  0 361 193 112 327   7  19   7  72 319 241 171 375 293  96 258 406
    71   0 196 138 174   5 102 356]
  [  0 298 219 318 162  52 218  95  18 124 327 379 361  61 337 281  10
   350 162   0  86  29  85 232 285]
  [  0 247 104 291 277  54 236 286  94 216 109 395 241 285 312 134 345
   302  46  41   0 155 403 118  70]
  [  0 109 242 205 212 239 184 345 339 157 175 296   0 341 162 223 216
   195  16 242 149   0 364  80 279]
  [  0 118 143 145 408 238 253  55 117 388 217 357 112  13 315 366 192
   246 194 269 283 218   0 102  10]
  [  0 390 167 142 138 273 115 197 331 395 129  63 239 234 186 252 188
    80 221 197 144 160  48   0 164]
  [  0  38 256 262 183 339 225 276 228 349 128 198 144  77 377 370  24
   259 328 277 154 188 192  38   0]]

 [[  0 245 399 102 112 299 369 112 108  69  30 113 206 291  75 403 243
   393 404  22 173 117 202 101 290]
  [  0   0 392 123  89 352  49 152  84 328 315  73 344 259 152  10  17
   121 149 221 219  71 109 188 315]
  [  0 308   0  44 385 341 135 345 284   2 284 350 167  22  98 241 295
   262 392 307 349 386  31   7  16]
  [  0 153 261   0 125 206 190 131 363   4  37 278 148 388  64 302  21
   125 150  62 310  74  45  17 328]
  [  0  90 307 304   0 410  31  91 157 363 180 264 117 189  84  43 355
   133  43 105 134 353 204 154 295]
  [  0 317  16 118  80   0 224   7 206 152 151  99 271 223  41  96 154
   371 326  73 189 242 242  36 207]
  [  0 119 174  25 316 270   0  32 270 278 246 337  60 257 203 147 196
   101 223  71 318 122 341   2 188]
  [  0 165  10 305  83  50 217   0 313 107 384 353 327 159 315 383 231
   182 328 152  58  95 378 210  84]
  [  0 140 116 145 348 305 343 100   0 208 264 318 198  74 306 365 382
   231 298  81 208 169  27 172 114]
  [  0 266  50 258 251  27 356 127 176   0  75 352 143 226  72 406 312
    55  57  18 225 199 271 208 208]
  [  0 387 370 114 233 240 197 310  43 295   0 265 293 205  85  34 254
   187  96  40   2 256  95   9 237]
  [  0  35  82  75 332  50 231 330 334 328 133   0 242 182  60 232 215
   117 249 150 165 289  41 178  29]
  [  0  60 149 360 158 192 305 207  43 380 112 374   0  58 149 312 122
   110 219 174  86  29 210 211  64]
  [  0  54 258 238 337  21 110  11 309  93 166 219 382   0 377 327 314
   397 311 120 408 103  74  19  51]
  [  0 387 314   3 166 334  43  13  53  75 317 301 346 217   0 403 403
    67 188 119 180 289 318  74 232]
  [  0 189  46 153  71 104 222 310   8 193 342 119 334 111 108   0  87
    69  14 264  47  23 125  16  38]
  [  0  92 107 246 187  57  25 100 350 322 216 130  28 252 355 145   0
   393 393 322  47 106 258  11 129]
  [  0 105 372  12 276 363 373 159 155 155 207 104 312  51 200   6 404
     0 199 165 318 224 307  87 181]
  [  0 102 350  84 134 171 308  30 198 217 142 217  13 286  51 352 344
    21   0 116 209 107 380 108 296]
  [  0  44 294 270 118 242 314 106 117  63  14 328  42 396  64 123 301
    72 373   0 352 126  53   5 173]
  [  0  64 200 365 131 307 326 198 378 378 359 159 131 221 251 347 359
    71 145 326   0 205 247  59 131]
  [  0 221 133 412 193 275 136 374 177 146  44 260 272 115 358 273   9
   246  84 392  64   0 351 120 390]
  [  0 110  92 282 411 353 410  51 120  37 302 111 352  11 240 262  31
   109 118 238 371 185   0 193 153]
  [  0 189 138  48 221  12  87 110 263  71 336  30 303 291 215 311 386
   315 344 223 191 284 169   0 322]
  [  0 323 326 178 109 302  71 113 396  14 183 317 352  44 333  17 133
   197 221 124 399 291 204 325   0]]

 [[  0 144  17 205 136 146  37 157 381 257 130  21 277  12 245 308 135
   194 214 306  28  36 194  68  78]
  [  0   0   3  17 243 378 302 155 154  58 129 206   2 385 214 249 209
   367 383 244 209 195  49 375 112]
  [  0  92   0 144 271 211   2 320   9 287 206 326  70  96  13 189 175
   202 360 201 202 339 224  62 349]
  [  0 324 152   0  76 223 340 211 356 207  12  55 408 272 147  96 126
    95  95 160  93 165 289 394   4]
  [  0 253 107 155   0  41 283 276  24  23 353  68 363 269 259 242 121
   251 323 238 245 380 292 259 253]
  [  0 263 316 338 320   0 278 115 311 108 296 136 249  92 249 203 312
     7 287  31 213 112 146  83 401]
  [  0 212  91 210 206   5   0 187 110 101  51 202 347 290 263 386 252
   292  54 138 322  45 245 333 346]
  [  0 120 303 368 315 360  13   0 119 148 349 208  62 350  39 196 248
   391 347  92  33 160  22 369 186]
  [  0 120 393 291 366  29 123 313   0 212  90 185 335 398 198 198 153
   306 208 233  50 289  49 267   3]
  [  0 270 372 208 135  51 106 107 199   0 103 268 143 214  33 321  34
   357  40 248 286 246 207  59 112]
  [  0 195 277  61  81  13 138  78 274 114   0 172 304  44  83 146 140
   256  61  75  32 223 205 345   6]
  [  0 384 129 196  42 221  86 228 106 265  52   0  12 397 307   2 139
    21  61  32 116  15 112  48  35]
  [  0 267 399 394 406 276 387 207 210 141  43 286   0 171 381 161 284
   118 167 282 224 161  99  64  87]
  [  0  49 387 322 126 222  31  45  90 374  72  19  20   0 204 131 285
   246  63 177 389 341  15  78 170]
  [  0 256  14 399 123 294 162 357 118  30  30  93 348  18   0 389 247
   389 158 342 338  59 173  85 274]
  [  0 134 224 218 136 120 282 232  89 394 299 279 299 192 177   0 211
   186 311  33  82 194 280 306 318]
  [  0 224   6 301 392 310 251 234 334 270  87 350 332 328  59  37   0
   293 346 214 277  49 316 222 151]
  [  0 238 314 188 407 249 175 374 276 171  67  93   8 325  82   0  23
     0 373 299  43  19 232 172  68]
  [  0 338  87  33  17  99 274 372 214 382  22  49  89 139  33 408 135
   404   0 138 284 222 102 123 193]
  [  0 226 199  49 196 303 164 277 257  37 324 214 278  53 134 128 389
   168  41   0  67 200 324 376 361]
  [  0 379 372 151 282  87 395 158 299 200 246 292 366  51 390 130 320
   382  94  84   0 351 275 328 227]
  [  0 293  13 194 103 350 396  49 228 390 122 326  80   5  87  29 406
    82 180 323  55   0 408  28  22]
  [  0  56 331 309 133 379 104 400 389 395 147 364 156 263 185  24  79
   225  32  20 188 252   0  49  43]
  [  0 270 297 289 148  15 236 134 407   6 271 388 314 183  41 121 185
   241  55 134 102 121 307   0 407]
  [  0 333  54 302 240   3 317 307  79 294 208 409 349 310 142 203 289
   152 260 259 154  64 289 273   0]]

 [[  0 300 123 160 400 335  53  56  70 350 168  52  41 371 295  50 277
   364  47  39 287  52 191  16 135]
  [  0   0  53  38 291 399  40 210 339  15 308  52 254 286 116 366 114
    60 375  90 248 100 273 180 120]
  [  0 365   0 173 384 257 273 243 111 387 327 347 236 179 111 284 170
   167 350  83  81 368  15  63 347]
  [  0 202 140   0 393  74 239 240 261 331 148 231   9 210 175  18 375
   270 323 278 252 120  99 345 139]
  [  0 409 176  92   0 265 387  21  70 137  65 129 252 246 380 332 389
   118 403 315 348 344 140  60  28]
  [  0 213 357  45 363   0 140  34 318 180 230  15 180 393 153  76  94
    48 226 365 346 395 102 242 202]
  [  0 108 401 130 128 193   0 111 198  33 298  36 195 271 127  57  59
   263  66  47 330   0 290 292 111]
  [  0 166  29 215 218  29 106   0  25 142  82 310 284  51 196 174 273
    64 391 277 213  89 110  58 386]
  [  0 168  10 245  40  49  46 359   0 244 253  93 225   1 290  79 138
   347 223   1 210 362  67 296 182]
  [  0 310 162 397 266  90 140  24  23   0 291 316 366 268  90  13 362
    65   7 158 197 340  43  66 160]
  [  0 322 412  85 336 152 331 293  42 131   0  25 409 296 124 276 365
   382 159 175 280 277 178 263 212]
  [  0 310 263 119  11 116  62  53 316 272  87   0  44 220 169 205  88
   399 274  86 100 247 343 329 165]
  [  0 230   1 172 248 185 314 238 146 233 292 388   0 184  75  33  13
   231 358 262  20 394 379 371  54]
  [  0 228  79 104 253 193 184 120 388 315 110  73  31   0 353   8 401
   358 273 152 228 347 118 216   8]
  [  0 329 169 345 245 259 205 304  65 194 132 359 402  28   0 118 197
   110  86   6 406 289 302 290  36]
  [  0 157 306 282 302 360 306  55 191 290   9  42 402 363   4   0 314
   393  11 221  99 270 352  77 177]
  [  0 172  99 123 151  22 131  71 375 102 388 155  93 330  53 190   0
   265 361 355 134 395 164  18 348]
  [  0  36 397  93   4 190 379 180  84 251 171 338 187 176 136 216 401
     0 168 320 274 161 302 180 244]
  [  0 136 339 290  92 189 146  58  52  29 150  80 337 179 139 328 169
   221   0 321 114 404 225 138 247]
  [  0 316 345 110 261 176  95 148 261 330 312 183 276 109 344 257 389
   256 198   0  26 207 300 131 254]
  [  0 277 141  54 143 177 264 299 325 248 305  85 372 280  24   4 374
   319  82 336   0 264  44  62  21]
  [  0  11 153 145 180  90 255  65 410  32  39 228  61 169 396 100 301
   382 197 179 124   0 114 167 324]
  [  0   6   0 208 228  38 199 224 263  40 248  11  30 397 288 147 318
   374  49 130 172 380   0 377 325]
  [  0 179 112 193 147 121 218  12 375 408 161  66  50 354 213 305  38
   327 367 274 362  19 149   0 390]
  [  0 257  62  39 258 138 251 351 387 207  41 103 297 139  36 197 177
    55 337  15 302 188 222 148   0]]]
release_time
[  0  34  39  10   1  24   1   7  40  28   1  32  28  45   1  71  48   0
  11  79 285  19  23   1   6]
due_date
[  0  38  63  25  29  35   3  67  60  53   1  32  58  77   3  82  90  43
  49  88 338  62  43  24  23]
unit_emission
[1 5 6 4]
emission_limit
2962.8
setup_severity
2.0
due_tight
0.9
due_range
1.0
release_tight
10
degree_constr
0.2
