param: 
proc_time: (1, 100)
setup_rate: 2.0
setup_time: (60, 120)
delivery_time: (1, 100)

mach
2
job_rate
10
fam
3
setup_rate
2.0
proc_time
[[ 0 57 24 94 96  9 69 49 79  8 76 46 81 35 52 41 63 57 37 93 28]
 [ 0 79 32 65 17 43 48 78 14 42 19 54 30 44 58 51 55 87 99 87 49]]
setup_time
[[[  0 120 106  94]
  [  0   0  88  93]
  [  0  98   0  74]
  [  0  89  69   0]]

 [[  0 119  76 101]
  [  0   0  72  72]
  [  0 103   0  63]
  [  0 104  98   0]]]
delivery_time
[[ 0 88 36 49 61 87 17 29 39  7 69 53 47 19  7 75 54 13 37 60 44]
 [ 0 53 63 57 21 12 50 22 72 81 97 70 71 42 47  3  2 51 22 72 40]]
job2fam
[[1 0 0 0 0 0 0 0 0 0 0 0 0 0 0 0 0 0 0 0 0]
 [0 1 0 1 0 0 0 1 0 0 0 0 1 1 1 1 0 1 1 0 0]
 [0 0 1 0 0 1 0 0 1 1 1 0 0 0 0 0 0 0 0 1 1]
 [0 0 0 0 1 0 1 0 0 0 0 1 0 0 0 0 1 0 0 0 0]]
unit_cost
[11 12]
pre_factor
2.0
