param: 
proc_time: (1, 100)
setup_rate: 0.5
setup_time: (15, 30)
delivery_time: (170, 200)

mach
2
job_rate
10
fam
3
setup_rate
0.5
proc_time
[[  0  60  88  43  20  13  65  23  69  65  15  63 100  97  34  53  65  64
    5   7  90]
 [  0  19  77  32  57  80  21  22  87  13  64  34  91  70  40  33  35  62
    7  30  84]]
setup_time
[[[ 0 30 30 27]
  [ 0  0 25 24]
  [ 0 30  0 23]
  [ 0 24 25  0]]

 [[ 0 20 27 16]
  [ 0  0 17 17]
  [ 0 15  0 25]
  [ 0 17 25  0]]]
delivery_time
[[  0 192 172 194 199 182 186 193 184 189 170 174 196 186 200 198 179 186
  179 171 190]
 [  0 196 195 174 194 195 192 186 191 184 180 192 175 173 195 187 196 191
  184 175 193]]
job2fam
[[1 0 0 0 0 0 0 0 0 0 0 0 0 0 0 0 0 0 0 0 0]
 [0 0 1 1 1 0 0 0 1 1 0 1 0 1 1 1 1 1 0 1 1]
 [0 0 0 0 0 0 1 0 0 0 1 0 1 0 0 0 0 0 0 0 0]
 [0 1 0 0 0 1 0 1 0 0 0 0 0 0 0 0 0 0 1 0 0]]
unit_cost
[30 33]
pre_factor
2.0
