mach
4
job_rate
6
weight
[ 0  2  9 10  2  7 10  9  1  8 10  4  3  9  7  9  6  8  7  4  1  9  2  1
  4]
proc_time
[[  0  97  74  91  67 121 123  76  53  68  89 101  93  93  62  91 104  55
   65  69 145 126  64 104  56]
 [  0 142 115 124 123 116  62 148  96  75  69 146 115  98  51 124 114  54
   94  53 100  67 126 105  50]
 [  0 137 116 128 141 106 142 129 141  66 122 134  71  93  98 108 135 106
  135 113 120 109 124 102  85]
 [  0 117 129  59  57 130  64  77  87  94  67  72  73 101  63 110 109 107
   68  66 122 136  88  59  63]]
setup_time
[[[  0   0 301  53 375  96 131  70 283 315   0 164 363 352 241 283 233
   119 204 161  84  10 126  33 129]
  [  0   0 364 237 278  64 157  84 384 356 190 130 374 328   5 370 275
   155 232  93  33 124 204 353 307]
  [  0 260   0  37 134 327 299 100 338  55  50 167 308  74 264  11  49
   195 166 316 228 282 367 346 310]
  [  0 145 219   0 331 265 259  33 208 220  28 330 105 304 324 368 237
    82 158 125  41 274 250  29 127]
  [  0 202 368 192   0 254  85  48 224  97 283 150 121 216 162 248 374
   235 352 311 153 290 327 134   9]
  [  0 272 290 246  56   0  54 171 309  47 354   6 309  38 144  39  66
    94 382 368 191 112   1  46 248]
  [  0 338   1 102 364  21   0 138 381 385  92 130 149 232  73 176 236
   264 158  50  90  84 340  30 294]
  [  0 213 267 253 322 298  64   0 228 338 271 335 181 149 120 179  60
   278 187  86  22 324 120   0  61]
  [  0 219 389  49 360  76  93 121   0 191 277 129 217 330 188 380 278
   144 100  52 166 179 291 253 285]
  [  0 227  62 170 229 347 268 239 270   0  21 343 216  56  12 281  27
    39 115 291 218 109  37  89 233]
  [  0  54 279 242 147 273  29  92 335 169   0  54  66 229  68 204  49
   167 173 297 286 190  65 249 226]
  [  0 331  34 210 142 111 371 153 125 380 276   0 267 144  33  79 343
    30 140 364 106 263  16 314 225]
  [  0 361 152  94 153 233 366 330   1 173 224 238   0 198 118 264 128
    15 323 176 134  10 127 247 275]
  [  0 381 276  91 292 140 195  77 169 274 264 325 322   0 211 252 225
   239 181 318   3 168 164  38 325]
  [  0 148 195 369  92 216 211 142  30 254 201 142  79 125   0 254  45
   301 135 234 369 178 345 274 354]
  [  0 137 144 237 319  97  40 214  66   8 253 161  84  90 251   0 217
    39 328 381 287 332 275 103 289]
  [  0 205 153 384 326 298 359 372 311 151 381  19 383 372 269 121   0
   209 172 168 104  59  31  47 379]
  [  0 136  13  47 278 117 172 349 324 108 375  77 292  31 310 126  44
     0 362  82 370 226   9 232 352]
  [  0 276 377 363  24 158 215 317 202 258 387 327  53 332 151 195  35
    68   0 196 332 240 156 127 227]
  [  0  65 133  96 238 251 203 234 156  59  55 202 172 376  72 224 106
   153 263   0 281 115 181 319 228]
  [  0   5  44 291  28 298 331  73 150 131  68  13 164  20 161 354 333
   110 118 138   0 369  86 338 185]
  [  0 132 382  80 186 125 106 286  27  91 119  59  11 210 143  91  34
   143 295 273 359   0  11  91  24]
  [  0 221  71 196 336 129 213 215 222 175 152  32 298 150  85 381 121
   187 345  62 124  58   0 112 376]
  [  0  36 144 198  39  47 221  87 134  21 171 123 276  48 137  19  83
    95 167  57 278 175   6   0 307]
  [  0 386 367 124 231 319  47 341 194 190 201  20 349 142 134  72 368
   213  31 304 187 304 338 304   0]]

 [[  0 328 152 262  23 233 198 224 288 279 122 389 183 349 384  86  77
   189  91 313 319 133  15  82 142]
  [  0   0 368 213 255 288 295 153 346 190 264 386  67 244 163 137 366
   371 159  87 212  39 170  53 384]
  [  0 198   0 143 269 250 314 332 107 111  13 260 196  87 309 294 303
    12 300 110 245 316 222  40 385]
  [  0 324  18   0 145 204 158 384  28 344  15 104  27 308 379  58  47
   304 311 253  54 306 316 258 117]
  [  0 103 309 112   0 356 320 359 161 363 300 198 276  68 180 218 124
   243  21 299  97 148 147 365  90]
  [  0 185 349 198 383   0  45 116 325 265  94 276  33 381  61  19 148
    19  16 358 336  77 163 355 224]
  [  0 144  45 166 149 210   0 363  15  21 244 179 258 347 208 198 162
   158 153  84 353 343 229 376 335]
  [  0  74  50 276 133 169  68   0 365 363  99 307 253 125 143 199  53
    66  69  66  65 154 109  86  31]
  [  0 240  80 308 170 318 362 181   0 381 298  34 144 177  84 349 126
    29 212 291 220 171  94   9 339]
  [  0 171 138 177 319 115 165 275 342   0 347 101 294 118  73  23 261
   191 143 359 136  59 146  13 227]
  [  0 190 381 150 155 229  19 208 314  29   0   2 231 164  12   2  21
   327 340 340 325 337  36 143 231]
  [  0   8 349 324 183 257 172 244 188  55  63   0   6  31 125 139 258
    71  19 120 283 261 284  76 219]
  [  0 347 161 212 137 162 315 329 276 261  63   9   0  57 334 270 203
   303 326 279 380  99 232  20 184]
  [  0  10 383 302 347 260  54 255 263 164 151 285 382   0 192  74  29
   156 117 110 153 301 374 265 373]
  [  0  47  10  80  40 277  57 122 259 303 132 130 346 211   0 234 119
    19  98 262 281  16 382 119 281]
  [  0 180  43 254 328 317  28 144 378 350  61 186 272   0 102   0 109
   229  10  38  55  40 155  63  30]
  [  0 230 289 366  53 143 104 196 194  90 199  11  55 386  14 290   0
   191 346 344 235 236 345 281 158]
  [  0 357 163 130 369  86 243  63 210 122 253 139  52 272 326 102   9
     0 158 364  53  25 355 238  43]
  [  0  18 165  62 368 276 120   5  35 375 233 356 301 176 128 272  12
   223   0 245 247 144 350 282 234]
  [  0 287 364   4 289 360 331  51 200  66 199 103 385 118 336  86 320
   340 292   0 142  97 300 347  21]
  [  0 324  51 190 169 245 167 356  78  14  50 113 122 198 182  61  54
    76 224  50   0  86  65 136  81]
  [  0  52 178  53  38  11 260  40 348  17  75 222 320 277 381  20  99
    71 364 159 127   0 200 219 346]
  [  0 361 171 242 122 139 104 177 162  26  42   1  21  39 148 316  55
   163  82 215 287 143   0 157  13]
  [  0   0 224 280 248  31 351 200 184  74 285 319 193 101  21   3   3
   388 260 119 323  83 115   0 120]
  [  0 238 218 363 169 277  73 116 325 280 339  37  33 108 386 324 178
   361 268   8  69 297 102 301   0]]

 [[  0 305 285  97  20 363 184  40 361 172  25 343 168 223  44 280 322
    95 117 267 158  35 122 219 365]
  [  0   0  93 174  27 314  34 158 379 229 191  16 330  43  96 245 236
   264 266 288 187 313  29 119  40]
  [  0  95   0 317  80 354  56 121 253 108   4   6 330 212 373 351 232
   288 388  91 346  38  87  49  43]
  [  0 218  87   0 200 301 344 165 199 123 259 201 373 293 166 259  96
    98 272 165 344  15  52 172  38]
  [  0 326 309 197   0 365 100   6 189 126 197 191 327 139 203   7 297
   340 382 340  97  85 334 299 167]
  [  0 124  73 341 203   0 150 118  79 300 218 120 325   9  99 231 269
    22 119   7  13 176 273 124 192]
  [  0 358 309 138 122 165   0 178  51 235 344 248  50 362  22 129   6
   265 157 256 215 234 282  13  22]
  [  0 140 260 315 188  71 106   0 371  78 192 303  35  28 162 302 357
    80 202  71 291 127 255 275 388]
  [  0 226 371  28  97  56 355  19   0 287  23 141 136 130 382 273 380
   332 129   0 153 231 328 375 266]
  [  0 183 213 255  91 190 224 234 359   0  46 304  50 208 386  89  21
   175 111 213 382 275 375 196  76]
  [  0 355 252 113  17 323 223 371 369 236   0  89 347 337 270 252 172
   322 307 180 381 297 100 111 373]
  [  0 152 327 166 134 358 274   7 253  31 286   0 389 305 382 108 316
   194  46  50 343 104 349  23 246]
  [  0 155 370 233 200   0 352 106 231 190 252  42   0  72 346  16 231
   293  50  44 223 113 268  14 298]
  [  0  82 119 355 340  23 382 136 102  34 322 150 370   0 265 328 289
   319  57  22 280 239 156 135 261]
  [  0  89 271 298 197 240  38  18 370 358 176 174 300 221   0  26 164
   251 274 380 188  30 155 325  35]
  [  0 327  16 338 119 147 179 105  62  99 224 116 385  59 210   0 251
   280 268  77 383 156 319 326  45]
  [  0 338 293 338  48 338 282 375 200 233  56 222 171 361 263 366   0
   288 112 252 265 193 161  14 339]
  [  0 383  78 104 296 337 296  70 188   6  65 388  77 334 306 200 258
     0 283 281  35  70 102 336 198]
  [  0 132 384 139 139 295 144  29 324  51 207  66 152 246 354   0  66
   249   0 176 128 295 278 148  23]
  [  0 387 272  30 278  50 101 270 208 133 261  51 369 126  30 226  38
   159  57   0 281 267 248  88 294]
  [  0 197 110 240  78 351   1 261 253 327 268 271 302 102  12  77 187
    61 312 206   0 248  50 343 336]
  [  0 344 162 181   4  13 215 212 249  93  29  57 366 335 121 381 197
   267 124  17 127   0  91 124 160]
  [  0 239 174 247 267 279  11 331 105 271 359  32 365 301 301  84 152
    19 161  97  42 362   0 351 211]
  [  0 217 307 353 140 274 298 373 351  84 218 166 150 240 225 119 305
    56 250  54  82 182 374   0 354]
  [  0 133 120 351 266 243 203 307 362 383 274 166 155 287  94 302 362
   140 107 200 354 352 252 319   0]]

 [[  0 100 335 303 369 134  29  90  29 106 141 387 318 227  67  84  78
   369  59 124 199 179 368 135 216]
  [  0   0 347 253 280 367  79 310 235 316 140 108 377 316 328 170  36
    47 370 125  32 102  67 250 239]
  [  0 288   0  25 144 131 368 156 285 134 296 187 364 135 378 279 278
     0  43 343 107 325   4 329  64]
  [  0 174 261   0 153 388 128 369 272 242 341 257 258 139 370 314 317
   324  26 278 384 342  72 205 144]
  [  0 354  75 372   0  68  80 283 189 129  97 318 215  89  79 355  99
   129 196  98 320 303 258 305 133]
  [  0 104   3 223 272   0 233 208 213 346 210  64 349 241  84 360 317
    22 316 121 231 282 213  82 275]
  [  0 193 179 224  67 318   0 282  71  30  93 299 255   5  96 329  77
   143 283 303 124 140 126  12 148]
  [  0 330  89  59 258   8 253   0 181 235 247 106 320 140 229 294  24
   132  58 154 113 384 261 211 129]
  [  0 225 284 129  10  33 192 323   0 200 238  60 160 163 219 357 380
   366 241 180 158 174 301 293  86]
  [  0 276 130 207 108 299  81 302 189   0 161   8 105   2 256 181 246
   189  93 362 126 108 167 319  63]
  [  0 379 182 216 205  73 122 185 172 148   0  45 283 283 324 389 316
   218 354  62 123 351  67 346 244]
  [  0 377 377  18 190 137 256 142 149 286 241   0 326 237 340 244 303
   169 165 284  36  68  41 299 157]
  [  0 263 101  42 380 248 119 318  27  86   6 107   0 138 303 194 239
   366 201  53  28 342 313 292 274]
  [  0 219 210 133  98 356 161 122 378 373 237 357  74   0  77  24 313
   167   9  72 204 254 292 247 389]
  [  0 298 286 243 157 251 252 154 189 258 264 290   9  76   0 387 282
   183 111  86 292 181 260 371 234]
  [  0  55 290 262 383 308  17  88 112  50 212  35  99  64  67   0  66
   267 128 348 207 170  51 284  69]
  [  0 104 141 335 192  64 199 178 288 338 234 225 360 194  61  21   0
    11 232 100 306 122   8 213 214]
  [  0 346 197 374 263  70 135 248 331 104 263 376 170 259 176  32 191
     0 180  33 292  33 364 335 161]
  [  0  85  92 318 254 272 100 255 210 368 376  59 119 143 389 102  46
   357   0 360 301  19  76 385 236]
  [  0 257 374  15  16  41 376 290 103  35 310 290 199  25 173 389 388
   315  47   0 319  95 235  74 274]
  [  0 160 172 308 184 284   4  41 303 117 366 337 224  12 377 346  66
   248 218 224   0 257 279 383 313]
  [  0 317 263 105 238 261  24 209 144 224   2  31 389 247 330  65 139
   304 233 253 119   0  50  70 224]
  [  0 272  19 281 266  69 252 375 216  36 303 228 201  45 275  56 167
    63 320 182 215   4   0 215  82]
  [  0 270  92 363 336 303 305 229 171 166  75 330 310 283  12 269 255
   288 355  92 379 178 273   0 333]
  [  0 118 371 299  82 258 164  88 233 131 349 132 301  66 127 171 224
   302 232  49 350 269 145 115   0]]]
release_time
[  0   7  21  60   3  65  51   0   8 107  65  19 102  34  54  16  20   2
  21  40  15  39  56  14  44]
due_date
[  0  24  94  74  47  68  94   1  18 331  77  27 155  87  83  39  67   5
 103 101  32  52  59  62  46]
unit_emission
[12 18 11  9]
emission_limit
20067.5
setup_severity
2.0
due_tight
0.9
due_range
1.0
release_tight
10
degree_constr
0.5
