param: 
proc_time: (1, 100)
setup_rate: 1.0
setup_time: (30, 60)
delivery_time: (170, 200)

mach
2
job_rate
10
fam
5
setup_rate
1.0
proc_time
[[ 0  4 98 35 79 56 13 37 39 97 17 32 69 63 78  8 77 78 76 23 41]
 [ 0 91 22 98 26 99 72 42 17 76 87 77 21 82 86 16 37  9 43 17 40]]
setup_time
[[[ 0 55 31 58 40 37]
  [ 0  0 45 40 45 52]
  [ 0 52  0 60 58 30]
  [ 0 55 36  0 45 41]
  [ 0 30 52 42  0 50]
  [ 0 43 58 39 31  0]]

 [[ 0 42 52 47 38 60]
  [ 0  0 41 37 44 56]
  [ 0 31  0 57 43 34]
  [ 0 39 57  0 43 60]
  [ 0 40 59 43  0 35]
  [ 0 45 52 57 60  0]]]
delivery_time
[[  0 179 197 199 192 192 199 188 172 170 174 171 180 178 175 190 191 195
  171 191 185]
 [  0 199 171 176 182 190 178 190 182 176 174 179 190 197 184 178 170 171
  177 196 174]]
job2fam
[[1 0 0 0 0 0 0 0 0 0 0 0 0 0 0 0 0 0 0 0 0]
 [0 0 0 0 0 1 0 0 0 0 0 0 1 0 0 0 0 1 0 0 0]
 [0 0 1 0 0 0 1 0 0 0 0 0 0 0 1 0 0 0 0 0 0]
 [0 0 0 1 1 0 0 0 1 0 0 0 0 1 0 0 1 0 0 0 0]
 [0 0 0 0 0 0 0 0 0 0 0 1 0 0 0 0 0 0 1 0 1]
 [0 1 0 0 0 0 0 1 0 1 1 0 0 0 0 1 0 0 0 1 0]]
unit_cost
[28 32]
pre_factor
2.0
