mach
4
job_rate
6
weight
[ 0  2  8  6  8  2  2  6  5  8  6  6  9  3  6  5  1  6  2  3 10 10  5  5
  7]
proc_time
[[  0 125  51  53 145 129 111 105  62  71  51  91 122  71 129 149  79 147
  109  88 141 132 120 130 146]
 [  0  67  87 128 131 146  52 122 123  73  93 127  69 109  65 149 144  62
   81 114 114 104  65  87  80]
 [  0 149 119  96  85  97 134 141 137 106 103  65 100  61  79 125  50 149
  116  98 147 135  82  80  99]
 [  0 128 133  62 102  70 129  67  91  57  82 127 147  97 136 121 138 145
   75  95  93  72  89  94 148]]
setup_time
[[[  0  34 313   2 175 399 305  22 326 141 201 276 417 314 405 229 273
   210 407 403 131 326 168 337 230]
  [  0   0 268 325  30 150 321 344 369 276 211 228  20  89 169  24  78
   212 161 347 267  42 242 206 164]
  [  0   6   0 315 109 247 417 116 203 320 315 252  67  96 117  47  57
    44 162 182 115  27  27 394  69]
  [  0 251 401   0 154 372  45 163 413 280 248 146 152 180 247  71  61
   191  97 116 325 277 207  46 301]
  [  0  62   6 251   0  74 346 205 243 201  15 236 121 255 332 364  59
   388  88 204 329  35  24 192  94]
  [  0 141 143 249  30   0 329  89 407 142  77 288 125 198  38 192 166
   409 402 294  32  87 120   1  53]
  [  0 372 369 129 187 122   0 220 233   5  61  55  71 211 207 212 170
   283 343 170 253 217   1  37 340]
  [  0  79 171 122 281 359  53   0 133 394 118 394 266 151 282 243 359
   204 231 173 243 145 150 231 113]
  [  0 380 286 309 210  84 153 219   0  70 256 228 382 124 235 269  10
   170 390 162 325 130 172 354  71]
  [  0 328 347 344 231 128 405  16 304   0 123 304 300 388 355 318 313
   264 160 100 274 405 240 364 360]
  [  0 124 184 230 179  18 232 328 346 177   0 159 248 140  61 183 181
    65 366 375 128 297  59 186 353]
  [  0 377 226 200  66 402 377 286 317 367  68   0 177  31 169  93  91
   312  42 257 146 170 229 256 310]
  [  0 324 171  81 271 221 350 235  17 241 290   5   0 355 225 216 322
   265 249 212  65 242  87 354 120]
  [  0 233 371 297 174 276 355 222 411  78 329 189  82   0 192 282 251
   236 102 360 304  54  14  50 384]
  [  0 298 230  75 147 116 157 279 257 172  60 253 286 157   0 387 191
   169  77 417 397 113 407 341 177]
  [  0  74 416 135 373 234 311 126  19 147 145 286 225 192 166   0 159
   303 334 245 385 167 196 262 415]
  [  0 134 406  92 225 175 292 206  70 197 405 308 257 336 404 254   0
   211 124 181 137  29  21 148 213]
  [  0 246  30 285  48 119 265 359 123  98 239  14 202 155 152 277 103
     0 315 342 127 355  85 311  94]
  [  0 104  54 247 207 222 349   9 391  53 160 336 297 116  10 258  92
   295   0 160 197 273  51 266 352]
  [  0 274 281 143 208 371  31 335 318  86 257   0 304  65 325  40 260
   362 323   0  38 226 172 313 171]
  [  0 299 101 371 254 368 362 208  91 379 398 320  63 188 148  78  18
   377 103 316   0 194 142 281 417]
  [  0 211 153 139 398  25 204 201 187 175  46 270  47 387 117 105 116
   163 251  26 129   0 371 343 410]
  [  0 315 164 140 367 111 264 372 296 300  14 217 259 195 151 326 206
   182 122  39  38 187   0 172 256]
  [  0 333  16 335 343 402  94 274 136 122  77 141 262 180 407 111 242
   232 318 388 360  31 229   0 325]
  [  0 163 264  51 201 272 334 125 401 296 243 234 368 219 134 368 212
   351 250 267 186 398 241 125   0]]

 [[  0  18 150 275 221 325 255 194 383 312  45 333  70 236 171 340 184
   215 353 348 405 289 296 117 417]
  [  0   0 134 111  55 129 368  30  55  24 145 125 112 156 214 262 226
   304 107 162 320  19 111 178 100]
  [  0  38   0 394  44 272   3 361 367  60 263 304 380  59  59  80 222
   289 210 100 396 257  49  84 266]
  [  0 147  54   0 146 321  84 144  65 351  17  55 244  43 226  42 267
   199 210 155 267  35  94 178 366]
  [  0 122 268 416   0 416 374 264 323   6  75   7 202 133  42 241 104
   264 187 154 116 405 219 227 221]
  [  0 410 183 352 106   0 147 283 101 351 333 106 204 306 237 335 374
   134 364 147 170 384 239  30 278]
  [  0  50 130 196  17   6   0 202 359 289 312 201 241 275 236 388 120
   225 177 346 102 126 302 167  37]
  [  0 277 298 388 335 204  75   0 349 341 244  97 171 267  94 100  14
   233 237  32 143 169 309 153 213]
  [  0 399 310 215 234 370  81 144   0 399 307   8 389 186 410 240  25
   323 198 280 139 276 246  22 108]
  [  0 180  93  79  75 384 392 150 388   0 293 394 400   7 163 309  39
   400 104  18 348 341 236 219 314]
  [  0  78 256 256 239 248  41  27 334 160   0 351 146 226 252 247  56
   248 246 232  11 389 119   7 322]
  [  0 269 396 378  78  48 157 291 257 133  90   0 191 233 180 123 213
   156 337 239 245 392 118  98 272]
  [  0  29 324 149 265 148 186 177 155 402 413 169   0  44  63 225   3
   130 119 271 223 345 201 205 291]
  [  0 100 260 106 324 238 252 287 365 199 210 314 342   0 386 188 408
    16 111 196 310  38 215 389  99]
  [  0 386 191  86  90 280 235  46 169 181 200  71 393  35   0  52 379
   414 120 245 133 252 256 242  71]
  [  0 102 140  31 245 415  20 366  76 398 261 218 146 326 148   0  44
   110 108  25 393 221  27 337 397]
  [  0 266 393 350  23 377 280 225   0 383  12 298 385 276 285 281   0
   385  29 344 195 408 164 221 163]
  [  0 163 128  16  32 167 282  63 163 140 315 274 121 360 143   4 409
     0 247 194 290 371  21 215  94]
  [  0 161 337 390 146 132  41 139 328 413 293  93 316 170 323 389 156
   383   0 309 272 345 388 210  55]
  [  0 374 341  17 281 276 291 282 177 163 270  76 304 417 277 330 106
   371  43   0  52  91 378  79 356]
  [  0 300 117 169 314 143  70 310  79 215 252 321 146  74 169  45  30
   258  40  90   0 113   9 332 281]
  [  0 162 259 127 271 204 412 318 127 169 314 120 322  47 116 408  83
    43 378 374 326   0 292  86 327]
  [  0  29 170 264   4 308 218 325  60 316 127  58 118 308  60  77  26
   104 344  47 316 258   0 350 101]
  [  0 268 252 358 323 221 158 277 382 339 158  82  12 262 104  40 402
   320  20  74 383 104  98   0 254]
  [  0 375 412 181 233 145  80 149 230  47 218 194 113 362 195 199  19
   180 253 284 301 366 358 147   0]]

 [[  0 342  10 414 370  22 124 167 293 129 225   4   0 223 140  36 137
   219  55   1 168 212 213 276 388]
  [  0   0 190 385 288 201 303 150  51 383  66 329 349 223 139  32 322
    44   9 293 362  75 103 111  39]
  [  0 123   0 260  95 138 322 393 218 324 257 184  93 208  34 249 164
   122 211 108 195 403  98  13 119]
  [  0 319 270   0 139 277  92   9 227 392  21 336 315 155 164  28 310
   285 108 177  77 297 292 354 319]
  [  0 368 109  73   0  17 372  99 337 247 371 249 348 348 279 286 183
   391 128 232 187 366 286 300 384]
  [  0  24 255 200 282   0 205 145 181  38  47 135 387 121 229 207  41
   300 308 278 299 356 377 260  27]
  [  0 345 378   2 298 264   0 216 187 195 128 213 248 297 138 382 378
     6 112 142 164 373 270 133  41]
  [  0 365  71 171 271 416 132   0 260   3  37 217 269 104  57 341 342
   415 241 399 351 404  56 290 285]
  [  0 128 130 289 411  72 218 154   0  24 299  32 292  88 397 323 217
   265  81 364 401  34  27 234  68]
  [  0  37 322 412 318 282 267 198 219   0  43 349 338  55 303 243 229
   215  27   4  10 291 212  36 172]
  [  0 213 217 148 328 256 364 302 315 203   0 112  12 233 348 201 219
   229 341 292 251 388 103 244 164]
  [  0 299  13 287 391 181 404 199 394  13 296   0 224  86  72 132 305
    14  87  89  43  17 358 356  72]
  [  0  69  14 225 214 397 243 232 271 344 296 356   0 230  18  73 416
   290 400 306  19  83 182  88 114]
  [  0 399 366  32 316 117 340  42 231 310 337 120 383   0 275  56 416
    80  93 163 363 256 100 286 342]
  [  0 226 280 333  39 222  86 106 235 101 281 280 364 342   0 352 279
   257 218  26 255 204 404  63 260]
  [  0 193  48  74  81 348  30 360 394 128   5 396  91  94 200   0 288
    45 321 289 342 230 377 304 369]
  [  0 196 222 192  32 324  41 231 110  52  77 158 197 285 297 361   0
   355  11 118  92 334  57   3  38]
  [  0 126 403 105 157 221 248  11 329 282 110   9 397 274  28 363 245
     0 208 352 115 383  70 259 232]
  [  0 204 167 331 144 215 252 244 331 207 200  87 199   1 255 303  74
   193   0  37 258 186  67 339 412]
  [  0 288 224 135 158 354 224  90  99 247 194   8 377 342 165  10  46
     6  39   0 181 410  81   9 377]
  [  0 407 236 299 213  90 376 205 177 278 381 155 405 406  42 414  73
    28  89 192   0   1 299 333  26]
  [  0 178 341 406 204 205  38 143 374 402   1 349 406 105 300 264 397
   277 207  68 213   0 365  64 188]
  [  0 383 258 147 133  97 154  50  76 370 383 263 416 339 322 310 240
   214 145  78 314  88   0  19  79]
  [  0 184 135 209  96  70 145 374 399 236 186 299 102 357 215  14 341
   324 371 323 264 278 348   0  93]
  [  0  63 147  47 154 141 208  88 358 246 411  61  59  43 167 101 207
   315  97 223 375  80 188 303   0]]

 [[  0 295   7 100  21 399 249 336 189 398 122 125 189 387 240 174  41
   278 197 155 131  92 309 344 139]
  [  0   0  38 197 116 256 269 201 286  78 249 138 289 183   1 147 219
   393 169 383 399  58 387 238 314]
  [  0  11   0 271 349 378 300 336 135 314 180 223 402 149 108 383 405
    10 134 317 340  40 285 181 133]
  [  0 197 269   0  86 309 381 317 359 172  95 116 359 215 327 346 340
   274 227  40 229 150 194 244 166]
  [  0  49 208  95   0  31 400 152  14 411 191  13  49 197   7 106 104
   260   1 157 378 384 271 330 134]
  [  0 127  89  92 388   0 205  46 115  85 312  25 219 105 135 359 185
    64  13 378 409 119 205  85  67]
  [  0 169 146 142 300 301   0 340 211  54  49 357 350  22 334 159 318
   157 408 337 181 210 173 347 222]
  [  0 179 284  76 356 360 171   0 294 135  49 308  55  18 134   1 253
   180 331  56 157 150 308 386 138]
  [  0  96 100 156 252  38 270  23   0 132 213 398  69  96 199 405  46
   375 334 119 113 133  61 183 100]
  [  0 326 210 307 278 203 416  19 270   0 413 360 216 226  61 287 189
   234 276 348  72 242 134 119 192]
  [  0 199 126  85 352 272 143 102  62 331   0 204 242 245 376 336 415
    13 250  57 349 335 221 289 336]
  [  0 407 167  66 400 122 366 203 240 312 107   0 395 230 237  66  39
   176 256 168  43 164   1 321  56]
  [  0  45 258 119  61 200 263 376 154  10 140 133   0 206 380 252  90
   245 363 267 351 383 177 101 276]
  [  0 233 167 168 382 395  46 250 285 264 386 280  83   0 149 104  96
   266 330 124  53 296 299 362 366]
  [  0 309 282 200 359 160 401 383 370 402   2 265 178 347   0 265 268
   291 360 417 215 118 231 184  87]
  [  0  28   6 362 285  22 283 404 292 308 406 362 357 242 273   0 195
   320  91 319 176 215 375  32 214]
  [  0 287 323 315  88 344 355 386 236  17 162 392  43  34  10 336   0
   417  80 125   4 197 142 333 214]
  [  0 323 385 178 380 156 239 167 332 107 363 154 415 115 380  87 217
     0 196 221  87 104  14 375 106]
  [  0 133  60 228  33 271 207 402  80 417 255 239  57 102 327 262 403
   241   0 203 154 246 394 339  25]
  [  0  25  36 176   9 242  93 135 349 173   5  60  20 213  86 233 396
   367 284   0 263 239 111  81 137]
  [  0  16 310  46 111 139 406 353 316 125  53 291 130 347 115  79  85
   260 139  77   0 359 151 259  36]
  [  0  63 340 131 290 266 180 417 234 139 286 166  70 353 236  51 213
   165 258 193 355   0 270 374 361]
  [  0 213 127 408 290 343 385  45 235 310 180 279 209 412 303 333  77
   163 409 213 258 237   0 155 251]
  [  0  17 320 306 113  89  12 253 216 258 262 381 209  91  31  94 335
    32 353 291 178 374 194   0 316]
  [  0 226 194 413 192 108 369 289 238 212 148 332 203 318 397 115  74
   390 382 182 321  47 295  17   0]]]
release_time
[ 0  1 25 61 74  2 26  3  0 52 14 33 33 42 28 27  4 34 60 20 18 29  7  1
  8]
due_date
[  0   2  32  89  95  17  31  23   8  62  53  48  36  63  60 110  38  67
 106  27  84  73  36   1  31]
unit_emission
[18 12  2  2]
emission_limit
11084.400000000001
setup_severity
2.0
due_tight
0.9
due_range
1.0
release_tight
10
degree_constr
0.8
