param: 
proc_time: (1, 100)
setup_rate: 0.5
setup_time: (15, 30)
delivery_time: (170, 200)

mach
2
job_rate
10
fam
8
setup_rate
0.5
proc_time
[[ 0 94 37 25 32  7 45 65 25 34 91  1 98 29 99 21 34 60  8 51 39]
 [ 0 94 76 61 44 16 76  2 80 62 10 79  3 35  7 80 18 93 51 81 73]]
setup_time
[[[ 0 19 27 24 20 19 16 19 21]
  [ 0  0 27 23 25 15 21 20 26]
  [ 0 19  0 15 30 18 29 26 21]
  [ 0 16 28  0 27 28 25 29 20]
  [ 0 16 27 25  0 30 23 21 22]
  [ 0 19 27 15 15  0 16 29 25]
  [ 0 18 23 27 15 29  0 28 21]
  [ 0 17 15 25 27 20 20  0 15]
  [ 0 25 16 19 22 27 21 18  0]]

 [[ 0 17 30 30 15 23 24 24 23]
  [ 0  0 28 17 22 29 30 28 25]
  [ 0 26  0 27 28 27 20 19 30]
  [ 0 16 20  0 15 15 25 30 25]
  [ 0 20 25 20  0 20 15 29 23]
  [ 0 24 24 21 27  0 26 21 30]
  [ 0 26 27 27 18 15  0 18 27]
  [ 0 20 24 20 25 27 20  0 28]
  [ 0 18 17 26 27 24 27 29  0]]]
delivery_time
[[  0 180 187 194 186 185 186 192 179 189 192 192 187 175 199 196 170 184
  179 197 181]
 [  0 176 186 198 193 182 191 184 183 179 179 196 181 171 170 192 187 186
  170 171 174]]
job2fam
[[1 0 0 0 0 0 0 0 0 0 0 0 0 0 0 0 0 0 0 0 0]
 [0 0 1 0 0 0 0 1 0 0 0 0 0 1 0 0 0 0 0 0 0]
 [0 0 0 0 1 0 1 0 0 0 0 0 0 0 0 0 0 0 0 1 0]
 [0 0 0 0 0 0 0 0 0 1 0 0 0 0 0 0 0 0 0 0 0]
 [0 0 0 0 0 0 0 0 1 0 1 0 0 0 0 0 0 0 0 0 0]
 [0 0 0 1 0 0 0 0 0 0 0 0 1 0 0 0 0 0 0 0 0]
 [0 0 0 0 0 0 0 0 0 0 0 0 0 0 0 1 0 1 0 0 0]
 [0 1 0 0 0 0 0 0 0 0 0 1 0 0 1 0 0 0 0 0 1]
 [0 0 0 0 0 1 0 0 0 0 0 0 0 0 0 0 1 0 1 0 0]]
unit_cost
[34 27]
pre_factor
2.0
