param: 
proc_time: (1, 100)
setup_rate: 2.0
setup_time: (60, 120)
delivery_time: (170, 200)

mach
2
job_rate
10
fam
5
setup_rate
2.0
proc_time
[[  0  44  91  33  60  86  93  83  83  70  83  77  26  86  21 100   2  47
   30  27  71]
 [  0  50  95  23  13  81   4  14  20  13   3  90  90  82  96  78  47   3
    1  90  24]]
setup_time
[[[  0  94  73  62  72 106]
  [  0   0  80  85  62 110]
  [  0  63   0 110 102  60]
  [  0 106  92   0 112 111]
  [  0 115  70  86   0  73]
  [  0  75 105  71 108   0]]

 [[  0  83 120 105  77  81]
  [  0   0  97  99 117  72]
  [  0  96   0  80 110  95]
  [  0  95  84   0 103  73]
  [  0  88  69 109   0  64]
  [  0 105  64 117 119   0]]]
delivery_time
[[  0 178 181 192 178 184 171 180 180 177 192 175 190 189 176 172 177 187
  186 180 171]
 [  0 190 196 193 188 176 200 187 177 183 176 197 190 197 196 173 186 174
  181 178 195]]
job2fam
[[1 0 0 0 0 0 0 0 0 0 0 0 0 0 0 0 0 0 0 0 0]
 [0 0 0 0 0 0 0 1 1 1 0 0 0 0 0 0 0 0 0 0 0]
 [0 0 1 0 0 1 0 0 0 0 1 0 0 0 0 0 0 1 0 0 1]
 [0 0 0 0 0 0 1 0 0 0 0 0 0 0 0 1 0 0 1 0 0]
 [0 1 0 1 1 0 0 0 0 0 0 0 0 0 1 0 0 0 0 1 0]
 [0 0 0 0 0 0 0 0 0 0 0 1 1 1 0 0 1 0 0 0 0]]
unit_cost
[25 34]
pre_factor
0.5
