mach
5
job_rate
8
weight
[ 0  1  5  7  4  1  8  2  5  8  4  5 10  3  4  1  8  2  6  3  9  4  2 10
  7  6  3  2  4  1  6  8  3  6  8  4  9  4  4  3  1]
proc_time
[[  0  99  62  97  97 144  91 140  58  84  57 124 138  65 122 137  91 118
  117  98 140  96  65  99 119 113 110  93 138  63 135  72 148 112  79 134
   53  79 139  77  51]
 [  0 105  88  57 114  66  98 130  58  60 124 130 101  90 107 115 111 124
   89 129 113 147 140 126 147 102 103 126  50  93 121  85 128 139  61  82
  112 107  59 105 133]
 [  0 117  90  71 140 141  94 137  78  56  61 103 135  99 119 114 109  82
   79  94 117  71  81 135  89  82 121 132  88  62 134 129 121 113  53 138
  145 138 128 110 133]
 [  0 145  63 100 128  94  80 119  57 142  80 136 144  89 116 128 108  54
   54  79  54  86 105 120 120 136 148  99 132  72 115  91 141 150 124 107
   76  91 134  52  52]
 [  0  54  98 140 133  66  92 127 143 108 140 116 140  65 140 131 109 112
   99  86 145  59 121 150 133  91 112 127 102  97 126 147 133  84 116  59
   66 139  62 121  51]]
setup_time
[[[0 3 3 4 2 5 5 2 4 3 4 3 2 0 3 5 3 5 5 2 0 5 3 1 2 5 5 3 3 1 4 1 3 2 4
   3 5 4 2 3 0]
  [0 0 2 3 0 4 3 1 4 4 3 4 0 1 4 4 1 4 0 2 2 5 5 3 3 0 2 1 4 2 3 2 1 3 4
   0 0 0 5 2 3]
  [0 3 0 3 4 2 0 1 1 1 0 4 4 3 0 2 0 4 5 4 3 0 3 4 3 1 2 1 4 2 4 5 1 0 1
   4 4 2 1 5 0]
  [0 5 5 0 2 1 2 1 5 0 5 2 1 4 5 3 5 2 2 0 3 3 1 3 4 1 1 1 1 4 0 5 3 0 5
   3 1 0 1 1 1]
  [0 4 3 5 0 5 3 0 5 3 3 3 3 1 2 4 0 2 2 4 1 3 4 3 2 4 0 1 4 2 5 4 0 4 1
   2 0 3 4 0 5]
  [0 2 1 4 3 0 3 0 5 4 5 3 2 0 5 2 4 3 3 4 3 5 1 0 1 4 0 1 5 4 5 4 1 0 2
   5 0 5 2 2 0]
  [0 3 1 5 1 1 0 5 2 5 2 2 3 4 5 3 3 5 1 3 5 2 1 1 1 4 4 5 5 2 4 0 3 4 5
   4 5 5 3 2 4]
  [0 5 3 5 0 5 1 0 0 0 4 2 3 1 3 4 5 5 1 4 5 5 0 0 2 1 2 0 5 2 4 3 0 3 0
   5 0 3 0 2 3]
  [0 4 5 0 4 5 4 1 0 5 4 2 4 0 4 4 3 4 2 3 4 4 4 5 1 3 2 5 4 1 5 5 0 3 0
   4 3 5 2 5 3]
  [0 4 1 5 1 3 3 3 1 0 2 4 2 3 0 1 4 5 3 0 1 2 2 4 5 1 5 2 5 4 3 5 5 4 5
   3 2 2 4 1 3]
  [0 0 1 3 2 2 1 3 4 2 0 4 0 4 3 2 4 1 0 4 2 3 3 1 2 1 2 1 2 3 2 5 5 4 0
   0 3 4 2 4 2]
  [0 5 2 2 5 4 3 0 1 5 0 0 3 3 1 1 3 1 3 0 2 2 0 3 1 4 2 2 4 4 3 3 4 1 0
   1 2 2 4 1 4]
  [0 0 3 2 2 3 5 0 5 4 2 4 0 2 1 5 4 3 3 2 1 5 3 3 4 3 5 4 5 0 0 5 3 1 0
   1 1 3 2 4 2]
  [0 2 1 4 0 2 0 0 4 4 2 2 5 0 1 3 0 5 4 5 2 0 3 0 4 0 1 2 1 3 1 4 3 4 0
   3 0 0 3 1 0]
  [0 0 5 3 0 3 4 1 3 2 3 3 5 3 0 4 5 1 4 4 2 2 0 0 5 0 2 0 5 4 3 5 1 1 2
   4 5 1 1 3 2]
  [0 3 2 5 4 5 2 5 3 4 1 1 1 3 2 0 2 5 1 4 4 4 1 0 0 3 0 2 3 4 3 5 2 4 5
   1 1 2 2 0 2]
  [0 1 2 4 4 4 0 2 3 0 5 5 5 0 0 4 0 5 2 2 1 5 2 1 4 4 5 4 2 4 5 4 0 4 3
   4 3 1 2 0 4]
  [0 5 2 5 5 5 3 4 2 3 5 4 3 5 1 0 1 0 5 4 2 5 2 0 1 4 4 5 2 1 5 4 0 5 5
   0 1 2 3 1 1]
  [0 5 1 0 2 4 4 4 3 0 5 3 2 5 1 2 1 4 0 2 2 5 1 3 1 5 0 2 3 1 4 3 1 4 1
   1 3 2 3 4 2]
  [0 4 0 5 1 4 3 1 1 0 2 5 3 0 4 5 4 3 1 0 1 3 3 4 3 5 5 5 3 1 4 3 3 1 5
   3 4 5 5 1 3]
  [0 1 0 0 5 2 4 2 5 3 5 3 1 0 4 3 4 4 1 3 0 3 5 5 3 0 4 3 1 5 1 2 4 0 4
   4 3 5 3 1 4]
  [0 5 4 4 3 4 0 1 0 1 1 5 3 3 3 0 4 4 5 5 2 0 5 3 0 3 2 2 0 1 0 3 2 4 4
   3 1 1 1 1 4]
  [0 3 1 3 3 3 2 1 3 1 5 2 5 4 1 2 0 3 4 1 4 4 0 1 4 4 4 1 3 0 4 4 2 5 4
   3 1 4 4 3 3]
  [0 2 3 4 2 4 0 1 4 3 2 2 3 2 5 1 0 2 3 1 2 3 0 0 4 2 5 2 2 3 2 0 5 1 5
   3 1 2 4 4 5]
  [0 3 3 0 4 3 3 2 1 1 4 4 0 0 4 4 0 0 2 2 2 4 2 0 0 1 2 1 4 5 3 2 3 2 1
   3 2 0 4 1 1]
  [0 0 0 3 2 0 4 0 1 1 0 3 0 2 5 0 3 4 4 1 2 2 0 3 4 0 2 3 5 1 1 1 1 0 1
   0 4 3 2 0 0]
  [0 1 3 4 1 0 4 2 5 1 1 1 3 1 1 5 1 0 2 2 4 0 5 3 5 1 0 0 1 1 2 5 4 4 1
   0 0 1 3 3 0]
  [0 2 5 2 1 3 5 4 1 2 3 1 0 3 3 0 3 5 2 3 2 3 1 2 0 3 0 0 4 1 5 4 1 1 1
   2 1 5 2 3 5]
  [0 5 2 1 4 2 2 2 5 5 4 3 3 5 1 4 3 1 1 1 4 0 2 0 3 1 2 2 0 2 3 3 2 2 4
   1 1 1 0 2 5]
  [0 2 4 2 1 0 5 4 4 3 3 1 1 1 4 4 0 0 2 4 3 0 1 3 5 4 1 2 0 0 4 0 4 3 0
   0 4 3 4 1 2]
  [0 4 2 4 2 1 5 3 3 2 4 5 1 3 3 0 2 3 1 4 5 0 2 3 5 2 0 0 0 1 0 0 2 1 0
   1 2 5 4 1 5]
  [0 4 4 5 4 1 4 5 2 3 3 3 1 3 3 4 5 2 4 5 2 2 4 5 3 0 5 0 5 4 5 0 1 4 2
   4 2 3 1 0 5]
  [0 0 5 3 4 2 1 4 3 3 0 2 2 2 3 2 2 1 4 1 0 1 3 5 3 0 5 3 5 4 4 5 0 3 4
   4 5 1 3 0 5]
  [0 4 4 4 3 3 4 4 2 4 2 5 3 4 1 5 2 5 5 5 0 1 4 4 3 0 1 1 1 3 2 1 4 0 3
   1 3 1 5 1 4]
  [0 4 2 5 1 3 3 1 5 0 0 2 3 4 1 0 5 4 1 0 5 3 2 3 4 4 2 2 1 0 5 1 1 4 0
   3 4 1 5 3 5]
  [0 4 5 0 0 2 2 2 0 4 0 1 1 1 2 1 3 5 0 4 1 3 3 0 2 3 0 3 1 0 1 3 4 0 1
   0 5 4 0 2 5]
  [0 2 3 3 5 0 3 2 1 2 5 4 5 1 2 5 4 2 5 0 3 4 4 0 3 1 1 5 1 0 1 2 5 2 2
   3 0 0 5 3 1]
  [0 1 5 1 3 5 5 0 1 0 1 5 3 0 4 2 5 1 3 2 2 1 4 5 2 1 5 2 0 4 2 5 3 0 1
   5 0 0 5 2 3]
  [0 1 3 2 2 2 5 3 4 2 2 1 0 4 3 5 1 2 4 1 3 1 1 0 3 5 1 3 4 0 0 4 5 4 4
   4 3 1 0 4 4]
  [0 5 5 5 2 4 4 3 2 2 1 5 4 3 5 0 0 5 4 0 0 5 2 5 1 0 4 3 0 2 1 0 1 2 2
   5 3 4 2 0 4]
  [0 0 4 2 4 3 1 4 5 3 3 1 5 0 2 3 3 0 2 1 5 3 4 5 0 1 0 0 5 2 2 4 1 2 4
   1 5 0 2 1 0]]

 [[0 3 3 1 2 3 5 1 3 3 4 0 0 3 4 5 4 3 2 5 3 2 0 1 3 1 0 1 5 3 2 2 4 0 1
   1 3 4 0 1 2]
  [0 0 2 4 5 0 0 3 4 4 0 3 4 5 4 0 3 0 5 3 1 2 3 3 1 0 1 1 0 2 2 2 3 3 0
   5 2 2 3 1 2]
  [0 2 0 5 5 0 3 2 1 4 4 0 2 0 1 5 0 5 5 5 2 1 0 1 5 4 0 1 5 0 4 4 4 1 4
   2 5 2 1 1 0]
  [0 5 5 0 3 3 4 2 3 4 0 3 0 0 4 3 0 1 5 2 1 1 3 2 4 0 2 2 4 5 3 1 0 0 4
   3 4 2 0 4 3]
  [0 3 3 3 0 3 3 5 3 4 4 1 5 5 4 4 3 0 5 3 4 2 0 0 4 5 3 5 4 5 3 4 0 2 5
   0 4 0 0 3 1]
  [0 3 5 2 1 0 2 2 1 3 3 3 4 3 5 0 1 0 0 0 1 2 1 1 2 2 1 1 0 2 0 5 0 4 2
   5 5 0 2 5 5]
  [0 0 5 5 5 5 0 3 2 1 4 5 5 1 3 3 4 0 4 5 2 3 5 5 0 1 1 1 2 1 1 3 2 4 1
   4 3 3 5 0 5]
  [0 2 5 0 3 5 2 0 0 2 1 3 4 4 2 0 5 4 3 4 1 1 2 1 1 0 3 4 5 5 1 5 5 0 1
   2 2 5 3 2 2]
  [0 5 3 4 4 3 1 4 0 1 0 4 1 2 4 4 1 0 2 4 4 5 0 2 1 0 2 3 3 5 1 5 1 4 1
   1 2 1 3 3 3]
  [0 0 1 2 5 4 4 5 4 0 0 0 5 5 4 0 2 2 2 4 1 4 4 3 1 1 5 2 3 0 2 1 1 1 5
   3 3 0 4 3 1]
  [0 4 5 5 2 5 3 3 3 2 0 4 2 4 1 0 1 0 1 0 0 3 1 1 4 5 4 0 1 1 3 1 1 0 0
   2 1 4 2 4 2]
  [0 1 0 3 3 5 0 2 1 0 2 0 1 5 3 1 1 3 4 5 1 2 0 3 0 0 5 4 2 0 5 4 3 1 4
   2 5 4 2 5 3]
  [0 2 3 0 2 5 2 2 2 5 5 2 0 1 4 1 1 1 2 4 1 4 4 1 0 1 4 0 3 5 0 3 1 2 1
   4 0 4 0 3 2]
  [0 2 0 2 2 0 5 3 2 3 0 2 2 0 0 2 3 1 2 0 5 1 0 4 0 4 1 5 2 5 5 2 0 5 4
   1 0 1 1 5 0]
  [0 2 5 2 2 1 3 3 1 0 2 5 4 5 0 5 4 5 2 5 5 0 2 2 0 1 5 3 3 3 1 1 2 1 4
   3 5 4 2 1 3]
  [0 0 5 2 1 3 2 2 0 0 2 3 5 2 2 0 2 4 3 3 3 5 0 3 2 4 3 0 3 1 4 4 3 4 4
   0 5 3 0 1 4]
  [0 0 0 0 3 5 5 0 0 1 0 1 4 4 3 2 0 0 0 0 5 3 3 2 1 5 1 4 0 0 1 3 4 2 2
   2 1 3 2 5 1]
  [0 2 5 2 2 0 4 0 1 5 4 3 3 4 2 3 2 0 5 1 3 0 0 5 2 4 1 2 4 0 0 1 2 3 3
   2 0 0 3 1 0]
  [0 0 2 0 4 4 4 2 1 3 5 3 2 1 3 3 0 0 0 4 1 0 0 5 1 4 4 3 3 5 2 0 3 2 3
   0 0 1 2 4 2]
  [0 4 0 0 4 3 4 5 3 1 0 2 5 2 3 4 2 0 0 0 3 0 0 0 0 1 0 3 3 1 1 5 3 3 2
   5 5 3 3 3 5]
  [0 4 2 2 3 4 2 3 0 5 1 2 1 5 1 4 4 5 5 0 0 3 2 0 5 1 0 1 4 1 0 2 3 0 0
   4 0 4 5 1 1]
  [0 2 3 5 1 3 3 4 2 0 0 1 2 2 1 2 4 5 1 5 2 0 2 1 3 1 0 5 0 1 1 4 5 0 0
   5 4 0 5 3 0]
  [0 0 2 5 0 0 5 5 2 0 0 0 3 3 2 5 1 4 3 5 1 4 0 2 4 2 5 4 0 4 2 2 3 4 5
   0 2 5 1 2 2]
  [0 3 3 3 3 4 4 0 0 5 2 0 3 5 1 4 3 5 3 1 5 2 2 0 4 5 5 3 3 4 5 0 2 2 0
   4 3 4 5 2 3]
  [0 4 3 5 5 5 3 2 5 0 3 5 2 5 3 1 3 4 3 4 4 0 2 1 0 2 3 0 2 1 0 4 3 1 4
   5 2 2 4 1 2]
  [0 0 0 1 3 2 2 3 4 1 0 1 3 4 5 3 4 5 4 5 0 4 1 5 1 0 2 3 1 4 3 2 2 1 5
   4 1 4 3 4 5]
  [0 3 0 1 4 4 3 4 4 4 4 5 1 5 0 0 3 3 2 3 3 0 3 4 4 0 0 0 0 1 5 1 1 3 0
   4 0 1 0 3 0]
  [0 0 0 1 3 2 0 2 0 4 5 2 4 5 2 5 2 3 3 1 4 5 0 3 4 5 1 0 1 1 1 0 5 3 3
   0 4 1 3 1 2]
  [0 1 5 2 0 0 1 5 2 4 1 1 2 2 2 4 2 2 2 5 5 0 1 3 1 3 5 3 0 0 2 4 0 3 3
   3 1 1 5 5 1]
  [0 2 4 5 2 0 4 5 3 2 3 3 4 2 4 0 5 0 0 0 0 4 2 3 4 4 3 4 2 0 3 1 0 1 5
   2 5 4 0 3 5]
  [0 4 0 3 4 5 5 0 0 1 0 2 1 1 5 1 2 5 5 0 4 5 4 1 2 5 2 2 5 4 0 4 4 4 0
   3 5 2 1 3 3]
  [0 4 4 2 3 2 0 1 4 4 0 3 4 3 4 5 4 2 0 2 2 5 1 1 1 5 5 0 2 1 4 0 3 2 5
   3 2 1 4 5 0]
  [0 2 2 2 1 1 1 4 0 3 1 4 4 0 4 4 3 2 0 4 0 3 1 1 0 5 5 0 1 0 2 2 0 4 2
   3 3 5 5 0 3]
  [0 2 1 4 0 5 4 0 1 0 2 4 4 2 0 2 4 5 4 4 2 4 4 1 5 2 2 5 3 1 0 1 5 0 1
   2 3 3 5 0 3]
  [0 5 1 0 1 1 4 1 3 2 5 2 5 3 1 5 1 1 0 1 2 3 0 0 0 4 5 0 0 4 3 4 5 1 0
   5 0 5 5 1 2]
  [0 1 0 5 4 0 3 4 2 5 4 4 5 3 2 3 1 2 5 2 5 3 4 5 2 3 0 1 3 2 2 4 5 1 1
   0 4 4 0 1 4]
  [0 4 3 0 1 3 0 3 0 2 1 2 1 2 4 5 5 0 3 5 2 5 1 3 4 4 0 4 1 2 1 2 2 3 5
   4 0 0 3 4 4]
  [0 2 3 5 5 5 3 1 1 2 5 5 2 1 1 3 3 2 4 1 3 4 5 1 1 0 3 4 0 2 2 4 5 0 2
   0 2 0 2 1 2]
  [0 5 1 4 2 3 4 1 1 2 1 4 5 3 0 4 5 2 3 1 3 0 1 1 3 0 1 2 5 5 0 2 5 5 1
   0 3 0 0 1 2]
  [0 3 4 5 0 1 1 0 5 3 2 5 3 1 5 0 3 5 1 5 5 2 5 4 1 0 4 2 5 1 2 1 4 2 3
   4 1 3 2 0 0]
  [0 1 3 1 3 2 4 3 0 5 4 3 5 0 3 3 3 1 3 2 0 1 0 0 5 3 2 0 4 3 1 3 4 3 5
   3 5 1 1 2 0]]

 [[0 2 4 2 2 0 4 3 5 5 3 0 2 4 0 0 0 1 3 3 3 0 5 5 2 0 3 2 1 2 4 2 2 1 1
   4 2 0 4 5 4]
  [0 0 1 3 2 1 5 4 5 2 4 3 1 2 2 2 3 3 2 1 3 3 2 1 1 5 3 2 5 3 1 2 0 2 5
   5 3 2 1 2 5]
  [0 5 0 3 4 2 3 2 4 5 0 0 2 0 4 5 2 5 0 5 5 5 2 2 2 4 1 1 0 5 5 3 1 2 2
   5 1 5 1 0 5]
  [0 2 5 0 0 4 4 2 0 5 5 1 2 0 3 5 2 1 0 1 1 1 3 1 2 2 3 2 1 3 0 4 3 2 4
   4 4 1 0 2 1]
  [0 1 5 2 0 3 1 5 4 0 3 3 3 0 3 5 0 2 2 3 2 5 3 0 3 1 5 0 0 0 5 0 1 3 2
   2 1 1 4 4 1]
  [0 5 2 5 1 0 2 3 5 5 2 2 5 5 5 1 1 1 1 4 5 1 0 1 2 3 3 3 3 1 3 3 1 0 4
   5 2 4 4 4 1]
  [0 1 5 3 5 3 0 1 3 0 3 3 1 1 5 1 2 3 3 1 2 1 4 5 4 2 1 1 4 4 1 3 2 4 4
   4 5 4 5 5 4]
  [0 0 5 5 4 4 3 0 0 3 4 2 0 2 2 1 4 0 3 4 0 4 2 3 5 3 0 1 0 3 3 2 0 2 4
   3 0 5 1 1 0]
  [0 3 4 3 4 3 5 0 0 1 5 5 3 5 1 2 0 4 5 4 5 4 1 5 4 2 2 2 5 4 5 1 4 0 4
   3 3 0 5 5 5]
  [0 3 0 3 1 3 4 5 0 0 2 1 0 3 4 0 5 5 1 0 0 3 5 5 2 4 3 2 0 1 3 4 3 4 2
   4 1 0 2 3 1]
  [0 2 3 0 4 5 1 0 0 3 0 3 1 4 4 0 4 4 2 2 4 3 0 2 0 0 0 5 4 0 0 4 5 3 5
   2 1 3 2 5 3]
  [0 2 0 3 0 4 2 3 3 0 1 0 0 3 2 1 1 1 4 1 2 3 1 0 4 1 1 2 1 0 5 5 1 2 4
   2 3 1 0 5 5]
  [0 1 4 1 0 2 4 0 1 4 2 0 0 0 1 3 5 0 4 4 5 0 1 4 0 0 1 3 3 5 3 0 5 0 0
   1 5 1 2 1 1]
  [0 4 2 3 5 1 5 1 0 3 2 0 0 0 2 4 5 1 5 1 4 2 1 5 2 3 1 5 5 1 4 2 1 5 2
   0 5 5 2 2 4]
  [0 2 2 0 3 1 0 2 2 0 1 0 0 0 0 3 0 2 3 3 0 4 5 1 3 4 4 2 5 0 3 1 3 3 1
   4 2 1 4 3 4]
  [0 3 2 2 3 3 0 3 0 0 0 3 5 0 3 0 0 1 2 4 4 0 4 4 4 3 4 0 2 1 2 5 5 0 2
   0 2 0 2 1 3]
  [0 5 3 2 0 1 0 0 0 4 4 2 2 3 3 1 0 5 1 5 1 0 1 3 0 3 0 2 1 5 4 0 1 0 0
   5 3 1 0 2 4]
  [0 2 4 0 2 2 1 5 3 2 0 4 3 5 4 1 3 0 1 3 5 4 3 1 0 0 1 5 3 5 2 4 2 3 4
   1 5 3 1 4 5]
  [0 4 3 5 5 3 2 0 2 1 0 0 2 0 5 1 1 1 0 0 3 4 5 1 5 5 2 5 3 4 3 2 2 1 5
   2 1 1 2 0 1]
  [0 5 3 0 4 3 3 4 1 5 4 5 2 5 0 2 0 3 3 0 5 4 2 2 5 4 5 5 5 1 1 2 3 1 0
   2 2 5 4 1 0]
  [0 0 0 2 4 0 4 0 5 1 2 1 1 5 4 5 4 0 3 1 0 3 5 0 1 4 2 0 4 4 3 5 0 2 3
   3 3 5 1 1 4]
  [0 2 4 2 1 1 1 2 4 0 4 1 5 1 4 3 5 0 4 0 3 0 1 3 1 2 3 1 2 2 3 4 2 2 3
   2 4 4 2 5 5]
  [0 0 1 4 5 3 4 0 5 5 4 3 2 4 4 2 3 3 3 5 1 2 0 1 3 0 4 2 1 1 4 3 4 0 0
   1 0 0 3 1 1]
  [0 5 0 3 3 2 4 1 2 1 3 3 5 0 0 2 0 0 5 3 3 4 5 0 2 0 2 4 3 4 5 0 1 4 0
   0 1 2 5 3 0]
  [0 0 0 5 1 3 4 2 4 3 4 4 1 4 3 4 1 1 0 5 2 0 3 1 0 4 1 5 4 4 1 4 5 4 4
   3 0 3 2 5 1]
  [0 0 3 3 1 4 1 3 0 4 3 3 1 5 3 0 2 4 4 3 4 1 1 1 5 0 0 0 2 4 1 1 4 3 3
   2 2 1 4 0 3]
  [0 3 5 4 2 3 4 2 2 5 4 5 1 0 1 1 1 5 4 0 1 0 0 4 2 4 0 5 0 1 5 2 4 0 2
   0 1 3 5 1 5]
  [0 1 4 0 4 3 5 5 5 0 2 5 1 0 4 1 1 2 0 1 4 3 1 4 0 1 4 0 3 1 2 1 3 4 2
   5 4 5 3 0 3]
  [0 0 2 1 4 2 0 1 1 5 2 2 1 0 4 5 5 0 4 2 0 5 0 4 4 0 1 2 0 5 1 0 2 0 3
   4 2 2 1 0 1]
  [0 2 1 5 0 1 1 1 5 5 1 5 5 0 0 3 3 3 1 0 0 3 5 3 5 0 5 5 3 0 0 1 3 3 5
   0 1 4 3 5 0]
  [0 0 5 1 0 0 5 5 4 1 0 4 5 1 3 3 1 0 0 4 4 3 0 2 5 3 5 5 2 5 0 5 5 2 4
   3 4 5 5 0 3]
  [0 2 0 5 2 1 1 4 2 5 5 0 4 1 4 1 4 5 4 4 1 3 2 4 1 1 2 4 0 5 2 0 0 5 5
   4 0 3 2 0 1]
  [0 1 0 2 3 5 4 4 1 3 2 0 2 4 2 4 0 2 0 5 1 3 0 0 5 3 2 4 4 1 4 1 0 4 0
   0 3 5 4 0 1]
  [0 3 5 4 5 1 2 1 1 5 5 5 0 1 2 2 1 2 1 5 1 1 5 1 4 1 3 0 4 0 5 0 1 0 2
   0 2 3 3 4 4]
  [0 1 1 4 0 5 2 0 0 1 1 1 2 2 0 2 1 4 3 5 0 2 3 3 2 5 4 4 3 3 1 1 1 4 0
   5 4 5 0 4 4]
  [0 5 1 2 0 1 5 1 2 3 0 4 0 3 2 1 1 0 4 1 5 5 1 5 2 0 0 2 0 1 3 5 4 4 2
   0 4 5 3 1 5]
  [0 4 2 4 1 2 2 5 5 5 2 2 4 0 5 3 2 4 1 2 2 1 3 4 0 2 1 0 0 1 3 0 4 4 1
   3 0 1 1 1 1]
  [0 2 2 5 0 2 5 4 5 5 2 2 2 3 2 2 3 3 1 1 3 4 5 5 0 3 1 1 3 2 1 0 1 3 3
   1 4 0 4 1 0]
  [0 5 1 4 2 3 4 2 5 5 5 3 5 4 5 0 1 3 1 2 2 1 5 5 1 3 4 0 4 5 1 4 5 3 1
   0 1 4 0 1 3]
  [0 4 4 3 3 0 0 1 2 3 0 4 4 4 2 4 1 2 3 0 3 0 2 1 3 4 5 2 5 3 3 4 3 3 4
   2 0 0 0 0 2]
  [0 5 1 3 3 4 0 3 1 4 2 1 5 5 0 4 3 2 5 4 5 2 0 5 1 3 3 2 5 5 2 4 0 0 0
   4 1 1 0 0 0]]

 [[0 0 4 0 1 2 0 0 1 5 3 0 2 4 5 3 4 2 5 2 2 5 3 1 1 2 5 3 1 1 1 1 1 0 5
   5 0 3 4 5 4]
  [0 0 1 4 5 0 1 0 1 4 1 4 2 2 5 4 4 1 3 2 2 0 0 3 5 5 0 3 3 1 3 4 1 4 3
   2 4 0 4 0 4]
  [0 0 0 0 1 4 2 3 2 1 5 0 4 5 0 0 0 4 4 5 0 2 2 4 4 5 3 4 2 4 1 3 0 4 3
   4 0 1 0 0 5]
  [0 3 4 0 5 2 3 4 2 0 0 0 0 4 4 3 2 4 2 2 2 5 0 5 4 0 4 4 4 3 5 2 2 0 2
   0 1 4 0 2 5]
  [0 0 4 3 0 4 4 0 4 1 1 0 2 2 2 0 4 1 4 0 5 2 5 2 5 0 1 1 1 2 2 1 2 5 3
   4 5 5 1 1 5]
  [0 5 5 1 4 0 1 1 5 3 2 2 2 0 0 1 3 0 3 4 1 1 3 3 3 1 3 1 2 0 2 3 0 0 3
   4 3 5 2 4 1]
  [0 3 3 3 3 1 0 5 5 1 3 5 4 3 0 3 0 5 0 1 1 4 4 1 0 2 4 3 3 1 4 3 0 2 4
   3 2 2 5 5 3]
  [0 5 3 1 0 1 0 0 2 0 2 2 0 3 3 5 2 3 0 0 0 5 3 0 1 1 3 2 2 0 5 2 1 3 5
   3 2 2 3 1 4]
  [0 2 3 5 0 2 0 2 0 5 4 3 4 0 4 2 2 1 1 2 5 0 0 3 2 3 2 1 0 3 3 1 3 3 3
   3 5 2 1 4 5]
  [0 4 5 1 2 3 3 0 2 0 3 0 2 4 5 5 3 1 0 4 4 2 0 2 1 1 2 5 2 0 3 5 4 5 4
   4 1 1 0 2 5]
  [0 3 2 3 2 4 2 3 4 0 0 4 1 2 2 1 3 0 1 0 0 1 5 3 0 4 0 0 5 2 5 1 0 5 5
   5 1 4 0 3 1]
  [0 2 0 3 0 5 3 5 1 5 4 0 4 1 1 3 2 1 4 3 5 5 0 5 3 1 0 1 3 4 1 3 1 3 3
   0 3 5 1 3 0]
  [0 1 5 1 2 1 3 3 2 1 2 3 0 0 0 0 1 2 1 2 2 2 5 5 4 1 2 0 0 0 1 1 5 0 2
   3 3 1 3 2 3]
  [0 2 1 5 3 3 1 1 3 0 5 2 4 0 3 3 2 4 3 4 3 4 2 5 4 2 0 1 5 2 1 3 3 0 4
   3 2 4 3 5 2]
  [0 0 0 5 1 5 1 0 5 0 0 5 2 5 0 5 1 1 2 4 4 4 0 0 5 5 0 4 2 5 5 1 5 4 3
   1 1 2 5 2 0]
  [0 5 5 2 4 3 4 5 2 0 1 1 5 2 1 0 3 0 0 2 5 0 1 1 1 4 2 5 4 1 1 5 1 5 5
   5 1 5 1 2 2]
  [0 4 4 4 4 4 5 3 3 0 5 2 3 1 5 2 0 1 3 3 1 4 2 4 0 2 5 4 1 0 4 4 3 4 5
   1 5 0 4 4 3]
  [0 3 1 3 2 4 5 0 0 3 2 0 0 1 0 5 2 0 4 3 2 1 3 3 1 5 0 0 3 0 2 2 5 0 5
   3 3 3 1 4 3]
  [0 1 1 2 0 2 4 2 5 2 2 0 3 5 3 4 5 5 0 5 4 2 1 0 5 2 3 5 0 5 0 2 2 4 5
   4 0 1 1 1 5]
  [0 4 3 2 3 0 5 1 5 4 5 1 4 0 2 2 1 2 2 0 5 0 1 4 5 4 0 2 1 0 1 2 1 0 4
   3 3 3 3 2 0]
  [0 3 3 5 2 4 1 3 2 4 5 0 0 5 0 1 3 1 3 0 0 1 0 0 5 4 4 1 5 0 5 5 4 2 4
   0 0 5 0 3 3]
  [0 0 0 2 3 5 5 3 1 1 1 5 0 4 5 5 0 0 1 4 4 0 2 1 1 2 4 5 2 0 3 1 0 0 1
   2 1 1 2 4 4]
  [0 1 0 0 1 0 3 0 5 1 0 2 4 1 5 3 5 4 4 0 0 4 0 4 4 4 3 3 2 1 1 2 3 1 5
   2 2 0 0 3 3]
  [0 3 1 3 0 5 5 2 0 5 2 1 1 1 4 4 4 0 3 4 3 3 0 0 4 4 1 2 0 2 3 4 5 5 1
   2 0 0 2 1 2]
  [0 2 4 0 1 1 0 2 0 3 5 3 4 1 0 0 5 5 3 4 2 5 5 3 0 3 5 1 0 4 5 1 0 4 1
   1 0 4 0 2 2]
  [0 0 2 1 2 1 1 1 3 1 5 0 5 3 0 5 4 1 5 3 0 5 0 1 0 0 2 5 3 3 3 2 0 3 5
   2 3 3 3 5 4]
  [0 5 5 1 1 5 5 4 2 0 3 4 3 3 0 3 0 1 4 0 1 2 2 5 3 2 0 4 4 5 2 2 0 0 4
   3 2 4 4 3 5]
  [0 4 2 3 5 5 2 5 0 2 4 1 5 3 3 1 4 4 3 3 4 5 2 4 1 2 5 0 2 1 2 3 1 1 5
   4 3 1 5 1 0]
  [0 3 0 5 4 4 2 4 0 5 0 2 1 3 1 2 4 1 5 0 4 3 2 3 4 1 0 0 0 0 0 4 4 2 3
   1 2 1 0 4 3]
  [0 4 4 5 5 3 2 3 4 3 4 5 3 4 4 3 1 4 1 2 4 1 2 1 3 2 2 4 5 0 4 3 3 5 5
   4 3 1 5 5 3]
  [0 5 4 2 2 2 5 1 1 1 3 1 1 5 3 0 4 1 2 0 2 0 4 3 0 5 0 4 4 0 0 1 2 0 3
   0 4 2 5 2 2]
  [0 2 0 4 4 0 2 3 1 3 0 5 1 0 3 3 0 5 5 4 1 2 5 1 4 2 3 5 4 2 4 0 0 2 1
   5 4 2 2 3 1]
  [0 5 4 4 5 2 4 5 0 0 1 3 1 3 3 0 0 2 2 1 2 2 5 4 1 4 1 2 5 3 4 5 0 2 2
   2 3 3 2 2 3]
  [0 2 3 5 2 5 3 1 5 1 5 2 5 5 1 4 2 1 0 4 0 3 2 4 5 1 4 1 4 2 1 0 0 0 1
   5 4 0 2 3 2]
  [0 5 3 1 3 3 0 3 2 5 1 1 4 1 0 5 5 3 4 4 3 2 2 0 1 5 4 0 5 1 0 2 0 3 0
   4 3 0 3 5 0]
  [0 0 5 3 4 0 1 5 2 5 3 1 5 4 2 3 5 0 2 0 2 5 1 3 2 0 0 5 4 4 3 4 2 3 0
   0 3 0 1 3 4]
  [0 0 4 0 2 5 3 2 3 2 0 4 5 2 4 1 5 3 3 4 2 4 5 1 5 1 0 0 5 3 5 0 0 3 3
   5 0 1 0 3 3]
  [0 0 5 3 2 2 5 5 3 1 4 1 3 2 3 4 1 3 2 1 3 5 1 2 3 0 0 1 4 0 2 3 1 0 4
   4 3 0 3 2 0]
  [0 1 2 3 2 4 3 4 1 3 3 1 5 0 1 3 3 3 1 1 2 5 4 5 2 3 0 4 1 4 2 3 5 3 5
   1 1 4 0 1 0]
  [0 1 2 3 1 5 5 2 0 3 4 0 4 3 4 4 1 4 4 3 4 2 5 1 2 0 3 3 5 1 5 5 3 0 4
   0 4 3 2 0 2]
  [0 2 3 4 4 5 4 4 2 3 3 1 0 5 2 0 1 5 0 1 2 3 2 5 0 4 5 5 4 0 2 3 5 5 3
   3 5 1 0 2 0]]

 [[0 3 2 2 0 5 5 0 2 2 0 5 1 4 3 3 1 0 4 2 2 0 1 0 4 2 2 4 4 2 5 2 4 0 2
   4 0 4 4 5 3]
  [0 0 1 1 0 5 1 3 3 0 3 5 2 5 2 4 0 5 3 1 0 2 1 0 5 3 1 5 2 5 5 4 3 0 3
   5 2 4 5 0 1]
  [0 5 0 5 5 0 2 2 2 0 1 4 5 3 2 4 2 0 5 5 4 1 3 0 3 4 4 5 5 0 1 4 2 3 2
   0 4 4 0 3 5]
  [0 2 3 0 5 1 4 2 4 4 2 5 3 5 5 0 5 2 2 2 0 2 3 3 2 5 3 3 1 5 0 3 4 0 1
   5 2 3 2 5 0]
  [0 0 2 4 0 1 4 4 1 1 3 4 3 0 1 0 5 2 4 0 2 2 3 5 4 5 4 2 2 0 1 0 3 3 0
   5 5 2 3 1 0]
  [0 4 0 5 0 0 3 5 3 4 0 5 5 4 3 0 3 3 4 4 4 0 3 5 2 5 3 3 1 1 2 2 0 0 3
   2 4 3 1 0 2]
  [0 2 1 4 4 0 0 4 4 0 4 1 2 0 3 1 3 4 5 4 0 2 3 3 0 2 5 1 1 2 5 3 0 5 0
   3 3 2 3 1 4]
  [0 1 3 5 2 2 2 0 4 3 0 1 2 3 3 1 3 4 1 4 4 4 0 4 0 5 4 0 3 0 3 3 1 4 1
   1 2 3 4 3 0]
  [0 4 2 4 5 0 3 4 0 4 1 2 1 0 0 5 5 0 3 1 0 4 3 4 3 1 0 2 4 5 0 4 4 2 1
   2 4 0 4 2 2]
  [0 0 0 0 3 5 2 5 5 0 1 5 3 3 4 4 5 2 0 1 4 1 4 3 2 0 0 4 0 3 1 4 3 1 2
   1 4 0 4 1 0]
  [0 0 1 5 5 4 2 4 4 4 0 5 1 1 5 2 5 5 0 5 3 1 1 0 4 4 3 3 3 1 3 5 4 3 0
   5 3 1 5 5 5]
  [0 2 2 4 2 1 3 5 3 4 1 0 1 2 3 4 3 4 3 4 3 3 1 3 4 1 2 1 3 0 0 0 2 5 4
   2 2 4 2 0 3]
  [0 1 1 5 5 4 1 0 2 3 2 0 0 5 1 2 4 0 1 0 2 5 3 4 2 2 1 2 1 0 0 3 2 5 1
   5 0 2 5 4 1]
  [0 1 2 1 5 1 2 0 3 1 5 3 3 0 0 1 0 5 4 3 1 3 1 0 5 2 4 3 3 0 4 2 2 4 0
   5 4 4 2 3 5]
  [0 1 1 4 4 2 3 5 0 5 2 4 1 1 0 0 4 1 4 1 5 2 0 0 3 1 0 2 1 4 3 2 4 2 4
   4 2 3 5 4 3]
  [0 5 3 0 3 3 5 3 3 1 2 4 0 0 1 0 1 5 3 2 5 3 3 5 2 2 2 5 3 1 1 1 0 0 4
   0 5 2 0 4 5]
  [0 2 5 5 1 1 0 1 3 4 3 0 0 4 3 1 0 4 4 4 2 5 4 2 0 3 0 1 4 3 5 5 4 2 3
   3 3 3 3 3 3]
  [0 5 3 2 1 0 3 5 1 1 5 5 1 2 0 2 5 0 4 0 3 3 3 2 4 2 2 1 3 0 3 5 0 1 3
   2 0 1 1 3 0]
  [0 0 1 1 0 3 3 3 2 1 5 1 2 0 2 2 4 3 0 2 4 4 0 2 3 0 5 0 3 1 2 0 1 3 4
   1 3 0 2 3 2]
  [0 1 4 0 0 1 0 2 5 4 5 0 1 2 3 3 2 2 3 0 5 2 5 3 0 3 4 4 3 0 0 5 1 3 2
   4 3 4 0 0 3]
  [0 2 5 3 4 5 5 3 5 1 4 3 2 5 3 1 2 4 4 2 0 4 1 0 4 0 0 2 5 2 0 4 0 1 1
   2 4 5 1 3 5]
  [0 0 3 0 0 3 2 2 4 0 0 3 1 2 4 3 4 1 4 2 2 0 0 2 1 1 2 0 3 5 0 3 0 5 1
   4 2 2 2 5 4]
  [0 0 4 2 2 0 3 2 2 0 2 0 4 3 4 2 0 5 3 2 0 3 0 4 0 3 1 4 3 4 3 2 2 2 3
   5 2 5 4 0 0]
  [0 1 4 3 5 2 0 3 1 4 0 1 3 2 2 3 5 3 5 0 4 3 1 0 0 1 2 1 5 4 1 3 1 5 3
   2 0 2 3 1 3]
  [0 0 5 4 5 2 2 3 3 5 0 5 1 4 5 1 3 1 1 1 5 4 0 2 0 5 0 1 4 1 2 4 0 3 2
   0 2 3 4 1 4]
  [0 3 4 4 2 4 0 5 3 5 5 2 2 0 4 3 3 4 0 5 3 1 2 4 3 0 2 1 3 3 2 5 3 2 1
   0 0 3 1 2 2]
  [0 0 5 4 4 2 5 1 3 1 3 4 2 0 5 4 0 5 5 0 3 3 2 1 1 4 0 0 0 2 1 0 2 0 4
   3 2 2 0 2 0]
  [0 3 1 1 3 5 3 5 4 2 4 5 1 0 1 0 4 4 4 2 0 3 0 3 0 4 0 0 5 5 5 5 5 5 1
   5 3 5 1 0 2]
  [0 2 1 4 0 5 2 1 5 5 3 1 1 0 1 3 1 1 3 2 1 5 5 4 4 0 4 4 0 0 5 3 2 1 4
   1 4 2 2 4 5]
  [0 3 3 4 1 4 4 0 5 1 0 3 4 0 0 0 2 0 5 4 5 3 0 0 1 1 4 4 4 0 5 4 2 2 5
   5 5 3 2 3 5]
  [0 4 0 0 2 4 4 5 3 0 4 5 0 0 2 2 0 5 1 5 0 1 2 4 2 4 0 2 4 0 0 0 1 5 2
   0 5 5 4 1 3]
  [0 5 2 1 0 2 0 4 5 1 0 4 3 2 1 0 3 2 4 0 5 0 3 3 1 3 0 1 2 2 2 0 3 2 5
   0 0 1 4 4 0]
  [0 4 4 2 2 2 3 5 1 4 3 1 0 5 0 4 5 2 0 5 3 5 4 3 2 1 3 4 5 3 2 0 0 4 4
   0 5 5 1 3 4]
  [0 1 3 3 0 4 1 0 2 3 5 5 5 0 2 4 0 0 0 2 0 5 4 0 3 2 3 4 5 3 4 5 2 0 3
   1 3 2 2 2 2]
  [0 4 3 3 3 5 1 0 2 4 3 5 4 3 0 4 3 2 0 1 2 3 0 0 4 1 0 5 1 2 0 0 2 1 0
   4 5 2 5 2 0]
  [0 5 0 3 3 5 3 0 2 3 4 3 2 2 5 5 3 2 0 3 0 4 4 5 2 1 4 1 2 4 5 1 3 4 1
   0 5 0 0 0 2]
  [0 2 0 5 4 1 3 1 4 0 5 1 1 4 5 0 2 3 3 3 5 5 3 0 4 1 4 4 4 5 3 0 1 3 3
   3 0 5 5 1 2]
  [0 5 0 3 2 1 5 1 3 2 5 3 4 0 5 4 4 4 4 4 1 5 4 4 1 5 5 5 2 0 2 2 4 2 2
   5 5 0 3 5 5]
  [0 5 2 3 2 3 0 3 3 0 1 1 4 0 1 5 5 4 4 3 3 0 0 5 1 3 4 2 2 3 5 3 0 3 0
   0 3 3 0 0 5]
  [0 4 3 2 0 2 3 1 4 3 0 5 1 3 5 3 0 0 4 2 4 4 0 0 4 4 1 5 3 0 2 5 3 1 3
   2 1 4 0 0 2]
  [0 3 2 4 2 0 2 1 3 2 5 1 0 1 2 1 3 1 1 0 4 0 3 0 3 4 5 3 4 4 0 0 2 2 3
   0 2 2 5 0 0]]]
release_time
[  0 588 577 595 627 568 560 574 608 528 501 540 544 483 417 474 580 620
 541 568 577 574 519 507 555 564 592 582 559 471 499 456 429 556 559 625
 465 640 547 457 607]
due_date
[  0 652 593 642 641 603 651 612 650 594 501 648 600 499 471 490 634 655
 606 626 595 638 595 632 624 621 607 639 577 496 601 539 446 604 560 652
 488 643 641 512 649]
unit_emission
[ 5 17 20 13 18]
emission_limit
24314.2
setup_severity
0.02
due_tight
0.3
due_range
0.25
release_tight
1
degree_constr
0.2
