mach
5
job_rate
8
weight
[ 0  9  3  3  2 10 10  9  7  4  2  7  5  2  7  5  7  2  2  9 10  2  9 10
  5  8  2  2  4  6  1  6  3  2  4  3  2  6  3  3 10]
proc_time
[[  0 140 137 134 122 128  99 131  87 147  68  80 115 126 135 134  98 111
   78 122  88  90 116 123 108 126 131  84 126 110  81 110 127 114  50  93
   72  84  58 123 145]
 [  0  83 104 102  60  79  95  80  65 128  50 114  80 106  87  93 142  75
  132 132  60  57  92 150 115 126 149  52 147  71 147 103 126  52 122  66
  105 129 126 132 116]
 [  0  54  76 119  92 100  67 110  92  75 116 114  61  68  74  73  91  73
   87  81  67  56  54 124 147 127 125  64  92 142  54 133 126 143 134  67
   72  95  76  56  61]
 [  0 145 133  61 120 149  51 105  97 136  67 132  62  50  80 141 107 149
   65  61 121  83  58  65 119  97 141  65  85 103 119 115 113  85 134  56
   99  57  76  69 148]
 [  0  52  86 129 114 100  70  65 128 149  63 112 109  72  96 140 149  71
  103  93 148 129  66 125 119 117  56  89 145  89  99  51  95  98  91 108
   66  87 105 133  77]]
setup_time
[[[0 0 3 2 0 1 1 1 2 3 0 4 1 2 3 0 3 3 2 4 2 1 3 0 3 0 0 0 3 4 1 4 4 4 2
   0 3 3 4 0 2]
  [0 0 2 2 4 2 0 2 4 0 2 2 4 0 1 4 2 0 0 3 0 4 2 0 0 3 1 2 2 3 0 4 0 4 2
   1 0 4 4 3 3]
  [0 4 0 0 3 0 2 1 4 0 2 1 0 0 1 4 1 2 3 4 2 1 3 4 1 0 3 0 3 1 0 0 3 3 4
   1 1 2 2 1 2]
  [0 0 0 0 1 2 2 3 0 3 2 1 4 1 0 1 1 4 2 2 3 4 4 0 2 1 2 0 4 1 3 3 2 0 2
   1 2 1 3 4 2]
  [0 0 0 3 0 1 3 2 2 3 2 3 1 0 0 4 3 1 1 3 4 0 3 0 0 4 1 0 3 1 4 1 1 3 2
   0 0 3 4 0 0]
  [0 4 2 1 2 0 3 4 1 1 4 3 1 4 3 0 1 3 3 0 3 0 2 2 3 4 2 1 0 3 1 0 1 3 0
   4 2 3 2 0 1]
  [0 1 1 1 4 0 0 0 1 3 4 0 4 2 3 3 1 2 4 4 4 2 3 3 3 4 2 0 3 4 0 4 4 1 0
   4 2 2 3 2 1]
  [0 0 0 0 0 1 2 0 2 0 1 3 2 2 0 2 3 2 0 4 2 1 3 0 4 2 4 2 0 4 2 2 4 4 1
   2 3 2 4 3 4]
  [0 3 1 1 2 4 1 1 0 0 3 2 2 0 2 0 1 3 2 1 1 3 0 3 1 4 3 2 1 2 4 3 1 2 4
   1 2 1 4 3 4]
  [0 4 4 4 0 0 0 2 4 0 0 1 0 1 3 4 0 0 0 0 2 1 4 4 1 0 1 3 1 3 0 0 2 4 4
   0 2 3 4 2 4]
  [0 1 0 1 1 2 0 3 3 1 0 0 1 3 4 0 3 3 3 0 2 2 0 4 1 1 3 4 2 0 4 1 0 3 3
   3 4 4 4 0 2]
  [0 2 3 4 2 3 4 3 1 4 1 0 2 2 1 0 4 3 3 4 4 1 4 1 1 1 4 0 0 0 1 1 4 2 2
   2 1 4 1 0 3]
  [0 1 0 4 3 0 3 4 3 2 1 1 0 2 0 3 2 4 2 2 2 3 0 3 4 2 0 0 0 0 3 4 3 2 4
   4 0 2 3 4 0]
  [0 2 2 3 3 0 3 4 3 4 4 1 4 0 1 0 3 4 4 1 0 4 4 1 2 0 3 4 3 3 3 3 4 4 1
   1 4 3 4 0 0]
  [0 1 2 3 3 3 4 1 4 2 2 3 1 4 0 3 1 1 1 4 2 0 2 2 0 0 2 2 4 0 4 4 0 4 0
   0 1 0 3 0 3]
  [0 2 3 3 2 2 1 3 4 1 0 0 3 0 2 0 3 4 3 1 4 0 0 3 2 0 4 2 2 3 2 1 2 3 2
   4 1 3 3 4 1]
  [0 1 4 2 3 1 0 1 3 2 4 2 1 0 0 4 0 0 0 2 4 0 0 2 4 0 1 3 4 2 1 2 3 2 4
   1 4 4 0 1 3]
  [0 3 0 1 4 0 2 0 2 0 0 2 2 4 1 0 2 0 4 2 4 0 3 0 3 4 0 1 3 2 4 1 2 2 0
   0 0 0 2 3 4]
  [0 3 3 4 1 3 4 2 4 1 1 0 2 3 3 3 2 2 0 1 0 3 4 4 4 4 4 0 3 1 1 2 0 3 4
   0 1 4 2 3 3]
  [0 2 3 1 2 2 3 0 3 1 0 2 0 4 1 2 3 2 4 0 4 0 0 1 2 1 4 4 4 4 2 0 3 3 2
   3 0 1 0 3 1]
  [0 3 1 2 0 3 0 1 0 2 4 0 4 0 2 1 1 4 0 2 0 1 4 3 3 1 3 4 2 1 2 4 1 3 4
   0 4 2 1 3 2]
  [0 2 3 3 4 2 4 1 4 0 3 0 2 2 0 1 2 2 3 0 3 0 2 2 2 3 4 3 1 0 0 4 0 0 1
   4 1 4 4 1 3]
  [0 1 3 3 0 2 0 4 4 2 4 0 3 4 3 0 1 1 3 4 2 0 0 3 1 3 2 2 0 0 1 0 2 0 0
   1 1 4 2 1 4]
  [0 4 0 0 0 3 4 4 1 2 3 2 4 1 1 1 1 4 2 0 2 4 1 0 1 0 2 3 4 3 2 1 1 3 2
   0 2 3 4 4 4]
  [0 3 3 4 0 4 4 0 0 1 4 4 1 1 0 3 3 4 0 0 2 3 2 3 0 0 2 1 4 2 4 1 4 4 0
   0 1 4 3 4 3]
  [0 4 1 0 4 4 3 0 2 4 4 1 1 1 2 1 2 4 4 1 2 1 0 4 3 0 1 4 4 0 4 1 3 2 0
   0 4 1 1 0 0]
  [0 2 0 0 4 0 0 3 4 4 1 2 0 4 1 4 2 2 3 0 4 3 0 3 3 2 0 0 1 2 2 4 4 1 4
   0 3 0 4 1 2]
  [0 4 3 0 1 1 3 4 1 2 4 3 3 1 1 1 4 3 4 2 1 4 0 4 4 0 1 0 0 4 4 4 4 0 1
   2 3 3 4 2 1]
  [0 4 2 3 1 0 4 1 4 3 2 2 3 2 4 3 4 3 3 1 4 3 2 1 4 2 0 1 0 1 0 3 3 3 2
   0 1 0 1 0 1]
  [0 4 4 4 4 0 3 2 4 1 2 1 4 2 3 3 0 2 2 1 0 3 4 3 2 4 1 1 2 0 0 2 3 2 2
   2 4 1 3 0 1]
  [0 3 2 1 1 4 1 2 0 1 4 2 4 0 3 0 3 0 2 0 4 3 4 2 2 0 4 1 0 0 0 2 0 3 0
   0 1 1 3 1 0]
  [0 0 3 2 1 1 0 3 2 1 0 2 2 3 0 1 2 4 4 3 1 3 1 1 3 2 1 3 3 2 3 0 2 2 2
   0 0 1 0 2 3]
  [0 4 1 1 2 1 0 4 4 3 2 2 2 2 0 4 3 0 3 1 2 0 4 0 2 3 0 2 1 1 1 3 0 1 4
   1 2 3 3 3 1]
  [0 3 3 2 2 0 2 3 1 1 0 3 4 1 4 2 3 0 4 0 1 0 4 2 4 1 0 3 4 1 3 2 4 0 1
   4 1 1 3 2 4]
  [0 0 3 3 4 3 4 0 2 1 1 3 1 1 4 4 1 1 2 3 4 1 3 4 1 4 1 0 3 2 0 1 0 3 0
   1 2 3 2 3 2]
  [0 2 3 1 2 3 2 1 1 2 3 4 3 4 3 0 1 3 4 0 0 0 0 3 2 3 2 1 4 0 4 4 4 2 1
   0 2 4 2 3 1]
  [0 3 3 1 3 1 0 0 3 2 3 0 3 4 4 4 3 4 3 4 0 0 4 1 4 1 0 1 2 2 2 2 3 2 1
   0 0 1 1 4 3]
  [0 4 4 4 4 4 0 4 0 1 3 3 4 1 4 0 1 3 3 4 2 2 2 4 1 4 1 1 2 1 2 0 3 2 1
   0 3 0 2 0 3]
  [0 1 0 1 4 3 0 4 0 0 2 0 3 4 3 2 3 0 2 4 0 4 2 3 2 2 3 0 3 0 1 0 4 1 0
   3 2 1 0 0 3]
  [0 1 0 4 2 3 0 2 2 2 0 0 3 0 2 3 2 4 3 1 2 2 2 1 1 0 1 3 3 2 1 4 1 0 4
   0 3 2 0 0 0]
  [0 1 0 4 1 4 1 4 2 1 4 2 3 0 2 2 4 1 4 4 4 2 3 2 1 1 1 3 1 0 2 2 4 2 1
   2 1 0 2 3 0]]

 [[0 0 0 1 2 1 2 1 2 1 0 1 4 1 1 4 1 0 4 3 4 3 2 3 4 1 1 3 2 2 1 3 2 2 1
   0 0 1 3 3 1]
  [0 0 2 3 2 0 0 3 3 1 2 2 4 4 2 4 1 1 3 0 0 4 0 0 1 0 2 2 3 3 4 2 0 0 0
   2 0 3 4 2 3]
  [0 3 0 3 0 2 4 1 3 4 2 3 0 2 3 4 4 1 0 4 1 3 3 2 4 0 4 4 0 3 2 2 3 1 1
   0 0 2 1 3 1]
  [0 4 0 0 4 3 3 2 0 2 2 2 4 3 4 1 3 3 1 0 3 4 0 4 1 0 3 1 3 3 1 0 4 2 0
   4 3 2 0 1 0]
  [0 1 4 0 0 0 4 1 0 2 2 3 2 4 4 0 1 1 0 3 0 4 0 4 3 2 3 2 4 0 4 3 0 1 4
   1 3 3 2 4 0]
  [0 1 4 2 3 0 1 3 3 2 0 2 2 1 4 2 0 3 3 0 2 4 4 2 0 3 1 0 4 2 4 2 2 2 1
   4 3 1 0 4 3]
  [0 2 0 3 3 3 0 2 0 2 4 0 4 1 0 0 1 0 1 4 0 2 0 1 0 4 2 1 0 1 3 2 0 4 4
   3 1 2 4 4 0]
  [0 2 3 3 1 3 1 0 4 4 2 2 1 1 3 0 3 3 0 1 3 1 4 3 1 4 3 4 0 1 3 4 0 1 4
   4 4 0 2 1 1]
  [0 4 1 0 0 3 1 1 0 3 0 3 2 0 2 4 1 4 1 3 4 1 4 3 3 1 3 0 2 1 0 0 0 3 3
   4 2 4 1 4 4]
  [0 2 1 3 0 3 1 1 3 0 1 2 4 0 4 0 0 4 3 3 1 0 2 2 3 2 0 1 3 4 4 4 1 1 2
   1 1 1 4 4 4]
  [0 3 2 4 2 1 1 2 3 0 0 4 4 3 1 0 0 2 2 1 4 4 2 2 1 3 4 3 2 1 2 4 2 3 0
   2 3 0 1 1 1]
  [0 4 0 3 1 0 0 4 1 3 0 0 4 1 1 3 3 0 4 3 4 2 2 0 1 2 2 1 2 3 1 4 3 3 1
   3 1 2 1 4 3]
  [0 4 1 0 4 2 3 4 3 4 2 0 0 0 2 0 3 1 0 0 4 0 1 3 3 4 0 4 1 0 3 2 0 1 4
   1 1 3 4 1 4]
  [0 0 2 0 3 1 0 2 0 2 1 4 2 0 2 4 3 3 4 3 2 1 4 1 4 4 2 2 0 3 4 0 1 3 4
   4 0 3 1 2 1]
  [0 3 0 0 4 0 4 1 3 2 0 0 3 3 0 2 2 4 1 1 4 2 4 2 0 3 3 1 2 1 1 4 1 3 3
   3 2 0 0 3 4]
  [0 4 4 0 4 4 3 4 1 2 2 3 4 0 1 0 1 2 0 1 3 1 2 0 3 3 1 4 3 2 3 0 4 2 0
   4 1 0 0 0 1]
  [0 0 0 3 0 3 2 4 1 2 4 0 3 1 1 4 0 1 0 0 2 4 0 4 1 0 1 1 0 4 0 4 2 4 4
   3 2 4 4 2 0]
  [0 4 1 1 3 4 3 2 4 0 2 1 4 1 4 3 4 0 3 2 0 3 3 2 3 0 2 3 0 1 3 0 0 1 3
   2 0 2 0 2 4]
  [0 2 2 1 3 2 4 4 2 4 2 1 3 3 2 3 2 3 0 1 4 0 2 1 2 3 2 4 4 1 0 3 4 3 1
   0 2 0 2 3 3]
  [0 4 0 1 4 3 3 0 2 1 3 3 0 0 1 0 4 0 3 0 2 2 1 0 1 4 2 1 1 4 2 3 0 2 1
   1 2 3 4 3 0]
  [0 3 2 0 3 1 2 2 1 4 0 4 1 1 4 1 1 2 2 1 0 2 2 0 3 4 4 1 2 2 4 0 2 2 2
   3 4 3 1 0 0]
  [0 0 3 4 1 0 4 1 3 0 0 1 0 4 4 0 0 2 0 4 4 0 4 0 2 2 4 0 0 0 0 4 4 1 1
   4 4 2 4 0 4]
  [0 2 4 4 3 1 1 0 1 1 2 2 0 4 4 4 4 4 0 1 0 2 0 2 1 1 2 0 2 2 1 1 3 2 4
   4 4 1 4 3 3]
  [0 3 1 1 0 1 0 3 4 0 0 0 4 2 1 4 2 4 2 3 4 2 4 0 0 2 4 4 1 4 3 0 0 4 3
   1 2 3 1 2 0]
  [0 4 3 2 4 0 1 3 1 2 0 4 2 0 3 0 0 2 0 1 4 4 4 3 0 4 0 3 2 0 0 2 1 0 1
   0 1 1 4 2 1]
  [0 3 2 4 2 3 2 4 3 2 3 3 1 1 4 4 2 3 0 1 1 4 1 2 4 0 0 3 2 0 1 0 1 4 0
   2 4 1 1 1 2]
  [0 0 0 3 3 3 4 0 1 4 3 2 2 4 3 2 0 2 4 3 0 3 3 1 3 0 0 1 0 1 0 1 2 1 2
   3 0 0 3 3 0]
  [0 4 0 1 1 3 3 0 3 3 0 3 2 0 2 0 3 3 3 0 2 4 0 4 2 0 4 0 1 4 1 3 3 1 4
   3 0 1 3 3 2]
  [0 0 4 3 2 4 1 2 3 4 1 4 4 0 2 2 1 4 1 4 3 3 2 2 4 0 4 4 0 2 4 1 1 0 2
   4 0 0 3 1 4]
  [0 2 0 4 0 3 2 2 3 2 4 1 2 3 3 2 0 0 3 0 3 0 1 0 0 2 1 0 3 0 3 1 3 3 4
   4 2 4 1 4 1]
  [0 1 0 4 0 3 1 1 3 0 0 1 2 3 2 4 2 2 2 4 2 4 2 4 1 2 2 4 1 1 0 0 2 0 4
   3 4 0 0 1 3]
  [0 2 2 1 2 1 4 1 0 2 1 4 4 2 2 4 2 0 3 1 4 2 3 3 2 3 1 2 2 0 3 0 1 2 3
   3 1 3 0 2 4]
  [0 3 3 2 3 1 0 3 0 4 1 2 0 2 3 0 1 4 4 2 0 4 3 1 0 1 1 4 3 4 3 1 0 0 2
   2 0 4 4 4 0]
  [0 0 4 4 1 2 1 4 2 4 0 1 0 1 3 0 2 4 4 4 2 2 0 0 4 0 1 0 1 3 0 2 1 0 3
   3 3 1 1 3 0]
  [0 3 1 3 1 0 1 4 4 4 0 0 2 0 4 3 2 2 2 0 3 2 4 2 0 0 3 3 3 3 3 0 0 1 0
   1 1 2 4 0 2]
  [0 2 0 3 3 4 4 1 0 0 0 2 3 0 1 4 4 2 1 2 2 1 0 3 0 2 4 1 0 4 4 2 2 4 3
   0 4 4 4 4 2]
  [0 2 1 2 1 2 4 1 1 1 1 2 1 2 2 0 1 1 3 1 0 1 0 1 3 4 4 3 2 4 4 3 3 0 1
   2 0 2 2 4 1]
  [0 1 4 3 2 4 3 3 3 4 2 3 4 2 1 0 2 3 2 4 1 1 4 4 0 2 4 2 2 1 4 1 0 4 2
   1 3 0 0 4 2]
  [0 2 2 4 1 3 2 3 1 0 2 1 4 0 1 1 3 2 4 4 1 1 2 1 2 3 2 2 2 1 1 4 2 4 2
   0 2 2 0 3 0]
  [0 4 4 2 0 2 3 3 2 4 3 4 0 3 2 1 0 1 1 1 2 4 3 1 1 4 0 0 1 4 1 2 4 1 1
   3 4 1 1 0 1]
  [0 1 2 0 4 4 1 0 0 2 3 3 1 2 1 1 2 1 1 1 0 1 4 1 4 0 1 1 2 0 0 3 1 4 3
   3 1 3 0 4 0]]

 [[0 0 4 3 3 1 4 3 4 1 2 1 2 4 1 3 4 2 3 4 0 0 3 1 0 0 2 0 3 4 3 1 1 0 0
   2 3 3 3 2 0]
  [0 0 3 1 3 0 2 4 3 4 0 3 2 4 4 2 2 0 1 4 3 3 2 2 2 3 3 3 3 3 2 0 1 3 0
   1 2 0 0 1 4]
  [0 3 0 1 0 4 1 4 4 2 0 4 3 4 3 2 3 2 1 4 3 0 1 1 0 1 3 2 0 2 4 1 0 2 3
   0 1 2 0 3 2]
  [0 1 0 0 0 4 4 1 4 4 0 1 2 4 4 0 1 0 1 2 2 4 2 0 0 2 0 3 4 3 3 3 0 2 3
   4 1 0 4 2 2]
  [0 0 3 3 0 4 2 2 2 2 2 3 1 3 3 3 0 2 1 1 0 4 1 1 3 3 4 4 3 3 2 2 2 1 0
   0 1 4 0 1 2]
  [0 0 4 3 4 0 2 1 1 4 4 3 4 3 2 0 0 2 4 1 4 4 1 4 1 3 3 0 3 4 2 2 0 4 3
   4 2 3 2 3 3]
  [0 4 0 3 2 1 0 1 0 0 1 3 2 4 2 4 3 4 4 0 4 3 3 1 3 1 3 2 0 1 3 3 3 0 0
   3 3 0 4 4 2]
  [0 0 0 4 1 4 4 0 3 2 2 1 4 1 0 0 2 0 1 1 3 1 3 3 1 2 1 1 4 3 3 3 4 2 4
   2 2 0 1 0 1]
  [0 4 3 0 1 2 1 3 0 4 3 2 4 3 4 0 4 2 4 4 3 2 1 4 3 0 4 1 3 4 1 3 3 1 2
   0 2 3 4 2 1]
  [0 2 0 0 0 0 0 2 3 0 1 1 4 4 0 1 4 1 0 3 4 0 3 1 0 2 3 1 1 1 1 3 0 0 0
   3 3 4 2 3 2]
  [0 4 3 4 0 3 0 1 4 1 0 2 3 3 1 0 3 2 4 2 2 0 3 3 2 3 1 0 2 1 3 3 0 2 1
   4 4 0 4 2 1]
  [0 4 3 4 0 3 2 4 1 2 4 0 1 0 0 2 3 3 1 0 3 1 3 4 1 2 4 2 1 3 3 3 4 2 3
   0 0 3 0 4 1]
  [0 1 3 2 3 1 0 2 0 4 2 1 0 2 0 4 4 2 2 4 1 4 1 0 1 1 3 0 0 1 1 1 3 2 3
   2 2 3 1 3 0]
  [0 1 1 0 2 2 2 0 1 2 4 4 2 0 1 4 2 1 2 2 0 2 1 1 2 0 4 2 2 3 2 0 0 2 2
   4 3 1 4 4 3]
  [0 1 2 4 0 2 3 4 1 1 1 0 0 3 0 3 1 3 1 4 3 3 0 0 2 0 2 4 1 0 4 4 1 3 0
   2 2 2 3 2 4]
  [0 3 1 1 1 3 0 1 2 4 2 3 3 2 2 0 0 1 3 3 0 2 0 4 3 0 3 1 0 3 4 3 4 3 4
   3 3 2 2 0 0]
  [0 4 0 1 3 2 4 1 1 2 0 2 1 1 3 1 0 4 1 4 3 2 2 1 1 3 2 2 2 0 4 2 1 4 2
   0 1 1 3 0 1]
  [0 3 1 4 4 0 3 3 3 1 4 2 0 3 4 1 2 0 2 4 0 3 3 0 0 0 4 1 0 4 0 1 1 1 4
   4 1 4 1 2 3]
  [0 3 0 1 3 0 2 3 2 0 0 1 0 2 3 4 2 3 0 0 1 4 0 3 2 0 3 3 3 4 4 3 0 1 3
   3 0 3 1 3 3]
  [0 1 0 3 2 3 3 4 0 1 3 2 2 3 2 3 4 0 0 0 1 0 3 1 3 3 3 0 1 2 0 2 2 4 3
   0 4 0 0 0 3]
  [0 0 0 3 0 3 0 1 3 3 4 1 0 1 3 0 3 0 0 3 0 2 3 2 4 2 4 3 4 2 3 4 3 3 4
   1 2 4 0 3 0]
  [0 4 1 3 1 0 0 2 4 3 0 4 3 4 1 3 2 1 4 0 1 0 3 4 4 4 4 0 0 2 2 3 0 2 2
   4 4 3 4 1 0]
  [0 4 4 1 2 0 2 2 3 0 2 1 3 3 4 3 0 3 3 1 4 0 0 1 2 0 0 4 2 4 1 0 2 1 1
   1 1 3 2 4 2]
  [0 2 1 0 0 3 1 3 4 1 2 4 4 3 0 4 1 2 1 3 4 1 0 0 4 2 4 3 3 0 4 2 3 3 1
   2 4 4 0 1 2]
  [0 4 2 0 4 4 1 1 2 4 4 1 2 1 3 3 2 2 4 3 4 3 0 3 0 1 4 0 4 0 4 2 1 0 4
   4 2 2 4 1 4]
  [0 0 2 3 2 2 2 4 4 3 0 0 2 0 1 3 1 3 1 2 2 1 2 2 2 0 2 3 4 3 4 4 2 2 0
   2 0 4 1 1 3]
  [0 1 1 4 3 3 1 2 1 3 1 2 4 0 1 3 0 0 0 1 4 3 0 4 1 0 0 2 0 1 3 0 3 1 4
   4 2 2 3 0 4]
  [0 1 4 4 2 3 1 1 1 3 0 3 4 4 4 1 3 4 3 4 3 4 2 4 4 1 4 0 0 3 2 0 2 2 1
   4 3 3 2 3 0]
  [0 2 4 0 1 1 1 3 1 0 4 0 0 4 3 3 4 4 0 1 2 2 2 4 0 3 4 0 0 0 0 1 3 2 4
   1 2 4 1 3 1]
  [0 1 4 4 0 1 1 4 1 1 2 1 3 0 0 3 4 3 3 1 1 0 3 4 0 4 2 4 1 0 4 0 1 3 0
   2 4 0 0 4 1]
  [0 2 1 3 1 0 2 4 3 2 4 4 4 4 4 2 3 3 2 2 0 3 2 1 4 0 1 2 2 2 0 3 0 4 2
   0 0 4 2 1 3]
  [0 4 3 0 0 2 2 0 2 1 4 4 3 4 1 4 4 3 0 1 1 3 2 3 2 4 0 3 0 2 3 0 4 4 4
   3 0 3 3 0 3]
  [0 3 0 0 3 2 3 2 2 1 3 4 0 3 4 1 2 1 0 2 1 0 1 0 1 4 3 0 1 2 0 2 0 3 1
   2 2 2 4 4 3]
  [0 1 4 0 2 3 0 3 0 4 2 2 4 0 4 3 0 4 0 0 3 1 0 4 2 2 4 4 4 2 1 0 4 0 0
   0 2 4 0 3 2]
  [0 3 4 3 2 4 0 1 0 3 4 3 2 0 1 3 3 3 0 3 0 2 4 2 2 1 4 4 1 0 3 2 4 1 0
   2 0 0 4 3 1]
  [0 0 2 1 4 3 1 1 0 4 2 1 0 1 1 1 4 2 0 1 2 3 2 2 0 4 2 1 2 1 2 2 1 3 0
   0 0 4 2 3 2]
  [0 4 0 2 1 3 2 3 4 3 3 2 1 2 0 4 0 0 3 3 1 2 0 1 4 0 1 2 1 2 0 0 2 3 2
   2 0 1 2 1 4]
  [0 0 1 2 2 2 3 1 0 2 1 3 0 2 1 2 0 1 4 2 3 0 0 1 0 0 1 3 4 4 3 1 1 3 4
   4 4 0 4 1 1]
  [0 2 0 3 1 3 0 1 0 1 4 3 0 1 1 2 1 4 0 3 2 1 4 1 0 3 2 3 3 0 3 2 0 1 3
   1 0 4 0 2 3]
  [0 2 1 2 4 0 1 4 3 2 2 4 1 1 0 4 2 3 3 4 3 1 3 4 3 2 3 4 4 0 3 0 4 3 4
   1 1 4 2 0 4]
  [0 4 0 4 1 4 2 4 3 4 3 4 0 2 0 0 1 3 3 3 2 1 1 0 3 3 1 2 2 0 1 1 2 0 1
   4 3 1 3 1 0]]

 [[0 2 0 1 4 1 0 4 2 2 2 2 1 4 0 2 4 3 3 2 3 3 4 1 1 2 2 3 3 3 1 3 1 0 4
   0 1 0 1 4 1]
  [0 0 3 3 2 3 3 0 4 0 4 4 1 0 4 1 4 2 1 2 2 2 2 1 1 2 4 4 0 1 3 3 4 1 3
   1 3 3 4 2 4]
  [0 0 0 1 1 3 0 3 1 2 0 0 2 4 1 3 3 1 2 1 4 3 3 3 2 3 1 1 3 4 4 0 3 2 4
   1 0 3 1 1 4]
  [0 4 0 0 3 1 0 1 0 3 3 0 1 3 4 2 2 3 1 3 1 1 1 4 0 4 0 0 0 2 4 4 1 1 1
   2 1 3 2 1 2]
  [0 2 1 1 0 4 3 3 4 2 3 1 4 4 4 0 1 1 4 2 0 2 1 4 1 0 4 3 2 0 2 3 4 0 1
   1 1 1 4 1 0]
  [0 4 4 0 4 0 1 0 3 4 4 1 2 1 0 1 3 2 4 1 0 0 1 0 4 0 2 3 0 4 2 1 1 3 4
   1 0 2 2 0 2]
  [0 3 3 2 1 3 0 2 0 2 4 3 1 1 1 0 4 0 2 3 1 4 1 0 4 2 0 2 3 0 1 4 2 3 2
   4 2 3 2 1 3]
  [0 3 3 2 0 1 1 0 2 4 3 3 3 1 3 2 0 0 2 1 0 4 2 1 4 1 2 1 1 1 2 2 1 3 0
   3 2 4 2 4 3]
  [0 2 4 2 4 3 4 3 0 1 0 4 3 0 0 4 4 4 1 2 2 0 2 2 1 1 2 0 1 3 3 2 2 4 0
   2 4 2 2 1 2]
  [0 2 3 3 0 2 1 4 0 0 2 2 2 3 3 3 3 2 4 1 2 4 1 1 2 4 0 1 2 2 2 0 4 0 0
   0 0 4 4 3 4]
  [0 4 1 1 1 1 4 4 3 4 0 2 4 1 2 0 3 4 3 3 0 0 2 0 1 3 2 0 1 0 1 3 4 1 0
   3 1 4 4 0 1]
  [0 4 4 3 1 1 3 4 3 4 2 0 2 1 4 3 0 1 2 2 4 0 2 0 1 4 3 0 4 4 3 2 0 4 3
   3 1 1 0 4 0]
  [0 2 3 2 0 2 0 3 0 2 0 3 0 0 3 2 3 2 0 0 3 0 4 3 2 2 3 1 4 1 3 0 1 3 0
   2 3 0 1 3 2]
  [0 3 0 2 1 4 1 0 1 4 3 3 4 0 0 4 2 4 4 0 3 0 4 2 0 2 4 1 4 1 4 2 3 1 3
   1 1 1 0 2 0]
  [0 1 4 4 0 0 4 3 0 1 0 3 2 1 0 3 2 4 0 1 4 1 3 3 1 0 2 1 1 2 2 2 3 3 0
   2 2 0 2 2 2]
  [0 4 4 3 1 3 2 3 4 0 1 2 3 0 0 0 1 3 0 3 1 0 4 3 2 4 3 1 3 4 1 0 3 4 0
   1 3 1 0 2 1]
  [0 0 3 2 1 1 1 0 3 2 4 0 4 4 1 1 0 3 1 4 4 0 3 3 0 3 1 0 1 4 0 3 4 3 4
   0 4 0 0 2 1]
  [0 1 4 4 4 0 2 2 1 3 4 2 0 1 3 3 4 0 0 1 2 3 1 2 3 3 3 3 2 4 4 1 2 3 4
   4 3 3 4 4 4]
  [0 2 1 1 4 3 1 4 4 4 1 1 3 4 3 2 0 3 0 0 1 3 3 4 3 2 3 4 0 1 4 4 4 4 1
   2 0 3 2 1 0]
  [0 3 1 1 1 1 4 3 0 0 2 2 4 1 3 2 2 3 4 0 3 1 1 3 1 2 4 2 0 1 3 3 2 3 1
   3 1 0 0 0 4]
  [0 0 0 0 3 4 2 0 3 1 4 2 2 3 0 0 1 0 2 1 0 1 0 1 2 0 2 3 1 2 4 4 3 0 4
   2 1 4 3 3 2]
  [0 4 4 4 1 0 0 0 4 1 0 1 2 2 2 0 1 2 0 2 2 0 4 1 4 4 1 2 2 4 0 0 1 0 3
   1 4 0 4 0 2]
  [0 2 3 0 2 1 3 3 1 4 2 1 4 4 3 2 1 0 2 2 0 1 0 4 2 0 3 1 3 3 1 4 4 3 4
   0 4 2 0 4 3]
  [0 3 4 0 1 1 0 2 2 4 2 2 1 1 1 0 2 2 1 1 2 3 3 0 4 4 4 4 4 0 2 2 2 4 3
   0 1 2 0 1 3]
  [0 2 3 2 4 1 4 2 3 2 4 4 1 1 2 4 0 3 3 2 2 2 2 3 0 4 1 2 3 0 4 4 2 4 1
   1 0 4 3 4 1]
  [0 4 0 4 2 3 0 4 2 0 4 4 4 2 1 1 3 0 3 1 3 1 4 4 2 0 0 1 3 4 3 0 0 4 0
   1 4 0 3 1 3]
  [0 2 1 2 0 2 3 4 2 2 3 4 1 1 2 1 2 4 4 3 0 4 0 2 0 3 0 2 4 4 2 2 0 4 4
   0 0 2 0 3 0]
  [0 1 4 1 2 3 3 0 4 1 1 0 3 4 1 4 1 3 4 3 2 3 1 0 3 2 4 0 2 3 2 0 1 3 1
   0 4 2 2 0 4]
  [0 3 3 3 0 1 1 2 4 0 3 2 1 2 4 4 0 2 3 1 1 1 0 2 2 2 1 4 0 0 4 1 4 4 1
   0 1 4 1 0 2]
  [0 1 0 0 3 3 3 1 4 0 0 3 4 1 2 1 4 0 1 0 3 1 0 4 0 0 0 3 4 0 2 0 2 0 0
   0 0 2 1 0 0]
  [0 1 3 2 1 3 1 4 0 0 3 4 3 3 4 0 4 3 1 1 1 0 2 1 1 3 2 4 1 0 0 2 1 2 4
   3 4 1 4 3 0]
  [0 0 3 2 2 1 1 0 2 4 0 2 1 4 2 3 1 3 1 4 4 4 4 3 0 4 2 2 1 1 4 0 2 3 0
   4 3 0 1 1 4]
  [0 2 1 2 4 2 1 2 2 1 1 1 3 4 1 0 4 3 1 2 0 0 4 1 2 2 2 0 2 4 0 3 0 1 0
   1 3 1 0 0 0]
  [0 0 3 1 3 3 3 3 0 1 3 0 0 4 2 3 1 0 2 0 3 4 1 1 2 1 4 2 4 3 4 1 2 0 3
   4 2 3 4 1 1]
  [0 0 4 4 0 0 2 4 1 3 2 0 1 0 0 1 4 3 2 1 4 3 4 0 3 2 3 2 3 2 2 1 0 4 0
   4 0 1 3 1 4]
  [0 3 3 0 2 1 4 1 4 4 2 3 0 2 3 1 3 2 0 4 1 0 0 0 3 3 0 1 2 3 3 1 4 4 2
   0 4 0 2 0 4]
  [0 3 1 0 4 2 2 1 0 1 2 2 1 0 4 4 4 3 2 4 1 3 2 1 4 0 3 1 0 1 1 1 1 0 0
   2 0 2 1 3 3]
  [0 1 1 3 2 2 3 1 4 3 2 2 0 3 3 3 2 1 1 4 1 1 1 2 4 2 0 0 1 3 0 4 0 0 1
   1 3 0 4 3 4]
  [0 3 4 4 0 1 1 2 4 4 4 2 1 4 3 4 4 3 4 4 0 2 4 4 3 3 4 4 2 3 2 3 4 0 1
   4 1 1 0 0 3]
  [0 0 3 2 0 3 0 3 2 0 1 1 4 1 4 4 4 3 4 3 3 2 0 3 4 4 1 0 4 2 1 3 4 3 3
   3 1 3 2 0 2]
  [0 4 4 3 0 2 3 0 3 2 2 4 4 3 0 0 3 3 1 3 0 4 1 0 3 2 3 1 2 0 2 4 1 4 1
   4 4 3 3 4 0]]

 [[0 2 1 2 1 3 2 0 2 4 4 4 2 3 3 3 0 0 0 3 4 2 2 3 3 2 2 4 2 4 0 4 0 0 4
   1 2 4 2 1 3]
  [0 0 4 0 3 4 2 0 4 1 4 4 4 1 4 0 0 3 1 0 0 3 1 1 4 3 2 0 4 2 2 0 2 1 4
   4 2 1 0 0 2]
  [0 2 0 3 4 3 3 3 3 4 0 2 3 0 4 1 4 0 3 4 0 0 3 4 0 0 1 0 4 3 0 1 2 3 0
   0 4 4 2 4 2]
  [0 3 2 0 3 3 1 1 1 2 3 0 3 1 4 1 0 3 4 4 0 2 1 0 2 0 2 0 3 2 2 1 2 2 3
   2 4 1 1 0 0]
  [0 1 0 3 0 4 2 2 3 4 3 0 2 2 4 4 3 4 1 4 0 1 3 0 3 4 3 3 1 3 1 0 4 3 4
   3 4 1 2 2 3]
  [0 4 1 2 3 0 0 1 0 1 1 3 0 0 4 2 4 3 3 1 1 0 3 2 2 3 1 2 2 3 2 2 0 3 1
   2 3 1 0 2 3]
  [0 0 3 1 3 1 0 0 2 4 2 3 1 3 4 3 1 2 4 1 4 1 1 3 1 1 2 2 2 2 3 1 4 2 0
   0 4 3 3 3 3]
  [0 3 0 0 0 4 2 0 1 2 4 0 4 1 2 1 4 4 1 1 1 1 4 1 3 4 1 2 3 4 1 2 4 0 0
   3 3 2 2 4 2]
  [0 3 4 4 4 0 4 0 0 3 2 0 0 1 2 3 3 1 1 3 2 2 0 0 2 2 4 3 3 3 3 0 3 2 3
   1 3 2 3 0 3]
  [0 3 3 1 3 3 0 0 3 0 3 2 2 4 2 4 2 1 4 1 2 4 1 4 2 4 4 1 2 3 1 1 2 3 4
   1 2 4 1 1 2]
  [0 0 4 1 0 4 0 0 3 4 0 0 0 4 2 3 4 2 1 1 2 4 3 0 2 4 1 4 0 2 3 1 0 0 4
   0 3 0 0 3 4]
  [0 4 4 3 4 4 3 2 3 2 3 0 0 0 1 0 4 4 3 1 4 3 4 1 0 2 4 0 3 4 0 4 1 3 4
   4 2 2 1 1 4]
  [0 1 0 0 2 0 2 4 2 1 1 4 0 0 0 3 1 1 1 4 0 3 0 1 3 2 4 3 0 1 2 3 0 1 3
   1 4 4 2 4 4]
  [0 2 4 1 0 1 1 2 1 2 1 0 1 0 2 0 1 4 4 2 0 4 3 4 4 2 2 1 0 3 0 3 1 3 3
   3 0 4 1 4 1]
  [0 2 3 2 2 3 2 0 1 4 1 0 4 1 0 3 3 2 1 1 2 3 0 0 1 2 3 0 4 3 2 0 1 1 2
   3 0 2 3 1 4]
  [0 4 1 4 1 3 1 4 4 2 4 0 1 1 1 0 4 4 1 3 3 1 1 4 0 1 4 1 1 1 3 1 2 1 4
   2 0 4 4 2 4]
  [0 0 0 1 4 2 4 3 1 4 4 0 0 0 4 2 0 4 0 2 2 0 1 4 4 1 2 2 1 2 3 3 3 3 3
   0 0 0 1 2 0]
  [0 4 4 3 2 3 1 2 4 1 3 3 3 1 4 2 0 0 2 4 2 0 0 4 0 3 3 3 2 0 0 4 1 0 3
   1 1 3 2 1 1]
  [0 2 2 4 3 2 0 1 4 4 2 3 2 3 2 4 1 2 0 2 4 1 0 2 1 0 2 4 3 3 0 4 3 4 4
   2 2 3 1 2 0]
  [0 2 1 2 2 3 2 3 0 1 2 1 2 1 0 4 1 4 0 0 1 3 1 1 0 4 2 4 2 1 0 2 2 3 2
   2 2 2 2 4 1]
  [0 0 0 4 1 4 3 3 3 0 0 1 4 2 1 3 3 3 0 0 0 0 2 0 0 2 1 4 3 1 3 2 4 0 3
   0 3 4 2 4 0]
  [0 2 0 4 2 0 3 0 3 1 4 3 4 1 0 1 4 4 0 0 2 0 0 2 1 1 0 4 3 2 4 2 0 2 2
   2 0 2 4 1 1]
  [0 0 2 0 3 0 4 3 3 3 4 0 3 0 0 3 0 4 4 2 1 3 0 1 0 4 3 2 4 0 0 1 1 0 2
   0 1 0 4 4 0]
  [0 3 3 2 1 0 4 3 0 1 0 4 3 4 4 2 3 0 4 2 1 1 3 0 4 3 1 0 1 1 0 3 1 2 0
   4 0 3 0 1 0]
  [0 3 1 4 2 1 4 3 3 4 2 0 0 0 0 1 3 3 0 4 4 0 0 1 0 3 3 2 0 1 0 3 0 0 0
   2 2 1 4 4 2]
  [0 2 4 0 3 4 4 0 1 1 3 4 2 1 4 1 1 3 3 4 2 1 2 3 1 0 1 3 3 2 0 4 0 0 0
   3 0 2 4 0 1]
  [0 4 1 4 4 3 4 4 4 1 0 1 0 3 2 1 1 1 0 2 4 0 3 2 2 4 0 3 3 0 3 3 4 2 1
   4 0 2 2 3 4]
  [0 3 3 1 0 0 2 1 4 0 4 4 4 4 0 4 2 4 1 2 4 2 2 2 2 2 1 0 4 1 3 3 0 0 3
   1 0 1 3 3 1]
  [0 0 2 3 2 2 4 2 0 4 0 2 3 4 2 0 4 0 3 4 0 2 4 1 4 3 0 1 0 3 1 1 1 0 1
   0 0 4 0 2 3]
  [0 3 1 1 3 2 2 0 1 0 4 2 4 3 2 4 4 1 2 4 4 1 0 3 2 2 3 3 3 0 0 4 2 3 2
   2 1 4 3 0 2]
  [0 1 0 4 4 0 4 2 3 3 0 4 0 2 2 0 2 0 3 1 0 2 0 0 1 4 2 0 2 1 0 2 3 2 4
   4 1 0 0 4 0]
  [0 1 0 0 4 3 2 0 3 4 1 0 3 1 4 1 1 0 0 0 2 1 1 1 0 4 3 4 2 0 3 0 4 1 1
   2 1 3 4 2 3]
  [0 0 3 2 0 2 2 4 3 0 0 1 0 1 0 4 4 1 2 4 3 3 3 3 3 1 1 1 3 2 3 1 0 4 1
   4 0 3 2 2 3]
  [0 3 3 0 0 3 0 2 4 2 1 0 4 2 2 4 0 2 3 1 2 2 4 0 3 3 1 4 2 2 2 3 3 0 4
   3 3 4 4 2 0]
  [0 4 3 0 3 3 0 0 2 3 3 4 1 3 3 1 1 2 2 3 4 0 1 3 1 1 0 4 0 0 4 3 3 4 0
   1 3 0 3 1 1]
  [0 1 3 4 2 2 1 3 0 1 4 3 1 4 2 3 0 4 0 4 1 4 3 0 4 2 0 4 1 2 4 4 3 2 1
   0 3 1 1 0 1]
  [0 1 1 4 4 3 3 4 2 3 0 4 1 0 3 2 3 1 1 2 2 3 4 0 3 3 3 2 3 0 0 0 2 4 0
   0 0 0 0 0 4]
  [0 1 3 4 0 3 3 1 3 3 2 2 1 1 1 1 3 4 4 2 3 0 2 0 1 1 2 2 2 1 3 2 1 1 0
   1 0 0 3 3 2]
  [0 4 1 0 3 4 3 3 1 0 0 4 4 4 1 0 3 1 2 4 2 4 4 3 0 1 1 3 4 3 2 2 0 4 1
   0 4 3 0 0 4]
  [0 2 4 4 1 4 3 0 1 0 0 2 0 4 0 4 1 2 3 0 1 4 2 1 2 2 0 1 0 1 1 0 3 1 4
   0 0 1 2 0 3]
  [0 3 4 0 3 4 3 1 2 0 0 1 2 4 4 3 2 1 2 0 3 1 1 2 2 1 1 3 1 2 1 0 2 1 4
   4 1 1 2 1 0]]]
release_time
[  0 428 590 576 479 405 520 555 371 549 603 594 588 445 428 575 567 561
 584 550 609 500 421 460 551 513 519 423 479 550 520 530 478 581 499 477
 557 438 532 559 503]
due_date
[  0 452 595 611 576 432 595 594 436 582 620 625 610 467 441 606 604 588
 624 594 620 532 486 546 605 568 597 448 594 573 549 612 578 609 605 532
 572 477 585 582 604]
unit_emission
[13  2 19 12 19]
emission_limit
13511.0
setup_severity
0.02
due_tight
0.3
due_range
0.25
release_tight
1
degree_constr
0.2
