param: 
proc_time: (1, 100)
setup_rate: 1.0
setup_time: (30, 60)
delivery_time: (100, 200)

mach
5
job_rate
5
fam
3
setup_rate
1.0
proc_time
[[  0  10  62  31  98  20  39  10  35  92  78  72   5  22  65   5  78  82
   29  40  86  55  73  23  52  10]
 [  0  13  35  97   3  92  84  69  46   3  92  68  40  60  66  97  72  43
   49   7  71  54  99  83  16  78]
 [  0  48  51  87  56  86  67   2  75  21   6 100  95  76  29  61  57  25
   88  50  25  79  27  32  59  49]
 [  0  24  28  62   8  97  16  26  98   8  53  97  60  56  51  47   3  83
   83  59  23  25  10  15  19  73]
 [  0  81  18  27  88  58  17   7  64  19  32  88  77  64  94  34  88  34
   48  69  90  94   6  24   1  88]]
setup_time
[[[ 0 60 35 34]
  [ 0  0 42 50]
  [ 0 42  0 50]
  [ 0 55 49  0]]

 [[ 0 45 35 39]
  [ 0  0 37 59]
  [ 0 35  0 51]
  [ 0 44 47  0]]

 [[ 0 48 59 41]
  [ 0  0 42 41]
  [ 0 40  0 51]
  [ 0 52 60  0]]

 [[ 0 52 36 40]
  [ 0  0 47 41]
  [ 0 43  0 41]
  [ 0 30 58  0]]

 [[ 0 46 50 39]
  [ 0  0 54 53]
  [ 0 48  0 49]
  [ 0 38 30  0]]]
delivery_time
[[  0 124 124 135 153 108 198 141 158 102 159 180 168 186 101 179 101 178
  102 183 190 119 150 129 150 133]
 [  0 185 109 166 183 128 128 110 141 178 181 138 175 125 193 187 163 179
  117 109 148 129 103 166 164 106]
 [  0 115 125 157 173 149 189 193 158 145 137 176 130 101 155 141 156 109
  184 104 136 164 122 168 154 198]
 [  0 115 185 168 180 197 179 128 157 130 166 170 153 161 135 117 166 170
  153 183 122 183 130 182 155 113]
 [  0 196 119 156 186 101 131 101 185 166 198 193 117 172 141 140 104 142
  140 149 118 126 184 122 157 152]]
job2fam
[[1 0 0 0 0 0 0 0 0 0 0 0 0 0 0 0 0 0 0 0 0 0 0 0 0 0]
 [0 1 0 1 0 0 0 0 0 0 0 0 0 0 1 1 0 0 0 1 0 1 1 0 0 0]
 [0 0 0 0 1 1 0 0 0 1 0 1 0 1 0 0 1 1 1 0 0 0 0 1 0 0]
 [0 0 1 0 0 0 1 1 1 0 1 0 1 0 0 0 0 0 0 0 1 0 0 0 1 1]]
unit_cost
[ 9  9 11 15 14]
pre_factor
2.0
