param: 
proc_time: (1, 100)
setup_rate: 0.5
setup_time: (15, 30)
delivery_time: (1, 30)

mach
5
job_rate
5
fam
3
setup_rate
0.5
proc_time
[[  0  91  62  45  80  61  90  60   3  40  94  76  44  82  53  85  82  77
   78  89  81  47  65  20   5   8]
 [  0  38  15  61   5  35  76  12  53  42  48  25  35  85  37  35  50  44
   94  15  66  77  95  88  78   7]
 [  0  61  78  12  71  95  56  71  83  74  55  98  55  68  34  55  41  22
   23  76  14  16  34  67  53  86]
 [  0   9  17  22  34  32  42  50  97  48  73  77   6  84  56  68  53  19
   56  90  96  52  96  51  99  99]
 [  0  85  27  31  69  50  50  92  17  16  50  32   5 100  12  76  61  17
   11  38  39  39  73   7  52   3]]
setup_time
[[[ 0 20 15 30]
  [ 0  0 15 30]
  [ 0 26  0 19]
  [ 0 25 23  0]]

 [[ 0 15 27 21]
  [ 0  0 18 30]
  [ 0 15  0 28]
  [ 0 18 24  0]]

 [[ 0 19 25 17]
  [ 0  0 16 16]
  [ 0 26  0 16]
  [ 0 21 26  0]]

 [[ 0 23 21 18]
  [ 0  0 18 22]
  [ 0 30  0 18]
  [ 0 18 29  0]]

 [[ 0 21 29 27]
  [ 0  0 21 26]
  [ 0 26  0 20]
  [ 0 15 20  0]]]
delivery_time
[[ 0 24 28 19  5 18 11  8 29 11 18 19  8 16 19 13 18  5 12 19 28 26  3 21
   6 24]
 [ 0 25  2  8  7 17 16  3 27  2 19 13  8 10 13 19  4 29  9 19 21 14  5 14
  19 16]
 [ 0  9 25  2  2 11  3 27 17  5 22 17 29 30 21 15  8 21 23  5 11  6 27 26
  11  5]
 [ 0 11  6 16  6 29 18  8  8 23 25 23  1 13  9  5 27  6  3  1 25 25 17  1
  28 25]
 [ 0 30 13 27 27  9 11  9  4 25 10  3 16 21 21 26 20 20 23 11 17 20 24 13
   8 18]]
job2fam
[[1 0 0 0 0 0 0 0 0 0 0 0 0 0 0 0 0 0 0 0 0 0 0 0 0 0]
 [0 0 0 1 0 0 1 0 0 0 0 0 0 0 0 0 0 0 1 0 1 0 0 0 0 0]
 [0 0 0 0 0 1 0 1 0 1 0 1 0 0 1 0 0 1 0 0 0 1 1 1 1 1]
 [0 1 1 0 1 0 0 0 1 0 1 0 1 1 0 1 1 0 0 1 0 0 0 0 0 0]]
unit_cost
[5 7 4 4 7]
pre_factor
2.0
