param: 
proc_time: (1, 100)
setup_rate: 1.0
setup_time: (30, 60)
delivery_time: (1, 30)

mach
5
job_rate
5
fam
5
setup_rate
1.0
proc_time
[[  0  10  61  34  48   9  50  28  77  43  10  69  36  99  71  76  14  21
    6  58  79  63  94  37  45  81]
 [  0  19  80  70  43  52   3  41  42  37  44  20  57  65  26  14  98  75
   94  11  67  22  73  74  90 100]
 [  0  31  79  72   7  97  14  95  35   8  90  24  27  87  99   9  74   3
   47  36  12  26  17  40  47  94]
 [  0  99  41  91  83  39  55  31  28  50  69  16  89  67  24  60  11 100
   38  26  78  37   2  21  23  86]
 [  0  44  72  44   7  92  26  66  39  42   9  14  77  13  16  97  59  95
   95   5 100  20  72  33  98  90]]
setup_time
[[[ 0 49 47 50 35 46]
  [ 0  0 37 41 36 30]
  [ 0 43  0 52 48 43]
  [ 0 34 32  0 54 59]
  [ 0 41 33 45  0 43]
  [ 0 44 42 48 42  0]]

 [[ 0 36 36 52 56 31]
  [ 0  0 53 30 56 57]
  [ 0 37  0 33 57 46]
  [ 0 46 46  0 54 58]
  [ 0 57 59 34  0 51]
  [ 0 38 39 50 59  0]]

 [[ 0 42 60 47 49 58]
  [ 0  0 53 57 53 49]
  [ 0 60  0 34 38 44]
  [ 0 59 44  0 58 37]
  [ 0 38 32 34  0 57]
  [ 0 53 52 57 51  0]]

 [[ 0 46 55 58 57 40]
  [ 0  0 56 33 32 58]
  [ 0 49  0 59 58 35]
  [ 0 32 48  0 42 39]
  [ 0 47 54 45  0 37]
  [ 0 44 48 38 41  0]]

 [[ 0 37 41 31 34 59]
  [ 0  0 56 59 43 33]
  [ 0 44  0 58 38 50]
  [ 0 41 38  0 44 42]
  [ 0 38 47 42  0 60]
  [ 0 51 34 41 31  0]]]
delivery_time
[[ 0 11  7 12 22 17 19 20  5  2 27 20 24 22 27 23 16 26  8 28 10 30 17  7
  19 21]
 [ 0 23 24  7 28 19 19 20 14 20  8  1 16 25 17  7 23 22 27  7 25  8  6  7
   9  2]
 [ 0 22  6 26  3 15  8 23 20 30 21 13 29  1 18  7 18 10  6 11 20 17 28 27
  14  2]
 [ 0  7 26 19 28 23 16 18 21  3 14 13 17 25  6 21  8 27 15 30  6 26  3 14
   5 18]
 [ 0 24 30  1  8 15 21 28 10  3 14  7  4 10 10 20 14 26 10 17  8 19 29 28
  26 17]]
job2fam
[[1 0 0 0 0 0 0 0 0 0 0 0 0 0 0 0 0 0 0 0 0 0 0 0 0 0]
 [0 0 0 0 0 0 0 0 0 0 0 0 0 1 0 1 0 1 0 0 0 0 0 1 0 0]
 [0 0 0 0 0 0 0 1 0 0 0 0 1 0 0 0 0 0 0 0 0 0 0 0 0 0]
 [0 0 1 0 0 0 0 0 0 1 0 0 0 0 1 0 0 0 1 1 1 0 1 0 0 0]
 [0 1 0 1 0 1 1 0 0 0 1 0 0 0 0 0 1 0 0 0 0 1 0 0 1 0]
 [0 0 0 0 1 0 0 0 1 0 0 1 0 0 0 0 0 0 0 0 0 0 0 0 0 1]]
unit_cost
[5 5 7 6 7]
pre_factor
2.0
