mach
5
job_rate
8
weight
[ 0  3  4  1  7  7  8 10  1  7  1  6  8  1  3  9  8  5  5  6  3  9  4  9
  7  5  3  2  7  5 10  1  5  1 10  6  2  9 10  1 10]
proc_time
[[  0 148 132  53 110  90  64  52  67  51 134  93  51 146 144  91  73  53
   62  53  71 100 120 120 140  93  60  80 100  72  70 110 137  62 127  57
   80  75  93  79 112]
 [  0  74  95 108 146 106  78 104 143  75 110 114 105 124 142 127  59  84
  140  77 103  98 102  65 113 144 100  64 132 129 120  62 134 120 150 106
   51 123 128  64 133]
 [  0 111  67  97  52  99 126  93 130  80 113 119 145 113 101  81  93 137
   97 122  68 104 125  54  77  85  58  92  54 124  76  93 120 104  71  76
   53 113  77  83 124]
 [  0 141  85 113 111 142 111 101 117 111  96 132 147 119  55  83  60  97
   66 110 126 124 143  55 119 127 119  98  90  68  62 117 122 133  58  94
   87  61  71 123 134]
 [  0  63 146 128 130  56  79 114 140  60 115 109  75  97  61 123  52  72
   55 149 100 103 133  85 124 137 121 120  78  52 143 148 146  91 122 101
  100 101  80 123  77]]
setup_time
[[[0 4 1 2 1 2 1 2 4 1 0 0 3 1 1 0 1 3 2 1 4 2 1 1 0 1 2 3 1 0 0 3 4 3 1
   3 0 2 1 1 3]
  [0 0 4 1 1 4 2 3 3 3 4 4 0 4 0 2 0 3 0 1 4 0 4 0 4 2 1 4 4 2 3 0 3 0 1
   1 3 4 2 0 0]
  [0 3 0 4 2 3 3 1 4 0 3 4 1 3 2 3 2 1 4 0 1 0 1 3 0 2 3 2 3 2 3 0 4 4 0
   2 3 3 0 1 1]
  [0 4 4 0 0 0 1 0 1 3 1 4 4 3 1 3 3 4 2 2 3 3 1 4 3 4 1 3 2 2 1 3 1 0 2
   2 1 1 4 1 3]
  [0 3 1 2 0 1 1 4 0 1 4 2 0 1 3 0 1 3 2 2 0 2 2 2 0 3 3 3 1 0 0 3 3 2 1
   4 3 0 1 0 2]
  [0 4 3 3 0 0 0 0 2 0 4 3 2 3 1 0 3 1 1 4 2 1 0 0 4 3 2 2 4 3 3 0 0 0 2
   0 4 3 4 1 1]
  [0 4 3 4 1 0 0 0 2 0 1 4 2 0 0 1 3 3 1 1 0 1 4 3 3 2 0 4 2 4 2 3 4 1 0
   2 3 4 4 2 2]
  [0 1 4 3 0 4 4 0 3 0 1 1 0 2 1 2 4 1 3 1 0 0 4 1 0 4 0 1 1 2 3 0 1 1 2
   4 2 4 3 1 3]
  [0 0 3 3 2 1 0 2 0 1 2 0 2 4 4 0 0 0 0 2 0 2 3 2 0 1 1 3 3 2 4 3 3 3 2
   4 3 2 1 4 4]
  [0 3 3 2 4 3 3 0 3 0 0 4 3 2 3 4 0 2 1 2 1 4 2 2 0 3 0 3 2 0 0 0 0 2 2
   3 2 3 3 1 2]
  [0 2 2 0 3 4 2 4 1 1 0 2 0 3 4 1 3 4 3 1 0 4 0 1 0 4 3 1 3 3 0 3 0 3 3
   2 2 3 0 4 4]
  [0 2 0 3 2 4 2 1 2 2 1 0 0 1 2 3 4 3 3 0 3 2 1 1 2 4 1 4 0 2 4 3 3 1 3
   1 4 3 3 3 4]
  [0 0 3 2 2 3 3 1 3 3 4 2 0 4 0 3 4 1 1 2 4 0 0 2 2 4 0 2 1 3 1 4 3 0 2
   2 3 2 3 2 2]
  [0 3 1 4 0 1 4 0 2 2 3 1 1 0 1 3 4 0 3 4 4 4 1 1 0 4 4 0 4 0 1 2 3 1 4
   0 0 2 2 3 2]
  [0 0 4 2 4 2 3 0 0 4 3 0 3 3 0 3 0 1 2 4 3 1 4 3 0 0 0 4 4 3 4 0 3 1 4
   1 3 0 0 4 1]
  [0 3 1 4 0 2 1 3 0 2 3 1 2 0 4 0 0 3 0 4 3 3 4 4 4 2 1 3 0 0 4 3 2 4 4
   1 3 3 4 4 1]
  [0 4 0 3 1 2 1 0 0 0 0 3 3 4 2 2 0 0 4 4 0 1 1 2 0 0 1 1 3 0 0 0 3 4 4
   2 1 1 1 0 3]
  [0 4 1 3 1 0 0 2 0 0 0 1 3 0 3 2 4 0 4 3 1 4 4 0 2 4 2 1 3 0 3 0 1 0 0
   0 0 0 2 3 4]
  [0 1 4 0 4 4 4 0 2 0 3 0 1 3 2 4 3 4 0 4 3 1 0 4 2 3 1 1 0 3 3 3 3 4 0
   1 3 4 1 1 4]
  [0 0 2 0 4 0 3 2 4 3 4 3 2 3 0 1 3 0 0 0 0 2 0 1 2 2 2 3 0 1 2 0 1 1 0
   2 2 1 4 2 1]
  [0 0 3 3 4 0 1 1 1 4 3 3 0 0 1 2 2 0 0 3 0 0 3 2 0 0 3 2 3 0 0 1 0 2 0
   0 3 3 1 1 3]
  [0 2 2 1 1 2 1 4 2 1 1 1 2 0 3 3 4 3 1 2 2 0 1 2 4 4 3 2 3 2 0 3 4 0 0
   2 1 3 0 4 1]
  [0 1 1 1 1 3 3 0 4 3 0 4 2 1 1 4 2 2 4 1 0 1 0 2 0 2 3 4 3 4 3 0 1 4 2
   2 0 0 2 0 4]
  [0 2 0 3 1 4 0 4 2 2 2 1 4 4 1 1 4 2 3 2 0 0 3 0 2 1 4 3 2 4 1 2 4 2 4
   2 0 4 1 2 2]
  [0 1 4 2 3 2 4 0 4 3 2 0 3 3 0 2 2 4 2 2 3 4 0 0 0 0 3 4 1 0 4 4 3 3 0
   1 1 4 3 4 1]
  [0 1 4 2 1 1 1 1 4 3 0 3 1 4 3 4 3 2 0 1 2 2 3 0 0 0 2 1 4 4 3 1 4 2 4
   3 4 4 2 2 2]
  [0 3 3 2 3 3 1 3 2 2 3 4 2 4 3 2 4 1 0 4 1 0 2 0 0 4 0 1 1 2 2 1 0 0 4
   0 0 2 1 0 0]
  [0 3 1 2 0 2 3 0 3 3 4 3 4 2 1 3 4 4 3 3 1 0 1 4 1 0 3 0 0 2 1 2 1 0 4
   2 4 0 1 3 0]
  [0 2 3 1 2 1 4 0 2 0 2 2 1 1 4 1 4 3 1 3 1 0 1 1 0 2 0 1 0 2 4 4 3 0 0
   2 3 2 2 3 2]
  [0 1 3 3 2 1 2 1 3 4 1 2 4 2 1 3 0 1 3 2 1 4 3 3 1 2 1 1 4 0 1 3 0 2 2
   2 2 1 4 4 1]
  [0 3 4 4 3 4 4 3 4 3 3 3 4 1 0 0 1 4 4 1 0 2 4 1 1 4 4 4 4 1 0 3 2 2 0
   3 2 1 1 0 3]
  [0 4 0 1 4 2 2 0 4 3 2 0 3 4 4 2 3 2 1 0 4 3 0 2 0 0 3 3 2 1 2 0 1 0 2
   3 1 2 2 3 0]
  [0 0 3 1 4 4 0 0 1 4 3 3 1 1 4 3 2 1 3 4 3 1 0 3 4 3 1 2 4 4 1 1 0 3 0
   3 4 2 4 1 1]
  [0 0 4 2 0 3 1 1 4 3 2 0 3 4 3 1 2 1 2 4 0 3 4 2 3 1 2 2 4 1 3 2 3 0 3
   1 2 0 2 1 1]
  [0 4 3 3 3 3 4 3 1 4 0 0 1 2 3 3 4 3 0 0 4 2 2 2 4 2 4 0 2 4 4 3 4 4 0
   4 3 2 0 2 3]
  [0 4 1 3 4 0 4 3 3 3 4 2 4 0 0 2 4 1 4 0 2 3 3 3 3 3 2 1 2 4 0 2 0 3 1
   0 0 3 1 3 1]
  [0 3 0 3 2 3 4 0 3 1 4 2 1 4 0 3 0 3 4 2 0 4 4 0 0 3 1 4 0 3 0 4 2 0 4
   1 0 3 1 2 4]
  [0 0 1 4 4 0 1 4 2 2 4 4 0 2 4 2 4 4 2 3 2 1 3 4 4 3 1 2 2 1 1 1 3 0 3
   4 0 0 4 1 0]
  [0 2 4 1 2 2 3 2 1 2 4 4 3 1 4 2 2 3 1 3 1 0 1 3 3 4 3 0 2 3 2 0 1 2 0
   4 4 2 0 4 1]
  [0 3 0 4 0 3 0 2 0 1 0 2 1 3 1 3 2 4 4 3 4 1 0 3 3 0 4 3 2 2 2 0 1 1 3
   2 2 3 2 0 2]
  [0 0 0 1 1 2 4 3 2 2 3 3 3 3 4 2 2 0 4 3 3 2 3 4 1 4 2 3 1 0 1 1 4 0 2
   4 3 4 3 0 0]]

 [[0 4 4 1 1 2 0 2 1 1 4 1 3 4 0 4 3 2 2 0 4 1 2 1 3 0 3 3 3 1 3 3 3 3 1
   1 2 0 3 1 2]
  [0 0 3 4 1 0 2 1 3 1 2 1 0 2 4 0 2 2 0 3 3 4 0 4 3 0 3 4 3 1 0 1 1 0 2
   4 2 4 0 0 0]
  [0 1 0 3 1 1 4 0 2 4 3 2 2 0 2 2 1 0 3 2 0 4 4 0 1 0 4 4 3 0 3 3 2 2 3
   0 1 0 0 0 1]
  [0 3 1 0 4 2 4 1 2 0 1 1 3 3 4 2 0 4 4 3 3 0 4 2 4 4 3 1 3 3 1 3 2 3 4
   2 2 2 2 2 3]
  [0 4 2 3 0 1 4 2 3 1 2 1 4 3 4 2 0 1 1 3 2 4 3 3 1 4 3 3 1 2 1 4 3 2 1
   3 2 3 0 3 3]
  [0 3 4 0 0 0 1 4 1 4 0 3 1 0 3 2 3 1 1 1 0 0 1 3 3 1 0 4 2 4 4 3 2 4 2
   4 0 3 3 1 2]
  [0 1 2 3 1 1 0 4 1 0 4 2 3 4 0 1 0 3 2 0 0 0 0 1 2 0 4 0 1 3 4 4 0 4 1
   1 3 4 1 2 2]
  [0 3 1 3 3 2 3 0 3 1 1 2 1 1 4 3 3 0 3 2 1 0 4 2 4 2 3 1 4 2 0 3 3 0 3
   1 4 4 4 4 0]
  [0 0 4 4 2 2 0 1 0 2 3 2 0 2 3 2 4 3 2 2 4 1 2 2 4 0 0 4 3 0 3 1 0 0 4
   1 4 3 3 1 1]
  [0 3 4 3 1 0 0 1 3 0 3 2 2 1 1 1 4 1 0 0 1 3 3 0 0 4 0 4 0 4 0 1 2 1 0
   4 3 3 4 2 3]
  [0 0 4 3 3 2 4 3 4 1 0 0 4 1 0 1 1 0 0 4 3 0 1 3 3 1 4 4 3 1 4 4 2 0 2
   2 4 2 3 2 2]
  [0 3 0 4 0 0 3 4 4 3 2 0 4 2 0 1 2 0 2 4 3 0 1 1 1 0 0 2 3 2 0 0 0 1 3
   2 3 4 2 3 4]
  [0 3 4 1 0 1 1 4 0 4 2 3 0 3 3 2 0 1 1 4 4 3 1 0 3 3 0 4 4 1 2 2 3 1 0
   1 4 0 4 1 3]
  [0 2 0 1 2 0 0 1 0 2 2 2 1 0 3 0 0 1 1 1 2 2 3 2 2 2 3 2 0 2 2 3 1 1 4
   3 4 3 0 0 3]
  [0 3 0 3 4 2 4 1 4 1 4 2 1 0 0 1 0 1 3 4 2 0 2 2 3 3 2 3 0 3 3 1 2 3 2
   1 0 1 2 3 0]
  [0 1 2 2 4 4 1 2 0 0 1 3 0 0 1 0 2 4 3 1 4 3 2 2 2 1 0 4 4 1 1 2 0 0 3
   3 4 0 0 2 3]
  [0 0 4 3 4 2 0 0 1 2 4 3 4 2 4 3 0 3 3 4 3 0 1 1 4 4 0 4 1 0 3 4 0 2 3
   4 0 0 4 3 2]
  [0 2 2 2 4 0 2 4 2 1 1 4 2 4 2 3 2 0 4 3 4 0 2 2 1 3 2 3 4 4 3 0 2 0 1
   0 1 4 4 0 4]
  [0 0 2 1 4 4 4 0 0 2 4 2 0 2 4 4 3 1 0 2 2 1 2 3 0 1 3 3 0 4 2 0 3 2 4
   2 2 2 2 3 4]
  [0 3 0 1 3 3 3 1 3 4 3 0 2 3 2 2 4 3 3 0 4 3 4 2 1 0 1 2 1 3 4 0 0 1 0
   0 0 2 4 3 2]
  [0 3 4 2 3 3 4 0 3 3 1 0 2 0 1 1 3 0 3 2 0 0 0 0 1 2 0 1 2 4 2 1 2 0 1
   4 2 0 4 2 2]
  [0 4 2 3 4 4 3 2 0 4 2 3 3 2 4 2 3 0 2 0 1 0 3 2 3 2 0 1 2 2 4 3 4 1 3
   0 2 2 3 0 1]
  [0 1 3 0 4 1 2 4 1 1 4 1 2 3 0 3 1 1 3 2 1 0 0 4 0 3 0 0 3 1 3 2 1 0 0
   2 4 4 3 2 4]
  [0 2 4 4 3 0 3 4 1 0 3 1 4 2 0 2 3 3 1 1 3 2 2 0 0 4 1 0 4 1 2 1 1 0 3
   0 4 2 3 4 3]
  [0 0 3 2 3 3 2 3 2 1 1 2 2 0 1 2 1 2 4 1 1 1 0 0 0 0 0 1 2 0 0 3 1 3 1
   0 0 4 1 3 1]
  [0 0 3 1 2 1 1 4 0 1 3 1 4 0 2 4 4 0 0 2 0 4 3 4 0 0 0 0 0 1 2 4 0 3 4
   1 4 4 1 3 0]
  [0 4 0 2 1 4 3 2 0 1 0 4 0 0 4 1 2 1 3 3 0 4 1 2 4 4 0 1 2 1 4 2 0 0 2
   1 4 1 4 0 4]
  [0 1 3 1 0 4 0 1 3 1 0 1 3 1 1 4 0 2 2 0 4 2 0 3 1 1 4 0 4 2 1 2 1 0 2
   3 4 2 0 3 2]
  [0 3 1 4 4 1 2 0 3 3 3 0 3 0 0 0 1 3 1 2 2 3 0 3 4 3 3 3 0 1 0 2 3 3 0
   0 0 2 0 2 0]
  [0 0 4 2 1 0 1 2 3 3 2 3 2 2 1 4 2 2 0 1 3 4 3 1 4 0 1 3 4 0 3 4 2 0 0
   0 3 2 0 3 2]
  [0 3 1 0 2 4 1 0 0 4 0 0 2 4 3 4 4 1 1 2 3 1 1 0 3 1 0 1 2 4 0 0 4 3 2
   4 3 0 1 3 3]
  [0 4 4 4 4 0 2 3 1 2 4 3 1 2 1 0 4 3 3 0 2 0 4 1 0 2 2 3 4 1 2 0 3 2 3
   2 2 3 4 0 2]
  [0 3 1 1 0 0 4 1 3 2 3 1 2 0 0 4 1 0 1 3 4 1 3 0 3 3 4 1 1 2 0 1 0 4 1
   4 1 0 3 0 2]
  [0 3 1 3 4 3 3 2 1 1 0 0 4 3 1 3 1 0 0 1 3 4 0 4 0 4 3 3 3 2 2 2 3 0 3
   3 0 0 2 2 0]
  [0 4 2 0 4 1 4 0 1 3 2 0 1 4 2 2 0 2 3 4 4 3 3 4 1 3 2 4 1 1 1 4 0 3 0
   4 3 1 1 3 1]
  [0 1 4 4 2 1 2 4 0 2 4 1 4 0 4 1 2 1 1 3 1 1 2 2 3 3 3 0 2 2 3 4 1 3 0
   0 4 3 3 0 1]
  [0 1 0 2 4 4 3 2 4 4 0 3 4 3 2 0 1 1 3 2 2 4 0 4 1 0 4 0 0 4 3 0 2 3 1
   3 0 3 0 0 0]
  [0 2 1 3 0 1 1 3 2 1 0 2 4 0 4 3 3 1 0 2 4 4 4 4 3 3 0 1 3 1 2 0 1 3 0
   0 2 0 2 3 1]
  [0 1 1 1 0 0 0 1 4 4 1 0 1 4 3 3 0 3 0 1 3 4 4 1 4 4 1 1 2 4 3 0 2 4 4
   0 2 1 0 1 2]
  [0 4 3 2 3 1 0 4 2 2 3 1 0 2 4 4 3 3 0 0 1 1 2 0 0 4 0 3 0 2 2 0 3 0 3
   0 0 0 4 0 3]
  [0 4 4 2 2 3 1 3 0 1 0 0 1 1 2 3 4 1 0 0 1 3 4 1 4 3 0 1 0 2 2 0 4 4 4
   1 0 3 4 3 0]]

 [[0 4 1 3 2 1 1 2 0 1 1 0 4 3 3 1 0 1 3 0 4 3 4 4 4 1 1 1 0 0 2 4 1 4 0
   2 0 3 1 3 4]
  [0 0 0 4 1 2 2 3 0 4 3 3 1 2 4 2 1 2 0 0 1 0 2 3 4 3 3 0 4 4 1 3 0 2 1
   1 2 2 1 3 3]
  [0 3 0 4 2 3 2 1 3 3 0 2 4 2 4 0 2 0 1 2 1 0 0 1 4 0 0 1 3 3 2 0 4 2 1
   1 0 1 1 3 4]
  [0 4 4 0 3 1 2 2 2 1 2 4 3 0 2 2 3 1 0 0 0 2 2 0 4 2 3 3 2 3 1 1 1 4 0
   2 1 3 4 0 3]
  [0 3 0 3 0 2 0 4 2 1 4 4 4 4 0 4 0 1 0 3 1 1 1 3 0 2 1 4 1 0 0 1 1 3 2
   3 0 2 2 1 0]
  [0 1 1 4 1 0 3 3 2 2 4 1 4 2 4 2 2 3 0 4 1 3 1 0 2 0 4 4 3 2 0 1 1 0 1
   2 1 3 2 2 1]
  [0 0 1 1 3 4 0 3 4 1 3 4 3 1 1 1 3 0 4 2 1 3 1 2 0 4 2 3 4 1 2 1 2 1 2
   1 3 0 2 2 2]
  [0 4 3 4 1 1 4 0 2 2 2 4 4 1 4 3 4 1 3 0 0 4 4 2 2 0 1 1 2 0 2 0 4 4 2
   0 2 1 1 1 4]
  [0 2 1 3 1 0 3 4 0 0 1 2 0 2 1 0 3 0 4 4 4 4 3 4 0 2 2 3 3 0 1 3 3 2 0
   3 3 1 2 4 4]
  [0 4 0 2 2 4 2 2 3 0 4 2 0 4 3 1 2 2 1 0 2 0 4 4 0 1 2 4 2 3 2 4 3 3 4
   3 4 4 0 2 1]
  [0 3 4 1 1 3 1 0 2 2 0 3 1 1 1 2 0 0 4 4 3 3 0 2 4 4 4 1 1 0 0 3 3 2 1
   0 2 1 0 1 1]
  [0 2 4 3 0 4 3 0 0 1 4 0 1 3 0 4 4 2 1 2 4 4 4 3 2 0 1 3 2 4 2 0 3 2 4
   3 2 2 4 0 0]
  [0 2 1 2 0 2 3 2 4 4 2 0 0 0 1 4 0 0 1 4 2 4 2 3 1 1 4 2 1 4 0 2 3 4 2
   3 3 4 2 2 1]
  [0 4 3 3 3 4 2 0 4 2 2 2 3 0 2 3 1 3 1 4 0 0 1 2 0 3 1 0 4 1 4 1 3 2 1
   1 2 0 3 1 0]
  [0 3 4 4 4 0 0 2 0 3 4 4 2 0 0 2 4 0 2 4 4 1 3 2 0 2 2 3 0 0 0 1 3 2 4
   2 0 4 0 4 2]
  [0 4 4 1 2 1 4 2 3 2 3 1 3 3 1 0 2 0 2 4 0 3 4 0 3 4 3 4 3 2 4 3 4 3 2
   3 0 1 2 2 2]
  [0 3 1 3 0 4 0 0 3 3 0 3 1 0 0 2 0 4 1 3 1 3 1 1 2 4 0 1 0 0 3 2 1 3 3
   4 0 3 2 4 1]
  [0 1 2 0 3 1 3 4 3 4 3 2 3 0 1 0 1 0 1 3 1 0 4 0 3 1 1 1 4 1 4 0 2 1 1
   2 0 0 3 0 0]
  [0 3 0 0 1 3 2 2 4 4 4 2 2 4 1 0 0 3 0 1 4 2 4 3 4 4 2 4 3 2 4 2 4 2 3
   4 4 0 2 3 3]
  [0 0 2 3 2 1 1 2 2 2 3 3 0 1 4 1 4 1 0 0 1 3 1 1 1 4 0 3 1 3 3 2 2 4 1
   0 2 1 1 3 4]
  [0 3 4 2 3 3 3 2 2 0 0 1 2 3 0 0 0 0 4 4 0 1 0 4 1 4 4 3 2 0 2 4 0 3 0
   2 0 3 1 2 1]
  [0 4 1 0 0 3 4 3 1 3 2 3 3 3 0 2 4 0 0 3 2 0 1 3 4 1 1 4 1 4 2 3 1 0 3
   0 3 1 2 0 2]
  [0 2 2 0 3 4 0 2 1 0 3 1 4 1 3 0 4 2 1 3 1 1 0 4 1 1 1 4 2 2 3 0 2 3 1
   0 1 3 0 1 1]
  [0 2 2 0 4 4 4 1 1 3 2 3 1 4 0 2 4 4 2 2 1 3 2 0 0 3 0 1 1 0 1 3 1 0 0
   2 1 3 1 4 3]
  [0 1 0 0 1 1 3 1 1 2 3 0 2 3 0 0 1 2 2 4 4 1 0 4 0 3 1 2 2 4 0 1 4 2 4
   0 1 3 4 2 0]
  [0 2 2 2 0 4 1 4 4 1 1 1 3 3 0 1 4 2 0 4 4 3 0 0 2 0 0 2 4 3 0 4 2 0 0
   3 3 0 2 0 2]
  [0 0 2 4 2 4 3 1 0 0 1 3 3 0 0 0 4 0 1 0 3 4 0 0 1 3 0 1 0 0 2 2 4 2 1
   0 3 0 1 2 0]
  [0 1 1 2 0 3 3 0 1 2 2 3 0 1 3 0 4 4 4 4 2 0 2 1 3 2 0 0 2 1 1 0 3 0 2
   0 3 1 0 4 1]
  [0 1 0 4 0 2 1 4 3 2 3 4 1 1 2 2 3 2 1 4 1 1 3 1 3 0 1 3 0 3 4 3 1 2 2
   1 4 3 4 0 4]
  [0 2 3 0 0 1 2 3 1 2 0 2 3 3 3 4 3 3 0 1 1 2 2 1 0 0 0 1 4 0 3 2 3 3 2
   0 0 0 4 4 3]
  [0 2 3 2 0 4 1 0 1 1 2 1 4 1 3 2 1 3 3 2 4 3 2 2 1 1 3 4 1 2 0 3 0 0 1
   0 1 0 0 4 2]
  [0 2 3 0 0 0 1 2 4 2 1 0 4 1 0 2 2 2 3 2 0 0 3 0 1 2 2 0 2 0 0 0 3 3 4
   1 4 0 4 2 3]
  [0 2 4 4 2 2 2 1 0 0 1 1 0 4 1 4 3 4 3 3 0 1 0 1 4 0 3 4 3 2 0 2 0 4 0
   2 0 2 2 1 3]
  [0 0 4 2 2 4 4 3 0 3 1 2 0 0 1 3 4 0 2 1 0 2 0 4 1 4 1 1 1 2 0 2 4 0 2
   1 3 3 2 0 3]
  [0 1 1 0 2 2 0 1 3 2 1 2 3 3 1 2 3 0 4 3 2 2 3 1 4 2 1 4 4 1 0 2 2 0 0
   3 2 3 0 0 1]
  [0 0 3 2 1 3 1 3 2 0 0 4 0 2 4 2 3 4 0 0 3 1 4 4 0 2 0 4 3 2 0 0 2 2 4
   0 0 1 2 1 1]
  [0 0 3 0 2 4 1 0 2 0 1 3 3 3 4 3 1 1 2 2 2 0 3 1 4 0 0 2 3 3 2 3 4 2 4
   2 0 4 4 4 2]
  [0 0 4 1 2 0 4 1 1 4 4 0 4 4 3 2 0 1 2 4 3 4 2 3 2 0 3 3 1 2 1 3 4 2 2
   1 2 0 2 1 1]
  [0 2 4 4 2 0 4 1 4 4 0 3 4 0 2 1 2 0 0 4 1 1 4 4 2 2 0 3 1 3 2 4 0 3 0
   4 2 2 0 2 4]
  [0 0 2 2 4 3 2 4 0 2 1 4 3 2 2 4 2 1 1 3 0 3 0 1 2 3 1 1 0 4 3 2 0 2 4
   3 4 0 0 0 4]
  [0 3 1 3 1 4 4 4 1 4 2 3 0 0 1 0 4 3 4 4 1 4 0 0 0 4 2 3 4 2 1 3 4 2 4
   0 2 2 4 2 0]]

 [[0 3 1 3 4 0 2 0 0 1 4 3 1 0 0 0 2 0 2 2 3 4 2 2 0 4 1 1 2 2 0 3 2 0 4
   3 2 1 2 4 4]
  [0 0 2 4 2 4 1 0 0 3 0 3 2 1 0 4 1 1 2 1 4 2 4 4 1 4 2 3 3 2 2 2 3 4 1
   4 1 3 3 1 0]
  [0 0 0 4 4 0 2 2 3 2 2 0 4 2 4 0 1 0 3 0 0 2 4 3 2 1 2 0 3 0 3 3 2 2 4
   0 1 4 4 0 0]
  [0 1 0 0 2 4 3 0 1 4 4 3 0 2 3 1 0 4 4 1 4 2 2 1 3 1 1 2 3 0 4 0 1 0 4
   2 2 4 4 0 4]
  [0 3 3 1 0 4 1 1 1 3 2 4 1 2 0 0 0 3 1 4 2 2 1 2 1 1 0 2 3 3 0 2 2 3 1
   4 3 0 0 2 4]
  [0 2 3 2 1 0 4 4 1 0 1 3 2 2 4 0 0 0 4 2 0 1 4 4 1 0 3 1 4 1 2 4 3 4 4
   0 2 0 3 0 2]
  [0 1 0 2 2 0 0 0 2 1 0 0 4 4 2 1 1 2 3 3 1 3 1 1 4 1 1 3 0 4 1 0 2 2 2
   4 2 2 3 2 4]
  [0 2 0 4 3 2 0 0 1 1 1 4 0 2 4 1 0 4 0 0 2 4 4 4 0 1 0 4 1 0 4 1 4 2 1
   4 0 3 3 3 1]
  [0 4 0 2 0 1 2 3 0 3 4 3 2 4 1 0 4 4 3 1 4 1 2 0 0 2 0 0 0 1 4 1 2 1 2
   3 0 0 0 3 0]
  [0 0 4 2 4 0 2 3 2 0 2 0 0 2 3 4 4 2 0 1 3 3 1 1 2 2 1 3 4 4 2 4 0 0 2
   4 4 3 1 4 1]
  [0 4 0 1 3 4 1 2 0 1 0 1 4 1 1 0 0 2 1 3 2 0 1 4 2 2 1 0 0 0 1 0 0 1 3
   1 2 3 3 2 3]
  [0 1 3 0 4 3 3 3 1 4 2 0 1 2 2 2 1 2 3 1 3 0 4 0 4 0 0 0 1 0 1 0 2 0 0
   2 4 3 4 2 1]
  [0 4 4 1 2 4 0 0 0 2 3 1 0 4 1 1 3 1 0 2 2 3 4 4 4 3 4 3 0 4 2 1 1 2 2
   3 4 2 3 3 3]
  [0 4 2 0 2 4 2 2 2 2 2 0 4 0 1 0 1 2 2 4 2 0 3 4 4 3 3 0 3 4 2 4 2 3 0
   2 1 1 2 3 3]
  [0 2 3 2 4 3 0 3 0 0 1 3 4 2 0 2 3 3 1 3 3 4 4 4 1 1 4 0 3 4 3 1 4 2 0
   4 1 2 3 4 3]
  [0 4 4 2 3 0 0 3 3 0 2 3 1 3 2 0 2 1 0 0 2 4 0 0 0 4 0 3 0 3 2 1 0 4 1
   3 3 1 4 0 4]
  [0 2 4 4 3 4 4 3 2 3 0 1 4 2 3 0 0 4 1 2 1 1 2 1 4 1 2 3 4 2 1 0 4 4 3
   4 2 3 4 3 4]
  [0 0 3 4 4 1 1 4 0 0 0 1 1 4 0 1 0 0 2 4 4 0 4 3 3 4 3 0 1 0 4 2 4 2 2
   1 3 0 4 3 3]
  [0 1 2 1 2 3 1 0 2 2 0 3 1 1 2 3 4 3 0 2 3 4 0 2 1 2 3 3 2 4 2 2 4 3 2
   1 4 3 0 1 3]
  [0 0 2 1 3 2 2 0 4 3 4 0 2 0 0 2 4 3 3 0 2 2 1 2 0 0 1 0 3 1 1 3 2 4 0
   4 2 3 2 4 2]
  [0 0 0 3 1 4 2 3 2 3 4 3 1 4 1 2 4 3 2 1 0 0 2 4 3 0 2 1 3 3 4 1 0 3 2
   0 4 1 1 2 3]
  [0 2 0 2 1 1 2 1 3 1 1 1 4 0 0 3 1 1 1 1 1 0 3 3 1 1 0 4 0 0 3 4 1 4 1
   4 4 4 3 3 2]
  [0 2 0 1 1 2 1 3 2 0 1 1 4 0 4 3 1 3 4 1 4 2 0 1 0 1 3 3 2 2 4 1 3 1 3
   1 3 3 4 0 1]
  [0 3 2 2 0 0 2 3 2 1 3 0 3 3 4 0 0 2 4 0 3 2 3 0 1 0 4 1 1 1 2 2 1 2 4
   4 1 4 2 4 4]
  [0 2 1 0 3 3 1 3 4 0 1 2 2 0 0 1 3 0 2 4 4 4 0 0 0 1 3 2 0 2 1 3 4 3 3
   2 1 3 2 4 4]
  [0 2 2 3 2 1 0 2 0 1 1 4 1 3 1 4 1 0 4 4 4 4 1 2 4 0 4 3 3 4 4 3 3 3 1
   2 4 0 4 2 1]
  [0 2 4 4 1 4 1 2 4 4 4 3 0 3 1 1 1 1 0 3 1 3 3 4 4 0 0 3 1 4 0 3 3 0 2
   0 4 1 2 2 0]
  [0 3 2 0 4 4 3 0 0 3 4 4 3 0 2 4 1 1 2 1 1 0 1 0 4 4 4 0 2 4 3 0 0 3 0
   3 2 0 1 1 3]
  [0 3 4 4 4 2 3 2 1 2 4 0 1 1 2 4 2 0 4 1 4 4 1 1 1 0 3 0 0 2 2 2 0 2 3
   0 0 0 2 4 2]
  [0 1 2 4 4 2 4 3 1 2 2 2 4 2 2 1 1 4 3 0 3 0 4 4 2 3 4 2 4 0 1 2 0 0 0
   2 2 0 2 1 2]
  [0 3 1 1 2 1 3 1 3 4 2 1 3 4 3 1 4 1 3 0 0 4 2 1 1 3 3 2 3 4 0 3 0 0 0
   0 4 0 3 4 2]
  [0 0 1 0 3 3 3 4 2 2 4 4 3 3 2 4 1 4 2 4 3 3 3 1 0 3 2 4 1 3 3 0 3 3 1
   4 0 2 0 4 3]
  [0 2 1 0 1 3 3 3 1 4 0 2 3 0 3 2 2 2 0 3 3 2 1 2 1 3 2 4 0 0 1 1 0 4 0
   2 0 0 4 2 1]
  [0 0 1 3 4 0 0 0 1 1 1 0 0 1 4 2 3 4 0 0 4 1 3 4 4 4 0 4 2 3 3 1 4 0 4
   3 3 2 2 4 1]
  [0 1 2 0 1 4 3 2 2 1 4 0 1 1 0 0 0 0 3 2 2 2 2 3 3 3 2 4 0 3 2 1 2 2 0
   4 0 0 3 1 2]
  [0 2 3 0 2 0 4 0 4 4 2 0 2 2 4 3 2 3 3 4 4 0 3 1 3 3 4 1 1 1 4 4 3 3 4
   0 1 0 0 2 2]
  [0 2 3 3 1 3 2 2 1 1 2 1 0 4 1 3 2 1 4 1 0 0 4 0 4 1 4 2 4 1 0 0 3 3 3
   2 0 2 0 1 1]
  [0 0 2 0 1 3 4 1 4 0 4 4 0 3 0 3 4 1 4 4 0 1 1 2 0 4 3 2 2 3 1 0 0 2 1
   3 0 0 2 2 4]
  [0 4 4 3 2 4 3 3 2 3 3 0 2 1 0 2 3 3 4 3 3 0 2 0 4 2 2 2 0 0 3 0 2 2 4
   4 4 4 0 1 1]
  [0 4 0 0 4 3 3 0 4 1 0 4 1 3 2 2 0 4 4 1 4 4 2 1 1 3 3 4 2 2 0 1 4 0 4
   4 3 3 3 0 1]
  [0 3 3 4 4 3 3 0 0 2 1 3 4 1 1 2 3 4 2 4 0 3 4 2 4 4 1 3 1 3 0 1 4 4 1
   3 0 0 3 3 0]]

 [[0 3 2 3 2 3 3 1 4 1 2 1 3 3 4 1 4 4 2 0 0 2 4 2 1 3 4 3 4 3 0 3 1 4 1
   3 0 4 4 4 3]
  [0 0 0 1 2 3 2 2 1 0 2 2 4 2 3 2 1 0 3 2 3 1 3 3 1 0 0 4 2 1 2 1 2 0 3
   0 1 3 4 0 1]
  [0 2 0 3 3 1 3 3 3 0 2 0 3 0 3 3 2 0 1 2 0 4 3 4 0 2 2 0 1 3 4 1 3 2 4
   4 2 0 0 1 3]
  [0 0 0 0 4 3 1 2 4 2 3 3 1 0 3 0 1 2 0 2 1 3 4 0 3 0 2 1 1 3 1 3 4 0 0
   4 3 2 0 3 2]
  [0 2 1 1 0 2 2 3 3 0 1 4 4 4 3 2 3 2 3 1 0 3 2 4 3 4 2 1 3 1 1 1 2 3 0
   4 0 1 1 2 1]
  [0 1 4 0 2 0 1 3 2 4 4 4 4 0 3 4 2 2 1 0 2 0 2 4 0 3 0 1 3 1 2 1 0 3 2
   1 2 1 3 4 2]
  [0 4 3 3 4 3 0 4 1 1 2 3 3 3 3 4 1 1 1 4 4 2 0 3 4 1 2 4 3 2 0 3 0 4 4
   0 4 1 0 0 1]
  [0 4 1 2 4 0 3 0 2 1 2 3 4 3 4 2 0 4 0 4 1 3 1 3 2 4 4 0 3 4 2 3 2 4 4
   3 0 0 3 3 4]
  [0 3 3 0 4 0 4 0 0 0 3 1 4 4 4 3 0 2 0 2 3 2 2 2 3 4 0 3 1 0 1 3 4 3 4
   2 0 1 3 1 1]
  [0 2 0 4 3 2 3 2 3 0 0 0 4 0 4 2 2 3 4 4 1 1 1 3 0 3 4 3 0 4 2 0 0 1 3
   0 0 1 4 1 1]
  [0 4 3 2 0 2 1 1 2 4 0 4 1 3 0 3 1 1 3 3 0 3 1 4 1 0 4 0 3 4 2 1 3 1 2
   1 1 1 3 2 1]
  [0 4 4 3 3 1 1 3 1 4 2 0 4 0 4 2 2 0 2 0 0 3 3 3 3 2 1 3 1 3 4 3 3 1 0
   4 4 3 2 0 3]
  [0 2 3 3 2 2 3 4 1 4 1 1 0 1 2 4 3 3 1 2 2 4 4 2 4 4 1 3 1 1 3 1 4 0 1
   3 1 2 0 3 3]
  [0 2 0 2 3 3 1 3 2 2 0 3 3 0 3 1 4 3 2 0 2 0 4 3 1 2 2 4 0 4 3 0 4 1 3
   0 1 1 2 1 0]
  [0 1 1 3 3 4 1 0 3 2 2 0 2 4 0 0 4 4 2 3 0 4 4 1 1 2 0 2 2 4 3 2 1 4 2
   0 4 4 1 2 3]
  [0 0 0 1 2 4 4 4 2 4 2 2 3 3 1 0 0 2 1 1 3 1 2 4 4 2 1 3 3 0 0 2 4 3 4
   1 0 4 2 1 1]
  [0 1 0 2 4 1 2 4 0 4 2 4 2 2 3 2 0 3 3 4 2 4 2 3 3 0 2 4 0 2 1 4 3 2 2
   2 4 2 2 4 2]
  [0 2 1 3 2 0 2 0 2 4 2 3 2 4 3 1 4 0 2 1 0 4 0 4 0 4 0 2 4 1 4 0 4 2 4
   3 3 4 2 2 4]
  [0 0 3 1 1 0 2 4 1 2 1 1 3 1 0 0 4 4 0 2 0 1 4 1 2 3 3 2 0 0 2 2 0 4 3
   2 2 1 1 3 2]
  [0 4 4 0 2 4 0 1 0 2 2 0 3 0 0 3 4 3 0 0 4 4 1 0 0 4 0 1 3 2 1 0 4 4 1
   1 1 0 3 1 0]
  [0 3 2 0 4 1 0 2 1 0 4 3 0 4 0 2 1 2 4 0 0 3 4 0 1 4 3 4 4 2 1 4 1 4 1
   4 1 3 2 1 3]
  [0 1 4 0 3 1 0 3 2 0 1 3 3 3 2 0 0 4 3 2 4 0 0 1 3 0 2 4 4 3 4 4 4 3 2
   0 1 3 1 0 0]
  [0 3 3 4 3 0 2 4 4 2 4 0 3 3 3 2 1 4 4 2 0 2 0 3 1 0 3 4 4 1 4 1 3 0 4
   0 0 3 1 1 2]
  [0 3 2 4 4 0 1 3 2 2 1 3 0 2 2 2 3 4 1 3 0 2 3 0 4 0 2 2 3 1 1 3 1 2 1
   0 2 2 1 3 2]
  [0 1 3 2 2 1 2 2 4 2 0 0 4 0 2 0 4 3 4 4 3 0 0 4 0 1 3 3 1 4 2 2 0 2 0
   3 2 2 3 0 2]
  [0 3 1 4 3 2 3 4 0 4 2 1 0 1 3 0 2 2 2 0 2 1 0 3 3 0 2 2 1 0 3 2 3 4 1
   1 2 3 0 0 4]
  [0 4 4 1 1 1 4 1 4 3 0 2 0 2 1 2 2 4 3 2 0 1 2 2 1 2 0 4 4 2 4 4 0 1 3
   4 3 2 0 4 1]
  [0 0 2 3 1 1 3 2 2 3 0 1 1 2 0 4 2 3 1 3 0 0 1 0 2 3 3 0 2 2 0 3 1 2 1
   2 2 2 4 4 4]
  [0 3 1 1 1 1 4 4 3 2 1 0 2 4 4 0 1 1 4 2 0 3 3 3 2 1 3 1 0 1 2 3 2 3 1
   2 0 1 3 2 1]
  [0 0 4 1 2 0 2 3 1 0 1 3 2 4 1 3 2 2 4 1 1 1 0 4 1 0 2 0 0 0 4 2 4 1 4
   3 0 3 0 1 1]
  [0 1 1 2 2 1 2 2 3 1 4 2 2 0 3 3 1 3 4 4 3 4 1 4 4 3 4 0 2 1 0 4 0 4 0
   3 3 1 1 2 4]
  [0 1 0 4 3 1 4 1 4 0 0 3 0 3 3 2 0 2 4 2 0 4 4 1 1 0 0 1 3 1 1 0 3 1 3
   3 3 1 2 4 4]
  [0 4 4 2 4 4 0 3 2 1 1 4 0 3 4 2 2 1 3 1 2 4 1 2 2 0 1 3 1 4 2 2 0 0 3
   0 3 4 3 1 0]
  [0 1 4 1 0 0 1 0 0 4 1 1 4 4 1 1 3 3 1 4 3 4 3 4 2 3 1 4 3 0 3 4 2 0 4
   2 1 0 1 0 1]
  [0 2 2 3 4 2 2 3 0 1 4 1 3 2 0 4 4 2 1 1 1 0 0 4 0 0 0 2 3 1 2 3 1 4 0
   3 3 3 2 2 4]
  [0 1 1 2 0 3 1 2 3 0 0 2 2 4 0 4 2 2 3 1 2 1 2 3 1 2 0 4 1 4 4 4 0 4 3
   0 0 4 4 2 0]
  [0 1 4 2 1 0 2 2 0 2 2 3 2 4 4 0 2 1 2 2 4 0 3 4 4 2 1 1 1 3 1 4 0 4 0
   0 0 0 3 0 4]
  [0 4 0 3 3 1 3 0 2 0 3 1 3 0 3 0 1 0 4 2 1 0 4 1 0 1 0 2 4 0 3 2 3 3 1
   4 3 0 3 4 3]
  [0 1 2 2 3 2 3 1 1 3 2 3 2 2 2 0 0 4 0 2 4 2 0 3 2 4 4 1 3 0 1 3 1 0 1
   0 0 0 0 3 2]
  [0 0 2 3 0 0 3 2 4 3 1 1 2 3 1 2 2 0 1 3 4 4 1 4 0 1 2 1 2 1 2 2 0 0 0
   2 0 0 3 0 2]
  [0 4 0 1 1 3 2 3 1 1 1 2 3 2 2 0 2 3 1 4 1 2 1 3 2 4 3 2 1 0 3 3 2 2 3
   4 4 2 1 4 0]]]
release_time
[  0 583 607 403 202  75 306 266 235 189 274 172 339 228  28 158 137 146
  41  30 484  77 541 313 228 276 367 439 228 454 184 426 181 264 396 160
 207  41 307  89 182]
due_date
[  0 605 625 518 530 619 588 567 573 578 442 490 581 426 579 597 624 598
 574 489 613 516 571 544 607 577 577 607 563 615 577 584 618 592 579 589
 582 572 544 607 506]
unit_emission
[16 17 12 17 18]
emission_limit
40442.0
setup_severity
0.02
due_tight
0.3
due_range
0.25
release_tight
10
degree_constr
0.5
