mach
5
job_rate
8
weight
[ 0  7  8  3  5  9  3  8 10  1  6  1  4  1  2 10  9  5  1  3  6  4  4  8
  9  5  2  9  1  7  9  1  2  1  7  7  4  4  3  8  3]
proc_time
[[  0 124 132  74  54 145  77 111 125 101  88  70  95  50 135  60 110  88
  140 101 127  95 111 112 144  78 144  56  64  97  64 123  87  77 139 140
   61 104 123  51  82]
 [  0  63 134 145 142 124 129  53  83  55  69  54 149 140 140 108 133 122
  129 115 115 100 135 143 103  99 132  93  94  70 150  50 140 148 143  68
   75 147 102 130 108]
 [  0  59  81 119 100 110  85 132 141  98  56 120  95  59 114 115  96  50
  128 137  61 111  91 120  67  94  64  50  86 137 145  93 104 144  92 136
   87  63  65 122  91]
 [  0  84 106  92  54  80  55  77  95 131 138 106 108  76 106 106 127  76
  149 126  60 114  97  70  84 150  89 144  64 107  91 132  72 125 124 112
   66  72 115  73  86]
 [  0  57 122 114 100  64 111  76 137 114  55  80 122 141 133 136 137 128
  106 130 148  55  86 138 112  71  63 137 101 127 106 144 116 137 104  91
   98  84  87  66 133]]
setup_time
[[[0 2 4 5 2 0 2 1 4 0 5 1 0 4 1 1 4 0 5 3 1 3 4 5 3 4 5 2 5 3 5 0 0 4 3
   2 2 5 4 3 4]
  [0 0 5 0 5 3 4 1 4 4 1 3 2 3 5 1 2 3 5 0 4 0 2 4 1 3 4 0 4 2 2 5 2 4 4
   3 3 1 0 5 4]
  [0 2 0 3 0 4 5 1 3 2 3 5 2 2 5 3 1 3 5 3 2 0 3 5 2 1 5 1 1 2 0 2 2 3 5
   0 1 5 2 2 5]
  [0 3 4 0 3 2 1 4 1 1 5 1 1 4 2 1 0 2 3 5 3 5 4 4 2 5 1 0 2 3 0 0 1 5 4
   1 4 5 4 3 2]
  [0 2 5 1 0 4 1 0 2 2 0 1 5 0 3 4 1 3 4 5 4 1 5 5 1 1 2 0 1 0 5 3 4 4 2
   1 4 2 3 2 1]
  [0 0 4 2 5 0 2 5 4 1 0 5 1 4 4 0 1 4 0 4 0 0 5 1 2 4 2 1 3 4 3 2 3 0 3
   5 4 3 2 3 2]
  [0 2 4 4 1 5 0 1 4 4 5 2 5 2 4 3 1 2 2 2 3 1 5 5 4 5 5 3 0 3 5 3 2 1 4
   2 1 5 1 0 4]
  [0 1 2 0 5 1 5 0 2 5 2 4 1 3 4 1 2 2 2 3 3 4 1 0 3 0 3 1 2 5 0 5 4 0 4
   4 5 1 2 5 2]
  [0 3 0 5 1 3 4 3 0 0 3 5 2 5 4 3 1 3 3 3 5 4 3 0 4 4 2 1 4 2 5 1 4 2 2
   1 3 5 2 0 2]
  [0 2 3 5 4 1 3 5 0 0 5 2 1 3 2 0 4 0 4 0 4 3 3 1 5 5 0 2 3 0 1 1 2 5 5
   5 0 2 3 2 3]
  [0 0 0 5 2 5 2 2 1 0 0 2 1 5 3 2 5 4 3 5 5 3 4 5 5 2 5 5 3 5 3 0 5 2 3
   0 1 3 2 2 3]
  [0 1 1 1 2 0 1 0 4 3 4 0 3 4 2 0 1 4 5 4 5 3 5 4 3 3 3 1 0 0 3 3 4 2 1
   1 1 2 4 5 5]
  [0 4 5 1 5 4 4 1 2 3 3 5 0 1 4 4 4 1 3 0 2 3 2 4 0 5 0 1 3 5 0 3 5 1 4
   2 4 1 1 3 4]
  [0 5 5 4 5 1 2 0 5 4 4 2 4 0 4 4 2 0 3 1 4 2 5 0 5 2 4 0 3 2 3 2 0 4 1
   0 2 1 5 4 1]
  [0 1 3 3 1 4 1 5 1 5 0 2 3 5 0 5 3 4 5 2 0 1 1 3 0 4 3 5 4 2 1 2 5 0 2
   3 5 4 5 0 4]
  [0 5 1 1 1 3 2 5 0 0 4 5 4 0 0 0 0 5 2 0 5 0 0 1 2 1 3 1 1 4 1 5 1 4 2
   1 0 5 4 1 1]
  [0 5 1 2 0 1 0 3 5 5 5 1 5 1 3 1 0 4 0 3 2 1 1 2 5 3 5 0 3 4 2 0 0 5 4
   4 1 3 0 2 2]
  [0 0 1 3 0 0 4 0 3 4 1 0 1 2 1 3 4 0 5 2 5 2 5 3 0 0 4 4 4 0 2 1 1 1 4
   2 3 2 3 4 3]
  [0 1 4 3 1 2 4 4 0 4 3 3 2 5 0 1 5 1 0 3 2 1 4 2 3 4 0 2 1 4 2 3 2 5 3
   1 5 2 5 3 5]
  [0 0 2 4 3 3 5 2 5 1 3 2 5 4 3 4 2 2 4 0 5 4 0 1 1 2 2 1 5 4 5 2 1 3 5
   4 3 3 5 5 1]
  [0 3 2 4 0 0 0 1 0 5 0 2 2 5 0 0 5 2 1 2 0 2 3 0 1 1 5 2 3 0 0 1 0 1 2
   1 3 1 4 4 1]
  [0 1 3 1 1 5 2 5 4 4 3 5 1 1 0 0 5 3 2 2 5 0 1 2 2 5 3 0 2 4 2 4 4 0 4
   5 3 0 5 3 3]
  [0 5 5 0 4 2 0 0 3 0 3 0 2 4 3 1 2 5 2 5 0 0 0 2 0 0 3 2 0 5 4 5 0 1 2
   2 0 5 0 2 1]
  [0 2 5 2 3 5 1 3 3 3 3 2 5 1 2 0 4 3 0 0 0 1 2 0 1 1 1 5 4 2 3 0 3 4 3
   1 5 0 5 5 4]
  [0 4 3 4 3 1 3 3 0 5 4 3 0 0 1 5 1 5 5 1 0 3 3 1 0 3 4 2 4 4 4 5 2 1 1
   0 3 4 2 2 0]
  [0 1 0 2 3 5 1 2 4 5 3 5 5 1 3 5 4 0 3 5 2 0 3 1 2 0 5 3 0 1 5 4 5 0 1
   2 0 1 4 2 1]
  [0 5 1 5 2 0 5 0 3 5 1 0 2 5 0 5 0 5 2 4 0 2 3 5 2 0 0 5 0 3 5 1 5 3 1
   2 2 4 0 5 5]
  [0 4 1 2 1 5 3 4 3 1 0 0 2 4 2 5 0 2 4 1 0 0 2 2 0 5 4 0 4 0 3 4 1 3 4
   2 1 0 2 0 0]
  [0 3 1 1 5 1 1 5 0 0 2 1 0 0 1 5 5 5 2 2 1 1 4 3 2 2 1 3 0 4 4 5 3 2 4
   5 5 4 3 1 5]
  [0 0 0 4 1 3 1 5 3 0 5 1 1 1 5 4 4 1 1 5 1 5 4 1 5 1 3 4 3 0 1 4 4 4 2
   5 4 0 1 2 2]
  [0 2 5 5 4 4 2 4 2 3 0 2 1 2 4 4 1 5 5 2 1 4 3 4 4 4 2 5 0 1 0 4 5 5 5
   4 2 5 4 3 3]
  [0 5 4 1 1 3 3 3 5 0 1 0 0 4 5 2 3 2 3 4 4 0 1 4 2 0 1 5 4 3 3 0 2 5 4
   4 0 1 4 4 2]
  [0 5 5 1 0 2 5 2 4 0 4 5 2 3 1 5 4 2 4 4 4 2 4 3 2 3 2 1 0 3 4 3 0 5 3
   0 3 4 3 3 2]
  [0 0 3 5 1 3 3 2 4 1 0 5 5 2 4 0 5 4 4 5 4 5 1 5 3 0 1 0 2 1 3 4 3 0 1
   0 2 5 0 2 0]
  [0 4 3 2 1 0 5 2 2 0 4 0 1 2 2 3 1 4 4 1 1 2 0 3 5 5 1 5 5 2 1 0 2 3 0
   4 0 3 1 3 3]
  [0 1 5 2 3 3 0 0 4 0 3 1 5 5 1 5 5 1 0 3 0 5 1 3 4 0 1 3 5 3 4 4 2 3 2
   0 5 1 2 2 0]
  [0 0 4 3 1 1 1 2 2 3 0 3 3 3 5 3 0 0 3 0 3 0 5 2 4 4 2 1 2 2 0 1 2 5 3
   3 0 5 4 2 4]
  [0 5 3 4 3 1 3 0 5 5 2 4 0 4 3 1 0 3 0 3 0 2 1 4 1 0 0 0 3 2 0 5 0 5 5
   4 2 0 5 0 4]
  [0 3 4 1 0 3 2 3 4 3 5 2 1 1 3 1 3 1 3 3 1 5 4 3 1 3 5 5 1 3 2 2 4 1 3
   3 2 1 0 5 2]
  [0 1 0 5 2 1 4 5 2 3 4 1 3 4 3 4 2 4 3 3 2 3 1 3 2 1 0 0 2 0 3 0 0 2 3
   3 5 5 3 0 1]
  [0 2 4 5 3 3 0 1 5 4 0 4 5 3 1 0 1 1 4 0 4 1 0 5 2 5 2 1 1 5 4 3 3 5 5
   0 3 3 4 1 0]]

 [[0 1 4 0 1 5 1 4 3 0 2 5 3 1 5 2 2 1 3 3 1 5 2 1 4 4 3 3 2 1 2 2 4 2 4
   4 0 0 3 2 3]
  [0 0 0 1 5 2 3 0 1 5 4 0 4 0 2 3 5 1 4 1 5 0 2 1 3 5 3 4 3 2 3 3 2 3 5
   3 5 0 1 0 1]
  [0 1 0 2 1 4 2 1 1 5 1 0 4 4 0 5 2 5 0 3 5 4 1 5 5 1 1 0 0 5 2 2 5 0 3
   4 1 4 3 0 4]
  [0 0 0 0 3 5 0 1 4 0 0 4 0 3 2 3 5 5 2 3 5 3 0 5 3 5 5 3 4 4 4 4 5 1 2
   5 3 0 5 4 5]
  [0 0 3 5 0 4 3 0 5 1 2 5 5 2 4 3 0 0 3 0 1 2 2 1 4 2 2 0 5 3 2 3 4 5 2
   2 1 1 3 2 0]
  [0 4 1 1 4 0 3 5 5 5 0 0 5 3 2 5 4 4 3 0 5 2 5 1 1 3 4 2 3 4 1 5 4 5 4
   1 0 5 1 0 5]
  [0 3 2 0 3 4 0 2 0 4 2 0 4 4 1 3 0 0 2 1 5 1 3 2 3 3 0 3 0 4 5 2 5 2 1
   2 4 5 3 1 2]
  [0 5 1 5 1 1 4 0 1 2 4 3 2 5 1 4 3 3 2 0 4 5 4 1 0 4 2 0 4 3 1 1 4 5 4
   1 0 0 4 1 5]
  [0 4 0 4 5 5 1 1 0 3 2 4 2 5 2 3 5 0 1 4 5 3 5 1 5 0 3 2 0 2 0 1 4 3 1
   2 2 1 5 3 4]
  [0 3 1 2 4 3 1 1 4 0 5 0 4 0 5 5 3 3 1 3 5 0 5 2 5 2 5 3 5 1 4 4 0 3 1
   1 5 5 4 0 0]
  [0 2 3 0 2 3 3 5 5 0 0 0 0 4 4 5 2 4 0 1 3 2 5 1 3 1 3 2 0 2 2 5 5 0 1
   3 5 0 5 2 2]
  [0 5 3 3 2 0 0 0 1 0 2 0 2 1 5 3 5 1 1 3 5 2 1 5 3 0 5 2 1 0 5 1 2 5 2
   5 0 5 4 0 2]
  [0 2 4 0 4 0 4 3 4 5 1 3 0 0 2 1 1 1 2 3 4 5 1 0 3 2 1 3 3 3 0 2 3 4 4
   1 0 1 5 4 5]
  [0 5 3 2 4 3 1 4 5 1 4 4 2 0 0 2 1 3 2 1 3 4 3 4 0 2 5 5 5 1 4 4 2 2 4
   1 0 0 3 2 1]
  [0 1 1 4 0 4 3 4 4 4 3 3 4 4 0 5 2 5 3 3 0 1 3 1 4 4 5 4 0 0 5 1 5 1 2
   1 4 1 2 3 1]
  [0 5 2 0 0 4 2 4 4 2 3 5 0 3 0 0 4 1 2 4 5 5 0 3 4 5 2 0 1 0 1 1 1 4 3
   3 0 0 0 0 5]
  [0 1 0 4 3 4 0 1 3 2 0 4 1 5 5 1 0 4 4 0 5 0 3 5 1 5 4 5 4 4 5 3 1 3 4
   5 5 3 4 2 3]
  [0 3 1 0 4 0 5 2 2 2 3 5 5 1 5 1 5 0 3 0 1 3 0 3 0 5 1 2 4 5 0 5 1 0 2
   1 0 3 2 1 1]
  [0 5 3 0 2 1 1 2 5 4 3 2 2 4 5 2 4 1 0 3 0 2 5 0 2 1 1 0 5 3 3 5 0 1 5
   1 5 0 0 1 4]
  [0 5 2 0 4 3 4 4 1 1 0 1 4 4 1 3 0 0 1 0 5 4 4 1 3 1 0 1 3 5 0 1 0 3 0
   3 1 1 0 0 0]
  [0 2 1 3 5 3 1 5 5 1 3 1 4 3 5 2 5 1 2 5 0 4 4 2 0 2 5 1 2 3 2 3 4 1 1
   3 3 0 5 4 4]
  [0 5 1 1 5 3 3 1 1 5 4 4 1 5 3 5 4 1 1 1 0 0 3 4 2 0 1 3 0 1 3 0 5 1 2
   0 0 2 3 2 0]
  [0 0 5 4 0 2 4 2 0 3 4 1 5 3 5 3 3 4 2 3 4 3 0 4 5 2 4 2 2 0 4 4 4 4 2
   1 1 5 0 5 3]
  [0 5 4 2 0 5 0 4 4 2 1 1 4 4 0 3 0 3 4 1 1 0 3 0 4 0 3 1 2 5 1 1 5 1 1
   2 3 3 2 4 0]
  [0 5 0 1 2 0 5 0 5 4 2 1 4 0 5 1 4 3 5 1 3 4 2 2 0 0 5 4 1 2 5 0 3 1 5
   1 5 5 2 1 0]
  [0 5 1 2 5 2 2 3 4 0 0 4 4 4 2 1 5 4 4 2 4 0 1 5 2 0 4 2 1 5 3 2 5 2 4
   0 4 1 5 0 5]
  [0 2 3 4 1 4 3 1 5 0 3 0 5 5 4 4 0 2 0 5 1 2 3 4 3 0 0 0 3 0 4 1 1 4 4
   2 3 4 1 4 4]
  [0 5 1 4 2 2 2 2 0 3 0 1 0 3 3 1 1 2 4 1 0 5 3 0 0 3 0 0 5 5 4 5 4 0 1
   0 4 1 0 5 0]
  [0 2 1 2 5 3 5 0 3 4 5 1 2 4 5 5 3 2 1 1 4 2 5 2 0 3 3 0 0 5 3 0 4 1 4
   1 4 0 3 1 2]
  [0 4 4 2 1 1 2 5 1 5 2 5 4 2 2 5 0 2 3 5 2 0 1 0 5 3 5 2 4 0 2 3 0 0 4
   4 3 2 5 5 0]
  [0 4 4 5 2 3 1 0 4 3 5 1 5 3 4 5 0 0 3 2 2 5 2 2 5 3 0 1 2 1 0 4 0 1 4
   1 4 0 5 1 4]
  [0 5 2 3 0 5 2 1 1 2 2 5 5 5 5 4 0 3 3 3 5 5 2 0 2 0 4 0 2 2 3 0 0 5 2
   3 1 3 4 2 4]
  [0 4 4 5 4 0 4 2 4 1 5 2 4 0 1 5 1 3 5 5 4 1 4 0 4 2 4 1 2 0 3 1 0 4 5
   4 0 1 1 3 1]
  [0 1 2 3 0 3 3 1 0 3 4 3 4 2 1 5 0 5 2 4 1 0 2 2 1 3 5 4 0 2 1 5 4 0 5
   0 4 5 0 0 2]
  [0 5 2 0 3 2 4 5 3 3 2 1 5 5 2 5 0 0 2 2 0 2 3 2 0 1 0 0 4 2 4 1 4 2 0
   1 3 4 0 0 3]
  [0 5 2 3 2 2 5 4 0 0 1 1 0 1 0 5 2 5 1 2 2 3 0 4 1 3 3 2 2 5 3 0 2 4 3
   0 5 0 5 5 3]
  [0 4 3 0 3 2 2 2 1 1 3 5 0 5 3 3 1 5 2 0 1 5 3 4 5 4 1 3 1 3 5 5 4 5 1
   4 0 2 0 4 4]
  [0 0 3 0 3 2 1 0 1 5 1 0 2 3 4 2 0 4 0 4 3 3 5 5 5 2 1 5 5 2 3 2 4 2 3
   4 1 0 0 0 1]
  [0 3 1 3 2 2 4 4 0 5 4 3 0 4 1 2 3 4 4 5 3 3 3 5 1 4 3 3 3 2 1 5 4 2 4
   4 0 0 0 5 5]
  [0 3 5 4 2 2 1 2 5 1 3 3 3 2 5 3 1 5 0 0 3 3 1 5 4 2 3 0 1 1 3 0 0 4 3
   5 1 3 5 0 2]
  [0 5 5 3 4 2 4 2 5 2 5 3 5 4 1 1 3 4 4 3 1 5 1 0 5 2 3 3 4 0 1 5 3 4 0
   3 1 0 4 4 0]]

 [[0 3 1 3 1 1 2 0 1 3 2 3 5 3 2 1 4 5 1 5 1 2 0 4 2 5 5 1 2 3 3 2 3 1 1
   3 0 3 1 4 4]
  [0 0 0 0 3 2 5 2 1 1 0 4 5 3 0 0 2 1 2 0 4 3 0 5 3 2 3 0 2 0 4 4 4 4 5
   3 4 1 5 3 5]
  [0 3 0 2 0 3 1 5 1 2 5 5 3 5 5 3 5 5 3 0 4 2 4 2 1 2 0 3 2 2 0 5 1 5 1
   2 0 4 1 0 2]
  [0 3 3 0 5 2 1 2 3 5 0 5 3 3 0 5 1 0 2 2 1 5 4 2 0 3 3 4 2 2 5 0 4 5 5
   4 1 4 5 1 1]
  [0 3 1 3 0 2 5 3 2 3 5 1 2 4 1 5 1 0 1 0 5 5 2 0 1 1 0 5 3 4 5 4 2 3 1
   5 4 5 2 4 5]
  [0 4 5 1 0 0 5 3 4 2 0 3 2 5 0 0 1 5 1 3 2 0 3 4 1 1 4 0 1 2 0 5 1 5 1
   3 3 0 0 0 2]
  [0 0 0 2 1 2 0 4 2 3 5 0 1 2 2 1 1 3 3 3 4 5 3 3 5 0 1 0 3 2 0 2 4 1 3
   1 3 2 0 1 4]
  [0 2 1 3 3 2 3 0 2 2 4 3 2 2 5 1 3 1 3 5 5 0 2 1 3 5 4 2 3 0 2 4 4 2 0
   2 2 1 5 5 3]
  [0 3 5 5 4 3 0 4 0 1 4 4 3 4 4 3 2 2 3 3 0 4 1 2 1 3 4 0 4 3 2 4 5 3 4
   4 3 1 0 3 3]
  [0 4 2 2 1 4 0 0 5 0 1 5 2 1 1 3 5 5 2 3 0 4 2 4 2 5 0 3 3 4 4 2 4 0 3
   5 3 3 4 2 2]
  [0 1 3 5 2 1 5 2 3 1 0 5 5 3 2 2 4 0 4 5 0 2 5 2 2 1 5 2 1 0 4 2 1 0 1
   3 3 1 4 3 0]
  [0 2 3 1 5 1 3 1 1 0 3 0 2 2 4 4 2 0 4 4 1 4 5 4 2 5 4 3 3 3 5 4 1 3 1
   5 0 4 4 5 2]
  [0 4 4 1 5 2 2 4 5 3 3 1 0 3 2 3 4 2 4 2 2 2 2 1 0 2 4 5 0 0 5 5 4 2 4
   1 4 0 2 3 3]
  [0 4 0 0 3 2 0 0 1 0 0 5 4 0 1 1 3 5 4 3 2 0 3 4 2 4 5 3 4 2 1 1 0 0 2
   0 5 4 5 0 5]
  [0 5 4 4 2 3 2 4 2 3 0 3 2 4 0 0 2 4 3 0 2 2 3 4 2 3 2 5 3 3 3 0 5 1 1
   0 3 1 4 3 0]
  [0 0 5 3 1 1 2 2 2 4 1 5 0 4 5 0 3 0 5 4 4 3 0 4 1 0 0 2 3 0 5 3 5 5 4
   5 1 5 1 5 0]
  [0 0 5 2 4 4 2 4 5 2 0 0 2 3 0 3 0 0 3 0 1 2 4 4 4 2 3 3 1 2 1 2 2 3 4
   2 1 2 4 2 1]
  [0 3 3 4 5 2 4 2 2 3 1 1 5 3 5 4 5 0 2 1 4 3 3 2 3 2 2 5 1 2 4 5 3 4 2
   5 0 5 4 0 0]
  [0 4 1 1 4 0 5 2 1 5 1 2 5 0 3 5 0 1 0 5 5 0 0 4 5 0 2 1 4 3 4 4 4 5 3
   3 0 4 1 2 3]
  [0 3 2 2 0 0 3 5 3 3 3 2 0 4 3 5 2 1 1 0 1 3 3 2 4 4 1 3 4 3 4 1 5 2 3
   1 4 2 3 1 2]
  [0 1 2 4 1 2 3 4 0 0 3 4 4 2 0 4 2 5 5 4 0 5 2 2 5 3 4 0 1 5 2 5 1 0 3
   0 1 0 1 4 3]
  [0 0 1 1 1 0 3 1 5 2 0 4 5 1 2 1 0 1 2 5 3 0 4 2 5 0 2 0 1 0 5 5 2 0 4
   2 1 1 4 0 5]
  [0 1 3 3 2 1 1 0 0 0 3 1 3 4 3 2 1 5 4 1 5 0 0 0 4 0 1 3 2 5 5 1 3 4 3
   5 5 4 3 5 5]
  [0 1 5 5 0 2 4 5 3 2 4 0 0 5 3 2 1 3 5 1 4 2 4 0 4 0 1 1 4 4 0 0 0 1 5
   3 2 0 0 0 3]
  [0 4 4 2 5 1 2 5 5 2 4 4 2 4 1 1 3 3 5 0 4 1 1 0 0 0 0 4 5 5 4 4 3 1 1
   3 4 3 0 0 4]
  [0 0 0 3 2 3 1 1 2 3 0 5 4 1 4 0 4 0 1 4 3 1 0 5 2 0 3 3 0 5 4 1 4 4 5
   1 4 2 4 0 0]
  [0 0 4 5 1 0 4 5 5 1 0 3 2 2 4 3 4 5 4 5 1 5 3 2 5 5 0 1 4 1 3 2 4 2 1
   3 4 1 1 5 0]
  [0 4 3 4 0 3 3 0 5 4 1 5 3 5 5 4 3 3 0 4 0 1 5 5 4 4 3 0 0 0 5 1 4 5 2
   0 0 3 0 3 4]
  [0 0 3 4 1 4 2 4 5 4 5 0 5 1 0 0 0 4 2 5 1 5 3 3 5 3 1 5 0 0 5 4 4 2 0
   2 4 1 5 0 4]
  [0 0 2 3 3 1 1 5 4 4 5 1 1 5 1 0 2 4 3 5 4 2 4 4 0 1 0 3 4 0 2 3 2 0 4
   4 0 5 0 2 0]
  [0 0 5 3 2 1 3 5 3 0 1 0 4 2 1 1 2 2 0 3 5 4 5 1 2 0 5 1 0 4 0 4 4 0 0
   4 3 5 2 5 2]
  [0 4 1 4 0 4 2 0 5 4 5 4 1 1 0 1 2 5 1 1 5 4 2 3 5 1 4 4 1 2 5 0 5 5 4
   2 4 5 1 3 4]
  [0 4 4 0 0 2 5 5 2 1 3 0 3 2 1 5 1 4 2 3 5 4 4 5 5 4 2 4 1 1 0 0 0 2 1
   5 1 5 2 0 3]
  [0 5 2 2 2 5 3 5 5 1 2 4 3 5 4 2 4 1 4 3 1 2 4 2 1 1 0 4 5 2 5 3 5 0 0
   1 4 3 4 2 0]
  [0 1 0 0 2 1 1 2 4 1 4 2 0 3 2 2 3 4 3 3 1 3 2 0 3 3 2 5 5 3 0 3 1 5 0
   4 1 5 2 3 2]
  [0 0 5 4 0 4 1 2 1 2 2 4 5 5 5 3 0 3 1 2 4 3 0 4 2 4 4 0 4 2 0 1 2 1 4
   0 3 3 2 0 0]
  [0 2 0 0 3 3 2 2 2 0 4 4 2 1 3 0 3 2 1 2 1 2 1 3 5 4 3 0 4 2 3 5 3 1 2
   1 0 4 0 2 3]
  [0 3 2 5 0 2 5 1 5 1 4 2 1 1 1 5 4 1 5 5 1 0 4 4 1 5 0 5 0 4 2 1 5 4 4
   1 5 0 2 0 5]
  [0 1 2 1 2 4 0 2 2 0 5 3 0 0 2 1 1 4 0 4 2 1 1 4 5 1 4 0 4 0 2 3 0 3 1
   0 2 1 0 4 0]
  [0 2 0 2 0 5 3 3 5 4 3 3 1 3 1 3 3 5 4 5 1 4 5 2 1 3 0 5 2 1 0 0 2 5 4
   1 1 0 2 0 3]
  [0 0 4 2 4 0 4 1 1 1 4 1 1 0 0 3 0 3 3 5 5 1 5 4 4 3 2 0 2 4 3 4 2 3 3
   4 3 5 5 3 0]]

 [[0 5 1 3 3 3 0 4 0 4 3 4 1 3 1 5 2 1 5 4 3 2 1 4 5 0 1 3 2 1 3 4 4 3 0
   5 3 1 1 0 5]
  [0 0 3 4 3 1 1 0 0 4 1 1 3 3 0 0 1 1 2 0 5 1 3 2 3 0 4 4 5 4 0 2 3 0 5
   2 0 4 2 5 2]
  [0 3 0 1 4 5 1 4 0 3 3 2 2 1 1 0 4 2 4 3 4 3 3 1 3 0 1 0 2 1 1 0 2 3 0
   3 1 5 2 5 1]
  [0 5 3 0 0 2 0 0 0 4 4 2 2 1 0 4 0 5 4 0 3 1 3 0 0 0 3 0 5 0 3 5 0 4 4
   4 2 1 5 2 2]
  [0 5 0 5 0 5 0 2 5 2 5 0 4 1 0 0 5 1 5 3 2 2 0 1 1 4 5 3 2 0 4 5 5 0 5
   2 4 3 5 4 5]
  [0 5 2 3 3 0 1 3 5 3 0 3 0 1 4 3 2 1 5 1 4 2 3 3 1 0 5 3 5 4 2 5 3 2 2
   0 3 0 0 2 1]
  [0 1 4 4 1 0 0 5 0 5 4 4 5 4 1 4 3 3 0 0 4 1 5 0 5 1 5 4 1 0 1 4 4 2 0
   0 3 4 3 0 2]
  [0 3 2 1 0 3 4 0 4 3 1 5 0 5 1 1 0 5 2 5 3 0 1 4 4 2 0 0 4 3 5 1 5 0 2
   3 0 1 2 4 3]
  [0 0 3 3 3 0 5 4 0 0 3 5 4 5 3 1 1 0 2 1 5 3 0 4 3 1 5 0 3 4 0 2 2 4 1
   1 5 5 2 0 0]
  [0 3 0 3 1 4 2 2 5 0 5 4 3 3 0 2 4 1 2 0 0 5 3 5 4 0 2 3 5 4 2 4 1 5 5
   5 5 1 3 3 5]
  [0 0 5 4 5 2 0 3 4 4 0 0 5 0 0 4 5 1 1 1 2 2 2 2 3 4 4 5 1 0 2 4 4 4 5
   1 0 5 2 3 2]
  [0 3 4 2 3 0 1 4 4 4 4 0 2 1 0 2 1 1 1 4 5 3 5 2 3 3 3 4 4 4 5 5 4 1 0
   1 2 5 4 0 1]
  [0 4 1 0 0 3 4 1 5 4 2 2 0 4 2 1 4 0 0 4 3 1 3 2 4 0 5 0 1 0 5 5 0 3 1
   2 1 1 5 2 0]
  [0 0 4 0 0 5 4 1 4 0 0 5 2 0 5 0 0 0 5 2 3 2 0 2 1 0 3 0 5 1 2 5 3 5 4
   3 4 5 4 0 0]
  [0 4 1 5 1 0 1 5 2 4 1 5 1 5 0 0 3 4 5 2 0 4 1 2 1 2 1 2 4 0 4 2 5 2 2
   3 4 5 2 2 5]
  [0 1 4 5 1 1 0 4 0 5 3 5 1 3 3 0 0 5 2 4 2 3 5 5 1 0 2 3 5 5 3 1 3 5 5
   2 4 3 5 4 5]
  [0 5 1 5 3 0 0 3 5 2 2 5 0 0 3 0 0 3 0 3 5 1 2 4 3 2 0 3 4 3 3 1 5 3 0
   3 4 0 1 5 0]
  [0 0 4 1 3 5 2 3 5 4 0 1 2 3 2 0 2 0 5 1 2 0 5 2 0 4 4 2 5 3 0 4 2 5 3
   1 5 3 2 3 1]
  [0 4 3 3 5 5 3 1 4 3 4 5 1 3 4 0 1 1 0 1 0 4 1 5 2 5 3 3 1 4 3 5 3 2 4
   4 4 5 1 4 1]
  [0 3 5 2 0 0 2 0 5 5 3 2 4 0 3 5 0 1 3 0 5 3 2 1 4 2 4 0 4 2 4 4 0 3 2
   0 0 5 3 4 5]
  [0 2 3 2 0 4 0 0 1 4 0 4 5 1 2 2 4 2 4 0 0 1 4 1 1 1 4 3 2 4 0 0 0 5 0
   4 4 5 5 5 0]
  [0 4 2 2 2 1 3 1 2 5 4 0 4 0 1 0 2 0 4 1 2 0 3 1 0 1 4 2 5 2 3 3 1 5 3
   5 2 4 0 5 1]
  [0 0 1 2 2 4 0 5 2 5 2 3 1 1 5 2 0 5 0 0 2 4 0 1 0 3 2 1 4 5 3 5 0 1 2
   3 5 5 5 2 3]
  [0 5 0 0 5 3 2 5 3 0 3 4 5 5 1 2 3 3 5 4 4 4 5 0 2 5 5 5 0 5 0 5 3 1 5
   0 5 4 4 0 4]
  [0 1 3 1 1 3 1 2 5 1 4 1 0 5 5 4 4 1 1 5 2 0 0 2 0 4 0 3 0 0 1 1 2 3 2
   3 5 3 3 1 4]
  [0 3 2 0 4 4 1 3 2 1 5 2 0 5 5 5 0 5 3 2 2 2 0 2 5 0 1 5 2 3 4 2 1 5 0
   3 0 5 2 0 0]
  [0 1 0 1 0 3 2 2 0 1 4 5 2 2 0 0 5 3 2 3 0 1 5 2 5 5 0 0 3 5 2 4 5 3 5
   5 1 0 3 2 1]
  [0 4 4 2 5 3 3 1 4 4 3 1 1 2 5 0 3 1 1 0 0 3 5 1 5 5 5 0 2 3 2 0 1 2 0
   5 3 1 2 3 0]
  [0 2 0 2 3 2 0 2 5 1 2 1 1 1 0 4 1 2 1 5 2 1 2 4 1 5 4 5 0 2 0 1 3 4 2
   5 5 3 2 3 5]
  [0 4 3 1 3 0 3 4 1 5 3 2 2 2 4 0 5 0 5 1 3 2 3 5 4 1 2 5 0 0 1 5 0 4 0
   2 1 3 4 0 3]
  [0 3 1 4 1 1 1 5 2 4 4 3 4 0 5 1 5 4 5 2 1 3 1 1 1 3 0 1 3 5 0 2 3 0 4
   4 3 3 2 0 5]
  [0 3 2 0 4 1 1 1 3 1 4 1 0 5 5 0 2 2 3 4 3 4 2 2 5 5 0 2 4 1 3 0 1 5 3
   1 3 3 3 5 0]
  [0 2 2 4 1 1 0 4 4 1 1 3 4 2 5 1 3 3 5 1 3 0 1 3 0 4 3 1 3 1 2 5 0 1 5
   4 3 4 4 0 2]
  [0 5 0 1 3 4 4 1 1 0 5 2 5 1 5 2 1 1 3 3 1 3 3 2 3 5 4 5 1 4 4 0 0 0 0
   0 1 1 3 3 1]
  [0 2 2 5 0 3 1 4 5 3 3 2 2 0 2 3 4 2 5 0 2 3 3 1 2 3 1 1 3 2 1 1 3 3 0
   3 0 5 1 1 3]
  [0 0 4 5 0 5 0 0 4 1 0 3 5 4 3 1 4 2 2 2 5 1 4 4 1 5 0 2 0 3 0 5 0 3 5
   0 3 3 4 2 5]
  [0 4 1 1 4 3 2 2 5 1 2 0 1 1 1 3 4 2 3 1 5 4 0 5 5 0 4 3 1 4 2 2 0 2 2
   3 0 3 1 4 1]
  [0 4 1 0 2 4 2 0 1 2 2 3 2 5 5 5 1 4 2 0 5 4 0 2 5 2 3 3 5 4 4 1 2 0 1
   1 3 0 3 3 3]
  [0 3 2 4 4 3 5 2 2 1 0 4 2 2 4 0 0 5 5 2 1 0 2 5 0 1 2 1 5 5 0 0 4 3 3
   2 0 0 0 3 4]
  [0 2 5 4 4 0 0 0 4 3 2 0 4 4 0 0 4 0 1 0 0 4 3 2 3 0 2 1 3 5 3 0 2 5 0
   4 2 1 3 0 3]
  [0 2 4 4 5 2 5 2 4 5 3 2 4 5 2 2 1 4 1 1 0 0 0 0 2 0 0 0 3 1 3 4 3 0 2
   1 0 4 3 2 0]]

 [[0 0 3 0 2 2 2 0 2 0 5 2 3 1 1 2 3 1 2 2 0 3 1 5 5 3 3 3 5 2 4 2 2 1 5
   1 4 1 0 4 2]
  [0 0 2 2 4 0 4 5 5 3 0 0 2 2 2 4 1 3 1 4 1 3 2 3 0 2 1 0 3 0 5 5 2 1 0
   5 2 2 4 4 1]
  [0 0 0 1 5 3 0 0 0 3 2 5 3 5 3 3 0 4 5 4 1 5 4 5 2 1 0 0 1 0 1 0 2 4 1
   0 1 5 1 2 4]
  [0 1 2 0 2 1 0 1 4 1 0 1 3 4 1 5 0 5 4 4 4 1 2 3 2 5 1 4 2 3 0 2 0 1 4
   0 2 1 1 1 5]
  [0 2 5 0 0 2 5 2 3 1 5 0 1 0 4 5 5 5 5 5 1 1 1 4 5 0 2 3 1 4 0 1 5 3 2
   0 4 2 2 3 5]
  [0 5 3 1 3 0 4 5 2 4 0 2 0 5 3 1 3 5 3 2 3 2 4 5 0 3 3 3 1 3 4 2 5 3 1
   0 1 0 2 2 4]
  [0 4 1 3 0 1 0 3 4 3 3 4 5 5 2 3 1 5 5 2 3 4 5 0 5 0 0 3 1 1 3 3 3 2 1
   3 0 3 3 5 2]
  [0 1 3 0 5 4 5 0 3 4 5 2 5 1 0 5 2 0 5 1 5 4 4 2 3 0 0 1 1 5 0 3 1 5 3
   3 2 3 3 1 0]
  [0 5 1 4 1 0 1 4 0 1 3 5 3 3 2 1 0 2 2 3 5 1 5 3 3 5 2 5 5 0 0 0 4 2 0
   1 5 2 4 5 2]
  [0 1 4 5 4 3 2 1 3 0 1 1 0 5 3 4 3 0 3 2 4 5 5 0 3 3 4 2 2 4 0 1 3 3 1
   3 3 2 0 3 1]
  [0 2 1 3 4 5 5 4 4 0 0 3 1 4 0 1 5 3 0 1 2 1 2 4 5 0 5 3 0 5 2 2 1 3 3
   3 3 5 1 4 2]
  [0 0 2 4 2 1 2 5 4 0 1 0 2 5 3 3 4 0 4 1 3 2 2 3 4 3 4 2 4 0 0 0 4 4 5
   4 1 2 3 4 3]
  [0 0 1 1 4 0 1 1 5 1 2 4 0 2 5 2 2 1 5 2 0 1 4 4 0 5 4 0 2 2 4 0 4 4 5
   1 3 1 4 5 3]
  [0 3 2 2 2 0 3 2 5 3 0 4 4 0 5 5 2 4 1 1 1 1 4 5 3 2 3 5 1 3 2 0 0 1 0
   3 4 0 0 4 1]
  [0 4 0 1 2 1 0 1 0 4 0 0 2 0 0 0 1 3 0 4 5 3 3 4 4 5 3 1 0 1 1 2 1 3 5
   1 3 3 4 3 1]
  [0 1 3 2 2 2 0 2 3 3 5 1 0 3 2 0 0 1 0 2 4 5 2 4 1 2 3 2 0 1 1 3 2 5 1
   1 1 5 0 1 0]
  [0 4 1 5 3 4 4 0 2 3 3 2 0 1 1 5 0 5 5 0 4 0 3 4 0 4 0 1 5 2 3 5 0 3 1
   2 1 1 4 0 3]
  [0 3 4 3 0 3 0 0 2 1 2 1 0 2 4 3 2 0 2 0 3 0 1 2 5 3 0 3 4 3 1 2 0 0 2
   3 5 3 2 1 2]
  [0 1 5 0 1 4 0 1 4 4 2 4 3 0 1 4 3 2 0 3 0 0 4 1 1 1 1 4 3 1 4 0 1 2 2
   0 0 0 0 2 1]
  [0 0 3 1 3 2 3 4 5 3 5 2 4 0 5 2 0 4 3 0 4 0 2 2 1 4 2 2 1 3 0 0 0 0 3
   1 0 1 1 1 4]
  [0 2 2 4 5 2 0 0 1 4 2 3 2 1 0 4 5 1 5 5 0 2 5 2 4 2 4 4 4 5 4 0 3 4 2
   2 4 2 1 1 0]
  [0 0 3 0 4 0 1 3 1 2 4 0 3 3 0 2 5 1 5 0 2 0 1 1 2 1 1 3 2 0 5 4 5 2 0
   4 3 1 0 5 0]
  [0 4 5 5 2 0 0 3 4 0 5 3 1 4 5 3 3 0 0 0 3 2 0 2 5 1 1 1 5 0 4 0 0 2 5
   4 3 3 0 2 4]
  [0 5 0 1 5 4 2 0 4 1 2 3 1 5 4 2 4 4 1 2 0 2 1 0 2 3 4 2 1 3 4 3 4 1 2
   1 2 1 4 2 3]
  [0 0 5 2 2 5 3 3 5 5 3 1 5 4 2 5 2 0 3 0 4 4 3 0 0 4 1 3 0 1 4 4 0 4 4
   4 1 2 0 0 2]
  [0 3 4 2 2 4 0 4 3 5 5 2 3 4 2 4 0 3 3 1 5 3 1 1 2 0 3 3 2 3 0 5 5 5 3
   2 0 5 4 3 4]
  [0 2 0 2 0 5 3 0 5 4 3 2 1 2 1 2 1 5 1 5 2 3 1 1 3 1 0 1 4 0 1 3 2 1 3
   0 2 4 2 5 0]
  [0 3 4 5 2 5 0 4 3 3 3 0 0 4 1 5 4 4 4 5 5 4 0 2 1 5 5 0 1 3 2 1 2 5 0
   3 3 0 4 3 2]
  [0 2 3 2 3 3 1 1 3 5 0 3 0 5 0 4 4 3 1 4 3 4 4 5 2 5 1 5 0 1 1 1 0 5 3
   2 2 2 4 0 1]
  [0 0 5 0 5 1 5 4 3 4 5 5 0 1 1 0 3 1 5 0 4 1 1 1 5 5 4 3 2 0 5 4 4 2 5
   4 4 4 0 0 1]
  [0 4 5 0 5 0 1 1 5 1 5 5 0 0 5 2 1 2 0 0 4 3 3 3 2 1 3 3 2 0 0 2 5 1 5
   3 0 5 0 0 3]
  [0 2 2 2 4 1 1 0 3 3 2 2 3 2 4 2 2 1 1 5 1 5 3 5 0 4 1 5 5 1 3 0 0 1 5
   0 5 4 2 0 0]
  [0 1 3 1 4 1 0 2 2 4 2 1 5 3 4 1 5 3 4 4 4 1 0 4 5 4 0 4 5 4 5 2 0 3 2
   0 1 1 1 4 5]
  [0 2 1 0 4 5 2 0 3 3 2 2 2 1 4 2 4 1 1 4 5 2 1 5 3 3 4 1 2 5 2 1 5 0 5
   5 3 4 5 3 5]
  [0 1 2 3 5 0 4 5 1 3 0 3 4 4 1 4 5 1 4 3 1 2 0 2 0 1 2 3 3 2 1 4 1 4 0
   1 2 4 5 2 5]
  [0 0 3 4 1 2 4 4 2 0 2 2 5 0 1 2 0 4 2 2 4 2 3 5 0 2 0 0 3 2 2 1 4 1 1
   0 5 1 0 0 4]
  [0 3 1 5 0 5 5 3 2 3 4 2 3 5 0 1 4 1 3 1 4 5 0 5 0 3 0 0 4 0 4 5 5 1 5
   1 0 4 1 1 3]
  [0 1 0 4 2 2 1 0 4 3 3 0 2 1 4 1 2 5 0 1 5 0 0 4 4 2 5 3 2 0 4 4 5 1 2
   0 0 0 5 0 4]
  [0 1 1 2 2 0 1 1 2 2 4 2 4 0 2 5 4 5 4 1 0 2 1 0 5 3 4 5 4 3 2 4 1 3 3
   0 4 5 0 3 1]
  [0 0 4 5 0 2 2 0 4 2 5 4 0 5 4 0 4 1 1 3 5 5 5 5 3 1 1 5 1 0 0 0 4 1 0
   4 4 2 5 0 1]
  [0 1 2 2 2 2 1 3 2 3 4 5 3 5 3 2 4 0 0 2 3 3 5 5 5 3 2 2 1 5 2 1 0 2 4
   1 3 3 0 3 0]]]
release_time
[  0 698  21 791 530 511 674 760 681 682 738 146 406 688 786 729 775 176
 542 648 710 576 536 659 575 393 577 516 734 699 546 674 625 155 702 283
 694 572 744  25 590]
due_date
[  0 747  29 828 589 591 686 776 750 754 814 221 416 776 812 793 807 245
 609 660 731 639 618 734 621 395 585 612 758 753 629 713 726 202 776 350
 729 633 748  59 678]
unit_emission
[19  8  5 14  1]
emission_limit
16008.5
setup_severity
0.02
due_tight
0.3
due_range
1.0
release_tight
1
degree_constr
0.5
